-5.9 0.374
-3.2 0.466
2.2 0.461
2.0 0.478
1.7 0.475
0.3 0.503
0.8 0.525
0.9 0.474
-2.1 0.214
-4.4 0.47
-2.1 0.382
5.6 0.462
4.3 0.439
3.7 0.44
4.0 0.428
3.7 0.454
3.6 0.438
3.4 0.445
3.1 0.48
3.9 0.477
1.7 0.491
3.6 0.458
2.6 0.449
0.2 0.442
-4.5 0.346
-3.3 0.415
-1.5 0.376
1.2 0.414
1.5 0.379
0.8 0.375
1.3 0.394
1.0 0.385
1.0 0.348
-6.9 0.325
-8.3 0.314
3.6 0.404
0.9 0.427
2.5 0.376
0.3 0.389
-2.1 0.356
-1.5 0.429
1.0 0.376
-3.2 0.436
-0.3 0.427
-2.1 0.441
-2.6 0.423
-3.1 0.276
0.6 0.399
-2.9 0.462
-0.8 0.422
-1.7 0.452
-1.0 0.429
-0.6 0.385
3.5 0.419
3.0 0.409
1.2 0.395
1.9 0.321
-1.6 0.336
-2.9 0.414
1.1 0.364
-1.8 0.466
-0.1 0.361
-2.8 0.397
-2.5 0.426
-0.9 0.394
-1.6 0.434
-0.6 0.344
-4.0 0.301
-7.2 0.363
-0.2 0.427
-1.3 0.411
-3.5 0.412
-3.3 0.407
-3.1 0.342
-5.2 0.391
-6.7 0.289
-8.7 0.404
-6.1 0.308
-3.7 0.485
-2.8 0.478
-3.4 0.481
-1.5 0.31
-7.7 0.467
-7.0 0.353
-2.1 0.385
3.2 0.508
5.8 0.458
2.9 0.504
2.9 0.423
2.0 0.452
2.7 0.475
3.9 0.481
3.6 0.407
-1.4 0.489
3.2 0.45
3.0 0.404
0.7 0.438
0.8 0.385
-1.2 0.541
0.1 0.539
-0.1 0.443
-2.4 0.46
-2.9 0.507
-1.3 0.489
-9.1 0.429
-3.7 0.441
-0.5 0.409
-2.5 0.454
-2.1 0.457
1.8 0.432
1.8 0.421
1.3 0.437
-0.4 0.459
-0.1 0.409
-1.9 0.466
-6.3 0.43
-2.7 0.441
-0.8 0.472
-3.8 0.4
-10.0 0.8
0.6 0.44
-1.7 0.396
-2.8 0.372
-3.4 0.42
0.7 0.453
-0.4 0.47
1.0 0.45
2.1 0.443
2.3 0.432
1.0 0.404
0.1 0.411
-1.0 0.435
1.7 0.416
-0.2 0.431
-0.6 0.282
-1.4 0.423
1.5 0.421
4.2 0.394
3.4 0.442
3.8 0.418
4.7 0.427
4.4 0.448
6.1 0.418
2.5 0.418
3.1 0.427
1.9 0.364
-0.4 0.402
-0.2 0.304
0.8 0.342
-1.7 0.458
-0.5 0.485
-0.7 0.455
-0.8 0.421
-3.4 0.432
-3.0 0.566
0.8 0.529
-1.2 0.508
-3.6 0.509
-3.2 0.462
-5.4 0.385
1.5 0.427
-2.2 0.437
-3.5 0.466
-1.6 0.454
-2.1 0.426
-1.4 0.47
-1.4 0.333
-1.2 0.5
-2.8 0.351
0.4 0.389
-0.1 0.466
1.5 0.42
1.0 0.42
1.1 0.433
1.9 0.405
0.5 0.407
0.4 0.422
0.9 0.479
0.3 0.492
1.1 0.34
0.3 0.423
-2.1 0.298
-12.7 0.714
-2.7 0.4
-4.4 0.429
-2.3 0.419
-2.0 0.413
-0.9 0.41
-2.1 0.42
-1.2 0.355
1.3 0.479
1.3 0.536
4.3 0.473
2.2 0.452
2.2 0.527
6.2 0.502
4.5 0.493
5.1 0.503
4.4 0.527
6.3 0.533
5.1 0.456
-1.5 0.447
-2.8 0.48
-1.1 0.512
2.4 0.494
2.9 0.473
0.4 0.539
0.5 0.442
-1.4 0.442
-1.4 0.431
2.5 0.425
-5.2 0.37
-3.5 0.15
1.5 0.474
1.8 0.531
3.4 0.476
1.6 0.446
1.3 0.461
-0.3 0.407
-3.0 0.341
-3.9 0.0
-16.8 0.372
-7.1 0.398
-3.2 0.46
-3.2 0.381
-3.9 0.376
-2.6 0.389
4.2 0.469
4.4 0.451
6.4 0.438
5.7 0.433
4.6 0.45
5.8 0.463
4.7 0.459
5.4 0.467
4.5 0.456
3.6 0.451
3.8 0.43
2.3 0.463
4.7 0.425
-5.9 0.373
0.3 0.373
0.3 0.358
-6.6 0.455
-0.1 0.263
0.8 0.525
1.6 0.465
0.0 0.377
-3.8 0.528
2.7 0.434
1.7 0.411
-0.4 0.385
-3.2 0.384
-1.0 0.373
-4.3 0.435
-0.3 0.339
-1.8 0.5
-4.8 0.456
4.2 0.448
0.1 0.41
2.0 0.477
4.1 0.465
3.4 0.465
3.8 0.473
5.3 0.45
4.8 0.512
1.8 0.475
4.5 0.398
2.3 0.446
3.0 0.321
-0.7 0.484
1.3 0.397
-2.0 0.439
-1.9 0.317
-5.5 0.462
0.0 0.25
-4.2 0.472
3.4 0.37
1.9 0.414
-1.9 0.494
3.0 0.341
-4.3 0.385
-0.8 0.389
-2.9 0.43
2.4 0.255
-2.1 0.342
-3.8 0.356
-5.3 0.297
-9.5 0.407
-4.2 0.387
-3.8 0.375
-13.2 0.458
-0.6 0.433
-1.8 0.42
-2.2 0.425
-2.8 0.321
7.0 0.428
4.1 0.467
2.7 0.417
2.9 0.452
5.3 0.43
4.4 0.454
4.1 0.456
3.0 0.437
2.5 0.428
1.7 0.437
0.3 0.411
0.6 0.435
2.9 0.407
1.1 0.333
-1.4 0.333
-1.4 0.388
-1.2 0.394
1.1 0.463
2.3 0.47
2.6 0.488
4.3 0.464
0.6 0.443
1.8 0.418
-0.9 0.438
-0.6 0.583
-0.6 0.52
-1.0 0.447
1.2 0.539
0.7 0.429
-6.5 0.318
-5.7 0.481
-3.1 0.499
-1.2 0.481
-1.6 0.426
-5.3 0.389
-2.2 0.328
-4.7 0.3
3.6 0.46
3.9 0.479
4.2 0.461
1.5 0.392
-1.6 0.346
-1.6 0.294
-0.3 0.49
-0.5 0.501
1.1 0.333
-5.2 0.441
-9.8 0.261
-15.8 0.304
-7.2 0.357
-4.1 0.352
-3.3 0.45
0.7 0.448
1.1 0.413
-2.0 0.214
-6.1 0.384
-5.7 0.333
-6.3 0.353
-8.0 0.432
-5.3 0.472
-5.8 0.479
-3.0 0.463
-4.0 0.467
-5.0 0.615
4.8 0.448
-6.3 0.476
-2.2 0.413
-1.0 0.386
1.1 0.398
0.8 0.416
0.7 0.4
-0.6 0.41
-0.2 0.41
-1.7 0.449
0.8 0.421
-2.0 0.384
-1.7 0.438
-0.6 0.416
0.2 0.396
-1.0 0.396
-1.0 0.404
-2.6 0.413
-1.9 0.413
-1.1 0.411
0.0 0.388
0.1 0.378
-0.3 0.463
2.0 0.351
-2.4 0.445
-1.7 0.359
-4.6 0.471
-1.6 0.341
-3.7 0.417
-1.6 0.406
-3.6 0.453
-2.8 0.402
-2.3 0.388
-5.6 0.448
-4.2 0.435
-1.9 0.496
0.1 0.535
1.4 0.55
0.8 0.493
1.0 0.626
2.0 0.643
3.4 0.65
2.9 0.624
0.7 0.584
0.3 0.125
1.5 0.44
0.2 0.452
-0.9 0.47
0.3 0.438
1.0 0.418
-1.5 0.442
-2.6 0.459
-1.2 0.419
-0.1 0.426
-0.1 0.407
-2.1 0.403
-2.1 0.461
-0.2 0.432
3.3 0.417
4.2 0.416
2.7 0.395
5.6 0.387
4.7 0.389
3.2 0.439
3.4 0.426
3.6 0.37
-0.5 0.406
1.5 0.417
0.7 0.37
1.7 0.51
2.4 0.541
2.4 0.473
0.6 0.479
0.8 0.375
-2.7 0.446
-0.3 0.354
-3.3 0.364
-1.6 0.448
-2.0 0.392
-3.7 0.091
0.3 0.481
-1.8 0.41
-0.3 0.469
-0.2 0.462
-1.1 0.448
0.0 0.465
0.9 0.433
-1.2 0.339
-5.7 0.434
-0.2 0.45
-2.4 0.534
-1.4 0.477
-1.2 0.444
-4.2 0.25
-1.1 0.384
-0.7 0.416
0.2 0.38
-1.3 0.416
-2.3 0.441
-1.4 0.342
-1.6 0.313
-6.4 0.417
2.8 0.472
3.3 0.466
2.9 0.47
1.1 0.419
-4.4 0.417
-5.4 0.426
-5.6 0.435
-2.6 0.447
-3.4 0.42
-4.4 0.469
-3.6 0.444
-3.4 0.386
-7.9 0.389
-4.4 0.389
-4.8 0.403
-3.7 0.44
-3.3 0.41
-2.4 0.468
-1.8 0.436
-1.1 0.398
-4.2 0.397
-2.2 0.405
-3.9 0.476
-6.8 0.429
-1.5 0.296
-4.7 0.222
-2.2 0.4
-3.7 0.0
5.4 0.508
7.6 0.513
7.4 0.501
7.3 0.496
6.4 0.484
4.6 0.546
7.1 0.497
4.7 0.504
4.6 0.518
5.6 0.5
3.8 0.492
2.4 0.502
4.1 0.49
3.2 0.512
5.5 0.512
5.5 0.488
0.3 0.337
-5.1 0.417
-0.2 0.368
-2.7 0.398
-5.3 0.33
-5.3 0.333
0.2 0.418
-1.5 0.382
-1.2 0.42
-2.4 0.368
-3.4 0.444
1.1 0.429
0.6 0.355
2.3 0.463
1.0 0.425
1.6 0.443
2.3 0.427
1.0 0.412
-0.4 0.412
-0.4 0.414
-1.0 0.437
-0.5 0.44
0.7 0.411
0.8 0.437
-0.9 0.352
-1.4 0.393
-1.0 0.41
0.5 0.382
-1.6 0.436
-0.3 0.424
0.6 0.38
-0.8 0.389
-1.2 0.371
-3.0 0.342
-4.1 0.391
-7.2 0.438
-3.7 0.465
-2.4 0.383
-5.6 0.455
-3.5 0.529
-2.9 0.428
-1.8 0.37
-3.3 0.511
-2.8 0.522
-2.9 0.529
-7.4 0.5
-4.5 0.222
-13.2 0.385
-1.4 0.449
0.2 0.36
-0.5 0.544
3.1 0.519
0.6 0.552
2.0 0.469
0.9 0.55
2.5 0.501
1.6 0.478
-1.3 0.479
2.1 0.5
1.1 0.421
0.6 0.422
-0.4 0.392
-1.6 0.444
-1.2 0.536
1.5 0.454
-1.7 0.502
0.4 0.507
-0.6 0.565
0.8 0.458
-2.0 0.636
6.6 0.417
2.9 0.435
4.9 0.403
2.5 0.423
2.2 0.435
0.1 0.408
0.7 0.333
-4.2 0.469
-2.8 0.444
5.7 0.47
6.7 0.502
8.7 0.499
9.9 0.502
9.7 0.526
7.9 0.476
5.0 0.539
7.4 0.531
4.0 0.521
2.6 0.528
4.0 0.503
3.6 0.496
1.0 0.441
-1.9 0.467
-0.2 0.467
-0.2 0.47
-1.3 0.327
-3.3 0.426
0.1 0.419
-0.1 0.333
-11.6 0.402
-4.0 0.417
-2.2 0.314
-3.9 0.338
-3.3 0.447
-5.5 0.125
-7.3 0.411
0.7 0.39
-1.3 0.408
0.1 0.356
-3.2 0.4
-0.8 0.395
-0.6 0.357
-2.9 0.38
-1.8 0.432
-7.6 0.424
-3.5 0.384
-3.7 0.422
-2.5 0.392
-3.5 0.4
-1.7 0.421
-2.8 0.427
-1.7 0.39
-3.1 0.364
-7.5 0.2
-0.2 0.469
0.3 0.509
0.9 0.471
-1.4 0.493
-2.6 0.415
1.0 0.513
0.4 0.52
-3.3 0.411
-2.9 0.499
2.4 0.433
0.9 0.278
-3.0 0.36
0.3 0.48
2.3 0.473
0.3 0.395
-2.3 0.422
-1.5 0.455
-3.1 0.345
-2.5 0.411
-5.9 0.361
-4.7 0.0
-0.1 0.569
-2.1 0.447
-5.4 0.493
-1.6 0.459
-2.2 0.435
-1.8 0.443
-0.3 0.455
1.3 0.44
0.4 0.491
0.2 0.468
1.1 0.484
2.5 0.447
-0.1 0.409
-2.5 0.429
-2.5 0.452
-2.1 0.429
-24.6 0.42
-5.9 0.4
-12.6 0.537
-2.5 0.344
-4.4 0.5
1.9 0.418
0.0 0.447
0.0 0.411
-1.9 0.423
-3.3 0.286
1.7 0.365
-1.5 0.367
-0.6 0.461
-0.6 0.511
2.4 0.471
0.1 0.489
0.7 0.475
-0.6 0.491
-0.8 0.5
-1.5 0.461
-2.5 0.475
-1.2 0.434
-1.8 0.463
0.4 0.459
-1.3 0.452
-1.1 0.457
-0.8 0.434
-0.1 0.439
-1.1 0.435
-1.9 0.416
-1.1 0.446
-0.5 0.351
-3.8 0.396
-2.7 0.527
-2.6 0.508
-2.0 0.495
-3.9 0.512
-0.8 0.495
-4.4 0.446
-8.1 0.429
-0.9 0.464
0.1 0.413
-1.4 0.404
-3.0 0.395
-15.8 0.526
-1.6 0.333
-3.0 0.4
-5.2 0.498
-1.0 0.446
-2.5 0.443
-4.8 1.0
-3.4 0.509
-3.3 0.468
-3.0 0.476
-3.3 0.527
-0.3 0.516
-2.4 0.642
-5.2 0.484
0.3 0.426
-0.8 0.492
-1.7 0.39
-4.5 0.422
-3.4 0.6
0.9 0.416
-1.3 0.389
-1.7 0.465
1.9 0.489
0.3 0.398
4.1 0.387
2.0 0.405
3.3 0.419
3.5 0.384
3.2 0.359
2.8 0.319
-5.3 0.399
-2.7 0.387
-2.3 0.359
-2.1 0.451
-1.3 0.422
-2.4 0.428
-2.1 0.409
0.8 0.445
2.0 0.38
-3.2 0.399
0.3 0.437
-0.7 0.445
0.2 0.435
-1.4 0.415
-0.4 0.46
-0.6 0.45
1.2 0.453
-2.8 0.451
-1.2 0.459
-2.3 0.465
-1.8 0.359
-4.9 0.51
-3.9 0.509
-1.7 0.44
-4.1 0.309
-8.9 0.526
-5.0 0.434
-3.1 0.428
-1.0 0.386
-4.2 0.401
-4.0 0.381
-4.6 0.379
-4.7 0.29
-0.9 0.423
-0.4 0.467
0.4 0.397
-0.1 0.43
4.1 0.409
-0.3 0.4
-0.5 0.381
-2.1 0.402
-1.1 0.355
0.5 0.382
-1.9 0.351
-4.1 0.343
-0.7 0.358
-1.3 0.37
-1.7 0.385
-1.4 0.344
-2.7 0.329
-4.2 0.167
-2.1 0.425
-2.2 0.441
-0.9 0.483
1.7 0.468
1.0 0.506
1.8 0.485
2.0 0.474
-0.1 0.472
-0.9 0.443
-3.2 0.508
4.8 0.398
3.8 0.414
2.8 0.387
2.5 0.424
4.3 0.447
3.5 0.442
0.8 0.458
1.6 0.417
-0.7 0.43
0.0 0.443
1.3 0.464
2.4 0.444
1.0 0.427
-0.2 0.382
0.1 0.394
0.1 0.403
-0.1 0.398
-1.3 0.405
-3.0 0.442
-0.4 0.442
-1.3 0.424
1.6 0.426
0.3 0.294
-2.4 0.366
-6.2 0.438
-3.7 0.415
-2.9 0.465
-3.1 0.472
-4.4 0.41
-0.5 0.439
0.4 0.398
-3.7 0.34
-2.1 0.374
-4.5 0.435
1.7 0.425
0.8 0.403
0.4 0.411
0.2 0.433
-0.6 0.405
0.1 0.414
0.2 0.423
0.8 0.411
-0.2 0.374
-1.6 0.373
-2.4 0.231
-6.8 0.385
0.0 0.447
-0.2 0.47
0.3 0.535
1.4 0.437
-1.2 0.442
0.0 0.45
0.9 0.436
0.3 0.468
0.7 0.461
-0.5 0.427
-0.9 0.403
-1.1 0.464
-1.1 0.315
-5.7 0.411
-1.4 0.446
-2.4 0.406
-0.5 0.445
0.1 0.443
-0.3 0.414
-4.1 0.437
-3.0 0.404
-1.3 0.441
-2.6 0.479
-4.2 0.42
-5.4 0.402
-3.3 0.396
0.6 0.461
-2.5 0.452
-0.8 0.534
-0.2 0.519
-3.0 0.412
-2.3 0.401
-2.3 0.381
-1.4 0.401
-1.9 0.456
2.5 0.387
-1.1 0.386
-2.1 0.416
-2.2 0.324
4.3 0.432
4.2 0.423
4.7 0.409
2.3 0.428
2.4 0.404
3.0 0.422
0.7 0.367
-0.6 0.448
0.0 0.434
-1.3 0.344
-4.1 0.432
-0.4 0.405
-1.2 0.275
-1.6 0.437
0.8 0.387
-5.6 0.0
-4.4 0.43
-3.3 0.418
-1.5 0.47
-3.0 0.43
4.8 0.391
5.1 0.414
6.9 0.384
4.5 0.398
5.6 0.404
5.5 0.406
5.0 0.385
2.8 0.416
4.5 0.423
4.3 0.361
3.1 0.363
2.5 0.372
-1.0 0.422
-3.3 0.425
-4.6 0.427
-1.4 0.422
-0.7 0.399
0.2 0.419
-2.4 0.404
-3.0 0.349
-6.8 0.363
-6.5 0.385
2.5 0.419
-0.4 0.432
2.5 0.417
1.8 0.41
0.4 0.389
1.2 0.464
1.2 0.494
2.6 0.465
0.1 0.582
2.0 0.458
2.6 0.518
2.7 0.46
1.5 0.496
2.5 0.431
0.3 0.382
-4.5 0.443
-1.5 0.398
-9.8 0.392
-6.3 0.401
-5.4 0.357
-0.7 0.41
-1.7 0.402
-1.5 0.422
-1.4 0.385
-3.5 0.393
-3.3 0.448
2.5 0.468
2.9 0.452
0.9 0.435
1.4 0.462
2.8 0.467
2.5 0.461
3.3 0.455
4.0 0.439
4.2 0.435
2.7 0.433
0.2 0.385
-3.0 0.414
-3.2 0.415
-14.3 0.278
-1.8 0.5
-8.2 0.2
-7.7 0.423
-3.7 0.0
-5.3 0.0
-10.4 0.492
-2.6 0.373
-0.7 0.426
-3.7 0.386
-1.7 0.378
-4.4 0.427
-2.0 0.433
-1.9 0.433
-2.7 0.451
-2.8 0.459
-2.8 0.416
-3.2 0.447
-3.8 0.438
2.3 0.369
-1.4 0.409
1.0 0.397
-1.3 0.36
-1.2 0.531
2.0 0.517
-2.8 0.452
0.6 0.423
-2.5 0.495
-1.2 0.515
-1.6 0.409
-3.4 0.535
-3.5 0.158
-7.9 0.214
-0.5 0.443
-0.6 0.444
-0.2 0.447
1.8 0.431
1.7 0.445
-0.4 0.454
0.2 0.458
1.4 0.461
-2.6 0.516
-1.0 0.453
-2.7 0.373
-5.2 0.355
-2.8 0.551
-1.3 0.48
0.0 0.473
-1.6 0.432
-3.9 0.467
-4.3 0.504
-4.7 0.327
-12.2 0.496
-3.4 0.5
-7.0 0.591
-2.7 0.378
0.8 0.343
5.9 0.454
3.7 0.462
4.5 0.483
-0.5 0.477
-1.2 0.406
3.7 0.442
0.8 0.439
2.4 0.431
2.2 0.462
3.4 0.451
-0.3 0.415
0.1 0.419
-1.7 0.342
4.2 0.469
2.6 0.452
5.5 0.44
3.8 0.476
4.9 0.525
5.3 0.524
5.5 0.508
4.5 0.485
1.1 0.508
0.4 0.52
1.2 0.446
1.1 0.514
2.8 0.482
1.1 0.446
-1.3 0.446
4.0 0.519
1.9 0.459
1.8 0.461
3.2 0.443
3.9 0.395
-0.7 0.424
0.2 0.327
-3.5 0.452
-2.0 0.0
-0.7 0.463
0.9 0.47
1.2 0.488
1.9 0.49
1.6 0.495
-0.2 0.5
-10.2 0.538
0.1 0.491
0.9 0.456
0.2 0.511
1.8 0.441
-1.5 0.602
0.5 0.512
1.1 0.409
-0.8 0.409
2.3 0.407
0.3 0.422
2.0 0.392
2.7 0.505
0.3 0.486
-3.0 0.464
-1.6 0.449
-1.1 0.472
-0.3 0.443
-1.4 0.399
-5.5 0.452
-3.5 0.482
-2.6 0.435
-4.9 0.417
-6.1 0.456
-5.3 0.448
-4.7 0.475
-4.8 0.407
-3.2 0.444
-1.1 0.414
-0.3 0.388
-0.3 0.404
-1.8 0.333
-1.2 0.358
-2.2 0.571
-3.5 0.491
-4.5 0.0
-13.3 0.538
1.1 0.573
5.6 0.451
6.0 0.457
9.7 0.417
5.8 0.431
6.8 0.406
4.8 0.431
6.2 0.419
2.4 0.388
1.4 0.387
-3.3 0.442
-0.3 0.437
0.3 0.413
-1.5 0.444
-5.1 0.447
-1.7 0.412
-2.5 0.441
-5.0 0.392
-6.5 0.434
-0.5 0.426
1.9 0.449
1.4 0.429
1.4 0.459
1.3 0.43
-0.9 0.25
-3.7 0.647
-6.3 0.477
-1.1 0.434
-7.6 0.441
-2.2 0.455
-6.2 0.5
-13.8 0.414
-2.3 0.397
-5.1 0.409
-4.2 0.427
-5.7 0.411
-5.0 0.42
-6.1 0.404
-4.9 0.488
-3.9 0.507
-2.2 0.501
-0.1 0.481
0.5 0.41
-3.6 0.485
-0.3 0.482
-1.1 0.461
2.9 0.454
3.4 0.406
-0.5 0.457
2.8 0.477
1.0 0.463
0.5 0.466
0.5 0.492
1.7 0.473
2.8 0.445
1.6 0.46
1.1 0.438
-0.8 0.479
-0.1 0.459
-1.8 0.5
-3.0 0.5
-3.0 0.557
-0.7 0.499
2.9 0.493
3.8 0.51
4.3 0.524
4.5 0.495
2.8 0.453
-0.1 0.463
2.6 0.476
1.2 0.43
-0.8 0.446
1.7 0.333
-0.4 0.438
0.2 0.434
-0.7 0.438
1.1 0.505
3.0 0.466
2.6 0.46
2.1 0.502
1.4 0.482
1.4 0.501
2.0 0.401
-0.6 0.435
-0.6 0.433
0.6 0.481
0.1 0.325
-3.0 0.325
-3.0 0.355
-2.7 0.391
2.4 0.453
2.9 0.441
1.9 0.438
2.9 0.437
-5.9 0.417
-2.6 0.368
-4.9 0.432
0.7 0.438
0.7 0.434
1.3 0.426
1.8 0.438
-0.1 0.426
0.3 0.44
-0.4 0.433
-1.5 0.432
-2.4 0.461
-4.1 0.421
-6.6 0.521
-1.9 0.48
-1.4 0.504
-1.0 0.532
-1.8 0.515
-0.9 0.406
-6.5 0.553
-0.7 0.522
-3.3 0.467
-2.2 0.367
-2.8 0.429
-3.3 0.433
-5.3 0.433
-5.3 0.6
-11.9 0.4
-7.1 0.52
-1.2 0.476
-3.5 0.5
-5.2 0.402
-1.2 0.475
-1.4 0.385
-0.2 0.505
-1.4 0.502
-1.5 0.435
-4.8 0.609
0.1 0.577
-0.8 0.553
-2.2 0.6
-6.5 0.44
0.5 0.516
-1.3 0.436
-4.5 0.411
-2.7 0.324
-7.8 0.25
1.4 0.501
1.3 0.374
-2.7 0.478
-0.1 0.498
-1.0 0.526
-2.4 0.556
-0.5 0.538
-0.4 0.385
-13.6 0.6
-4.4 0.448
-3.3 0.391
-7.6 0.4
-4.1 0.483
-2.0 0.442
-5.4 0.45
-5.0 0.478
-2.5 0.5
0.1 0.5
1.1 0.558
2.7 0.444
-0.8 0.45
-1.8 0.422
-0.3 0.576
1.8 0.473
1.4 0.446
-3.8 0.425
-1.3 0.361
-3.1 0.375
2.2 0.483
2.3 0.465
3.3 0.47
1.0 0.502
1.7 0.512
3.7 0.532
3.8 0.504
1.6 0.503
0.0 0.507
1.8 0.492
0.6 0.532
-0.5 0.497
-1.1 0.383
-3.2 0.435
-2.7 0.493
-0.1 0.525
0.6 0.469
2.9 0.46
1.4 0.515
-0.1 0.546
1.2 0.55
1.1 0.513
-0.8 0.544
-4.3 0.498
-0.3 0.495
-0.9 0.391
-4.0 0.429
-2.3 0.298
-4.5 0.432
-0.5 0.437
-2.6 0.453
0.1 0.398
-2.1 0.406
-2.4 0.369
-3.4 0.321
-6.0 0.411
4.7 0.477
4.7 0.463
5.7 0.462
3.4 0.459
5.7 0.48
5.7 0.502
6.7 0.479
5.2 0.479
1.2 0.481
2.6 0.517
3.8 0.457
1.8 0.471
1.7 0.497
3.3 0.459
0.7 0.459
0.7 0.448
0.9 0.437
0.5 0.479
0.2 0.484
2.6 0.434
1.8 0.452
-0.6 0.472
1.9 0.436
0.4 0.439
-2.0 0.474
-1.1 0.529
0.0 0.459
-3.0 0.433
-1.7 0.482
-2.0 0.504
7.3 0.579
7.0 0.574
6.3 0.584
5.4 0.601
5.6 0.6
2.6 0.591
0.9 0.593
-0.7 0.609
2.0 0.566
-0.5 0.667
0.0 0.369
-3.6 0.418
-1.3 0.333
4.6 0.419
0.4 0.439
0.3 0.43
3.2 0.473
1.6 0.481
3.4 0.468
1.7 0.525
3.8 0.492
2.9 0.463
3.1 0.53
3.7 0.352
-3.1 0.399
2.0 0.464
-3.5 0.388
-3.6 0.451
-2.4 0.37
-3.2 0.355
-6.3 0.431
-4.3 0.433
-5.1 0.42
-4.6 0.407
-3.8 0.4
-4.9 0.433
-3.1 0.427
-3.9 0.425
-3.1 0.456
-4.0 0.446
-5.2 0.413
0.9 0.453
0.5 0.518
0.4 0.476
2.4 0.44
-1.8 0.492
4.7 0.555
1.7 0.55
1.9 0.51
2.0 0.353
-1.2 0.603
0.4 0.667
1.5 0.667
-7.2 0.318
-3.9 0.537
-5.7 0.435
-3.2 0.368
-4.5 0.403
-2.9 0.423
0.5 0.476
0.9 0.402
-0.6 0.443
0.1 0.421
1.5 0.353
0.4 0.286
-3.5 0.383
-4.6 0.418
-4.3 0.349
-6.3 0.446
-4.0 0.424
-1.1 0.361
-5.3 0.503
-1.3 0.4
2.2 0.515
1.9 0.492
-0.1 0.506
0.9 0.531
0.6 0.515
-1.0 0.548
1.5 0.453
4.3 0.467
4.6 0.454
3.2 0.471
2.1 0.468
-0.3 0.42
-0.2 0.393
-0.5 0.421
-0.3 0.414
-0.4 0.448
-1.0 0.373
-2.0 0.5
-4.2 0.5
-1.8 0.495
1.9 0.456
-0.3 0.401
-3.2 0.473
-0.1 0.438
1.2 0.392
-1.1 0.405
0.7 0.42
1.0 0.436
1.0 0.429
-0.7 0.417
-0.1 0.399
-4.3 0.385
-2.8 0.4
0.6 0.439
0.9 0.471
0.2 0.377
-3.0 0.43
-0.1 0.393
-3.9 0.36
-4.4 0.364
3.2 0.442
4.9 0.416
4.2 0.402
2.1 0.455
4.3 0.471
4.3 0.439
3.4 0.464
4.7 0.457
2.5 0.472
2.7 0.497
4.7 0.443
4.4 0.436
3.4 0.451
1.5 0.447
1.5 0.447
1.5 0.363
-2.8 0.4
2.7 0.411
2.2 0.444
2.0 0.379
0.6 0.55
2.0 0.46
-1.4 0.412
-1.6 0.473
-0.8 0.455
0.8 0.423
-3.0 0.522
-1.7 0.396
2.2 0.424
0.9 0.376
0.7 0.411
0.7 0.478
4.6 0.357
0.5 0.403
1.4 0.431
1.8 0.418
2.9 0.412
-0.3 0.365
-0.7 0.336
-7.9 0.333
-8.9 0.368
-3.0 0.455
-3.1 0.441
-7.0 0.489
-3.6 0.517
-1.6 0.521
-5.7 0.0
-3.8 0.333
-3.9 0.535
-1.3 0.391
-1.3 0.36
-5.8 0.598
1.2 0.548
0.8 0.474
-1.0 0.576
-1.3 0.625
0.4 0.523
-1.9 0.568
-4.7 0.458
-5.3 0.25
3.3 0.5
-5.2 0.464
0.0 0.485
1.4 0.447
-0.5 0.571
-0.5 0.333
-4.4 0.482
-0.2 0.531
1.0 0.461
-0.4 0.167
-6.5 0.333
-14.3 0.483
0.6 0.469
2.5 0.44
2.2 0.441
-0.1 0.45
2.4 0.465
0.5 0.442
0.5 0.455
1.1 0.352
-2.1 0.4
-5.1 0.4
-0.6 0.474
-3.2 0.0
0.0 0.389
-4.2 0.429
-1.0 0.289
-0.3 0.432
1.4 0.372
-3.5 0.398
-0.8 0.389
1.9 0.355
-1.6 0.418
0.9 0.359
-2.7 0.393
-1.5 0.431
2.0 0.341
-1.6 0.376
-1.2 0.091
-1.4 0.405
-4.3 0.457
0.8 0.425
0.2 0.398
0.8 0.387
-0.8 0.386
-1.6 0.427
-1.7 0.372
5.5 0.507
3.9 0.469
0.2 0.453
-4.1 0.492
-0.6 0.482
0.7 0.467
-0.4 0.432
-1.0 0.448
-2.5 0.442
0.1 0.25
-0.2 0.558
1.0 0.471
1.3 0.402
-0.6 0.41
0.8 0.382
-1.3 0.418
-4.7 0.421
-3.4 0.358
1.8 0.455
0.6 0.406
-0.8 0.402
-2.1 0.455
-0.8 0.423
-2.5 0.442
0.8 0.463
-1.2 0.459
-0.2 0.428
-1.0 0.449
-2.3 0.374
-2.7 0.398
-3.6 0.367
-7.2 0.344
-1.7 0.269
2.8 0.38
-0.9 0.353
-1.2 0.402
-0.4 0.377
0.8 0.0
-4.6 0.5
-3.1 0.493
-1.3 0.353
-0.9 0.387
-4.8 0.543
-1.9 0.55
-1.3 0.497
-1.1 0.507
0.0 0.513
-2.1 0.49
-2.8 0.465
-2.6 0.449
-3.8 0.4
-10.4 0.0
-6.0 0.0
-2.3 0.467
-4.0 0.54
-2.1 0.413
-1.8 0.511
0.7 0.46
-0.9 0.439
0.7 0.514
-0.2 0.475
-2.1 0.449
-2.9 0.478
-2.1 0.468
-1.9 0.399
-4.9 0.188
1.1 0.455
1.3 0.388
-1.0 0.406
-3.6 0.411
-0.2 0.442
0.1 0.452
0.9 0.413
-1.2 0.382
-3.6 0.409
-2.6 0.417
-3.0 0.158
-2.9 0.231
0.5 0.404
-0.5 0.403
0.5 0.409
-0.5 0.414
3.7 0.397
0.7 0.409
0.7 0.399
-3.5 0.414
-1.0 0.401
-1.8 0.428
0.1 0.405
-1.3 0.267
-8.3 0.408
-2.2 0.25
-6.6 0.37
-4.2 0.384
-1.6 0.368
-4.3 0.47
-3.3 0.433
-3.5 0.417
-7.8 0.385
-4.9 0.401
-6.7 0.432
-3.5 0.408
-5.9 0.46
-2.6 0.461
-1.7 0.386
-0.4 0.312
-4.7 0.282
-5.0 0.388
-0.3 0.285
-4.5 0.374
-6.0 0.348
-3.6 0.378
-6.2 0.417
-6.4 0.524
-0.5 0.372
3.5 0.517
3.3 0.483
2.5 0.484
2.7 0.481
3.1 0.48
3.7 0.444
1.3 0.437
1.2 0.423
-1.9 0.44
1.8 0.399
-0.6 0.404
-1.0 0.441
1.1 0.402
0.6 0.376
-1.9 0.401
0.6 0.392
1.1 0.397
-0.6 0.391
-2.6 0.356
-1.4 0.389
-1.0 0.429
-1.0 0.403
-0.6 0.375
-5.3 0.446
-4.7 0.4
-1.8 0.443
-0.4 0.432
-2.2 0.425
-3.2 0.209
-5.6 0.4
-7.2 0.25
-10.2 0.4
-19.4 0.297
-2.8 0.424
1.0 0.412
-0.6 0.416
1.8 0.427
-1.5 0.48
-1.5 0.481
-0.9 0.469
-0.1 0.449
-1.1 0.491
-3.4 0.465
-4.2 0.509
-3.4 0.429
1.2 0.508
1.9 0.481
1.4 0.449
-2.0 0.506
0.8 0.487
1.0 0.415
-2.7 0.431
-2.6 0.45
1.4 0.43
3.2 0.428
1.4 0.417
0.9 0.501
3.0 0.47
2.9 0.484
3.7 0.467
2.7 0.463
2.5 0.438
0.8 0.451
0.6 0.43
0.9 0.434
-0.6 0.362
-4.2 0.422
-0.4 0.422
-0.4 0.402
-2.8 0.432
-1.5 0.478
0.1 0.465
0.2 0.469
0.6 0.47
-1.1 0.505
0.7 0.482
-1.8 0.421
-5.9 0.375
-2.0 0.486
2.1 0.494
-0.3 0.483
0.9 0.473
0.3 0.471
0.0 0.486
-1.2 0.486
-2.2 0.492
0.4 0.503
1.1 0.476
-0.8 0.511
1.1 0.465
-1.3 0.542
0.7 0.42
-2.4 0.443
-2.0 0.446
0.2 0.439
-2.2 0.431
-3.1 0.414
0.5 0.413
-0.6 0.432
-2.5 0.462
0.8 0.426
-1.4 0.443
1.1 0.505
-0.6 0.444
-4.5 0.507
-0.9 0.535
-0.1 0.473
-3.9 0.475
-3.2 0.452
-3.8 0.504
-2.3 0.5
-1.5 0.606
-0.9 0.403
-0.8 0.422
0.1 0.422
-2.2 0.406
2.2 0.419
-0.8 0.454
2.3 0.419
1.1 0.456
3.3 0.413
2.1 0.409
1.0 0.446
2.7 0.415
0.1 0.264
-7.3 0.385
0.2 0.441
-0.9 0.441
1.1 0.409
0.7 0.412
-0.3 0.39
-2.4 0.381
-1.8 0.397
-1.3 0.433
0.2 0.482
0.0 0.454
1.6 0.456
-0.2 0.424
-2.2 0.47
-2.8 0.448
-4.1 0.386
-6.2 0.449
-4.5 0.437
-4.6 0.425
-3.2 0.428
-4.8 0.32
-5.9 0.554
-2.3 0.564
-0.2 0.507
-1.1 0.458
-2.2 0.437
-2.7 0.475
-2.6 0.463
-4.7 0.267
3.9 0.394
3.0 0.388
0.3 0.428
1.7 0.422
-0.4 0.435
0.0 0.397
-3.1 0.363
-2.6 0.512
0.6 0.42
-2.6 0.384
-5.3 0.355
-6.6 0.0
3.4 0.531
5.9 0.481
5.1 0.421
5.1 0.453
3.8 0.51
5.8 0.453
5.7 0.392
1.5 0.445
3.0 0.541
3.9 0.45
1.8 0.395
-5.2 0.435
4.1 0.469
2.6 0.471
2.4 0.436
1.9 0.44
1.4 0.43
3.5 0.423
2.3 0.432
4.0 0.419
1.4 0.409
1.9 0.373
0.9 0.399
2.1 0.41
1.0 0.312
2.0 0.418
-0.8 0.449
0.5 0.493
-0.7 0.412
4.9 0.495
6.2 0.461
3.8 0.413
-0.3 0.433
1.0 0.434
-0.4 0.452
1.4 0.484
2.6 0.469
2.0 0.441
0.7 0.427
-2.7 0.441
-0.3 0.463
1.8 0.411
-5.2 0.443
0.3 0.4
-1.7 0.433
0.8 0.389
-2.0 0.398
0.4 0.403
-0.7 0.293
-4.0 0.538
-2.0 0.472
-4.0 0.521
-4.9 0.452
-1.5 0.418
1.0 0.355
-4.9 0.378
-0.5 0.526
0.1 0.453
-1.0 0.503
-0.9 0.46
-6.0 0.517
-2.0 0.547
-3.2 0.491
0.6 0.415
0.2 0.438
0.1 0.405
-2.9 0.374
-2.4 0.442
-0.3 0.386
-2.1 0.43
-1.9 0.387
-5.3 0.404
-1.0 0.382
-0.5 0.388
0.1 0.407
0.3 0.413
-0.5 0.442
0.4 0.413
-0.3 0.384
0.4 0.49
1.4 0.499
0.8 0.47
0.4 0.502
-3.9 0.547
-0.7 0.425
-2.0 0.396
-5.3 0.411
-4.4 0.484
-2.7 0.293
-1.1 0.42
-1.9 0.394
-2.1 0.375
-0.9 0.419
-1.5 0.393
-2.3 0.51
-1.3 0.453
-1.6 0.505
-2.6 0.467
-3.4 0.417
-7.1 0.51
-3.3 0.44
-5.2 0.479
-3.7 0.467
-2.7 0.389
-0.7 0.423
2.9 0.428
4.3 0.421
4.2 0.496
4.0 0.404
1.6 0.44
3.3 0.453
2.7 0.401
2.3 0.414
1.5 0.397
1.1 0.394
0.5 0.403
1.4 0.397
-1.7 0.459
-3.8 0.454
-2.4 0.439
-1.3 0.469
-0.6 0.478
-1.3 0.448
-3.0 0.286
-6.9 0.37
-13.8 0.44
-1.7 0.383
-6.8 0.37
-6.7 0.472
-1.4 0.424
-3.9 0.419
-4.6 0.475
-2.3 0.49
-3.9 0.415
-5.2 0.48
-3.9 0.429
-4.6 0.397
-5.0 0.355
-1.9 0.4
-2.7 0.443
0.5 0.534
1.2 0.571
1.2 0.431
2.2 0.392
1.1 0.431
4.0 0.447
5.5 0.418
5.0 0.398
0.7 0.261
-1.7 0.411
2.5 0.366
-1.5 0.406
-8.7 0.333
-9.5 0.371
-4.8 0.459
-3.7 0.441
-0.3 0.389
-4.8 0.444
-2.3 0.425
-2.0 0.451
-5.2 0.235
-14.4 0.571
1.9 0.483
3.6 0.446
3.3 0.442
3.7 0.488
4.0 0.446
3.3 0.428
3.8 0.41
3.4 0.398
2.1 0.45
2.5 0.387
1.7 0.42
2.0 0.382
-4.3 0.0
9.8 0.2
-5.5 0.481
-2.6 0.467
-9.8 0.625
-3.9 0.405
-3.4 0.529
-3.1 0.371
-4.1 0.297
-2.5 0.395
-5.3 0.462
-6.1 0.512
0.1 0.517
-2.9 0.445
-5.1 0.468
-11.5 0.314
-11.3 0.1
-22.7 0.371
-1.2 0.357
-4.4 0.461
-0.9 0.333
-3.5 0.446
-2.7 0.489
-0.5 0.46
-4.4 0.526
-1.7 0.591
0.7 0.507
-2.0 0.533
-1.9 0.5
-5.6 0.517
-2.3 0.525
-6.2 0.459
-4.8 0.458
-1.6 0.5
-24.3 0.356
-2.0 0.531
-0.3 0.424
-2.1 0.494
3.1 0.565
2.2 0.624
2.5 0.623
2.4 0.565
-0.9 0.574
-1.6 0.654
2.2 0.679
4.1 0.638
3.5 0.593
1.3 0.666
4.2 0.666
4.2 0.583
-0.5 0.671
-0.7 0.462
0.1 0.427
0.9 0.421
-0.5 0.413
0.1 0.327
-1.3 0.442
-2.8 0.498
-1.1 0.414
-2.6 0.461
-0.7 0.441
-2.2 0.439
-2.2 0.457
-3.9 0.387
-4.2 0.286
-0.9 0.414
-0.6 0.424
0.0 0.412
-1.1 0.397
-2.1 0.364
-3.5 0.469
-4.6 0.314
-4.8 0.348
-6.7 0.479
-3.9 0.4
-5.1 0.31
-3.4 0.458
-4.4 0.585
-3.0 0.496
-3.3 0.538
-1.9 0.563
-4.2 0.576
-2.9 0.546
-4.5 1.0
-17.3 0.381
-8.0 0.351
-3.5 0.388
-0.7 0.29
-3.0 0.487
3.4 0.47
2.4 0.522
1.1 0.433
-0.9 0.517
-2.0 0.333
-3.3 0.357
-4.1 0.296
-4.0 0.412
-3.3 0.393
-5.4 0.438
-6.4 0.333
-13.6 0.545
-9.9 0.286
-1.6 0.438
-1.3 0.313
-2.6 0.529
2.2 0.51
2.1 0.482
2.7 0.514
3.8 0.503
5.1 0.538
4.2 0.534
2.9 0.567
5.0 0.536
5.4 0.529
5.3 0.501
3.7 0.466
1.5 0.48
0.6 0.494
2.8 0.494
2.8 0.469
4.0 0.502
-2.0 0.4
-2.0 0.367
-3.2 0.465
-0.3 0.474
-1.8 0.464
-2.3 0.49
-1.8 0.422
-4.7 0.45
-3.0 0.411
-12.1 0.118
0.6 0.51
-0.1 0.515
-0.3 0.56
1.0 0.514
-0.6 0.558
-0.7 0.528
1.4 0.48
-1.7 0.562
0.7 0.574
-1.0 0.518
-0.5 0.431
-4.9 0.544
-2.3 0.529
-4.0 0.614
-0.5 0.601
-2.9 0.577
-1.9 0.536
-4.6 0.364
-2.2 0.478
-2.1 0.498
-3.2 0.509
-1.8 0.463
-6.5 0.418
-8.3 1.0
-7.6 0.375
-2.9 0.373
-1.5 0.414
0.2 0.441
1.3 0.469
1.9 0.422
-2.3 0.348
-4.8 0.383
-4.0 0.3
-0.4 0.501
1.9 0.498
2.5 0.422
0.1 0.493
3.0 0.456
-1.8 0.466
0.0 0.439
-0.2 0.467
0.3 0.474
1.2 0.416
0.1 0.456
-2.9 0.45
-1.4 0.444
-0.7 0.444
-0.7 0.458
-0.8 0.446
-1.1 0.397
-1.6 0.43
-0.8 0.461
2.3 0.453
0.7 0.471
1.6 0.432
1.1 0.437
1.7 0.458
2.2 0.443
-0.2 0.454
2.1 0.423
0.3 0.454
-0.1 0.435
0.2 0.435
0.2 0.439
-1.3 0.436
2.5 0.445
3.8 0.491
6.6 0.443
8.2 0.493
9.1 0.46
6.4 0.471
4.0 0.506
5.4 0.449
2.4 0.506
4.5 0.467
2.1 0.467
3.9 0.453
1.5 0.384
-5.6 0.373
-5.3 0.0
-4.8 0.235
-4.5 0.402
-3.4 0.466
-4.1 0.451
-0.7 0.44
-3.4 0.414
-1.8 0.433
-0.7 0.458
0.4 0.455
1.1 0.475
3.0 0.472
2.6 0.368
-3.8 0.45
-1.0 0.361
-9.6 0.241
-0.4 0.464
0.3 0.447
0.8 0.482
2.3 0.548
2.6 0.52
2.7 0.494
1.7 0.506
3.1 0.487
-1.7 0.519
1.7 0.48
1.7 0.522
2.7 0.499
-0.5 0.486
-2.0 0.486
-2.0 0.493
0.1 0.466
0.0 0.41
-0.8 0.425
1.2 0.409
1.3 0.407
0.7 0.424
-2.9 0.453
1.0 0.421
-1.4 0.377
-4.1 0.431
0.0 0.376
0.3 0.302
-3.4 0.513
-1.1 0.485
-0.9 0.448
-2.2 0.436
-2.9 0.467
-0.1 0.459
-1.5 0.475
-1.2 0.488
0.9 0.503
2.5 0.463
0.1 0.46
0.2 0.467
0.4 0.487
1.5 0.487
1.5 0.475
-0.8 0.449
-2.2 0.552
-3.1 0.442
-4.1 0.568
-1.6 0.542
-0.5 0.41
-0.4 0.438
0.9 0.446
2.4 0.446
2.8 0.417
0.8 0.441
2.8 0.477
1.1 0.474
2.2 0.447
2.2 0.408
0.6 0.402
-7.8 0.309
-4.7 0.301
-6.0 0.402
-2.6 0.394
-3.2 0.398
-1.7 0.383
-3.7 0.403
-1.7 0.309
-2.4 0.421
-1.4 0.341
-4.0 0.526
-2.4 0.467
-2.1 0.383
-5.0 0.455
-2.6 0.405
-0.9 0.393
-2.6 0.394
-0.8 0.466
1.7 0.453
0.3 0.25
-2.9 0.492
-5.6 0.489
-0.9 0.502
-3.8 0.533
-2.4 0.574
-0.5 0.396
-0.3 0.414
2.8 0.418
3.7 0.409
-1.3 0.389
0.3 0.38
-3.9 0.444
-3.8 0.425
0.3 0.263
-2.6 0.492
-3.3 0.36
-2.2 0.449
1.3 0.538
5.8 0.502
3.9 0.449
2.3 0.48
4.1 0.484
3.5 0.454
1.7 0.454
1.9 0.397
1.9 0.504
-0.3 0.412
-3.2 0.412
-1.0 0.435
0.2 0.371
-1.9 0.426
-1.3 0.43
-0.1 0.383
-1.3 0.454
-1.6 0.384
-5.0 0.426
-1.5 0.41
-2.6 0.338
-1.5 0.308
-4.5 0.273
-6.6 0.408
-4.4 0.459
-2.6 0.419
-1.9 0.382
-3.2 0.458
-2.4 0.433
-3.9 0.475
-11.7 0.273
-5.2 0.493
-3.9 0.273
-20.6 0.433
0.2 0.523
2.3 0.521
2.1 0.549
2.6 0.561
4.6 0.547
3.2 0.49
-0.1 0.562
3.5 0.51
0.7 0.532
2.0 0.477
-0.6 0.456
-3.4 0.499
-3.3 0.499
-1.9 0.272
-5.9 0.434
-2.4 0.423
0.4 0.393
-3.7 0.42
1.0 0.409
-2.2 0.355
-5.0 0.377
1.7 0.38
-2.1 0.445
-0.2 0.455
0.8 0.463
1.9 0.466
4.7 0.453
1.8 0.428
-0.6 0.45
-1.4 0.407
-2.2 0.424
-1.6 0.394
-2.1 0.407
-1.5 0.407
-1.5 0.424
-3.8 0.476
-2.2 0.399
-2.9 0.406
-2.9 0.398
-1.7 0.35
-2.2 0.433
-0.5 0.409
-1.6 0.333
-5.3 0.308
-6.3 0.378
-5.2 0.405
-0.3 0.37
-3.4 0.358
-3.1 0.419
-4.7 0.388
-2.6 0.416
-2.1 0.435
-2.9 0.425
-2.0 0.411
-3.0 0.395
-1.3 0.449
1.8 0.451
0.3 0.406
-0.3 0.452
0.2 0.476
2.1 0.401
-2.1 0.41
-1.9 0.462
1.3 0.474
1.0 0.442
-0.1 0.43
0.7 0.435
0.4 0.435
0.4 0.41
-2.1 0.423
-4.4 0.431
-3.7 0.432
-3.3 0.508
-1.4 0.363
-7.2 0.472
-6.0 0.389
-1.8 0.406
-2.1 0.476
-0.2 0.489
-3.5 0.544
-1.6 0.439
-1.5 0.444
-3.1 0.493
-4.9 0.408
-0.4 0.472
-2.2 0.479
-1.8 0.473
-3.6 0.423
-2.7 0.423
-2.9 0.524
1.8 0.539
-0.1 0.553
-1.0 0.474
-3.8 0.416
-5.6 0.48
-0.6 0.438
-2.4 0.419
-4.0 0.0
2.6 0.418
5.1 0.471
7.0 0.462
6.0 0.464
7.2 0.46
8.1 0.454
6.0 0.441
6.3 0.433
5.3 0.526
6.4 0.425
3.7 0.469
4.0 0.426
1.7 0.426
1.7 0.453
3.6 0.39
-3.0 0.436
-2.5 0.448
-2.8 0.433
-6.3 0.462
-2.0 0.44
-3.3 0.445
-3.3 0.492
0.9 0.512
-0.8 0.473
0.0 0.449
-3.1 0.468
-3.5 0.478
-1.9 0.431
-1.5 0.437
1.0 0.328
-7.2 0.531
-0.9 0.399
-1.6 0.399
-1.6 0.32
-7.2 0.486
-2.4 0.342
2.5 0.53
1.7 0.503
0.6 0.0
-47.7 0.57
1.5 0.408
-3.0 0.604
3.4 0.587
4.7 0.615
4.6 0.537
1.1 0.48
1.3 0.503
0.2 0.511
-0.6 0.511
-0.6 0.544
0.2 0.617
-8.5 0.25
-5.8 0.408
-2.7 0.417
-1.3 0.404
0.6 0.388
-0.7 0.414
0.6 0.399
-0.3 0.418
-0.8 0.43
-0.6 0.331
-6.7 0.375
-2.4 0.377
-3.5 0.468
-0.7 0.451
0.8 0.461
0.3 0.4
-2.8 0.44
-0.4 0.439
0.3 0.349
0.2 0.41
0.4 0.296
-3.7 0.395
-0.1 0.425
0.5 0.417
-1.1 0.385
-1.9 0.421
-1.2 0.407
-3.2 0.65
-3.8 0.327
1.9 0.522
1.9 0.552
1.6 0.519
2.4 0.516
2.3 0.507
2.9 0.548
-13.4 0.425
-2.2 0.361
-4.5 0.418
-3.7 0.404
-3.1 0.42
-3.2 0.447
-1.5 0.392
-8.1 0.356
-2.4 0.392
-2.6 0.346
-4.3 0.457
-1.0 0.402
0.1 0.463
1.3 0.468
1.9 0.46
2.1 0.462
2.0 0.445
1.7 0.485
1.4 0.458
0.8 0.355
-3.0 0.374
-5.3 0.407
-4.3 0.385
-2.4 0.373
-4.2 0.409
-2.1 0.39
-2.0 0.467
2.1 0.487
2.4 0.455
0.4 0.46
2.0 0.448
1.6 0.45
0.8 0.486
0.7 0.473
-1.7 0.421
-2.2 0.438
-1.6 0.407
-2.6 0.44
-1.3 0.44
-1.3 0.445
-7.2 0.44
-3.0 0.387
-3.8 0.386
-3.0 0.387
-1.2 0.405
-2.3 0.42
-3.0 0.456
-0.4 0.477
-0.6 0.472
-0.1 0.441
1.0 0.415
-0.2 0.409
-2.9 0.399
-1.8 0.363
-2.1 0.333
-2.9 0.333
-1.4 0.478
0.3 0.452
-4.2 0.714
6.5 0.643
-44.9 0.435
-8.1 0.455
-5.6 0.35
-5.4 0.333
-1.1 0.475
-1.0 0.559
3.4 0.333
-6.6 0.575
1.6 0.59
3.9 0.539
1.0 0.557
0.3 0.502
0.7 0.483
-1.4 0.577
-1.4 0.557
-3.1 0.557
-1.4 0.557
-1.4 0.566
-12.0 0.0
-5.3 0.328
-8.2 0.297
-8.3 0.351
-5.2 0.366
-5.7 0.327
-8.2 0.428
-0.7 0.402
-2.7 0.387
-4.0 0.521
-2.1 0.514
-3.4 0.571
-0.9 0.529
-1.1 0.524
-0.9 0.497
-4.1 0.525
-4.5 0.581
-0.5 0.598
-1.6 0.719
-3.1 0.472
-1.9 0.416
-2.2 0.322
-6.3 0.468
-3.2 0.472
-5.9 0.385
-4.6 0.15
-5.0 0.371
-5.3 0.417
-6.3 0.508
0.1 0.431
-1.2 0.481
1.5 0.476
2.0 0.492
1.6 0.443
0.3 0.458
1.4 0.455
0.5 0.43
2.9 0.449
2.4 0.452
3.6 0.444
1.4 0.444
1.4 0.434
2.6 0.433
-3.3 0.402
-1.5 0.468
-1.6 0.429
-4.1 0.45
-2.1 0.368
-5.4 0.534
-0.7 0.0
-0.6 0.475
-0.8 0.481
0.3 0.476
2.9 0.462
0.6 0.482
1.2 0.425
-2.0 0.45
-2.1 0.425
-2.0 0.43
-2.9 0.427
-3.9 0.474
-0.8 0.474
-0.8 0.462
-2.1 0.439
-1.6 0.411
-2.5 0.5
-2.8 0.438
0.9 0.423
-0.2 0.423
0.5 0.487
2.7 0.47
1.8 0.452
2.6 0.462
3.4 0.438
1.5 0.444
1.6 0.444
1.6 0.381
0.4 0.391
-4.0 0.328
-5.1 0.438
-1.7 0.411
-3.1 0.408
-0.8 0.428
1.7 0.416
-1.5 0.359
-2.3 0.377
-2.9 0.422
0.0 0.377
-1.6 0.373
-2.1 0.373
-2.1 0.388
-1.9 0.381
-2.7 0.395
-1.1 0.404
-1.3 0.41
1.3 0.367
-0.1 0.403
0.1 0.404
0.0 0.381
-5.1 0.38
-1.3 0.5
-3.2 0.43
-0.3 0.471
0.4 0.505
2.5 0.496
2.6 0.494
3.7 0.487
2.4 0.518
2.3 0.496
0.4 0.487
0.0 0.535
1.2 0.516
0.5 0.46
-0.1 0.46
-0.1 0.467
-2.7 0.429
-6.5 0.486
-2.5 0.385
-8.9 0.389
-3.6 0.403
-2.5 0.433
-0.3 0.428
-2.2 0.38
-5.4 0.36
-6.6 0.447
-4.3 0.331
-7.3 0.0
-1.1 0.417
-2.3 0.511
-0.7 0.453
-1.9 0.376
-3.7 0.368
-6.9 0.304
-15.8 0.424
-3.5 0.316
-8.3 0.417
1.8 0.437
0.9 0.48
1.4 0.459
-3.7 0.43
-2.5 0.451
-1.9 0.498
-2.5 0.491
0.3 0.364
-3.6 0.376
-15.0 0.378
-3.7 0.286
-1.6 0.422
-3.8 0.526
3.1 0.538
1.0 0.477
-0.4 0.507
1.6 0.483
1.9 0.492
1.5 0.444
-1.1 0.539
1.8 0.521
1.6 0.46
0.1 0.46
0.1 0.527
1.2 0.446
-2.4 0.286
-3.6 0.48
-2.9 0.524
-3.1 0.355
-5.6 0.333
-6.0 0.524
-1.0 0.468
-1.7 0.532
-0.6 0.511
-0.3 0.39
-6.5 0.491
0.1 0.333
-6.8 0.478
-3.1 0.333
0.6 0.4
-1.5 0.39
-7.7 0.34
-7.0 0.5
-15.7 0.346
-5.9 0.366
-5.3 0.424
-9.3 0.411
-5.5 0.436
-2.8 0.435
-2.7 0.457
-3.3 0.443
-3.1 0.471
-1.7 0.461
-1.5 0.376
-3.4 0.386
-4.9 0.386
-1.5 0.518
-1.7 0.54
1.8 0.508
0.0 0.492
-1.7 0.467
-2.7 0.518
-1.8 0.494
-2.6 0.512
-3.3 0.423
-2.8 0.514
-2.9 0.507
-4.9 0.448
-3.4 0.448
-3.4 0.377
-4.5 0.478
-3.7 0.389
-3.3 0.421
-2.5 0.41
-3.4 0.431
-0.8 0.445
-2.8 0.421
-0.5 0.397
3.3 0.418
1.9 0.448
2.9 0.414
-0.8 0.437
0.4 0.409
0.0 0.446
-1.5 0.414
-1.4 0.377
-1.2 0.393
-0.8 0.373
-2.8 0.373
-2.8 0.38
1.2 0.475
2.5 0.471
2.3 0.459
2.8 0.455
0.8 0.451
-0.9 0.405
-3.3 0.358
-5.8 0.399
-3.4 0.403
-3.9 0.507
1.9 0.472
8.3 0.48
9.3 0.476
7.4 0.484
11.2 0.489
13.0 0.503
12.5 0.51
8.6 0.531
11.0 0.565
11.6 0.567
8.9 0.488
7.4 0.488
7.4 0.52
9.1 0.548
-7.8 0.273
-2.7 0.0
-11.5 0.409
-3.7 0.489
-0.4 0.474
-5.0 0.364
-7.8 0.437
-3.8 0.414
-4.8 0.477
-4.1 0.434
-3.0 0.458
-2.3 0.461
-3.6 0.467
-3.1 0.409
-2.0 0.369
-9.6 0.396
-0.6 0.418
-0.3 0.368
-1.0 0.437
1.2 0.369
-2.9 0.361
-1.5 0.422
0.9 0.38
-1.0 0.344
-3.7 0.456
0.0 0.368
-1.4 0.368
-1.4 0.408
-1.0 0.478
-3.8 0.497
-1.5 0.523
-0.4 0.451
-2.5 0.483
0.4 0.528
-2.5 0.49
-3.2 0.471
-2.5 0.446
-1.4 0.507
-3.7 0.509
-2.4 0.515
-1.4 0.515
-1.4 0.465
-4.1 0.401
-3.9 0.446
-3.3 0.494
-0.7 0.488
-2.3 0.432
-3.5 0.419
-4.1 0.25
-8.4 0.382
-2.6 0.418
2.3 0.43
-0.2 0.44
-0.5 0.443
0.1 0.438
0.2 0.493
0.4 0.434
0.0 0.432
2.5 0.461
2.7 0.475
2.2 0.487
3.3 0.487
3.3 0.435
-0.2 0.464
-6.9 0.371
-8.9 0.182
-3.5 0.422
-5.1 0.35
-3.1 0.353
-5.3 0.388
-6.8 0.329
-9.1 0.509
0.3 0.454
0.4 0.438
-3.5 0.515
-2.2 0.49
-0.7 0.469
-0.8 0.454
-3.1 0.0
-4.2 0.498
-1.9 0.44
-3.5 0.434
-1.2 0.433
-1.8 0.453
-0.4 0.391
-2.5 0.375
-3.6 0.343
-4.7 0.418
-4.7 0.399
-6.6 0.452
-0.6 0.451
-0.9 0.474
-0.1 0.437
-4.8 0.497
-1.3 0.488
-0.9 0.461
-1.5 0.499
1.4 0.473
0.0 0.427
-0.7 0.454
1.4 0.454
1.4 0.466
1.4 0.534
-3.7 0.435
-4.4 0.41
-4.0 0.453
-0.7 0.362
-5.1 0.422
-1.8 0.363
-7.0 0.403
-2.5 0.391
-2.6 0.353
-14.9 0.333
-1.3 0.471
-3.2 0.515
0.0 0.491
-0.6 0.615
2.6 0.577
2.2 0.602
0.2 0.515
-2.5 0.489
-0.6 0.457
-0.4 0.451
-2.7 0.449
-4.2 0.449
-4.2 0.533
-0.4 0.427
-1.5 0.404
-3.4 0.488
-0.9 0.439
0.3 0.413
0.5 0.432
0.7 0.392
-1.4 0.385
-1.6 0.347
-4.3 0.448
-2.6 0.361
-2.3 0.405
0.4 0.418
-0.5 0.433
-1.8 0.399
-4.0 0.403
-0.3 0.478
0.9 0.468
-0.3 0.44
0.3 0.453
-0.4 0.385
-5.1 0.426
-4.0 0.426
-3.9 0.324
-1.0 0.527
-0.5 0.481
-1.1 0.524
-2.7 0.458
-2.2 0.532
-1.5 0.494
-3.1 0.467
-1.0 0.531
-2.1 0.45
-2.1 0.433
1.3 0.478
4.4 0.495
7.5 0.491
8.4 0.469
3.0 0.491
10.7 0.476
9.4 0.5
5.9 0.497
6.3 0.521
3.9 0.545
2.3 0.47
1.2 0.47
1.2 0.456
0.8 0.434
-0.5 0.411
-1.9 0.412
-1.3 0.474
0.6 0.45
-0.2 0.436
-1.5 0.357
-3.4 0.328
-6.2 0.369
-6.7 0.392
0.1 0.436
-4.6 0.512
1.0 0.476
1.2 0.482
1.1 0.472
-0.5 0.505
1.2 0.508
2.7 0.487
1.7 0.498
3.3 0.488
2.0 0.471
1.7 0.471
1.7 0.545
3.4 0.536
-5.2 0.438
-1.2 0.424
-0.6 0.446
-0.1 0.48
0.2 0.467
2.3 0.442
1.6 0.399
-2.3 0.426
-0.5 0.43
-1.4 0.417
-2.0 0.397
-1.3 0.397
-1.3 0.437
-0.1 0.471
-1.4 0.514
1.1 0.434
-1.4 0.482
-0.3 0.51
0.8 0.51
3.6 0.469
2.5 0.445
1.3 0.494
2.3 0.495
3.3 0.495
3.3 0.458
-0.1 0.461
-5.9 0.366
-7.5 0.415
-1.0 0.412
-0.6 0.539
1.5 0.507
1.8 0.46
3.1 0.394
1.3 0.398
1.1 0.417
1.8 0.417
1.5 0.456
3.4 0.402
1.9 0.402
1.9 0.416
1.5 0.409
-3.5 0.365
-5.7 0.5
-7.1 0.4
0.2 0.638
0.2 0.599
1.4 0.626
1.8 0.578
2.6 0.591
0.7 0.534
-0.3 0.609
-0.2 0.476
0.7 1.0
-0.1 0.448
0.7 0.447
0.4 0.416
-1.6 0.496
2.6 0.446
2.5 0.464
2.0 0.44
2.0 0.487
0.5 0.445
0.3 0.409
-0.9 0.409
-0.9 0.509
-2.5 0.354
21.5 0.544
-1.6 0.457
0.0 0.552
1.5 0.504
2.0 0.571
0.3 0.525
-1.1 0.5
-0.8 0.502
0.6 0.568
0.6 0.589
0.6 0.566
1.0 0.597
2.2 0.595
2.4 0.556
0.6 0.419
0.1 0.419
0.1 0.459
-1.2 0.609
-2.3 0.403
-3.1 0.415
-0.4 0.397
0.6 0.463
0.9 0.517
2.7 0.479
0.1 0.448
-0.8 0.466
0.2 0.46
2.2 0.412
2.1 0.426
1.1 0.431
0.2 0.469
0.5 0.469
0.5 0.455
1.9 0.387
-0.5 0.4
0.9 0.408
0.0 0.387
-2.9 0.421
-1.4 0.373
-2.9 0.38
-5.1 0.419
-2.3 0.382
-7.0 0.484
-0.6 0.422
0.2 0.455
1.4 0.434
-0.1 0.455
0.6 0.416
-2.1 0.44
-2.5 0.442
-2.4 0.408
-5.1 0.343
-6.8 0.437
-6.1 0.437
1.1 0.469
0.6 0.492
1.9 0.463
1.0 0.438
2.5 0.403
-0.5 0.422
-1.3 0.445
0.3 0.438
-0.1 0.378
-1.6 0.418
1.2 0.418
1.2 0.447
0.3 0.399
-1.3 0.503
-4.2 0.517
-6.8 0.529
1.0 0.531
1.2 0.603
3.6 0.599
2.2 0.572
4.4 0.612
5.5 0.593
4.8 0.573
3.8 0.578
1.3 0.591
1.9 0.593
-1.2 0.593
-1.2 0.62
0.6 0.633
-5.0 0.379
-4.8 0.47
-2.7 0.483
-3.2 0.422
-3.1 0.441
-4.5 0.527
0.0 0.481
-0.2 0.448
-2.7 0.501
0.0 0.473
-1.3 0.473
-1.3 0.41
-2.9 0.407
2.3 0.5
2.1 0.447
3.4 0.456
4.3 0.473
3.8 0.443
2.7 0.445
3.2 0.454
4.4 0.451
3.2 0.48
3.0 0.466
1.6 0.466
1.6 0.478
1.6 0.528
-8.8 0.533
-2.2 0.313
-1.6 0.464
-2.6 0.474
1.2 0.466
-3.4 0.469
-5.0 0.439
-5.1 0.448
-4.4 0.394
-4.4 0.332
-2.2 0.422
-1.4 0.421
-3.0 0.356
-3.1 0.431
-2.6 0.0
-6.7 0.341
-4.2 0.442
-3.1 0.325
-2.7 0.499
-3.1 0.514
0.6 0.5
0.3 0.497
0.7 0.498
-0.4 0.496
0.1 0.492
3.0 0.494
1.5 0.509
1.8 0.481
0.2 0.481
0.2 0.485
-1.1 0.499
-4.7 0.449
-3.3 0.462
-1.0 0.386
-1.9 0.387
-1.6 0.507
-1.8 0.526
-1.5 0.41
-8.5 0.469
-3.4 0.502
-1.7 0.511
-3.1 0.427
-2.1 0.463
-5.0 0.48
0.1 0.473
2.4 0.456
1.1 0.42
-0.3 0.417
-0.7 0.436
1.6 0.413
0.2 0.45
0.5 0.43
-0.6 0.427
-2.1 0.427
-2.1 0.372
-0.5 0.483
2.2 0.43
-0.4 0.469
1.1 0.503
5.1 0.449
1.0 0.446
1.6 0.427
-0.2 0.392
-0.1 0.394
-1.1 0.407
-1.0 0.407
-1.0 0.368
-3.1 0.444
-2.1 0.461
1.0 0.467
-0.6 0.432
-2.4 0.427
-2.0 0.399
-3.4 0.426
-3.0 0.25
-1.9 0.415
-1.9 0.532
2.4 0.535
-1.3 0.561
0.0 0.53
-0.9 0.573
0.8 0.533
-0.6 0.477
-16.8 0.0
-1.8 0.403
-5.5 0.374
-3.2 0.43
-1.3 0.306
-2.1 0.422
-1.9 0.467
-0.9 0.391
-3.2 0.382
-3.6 0.36
-5.2 0.441
-9.9 0.581
-3.5 0.556
-3.5 0.393
-2.1 0.441
0.6 0.461
1.2 0.446
1.7 0.414
-0.3 0.435
1.9 0.407
2.3 0.422
1.3 0.415
0.1 0.417
0.7 0.417
0.7 0.415
1.3 0.346
-0.4 0.425
1.0 0.439
3.0 0.457
3.1 0.492
1.7 0.505
5.5 0.477
3.1 0.458
4.1 0.465
2.1 0.419
-0.6 0.419
1.0 0.419
1.0 0.364
-5.0 0.453
-0.5 0.452
-1.5 0.508
-6.3 0.431
-4.3 0.333
-7.1 0.39
-2.8 0.515
-6.7 0.394
-2.9 0.371
-4.9 0.401
-3.7 0.383
-3.4 0.413
-5.7 0.402
-4.5 0.412
-0.5 0.362
-3.2 0.325
-1.0 0.526
-1.5 0.4
-0.7 0.455
-1.7 0.369
-3.8 0.463
-1.7 0.461
-2.8 0.493
0.2 0.5
1.0 0.44
-3.5 0.441
-3.2 0.438
-3.4 0.487
-0.8 0.487
-0.8 0.434
-4.8 0.467
1.1 0.527
-0.6 0.476
1.7 0.461
-1.6 0.536
1.6 0.572
3.0 0.528
0.8 0.514
2.1 0.478
4.6 0.495
2.7 0.555
0.9 0.555
0.9 0.427
-2.4 0.357
-3.9 0.394
-3.6 0.346
-2.4 0.392
-1.3 0.454
-0.2 0.387
0.8 0.402
-0.9 0.402
-0.6 0.487
1.9 0.427
-0.3 0.413
-1.4 0.457
2.3 0.445
-0.3 0.458
-0.5 0.461
0.9 0.444
-1.5 0.435
-0.4 0.403
-1.9 0.362
-4.7 0.433
-1.2 0.504
-1.5 0.394
-3.9 0.459
-6.3 0.465
-5.6 0.445
-1.6 0.488
-0.8 0.4
-12.1 0.463
1.5 0.423
1.1 0.422
0.9 0.396
1.3 0.374
-0.4 0.379
0.7 0.379
-3.7 0.457
-20.4 0.289
-10.4 0.404
-8.2 0.341
-8.7 0.499
-1.0 0.496
-2.1 0.511
-1.0 0.515
-0.5 0.479
-1.1 0.486
-1.2 0.486
-1.2 0.504
-0.5 0.504
-0.5 0.549
0.8 0.575
-6.6 0.5
-4.4 0.437
-2.4 0.474
0.5 0.471
-1.5 0.478
0.6 0.445
-0.5 0.38
-5.1 0.512
2.3 0.476
1.8 0.553
0.5 0.511
1.2 0.577
1.7 0.52
3.4 0.495
2.4 0.449
0.0 0.451
2.3 0.627
4.4 0.563
4.1 0.563
4.1 0.627
4.5 0.469
-5.8 0.558
-0.5 0.636
4.5 0.56
1.9 0.57
1.4 0.574
3.3 0.558
-3.9 0.521
0.1 0.519
2.6 0.497
0.9 0.482
-0.6 0.44
-1.3 0.457
-0.4 0.491
0.4 0.456
1.3 0.415
-3.2 0.415
-3.2 0.459
-0.1 0.41
-0.2 0.425
-2.6 0.37
-2.5 0.413
-0.5 0.2
-3.1 0.477
-4.9 0.478
-5.0 0.527
-3.1 0.475
-1.0 0.531
1.7 0.451
-3.3 0.449
-1.5 0.451
0.2 0.433
-0.6 0.416
0.8 0.451
0.0 0.445
-0.1 0.445
-0.1 0.427
0.3 0.443
-3.5 0.404
0.0 0.384
-0.7 0.413
-2.1 0.408
-0.1 0.459
1.6 0.425
0.3 0.407
-1.8 0.427
0.3 0.395
-0.9 0.406
-3.0 0.406
-3.0 0.406
-0.9 0.43
-1.6 0.433
-4.7 0.488
-1.4 0.423
-4.3 0.451
3.7 0.432
1.2 0.416
-1.3 0.429
-0.6 0.463
0.6 0.444
-0.1 0.466
-1.1 0.436
0.7 0.376
-1.2 0.393
-0.4 0.401
-0.2 0.27
-5.3 0.27
-1.9 0.467
-1.2 0.457
-0.3 0.431
-1.3 0.447
-1.7 0.41
-1.1 0.326
-3.5 0.495
-2.6 0.434
-6.6 0.481
-3.5 0.52
-3.6 0.458
-6.4 0.425
-5.8 0.586
-0.4 0.414
-6.7 0.496
-3.7 0.405
2.1 0.459
0.9 0.446
1.4 0.447
2.9 0.428
2.7 0.425
1.6 0.416
1.9 0.286
-9.6 0.378
-2.8 0.401
-3.2 0.401
-4.5 0.419
-3.1 0.344
-6.9 0.439
-3.4 0.371
-4.0 0.273
1.8 0.573
1.6 0.511
2.8 0.372
0.0 0.489
1.2 0.527
3.8 0.429
-1.8 0.442
-0.7 0.431
-0.6 0.478
-0.4 0.478
-0.4 0.5
0.2 0.437
1.5 0.432
-0.2 0.382
-3.0 0.437
-4.1 0.415
-6.9 0.5
-3.6 0.454
-0.1 0.431
-0.8 0.453
-0.7 0.481
0.1 0.408
-2.2 0.456
1.2 0.452
-0.4 0.41
-2.3 0.439
-1.5 0.439
-1.5 0.391
-1.4 0.667
-0.6 0.398
2.5 0.545
2.7 0.558
4.3 0.595
1.1 0.623
2.1 0.568
2.7 0.576
2.2 0.554
3.5 0.562
2.6 0.574
1.8 0.574
1.8 0.585
3.0 0.576
-5.1 0.0
-17.3 0.532
-1.2 0.571
-9.1 0.0
-4.3 0.422
-2.3 0.472
-0.6 0.447
-6.3 0.25
0.4 0.6
3.8 0.552
0.8 0.549
1.5 0.545
2.9 0.507
0.3 0.503
0.4 0.519
2.5 0.523
0.8 0.511
1.4 0.511
1.4 0.531
1.4 0.59
-7.0 0.397
-3.5 0.36
-9.8 0.5
-2.0 0.538
1.0 0.575
0.1 0.511
-2.4 0.492
-4.5 0.478
-2.5 0.446
-2.6 0.448
-5.0 0.422
-2.6 0.422
-2.8 0.5
-2.9 0.35
-4.4 0.453
-1.1 0.393
-2.1 0.345
-6.7 0.479
0.4 0.459
-0.9 0.429
-1.1 0.407
-1.6 0.381
-1.7 0.415
-1.1 0.435
0.7 0.398
-0.3 0.398
-0.3 0.409
-0.2 0.434
-0.7 0.562
0.9 0.608
2.5 0.587
-0.1 0.625
-2.1 0.6
6.1 0.437
4.6 0.488
9.2 0.503
11.2 0.493
4.9 0.463
6.4 0.478
7.9 0.481
7.5 0.467
7.4 0.485
7.5 0.485
7.5 0.462
7.8 0.476
-4.0 0.516
-3.1 0.419
-5.5 0.415
-6.3 0.535
-2.9 0.445
-3.2 0.419
-4.3 0.436
-3.6 0.462
-5.3 0.46
-4.1 0.444
-5.5 0.366
-6.2 0.452
-5.2 0.39
-3.0 0.431
-1.3 0.379
-3.5 0.405
-2.2 0.352
-5.3 0.377
-1.0 0.325
-4.8 0.304
-3.8 0.345
-2.0 0.345
-2.0 0.384
-0.8 0.167
-2.4 0.479
-2.0 0.286
3.9 0.615
-12.2 0.333
-5.5 0.423
-1.4 0.452
-1.5 0.434
0.2 0.423
0.0 0.437
2.6 0.436
0.1 0.399
-1.7 0.424
0.0 0.433
1.7 0.428
-0.2 0.345
-3.3 0.345
-3.3 0.0
-2.4 0.304
-4.5 0.391
0.2 0.366
-4.5 0.416
-5.4 0.361
-3.2 0.4
-1.1 0.4
-2.2 0.549
0.2 0.474
1.1 0.508
1.7 0.582
0.4 0.632
2.0 0.576
1.4 0.505
-0.5 0.598
1.7 0.0
-7.7 0.0
-1.0 0.47
-2.9 0.435
-4.0 0.447
0.7 0.439
-1.9 0.442
-1.8 0.385
-2.5 0.377
-1.5 0.38
-5.2 0.414
-1.8 0.414
-1.8 0.382
-12.2 0.0
-41.1 0.279
-12.1 0.447
-5.5 0.524
-2.8 0.502
-3.1 0.491
-2.4 0.482
-2.8 0.511
-1.9 0.411
-4.2 0.406
-3.2 0.396
-2.6 0.422
0.0 0.0
-11.7 0.405
-0.2 0.447
-1.5 0.423
-0.4 0.442
1.5 0.433
-0.1 0.264
-6.1 0.264
-2.3 0.456
0.8 0.507
2.1 0.471
1.8 0.469
3.3 0.439
2.8 0.407
2.1 0.44
3.5 0.45
1.2 0.387
0.1 0.387
0.1 0.414
-0.1 0.438
-8.1 0.441
-2.8 0.424
-0.2 0.398
-0.9 0.47
1.1 0.406
0.4 0.407
1.9 0.422
-0.5 0.4
-1.8 0.404
0.9 0.404
0.9 0.408
0.3 0.429
-3.7 0.433
-2.7 0.462
-1.6 0.458
0.9 0.455
-0.2 0.458
-1.3 0.432
1.0 0.423
-1.4 0.439
0.2 0.424
1.0 0.424
1.0 0.452
2.7 0.422
-9.0 0.438
-3.4 0.413
-2.8 0.415
-1.7 0.406
-2.7 0.125
-6.1 0.4
-9.3 0.323
-11.3 0.349
-0.9 0.484
0.8 0.484
1.9 0.495
1.6 0.5
2.4 0.512
2.4 0.484
0.8 0.458
0.3 0.466
0.3 0.466
0.3 0.513
1.8 0.477
-4.1 0.5
-8.8 0.536
-0.5 0.551
0.4 0.454
-4.9 0.43
-2.7 0.395
-3.3 0.5
-1.3 0.427
-2.0 0.427
-2.0 0.358
-2.6 0.453
-3.3 0.561
-2.3 0.354
-4.0 0.487
5.0 0.529
-2.7 0.445
-1.5 0.464
-0.7 0.545
1.4 0.489
-0.6 0.558
2.7 0.333
-1.1 0.462
-0.9 0.5
-5.4 0.418
-3.2 0.442
-1.9 0.44
-2.4 0.439
-1.1 0.4
-1.3 0.417
-1.7 0.386
-3.0 0.45
-0.8 0.47
-0.8 0.448
-2.7 0.432
-0.8 0.399
-4.2 0.442
-2.4 0.454
-3.7 0.454
-3.7 0.455
-4.4 0.548
-1.2 0.528
-1.3 0.525
-0.2 0.558
3.9 0.508
2.0 0.487
1.1 0.48
1.8 0.427
1.2 0.354
-0.8 0.2
-8.5 0.5
-5.1 0.143
-5.1 0.349
-9.6 0.473
-2.9 0.427
-1.4 0.425
-1.7 0.42
-1.3 0.42
-2.1 0.364
-7.0 0.368
-6.1 0.368
-3.4 0.403
-2.6 0.416
-1.5 0.401
-2.7 0.418
-3.7 0.326
-6.2 0.425
-4.2 0.367
-3.4 0.369
-4.4 0.408
-5.6 0.5
-3.1 0.41
-3.4 0.35
-4.2 0.2
-5.1 0.394
-5.4 0.382
-2.9 0.461
0.7 0.391
-2.9 0.435
-1.4 0.392
-0.9 0.467
-1.6 0.429
-1.4 0.407
-0.4 0.414
-2.5 0.388
-2.6 0.398
-0.3 0.397
-0.3 0.413
0.9 0.368
-1.1 0.368
-1.1 0.351
-3.6 0.363
0.8 0.32
-2.5 0.461
0.8 0.453
-1.4 0.466
0.4 0.471
2.7 0.455
1.8 0.416
0.5 0.455
0.9 0.455
2.1 0.455
2.1 0.463
-0.4 0.455
-2.3 0.439
-1.0 0.432
0.0 0.391
-0.7 0.466
-0.4 0.4
-1.0 0.351
-2.2 0.34
-1.3 0.389
-3.5 0.396
-6.9 0.489
-2.2 0.532
-2.0 0.558
-3.3 0.598
-2.7 0.548
-5.1 0.614
-1.9 0.736
-0.3 0.646
-1.4 0.646
-1.4 0.62
-2.7 0.488
-4.1 0.429
-2.5 0.4
-11.5 0.604
-1.4 0.443
-3.1 0.405
-2.6 0.393
-2.0 0.0
-10.5 0.353
-2.4 0.421
-7.2 0.449
3.3 0.432
-0.6 0.435
-0.7 0.397
1.3 0.426
2.7 0.409
4.1 0.401
3.7 0.423
5.9 0.412
3.6 0.412
3.6 0.427
6.8 0.464
2.9 0.504
1.9 0.534
3.3 0.538
2.1 0.531
2.4 0.495
5.0 0.49
3.8 0.461
3.1 0.476
4.2 0.476
4.2 0.47
5.3 0.442
-8.0 0.362
-10.8 0.412
-8.5 0.561
-2.9 0.48
-0.2 0.444
-1.9 0.389
-5.4 0.522
0.4 0.478
1.1 0.414
0.0 0.411
-0.5 0.393
-3.4 0.393
-3.4 0.444
-6.6 0.286
-4.1 0.552
-1.0 0.536
-3.1 0.533
2.5 0.476
2.2 0.426
0.6 0.434
0.8 0.399
-1.6 0.433
-4.4 0.572
-0.9 0.524
0.5 0.429
-9.9 0.496
-3.9 0.424
-1.6 0.408
-2.9 0.357
-5.2 0.363
-1.4 0.444
-4.3 0.391
-1.3 0.439
1.4 0.441
0.6 0.425
0.3 0.434
-1.1 0.455
0.8 0.477
0.7 0.477
0.7 0.48
0.8 0.445
-4.3 0.364
-9.9 0.286
-2.8 0.352
-5.2 0.392
-1.6 0.476
0.4 0.492
2.6 0.505
4.5 0.508
3.5 0.475
2.0 0.448
1.3 0.484
1.8 0.403
0.0 0.426
-0.5 0.426
-0.5 0.454
1.0 0.408
2.1 0.454
3.5 0.48
5.8 0.473
4.1 0.4
-2.9 0.428
-1.3 0.426
0.5 0.44
1.2 0.471
2.0 0.432
0.9 0.481
3.5 0.415
0.8 0.418
1.3 0.418
1.3 0.505
1.1 0.441
-11.9 0.458
-3.7 0.667
-4.2 0.286
-12.6 0.44
-1.7 0.563
-1.8 0.562
-1.3 0.569
-0.5 0.553
-1.7 0.504
0.1 0.423
-0.7 0.451
0.2 0.462
0.1 0.471
-1.2 0.367
-5.4 0.353
-3.5 0.45
-4.6 0.448
-4.8 0.379
-3.9 0.235
-11.7 0.384
-3.1 0.427
-2.3 0.286
-3.6 0.434
-5.0 0.446
-5.4 0.521
-1.1 0.468
-1.9 0.478
-1.6 0.437
-2.4 0.465
0.3 0.498
2.1 0.471
0.8 0.439
-2.3 0.459
-0.6 0.424
-1.8 0.424
-1.8 0.443
-2.4 0.44
-5.6 0.333
-11.0 0.407
-3.4 0.483
0.2 0.478
0.4 0.535
0.9 0.559
0.7 0.515
-0.3 0.375
-4.7 0.581
1.4 0.581
1.4 0.6
2.2 0.625
-7.2 0.442
-3.2 0.406
-2.2 0.437
-1.1 0.417
-1.4 0.395
-2.7 0.485
1.7 0.423
-0.5 0.423
-0.5 0.386
-4.2 0.429
-3.2 0.411
-0.8 0.431
-1.6 0.395
-1.3 0.434
0.3 0.425
0.3 0.481
1.7 0.426
-1.1 0.426
-1.1 0.384
-3.1 0.422
-1.8 0.404
-1.3 0.432
0.2 0.375
-3.5 0.432
-0.9 0.479
-1.8 0.45
-0.5 0.392
-4.0 0.462
0.7 0.416
0.2 0.429
0.2 0.429
-3.0 0.442
-0.2 0.445
-0.7 0.444
1.3 0.433
1.9 0.44
4.1 0.45
3.4 0.446
2.7 0.446
2.7 0.422
1.7 0.46
-5.1 0.375
-3.0 0.32
-4.5 0.436
-0.2 0.368
-2.6 0.305
-5.4 0.46
-7.0 0.486
-1.6 0.442
-1.0 0.437
-3.0 0.448
-1.4 0.421
-4.2 0.448
-3.0 0.457
-2.5 0.459
-2.5 0.459
-0.3 0.477
0.8 0.459
3.7 0.477
2.8 0.485
2.7 0.468
1.1 0.438
-0.8 0.468
0.6 0.468
0.6 0.478
1.0 0.454
-1.4 0.476
1.8 0.476
5.1 0.462
2.9 0.496
5.2 0.51
7.7 0.503
8.8 0.51
6.1 0.51
6.1 0.505
7.9 0.537
-6.0 0.583
0.4 0.547
-2.9 0.44
-6.5 0.4
-10.7 0.25
-0.8 0.567
0.6 0.533
-0.5 0.561
0.7 0.555
2.0 0.521
-0.6 0.542
1.0 0.566
1.8 0.566
1.8 0.567
1.2 0.579
-2.0 0.485
-1.5 0.512
0.7 0.566
-1.8 0.516
-2.0 0.533
-2.9 0.443
-3.2 0.446
-0.8 0.453
1.1 0.449
-4.4 0.466
-2.1 0.468
-0.3 0.465
-1.3 0.489
2.7 0.464
-0.1 0.456
0.5 0.393
-1.9 0.393
-1.9 0.405
-0.6 0.484
-0.2 0.525
2.3 0.551
3.3 0.557
4.4 0.553
2.8 0.543
3.1 0.567
2.8 0.538
3.8 0.538
3.8 0.505
4.1 0.473
-4.6 0.382
-4.3 0.403
-4.0 0.418
-5.9 0.378
1.8 0.574
0.4 0.536
-0.7 0.502
-2.0 0.503
-1.8 0.54
-0.7 0.517
-4.9 0.515
-3.6 0.515
-3.6 0.556
-6.7 0.374
-5.0 0.467
-3.2 0.435
-3.1 0.432
-0.5 0.365
-6.9 0.396
-2.5 0.448
-0.4 0.429
-0.3 0.422
-1.1 0.521
0.7 0.547
2.9 0.475
-0.2 0.455
-0.8 0.436
2.9 0.528
-1.1 0.528
-1.1 0.372
-1.4 0.373
2.8 0.468
1.6 0.462
0.6 0.407
-1.9 0.292
-14.7 0.333
1.6 0.556
3.4 0.504
2.5 0.525
4.9 0.508
5.8 0.481
5.2 0.475
6.6 0.445
3.4 0.445
3.4 0.383
1.9 0.49
-7.3 0.386
-6.6 0.41
-4.8 0.307
-1.2 0.188
0.4 0.531
1.4 0.514
-0.4 0.504
-0.2 0.491
-1.4 0.472
-0.1 0.47
-3.8 0.467
-0.7 0.467
-0.7 0.45
-1.2 0.47
-3.1 0.445
0.8 0.456
-3.4 0.466
-0.6 0.428
-1.0 0.408
-2.1 0.429
-2.2 0.374
-3.9 0.374
-3.9 0.473
-1.8 0.38
-5.7 0.5
-1.1 0.439
-0.5 0.405
-0.8 0.439
0.3 0.429
-0.2 0.406
-2.5 0.436
-4.1 0.44
-0.1 0.44
-0.1 0.413
-2.5 0.373
-3.8 0.446
-3.5 0.473
-2.7 0.476
-11.8 0.43
-5.8 0.436
-3.6 0.457
-1.1 0.468
-0.4 0.371
-2.2 0.368
-0.1 0.418
1.0 0.437
0.5 0.434
1.5 0.434
1.5 0.343
-3.3 0.387
-1.9 0.412
-0.1 0.571
-0.8 0.429
-1.6 0.417
-2.4 0.429
-2.4 0.528
0.6 0.466
-2.1 0.5
-2.8 0.513
-5.6 0.444
-4.9 0.418
-4.5 0.441
-3.0 0.403
-3.4 0.413
-2.5 0.435
-1.9 0.366
-3.5 0.366
-3.5 0.339
-4.8 0.43
0.6 0.495
0.5 0.47
-1.8 0.541
0.3 0.507
1.6 0.531
1.7 0.454
-0.2 0.466
-0.1 0.466
-0.1 0.514
0.1 0.527
-9.3 0.5
-10.4 0.444
-3.3 0.167
-1.1 0.436
1.3 0.43
4.4 0.439
4.6 0.423
1.3 0.438
-0.1 0.399
-1.1 0.399
-1.1 0.427
-1.4 0.418
-3.1 0.432
-4.3 0.497
-0.7 0.386
-2.6 0.416
-0.3 0.376
-3.6 0.35
-1.9 0.415
0.4 0.399
-2.5 0.399
-2.5 0.423
-1.7 0.377
2.5 0.519
3.8 0.455
1.7 0.451
2.3 0.423
3.4 0.465
4.2 0.4
3.1 0.4
3.1 0.426
2.0 0.403
-5.4 0.414
-2.5 0.422
-2.1 0.424
1.3 0.419
-0.2 0.402
-1.8 0.426
-2.6 0.426
-2.6 0.423
-1.0 0.344
-4.3 0.45
-1.7 0.45
-2.4 0.445
-3.9 0.405
-6.1 0.499
-3.5 0.434
-4.7 0.434
-4.7 0.522
-3.4 0.532
-7.2 0.371
0.8 0.401
-0.4 0.399
0.0 0.448
1.4 0.429
1.1 0.454
1.2 0.403
-1.0 0.403
-1.0 0.41
-3.1 0.45
-7.4 0.525
-5.0 0.445
-4.0 0.429
-3.3 0.452
0.4 0.435
-1.5 0.462
2.1 0.443
1.4 0.505
3.9 0.501
1.1 0.501
1.1 0.477
0.7 0.475
3.1 0.378
1.8 0.37
0.9 0.44
-0.6 0.423
0.2 0.414
0.5 0.414
2.1 0.418
1.2 0.581
4.3 0.527
3.6 0.482
3.9 0.494
6.1 0.473
2.9 0.494
4.8 0.494
4.8 0.464
1.0 0.459
-0.7 0.467
-0.4 0.449
-0.5 0.45
1.3 0.45
0.3 0.402
-2.6 0.436
-1.2 0.411
-0.6 0.411
-0.6 0.418
-0.6 0.406
-7.8 0.441
-2.4 0.404
-3.4 0.406
0.1 0.387
-5.6 0.517
-2.0 0.542
0.6 0.427
-1.6 0.526
-1.3 0.495
0.3 0.461
-0.2 0.497
3.0 0.448
1.9 0.439
-0.2 0.446
-1.0 0.446
-1.0 0.443
-1.3 0.544
-4.5 0.554
-2.6 0.458
-4.3 0.467
-2.4 0.562
-0.3 0.508
-0.8 0.475
-2.7 0.475
-2.7 0.516
-1.8 0.478
1.5 0.453
1.1 0.442
2.3 0.443
3.1 0.442
2.4 0.477
5.6 0.477
5.6 0.441
1.5 0.477
-4.0 0.333
-4.2 0.3
-9.3 0.487
-16.3 0.441
-4.1 0.605
-3.7 0.686
1.3 0.632
1.0 0.643
0.3 0.676
4.1 0.71
4.1 0.71
4.1 0.703
3.4 0.714
-1.6 0.468
-6.6 0.453
-6.7 0.599
1.0 0.581
1.5 0.495
-0.9 0.508
-1.5 0.508
-1.5 0.532
-1.2 0.551
0.5 0.436
-0.8 0.439
-1.4 0.433
0.3 0.464
-0.3 0.48
0.4 0.448
0.5 0.448
0.5 0.454
-0.6 0.456
0.0 0.499
1.9 0.492
0.1 0.494
-4.8 0.521
1.4 0.563
1.1 0.513
0.2 0.513
0.2 0.511
1.3 0.474
-2.3 0.588
-1.0 0.501
-4.9 0.461
-1.1 0.534
1.1 0.551
3.0 0.535
2.1 0.535
2.1 0.539
1.4 0.493
-1.1 0.45
1.9 0.47
3.7 0.448
4.5 0.352
-1.1 0.457
8.4 0.434
1.9 0.434
1.9 0.419
2.5 0.427
-3.5 0.368
-4.6 0.39
-3.0 0.44
-1.6 0.381
-3.6 0.42
-2.8 0.283
-7.1 0.283
-0.9 0.458
0.4 0.407
-1.1 0.408
0.3 0.449
0.4 0.407
-4.2 0.422
-1.3 0.422
-1.3 0.371
0.2 0.48
1.4 0.463
0.0 0.51
-0.8 0.401
-4.1 0.451
-2.4 0.395
-3.2 0.395
-3.2 0.454
-1.6 0.505
-3.1 0.508
-1.5 0.55
-0.1 0.556
-0.1 0.575
1.5 0.447
-5.9 0.532
-5.6 0.532
-5.6 0.575
-3.5 0.652
-1.0 0.468
-0.5 0.45
-1.2 0.413
-3.0 0.441
-3.9 0.458
-2.4 0.463
0.6 0.463
0.6 0.408
-2.7 0.389
0.8 0.605
-2.5 0.443
-1.4 0.466
-3.6 0.47
-1.5 0.491
-1.5 0.386
-0.6 0.489
0.5 0.445
5.9 0.435
-3.4 0.423
-1.3 0.421
-1.2 0.501
0.7 0.667
-7.1 0.333
-6.3 0.204
-6.0 0.204
-6.0 0.427
-1.3 0.374
-1.7 0.477
-3.9 0.495
-3.9 0.453
-2.9 0.445
-3.5 0.441
-5.2 0.492
-2.6 0.492
-2.6 0.432
-3.9 0.445
-2.7 0.472
-0.9 0.507
-1.9 0.535
0.1 0.502
-2.0 0.506
-2.5 0.47
-1.7 0.47
-1.7 0.481
-3.2 0.43
-0.5 0.45
0.4 0.39
-1.5 0.38
-3.3 0.42
0.3 0.41
-0.6 0.41
-0.6 0.386
0.0 0.442
-5.4 0.467
-2.0 0.517
0.1 0.441
-2.8 0.398
-1.1 0.364
0.0 0.36
-17.2 0.515
-1.9 0.444
-0.1 0.418
2.1 0.442
5.0 0.457
3.2 0.438
5.0 0.437
6.4 0.426
11.0 0.426
11.0 0.454
10.0 0.425
-1.0 0.61
3.3 0.507
-2.9 0.493
-4.6 0.522
-2.1 0.0
-8.7 0.393
-3.5 0.325
-3.8 0.463
1.3 0.422
-1.5 0.422
1.3 0.369
0.7 0.501
1.1 0.534
1.6 0.524
-0.8 0.534
0.6 0.456
-7.4 0.456
-7.4 0.412
-0.8 0.511
-2.2 0.333
-2.2 0.565
-1.3 0.518
-1.1 0.425
-0.7 0.442
0.0 0.414
-1.8 0.394
-2.6 0.433
-2.8 0.433
-2.8 0.435
-4.1 0.333
-5.8 0.41
-1.3 0.46
2.0 0.47
2.1 0.487
2.9 0.487
2.9 0.389
0.2 0.4
-2.1 0.412
-1.3 0.403
-2.4 0.394
-1.7 0.422
-0.8 0.489
-1.3 0.489
-1.3 0.481
-0.3 0.47
-6.9 0.43
-6.0 0.367
-3.8 0.44
-0.9 0.372
-4.8 0.367
-6.1 0.367
-1.7 0.457
-0.7 0.44
-0.3 0.471
0.2 0.467
1.0 0.473
1.5 0.473
1.5 0.486
-0.4 0.476
-1.9 0.462
-2.8 0.516
0.8 0.468
-0.9 0.464
-0.1 0.457
-1.6 0.457
-1.6 0.451
-1.2 0.485
1.0 0.48
1.9 0.49
3.4 0.451
5.4 0.471
7.4 0.487
9.9 0.487
9.9 0.504
12.5 0.468
-2.7 0.41
-1.3 0.322
-5.9 0.433
-0.7 0.353
-3.2 0.355
-5.4 0.355
-2.8 0.467
-2.4 0.422
-2.8 0.445
-1.9 0.429
0.7 0.413
-1.6 0.413
-1.6 0.446
1.4 0.467
-0.8 0.416
0.7 0.324
-5.0 0.403
-0.3 0.384
-2.3 0.373
-1.3 0.373
-1.3 0.411
0.5 0.368
-4.8 0.403
-4.6 0.404
-2.6 0.427
-1.4 0.437
-1.7 0.412
-3.0 0.412
-3.0 0.389
-3.2 0.416
1.6 0.409
-0.5 0.453
-0.3 0.478
1.3 0.436
0.8 0.447
1.9 0.447
1.9 0.433
1.7 0.405
-3.6 0.365
-7.2 0.351
0.1 0.4
-2.9 0.376
-1.4 0.458
-2.3 0.412
-0.5 0.41
-1.5 0.415
-2.6 0.468
-1.0 0.468
-1.0 0.518
-0.8 0.214
-0.6 0.466
0.0 0.495
1.2 0.485
-0.5 0.479
-1.1 0.502
0.6 0.502
0.6 0.526
1.6 0.515
-0.8 0.486
-3.0 0.442
3.2 0.448
3.3 0.432
3.3 0.436
5.0 0.436
5.0 0.376
2.7 0.392
-4.2 0.465
-3.3 0.405
-2.7 0.432
-2.9 0.474
-1.8 0.521
-0.5 0.521
-0.5 0.451
1.0 0.436
2.3 0.491
4.5 0.438
5.5 0.456
5.7 0.44
8.4 0.44
8.4 0.439
6.7 0.44
-4.7 0.454
-2.3 0.459
-2.6 0.447
-1.6 0.433
-1.7 0.437
-1.5 0.437
-1.5 0.439
-3.3 0.423
-3.1 0.491
-3.4 0.497
-2.1 0.497
-1.6 0.549
-0.7 0.459
-2.6 0.459
-2.6 0.506
-0.7 0.385
-1.8 0.446
1.4 0.432
0.9 0.431
0.6 0.447
0.7 0.446
2.3 0.446
2.3 0.439
1.7 0.454
-2.6 0.25
-7.6 0.383
-2.4 0.543
0.1 0.535
3.0 0.573
2.1 0.536
1.9 0.476
0.8 0.476
0.8 0.479
-0.1 0.48
-8.5 0.477
0.9 0.39
1.8 0.418
2.3 0.399
0.9 0.373
-0.5 0.401
1.8 0.401
1.8 0.368
-1.4 0.359
-2.1 0.456
0.0 0.45
1.9 0.413
-3.0 0.464
4.5 0.589
2.7 0.589
2.7 0.475
-0.6 0.479
0.0 0.503
1.9 0.488
3.3 0.461
1.4 0.431
1.7 0.436
0.5 0.436
0.5 0.393
-4.6 0.454
-0.2 0.449
1.1 0.412
1.3 0.436
1.2 0.441
2.4 0.448
3.9 0.448
3.9 0.388
0.5 0.393
-3.3 0.402
-3.4 0.359
-4.0 0.377
-7.4 0.317
-3.7 0.425
0.6 0.409
-0.4 0.387
-0.9 0.463
0.7 0.416
-0.9 0.416
-0.9 0.35
-4.1 0.402
-8.5 0.412
-3.6 0.485
2.5 0.469
-0.4 0.464
3.3 0.381
-10.5 0.321
-17.2 0.425
-5.0 0.385
-3.6 0.442
-1.8 0.356
-3.4 0.339
-1.9 0.39
-1.8 0.413
-6.0 0.372
-3.7 0.372
-5.8 0.406
-10.5 0.431
-3.4 0.25
-5.5 0.48
-4.2 0.438
-1.8 0.476
1.2 0.451
-0.7 0.438
-1.1 0.46
1.8 0.46
1.8 0.439
0.3 0.442
-2.9 0.294
-0.4 0.425
-3.9 0.524
-7.2 0.604
0.8 0.565
-0.4 0.434
0.0 0.438
1.0 0.429
-0.7 0.394
-1.6 0.406
-2.4 0.406
-2.4 0.399
-2.1 0.4
-0.2 0.469
-1.9 0.416
-2.5 0.432
-3.4 0.556
-8.2 0.385
-2.7 0.385
-3.8 0.374
-7.3 0.429
-2.5 0.495
-4.4 0.472
-1.3 0.354
-4.5 0.392
-5.1 0.438
-7.7 0.429
-3.3 0.52
-1.1 0.432
-2.2 0.432
-8.2 0.361
-0.8 0.524
0.3 0.55
-4.0 0.541
1.2 0.478
0.9 0.478
0.9 0.596
4.8 0.523
-3.0 0.411
-1.3 0.475
0.4 0.474
-0.3 0.412
2.4 0.412
2.4 0.416
0.2 0.393
-3.4 0.379
-3.6 0.413
-0.1 0.431
-0.5 0.506
1.1 0.541
-1.3 0.532
-2.4 0.517
-0.7 0.517
-0.7 0.533
-4.2 0.477
-12.0 0.41
-3.4 0.368
-3.6 0.39
-1.4 0.479
-1.4 0.479
-1.4 0.422
-2.9 0.402
-2.0 0.389
-0.9 0.445
2.7 0.477
2.9 0.447
2.6 0.447
2.6 0.453
2.8 0.434
-0.7 0.531
0.3 0.491
0.1 0.551
0.2 0.487
0.2 0.487
0.2 0.49
1.4 0.516
-11.5 0.273
-9.7 0.498
-1.3 0.402
-2.7 0.438
-2.5 0.429
-1.7 0.429
-1.7 0.447
0.2 0.463
-1.4 0.448
-0.3 0.465
1.0 0.496
4.7 0.467
4.7 0.467
4.7 0.451
2.6 0.452
-3.8 0.4
-2.3 0.415
-1.6 0.415
0.3 0.513
0.9 0.539
0.8 0.534
-1.3 0.601
3.0 0.601
3.0 0.611
3.3 0.528
-4.3 0.416
-3.4 0.329
-0.5 0.527
1.2 0.643
5.7 0.614
3.7 0.527
-0.1 0.552
3.5 0.552
3.5 0.542
-3.7 0.24
-2.1 0.499
-0.8 0.482
1.1 0.522
0.7 0.525
2.4 0.525
2.4 0.515
2.7 0.487
0.6 0.46
0.4 0.457
-1.9 0.403
-2.9 0.488
-1.5 0.488
-3.0 0.413
0.0 0.44
3.9 0.419
4.7 0.424
4.7 0.367
-3.3 0.367
-3.3 0.418
4.5 0.461
3.2 0.549
4.1 0.538
4.8 0.528
4.6 0.502
4.1 0.502
4.1 0.499
3.3 0.493
-2.8 0.354
-3.6 0.4
-2.8 0.456
1.9 0.435
1.3 0.413
1.0 0.445
3.4 0.445
3.4 0.433
2.5 0.471
-3.6 0.342
-8.0 0.2
-6.0 0.395
-4.6 0.41
-6.6 0.417
-3.6 0.231
-7.9 0.231
-3.4 0.371
-6.3 0.0
0.0 0.222
-6.8 0.465
-2.9 0.488
-4.7 0.64
1.9 0.397
-0.8 0.403
-2.2 0.403
-2.2 0.371
-1.6 0.398
-1.6 0.407
-4.9 0.425
0.2 0.414
-1.5 0.414
-1.5 0.404
0.5 0.365
-3.4 0.397
-2.9 0.367
0.6 0.446
2.2 0.441
0.3 0.446
-0.4 0.424
-0.8 0.424
-0.8 0.412
-1.1 0.438
2.5 0.521
3.8 0.486
2.4 0.497
0.3 0.496
1.9 0.496
1.9 0.522
1.5 0.533
-4.3 0.526
-1.6 0.506
-1.6 0.523
-0.5 0.555
-0.4 0.555
-0.4 0.565
-1.2 0.515
-4.6 0.0
-1.1 0.436
-0.5 0.412
-2.6 0.41
-4.6 0.374
-4.3 0.374
-4.3 0.465
-2.8 0.0
-0.1 0.364
0.5 0.44
-2.9 0.512
-0.2 0.46
1.5 0.449
3.2 0.449
3.2 0.414
1.0 0.401
-3.9 0.564
1.5 0.52
0.3 0.541
0.2 0.424
-4.5 0.424
-4.5 0.38
-21.2 0.468
-4.0 0.364
-17.9 0.0
-2.8 0.452
-1.9 0.428
0.6 0.392
-2.6 0.421
-0.7 0.421
-5.9 0.455
-5.4 0.367
-3.2 0.457
1.5 0.506
2.5 0.469
-1.8 0.5
1.4 0.5
-4.5 0.531
-1.3 0.461
-5.7 0.505
-5.2 0.513
-3.0 0.513
-3.0 0.41
-4.4 0.551
-6.1 0.383
-1.7 0.352
-6.2 0.423
-2.3 0.39
-4.1 0.39
-4.1 0.411
-1.7 0.439
-0.7 0.618
2.5 0.56
2.9 0.523
1.9 0.558
3.3 0.558
3.3 0.523
-0.8 0.452
-8.1 0.376
-4.2 0.46
0.9 0.491
2.3 0.376
-3.5 0.376
-3.5 0.481
-1.4 0.45
-2.4 0.446
-1.8 0.419
-2.1 0.425
-3.7 0.429
-1.0 0.429
-1.0 0.456
-0.7 0.426
-2.0 0.431
0.2 0.435
-0.5 0.399
-3.5 0.458
0.7 0.458
-1.7 0.354
-4.6 0.43
-1.6 0.433
0.1 0.421
-1.4 0.408
-1.1 0.408
-1.1 0.326
-6.9 0.25
-0.2 0.423
0.6 0.441
3.4 0.433
2.6 0.445
3.5 0.445
3.5 0.424
3.2 0.451
-6.5 0.444
-1.3 0.454
-2.6 0.447
-2.8 0.472
0.8 0.472
0.8 0.516
-0.6 0.458
3.4 0.551
-1.2 0.51
-3.9 0.451
-3.2 0.611
-2.5 0.543
-0.4 0.543
-0.4 0.542
-0.1 0.528
-2.5 0.463
-2.2 0.456
-2.5 0.42
-2.7 0.457
-1.2 0.403
-1.6 0.403
-1.6 0.41
-2.5 0.399
-1.3 0.467
1.9 0.397
2.4 0.462
4.7 0.462
4.7 0.454
4.0 0.455
-5.9 0.421
-4.5 0.414
-3.0 0.412
-3.0 0.412
-3.0 0.405
-3.7 0.308
-6.8 0.0
3.4 0.552
2.2 0.545
1.2 0.507
0.8 0.507
0.8 0.558
0.9 0.548
-4.4 0.421
-3.6 0.471
-2.4 0.38
-5.5 0.38
-5.5 0.4
-6.6 0.0
-2.4 0.418
-1.0 0.391
-1.0 0.4
-3.2 0.4
-3.2 0.422
-0.4 0.444
-9.6 0.463
-3.4 0.148
-3.5 0.455
-0.8 0.464
-1.7 0.466
-0.3 0.466
-0.3 0.469
1.0 0.481
-11.6 0.316
-4.0 0.273
3.3 0.452
3.3 0.43
3.2 0.468
3.3 0.468
3.3 0.448
1.6 0.473
-3.9 0.458
-0.8 0.44
-0.4 0.434
0.8 0.434
0.8 0.434
2.3 0.419
-5.5 0.405
-1.9 0.52
-4.8 0.464
-0.5 0.475
0.6 0.504
0.7 0.504
0.7 0.439
-1.0 0.452
-4.7 0.544
-2.1 0.491
-3.9 0.519
-2.1 0.519
-2.1 0.576
-1.7 0.545
-1.9 0.407
-2.1 0.422
-0.9 0.422
1.1 0.422
1.1 0.415
-0.3 0.398
-3.0 0.382
4.3 0.494
3.9 0.522
5.8 0.479
6.1 0.479
6.1 0.506
8.3 0.485
-1.4 0.481
-4.4 0.492
-1.6 0.443
-3.1 0.443
-3.1 0.481
-1.0 0.48
-4.4 0.447
-0.1 1.0
-3.9 0.46
-3.9 0.417
-2.4 0.401
-3.1 0.401
-3.1 0.439
-1.2 0.446
-3.5 0.396
-3.2 0.428
-2.3 0.446
-2.5 0.446
-2.5 0.481
-1.8 0.457
-8.1 0.388
-4.3 0.406
-5.7 0.34
-7.2 0.34
-10.0 0.422
-1.9 0.442
0.2 0.434
-0.4 0.434
-0.4 0.434
0.7 0.418
-0.6 0.407
-1.0 0.486
1.0 0.465
-0.2 0.465
-0.2 0.425
-2.8 0.457
1.2 0.462
-1.3 0.447
-7.7 0.396
1.7 0.486
2.7 0.472
2.6 0.462
2.5 0.462
2.5 0.492
1.9 0.338
0.9 0.36
1.8 0.381
1.5 0.356
-0.5 0.356
-0.5 0.374
1.9 0.402
-9.8 0.273
0.1 0.396
0.6 0.378
-0.1 0.41
-0.4 0.41
-0.4 0.374
-0.2 0.411
-1.0 0.382
-3.3 0.373
-6.0 0.346
-6.3 0.376
-4.8 0.408
-1.4 0.408
-1.4 0.44
0.1 0.62
-0.5 0.643
-7.5 0.612
-1.0 0.612
-1.0 0.563
-5.4 0.368
4.5 0.457
-1.4 0.574
0.6 0.75
-1.7 0.75
-0.2 1.0
0.7 0.412
0.5 0.44
-0.2 0.453
2.9 0.42
1.8 0.42
1.8 0.428
3.0 0.463
-3.6 0.5
-2.7 0.222
-10.7 0.412
-5.7 0.412
-5.7 0.442
-3.2 0.398
-2.1 0.5
-0.5 0.438
-12.0 0.45
-7.4 0.45
-1.9 0.422
-0.1 0.444
0.7 0.463
2.7 0.463
2.7 0.47
0.7 0.468
-4.2 0.488
-0.5 0.477
-2.0 0.547
-0.6 0.547
-0.6 0.588
1.5 0.6
-7.0 0.375
-11.9 0.517
-0.2 0.5
-2.5 0.514
-2.1 0.519
0.4 0.507
0.5 0.523
0.5 0.523
0.5 0.51
1.8 0.468
-1.2 0.423
1.5 0.393
1.7 0.385
2.2 0.385
2.2 0.427
4.0 0.444
-3.1 0.43
-3.7 0.427
-2.6 0.447
-3.2 0.447
-3.2 0.45
-2.6 0.443
-0.6 0.5
-22.1 0.6
0.7 0.468
-1.1 0.459
-3.1 0.459
-3.1 0.556
0.2 0.412
-2.4 0.399
-1.4 0.482
1.1 0.482
1.1 0.466
-0.2 0.468
-5.7 0.417
-2.7 0.425
-0.6 0.425
-0.6 0.432
-0.1 0.443
-4.3 0.436
-4.0 0.566
-1.0 0.566
-1.0 0.505
-0.2 0.513
-4.9 0.429
-2.5 0.426
-1.8 0.426
-1.8 0.441
0.3 0.409
-0.1 0.419
-1.1 0.427
0.5 0.427
0.5 0.449
-0.6 0.482
3.4 0.414
2.5 0.383
0.8 0.383
0.8 0.434
1.1 0.42
-3.3 0.405
-3.0 0.45
-4.2 0.45
-2.2 0.47
1.4 0.361
-4.3 0.361
-4.3 0.333
-0.5 0.439
0.6 0.42
0.6 0.42
0.6 0.443
2.8 0.463
-6.3 0.286
-5.1 0.364
-6.7 0.364
-6.7 0.343
2.3 0.519
4.5 0.535
7.1 0.535
7.1 0.493
2.2 0.505
-1.0 0.418
2.4 0.623
1.6 0.514
-0.2 0.514
-0.2 0.521
-0.5 0.53
-0.9 0.419
-2.5 0.44
-2.1 0.44
-2.1 0.462
0.7 0.439
-6.2 0.475
-0.7 0.49
-1.8 0.49
-6.2 0.381
-3.1 0.407
2.8 0.443
5.0 0.443
5.0 0.49
5.8 0.418
-1.0 0.464
-0.1 0.399
-2.9 0.399
-2.9 0.474
-0.2 0.503
-2.9 0.538
0.3 0.566
2.7 0.566
2.7 0.564
1.6 0.515
-1.2 0.478
-3.7 0.444
1.6 0.444
-2.8 0.381
-7.5 0.495
-0.9 0.495
-0.9 0.444
-5.4 0.4
-1.2 0.319
-17.6 0.0
-8.6 0.459
-2.5 0.397
-5.4 0.397
2.1 0.542
2.2 0.528
1.3 0.528
1.3 0.452
-3.4 0.47
-2.2 0.473
-0.9 0.465
-0.8 0.465
-0.8 0.541
-1.4 0.477
-0.9 0.533
-7.5 0.394
-7.1 0.432
-1.2 0.416
-1.6 0.416
-1.6 0.451
-0.5 0.46
-2.6 0.451
-3.3 0.51
0.2 0.51
0.2 0.448
-1.5 0.386
0.3 0.424
2.7 0.434
5.1 0.434
5.1 0.419
3.7 0.444
-7.3 0.406
-4.5 0.455
-4.1 0.455
-4.1 0.364
-2.3 0.44
-1.5 0.467
1.4 0.467
1.4 0.444
0.6 0.45
-2.2 0.44
-2.3 0.143
-9.9 0.143
-8.4 0.367
-3.8 0.237
-3.7 0.237
-2.9 0.443
-3.5 0.504
-0.1 0.504
-0.1 0.439
-4.3 0.413
-1.7 0.421
-4.4 0.429
-6.7 0.437
-6.2 0.437
-6.2 0.471
-3.7 0.387
-0.9 0.501
0.5 0.492
-0.2 0.492
-0.2 0.476
0.7 0.521
-7.8 0.517
-1.5 0.535
-0.2 0.535
-0.2 0.601
-1.8 0.478
0.6 0.461
0.6 0.399
-0.5 0.399
-0.5 0.374
-5.6 0.405
-3.9 0.409
-2.9 0.409
-2.9 0.438
-2.2 0.442
-2.5 0.42
-2.9 0.389
-2.5 0.389
-2.5 0.448
-3.9 0.377
-4.5 0.481
-3.2 0.485
-2.7 0.485
-2.7 0.447
-2.9 0.536
-2.9 0.423
-0.1 0.41
-1.6 0.41
-1.6 0.431
-0.2 0.437
-7.5 0.477
-2.3 0.412
-2.8 0.412
-2.8 0.413
-6.4 0.479
-3.0 0.444
-1.6 0.444
-1.6 0.468
-0.6 0.288
-6.4 0.464
-2.1 0.321
-3.1 0.397
0.5 0.397
-9.1 0.474
-1.3 0.474
-3.4 0.474
-3.4 0.429
-1.9 0.447
-0.1 0.386
-1.6 0.386
-1.6 0.389
-2.5 0.41
-0.6 0.427
-0.3 0.439
2.0 0.439
2.0 0.435
1.1 0.319
-3.3 0.376
-5.4 0.395
-4.0 0.395
-7.7 0.341
-7.3 0.319
-1.1 0.418
-0.5 0.382
-2.6 0.382
-2.6 0.427
-0.5 0.373
-0.4 0.531
-1.4 0.572
-0.5 0.572
-0.5 0.565
1.1 0.557
-6.9 0.6
-3.2 0.433
-2.1 0.396
-3.6 0.396
-3.6 0.399
-2.1 0.424
-10.7 0.5
-4.2 0.427
-4.6 0.403
-1.5 0.403
-1.5 0.338
-2.3 0.538
-1.7 0.549
0.9 0.549
0.9 0.476
-4.4 0.494
0.3 0.544
0.4 0.544
0.4 0.613
2.1 0.571
-1.8 0.491
0.5 0.491
0.5 0.506
2.4 0.521
-1.4 0.365
-2.7 0.365
-3.6 0.42
-1.5 0.42
-1.5 0.446
-1.2 0.414
-7.3 0.421
-4.8 0.421
-4.8 0.296
-9.4 0.413
-13.9 0.3
-8.5 0.3
-6.8 0.426
-2.6 0.426
-2.6 0.32
-4.7 0.343
-4.0 0.343
-4.0 0.439
0.0 0.422
-2.5 0.368
-1.9 0.368
-1.9 0.413
-2.0 0.455
-4.5 0.45
-4.9 0.45
-1.1 0.421
-0.3 0.421
-2.1 0.401
-1.0 0.401
-1.0 0.42
1.1 0.399
-3.4 0.386
-2.2 0.386
-2.2 0.36
-2.7 0.364
-0.2 0.396
-0.7 0.396
-0.7 0.452
-0.8 0.366
-4.7 0.345
-2.8 0.345
-2.8 0.441
-3.0 0.487
-3.6 0.396
0.2 0.396
0.2 0.385
-0.2 0.399
-4.7 0.412
-0.3 0.412
-0.3 0.459
-0.7 0.468
1.1 0.0
-15.9 0.0
-15.9 0.455
-1.5 0.481
-1.2 0.37
-4.9 0.37
-4.9 0.476
-1.1 0.374
-7.0 0.483
-2.1 0.483
-5.9 0.401
-3.2 0.401
-6.0 0.562
-3.3 0.562
-3.3 0.559
-1.3 0.622
-2.1 0.362
-2.6 0.362
-2.6 0.405
-1.6 0.39
0.7 0.506
2.5 0.506
2.5 0.532
2.4 0.502
-5.4 0.5
-5.1 0.5
-4.3 0.604
5.8 0.604
5.8 0.559
3.7 0.661
-4.3 0.393
-4.5 0.393
-4.5 0.417
-4.6 0.545
-3.4 0.537
-3.1 0.537
-3.1 0.545
-4.0 0.478
0.7 0.478
-2.3 0.396
-0.3 0.396
-0.3 0.447
0.0 0.383
-2.1 0.459
-3.5 0.459
-7.5 0.403
-1.2 0.403
-1.2 0.405
-0.2 0.337
-2.8 0.337
-2.8 0.369
-6.0 0.286
-5.2 0.667
0.8 0.667
-4.7 0.433
-2.4 0.433
-2.4 0.442
-7.2 0.333
-7.9 0.333
-5.9 0.507
-1.0 0.507
-1.0 0.423
-3.6 0.497
-7.0 0.404
-5.5 0.404
-4.1 0.438
-1.7 0.438
-1.7 0.377
-4.1 0.436
-0.7 0.436
-0.7 0.448
0.4 0.48
-3.2 0.437
-0.8 0.437
-0.8 0.429
-3.2 0.43
-9.2 0.15
-16.6 0.15
-6.2 0.489
-1.8 0.489
-1.8 0.465
-4.2 0.482
-4.9 0.4
-11.2 0.4
-6.0 0.55
1.7 0.55
1.7 0.5
-0.5 0.504
-0.8 0.436
0.0 0.436
0.0 0.438
1.8 0.442
0.5 0.475
2.1 0.475
2.1 0.455
1.2 0.512
-8.4 0.857
2.3 0.857
2.4 0.573
0.8 0.573
0.8 0.516
2.8 0.536
-6.8 0.45
-0.4 0.45
-0.4 0.473
1.8 0.516
-4.4 0.368
-2.2 0.368
-2.2 0.385
-2.3 0.375
-14.4 0.375
-0.3 0.458
0.3 0.458
0.3 0.496
1.4 0.464
-8.3 0.427
-2.4 0.427
-2.4 0.421
-1.4 0.451
-3.0 0.429
-1.5 0.429
-1.5 0.372
-4.1 0.455
-3.0 0.413
-2.1 0.413
-2.1 0.397
-3.1 0.385
0.3 0.5
-1.0 0.5
-1.0 0.537
1.7 0.534
-3.4 0.351
-6.1 0.351
-1.3 0.461
0.4 0.461
0.4 0.529
1.0 0.571
-0.6 0.407
-0.6 0.333
-0.7 0.513
-2.7 0.348
-2.7 0.468
1.8 0.445
-7.7 0.214
-7.7 0.325
-26.9 0.0
26.6 0.5
-1.6 0.575
-1.6 0.548
-3.4 0.51
-1.8 0.453
-1.8 0.433
-3.4 0.445
-3.8 0.412
-2.7 0.362
-2.7 0.394
-18.9 0.333
-18.9 0.083
-11.6 0.375
-7.8 0.483
-7.8 0.582
0.5 0.643
-3.7 0.263
-16.3 0.25
-0.3 0.448
-0.3 0.433
-1.4 0.445
-4.0 0.409
-4.4 0.42
-4.4 0.4
-11.5 0.167
-4.2 0.302
-4.2 0.352
-5.1 0.444
-6.5 0.367
-11.4 0.345
-5.2 0.355
-5.2 0.3
-1.5 0.409
-1.5 0.478
2.4 0.455
-6.7 0.361
-6.7 0.449
-4.8 0.433
-3.8 0.349
-7.3 0.344
-7.3 0.419
-1.3 0.403
-1.1 0.399
-1.1 0.393
-0.4 0.38
-2.8 0.447
-2.8 0.473
1.8 0.454
-11.3 0.421
-3.3 0.352
-3.3 0.419
-1.3 0.463
-5.4 0.377
-5.4 0.385
-2.1 0.574
-2.1 0.465
-1.9 0.5
-3.5 0.323
-3.5 0.355
-4.3 0.304
-4.3 0.469
0.2 0.502
-4.5 0.4
-4.5 0.25
-6.6 0.425
-1.1 0.414
-1.1 0.42
0.7 0.408
-0.8 0.415
-0.8 0.426
0.1 0.452
-3.7 0.449
-3.7 0.409
-8.4 0.269
-7.3 0.347
-1.1 0.419
-1.1 0.486
0.4 0.433
-3.8 0.35
-3.8 0.456
-3.0 0.415
-7.4 0.25
-3.6 0.404
-3.6 0.513
-2.3 0.44
-4.5 0.422
-4.5 0.452
-1.4 0.459
-1.3 0.0
-4.5 0.318
-4.5 0.296
-1.8 0.545
-1.8 0.536
-1.1 0.53
-2.7 0.396
-2.7 0.403
-5.0 0.456
-8.0 0.402
-8.0 0.452
-3.1 0.447
-2.4 0.533
-2.4 0.478
-8.5 0.273
-1.6 0.34
-1.6 0.282
-2.8 0.143
1.2 0.405
1.2 0.407
1.2 0.413
-4.5 1.0
-4.5 0.5
-2.6 0.382
-2.6 0.338
-4.9 0.399
0.8 0.462
0.8 0.521
0.7 0.595
-10.3 0.25
-10.3 0.636
2.6 0.66
-0.6 0.446
-0.6 0.417
-1.3 0.507
-9.0 0.367
-9.0 0.411
-6.0 0.5
-2.3 0.35
-2.3 0.364
-1.2 0.49
-1.2 0.493
-2.4 0.49
-5.9 0.414
-5.9 0.366
-6.1 0.426
-0.7 0.425
-0.7 0.436
-1.3 0.471
-0.9 0.463
-0.9 0.493
-0.3 0.515
-16.8 0.333
-16.8 0.429
-3.6 0.488
-2.5 0.452
-2.5 0.403
-4.7 0.352
-4.4 0.422
-4.4 0.442
1.1 0.367
1.1 0.348
0.7 0.359
-8.0 0.32
-8.0 0.318
-3.9 0.365
-3.9 0.385
-3.6 0.396
-8.4 0.333
0.5 0.568
0.5 0.6
-1.0 1.0
-5.6 0.395
-5.6 0.421
-4.0 0.481
-2.1 0.528
-2.1 0.501
-1.2 0.495
-3.0 0.0
-6.1 0.402
0.5 0.452
0.5 0.455
-2.3 0.437
-2.3 0.459
-2.1 0.452
-6.0 0.421
-6.0 0.394
-2.4 0.258
-3.8 0.353
-3.8 0.306
-4.6 0.431
-0.7 0.425
1.7 0.44
-1.2 0.424
0.3 0.424
-3.1 0.423
-5.0 0.36
0.7 0.53
3.2 0.442
-8.2 0.514
0.5 0.473
-4.7 0.316
0.9 0.579
-3.4 0.425
-1.9 0.652
-5.5 0.0
-2.8 0.355
-3.6 0.373
1.2 0.434
-0.9 0.558
-6.0 0.368
-7.4 0.545
-3.5 0.0
-2.6 0.353
4.8 0.578
-3.7 0.414
-1.2 0.399
-9.5 0.523
-2.8 0.362
3.6 0.545
-3.2 0.384
-2.1 0.461
-1.0 0.5
-4.3 0.387
1.1 0.642
-3.2 0.441
-4.3 0.377
-1.4 0.526
-2.3 0.451
-4.1 0.514
-5.8 0.421
-4.9 0.2
-1.3 0.332
-3.3 0.488
0.1 0.45
-0.4 0.449
-1.6 0.568
0.6 0.394
-6.6 0.367
-1.8 0.405
-1.0 0.42
-2.3 0.8
-2.8 0.556
2.8 0.542
-2.3 0.511
-6.1 0.365
-2.1 0.417
1.5 0.517
-0.6 0.356
-4.5 0.522
-0.7 0.422
-5.4 0.361
