-5.9 0.727
-3.2 0.5
2.2 0.801
2.0 0.841
1.7 0.869
0.3 0.866
0.8 0.784
0.9 0.726
-2.1 1.0
-4.4 0.81
-2.1 0.808
5.6 0.873
4.3 0.916
3.7 0.904
4.0 0.883
3.7 0.903
3.6 0.903
3.4 0.907
3.1 0.952
3.9 0.913
1.7 0.881
3.6 0.915
2.6 0.886
0.2 0.905
-4.5 0.621
-3.3 0.685
-1.5 0.769
1.2 0.74
1.5 0.692
0.8 0.734
1.3 0.715
1.0 0.75
1.0 0.728
-6.9 0.638
-8.3 0.481
3.6 0.856
0.9 0.859
2.5 0.824
0.3 0.805
-2.1 0.838
-1.5 0.877
1.0 0.737
-3.2 0.742
-0.3 0.789
-2.1 0.729
-2.6 0.73
-3.1 0.556
0.6 0.692
-2.9 0.732
-0.8 0.764
-1.7 0.818
-1.0 0.722
-0.6 0.659
3.5 0.888
3.0 0.878
1.2 0.854
1.9 0.853
-1.6 0.786
-2.9 0.785
1.1 0.667
-1.8 0.692
-0.1 0.816
-2.8 0.753
-2.5 0.803
-0.9 0.791
-1.6 0.81
-0.6 0.444
-4.0 0.938
-7.2 0.926
-0.2 0.762
-1.3 0.75
-3.5 0.791
-3.3 0.74
-3.1 0.7
-5.2 1.0
-6.7 0.684
-8.7 0.586
-6.1 0.75
-3.7 0.633
-2.8 0.673
-3.4 0.726
-1.5 0.529
-7.7 0.722
-7.0 0.9
-2.1 0.778
3.2 0.846
5.8 0.795
2.9 0.827
2.9 0.837
2.0 0.661
2.7 0.88
3.9 0.95
3.6 0.95
-1.4 0.931
3.2 0.86
3.0 0.845
0.7 0.873
0.8 0.828
-1.2 0.677
0.1 0.746
-0.1 0.742
-2.4 0.723
-2.9 0.664
-1.3 0.675
-9.1 0.75
-3.7 0.676
-0.5 0.786
-2.5 0.747
-2.1 0.788
1.8 0.776
1.8 0.868
1.3 0.853
-0.4 1.0
-0.1 0.892
-1.9 0.84
-6.3 0.773
-2.7 0.714
-0.8 0.83
-3.8 0.5
-10.0 1.0
0.6 0.897
-1.7 0.854
-2.8 0.87
-3.4 0.885
0.7 0.803
-0.4 0.861
1.0 0.815
2.1 0.775
2.3 0.849
1.0 0.83
0.1 0.78
-1.0 0.789
1.7 0.861
-0.2 0.629
-0.6 0.75
-1.4 0.885
1.5 0.878
4.2 0.878
3.4 0.898
3.8 0.894
4.7 0.883
4.4 0.918
6.1 0.913
2.5 0.91
3.1 0.916
1.9 0.895
-0.4 0.938
-0.2 0.833
0.8 0.5
-1.7 0.644
-0.5 0.571
-0.7 0.556
-0.8 0.811
-3.4 0.727
-3.0 0.719
0.8 0.713
-1.2 0.757
-3.6 0.754
-3.2 0.638
-5.4 0.615
1.5 0.958
-2.2 0.723
-3.5 0.798
-1.6 0.813
-2.1 0.556
-1.4 0.6
-1.4 0.6
-1.2 0.75
-2.8 0.83
0.4 0.479
-0.1 0.404
1.5 0.579
1.0 0.634
1.1 0.607
1.9 0.589
0.5 0.652
0.4 0.538
0.9 0.75
0.3 0.659
1.1 0.833
0.3 0.667
-2.1 0.786
-12.7 0.0
-2.7 0.77
-4.4 0.865
-2.3 0.877
-2.0 0.921
-0.9 0.874
-2.1 0.898
-1.2 0.831
1.3 0.922
1.3 0.806
4.3 0.837
2.2 0.683
2.2 0.742
6.2 0.685
4.5 0.773
5.1 0.752
4.4 0.775
6.3 0.761
5.1 0.787
-1.5 0.676
-2.8 0.738
-1.1 0.78
2.4 0.733
2.9 0.71
0.4 0.649
0.5 0.522
-1.4 0.522
-1.4 0.889
2.5 0.988
-5.2 0.5
-3.5 0.0
1.5 0.858
1.8 0.836
3.4 0.854
1.6 0.864
1.3 0.827
-0.3 0.787
-3.0 0.688
-3.9 0.0
-16.8 0.75
-7.1 0.707
-3.2 0.833
-3.2 0.871
-3.9 0.77
-2.6 0.583
4.2 0.829
4.4 0.843
6.4 0.852
5.7 0.816
4.6 0.85
5.8 0.868
4.7 0.84
5.4 0.856
4.5 0.811
3.6 0.828
3.8 0.845
2.3 0.839
4.7 0.857
-5.9 0.813
0.3 0.813
0.3 0.826
-6.6 0.75
-0.1 0.75
0.8 0.69
1.6 0.802
0.0 0.741
-3.8 0.778
2.7 0.782
1.7 0.794
-0.4 0.864
-3.2 0.8
-1.0 0.5
-4.3 0.725
-0.3 0.917
-1.8 0.628
-4.8 0.651
4.2 0.626
0.1 0.66
2.0 0.721
4.1 0.723
3.4 0.712
3.8 0.729
5.3 0.708
4.8 0.725
1.8 0.639
4.5 0.614
2.3 0.453
3.0 0.421
-0.7 0.797
1.3 0.801
-2.0 0.685
-1.9 0.764
-5.5 1.0
0.0 1.0
-4.2 0.878
3.4 0.873
1.9 0.704
-1.9 0.926
3.0 0.684
-4.3 0.857
-0.8 0.944
-2.9 0.944
2.4 0.833
-2.1 0.528
-3.8 0.66
-5.3 0.0
-9.5 0.686
-4.2 0.727
-3.8 0.0
-13.2 0.753
-0.6 0.731
-1.8 0.846
-2.2 1.0
-2.8 0.8
7.0 0.798
4.1 0.806
2.7 0.806
2.9 0.798
5.3 0.799
4.4 0.802
4.1 0.816
3.0 0.817
2.5 0.84
1.7 0.74
0.3 0.826
0.6 0.816
2.9 0.821
1.1 0.789
-1.4 0.789
-1.4 0.833
-1.2 0.765
1.1 0.86
2.3 0.861
2.6 0.873
4.3 0.865
0.6 0.863
1.8 0.879
-0.9 0.882
-0.6 0.582
-0.6 0.532
-1.0 0.676
1.2 0.783
0.7 0.743
-6.5 0.667
-5.7 0.687
-3.1 0.58
-1.2 0.61
-1.6 0.649
-5.3 1.0
-2.2 0.817
-4.7 0.667
3.6 0.851
3.9 0.81
4.2 0.86
1.5 0.897
-1.6 0.667
-1.6 0.667
-0.3 0.674
-0.5 0.656
1.1 0.0
-5.2 0.889
-9.8 0.75
-15.8 0.5
-7.2 0.75
-4.1 0.792
-3.3 0.815
0.7 0.784
1.1 0.754
-2.0 1.0
-6.1 0.892
-5.7 0.833
-6.3 0.667
-8.0 0.75
-5.3 1.0
-5.8 0.788
-3.0 0.676
-4.0 0.733
-5.0 0.875
4.8 0.866
-6.3 0.769
-2.2 0.806
-1.0 0.833
1.1 0.843
0.8 0.826
0.7 0.838
-0.6 0.864
-0.2 0.872
-1.7 0.857
0.8 0.854
-2.0 0.927
-1.7 0.871
-0.6 0.866
0.2 0.901
-1.0 0.901
-1.0 0.904
-2.6 0.857
-1.9 0.851
-1.1 0.815
0.0 0.894
0.1 0.883
-0.3 0.882
2.0 0.865
-2.4 0.906
-1.7 0.583
-4.6 0.864
-1.6 0.6
-3.7 0.75
-1.6 0.892
-3.6 0.791
-2.8 0.8
-2.3 0.845
-5.6 0.5
-4.2 0.645
-1.9 0.698
0.1 0.654
1.4 0.605
0.8 0.591
1.0 0.623
2.0 0.575
3.4 0.638
2.9 0.604
0.7 0.545
0.3 0.0
1.5 0.752
0.2 0.855
-0.9 0.842
0.3 0.816
1.0 0.845
-1.5 0.832
-2.6 0.776
-1.2 0.8
-0.1 0.818
-0.1 0.771
-2.1 0.765
-2.1 0.757
-0.2 0.642
3.3 0.58
4.2 0.71
2.7 0.673
5.6 0.761
4.7 0.675
3.2 0.745
3.4 0.75
3.6 0.757
-0.5 0.821
1.5 0.771
0.7 0.667
1.7 0.708
2.4 0.633
2.4 0.613
0.6 0.606
0.8 0.533
-2.7 0.654
-0.3 0.889
-3.3 0.773
-1.6 0.762
-2.0 0.833
-3.7 1.0
0.3 0.79
-1.8 0.748
-0.3 0.718
-0.2 0.815
-1.1 0.797
0.0 0.839
0.9 0.787
-1.2 0.861
-5.7 0.581
-0.2 0.56
-2.4 0.644
-1.4 0.815
-1.2 0.333
-4.2 0.0
-1.1 0.804
-0.7 0.782
0.2 0.841
-1.3 0.757
-2.3 0.741
-1.4 0.75
-1.6 0.833
-6.4 1.0
2.8 0.615
3.3 0.713
2.9 0.654
1.1 0.667
-4.4 0.826
-5.4 0.783
-5.6 0.865
-2.6 0.61
-3.4 0.8
-4.4 0.878
-3.6 0.5
-3.4 0.833
-7.9 0.772
-4.4 0.83
-4.8 0.78
-3.7 0.835
-3.3 0.809
-2.4 0.845
-1.8 0.825
-1.1 0.77
-4.2 0.83
-2.2 0.742
-3.9 0.857
-6.8 0.793
-1.5 0.0
-4.7 1.0
-2.2 0.533
-3.7 0.0
5.4 0.799
7.6 0.71
7.4 0.599
7.3 0.67
6.4 0.629
4.6 0.637
7.1 0.73
4.7 0.692
4.6 0.725
5.6 0.716
3.8 0.695
2.4 0.817
4.1 0.731
3.2 0.74
5.5 0.74
5.5 0.702
0.3 0.796
-5.1 0.848
-0.2 0.854
-2.7 0.795
-5.3 0.833
-5.3 0.7
0.2 0.631
-1.5 0.758
-1.2 0.606
-2.4 0.75
-3.4 0.701
1.1 0.944
0.6 0.769
2.3 0.837
1.0 0.861
1.6 0.85
2.3 0.831
1.0 0.852
-0.4 0.918
-0.4 0.8
-1.0 0.823
-0.5 0.533
0.7 0.847
0.8 0.8
-0.9 0.797
-1.4 0.862
-1.0 0.833
0.5 0.853
-1.6 0.883
-0.3 0.846
0.6 0.856
-0.8 0.806
-1.2 0.851
-3.0 0.921
-4.1 0.775
-7.2 0.668
-3.7 0.657
-2.4 0.75
-5.6 0.68
-3.5 0.5
-2.9 0.795
-1.8 0.655
-3.3 0.815
-2.8 0.88
-2.9 0.767
-7.4 0.769
-4.5 0.75
-13.2 0.813
-1.4 0.61
0.2 0.54
-0.5 0.669
3.1 0.634
0.6 0.604
2.0 0.639
0.9 0.593
2.5 0.658
1.6 0.556
-1.3 0.563
2.1 0.667
1.1 0.824
0.6 0.754
-0.4 0.733
-1.6 0.398
-1.2 0.673
1.5 0.543
-1.7 0.556
0.4 0.612
-0.6 0.44
0.8 0.471
-2.0 0.5
6.6 0.773
2.9 0.8
4.9 0.775
2.5 0.823
2.2 0.787
0.1 0.829
0.7 0.565
-4.2 0.607
-2.8 0.588
5.7 0.801
6.7 0.751
8.7 0.791
9.9 0.811
9.7 0.81
7.9 0.835
5.0 0.801
7.4 0.841
4.0 0.837
2.6 0.862
4.0 0.857
3.6 0.786
1.0 0.809
-1.9 0.8
-0.2 0.8
-0.2 0.667
-1.3 0.0
-3.3 0.836
0.1 0.83
-0.1 0.0
-11.6 0.879
-4.0 0.811
-2.2 0.889
-3.9 0.8
-3.3 0.701
-5.5 0.5
-7.3 0.675
0.7 0.79
-1.3 0.76
0.1 0.75
-3.2 0.674
-0.8 0.75
-0.6 0.706
-2.9 0.773
-1.8 0.696
-7.6 0.795
-3.5 0.677
-3.7 0.764
-2.5 0.735
-3.5 0.9
-1.7 0.757
-2.8 0.784
-1.7 0.769
-3.1 0.8
-7.5 0.5
-0.2 0.849
0.3 0.771
0.9 0.782
-1.4 0.722
-2.6 0.875
1.0 0.721
0.4 0.0
-3.3 0.722
-2.9 0.837
2.4 0.844
0.9 0.0
-3.0 0.75
0.3 0.774
2.3 0.789
0.3 0.556
-2.3 0.757
-1.5 1.0
-3.1 0.714
-2.5 0.767
-5.9 0.815
-4.7 0.0
-0.1 0.504
-2.1 0.481
-5.4 0.6
-1.6 0.387
-2.2 0.89
-1.8 0.833
-0.3 0.868
1.3 0.858
0.4 0.845
0.2 0.861
1.1 0.833
2.5 0.848
-0.1 0.846
-2.5 0.849
-2.5 0.784
-2.1 0.857
-24.6 0.652
-5.9 1.0
-12.6 0.698
-2.5 0.604
-4.4 0.667
1.9 0.81
0.0 0.794
0.0 0.804
-1.9 0.739
-3.3 1.0
1.7 0.794
-1.5 0.5
-0.6 0.743
-0.6 0.792
2.4 0.688
0.1 0.778
0.7 0.725
-0.6 0.767
-0.8 0.712
-1.5 0.764
-2.5 0.799
-1.2 0.77
-1.8 0.734
0.4 0.672
-1.3 0.694
-1.1 0.694
-0.8 0.774
-0.1 0.793
-1.1 0.757
-1.9 0.735
-1.1 0.676
-0.5 0.75
-3.8 0.771
-2.7 0.709
-2.6 0.82
-2.0 0.744
-3.9 0.718
-0.8 0.626
-4.4 0.773
-8.1 0.625
-0.9 0.842
0.1 0.804
-1.4 0.846
-3.0 0.812
-15.8 1.0
-1.6 0.5
-3.0 0.0
-5.2 0.6
-1.0 0.67
-2.5 0.735
-4.8 1.0
-3.4 0.533
-3.3 0.638
-3.0 0.667
-3.3 0.539
-0.3 0.673
-2.4 0.702
-5.2 0.571
0.3 0.863
-0.8 0.819
-1.7 0.65
-4.5 0.675
-3.4 0.75
0.9 0.84
-1.3 0.82
-1.7 0.845
1.9 0.873
0.3 0.783
4.1 0.769
2.0 0.645
3.3 0.789
3.5 0.647
3.2 0.594
2.8 0.643
-5.3 0.857
-2.7 0.861
-2.3 0.8
-2.1 0.852
-1.3 0.805
-2.4 0.917
-2.1 0.917
0.8 0.792
2.0 0.923
-3.2 0.95
0.3 0.87
-0.7 0.919
0.2 0.913
-1.4 0.837
-0.4 0.761
-0.6 0.803
1.2 0.809
-2.8 0.843
-1.2 0.806
-2.3 0.824
-1.8 0.786
-4.9 0.676
-3.9 0.786
-1.7 0.829
-4.1 0.8
-8.9 1.0
-5.0 0.876
-3.1 0.9
-1.0 0.818
-4.2 0.778
-4.0 0.923
-4.6 0.813
-4.7 1.0
-0.9 0.737
-0.4 0.731
0.4 0.797
-0.1 0.777
4.1 0.756
-0.3 0.676
-0.5 0.798
-2.1 0.807
-1.1 0.832
0.5 0.5
-1.9 0.723
-4.1 0.625
-0.7 0.793
-1.3 0.5
-1.7 0.909
-1.4 0.778
-2.7 0.6
-4.2 1.0
-2.1 0.754
-2.2 0.781
-0.9 0.746
1.7 0.799
1.0 0.834
1.8 0.807
2.0 0.802
-0.1 0.799
-0.9 0.743
-3.2 0.783
4.8 0.812
3.8 0.774
2.8 0.745
2.5 0.835
4.3 0.814
3.5 0.795
0.8 0.809
1.6 0.781
-0.7 0.794
0.0 0.81
1.3 0.846
2.4 0.752
1.0 0.862
-0.2 0.733
0.1 0.774
0.1 0.79
-0.1 0.851
-1.3 0.5
-3.0 0.862
-0.4 0.855
-1.3 0.843
1.6 0.931
0.3 0.692
-2.4 0.825
-6.2 0.765
-3.7 0.79
-2.9 0.828
-3.1 0.805
-4.4 0.874
-0.5 0.791
0.4 0.763
-3.7 0.718
-2.1 0.706
-4.5 0.76
1.7 0.785
0.8 0.83
0.4 0.786
0.2 0.813
-0.6 0.832
0.1 0.826
0.2 0.779
0.8 0.816
-0.2 0.825
-1.6 0.7
-2.4 0.5
-6.8 0.333
0.0 0.734
-0.2 0.789
0.3 0.748
1.4 0.76
-1.2 0.731
0.0 0.736
0.9 0.76
0.3 0.754
0.7 0.647
-0.5 0.731
-0.9 0.683
-1.1 0.691
-1.1 0.72
-5.7 0.64
-1.4 0.689
-2.4 0.798
-0.5 0.752
0.1 0.752
-0.3 0.754
-4.1 0.814
-3.0 0.753
-1.3 0.95
-2.6 0.742
-4.2 0.769
-5.4 0.667
-3.3 0.81
0.6 0.455
-2.5 0.682
-0.8 0.607
-0.2 0.64
-3.0 0.5
-2.3 0.729
-2.3 0.741
-1.4 0.764
-1.9 0.791
2.5 0.64
-1.1 0.682
-2.1 0.714
-2.2 0.0
4.3 0.837
4.2 0.822
4.7 0.835
2.3 0.806
2.4 0.781
3.0 0.787
0.7 0.714
-0.6 0.662
0.0 0.687
-1.3 0.609
-4.1 0.733
-0.4 0.727
-1.2 1.0
-1.6 0.815
0.8 0.455
-5.6 0.0
-4.4 0.794
-3.3 0.742
-1.5 0.975
-3.0 0.882
4.8 0.814
5.1 0.841
6.9 0.827
4.5 0.74
5.6 0.795
5.5 0.778
5.0 0.818
2.8 0.819
4.5 0.808
4.3 0.87
3.1 0.786
2.5 0.833
-1.0 0.757
-3.3 0.541
-4.6 0.754
-1.4 0.852
-0.7 0.803
0.2 0.805
-2.4 0.873
-3.0 0.75
-6.8 0.762
-6.5 0.769
2.5 0.712
-0.4 0.706
2.5 0.729
1.8 0.721
0.4 0.714
1.2 0.868
1.2 0.833
2.6 0.8
0.1 0.763
2.0 0.695
2.6 0.682
2.7 0.769
1.5 0.811
2.5 0.68
0.3 0.769
-4.5 0.579
-1.5 0.913
-9.8 0.727
-6.3 0.6
-5.4 1.0
-0.7 0.783
-1.7 0.804
-1.5 0.791
-1.4 0.625
-3.5 0.516
-3.3 0.65
2.5 0.81
2.9 0.82
0.9 0.763
1.4 0.777
2.8 0.818
2.5 0.841
3.3 0.838
4.0 0.836
4.2 0.806
2.7 0.802
0.2 0.838
-3.0 0.622
-3.2 0.788
-14.3 0.909
-1.8 1.0
-8.2 0.667
-7.7 0.882
-3.7 0.0
-5.3 0.0
-10.4 0.529
-2.6 0.2
-0.7 0.699
-3.7 0.783
-1.7 0.673
-4.4 0.762
-2.0 0.875
-1.9 0.771
-2.7 0.861
-2.8 0.855
-2.8 0.883
-3.2 0.781
-3.8 0.737
2.3 0.625
-1.4 0.554
1.0 0.667
-1.3 0.739
-1.2 0.671
2.0 0.671
-2.8 0.648
0.6 0.59
-2.5 0.483
-1.2 0.5
-1.6 0.426
-3.4 0.517
-3.5 0.25
-7.9 0.0
-0.5 0.801
-0.6 0.802
-0.2 0.848
1.8 0.857
1.7 0.828
-0.4 0.82
0.2 0.812
1.4 0.824
-2.6 0.835
-1.0 0.834
-2.7 0.856
-5.2 0.75
-2.8 0.73
-1.3 0.717
0.0 0.751
-1.6 0.602
-3.9 0.535
-4.3 0.541
-4.7 0.455
-12.2 0.483
-3.4 0.356
-7.0 0.5
-2.7 0.259
0.8 0.59
5.9 0.797
3.7 0.763
4.5 0.747
-0.5 0.667
-1.2 0.833
3.7 0.781
0.8 0.803
2.4 0.817
2.2 0.834
3.4 0.755
-0.3 0.769
0.1 0.716
-1.7 0.462
4.2 0.845
2.6 0.851
5.5 0.851
3.8 0.833
4.9 0.809
5.3 0.81
5.5 0.707
4.5 0.796
1.1 0.755
0.4 0.768
1.2 0.796
1.1 0.782
2.8 0.785
1.1 0.765
-1.3 0.765
4.0 0.708
1.9 0.756
1.8 0.736
3.2 0.791
3.9 0.748
-0.7 0.663
0.2 0.864
-3.5 0.5
-2.0 0.5
-0.7 0.678
0.9 0.653
1.2 0.684
1.9 0.646
1.6 0.712
-0.2 0.25
-10.2 0.58
0.1 0.604
0.9 0.557
0.2 0.583
1.8 0.37
-1.5 0.425
0.5 0.579
1.1 1.0
-0.8 1.0
2.3 0.876
0.3 0.848
2.0 0.813
2.7 0.697
0.3 0.718
-3.0 0.848
-1.6 0.749
-1.1 0.769
-0.3 0.802
-1.4 0.682
-5.5 0.663
-3.5 0.659
-2.6 0.541
-4.9 0.75
-6.1 0.718
-5.3 0.774
-4.7 0.683
-4.8 0.762
-3.2 0.684
-1.1 0.622
-0.3 0.756
-0.3 0.517
-1.8 0.571
-1.2 0.81
-2.2 0.25
-3.5 0.548
-4.5 0.0
-13.3 0.2
1.1 0.818
5.6 0.748
6.0 0.793
9.7 0.796
5.8 0.774
6.8 0.747
4.8 0.707
6.2 0.684
2.4 0.801
1.4 0.746
-3.3 0.698
-0.3 0.675
0.3 0.836
-1.5 0.746
-5.1 0.797
-1.7 0.813
-2.5 0.69
-5.0 0.688
-6.5 0.767
-0.5 0.714
1.9 0.787
1.4 0.836
1.4 0.757
1.3 0.625
-0.9 0.5
-3.7 0.0
-6.3 0.661
-1.1 0.721
-7.6 0.767
-2.2 0.821
-6.2 0.0
-13.8 0.85
-2.3 0.798
-5.1 0.802
-4.2 0.765
-5.7 0.7
-5.0 0.693
-6.1 0.724
-4.9 0.663
-3.9 0.678
-2.2 0.716
-0.1 0.62
0.5 0.594
-3.6 0.642
-0.3 0.6
-1.1 0.534
2.9 0.817
3.4 0.795
-0.5 0.832
2.8 0.838
1.0 0.738
0.5 0.784
0.5 0.772
1.7 0.826
2.8 0.821
1.6 0.853
1.1 0.811
-0.8 0.84
-0.1 0.779
-1.8 0.753
-3.0 0.753
-3.0 0.75
-0.7 0.775
2.9 0.818
3.8 0.778
4.3 0.812
4.5 0.828
2.8 0.772
-0.1 0.848
2.6 0.824
1.2 0.827
-0.8 0.83
1.7 0.833
-0.4 0.762
0.2 0.839
-0.7 0.723
1.1 0.72
3.0 0.8
2.6 0.793
2.1 0.774
1.4 0.732
1.4 0.824
2.0 0.676
-0.6 0.4
-0.6 0.727
0.6 0.821
0.1 0.75
-3.0 0.75
-3.0 0.0
-2.7 1.0
2.4 0.911
2.9 0.9
1.9 0.885
2.9 0.933
-5.9 0.794
-2.6 0.889
-4.9 0.776
0.7 0.85
0.7 0.858
1.3 0.811
1.8 0.82
-0.1 0.839
0.3 0.837
-0.4 0.819
-1.5 0.722
-2.4 0.617
-4.1 0.634
-6.6 0.592
-1.9 0.674
-1.4 0.785
-1.0 0.61
-1.8 0.583
-0.9 0.55
-6.5 0.648
-0.7 0.598
-3.3 0.565
-2.2 0.723
-2.8 0.533
-3.3 0.333
-5.3 0.333
-5.3 1.0
-11.9 0.0
-7.1 0.659
-1.2 0.579
-3.5 0.769
-5.2 0.323
-1.2 0.769
-1.4 0.8
-0.2 0.857
-1.4 0.787
-1.5 0.742
-4.8 0.681
0.1 0.736
-0.8 0.787
-2.2 0.636
-6.5 0.75
0.5 0.657
-1.3 0.817
-4.5 0.81
-2.7 0.778
-7.8 0.0
1.4 0.764
1.3 0.727
-2.7 0.681
-0.1 0.741
-1.0 0.758
-2.4 0.69
-0.5 0.711
-0.4 0.667
-13.6 0.8
-4.4 0.723
-3.3 0.746
-7.6 0.571
-4.1 0.747
-2.0 0.824
-5.4 0.81
-5.0 0.806
-2.5 0.867
0.1 0.676
1.1 0.681
2.7 0.652
-0.8 0.637
-1.8 0.781
-0.3 0.715
1.8 0.708
1.4 0.364
-3.8 0.583
-1.3 0.545
-3.1 0.5
2.2 0.887
2.3 0.909
3.3 0.916
1.0 0.887
1.7 0.921
3.7 0.899
3.8 0.906
1.6 0.933
0.0 0.938
1.8 0.912
0.6 0.894
-0.5 0.922
-1.1 0.917
-3.2 0.688
-2.7 0.549
-0.1 0.642
0.6 0.474
2.9 0.467
1.4 0.6
-0.1 0.68
1.2 0.755
1.1 0.781
-0.8 0.2
-4.3 0.852
-0.3 0.778
-0.9 0.783
-4.0 0.797
-2.3 0.688
-4.5 0.6
-0.5 0.769
-2.6 0.724
0.1 0.751
-2.1 0.684
-2.4 0.761
-3.4 0.833
-6.0 0.69
4.7 0.853
4.7 0.881
5.7 0.877
3.4 0.869
5.7 0.901
5.7 0.904
6.7 0.879
5.2 0.89
1.2 0.915
2.6 0.892
3.8 0.896
1.8 0.86
1.7 0.899
3.3 0.882
0.7 0.882
0.7 0.893
0.9 0.875
0.5 0.688
0.2 0.731
2.6 0.757
1.8 0.754
-0.6 0.709
1.9 0.767
0.4 0.742
-2.0 0.788
-1.1 0.72
0.0 0.674
-3.0 0.677
-1.7 0.835
-2.0 0.75
7.3 0.555
7.0 0.622
6.3 0.49
5.4 0.461
5.6 0.469
2.6 0.422
0.9 0.503
-0.7 0.595
2.0 0.496
-0.5 0.557
0.0 0.75
-3.6 0.824
-1.3 0.833
4.6 0.656
0.4 0.777
0.3 0.742
3.2 0.695
1.6 0.69
3.4 0.7
1.7 0.698
3.8 0.623
2.9 0.693
3.1 0.675
3.7 0.592
-3.1 0.476
2.0 0.56
-3.5 0.824
-3.6 0.753
-2.4 0.835
-3.2 0.667
-6.3 0.837
-4.3 0.822
-5.1 0.8
-4.6 0.833
-3.8 1.0
-4.9 0.622
-3.1 0.657
-3.9 0.59
-3.1 0.667
-4.0 0.511
-5.2 0.667
0.9 0.485
0.5 0.51
0.4 0.579
2.4 0.342
-1.8 0.5
4.7 0.422
1.7 0.621
1.9 0.526
2.0 0.556
-1.2 0.625
0.4 0.591
1.5 0.0
-7.2 0.571
-3.9 0.611
-5.7 0.636
-3.2 0.733
-4.5 0.745
-2.9 0.833
0.5 0.735
0.9 0.757
-0.6 0.75
0.1 0.725
1.5 0.794
0.4 0.462
-3.5 0.73
-4.6 0.747
-4.3 0.662
-6.3 0.742
-4.0 0.653
-1.1 0.375
-5.3 0.605
-1.3 0.667
2.2 0.701
1.9 0.627
-0.1 0.553
0.9 0.599
0.6 0.601
-1.0 0.641
1.5 0.558
4.3 0.797
4.6 0.71
3.2 0.714
2.1 0.761
-0.3 0.794
-0.2 0.667
-0.5 0.862
-0.3 0.78
-0.4 0.836
-1.0 0.889
-2.0 0.75
-4.2 0.5
-1.8 0.798
1.9 0.814
-0.3 0.795
-3.2 0.692
-0.1 0.751
1.2 0.789
-1.1 0.809
0.7 0.832
1.0 0.82
1.0 0.683
-0.7 0.765
-0.1 0.632
-4.3 0.611
-2.8 0.0
0.6 0.894
0.9 0.828
0.2 0.875
-3.0 0.804
-0.1 0.4
-3.9 1.0
-4.4 1.0
3.2 0.809
4.9 0.802
4.2 0.819
2.1 0.822
4.3 0.772
4.3 0.796
3.4 0.843
4.7 0.83
2.5 0.852
2.7 0.86
4.7 0.852
4.4 0.787
3.4 0.826
1.5 0.781
1.5 0.781
1.5 0.818
-2.8 0.769
2.7 0.774
2.2 0.818
2.0 0.63
0.6 0.693
2.0 0.605
-1.4 0.571
-1.6 0.673
-0.8 0.763
0.8 0.5
-3.0 0.682
-1.7 0.524
2.2 0.819
0.9 0.793
0.7 0.833
0.7 0.83
4.6 0.865
0.5 0.787
1.4 0.827
1.8 0.809
2.9 0.822
-0.3 0.825
-0.7 0.733
-7.9 0.756
-8.9 0.867
-3.0 0.742
-3.1 0.759
-7.0 0.641
-3.6 0.871
-1.6 0.588
-5.7 0.0
-3.8 0.692
-3.9 0.422
-1.3 0.5
-1.3 0.419
-5.8 0.517
1.2 0.532
0.8 0.37
-1.0 0.68
-1.3 0.663
0.4 0.647
-1.9 0.519
-4.7 0.611
-5.3 0.0
3.3 0.545
-5.2 0.72
0.0 0.645
1.4 0.692
-0.5 0.651
-0.5 0.75
-4.4 0.674
-0.2 0.6
1.0 0.76
-0.4 0.0
-6.5 1.0
-14.3 0.791
0.6 0.805
2.5 0.868
2.2 0.854
-0.1 0.877
2.4 0.829
0.5 0.82
0.5 0.814
1.1 0.712
-2.1 1.0
-5.1 0.793
-0.6 0.647
-3.2 0.5
0.0 0.8
-4.2 0.759
-1.0 1.0
-0.3 0.765
1.4 0.685
-3.5 0.74
-0.8 0.739
1.9 0.67
-1.6 0.692
0.9 0.682
-2.7 0.761
-1.5 0.732
2.0 0.75
-1.6 0.833
-1.2 1.0
-1.4 0.955
-4.3 0.765
0.8 0.694
0.2 0.676
0.8 0.711
-0.8 0.639
-1.6 0.658
-1.7 0.444
5.5 0.681
3.9 0.71
0.2 0.75
-4.1 0.81
-0.6 0.651
0.7 0.837
-0.4 0.876
-1.0 0.832
-2.5 0.87
0.1 0.0
-0.2 0.526
1.0 0.785
1.3 0.756
-0.6 0.765
0.8 0.743
-1.3 0.724
-4.7 0.81
-3.4 0.892
1.8 0.839
0.6 0.854
-0.8 0.81
-2.1 0.854
-0.8 0.78
-2.5 0.917
0.8 0.72
-1.2 0.791
-0.2 0.813
-1.0 0.737
-2.3 0.781
-2.7 0.808
-3.6 0.725
-7.2 0.784
-1.7 0.25
2.8 0.821
-0.9 0.768
-1.2 0.769
-0.4 0.792
0.8 0.0
-4.6 0.0
-3.1 0.4
-1.3 0.692
-0.9 0.667
-4.8 0.608
-1.9 0.602
-1.3 0.572
-1.1 0.357
0.0 0.482
-2.1 0.582
-2.8 0.524
-2.6 0.638
-3.8 0.75
-10.4 0.0
-6.0 0.0
-2.3 0.7
-4.0 0.6
-2.1 0.656
-1.8 0.83
0.7 0.779
-0.9 0.859
0.7 0.768
-0.2 0.774
-2.1 0.845
-2.9 0.755
-2.1 0.72
-1.9 0.813
-4.9 1.0
1.1 0.878
1.3 0.833
-1.0 0.928
-3.6 0.863
-0.2 0.806
0.1 0.858
0.9 0.797
-1.2 0.738
-3.6 0.688
-2.6 0.637
-3.0 0.455
-2.9 0.515
0.5 0.821
-0.5 0.794
0.5 0.814
-0.5 0.83
3.7 0.858
0.7 0.878
0.7 0.806
-3.5 0.849
-1.0 0.882
-1.8 0.847
0.1 0.892
-1.3 1.0
-8.3 0.797
-2.2 0.714
-6.6 0.913
-4.2 0.87
-1.6 0.805
-4.3 0.481
-3.3 0.53
-3.5 0.611
-7.8 0.698
-4.9 0.691
-6.7 0.676
-3.5 0.554
-5.9 0.744
-2.6 0.704
-1.7 0.797
-0.4 0.533
-4.7 0.714
-5.0 0.767
-0.3 0.563
-4.5 0.522
-6.0 0.545
-3.6 0.667
-6.2 0.75
-6.4 0.429
-0.5 0.846
3.5 0.857
3.3 0.826
2.5 0.876
2.7 0.875
3.1 0.927
3.7 0.92
1.3 0.915
1.2 0.816
-1.9 0.929
1.8 0.894
-0.6 0.897
-1.0 0.92
1.1 0.888
0.6 0.791
-1.9 0.876
0.6 0.915
1.1 0.855
-0.6 0.795
-2.6 0.794
-1.4 0.845
-1.0 0.805
-1.0 0.863
-0.6 0.813
-5.3 0.568
-4.7 0.0
-1.8 0.766
-0.4 0.738
-2.2 0.735
-3.2 0.9
-5.6 0.0
-7.2 0.0
-10.2 0.5
-19.4 1.0
-2.8 0.72
1.0 0.696
-0.6 0.757
1.8 0.75
-1.5 0.711
-1.5 0.722
-0.9 0.725
-0.1 0.758
-1.1 0.651
-3.4 0.724
-4.2 0.67
-3.4 0.5
1.2 0.831
1.9 0.867
1.4 0.828
-2.0 0.855
0.8 0.897
1.0 0.897
-2.7 0.851
-2.6 0.849
1.4 0.835
3.2 0.887
1.4 0.827
0.9 0.844
3.0 0.8
2.9 0.804
3.7 0.857
2.7 0.88
2.5 0.866
0.8 0.85
0.6 0.883
0.9 0.87
-0.6 0.667
-4.2 0.813
-0.4 0.813
-0.4 0.818
-2.8 0.828
-1.5 0.664
0.1 0.746
0.2 0.752
0.6 0.762
-1.1 0.676
0.7 0.513
-1.8 0.0
-5.9 0.0
-2.0 0.583
2.1 0.815
-0.3 0.75
0.9 0.835
0.3 0.786
0.0 0.815
-1.2 0.789
-2.2 0.663
0.4 0.822
1.1 0.8
-0.8 0.625
1.1 0.7
-1.3 0.462
0.7 0.793
-2.4 0.78
-2.0 0.784
0.2 0.786
-2.2 0.667
-3.1 0.708
0.5 0.752
-0.6 0.736
-2.5 0.875
0.8 0.631
-1.4 0.648
1.1 0.547
-0.6 0.539
-4.5 0.639
-0.9 0.594
-0.1 0.758
-3.9 0.698
-3.2 0.672
-3.8 0.59
-2.3 0.778
-1.5 0.655
-0.9 0.667
-0.8 0.726
0.1 0.8
-2.2 0.708
2.2 0.836
-0.8 0.861
2.3 0.781
1.1 0.829
3.3 0.807
2.1 0.774
1.0 0.679
2.7 0.705
0.1 0.5
-7.3 0.5
0.2 0.545
-0.9 0.545
1.1 0.801
0.7 0.764
-0.3 0.707
-2.4 0.784
-1.8 0.683
-1.3 0.8
0.2 0.804
0.0 0.859
1.6 0.815
-0.2 0.832
-2.2 0.825
-2.8 0.776
-4.1 0.779
-6.2 0.835
-4.5 0.728
-4.6 0.754
-3.2 0.763
-4.8 0.889
-5.9 0.752
-2.3 0.667
-0.2 0.74
-1.1 0.684
-2.2 0.683
-2.7 0.681
-2.6 0.828
-4.7 0.786
3.9 0.741
3.0 0.615
0.3 0.554
1.7 0.539
-0.4 0.628
0.0 0.438
-3.1 0.53
-2.6 0.667
0.6 0.653
-2.6 0.659
-5.3 0.667
-6.6 1.0
3.4 0.423
5.9 0.45
5.1 0.49
5.1 0.428
3.8 0.416
5.8 0.408
5.7 0.426
1.5 0.422
3.0 0.406
3.9 0.333
1.8 0.34
-5.2 0.87
4.1 0.734
2.6 0.735
2.4 0.736
1.9 0.697
1.4 0.743
3.5 0.788
2.3 0.767
4.0 0.772
1.4 0.768
1.9 0.81
0.9 0.774
2.1 0.741
1.0 0.846
2.0 0.795
-0.8 0.768
0.5 0.736
-0.7 0.829
4.9 0.749
6.2 0.607
3.8 0.711
-0.3 0.794
1.0 0.756
-0.4 0.638
1.4 0.417
2.6 0.741
2.0 0.722
0.7 0.754
-2.7 0.75
-0.3 0.679
1.8 0.561
-5.2 0.643
0.3 0.734
-1.7 0.781
0.8 0.753
-2.0 0.857
0.4 0.807
-0.7 0.714
-4.0 0.539
-2.0 0.68
-4.0 0.5
-4.9 0.35
-1.5 0.88
1.0 0.826
-4.9 1.0
-0.5 0.699
0.1 0.785
-1.0 0.677
-0.9 0.882
-6.0 0.69
-2.0 0.818
-3.2 0.778
0.6 0.736
0.2 0.782
0.1 0.776
-2.9 0.731
-2.4 0.75
-0.3 0.76
-2.1 0.696
-1.9 0.737
-5.3 0.571
-1.0 0.792
-0.5 0.84
0.1 0.837
0.3 0.792
-0.5 0.867
0.4 0.913
-0.3 0.863
0.4 0.676
1.4 0.555
0.8 0.684
0.4 0.669
-3.9 0.657
-0.7 0.75
-2.0 0.732
-5.3 0.786
-4.4 0.593
-2.7 0.818
-1.1 0.795
-1.9 0.765
-2.1 0.879
-0.9 0.784
-1.5 0.62
-2.3 0.805
-1.3 0.79
-1.6 0.731
-2.6 0.799
-3.4 0.776
-7.1 0.715
-3.3 0.747
-5.2 0.614
-3.7 0.615
-2.7 0.739
-0.7 0.667
2.9 0.736
4.3 0.733
4.2 0.922
4.0 0.675
1.6 0.74
3.3 0.719
2.7 0.748
2.3 0.688
1.5 0.676
1.1 0.617
0.5 0.734
1.4 0.625
-1.7 0.569
-3.8 0.659
-2.4 0.733
-1.3 0.662
-0.6 0.564
-1.3 0.281
-3.0 0.5
-6.9 0.375
-13.8 0.737
-1.7 0.724
-6.8 0.9
-6.7 0.583
-1.4 0.802
-3.9 0.758
-4.6 0.929
-2.3 0.605
-3.9 0.824
-5.2 0.92
-3.9 0.476
-4.6 0.923
-5.0 0.5
-1.9 0.55
-2.7 0.589
0.5 0.689
1.2 0.476
1.2 0.791
2.2 0.748
1.1 0.814
4.0 0.82
5.5 0.844
5.0 0.771
0.7 0.75
-1.7 0.739
2.5 0.784
-1.5 0.7
-8.7 0.833
-9.5 0.5
-4.8 0.818
-3.7 0.804
-0.3 0.799
-4.8 0.774
-2.3 0.795
-2.0 0.853
-5.2 0.0
-14.4 0.0
1.9 0.828
3.6 0.732
3.3 0.789
3.7 0.707
4.0 0.779
3.3 0.743
3.8 0.821
3.4 0.726
2.1 0.688
2.5 0.622
1.7 0.842
2.0 0.652
-4.3 0.0
9.8 1.0
-5.5 0.522
-2.6 0.5
-9.8 0.375
-3.9 0.667
-3.4 0.444
-3.1 0.167
-4.1 0.462
-2.5 0.6
-5.3 0.667
-6.1 0.745
0.1 0.732
-2.9 0.632
-5.1 0.6
-11.5 0.75
-11.3 0.5
-22.7 0.444
-1.2 0.625
-4.4 0.63
-0.9 0.8
-3.5 0.668
-2.7 0.683
-0.5 0.574
-4.4 0.545
-1.7 0.44
0.7 0.408
-2.0 0.516
-1.9 0.337
-5.6 0.589
-2.3 0.441
-6.2 0.368
-4.8 0.786
-1.6 0.5
-24.3 0.787
-2.0 0.608
-0.3 0.669
-2.1 0.673
3.1 0.503
2.2 0.527
2.5 0.593
2.4 0.579
-0.9 0.732
-1.6 0.732
2.2 0.689
4.1 0.694
3.5 0.632
1.3 0.72
4.2 0.72
4.2 0.62
-0.5 0.734
-0.7 0.684
0.1 0.813
0.9 0.736
-0.5 0.769
0.1 0.55
-1.3 0.71
-2.8 0.718
-1.1 0.697
-2.6 0.717
-0.7 0.651
-2.2 0.622
-2.2 0.727
-3.9 0.4
-4.2 0.7
-0.9 0.763
-0.6 0.739
0.0 0.656
-1.1 0.512
-2.1 0.465
-3.5 0.459
-4.6 0.464
-4.8 0.0
-6.7 0.659
-3.9 0.467
-5.1 0.719
-3.4 0.75
-4.4 0.624
-3.0 0.671
-3.3 0.72
-1.9 0.632
-4.2 0.615
-2.9 0.623
-4.5 0.333
-17.3 0.588
-8.0 0.367
-3.5 0.6
-0.7 0.0
-3.0 0.542
3.4 0.558
2.4 0.543
1.1 0.333
-0.9 0.222
-2.0 0.364
-3.3 0.167
-4.1 0.0
-4.0 0.791
-3.3 0.849
-5.4 0.8
-6.4 0.333
-13.6 0.5
-9.9 0.667
-1.6 0.847
-1.3 0.722
-2.6 0.0
2.2 0.736
2.1 0.714
2.7 0.768
3.8 0.689
5.1 0.748
4.2 0.807
2.9 0.781
5.0 0.79
5.4 0.823
5.3 0.782
3.7 0.702
1.5 0.736
0.6 0.803
2.8 0.803
2.8 0.792
4.0 0.707
-2.0 0.617
-2.0 0.745
-3.2 0.787
-0.3 0.789
-1.8 0.744
-2.3 0.783
-1.8 0.7
-4.7 0.8
-3.0 0.754
-12.1 0.5
0.6 0.633
-0.1 0.585
-0.3 0.609
1.0 0.585
-0.6 0.548
-0.7 0.735
1.4 0.476
-1.7 0.62
0.7 0.362
-1.0 0.469
-0.5 0.455
-4.9 0.409
-2.3 0.333
-4.0 0.479
-0.5 0.514
-2.9 0.49
-1.9 0.45
-4.6 0.727
-2.2 0.587
-2.1 0.66
-3.2 0.723
-1.8 0.625
-6.5 0.556
-8.3 1.0
-7.6 0.0
-2.9 0.732
-1.5 0.811
0.2 0.752
1.3 0.837
1.9 0.837
-2.3 0.813
-4.8 0.829
-4.0 0.5
-0.4 0.743
1.9 0.763
2.5 0.844
0.1 0.812
3.0 0.733
-1.8 0.798
0.0 0.805
-0.2 0.735
0.3 0.759
1.2 0.694
0.1 0.717
-2.9 0.741
-1.4 0.684
-0.7 0.684
-0.7 0.667
-0.8 0.741
-1.1 0.774
-1.6 0.75
-0.8 0.75
2.3 0.791
0.7 0.748
1.6 0.834
1.1 0.826
1.7 0.818
2.2 0.802
-0.2 0.849
2.1 0.82
0.3 0.815
-0.1 0.801
0.2 0.801
0.2 0.831
-1.3 0.818
2.5 0.821
3.8 0.8
6.6 0.79
8.2 0.784
9.1 0.699
6.4 0.728
4.0 0.77
5.4 0.785
2.4 0.744
4.5 0.77
2.1 0.785
3.9 0.787
1.5 0.6
-5.6 0.667
-5.3 0.0
-4.8 0.75
-4.5 0.704
-3.4 0.786
-4.1 0.841
-0.7 0.75
-3.4 0.73
-1.8 0.787
-0.7 0.745
0.4 0.797
1.1 0.826
3.0 0.798
2.6 0.667
-3.8 0.667
-1.0 0.909
-9.6 0.875
-0.4 0.755
0.3 0.702
0.8 0.65
2.3 0.707
2.6 0.783
2.7 0.715
1.7 0.782
3.1 0.756
-1.7 0.769
1.7 0.799
1.7 0.845
2.7 0.811
-0.5 0.783
-2.0 0.783
-2.0 0.76
0.1 0.726
0.0 0.706
-0.8 0.748
1.2 0.786
1.3 0.816
0.7 0.726
-2.9 0.8
1.0 0.741
-1.4 0.741
-4.1 0.882
0.0 0.759
0.3 0.667
-3.4 0.758
-1.1 0.761
-0.9 0.815
-2.2 0.714
-2.9 0.819
-0.1 0.772
-1.5 0.734
-1.2 0.778
0.9 0.758
2.5 0.659
0.1 0.75
0.2 0.742
0.4 0.765
1.5 0.765
1.5 0.796
-0.8 0.731
-2.2 0.792
-3.1 0.767
-4.1 0.859
-1.6 0.756
-0.5 0.764
-0.4 0.684
0.9 0.693
2.4 0.673
2.8 0.657
0.8 0.752
2.8 0.769
1.1 0.739
2.2 0.73
2.2 0.594
0.6 0.606
-7.8 0.679
-4.7 0.68
-6.0 0.833
-2.6 0.829
-3.2 0.768
-1.7 0.722
-3.7 0.783
-1.7 0.75
-2.4 0.889
-1.4 0.667
-4.0 0.0
-2.4 0.5
-2.1 0.571
-5.0 0.696
-2.6 0.542
-0.9 0.914
-2.6 0.834
-0.8 0.846
1.7 0.825
0.3 0.75
-2.9 0.638
-5.6 0.647
-0.9 0.528
-3.8 0.6
-2.4 0.558
-0.5 0.714
-0.3 0.731
2.8 0.744
3.7 0.637
-1.3 0.72
0.3 0.72
-3.9 0.7
-3.8 1.0
0.3 0.5
-2.6 0.527
-3.3 0.458
-2.2 0.661
1.3 0.614
5.8 0.691
3.9 0.731
2.3 0.804
4.1 0.776
3.5 0.746
1.7 0.8
1.9 0.637
1.9 0.465
-0.3 0.4
-3.2 0.4
-1.0 0.721
0.2 0.652
-1.9 0.659
-1.3 0.676
-0.1 0.735
-1.3 0.766
-1.6 0.755
-5.0 0.71
-1.5 0.671
-2.6 0.674
-1.5 0.68
-4.5 1.0
-6.6 0.784
-4.4 0.75
-2.6 0.614
-1.9 0.778
-3.2 0.6
-2.4 0.576
-3.9 0.429
-11.7 0.452
-5.2 0.579
-3.9 0.0
-20.6 0.8
0.2 0.768
2.3 0.698
2.1 0.723
2.6 0.685
4.6 0.738
3.2 0.698
-0.1 0.742
3.5 0.701
0.7 0.693
2.0 0.731
-0.6 0.767
-3.4 0.627
-3.3 0.627
-1.9 0.65
-5.9 0.811
-2.4 0.792
0.4 0.745
-3.7 0.794
1.0 0.754
-2.2 0.78
-5.0 0.802
1.7 0.756
-2.1 0.862
-0.2 0.87
0.8 0.863
1.9 0.901
4.7 0.858
1.8 0.838
-0.6 0.773
-1.4 0.813
-2.2 0.833
-1.6 0.84
-2.1 0.902
-1.5 0.902
-1.5 0.833
-3.8 0.762
-2.2 0.771
-2.9 0.693
-2.9 0.644
-1.7 0.839
-2.2 0.782
-0.5 0.841
-1.6 0.667
-5.3 0.583
-6.3 0.786
-5.2 0.833
-0.3 1.0
-3.4 0.792
-3.1 0.829
-4.7 0.799
-2.6 0.897
-2.1 0.804
-2.9 0.871
-2.0 0.808
-3.0 0.872
-1.3 0.741
1.8 0.779
0.3 0.778
-0.3 0.784
0.2 0.834
2.1 0.815
-2.1 0.842
-1.9 0.8
1.3 0.811
1.0 0.82
-0.1 0.854
0.7 0.805
0.4 0.805
0.4 0.784
-2.1 0.8
-4.4 0.595
-3.7 0.575
-3.3 0.667
-1.4 0.66
-7.2 0.552
-6.0 0.639
-1.8 0.561
-2.1 0.534
-0.2 0.53
-3.5 0.497
-1.6 0.467
-1.5 0.594
-3.1 0.45
-4.9 0.545
-0.4 0.507
-2.2 0.509
-1.8 0.554
-3.6 0.619
-2.7 0.619
-2.9 0.492
1.8 0.538
-0.1 0.461
-1.0 0.467
-3.8 0.524
-5.6 0.544
-0.6 0.4
-2.4 0.37
-4.0 0.0
2.6 0.802
5.1 0.803
7.0 0.778
6.0 0.86
7.2 0.86
8.1 0.884
6.0 0.87
6.3 0.871
5.3 0.871
6.4 0.796
3.7 0.851
4.0 0.721
1.7 0.721
1.7 0.813
3.6 0.804
-3.0 0.854
-2.5 0.81
-2.8 0.754
-6.3 0.816
-2.0 0.885
-3.3 0.637
-3.3 0.81
0.9 0.682
-0.8 0.714
0.0 0.753
-3.1 0.84
-3.5 0.861
-1.9 0.794
-1.5 0.846
1.0 0.688
-7.2 0.889
-0.9 0.773
-1.6 0.773
-1.6 0.643
-7.2 0.714
-2.4 0.545
2.5 0.682
1.7 0.66
0.6 0.0
-47.7 0.689
1.5 0.551
-3.0 0.723
3.4 0.704
4.7 0.711
4.6 0.673
1.1 0.729
1.3 0.583
0.2 0.604
-0.6 0.604
-0.6 0.578
0.2 0.589
-8.5 0.0
-5.8 0.486
-2.7 0.82
-1.3 0.786
0.6 0.733
-0.7 0.72
0.6 0.688
-0.3 0.761
-0.8 0.742
-0.6 0.707
-6.7 0.65
-2.4 0.614
-3.5 0.584
-0.7 0.589
0.8 0.456
0.3 0.527
-2.8 0.611
-0.4 0.625
0.3 0.414
0.2 0.681
0.4 0.522
-3.7 0.832
-0.1 0.85
0.5 0.763
-1.1 0.833
-1.9 0.746
-1.2 0.815
-3.2 0.667
-3.8 0.864
1.9 0.809
1.9 0.783
1.6 0.853
2.4 0.862
2.3 0.85
2.9 0.866
-13.4 0.715
-2.2 0.738
-4.5 0.711
-3.7 0.725
-3.1 0.694
-3.2 0.76
-1.5 0.727
-8.1 0.724
-2.4 0.829
-2.6 0.682
-4.3 0.805
-1.0 0.786
0.1 0.775
1.3 0.85
1.9 0.78
2.1 0.765
2.0 0.804
1.7 0.817
1.4 0.82
0.8 0.75
-3.0 0.6
-5.3 0.852
-4.3 0.739
-2.4 0.81
-4.2 0.852
-2.1 0.877
-2.0 0.766
2.1 0.807
2.4 0.765
0.4 0.768
2.0 0.768
1.6 0.778
0.8 0.714
0.7 0.702
-1.7 0.774
-2.2 0.738
-1.6 0.567
-2.6 0.754
-1.3 0.754
-1.3 0.684
-7.2 0.596
-3.0 0.771
-3.8 0.714
-3.0 0.772
-1.2 0.729
-2.3 0.775
-3.0 0.779
-0.4 0.823
-0.6 0.83
-0.1 0.83
1.0 0.813
-0.2 0.644
-2.9 0.773
-1.8 0.769
-2.1 0.5
-2.9 0.5
-1.4 0.583
0.3 0.59
-4.2 0.0
6.5 0.429
-44.9 0.333
-8.1 0.5
-5.6 0.5
-5.4 0.0
-1.1 0.713
-1.0 0.733
3.4 0.889
-6.6 0.781
1.6 0.805
3.9 0.835
1.0 0.771
0.3 0.792
0.7 0.765
-1.4 0.808
-1.4 0.739
-3.1 0.72
-1.4 0.72
-1.4 0.746
-12.0 0.5
-5.3 0.793
-8.2 0.571
-8.3 0.643
-5.2 0.681
-5.7 0.75
-8.2 0.743
-0.7 0.763
-2.7 0.747
-4.0 0.7
-2.1 0.611
-3.4 0.732
-0.9 0.684
-1.1 0.645
-0.9 0.564
-4.1 0.5
-4.5 0.562
-0.5 0.615
-1.6 0.672
-3.1 0.833
-1.9 0.75
-2.2 0.61
-6.3 0.786
-3.2 1.0
-5.9 0.854
-4.6 0.0
-5.0 0.633
-5.3 0.0
-6.3 0.645
0.1 0.796
-1.2 0.808
1.5 0.808
2.0 0.786
1.6 0.793
0.3 0.83
1.4 0.838
0.5 0.804
2.9 0.83
2.4 0.848
3.6 0.797
1.4 0.797
1.4 0.829
2.6 0.833
-3.3 0.742
-1.5 0.803
-1.6 0.8
-4.1 0.771
-2.1 0.611
-5.4 0.828
-0.7 0.75
-0.6 0.797
-0.8 0.755
0.3 0.845
2.9 0.822
0.6 0.881
1.2 0.877
-2.0 0.796
-2.1 0.815
-2.0 0.756
-2.9 0.795
-3.9 0.784
-0.8 0.784
-0.8 0.839
-2.1 0.889
-1.6 0.603
-2.5 0.681
-2.8 0.732
0.9 0.747
-0.2 0.743
0.5 0.74
2.7 0.779
1.8 0.742
2.6 0.744
3.4 0.733
1.5 0.779
1.6 0.779
1.6 0.804
0.4 0.787
-4.0 0.805
-5.1 0.791
-1.7 0.672
-3.1 0.766
-0.8 0.84
1.7 0.75
-1.5 0.867
-2.3 0.778
-2.9 0.771
0.0 0.767
-1.6 0.707
-2.1 0.707
-2.1 0.8
-1.9 0.727
-2.7 0.683
-1.1 0.746
-1.3 0.736
1.3 0.912
-0.1 0.74
0.1 0.656
0.0 0.4
-5.1 0.647
-1.3 1.0
-3.2 0.732
-0.3 0.76
0.4 0.816
2.5 0.785
2.6 0.844
3.7 0.817
2.4 0.797
2.3 0.815
0.4 0.821
0.0 0.798
1.2 0.82
0.5 0.772
-0.1 0.772
-0.1 0.795
-2.7 0.0
-6.5 0.815
-2.5 0.714
-8.9 0.855
-3.6 0.821
-2.5 0.904
-0.3 0.804
-2.2 0.84
-5.4 1.0
-6.6 0.769
-4.3 0.789
-7.3 0.0
-1.1 0.757
-2.3 0.832
-0.7 0.723
-1.9 0.905
-3.7 0.833
-6.9 0.714
-15.8 0.625
-3.5 0.9
-8.3 0.5
1.8 0.737
0.9 0.754
1.4 0.7
-3.7 0.698
-2.5 0.721
-1.9 0.607
-2.5 0.684
0.3 0.739
-3.6 0.741
-15.0 0.824
-3.7 0.667
-1.6 0.74
-3.8 0.731
3.1 0.683
1.0 0.744
-0.4 0.687
1.6 0.769
1.9 0.683
1.5 0.629
-1.1 0.723
1.8 0.739
1.6 0.774
0.1 0.774
0.1 0.737
1.2 0.743
-2.4 1.0
-3.6 0.617
-2.9 0.341
-3.1 0.333
-5.6 1.0
-6.0 0.556
-1.0 0.57
-1.7 0.662
-0.6 0.775
-0.3 0.703
-6.5 0.846
0.1 0.4
-6.8 0.839
-3.1 0.0
0.6 0.84
-1.5 0.7
-7.7 0.75
-7.0 0.25
-15.7 0.75
-5.9 0.776
-5.3 0.8
-9.3 0.667
-5.5 0.757
-2.8 0.729
-2.7 0.833
-3.3 0.78
-3.1 0.857
-1.7 0.719
-1.5 0.824
-3.4 0.824
-4.9 0.824
-1.5 0.529
-1.7 0.791
1.8 0.789
0.0 0.68
-1.7 0.81
-2.7 0.753
-1.8 0.762
-2.6 0.8
-3.3 0.814
-2.8 0.711
-2.9 0.568
-4.9 0.703
-3.4 0.703
-3.4 0.75
-4.5 0.6
-3.7 0.839
-3.3 0.833
-2.5 0.845
-3.4 0.75
-0.8 0.692
-2.8 0.778
-0.5 0.792
3.3 0.815
1.9 0.835
2.9 0.831
-0.8 0.791
0.4 0.752
0.0 0.841
-1.5 0.781
-1.4 0.714
-1.2 0.76
-0.8 0.7
-2.8 0.7
-2.8 0.938
1.2 0.733
2.5 0.734
2.3 0.827
2.8 0.813
0.8 0.782
-0.9 0.784
-3.3 0.617
-5.8 0.773
-3.4 0.583
-3.9 0.538
1.9 0.75
8.3 0.738
9.3 0.698
7.4 0.712
11.2 0.78
13.0 0.767
12.5 0.759
8.6 0.771
11.0 0.753
11.6 0.75
8.9 0.71
7.4 0.71
7.4 0.731
9.1 0.674
-7.8 0.0
-2.7 0.0
-11.5 0.667
-3.7 0.811
-0.4 1.0
-5.0 0.0
-7.8 0.688
-3.8 0.645
-4.8 0.793
-4.1 0.667
-3.0 0.728
-2.3 0.77
-3.6 0.767
-3.1 0.838
-2.0 0.77
-9.6 0.855
-0.6 0.851
-0.3 0.877
-1.0 0.878
1.2 0.839
-2.9 0.821
-1.5 0.833
0.9 0.833
-1.0 0.5
-3.7 0.636
0.0 0.848
-1.4 0.848
-1.4 0.808
-1.0 0.65
-3.8 0.661
-1.5 0.77
-0.4 0.741
-2.5 0.762
0.4 0.68
-2.5 0.749
-3.2 0.754
-2.5 0.785
-1.4 0.788
-3.7 0.765
-2.4 0.706
-1.4 0.706
-1.4 1.0
-4.1 0.824
-3.9 0.848
-3.3 0.892
-0.7 0.86
-2.3 0.81
-3.5 0.6
-4.1 0.5
-8.4 1.0
-2.6 0.854
2.3 0.849
-0.2 0.914
-0.5 0.915
0.1 0.882
0.2 0.796
0.4 0.885
0.0 0.833
2.5 0.859
2.7 0.926
2.2 0.898
3.3 0.898
3.3 0.833
-0.2 0.905
-6.9 0.682
-8.9 0.0
-3.5 0.818
-5.1 0.767
-3.1 0.797
-5.3 0.885
-6.8 0.708
-9.1 0.56
0.3 0.613
0.4 0.554
-3.5 0.562
-2.2 0.536
-0.7 0.557
-0.8 0.432
-3.1 0.0
-4.2 0.653
-1.9 0.697
-3.5 0.79
-1.2 0.741
-1.8 0.723
-0.4 0.831
-2.5 0.772
-3.6 0.674
-4.7 0.731
-4.7 0.808
-6.6 0.746
-0.6 0.735
-0.9 0.786
-0.1 0.706
-4.8 0.709
-1.3 0.65
-0.9 0.754
-1.5 0.741
1.4 0.757
0.0 0.846
-0.7 0.788
1.4 0.788
1.4 0.768
1.4 0.778
-3.7 0.688
-4.4 0.653
-4.0 0.794
-0.7 0.688
-5.1 0.463
-1.8 0.385
-7.0 0.6
-2.5 0.375
-2.6 0.167
-14.9 0.0
-1.3 0.638
-3.2 0.615
0.0 0.6
-0.6 0.623
2.6 0.6
2.2 0.582
0.2 0.556
-2.5 0.652
-0.6 0.611
-0.4 0.552
-2.7 0.506
-4.2 0.506
-4.2 0.44
-0.4 0.698
-1.5 0.608
-3.4 0.648
-0.9 0.673
0.3 0.709
0.5 0.633
0.7 0.684
-1.4 0.645
-1.6 0.667
-4.3 0.697
-2.6 0.697
-2.3 0.883
0.4 0.877
-0.5 0.805
-1.8 0.857
-4.0 0.869
-0.3 0.907
0.9 0.883
-0.3 0.891
0.3 0.848
-0.4 0.654
-5.1 0.857
-4.0 0.857
-3.9 0.875
-1.0 0.847
-0.5 0.817
-1.1 0.852
-2.7 0.918
-2.2 0.889
-1.5 0.811
-3.1 0.5
-1.0 0.749
-2.1 0.652
-2.1 0.561
1.3 0.762
4.4 0.783
7.5 0.807
8.4 0.758
3.0 0.765
10.7 0.761
9.4 0.758
5.9 0.791
6.3 0.725
3.9 0.733
2.3 0.768
1.2 0.768
1.2 0.793
0.8 0.794
-0.5 0.708
-1.9 0.75
-1.3 0.745
0.6 0.706
-0.2 0.719
-1.5 0.5
-3.4 0.7
-6.2 0.0
-6.7 0.5
0.1 0.68
-4.6 0.843
1.0 0.824
1.2 0.85
1.1 0.884
-0.5 0.865
1.2 0.807
2.7 0.807
1.7 0.768
3.3 0.789
2.0 0.739
1.7 0.739
1.7 0.788
3.4 0.768
-5.2 0.85
-1.2 0.85
-0.6 0.855
-0.1 0.856
0.2 0.912
2.3 0.894
1.6 0.853
-2.3 0.9
-0.5 0.882
-1.4 0.876
-2.0 0.872
-1.3 0.872
-1.3 0.905
-0.1 0.746
-1.4 0.784
1.1 0.762
-1.4 0.725
-0.3 0.605
0.8 0.753
3.6 0.8
2.5 0.717
1.3 0.628
2.3 0.627
3.3 0.627
3.3 0.652
-0.1 0.615
-5.9 0.536
-7.5 0.621
-1.0 0.606
-0.6 0.62
1.5 0.653
1.8 0.71
3.1 0.649
1.3 0.701
1.1 0.775
1.8 0.821
1.5 0.772
3.4 0.853
1.9 0.853
1.9 0.783
1.5 0.738
-3.5 0.75
-5.7 0.0
-7.1 0.5
0.2 0.306
0.2 0.521
1.4 0.62
1.8 0.551
2.6 0.16
0.7 0.323
-0.3 0.111
-0.2 0.308
0.7 0.167
-0.1 0.829
0.7 0.711
0.4 0.864
-1.6 0.739
2.6 0.729
2.5 0.744
2.0 0.762
2.0 0.733
0.5 0.75
0.3 0.811
-0.9 0.811
-0.9 0.75
-2.5 0.435
21.5 0.753
-1.6 0.9
0.0 0.766
1.5 0.795
2.0 0.807
0.3 0.699
-1.1 0.774
-0.8 0.737
0.6 0.721
0.6 0.692
0.6 0.753
1.0 0.71
2.2 0.769
2.4 0.71
0.6 0.692
0.1 0.692
0.1 0.697
-1.2 0.625
-2.3 0.672
-3.1 0.787
-0.4 0.744
0.6 0.75
0.9 0.777
2.7 0.77
0.1 0.796
-0.8 0.764
0.2 0.753
2.2 0.77
2.1 0.816
1.1 0.791
0.2 0.761
0.5 0.761
0.5 0.755
1.9 0.73
-0.5 0.818
0.9 0.752
0.0 0.813
-2.9 0.856
-1.4 0.716
-2.9 0.56
-5.1 0.81
-2.3 0.462
-7.0 0.727
-0.6 0.787
0.2 0.864
1.4 0.908
-0.1 0.864
0.6 0.861
-2.1 0.85
-2.5 0.86
-2.4 0.843
-5.1 0.81
-6.8 0.836
-6.1 0.836
1.1 0.716
0.6 0.824
1.9 0.824
1.0 0.82
2.5 0.798
-0.5 0.833
-1.3 0.746
0.3 0.727
-0.1 0.8
-1.6 0.815
1.2 0.815
1.2 0.721
0.3 0.829
-1.3 0.511
-4.2 0.5
-6.8 0.51
1.0 0.595
1.2 0.586
3.6 0.59
2.2 0.594
4.4 0.592
5.5 0.596
4.8 0.491
3.8 0.492
1.3 0.547
1.9 0.528
-1.2 0.528
-1.2 0.489
0.6 0.533
-5.0 0.523
-4.8 0.671
-2.7 0.605
-3.2 0.792
-3.1 0.668
-4.5 0.665
0.0 0.752
-0.2 0.789
-2.7 0.813
0.0 0.744
-1.3 0.744
-1.3 0.798
-2.9 0.78
2.3 0.754
2.1 0.82
3.4 0.721
4.3 0.724
3.8 0.733
2.7 0.693
3.2 0.617
4.4 0.574
3.2 0.652
3.0 0.596
1.6 0.596
1.6 0.614
1.6 0.706
-8.8 0.5
-2.2 0.875
-1.6 0.417
-2.6 0.875
1.2 0.474
-3.4 0.722
-5.0 0.727
-5.1 0.686
-4.4 0.726
-4.4 0.791
-2.2 0.75
-1.4 1.0
-3.0 0.125
-3.1 0.563
-2.6 0.0
-6.7 0.788
-4.2 0.556
-3.1 0.696
-2.7 0.642
-3.1 0.681
0.6 0.721
0.3 0.738
0.7 0.68
-0.4 0.761
0.1 0.774
3.0 0.77
1.5 0.69
1.8 0.655
0.2 0.655
0.2 0.649
-1.1 0.765
-4.7 0.783
-3.3 0.694
-1.0 0.731
-1.9 0.571
-1.6 0.698
-1.8 0.711
-1.5 0.754
-8.5 0.797
-3.4 0.717
-1.7 0.774
-3.1 0.688
-2.1 0.707
-5.0 0.847
0.1 0.844
2.4 0.869
1.1 0.867
-0.3 0.876
-0.7 0.888
1.6 0.894
0.2 0.89
0.5 0.891
-0.6 0.881
-2.1 0.881
-2.1 0.89
-0.5 0.779
2.2 0.828
-0.4 0.828
1.1 0.887
5.1 0.845
1.0 0.802
1.6 0.807
-0.2 0.873
-0.1 0.857
-1.1 0.667
-1.0 0.667
-1.0 0.857
-3.1 0.714
-2.1 0.843
1.0 0.848
-0.6 0.807
-2.4 0.792
-2.0 0.717
-3.4 0.803
-3.0 0.545
-1.9 0.656
-1.9 0.593
2.4 0.57
-1.3 0.593
0.0 0.562
-0.9 0.562
0.8 0.514
-0.6 0.571
-16.8 0.5
-1.8 0.725
-5.5 0.867
-3.2 0.791
-1.3 0.852
-2.1 0.76
-1.9 0.782
-0.9 0.667
-3.2 0.81
-3.6 0.571
-5.2 0.357
-9.9 0.471
-3.5 0.5
-3.5 0.822
-2.1 0.81
0.6 0.719
1.2 0.754
1.7 0.706
-0.3 0.738
1.9 0.709
2.3 0.762
1.3 0.652
0.1 0.75
0.7 0.75
0.7 0.634
1.3 0.667
-0.4 0.719
1.0 0.693
3.0 0.71
3.1 0.588
1.7 0.618
5.5 0.725
3.1 0.63
4.1 0.517
2.1 0.532
-0.6 0.498
1.0 0.498
1.0 0.552
-5.0 0.735
-0.5 0.653
-1.5 0.727
-6.3 0.719
-4.3 0.667
-7.1 0.571
-2.8 0.582
-6.7 0.743
-2.9 0.818
-4.9 0.743
-3.7 0.819
-3.4 0.784
-5.7 0.733
-4.5 0.791
-0.5 0.783
-3.2 1.0
-1.0 0.571
-1.5 0.75
-0.7 0.78
-1.7 0.883
-3.8 0.85
-1.7 0.82
-2.8 0.837
0.2 0.864
1.0 0.709
-3.5 0.816
-3.2 0.833
-3.4 0.853
-0.8 0.853
-0.8 0.9
-4.8 0.941
1.1 0.513
-0.6 0.616
1.7 0.598
-1.6 0.616
1.6 0.663
3.0 0.667
0.8 0.672
2.1 0.755
4.6 0.681
2.7 0.733
0.9 0.733
0.9 0.64
-2.4 0.727
-3.9 0.477
-3.6 0.885
-2.4 0.878
-1.3 0.835
-0.2 0.921
0.8 0.848
-0.9 0.844
-0.6 0.851
1.9 0.853
-0.3 0.736
-1.4 0.833
2.3 0.81
-0.3 0.867
-0.5 0.886
0.9 0.84
-1.5 0.882
-0.4 0.736
-1.9 0.804
-4.7 0.798
-1.2 0.714
-1.5 0.63
-3.9 0.743
-6.3 0.882
-5.6 0.744
-1.6 0.826
-0.8 0.333
-12.1 0.884
1.5 0.789
1.1 0.816
0.9 0.851
1.3 0.754
-0.4 0.81
0.7 0.81
-3.7 0.826
-20.4 0.944
-10.4 0.701
-8.2 0.75
-8.7 0.822
-1.0 0.867
-2.1 0.825
-1.0 0.815
-0.5 0.81
-1.1 0.86
-1.2 0.858
-1.2 0.79
-0.5 0.79
-0.5 0.845
0.8 0.875
-6.6 0.571
-4.4 0.612
-2.4 0.695
0.5 0.704
-1.5 0.744
0.6 0.777
-0.5 0.673
-5.1 0.685
2.3 0.742
1.8 0.577
0.5 0.587
1.2 0.571
1.7 0.629
3.4 0.442
2.4 0.609
0.0 0.5
2.3 0.344
4.4 0.524
4.1 0.524
4.1 0.48
4.5 0.273
-5.8 0.668
-0.5 0.695
4.5 0.707
1.9 0.739
1.4 0.66
3.3 0.692
-3.9 0.818
0.1 0.908
2.6 0.981
0.9 0.798
-0.6 0.854
-1.3 0.882
-0.4 0.9
0.4 0.825
1.3 0.906
-3.2 0.906
-3.2 0.875
-0.1 0.917
-0.2 0.8
-2.6 0.901
-2.5 0.8
-0.5 0.25
-3.1 0.8
-4.9 0.851
-5.0 0.755
-3.1 0.763
-1.0 0.767
1.7 0.83
-3.3 0.753
-1.5 0.789
0.2 0.796
-0.6 0.773
0.8 0.788
0.0 0.752
-0.1 0.752
-0.1 0.786
0.3 0.727
-3.5 0.778
0.0 0.797
-0.7 0.8
-2.1 0.805
-0.1 0.763
1.6 0.805
0.3 0.806
-1.8 0.789
0.3 0.721
-0.9 0.8
-3.0 0.8
-3.0 0.847
-0.9 0.781
-1.6 0.787
-4.7 0.78
-1.4 0.722
-4.3 0.81
3.7 0.832
1.2 0.89
-1.3 0.833
-0.6 0.779
0.6 0.82
-0.1 0.882
-1.1 0.855
0.7 0.8
-1.2 0.857
-0.4 0.526
-0.2 0.25
-5.3 0.25
-1.9 0.811
-1.2 0.83
-0.3 0.807
-1.3 0.825
-1.7 0.718
-1.1 0.727
-3.5 0.84
-2.6 0.844
-6.6 0.825
-3.5 0.74
-3.6 0.806
-6.4 0.889
-5.8 0.75
-0.4 0.806
-6.7 0.646
-3.7 0.816
2.1 0.803
0.9 0.852
1.4 0.878
2.9 0.848
2.7 0.848
1.6 0.873
1.9 0.625
-9.6 0.94
-2.8 0.757
-3.2 0.757
-4.5 0.805
-3.1 0.829
-6.9 0.844
-3.4 0.6
-4.0 0.0
1.8 0.618
1.6 0.458
2.8 0.368
0.0 0.545
1.2 0.662
3.8 0.667
-1.8 0.625
-0.7 0.8
-0.6 0.545
-0.4 0.545
-0.4 1.0
0.2 0.79
1.5 0.815
-0.2 0.792
-3.0 0.828
-4.1 0.78
-6.9 0.75
-3.6 0.871
-0.1 0.867
-0.8 0.852
-0.7 0.842
0.1 0.85
-2.2 0.872
1.2 0.843
-0.4 0.839
-2.3 0.881
-1.5 0.881
-1.5 0.893
-1.4 1.0
-0.6 0.905
2.5 0.786
2.7 0.673
4.3 0.657
1.1 0.638
2.1 0.788
2.7 0.69
2.2 0.727
3.5 0.636
2.6 0.612
1.8 0.612
1.8 0.57
3.0 0.67
-5.1 0.5
-17.3 0.483
-1.2 0.667
-9.1 0.0
-4.3 0.852
-2.3 0.77
-0.6 0.725
-6.3 0.5
0.4 0.815
3.8 0.819
0.8 0.755
1.5 0.812
2.9 0.787
0.3 0.782
0.4 0.797
2.5 0.78
0.8 0.654
1.4 0.654
1.4 0.763
1.4 0.708
-7.0 0.789
-3.5 0.689
-9.8 0.526
-2.0 0.633
1.0 0.532
0.1 0.574
-2.4 0.515
-4.5 0.547
-2.5 0.621
-2.6 0.484
-5.0 0.577
-2.6 0.577
-2.8 0.768
-2.9 0.69
-4.4 0.748
-1.1 0.759
-2.1 0.609
-6.7 0.788
0.4 0.876
-0.9 0.695
-1.1 0.811
-1.6 0.794
-1.7 0.869
-1.1 0.853
0.7 0.807
-0.3 0.807
-0.3 0.75
-0.2 0.903
-0.7 0.647
0.9 0.607
2.5 0.571
-0.1 0.765
-2.1 0.5
6.1 0.818
4.6 0.851
9.2 0.868
11.2 0.847
4.9 0.878
6.4 0.861
7.9 0.885
7.5 0.855
7.4 0.9
7.5 0.9
7.5 0.896
7.8 0.892
-4.0 0.649
-3.1 0.736
-5.5 0.552
-6.3 0.667
-2.9 0.536
-3.2 0.838
-4.3 0.917
-3.6 0.714
-5.3 0.724
-4.1 0.76
-5.5 0.645
-6.2 0.8
-5.2 0.673
-3.0 0.684
-1.3 0.756
-3.5 0.695
-2.2 0.744
-5.3 0.8
-1.0 0.708
-4.8 0.692
-3.8 0.8
-2.0 0.8
-2.0 0.756
-0.8 0.75
-2.4 0.545
-2.0 0.0
3.9 0.25
-12.2 1.0
-5.5 0.667
-1.4 0.725
-1.5 0.777
0.2 0.786
0.0 0.841
2.6 0.746
0.1 0.818
-1.7 0.832
0.0 0.799
1.7 0.835
-0.2 0.674
-3.3 0.674
-3.3 0.0
-2.4 0.714
-4.5 0.714
0.2 0.759
-4.5 0.897
-5.4 0.82
-3.2 0.524
-1.1 0.833
-2.2 0.664
0.2 0.753
1.1 0.79
1.7 0.474
0.4 0.622
2.0 0.591
1.4 0.365
-0.5 0.42
1.7 0.0
-7.7 0.0
-1.0 0.82
-2.9 0.783
-4.0 0.838
0.7 0.815
-1.9 0.767
-1.8 0.857
-2.5 0.551
-1.5 0.571
-5.2 0.571
-1.8 0.571
-1.8 0.917
-12.2 0.0
-41.1 0.667
-12.1 0.752
-5.5 0.771
-2.8 0.704
-3.1 0.711
-2.4 0.737
-2.8 0.721
-1.9 0.768
-4.2 0.682
-3.2 0.705
-2.6 0.735
0.0 0.0
-11.7 0.813
-0.2 0.77
-1.5 0.792
-0.4 0.848
1.5 0.84
-0.1 0.75
-6.1 0.75
-2.3 0.767
0.8 0.803
2.1 0.849
1.8 0.801
3.3 0.845
2.8 0.843
2.1 0.859
3.5 0.801
1.2 0.834
0.1 0.834
0.1 0.869
-0.1 0.826
-8.1 0.696
-2.8 0.783
-0.2 0.79
-0.9 0.824
1.1 0.823
0.4 0.812
1.9 0.868
-0.5 0.849
-1.8 0.861
0.9 0.861
0.9 0.83
0.3 0.88
-3.7 0.815
-2.7 0.822
-1.6 0.806
0.9 0.819
-0.2 0.845
-1.3 0.788
1.0 0.778
-1.4 0.781
0.2 0.713
1.0 0.713
1.0 0.833
2.7 0.873
-9.0 0.603
-3.4 0.687
-2.8 0.747
-1.7 0.688
-2.7 0.0
-6.1 0.722
-9.3 0.5
-11.3 0.5
-0.9 0.762
0.8 0.781
1.9 0.757
1.6 0.791
2.4 0.814
2.4 0.81
0.8 0.822
0.3 0.845
0.3 0.845
0.3 0.858
1.8 0.812
-4.1 0.286
-8.8 0.442
-0.5 0.545
0.4 0.391
-4.9 0.427
-2.7 0.333
-3.3 0.25
-1.3 0.471
-2.0 0.471
-2.0 0.519
-2.6 0.629
-3.3 0.633
-2.3 0.469
-4.0 0.485
5.0 0.5
-2.7 0.717
-1.5 0.808
-0.7 0.679
1.4 0.432
-0.6 0.646
2.7 0.333
-1.1 0.75
-0.9 0.727
-5.4 0.8
-3.2 0.753
-1.9 0.844
-2.4 0.847
-1.1 0.776
-1.3 0.784
-1.7 0.84
-3.0 0.831
-0.8 0.774
-0.8 0.82
-2.7 0.873
-0.8 0.844
-4.2 0.824
-2.4 0.813
-3.7 0.813
-3.7 0.825
-4.4 0.456
-1.2 0.376
-1.3 0.328
-0.2 0.759
3.9 0.702
2.0 0.639
1.1 0.654
1.8 0.56
1.2 0.41
-0.8 0.0
-8.5 0.449
-5.1 1.0
-5.1 0.586
-9.6 0.821
-2.9 0.818
-1.4 0.911
-1.7 0.808
-1.3 0.784
-2.1 0.714
-7.0 0.75
-6.1 0.75
-3.4 0.679
-2.6 0.758
-1.5 0.825
-2.7 0.667
-3.7 0.605
-6.2 0.609
-4.2 0.619
-3.4 0.6
-4.4 0.794
-5.6 0.5
-3.1 0.71
-3.4 0.526
-4.2 0.0
-5.1 0.923
-5.4 0.895
-2.9 0.679
0.7 0.584
-2.9 0.671
-1.4 0.82
-0.9 0.905
-1.6 0.815
-1.4 0.846
-0.4 0.89
-2.5 0.893
-2.6 0.859
-0.3 0.819
-0.3 0.849
0.9 0.818
-1.1 0.818
-1.1 0.824
-3.6 0.857
0.8 0.0
-2.5 0.785
0.8 0.767
-1.4 0.753
0.4 0.805
2.7 0.791
1.8 0.814
0.5 0.822
0.9 0.858
2.1 0.858
2.1 0.78
-0.4 0.855
-2.3 0.778
-1.0 0.81
0.0 0.767
-0.7 0.694
-0.4 0.822
-1.0 0.791
-2.2 0.703
-1.3 0.84
-3.5 0.76
-6.9 0.671
-2.2 0.597
-2.0 0.69
-3.3 0.681
-2.7 0.52
-5.1 0.75
-1.9 0.625
-0.3 0.574
-1.4 0.574
-1.4 0.619
-2.7 0.687
-4.1 0.784
-2.5 0.55
-11.5 0.716
-1.4 0.718
-3.1 0.661
-2.6 0.826
-2.0 0.0
-10.5 0.5
-2.4 0.833
-7.2 0.868
3.3 0.698
-0.6 0.801
-0.7 0.827
1.3 0.765
2.7 0.864
4.1 0.795
3.7 0.813
5.9 0.808
3.6 0.808
3.6 0.811
6.8 0.819
2.9 0.677
1.9 0.699
3.3 0.693
2.1 0.757
2.4 0.792
5.0 0.742
3.8 0.731
3.1 0.757
4.2 0.757
4.2 0.757
5.3 0.768
-8.0 0.483
-10.8 1.0
-8.5 0.593
-2.9 0.75
-0.2 0.913
-1.9 0.778
-5.4 1.0
0.4 0.846
1.1 0.909
0.0 1.0
-0.5 0.0
-3.4 0.0
-3.4 1.0
-6.6 0.0
-4.1 0.6
-1.0 0.55
-3.1 0.5
2.5 0.816
2.2 0.834
0.6 0.789
0.8 0.779
-1.6 0.625
-4.4 0.71
-0.9 0.689
0.5 0.587
-9.9 0.556
-3.9 0.867
-1.6 0.81
-2.9 1.0
-5.2 0.5
-1.4 0.794
-4.3 0.871
-1.3 0.86
1.4 0.875
0.6 0.911
0.3 0.9
-1.1 0.915
0.8 0.901
0.7 0.901
0.7 0.888
0.8 0.891
-4.3 1.0
-9.9 0.5
-2.8 0.658
-5.2 0.792
-1.6 0.731
0.4 0.611
2.6 0.642
4.5 0.621
3.5 0.568
2.0 0.597
1.3 0.645
1.8 0.627
0.0 0.397
-0.5 0.397
-0.5 0.58
1.0 0.6
2.1 0.753
3.5 0.824
5.8 0.78
4.1 0.848
-2.9 0.721
-1.3 0.836
0.5 0.674
1.2 0.747
2.0 0.884
0.9 0.826
3.5 0.768
0.8 0.776
1.3 0.776
1.3 0.626
1.1 0.733
-11.9 0.471
-3.7 0.8
-4.2 0.0
-12.6 0.438
-1.7 0.665
-1.8 0.677
-1.3 0.635
-0.5 0.735
-1.7 0.717
0.1 0.741
-0.7 0.783
0.2 0.686
0.1 0.787
-1.2 0.759
-5.4 0.839
-3.5 0.455
-4.6 0.308
-4.8 0.787
-3.9 0.333
-11.7 0.673
-3.1 0.717
-2.3 0.818
-3.6 0.676
-5.0 0.73
-5.4 0.765
-1.1 0.773
-1.9 0.731
-1.6 0.817
-2.4 0.735
0.3 0.847
2.1 0.798
0.8 0.857
-2.3 0.815
-0.6 0.843
-1.8 0.843
-1.8 0.84
-2.4 0.892
-5.6 1.0
-11.0 0.808
-3.4 0.652
0.2 0.717
0.4 0.644
0.9 0.69
0.7 0.607
-0.3 0.5
-4.7 0.682
1.4 0.682
1.4 0.75
2.2 0.625
-7.2 0.769
-3.2 0.835
-2.2 0.784
-1.1 0.783
-1.4 0.839
-2.7 0.847
1.7 0.848
-0.5 0.848
-0.5 0.833
-4.2 0.893
-3.2 0.737
-0.8 0.648
-1.6 0.708
-1.3 0.692
0.3 0.69
0.3 0.718
1.7 0.743
-1.1 0.743
-1.1 0.75
-3.1 0.735
-1.8 0.866
-1.3 0.822
0.2 0.886
-3.5 0.795
-0.9 0.806
-1.8 0.807
-0.5 0.833
-4.0 0.793
0.7 0.724
0.2 0.775
0.2 0.775
-3.0 0.817
-0.2 0.743
-0.7 0.733
1.3 0.861
1.9 0.83
4.1 0.815
3.4 0.859
2.7 0.859
2.7 0.834
1.7 0.859
-5.1 0.875
-3.0 0.84
-4.5 0.8
-0.2 0.636
-2.6 0.75
-5.4 0.576
-7.0 0.471
-1.6 0.73
-1.0 0.696
-3.0 0.736
-1.4 0.683
-4.2 0.718
-3.0 0.693
-2.5 0.632
-2.5 0.632
-0.3 0.676
0.8 0.754
3.7 0.743
2.8 0.726
2.7 0.796
1.1 0.655
-0.8 0.716
0.6 0.716
0.6 0.735
1.0 0.662
-1.4 0.863
1.8 0.9
5.1 0.88
2.9 0.86
5.2 0.905
7.7 0.873
8.8 0.854
6.1 0.854
6.1 0.898
7.9 0.875
-6.0 0.333
0.4 0.421
-2.9 0.391
-6.5 0.667
-10.7 0.5
-0.8 0.578
0.6 0.68
-0.5 0.725
0.7 0.649
2.0 0.652
-0.6 0.686
1.0 0.703
1.8 0.703
1.8 0.705
1.2 0.648
-2.0 0.576
-1.5 0.714
0.7 0.5
-1.8 0.532
-2.0 0.523
-2.9 0.55
-3.2 0.788
-0.8 0.74
1.1 0.811
-4.4 0.662
-2.1 0.689
-0.3 0.534
-1.3 0.727
2.7 0.777
-0.1 0.783
0.5 0.647
-1.9 0.647
-1.9 0.831
-0.6 0.846
-0.2 0.727
2.3 0.789
3.3 0.798
4.4 0.733
2.8 0.644
3.1 0.682
2.8 0.759
3.8 0.759
3.8 0.798
4.1 0.8
-4.6 0.772
-4.3 0.798
-4.0 0.681
-5.9 0.667
1.8 0.813
0.4 0.806
-0.7 0.74
-2.0 0.799
-1.8 0.817
-0.7 0.824
-4.9 0.82
-3.6 0.82
-3.6 0.736
-6.7 0.817
-5.0 0.776
-3.2 0.734
-3.1 0.725
-0.5 0.0
-6.9 0.769
-2.5 0.736
-0.4 0.3
-0.3 0.769
-1.1 0.5
0.7 0.739
2.9 0.639
-0.2 0.765
-0.8 0.729
2.9 0.615
-1.1 0.615
-1.1 0.7
-1.4 0.667
2.8 0.85
1.6 0.8
0.6 0.882
-1.9 1.0
-14.7 0.5
1.6 0.676
3.4 0.744
2.5 0.739
4.9 0.748
5.8 0.751
5.2 0.737
6.6 0.603
3.4 0.603
3.4 0.489
1.9 0.436
-7.3 0.828
-6.6 0.906
-4.8 0.81
-1.2 0.429
0.4 0.76
1.4 0.779
-0.4 0.738
-0.2 0.773
-1.4 0.787
-0.1 0.728
-3.8 0.699
-0.7 0.699
-0.7 0.726
-1.2 0.676
-3.1 0.794
0.8 0.717
-3.4 0.823
-0.6 0.782
-1.0 0.839
-2.1 0.807
-2.2 0.769
-3.9 0.769
-3.9 0.756
-1.8 0.771
-5.7 0.0
-1.1 0.803
-0.5 0.833
-0.8 0.866
0.3 0.834
-0.2 0.783
-2.5 0.836
-4.1 0.819
-0.1 0.819
-0.1 0.829
-2.5 0.748
-3.8 0.754
-3.5 0.725
-2.7 0.775
-11.8 0.788
-5.8 0.762
-3.6 0.87
-1.1 0.771
-0.4 0.742
-2.2 0.808
-0.1 0.78
1.0 0.784
0.5 0.826
1.5 0.826
1.5 0.872
-3.3 0.864
-1.9 0.467
-0.1 0.6
-0.8 0.6
-1.6 0.625
-2.4 0.526
-2.4 0.741
0.6 0.567
-2.1 0.61
-2.8 0.512
-5.6 0.85
-4.9 0.8
-4.5 0.816
-3.0 0.852
-3.4 0.82
-2.5 0.825
-1.9 0.892
-3.5 0.892
-3.5 0.829
-4.8 0.856
0.6 0.735
0.5 0.691
-1.8 0.707
0.3 0.771
1.6 0.574
1.7 0.712
-0.2 0.655
-0.1 0.655
-0.1 0.644
0.1 0.523
-9.3 0.0
-10.4 0.722
-3.3 0.667
-1.1 0.866
1.3 0.812
4.4 0.877
4.6 0.844
1.3 0.952
-0.1 0.854
-1.1 0.854
-1.1 0.873
-1.4 0.86
-3.1 0.567
-4.3 0.813
-0.7 0.779
-2.6 0.906
-0.3 0.875
-3.6 0.838
-1.9 0.885
0.4 0.868
-2.5 0.868
-2.5 0.805
-1.7 0.814
2.5 0.843
3.8 0.841
1.7 0.836
2.3 0.848
3.4 0.803
4.2 0.857
3.1 0.857
3.1 0.849
2.0 0.856
-5.4 0.831
-2.5 0.806
-2.1 0.852
1.3 0.836
-0.2 0.797
-1.8 0.883
-2.6 0.883
-2.6 0.778
-1.0 0.9
-4.3 0.8
-1.7 0.753
-2.4 0.642
-3.9 0.746
-6.1 0.772
-3.5 0.769
-4.7 0.769
-4.7 0.776
-3.4 0.743
-7.2 0.867
0.8 0.745
-0.4 0.871
0.0 0.792
1.4 0.795
1.1 0.742
1.2 0.774
-1.0 0.774
-1.0 0.832
-3.1 0.417
-7.4 0.477
-5.0 0.847
-4.0 0.831
-3.3 0.736
0.4 0.624
-1.5 0.805
2.1 0.748
1.4 0.76
3.9 0.774
1.1 0.774
1.1 0.727
0.7 0.79
3.1 0.867
1.8 0.863
0.9 0.698
-0.6 0.818
0.2 0.862
0.5 0.871
2.1 0.822
1.2 0.67
4.3 0.748
3.6 0.748
3.9 0.848
6.1 0.768
2.9 0.795
4.8 0.795
4.8 0.829
1.0 0.837
-0.7 0.565
-0.4 0.742
-0.5 0.825
1.3 0.754
0.3 0.842
-2.6 0.785
-1.2 0.805
-0.6 0.805
-0.6 0.888
-0.6 0.84
-7.8 0.643
-2.4 0.662
-3.4 0.8
0.1 0.737
-5.6 0.652
-2.0 0.692
0.6 0.519
-1.6 0.567
-1.3 0.754
0.3 0.745
-0.2 0.711
3.0 0.741
1.9 0.77
-0.2 0.824
-1.0 0.824
-1.0 0.807
-1.3 0.813
-4.5 0.681
-2.6 0.673
-4.3 0.642
-2.4 0.679
-0.3 0.517
-0.8 0.577
-2.7 0.577
-2.7 0.447
-1.8 0.772
1.5 0.863
1.1 0.778
2.3 0.817
3.1 0.807
2.4 0.79
5.6 0.79
5.6 0.76
1.5 0.801
-4.0 0.75
-4.2 0.667
-9.3 0.612
-16.3 0.684
-4.1 0.375
-3.7 0.452
1.3 0.525
1.0 0.386
0.3 0.428
4.1 0.397
4.1 0.397
4.1 0.43
3.4 0.482
-1.6 0.6
-6.6 0.558
-6.7 0.6
1.0 0.558
1.5 0.645
-0.9 0.647
-1.5 0.647
-1.5 0.548
-1.2 0.613
0.5 0.869
-0.8 0.792
-1.4 0.826
0.3 0.861
-0.3 0.884
0.4 0.86
0.5 0.86
0.5 0.839
-0.6 0.867
0.0 0.817
1.9 0.787
0.1 0.625
-4.8 0.758
1.4 0.817
1.1 0.814
0.2 0.814
0.2 0.787
1.3 0.81
-2.3 0.704
-1.0 0.74
-4.9 0.714
-1.1 0.778
1.1 0.818
3.0 0.772
2.1 0.772
2.1 0.795
1.4 0.721
-1.1 0.815
1.9 0.85
3.7 0.824
4.5 0.704
-1.1 0.821
8.4 0.804
1.9 0.804
1.9 0.822
2.5 0.871
-3.5 0.8
-4.6 0.7
-3.0 0.579
-1.6 0.714
-3.6 0.738
-2.8 0.0
-7.1 0.0
-0.9 0.809
0.4 0.756
-1.1 0.773
0.3 0.82
0.4 0.864
-4.2 0.827
-1.3 0.827
-1.3 0.775
0.2 0.699
1.4 0.707
0.0 0.641
-0.8 0.571
-4.1 0.687
-2.4 0.589
-3.2 0.589
-3.2 0.526
-1.6 0.678
-3.1 0.638
-1.5 0.583
-0.1 0.461
-0.1 0.591
1.5 1.0
-5.9 0.667
-5.6 0.667
-5.6 0.5
-3.5 0.505
-1.0 0.886
-0.5 0.897
-1.2 0.933
-3.0 0.909
-3.9 0.828
-2.4 0.888
0.6 0.888
0.6 0.744
-2.7 0.919
0.8 0.766
-2.5 0.801
-1.4 0.674
-3.6 0.762
-1.5 0.689
-1.5 0.754
-0.6 0.766
0.5 0.858
5.9 0.812
-3.4 0.629
-1.3 0.755
-1.2 0.793
0.7 0.667
-7.1 0.6
-6.3 0.455
-6.0 0.455
-6.0 0.643
-1.3 0.722
-1.7 0.745
-3.9 0.753
-3.9 0.771
-2.9 0.771
-3.5 0.821
-5.2 0.843
-2.6 0.843
-2.6 0.825
-3.9 0.876
-2.7 0.715
-0.9 0.605
-1.9 0.602
0.1 0.694
-2.0 0.579
-2.5 0.622
-1.7 0.622
-1.7 0.704
-3.2 0.769
-0.5 0.802
0.4 0.745
-1.5 0.863
-3.3 0.805
0.3 0.783
-0.6 0.783
-0.6 0.617
0.0 0.744
-5.4 0.818
-2.0 0.796
0.1 0.705
-2.8 0.85
-1.1 0.833
0.0 0.875
-17.2 0.688
-1.9 0.766
-0.1 0.78
2.1 0.842
5.0 0.823
3.2 0.8
5.0 0.826
6.4 0.835
11.0 0.835
11.0 0.812
10.0 0.845
-1.0 0.9
3.3 0.719
-2.9 0.705
-4.6 0.556
-2.1 0.0
-8.7 0.711
-3.5 0.75
-3.8 0.636
1.3 0.767
-1.5 0.841
1.3 0.789
0.7 0.657
1.1 0.613
1.6 0.629
-0.8 0.636
0.6 0.667
-7.4 0.667
-7.4 0.385
-0.8 0.678
-2.2 0.467
-2.2 0.533
-1.3 0.667
-1.1 0.855
-0.7 0.771
0.0 0.762
-1.8 0.821
-2.6 0.827
-2.8 0.827
-2.8 0.696
-4.1 1.0
-5.8 0.875
-1.3 0.765
2.0 0.773
2.1 0.702
2.9 0.702
2.9 0.6
0.2 0.761
-2.1 0.673
-1.3 0.685
-2.4 0.537
-1.7 0.68
-0.8 0.733
-1.3 0.733
-1.3 0.648
-0.3 0.586
-6.9 0.574
-6.0 0.724
-3.8 0.697
-0.9 0.647
-4.8 0.25
-6.1 0.25
-1.7 0.871
-0.7 0.83
-0.3 0.88
0.2 0.857
1.0 0.788
1.5 0.788
1.5 0.858
-0.4 0.86
-1.9 0.726
-2.8 0.652
0.8 0.65
-0.9 0.567
-0.1 0.617
-1.6 0.617
-1.6 0.695
-1.2 0.593
1.0 0.934
1.9 0.809
3.4 0.9
5.4 0.885
7.4 0.914
9.9 0.914
9.9 0.908
12.5 0.898
-2.7 0.759
-1.3 0.814
-5.9 0.765
-0.7 0.6
-3.2 0.833
-5.4 0.833
-2.8 0.813
-2.4 0.81
-2.8 0.831
-1.9 0.824
0.7 0.832
-1.6 0.832
-1.6 0.85
1.4 0.842
-0.8 0.794
0.7 0.846
-5.0 0.905
-0.3 0.735
-2.3 0.615
-1.3 0.615
-1.3 0.848
0.5 0.828
-4.8 0.792
-4.6 0.8
-2.6 0.907
-1.4 0.909
-1.7 0.813
-3.0 0.813
-3.0 0.857
-3.2 0.86
1.6 0.771
-0.5 0.779
-0.3 0.775
1.3 0.771
0.8 0.694
1.9 0.694
1.9 0.796
1.7 0.75
-3.6 0.762
-7.2 0.744
0.1 0.5
-2.9 0.615
-1.4 0.783
-2.3 0.788
-0.5 0.795
-1.5 0.705
-2.6 0.701
-1.0 0.701
-1.0 0.667
-0.8 0.556
-0.6 0.676
0.0 0.622
1.2 0.679
-0.5 0.751
-1.1 0.717
0.6 0.717
0.6 0.692
1.6 0.715
-0.8 0.0
-3.0 0.79
3.2 0.848
3.3 0.794
3.3 0.874
5.0 0.874
5.0 0.739
2.7 0.844
-4.2 0.779
-3.3 0.813
-2.7 0.72
-2.9 0.681
-1.8 0.698
-0.5 0.698
-0.5 0.585
1.0 0.843
2.3 0.846
4.5 0.851
5.5 0.866
5.7 0.868
8.4 0.868
8.4 0.86
6.7 0.847
-4.7 0.785
-2.3 0.76
-2.6 0.824
-1.6 0.761
-1.7 0.848
-1.5 0.848
-1.5 0.767
-3.3 0.806
-3.1 0.706
-3.4 0.638
-2.1 0.656
-1.6 0.685
-0.7 0.738
-2.6 0.738
-2.6 0.712
-0.7 1.0
-1.8 0.823
1.4 0.783
0.9 0.752
0.6 0.81
0.7 0.855
2.3 0.855
2.3 0.843
1.7 0.708
-2.6 0.5
-7.6 0.829
-2.4 0.75
0.1 0.661
3.0 0.749
2.1 0.784
1.9 0.836
0.8 0.836
0.8 0.752
-0.1 0.856
-8.5 0.652
0.9 0.809
1.8 0.808
2.3 0.819
0.9 0.751
-0.5 0.839
1.8 0.839
1.8 0.731
-1.4 0.75
-2.1 0.662
0.0 0.704
1.9 0.597
-3.0 0.844
4.5 0.657
2.7 0.657
2.7 0.574
-0.6 0.707
0.0 0.764
1.9 0.824
3.3 0.756
1.4 0.798
1.7 0.73
0.5 0.73
0.5 0.686
-4.6 0.797
-0.2 0.844
1.1 0.86
1.3 0.797
1.2 0.837
2.4 0.752
3.9 0.752
3.9 0.863
0.5 0.816
-3.3 0.729
-3.4 1.0
-4.0 0.726
-7.4 0.545
-3.7 0.894
0.6 0.906
-0.4 0.896
-0.9 0.857
0.7 0.906
-0.9 0.906
-0.9 1.0
-4.1 0.878
-8.5 0.766
-3.6 1.0
2.5 0.842
-0.4 0.89
3.3 0.825
-10.5 0.5
-17.2 0.821
-5.0 0.646
-3.6 0.5
-1.8 0.667
-3.4 0.8
-1.9 0.79
-1.8 0.0
-6.0 0.667
-3.7 0.667
-5.8 0.45
-10.5 0.778
-3.4 0.0
-5.5 0.75
-4.2 0.794
-1.8 0.757
1.2 0.881
-0.7 0.846
-1.1 0.862
1.8 0.862
1.8 0.837
0.3 0.867
-2.9 0.412
-0.4 0.543
-3.9 0.65
-7.2 0.604
0.8 0.2
-0.4 0.788
0.0 0.865
1.0 0.881
-0.7 0.804
-1.6 0.821
-2.4 0.821
-2.4 0.848
-2.1 0.852
-0.2 0.746
-1.9 0.725
-2.5 0.476
-3.4 0.0
-8.2 1.0
-2.7 1.0
-3.8 0.667
-7.3 0.587
-2.5 0.429
-4.4 0.767
-1.3 0.731
-4.5 0.535
-5.1 0.583
-7.7 0.65
-3.3 0.639
-1.1 0.579
-2.2 0.579
-8.2 0.875
-0.8 0.929
0.3 0.6
-4.0 0.867
1.2 0.781
0.9 0.781
0.9 0.714
4.8 0.682
-3.0 0.754
-1.3 0.737
0.4 0.664
-0.3 0.712
2.4 0.712
2.4 0.737
0.2 0.706
-3.4 0.75
-3.6 0.857
-0.1 0.726
-0.5 0.456
1.1 0.562
-1.3 0.619
-2.4 0.582
-0.7 0.582
-0.7 0.545
-4.2 0.59
-12.0 0.85
-3.4 0.769
-3.6 0.778
-1.4 0.684
-1.4 0.684
-1.4 0.78
-2.9 0.733
-2.0 0.636
-0.9 0.791
2.7 0.772
2.9 0.8
2.6 0.8
2.6 0.802
2.8 0.847
-0.7 0.602
0.3 0.556
0.1 0.618
0.2 0.581
0.2 0.581
0.2 0.67
1.4 0.673
-11.5 0.5
-9.7 0.795
-1.3 0.755
-2.7 0.804
-2.5 0.79
-1.7 0.79
-1.7 0.78
0.2 0.731
-1.4 0.702
-0.3 0.738
1.0 0.726
4.7 0.782
4.7 0.782
4.7 0.718
2.6 0.772
-3.8 0.793
-2.3 0.811
-1.6 0.864
0.3 0.67
0.9 0.617
0.8 0.528
-1.3 0.487
3.0 0.487
3.0 0.559
3.3 0.617
-4.3 0.657
-3.4 0.786
-0.5 0.512
1.2 0.5
5.7 0.636
3.7 0.68
-0.1 0.828
3.5 0.828
3.5 0.714
-3.7 0.5
-2.1 0.649
-0.8 0.688
1.1 0.669
0.7 0.669
2.4 0.669
2.4 0.709
2.7 0.615
0.6 0.562
0.4 0.642
-1.9 0.636
-2.9 0.833
-1.5 0.833
-3.0 0.725
0.0 0.802
3.9 0.807
4.7 0.864
4.7 0.727
-3.3 0.727
-3.3 0.86
4.5 0.898
3.2 0.521
4.1 0.66
4.8 0.715
4.6 0.728
4.1 0.728
4.1 0.727
3.3 0.76
-2.8 0.75
-3.6 0.695
-2.8 0.832
1.9 0.827
1.3 0.816
1.0 0.812
3.4 0.812
3.4 0.824
2.5 0.844
-3.6 0.583
-8.0 1.0
-6.0 0.612
-4.6 0.63
-6.6 0.655
-3.6 0.583
-7.9 0.583
-3.4 0.667
-6.3 0.0
0.0 1.0
-6.8 1.0
-2.9 0.789
-4.7 0.618
1.9 0.86
-0.8 0.875
-2.2 0.875
-2.2 0.81
-1.6 0.706
-1.6 0.771
-4.9 0.792
0.2 0.804
-1.5 0.804
-1.5 0.652
0.5 0.647
-3.4 0.784
-2.9 0.66
0.6 0.798
2.2 0.785
0.3 0.823
-0.4 0.795
-0.8 0.795
-0.8 0.815
-1.1 0.816
2.5 0.739
3.8 0.689
2.4 0.657
0.3 0.75
1.9 0.75
1.9 0.74
1.5 0.741
-4.3 0.684
-1.6 0.769
-1.6 0.754
-0.5 0.718
-0.4 0.718
-0.4 0.716
-1.2 0.808
-4.6 0.0
-1.1 0.781
-0.5 0.865
-2.6 0.895
-4.6 0.867
-4.3 0.867
-4.3 0.855
-2.8 1.0
-0.1 0.75
0.5 0.702
-2.9 0.762
-0.2 0.704
1.5 0.788
3.2 0.788
3.2 0.853
1.0 0.717
-3.9 0.743
1.5 0.744
0.3 0.747
0.2 0.837
-4.5 0.837
-4.5 0.8
-21.2 0.643
-4.0 0.0
-17.9 0.0
-2.8 0.623
-1.9 0.787
0.6 0.808
-2.6 0.74
-0.7 0.74
-5.9 0.701
-5.4 0.583
-3.2 0.474
1.5 0.618
2.5 0.473
-1.8 0.5
1.4 0.5
-4.5 0.671
-1.3 0.693
-5.7 0.871
-5.2 0.707
-3.0 0.707
-3.0 0.826
-4.4 0.636
-6.1 0.7
-1.7 0.429
-6.2 0.564
-2.3 0.596
-4.1 0.596
-4.1 0.693
-1.7 0.706
-0.7 0.691
2.5 0.73
2.9 0.699
1.9 0.75
3.3 0.75
3.3 0.813
-0.8 0.818
-8.1 0.471
-4.2 0.652
0.9 0.711
2.3 0.627
-3.5 0.627
-3.5 0.784
-1.4 0.615
-2.4 0.676
-1.8 0.74
-2.1 0.813
-3.7 0.752
-1.0 0.752
-1.0 0.827
-0.7 0.825
-2.0 0.754
0.2 0.748
-0.5 0.638
-3.5 0.778
0.7 0.778
-1.7 0.579
-4.6 0.821
-1.6 0.805
0.1 0.88
-1.4 0.758
-1.1 0.758
-1.1 0.846
-6.9 0.667
-0.2 0.789
0.6 0.804
3.4 0.805
2.6 0.785
3.5 0.785
3.5 0.791
3.2 0.801
-6.5 0.417
-1.3 0.717
-2.6 0.66
-2.8 0.702
0.8 0.702
0.8 0.63
-0.6 0.697
3.4 0.4
-1.2 0.4
-3.9 0.521
-3.2 0.517
-2.5 0.583
-0.4 0.583
-0.4 0.628
-0.1 0.534
-2.5 0.734
-2.2 0.727
-2.5 0.713
-2.7 0.748
-1.2 0.822
-1.6 0.822
-1.6 0.752
-2.5 0.769
-1.3 0.803
1.9 0.769
2.4 0.834
4.7 0.834
4.7 0.832
4.0 0.865
-5.9 0.65
-4.5 0.779
-3.0 0.716
-3.0 0.716
-3.0 0.8
-3.7 0.8
-6.8 0.0
3.4 0.613
2.2 0.65
1.2 0.691
0.8 0.691
0.8 0.613
0.9 0.693
-4.4 0.859
-3.6 0.905
-2.4 0.956
-5.5 0.956
-5.5 0.8
-6.6 0.0
-2.4 0.5
-1.0 0.784
-1.0 0.0
-3.2 0.0
-3.2 0.667
-0.4 0.5
-9.6 0.714
-3.4 0.7
-3.5 0.752
-0.8 0.807
-1.7 0.788
-0.3 0.788
-0.3 0.831
1.0 0.841
-11.6 0.5
-4.0 1.0
3.3 0.855
3.3 0.861
3.2 0.863
3.3 0.863
3.3 0.885
1.6 0.905
-3.9 0.839
-0.8 0.893
-0.4 0.83
0.8 0.83
0.8 0.864
2.3 0.868
-5.5 0.545
-1.9 0.618
-4.8 0.857
-0.5 0.823
0.6 0.734
0.7 0.734
0.7 0.764
-1.0 0.77
-4.7 0.795
-2.1 0.73
-3.9 0.782
-2.1 0.782
-2.1 0.797
-1.7 0.786
-1.9 0.733
-2.1 0.802
-0.9 0.874
1.1 0.874
1.1 0.852
-0.3 0.857
-3.0 0.6
4.3 0.825
3.9 0.802
5.8 0.802
6.1 0.802
6.1 0.874
8.3 0.88
-1.4 0.462
-4.4 0.787
-1.6 0.627
-3.1 0.627
-3.1 0.762
-1.0 0.867
-4.4 0.5
-0.1 0.0
-3.9 0.563
-3.9 0.865
-2.4 0.806
-3.1 0.806
-3.1 0.738
-1.2 0.688
-3.5 0.797
-3.2 0.765
-2.3 0.6
-2.5 0.6
-2.5 0.629
-1.8 0.77
-8.1 0.649
-4.3 0.654
-5.7 0.444
-7.2 0.444
-10.0 0.564
-1.9 0.761
0.2 0.628
-0.4 0.628
-0.4 0.749
0.7 0.784
-0.6 0.732
-1.0 0.792
1.0 0.763
-0.2 0.763
-0.2 0.735
-2.8 0.837
1.2 0.529
-1.3 0.767
-7.7 0.677
1.7 0.729
2.7 0.742
2.6 0.72
2.5 0.72
2.5 0.684
1.9 0.814
0.9 0.799
1.8 0.802
1.5 0.803
-0.5 0.803
-0.5 0.847
1.9 0.891
-9.8 0.636
0.1 0.766
0.6 0.746
-0.1 0.672
-0.4 0.672
-0.4 0.784
-0.2 0.789
-1.0 0.571
-3.3 0.72
-6.0 0.8
-6.3 0.6
-4.8 0.779
-1.4 0.779
-1.4 0.75
0.1 0.623
-0.5 0.4
-7.5 0.513
-1.0 0.513
-1.0 0.412
-5.4 0.714
4.5 0.768
-1.4 0.594
0.6 0.5
-1.7 0.5
-0.2 0.75
0.7 0.667
0.5 0.882
-0.2 0.85
2.9 0.868
1.8 0.868
1.8 0.871
3.0 0.909
-3.6 0.729
-2.7 0.5
-10.7 0.727
-5.7 0.727
-5.7 0.857
-3.2 0.843
-2.1 0.625
-0.5 0.0
-12.0 0.692
-7.4 0.692
-1.9 0.841
-0.1 0.795
0.7 0.879
2.7 0.879
2.7 0.873
0.7 0.853
-4.2 0.608
-0.5 0.693
-2.0 0.641
-0.6 0.641
-0.6 0.616
1.5 0.498
-7.0 0.667
-11.9 0.542
-0.2 0.308
-2.5 0.339
-2.1 0.683
0.4 0.766
0.5 0.752
0.5 0.752
0.5 0.753
1.8 0.669
-1.2 0.798
1.5 0.837
1.7 0.827
2.2 0.827
2.2 0.847
4.0 0.847
-3.1 0.706
-3.7 0.718
-2.6 0.684
-3.2 0.684
-3.2 0.758
-2.6 0.652
-0.6 0.0
-22.1 0.4
0.7 0.66
-1.1 0.784
-3.1 0.784
-3.1 0.735
0.2 0.75
-2.4 0.718
-1.4 0.72
1.1 0.72
1.1 0.761
-0.2 0.861
-5.7 0.813
-2.7 0.787
-0.6 0.787
-0.6 0.806
-0.1 0.753
-4.3 0.905
-4.0 0.865
-1.0 0.865
-1.0 0.764
-0.2 0.84
-4.9 0.606
-2.5 0.6
-1.8 0.6
-1.8 0.815
0.3 0.708
-0.1 0.788
-1.1 0.783
0.5 0.783
0.5 0.767
-0.6 0.825
3.4 0.814
2.5 0.75
0.8 0.75
0.8 0.682
1.1 0.768
-3.3 0.909
-3.0 0.0
-4.2 0.0
-2.2 0.714
1.4 0.733
-4.3 0.733
-4.3 0.857
-0.5 0.754
0.6 0.773
0.6 0.773
0.6 0.82
2.8 0.811
-6.3 0.813
-5.1 0.538
-6.7 0.538
-6.7 0.655
2.3 0.791
4.5 0.805
7.1 0.805
7.1 0.758
2.2 0.802
-1.0 0.886
2.4 0.418
1.6 0.389
-0.2 0.389
-0.2 0.355
-0.5 0.386
-0.9 0.756
-2.5 0.728
-2.1 0.728
-2.1 0.836
0.7 0.805
-6.2 0.69
-0.7 0.84
-1.8 0.84
-6.2 0.833
-3.1 0.667
2.8 0.66
5.0 0.66
5.0 0.696
5.8 0.709
-1.0 0.594
-0.1 0.537
-2.9 0.537
-2.9 0.622
-0.2 0.621
-2.9 0.514
0.3 0.569
2.7 0.569
2.7 0.59
1.6 0.692
-1.2 0.545
-3.7 0.87
1.6 0.87
-2.8 1.0
-7.5 0.842
-0.9 0.842
-0.9 0.833
-5.4 1.0
-1.2 0.731
-17.6 0.0
-8.6 0.667
-2.5 0.649
-5.4 0.649
2.1 0.605
2.2 0.606
1.3 0.606
1.3 0.664
-3.4 0.606
-2.2 0.614
-0.9 0.701
-0.8 0.701
-0.8 0.69
-1.4 0.784
-0.9 0.5
-7.5 0.806
-7.1 0.797
-1.2 0.891
-1.6 0.891
-1.6 0.727
-0.5 0.853
-2.6 0.762
-3.3 0.938
0.2 0.938
0.2 0.761
-1.5 0.875
0.3 0.871
2.7 0.864
5.1 0.864
5.1 0.892
3.7 0.895
-7.3 0.528
-4.5 0.889
-4.1 0.889
-4.1 0.692
-2.3 0.861
-1.5 0.859
1.4 0.859
1.4 0.888
0.6 0.88
-2.2 0.806
-2.3 0.0
-9.9 0.0
-8.4 0.709
-3.8 0.727
-3.7 0.727
-2.9 0.604
-3.5 0.602
-0.1 0.602
-0.1 0.642
-4.3 0.51
-1.7 0.8
-4.4 0.825
-6.7 0.6
-6.2 0.6
-6.2 0.785
-3.7 0.643
-0.9 0.687
0.5 0.772
-0.2 0.772
-0.2 0.767
0.7 0.771
-7.8 0.561
-1.5 0.478
-0.2 0.478
-0.2 0.576
-1.8 0.641
0.6 0.917
0.6 0.854
-0.5 0.854
-0.5 0.875
-5.6 0.636
-3.9 0.675
-2.9 0.675
-2.9 0.681
-2.2 0.691
-2.5 0.94
-2.9 0.892
-2.5 0.892
-2.5 0.894
-3.9 0.846
-4.5 0.564
-3.2 0.528
-2.7 0.528
-2.7 0.431
-2.9 0.47
-2.9 0.837
-0.1 0.786
-1.6 0.786
-1.6 0.79
-0.2 0.831
-7.5 0.681
-2.3 0.671
-2.8 0.671
-2.8 0.658
-6.4 0.78
-3.0 0.792
-1.6 0.792
-1.6 0.794
-0.6 0.875
-6.4 0.375
-2.1 0.756
-3.1 0.807
0.5 0.807
-9.1 0.744
-1.3 0.774
-3.4 0.774
-3.4 0.833
-1.9 0.826
-0.1 0.769
-1.6 0.769
-1.6 0.659
-2.5 0.765
-0.6 0.778
-0.3 0.744
2.0 0.744
2.0 0.64
1.1 0.5
-3.3 0.553
-5.4 0.634
-4.0 0.634
-7.7 0.8
-7.3 0.743
-1.1 0.71
-0.5 0.717
-2.6 0.717
-2.6 0.774
-0.5 0.778
-0.4 0.762
-1.4 0.786
-0.5 0.786
-0.5 0.761
1.1 0.811
-6.9 0.519
-3.2 0.685
-2.1 0.68
-3.6 0.68
-3.6 0.713
-2.1 0.646
-10.7 0.0
-4.2 0.641
-4.6 0.667
-1.5 0.667
-1.5 0.541
-2.3 0.719
-1.7 0.823
0.9 0.823
0.9 0.815
-4.4 0.564
0.3 0.502
0.4 0.502
0.4 0.582
2.1 0.611
-1.8 0.741
0.5 0.741
0.5 0.724
2.4 0.77
-1.4 0.715
-2.7 0.715
-3.6 0.809
-1.5 0.809
-1.5 0.771
-1.2 0.863
-7.3 0.641
-4.8 0.641
-4.8 0.9
-9.4 0.722
-13.9 0.4
-8.5 0.4
-6.8 0.632
-2.6 0.632
-2.6 0.75
-4.7 0.667
-4.0 0.667
-4.0 0.933
0.0 0.714
-2.5 0.752
-1.9 0.752
-1.9 0.817
-2.0 0.759
-4.5 0.9
-4.9 0.9
-1.1 0.533
-0.3 0.533
-2.1 0.696
-1.0 0.696
-1.0 0.811
1.1 0.832
-3.4 0.817
-2.2 0.817
-2.2 0.833
-2.7 0.909
-0.2 0.694
-0.7 0.694
-0.7 0.654
-0.8 0.753
-4.7 1.0
-2.8 1.0
-2.8 0.824
-3.0 0.759
-3.6 0.82
0.2 0.82
0.2 0.791
-0.2 0.822
-4.7 0.75
-0.3 0.75
-0.3 0.867
-0.7 0.847
1.1 0.0
-15.9 0.0
-15.9 0.833
-1.5 0.85
-1.2 0.846
-4.9 0.846
-4.9 0.556
-1.1 0.796
-7.0 1.0
-2.1 1.0
-5.9 0.649
-3.2 0.649
-6.0 0.531
-3.3 0.531
-3.3 0.75
-1.3 0.699
-2.1 0.763
-2.6 0.763
-2.6 0.864
-1.6 0.854
0.7 0.783
2.5 0.783
2.5 0.827
2.4 0.814
-5.4 0.0
-5.1 0.0
-4.3 0.623
5.8 0.623
5.8 0.569
3.7 0.653
-4.3 0.735
-4.5 0.735
-4.5 0.674
-4.6 0.786
-3.4 0.692
-3.1 0.692
-3.1 0.909
-4.0 0.83
0.7 0.83
-2.3 0.824
-0.3 0.824
-0.3 0.857
0.0 0.805
-2.1 0.828
-3.5 0.828
-7.5 0.763
-1.2 0.763
-1.2 0.929
-0.2 0.832
-2.8 0.832
-2.8 0.685
-6.0 0.833
-5.2 1.0
0.8 1.0
-4.7 0.782
-2.4 0.782
-2.4 0.776
-7.2 0.727
-7.9 0.727
-5.9 0.702
-1.0 0.702
-1.0 0.728
-3.6 0.721
-7.0 1.0
-5.5 1.0
-4.1 0.679
-1.7 0.679
-1.7 0.8
-4.1 0.699
-0.7 0.699
-0.7 0.827
0.4 0.912
-3.2 0.813
-0.8 0.813
-0.8 0.718
-3.2 0.753
-9.2 0.0
-16.6 0.0
-6.2 0.717
-1.8 0.717
-1.8 0.764
-4.2 0.774
-4.9 1.0
-11.2 1.0
-6.0 0.88
1.7 0.88
1.7 0.795
-0.5 0.766
-0.8 0.819
0.0 0.819
0.0 0.83
1.8 0.753
0.5 0.684
2.1 0.684
2.1 0.75
1.2 0.732
-8.4 0.375
2.3 0.375
2.4 0.495
0.8 0.495
0.8 0.642
2.8 0.58
-6.8 0.734
-0.4 0.734
-0.4 0.754
1.8 0.832
-4.4 0.673
-2.2 0.673
-2.2 0.52
-2.3 1.0
-14.4 1.0
-0.3 0.479
0.3 0.479
0.3 0.611
1.4 0.423
-8.3 0.827
-2.4 0.827
-2.4 0.791
-1.4 0.855
-3.0 0.8
-1.5 0.8
-1.5 0.909
-4.1 0.81
-3.0 0.708
-2.1 0.708
-2.1 0.719
-3.1 0.655
0.3 0.68
-1.0 0.68
-1.0 0.729
1.7 0.75
-3.4 0.333
-6.1 0.333
-1.3 0.774
0.4 0.774
0.4 0.754
1.0 0.679
-0.6 0.609
-0.6 0.6
-0.7 0.481
-2.7 0.643
-2.7 0.747
1.8 0.789
-7.7 0.8
-7.7 0.875
-26.9 0.0
26.6 0.0
-1.6 0.551
-1.6 0.422
-3.4 0.752
-1.8 0.821
-1.8 0.833
-3.4 0.893
-3.8 0.753
-2.7 0.825
-2.7 0.755
-18.9 0.0
-18.9 0.0
-11.6 0.0
-7.8 0.174
-7.8 0.379
0.5 0.531
-3.7 0.5
-16.3 0.0
-0.3 0.829
-0.3 0.804
-1.4 0.798
-4.0 0.429
-4.4 0.833
-4.4 0.0
-11.5 0.0
-4.2 0.912
-4.2 0.576
-5.1 0.792
-6.5 0.6
-11.4 0.667
-5.2 0.75
-5.2 0.75
-1.5 0.84
-1.5 0.735
2.4 0.782
-6.7 0.714
-6.7 0.735
-4.8 0.84
-3.8 0.625
-7.3 0.476
-7.3 0.716
-1.3 0.76
-1.1 0.808
-1.1 0.754
-0.4 0.797
-2.8 0.721
-2.8 0.668
1.8 0.719
-11.3 0.5
-3.3 0.591
-3.3 0.658
-1.3 0.612
-5.4 0.833
-5.4 1.0
-2.1 0.8
-2.1 0.752
-1.9 0.802
-3.5 0.861
-3.5 0.781
-4.3 0.745
-4.3 0.82
0.2 0.776
-4.5 0.6
-4.5 0.0
-6.6 0.714
-1.1 0.763
-1.1 0.86
0.7 0.783
-0.8 0.75
-0.8 0.722
0.1 0.735
-3.7 0.574
-3.7 0.667
-8.4 1.0
-7.3 0.68
-1.1 0.681
-1.1 0.797
0.4 0.768
-3.8 1.0
-3.8 0.896
-3.0 0.843
-7.4 1.0
-3.6 0.643
-3.6 0.899
-2.3 0.63
-4.5 0.842
-4.5 0.793
-1.4 0.836
-1.3 0.0
-4.5 0.313
-4.5 0.417
-1.8 0.56
-1.8 0.531
-1.1 0.5
-2.7 0.752
-2.7 0.8
-5.0 0.842
-8.0 0.667
-8.0 0.857
-3.1 0.845
-2.4 0.625
-2.4 0.4
-8.5 1.0
-1.6 0.674
-1.6 0.722
-2.8 0.5
1.2 0.803
1.2 0.807
1.2 0.773
-4.5 0.0
-4.5 0.5
-2.6 0.786
-2.6 0.733
-4.9 0.776
0.8 0.609
0.8 0.59
0.7 0.694
-10.3 0.5
-10.3 0.533
2.6 0.657
-0.6 0.636
-0.6 0.616
-1.3 0.571
-9.0 0.444
-9.0 0.675
-6.0 0.833
-2.3 0.722
-2.3 0.643
-1.2 0.697
-1.2 0.768
-2.4 0.743
-5.9 0.652
-5.9 0.654
-6.1 0.737
-0.7 0.551
-0.7 0.589
-1.3 0.692
-0.9 0.758
-0.9 0.739
-0.3 0.759
-16.8 0.0
-16.8 0.715
-3.6 0.723
-2.5 0.696
-2.5 1.0
-4.7 0.0
-4.4 0.67
-4.4 0.656
1.1 0.646
1.1 0.777
0.7 0.812
-8.0 0.923
-8.0 0.615
-3.9 0.859
-3.9 0.771
-3.6 0.813
-8.4 0.5
0.5 0.536
0.5 0.5
-1.0 0.5
-5.6 0.692
-5.6 0.745
-4.0 0.638
-2.1 0.737
-2.1 0.703
-1.2 0.773
-3.0 0.0
-6.1 0.769
0.5 0.783
0.5 0.5
-2.3 0.76
-2.3 0.761
-2.1 0.76
-6.0 1.0
-6.0 0.75
-2.4 1.0
-3.8 0.552
-3.8 0.25
-4.6 0.667
-0.7 0.81
1.7 0.825
-1.2 0.791
0.3 0.738
-3.1 0.832
-5.0 0.0
0.7 0.669
3.2 0.724
-8.2 0.778
0.5 0.559
-4.7 0.889
0.9 0.645
-3.4 0.89
-1.9 0.628
-5.5 0.5
-2.8 0.8
-3.6 0.75
1.2 0.751
-0.9 0.699
-6.0 0.529
-7.4 0.0
-3.5 0.0
-2.6 0.679
4.8 0.825
-3.7 0.767
-1.2 0.756
-9.5 0.618
-2.8 0.722
3.6 0.81
-3.2 0.8
-2.1 0.811
-1.0 0.6
-4.3 0.794
1.1 0.59
-3.2 0.571
-4.3 0.784
-1.4 0.738
-2.3 0.889
-4.1 0.671
-5.8 0.758
-4.9 0.667
-1.3 0.625
-3.3 0.661
0.1 0.786
-0.4 0.792
-1.6 0.557
0.6 0.779
-6.6 0.773
-1.8 0.782
-1.0 0.75
-2.3 0.0
-2.8 0.0
2.8 0.832
-2.3 0.809
-6.1 0.4
-2.1 0.688
1.5 0.625
-0.6 0.617
-4.5 0.733
-0.7 0.764
-5.4 0.733
