-0.4 0.727
-0.1 0.5
3.5 0.801
3.0 0.841
2.8 0.869
1.6 0.866
1.3 0.784
1.4 0.726
-0.1 1.0
-0.8 0.81
0.0 0.808
6.0 0.873
4.0 0.916
4.2 0.904
3.3 0.883
4.4 0.903
4.2 0.903
3.0 0.907
3.4 0.952
4.3 0.913
2.6 0.881
4.1 0.915
1.8 0.886
1.1 0.905
-0.2 0.621
-0.2 0.685
0.1 0.769
2.1 0.74
2.4 0.692
1.7 0.734
2.5 0.715
1.9 0.75
1.9 0.728
-2.1 0.638
-0.9 0.481
4.0 0.856
1.3 0.859
2.9 0.824
1.1 0.805
0.0 0.838
0.1 0.877
0.9 0.737
-0.3 0.742
1.0 0.789
0.0 0.729
-0.1 0.73
0.0 0.556
1.6 0.692
-0.3 0.732
0.5 0.764
0.1 0.818
0.3 0.722
0.3 0.659
3.8 0.888
3.4 0.878
1.9 0.854
2.2 0.853
0.1 0.786
-0.1 0.785
1.0 0.667
0.1 0.692
1.1 0.816
-0.3 0.753
-0.2 0.803
0.8 0.791
0.2 0.81
0.7 0.444
-0.2 0.938
-0.5 0.926
0.6 0.762
0.2 0.75
-0.3 0.791
-0.5 0.74
-0.2 0.7
-0.7 1.0
-0.5 0.684
-0.4 0.586
-0.7 0.75
-0.9 0.633
-0.4 0.673
-0.3 0.726
0.2 0.529
-0.3 0.722
0.0 0.9
0.0 0.778
2.3 0.846
6.0 0.795
3.0 0.827
2.3 0.837
1.8 0.661
1.5 0.88
2.4 0.95
0.8 0.95
0.2 0.931
2.6 0.86
1.9 0.845
0.7 0.873
1.1 0.828
0.2 0.677
1.0 0.746
0.8 0.742
-0.1 0.723
-0.4 0.664
0.4 0.675
-0.1 0.75
-0.4 0.676
0.5 0.786
-0.3 0.747
0.0 0.788
2.8 0.776
2.8 0.868
2.2 0.853
0.9 1.0
0.1 0.892
0.1 0.84
-0.6 0.773
-0.3 0.714
0.2 0.83
-0.1 0.5
-0.2 1.0
1.6 0.897
0.1 0.854
-0.4 0.87
-0.3 0.885
2.2 0.803
1.1 0.861
1.4 0.815
3.1 0.775
3.3 0.849
2.4 0.83
1.4 0.78
0.4 0.789
2.6 0.861
1.0 0.629
0.8 0.75
0.3 0.885
2.1 0.878
3.7 0.878
3.7 0.898
4.2 0.894
4.9 0.883
4.1 0.918
5.2 0.913
3.2 0.91
3.2 0.916
2.3 0.895
0.3 0.938
0.2 0.833
1.7 0.5
0.1 0.644
0.6 0.571
0.3 0.556
0.3 0.811
-0.2 0.727
-0.3 0.719
1.7 0.713
0.4 0.757
-0.9 0.754
-0.8 0.638
-1.3 0.615
0.8 0.958
0.0 0.723
-0.2 0.798
0.1 0.813
0.0 0.556
0.0 0.6
0.1 0.6
0.0 0.75
-0.1 0.83
1.6 0.479
0.8 0.404
2.3 0.579
2.0 0.634
2.1 0.607
2.7 0.589
1.5 0.652
1.5 0.538
0.5 0.75
1.0 0.659
0.8 0.833
0.2 0.667
0.0 0.786
-0.1 0.0
0.0 0.77
-0.5 0.865
-0.1 0.877
0.0 0.921
0.6 0.874
0.0 0.898
0.4 0.831
1.7 0.922
0.6 0.806
2.8 0.837
0.8 0.683
3.0 0.742
6.2 0.685
4.1 0.773
4.8 0.752
4.8 0.775
6.5 0.761
5.5 0.787
0.0 0.676
-0.2 0.738
0.5 0.78
3.1 0.733
2.2 0.71
0.9 0.649
0.9 0.522
0.1 0.522
0.1 0.889
3.2 0.988
-0.3 0.5
-0.1 0.0
2.5 0.858
2.5 0.836
3.6 0.854
2.5 0.864
2.3 0.827
1.0 0.787
-0.4 0.688
-0.6 0.0
0.0 0.75
-0.3 0.707
-0.2 0.833
-0.1 0.871
-0.2 0.77
-0.3 0.583
4.4 0.829
5.0 0.843
7.1 0.852
4.7 0.816
4.5 0.85
6.5 0.868
5.3 0.84
6.0 0.856
4.9 0.811
4.0 0.828
4.1 0.845
2.4 0.839
5.1 0.857
-0.2 0.813
0.7 0.813
0.7 0.826
-0.1 0.75
0.1 0.75
0.6 0.69
0.8 0.802
0.8 0.741
-0.3 0.778
1.8 0.782
1.6 0.794
0.5 0.864
-0.2 0.8
0.2 0.5
-0.3 0.725
0.4 0.917
0.1 0.628
-0.2 0.651
3.3 0.626
0.5 0.66
0.6 0.721
3.3 0.723
2.8 0.712
2.7 0.729
4.4 0.708
4.7 0.725
1.8 0.639
3.8 0.614
1.7 0.453
1.7 0.421
0.8 0.797
1.8 0.801
0.0 0.685
0.0 0.764
-0.1 1.0
0.0 1.0
0.0 0.878
2.2 0.873
1.4 0.704
0.0 0.926
0.4 0.684
-0.3 0.857
0.3 0.944
-0.1 0.944
0.7 0.833
0.0 0.528
-0.5 0.66
-0.8 0.0
-0.2 0.686
-0.4 0.727
-0.3 0.0
-0.1 0.753
0.7 0.731
0.1 0.846
0.0 1.0
-0.1 0.8
6.8 0.798
3.7 0.806
1.7 0.806
3.4 0.798
5.2 0.799
4.7 0.802
4.8 0.816
3.8 0.817
3.4 0.84
2.2 0.74
1.2 0.826
1.0 0.816
2.6 0.821
1.6 0.789
0.2 0.789
0.2 0.833
0.2 0.765
2.1 0.86
2.8 0.861
3.1 0.873
4.5 0.865
1.0 0.863
2.5 0.879
0.4 0.882
0.2 0.582
0.7 0.532
0.3 0.676
1.4 0.783
1.0 0.743
-0.4 0.667
-0.1 0.687
-0.4 0.58
0.5 0.61
0.2 0.649
-0.8 1.0
-0.1 0.817
-1.1 0.667
4.1 0.851
4.2 0.81
4.2 0.86
2.5 0.897
0.2 0.667
0.0 0.667
0.7 0.674
0.8 0.656
1.4 0.0
-1.0 0.889
-0.3 0.75
-0.2 0.5
-0.1 0.75
0.0 0.792
-0.2 0.815
1.4 0.784
1.4 0.754
0.0 1.0
-0.8 0.892
-0.7 0.833
-0.8 0.667
-0.3 0.75
-0.3 1.0
-0.1 0.788
-0.1 0.676
-0.5 0.733
-0.1 0.875
0.1 0.866
-1.1 0.769
0.0 0.806
0.5 0.833
2.2 0.843
1.9 0.826
1.7 0.838
0.7 0.864
1.5 0.872
0.2 0.857
1.8 0.854
0.0 0.927
0.1 0.871
0.8 0.866
1.2 0.901
0.4 0.901
0.4 0.904
-0.3 0.857
0.1 0.851
0.3 0.815
0.3 0.894
0.5 0.883
0.8 0.882
1.2 0.865
-0.1 0.906
0.0 0.583
-0.2 0.864
0.1 0.6
-0.6 0.75
0.1 0.892
-0.6 0.791
-0.4 0.8
-0.1 0.845
-1.1 0.5
-0.6 0.645
0.0 0.698
1.1 0.654
2.1 0.605
1.1 0.591
1.4 0.623
1.9 0.575
2.4 0.638
2.3 0.604
0.9 0.545
0.5 0.0
1.8 0.752
1.2 0.855
0.2 0.842
0.9 0.816
1.5 0.845
0.3 0.832
-0.2 0.776
0.4 0.8
1.3 0.818
1.4 0.771
0.0 0.765
0.0 0.757
0.9 0.642
4.3 0.58
5.2 0.71
2.2 0.673
5.2 0.761
2.7 0.675
2.6 0.745
3.1 0.75
4.5 0.757
0.9 0.821
2.3 0.771
1.1 0.667
2.0 0.708
2.7 0.633
2.5 0.613
1.1 0.606
0.9 0.533
0.0 0.654
0.6 0.889
-0.2 0.773
0.2 0.762
0.0 0.833
-0.1 1.0
0.0 0.79
0.1 0.748
1.3 0.718
1.1 0.815
0.6 0.797
1.6 0.839
2.2 0.787
0.6 0.861
-0.7 0.581
0.4 0.56
-0.1 0.644
0.2 0.815
0.3 0.333
-0.5 0.0
0.5 0.804
0.5 0.782
1.0 0.841
0.1 0.757
-0.1 0.741
0.0 0.75
0.2 0.833
-0.1 1.0
2.9 0.615
3.3 0.713
3.0 0.654
1.8 0.667
-0.9 0.826
-0.6 0.783
-0.9 0.865
-0.1 0.61
-0.4 0.8
-0.2 0.878
-0.3 0.5
-0.4 0.833
-0.2 0.772
-0.6 0.83
-0.8 0.78
-0.5 0.835
-0.4 0.809
-0.2 0.845
0.1 0.825
0.4 0.77
-0.5 0.83
-0.1 0.742
-0.3 0.857
-1.6 0.793
0.1 0.0
-0.1 1.0
0.0 0.533
-0.1 0.0
5.9 0.799
8.1 0.71
7.6 0.599
5.9 0.67
4.7 0.629
4.6 0.637
6.3 0.73
4.5 0.692
4.2 0.725
4.7 0.716
3.2 0.695
1.8 0.817
3.2 0.731
2.8 0.74
4.2 0.74
4.2 0.702
1.4 0.796
-0.5 0.848
1.0 0.854
-0.3 0.795
-1.2 0.833
-0.2 0.7
1.1 0.631
0.2 0.758
0.3 0.606
0.0 0.75
-0.8 0.701
1.3 0.944
0.5 0.769
3.7 0.837
2.1 0.861
2.4 0.85
3.0 0.831
1.8 0.852
0.8 0.918
0.7 0.8
0.5 0.823
0.9 0.533
0.5 0.847
1.4 0.8
0.8 0.797
0.3 0.862
0.6 0.833
1.6 0.853
0.2 0.883
1.0 0.846
1.6 0.856
0.7 0.806
0.4 0.851
-0.4 0.921
-0.3 0.775
-2.1 0.668
-0.8 0.657
-0.1 0.75
-0.7 0.68
-0.3 0.5
0.0 0.795
0.1 0.655
-0.1 0.815
-0.1 0.88
-0.2 0.767
-0.4 0.769
-0.3 0.75
-0.1 0.813
0.2 0.61
1.0 0.54
0.3 0.669
2.5 0.634
1.0 0.604
1.6 0.639
1.3 0.593
2.1 0.658
1.7 0.556
0.0 0.563
1.0 0.667
1.8 0.824
1.5 0.754
0.9 0.733
0.2 0.398
0.3 0.673
1.6 0.543
0.0 0.556
1.0 0.612
0.6 0.44
0.3 0.471
0.0 0.5
7.0 0.773
2.9 0.8
5.8 0.775
3.6 0.823
3.2 0.787
1.2 0.829
0.8 0.565
-0.4 0.607
-0.1 0.588
6.2 0.801
7.0 0.751
9.0 0.791
9.8 0.811
9.3 0.81
7.4 0.835
5.2 0.801
5.5 0.841
2.7 0.837
2.4 0.862
3.4 0.857
2.6 0.786
1.5 0.809
0.0 0.8
0.4 0.8
0.4 0.667
0.2 0.0
-0.5 0.836
1.3 0.83
1.2 0.0
-0.1 0.879
-0.5 0.811
0.0 0.889
-0.1 0.8
-0.5 0.701
-0.5 0.5
-0.8 0.675
1.2 0.79
0.3 0.76
1.1 0.75
-0.1 0.674
0.5 0.75
0.4 0.706
-0.2 0.773
0.0 0.696
-0.2 0.795
-0.3 0.677
-0.6 0.764
-0.3 0.735
-0.5 0.9
0.1 0.757
-0.2 0.784
0.1 0.769
-0.5 0.8
-0.2 0.5
1.2 0.849
1.3 0.771
2.0 0.782
0.4 0.722
-0.2 0.875
1.8 0.721
1.3 0.0
0.0 0.722
-0.1 0.837
1.5 0.844
1.0 0.0
0.0 0.75
0.4 0.774
1.4 0.789
0.3 0.556
-0.1 0.757
0.1 1.0
-0.1 0.714
-0.1 0.767
-0.6 0.815
-0.4 0.0
0.3 0.504
0.0 0.481
-0.8 0.6
0.0 0.387
-0.1 0.89
0.1 0.833
1.1 0.868
2.3 0.858
1.8 0.845
1.5 0.861
2.2 0.833
2.8 0.848
1.1 0.846
-0.2 0.849
-0.2 0.784
0.0 0.857
-0.1 0.652
-0.8 1.0
0.0 0.698
-0.1 0.604
-0.1 0.667
0.1 0.81
1.2 0.794
0.9 0.804
0.0 0.739
-0.3 1.0
2.4 0.794
0.2 0.5
0.6 0.743
0.9 0.792
2.9 0.688
0.6 0.778
1.8 0.725
0.7 0.767
0.6 0.712
0.2 0.764
-0.2 0.799
0.3 0.77
0.1 0.734
1.5 0.672
0.4 0.694
0.6 0.694
0.7 0.774
1.1 0.793
0.6 0.757
0.1 0.735
0.4 0.676
0.6 0.75
-0.1 0.771
-0.3 0.709
-0.3 0.82
0.0 0.744
-0.4 0.718
0.4 0.626
-0.5 0.773
-0.3 0.625
0.6 0.842
0.8 0.804
0.3 0.846
-0.4 0.812
0.0 1.0
0.0 0.5
0.0 0.0
-0.1 0.6
0.2 0.67
-0.2 0.735
-0.6 1.0
-0.6 0.533
-0.1 0.638
-0.4 0.667
0.0 0.539
0.5 0.673
-0.1 0.702
-0.8 0.571
0.1 0.863
0.2 0.819
0.2 0.65
-0.5 0.675
-0.5 0.75
1.7 0.84
0.3 0.82
0.1 0.845
1.8 0.873
0.9 0.783
3.3 0.769
2.3 0.645
1.7 0.789
1.9 0.647
1.5 0.594
1.4 0.643
-0.5 0.857
-0.2 0.861
-0.1 0.8
0.0 0.852
0.2 0.805
-0.1 0.917
0.0 0.917
1.1 0.792
1.5 0.923
-0.4 0.95
1.6 0.87
1.0 0.919
1.7 0.913
0.3 0.837
1.2 0.761
0.9 0.803
2.2 0.809
-0.6 0.843
0.3 0.806
-0.2 0.824
0.1 0.786
-0.3 0.676
-0.2 0.786
0.1 0.829
-0.3 0.8
-0.3 1.0
-0.8 0.876
-0.5 0.9
0.6 0.818
-0.3 0.778
-0.9 0.923
-0.5 0.813
-0.4 1.0
0.5 0.737
0.8 0.731
1.3 0.797
1.0 0.777
3.6 0.756
0.6 0.676
1.0 0.798
-0.1 0.807
0.3 0.832
1.3 0.5
0.0 0.723
-0.4 0.625
0.2 0.793
0.2 0.5
0.0 0.909
0.1 0.778
0.0 0.6
-0.1 1.0
0.0 0.754
-0.1 0.781
0.7 0.746
2.4 0.799
2.0 0.834
2.2 0.807
2.1 0.802
1.1 0.799
0.5 0.743
-0.4 0.783
5.1 0.812
3.9 0.774
4.2 0.745
2.3 0.835
5.0 0.814
4.3 0.795
1.9 0.809
3.1 0.781
0.7 0.794
0.8 0.81
1.5 0.846
1.9 0.752
0.9 0.862
0.2 0.733
0.9 0.774
0.7 0.79
0.7 0.851
0.0 0.5
-0.4 0.862
0.7 0.855
0.2 0.843
2.8 0.931
1.1 0.692
-0.1 0.825
-0.5 0.765
-0.4 0.79
-0.1 0.828
-0.6 0.805
-0.6 0.874
1.0 0.791
1.4 0.763
-0.6 0.718
-0.1 0.706
-0.1 0.76
2.1 0.785
2.1 0.83
1.1 0.786
1.6 0.813
0.9 0.832
1.5 0.826
1.3 0.779
2.2 0.816
1.1 0.825
0.1 0.7
-0.1 0.5
-0.2 0.333
1.7 0.734
1.4 0.789
1.9 0.748
2.1 0.76
0.5 0.731
1.6 0.736
1.9 0.76
1.8 0.754
2.1 0.647
0.9 0.731
0.5 0.683
0.5 0.691
0.4 0.72
-0.5 0.64
0.1 0.689
-0.1 0.798
0.6 0.752
0.9 0.752
0.9 0.754
-0.7 0.814
-0.4 0.753
0.3 0.95
-0.2 0.742
-0.7 0.769
-0.4 0.667
-0.4 0.81
1.3 0.455
-0.2 0.682
0.4 0.607
0.4 0.64
-0.1 0.5
-0.1 0.729
-0.1 0.741
0.1 0.764
0.1 0.791
2.9 0.64
0.5 0.682
0.0 0.714
-0.1 0.0
3.6 0.837
4.9 0.822
3.0 0.835
3.3 0.806
3.1 0.781
3.1 0.787
1.1 0.714
0.3 0.662
1.1 0.687
0.4 0.609
-0.2 0.733
0.8 0.727
0.4 1.0
0.1 0.815
1.3 0.455
-0.2 0.0
-0.7 0.794
-0.4 0.742
0.1 0.975
-0.2 0.882
5.3 0.814
5.4 0.841
6.7 0.827
4.1 0.74
4.6 0.795
5.6 0.778
5.2 0.818
3.5 0.819
4.7 0.808
4.6 0.87
3.4 0.786
1.5 0.833
0.4 0.757
-0.4 0.541
-0.6 0.754
0.2 0.852
0.7 0.803
1.3 0.805
-0.1 0.873
-0.4 0.75
-0.3 0.762
-0.5 0.769
1.8 0.712
0.6 0.706
1.9 0.729
1.4 0.721
0.7 0.714
1.4 0.868
1.2 0.833
2.6 0.8
0.5 0.763
2.5 0.695
2.8 0.682
1.9 0.769
0.3 0.811
2.5 0.68
1.2 0.769
-0.2 0.579
0.2 0.913
-0.5 0.727
-0.5 0.6
-0.5 1.0
0.8 0.783
0.1 0.804
0.2 0.791
0.3 0.625
0.0 0.516
-0.1 0.65
3.1 0.81
3.2 0.82
2.3 0.763
2.5 0.777
3.3 0.818
3.3 0.841
3.1 0.838
4.6 0.836
4.5 0.806
2.8 0.802
1.0 0.838
-0.2 0.622
-0.2 0.788
0.0 0.909
0.0 1.0
0.0 0.667
-0.1 0.882
-0.1 0.0
0.0 0.0
0.0 0.529
-0.1 0.2
0.5 0.699
-0.8 0.783
0.1 0.673
-0.3 0.762
0.0 0.875
0.0 0.771
-0.4 0.861
-0.4 0.855
-0.3 0.883
-0.4 0.781
-0.3 0.737
2.9 0.625
0.1 0.554
1.1 0.667
0.3 0.739
0.1 0.671
1.5 0.671
-0.1 0.648
0.4 0.59
-0.1 0.483
0.3 0.5
0.1 0.426
-0.2 0.517
-0.2 0.25
-0.2 0.0
0.5 0.801
0.6 0.802
0.9 0.848
2.5 0.857
2.2 0.828
0.4 0.82
1.3 0.812
2.1 0.824
-0.2 0.835
0.5 0.834
-0.2 0.856
-0.7 0.75
-0.2 0.73
0.3 0.717
1.2 0.751
0.3 0.602
-0.3 0.535
-1.4 0.541
-1.1 0.455
-0.7 0.483
-0.3 0.356
-0.5 0.5
0.0 0.259
0.9 0.59
5.8 0.797
4.4 0.763
4.8 0.747
0.5 0.667
0.1 0.833
3.7 0.781
2.2 0.803
3.6 0.817
3.4 0.834
4.4 0.755
0.9 0.769
1.5 0.716
0.1 0.462
4.5 0.845
3.6 0.851
6.4 0.851
4.7 0.833
5.5 0.809
5.9 0.81
5.7 0.707
3.8 0.796
1.9 0.755
1.5 0.768
1.8 0.796
1.5 0.782
2.4 0.785
1.9 0.765
0.2 0.765
3.5 0.708
1.7 0.756
2.3 0.736
3.9 0.791
2.5 0.748
0.7 0.663
0.8 0.864
-0.1 0.5
0.0 0.5
0.8 0.678
1.8 0.653
2.1 0.684
2.2 0.646
2.1 0.712
0.7 0.25
-0.1 0.58
1.1 0.604
1.6 0.557
1.1 0.583
1.2 0.37
0.1 0.425
0.3 0.579
0.5 1.0
0.0 1.0
3.3 0.876
0.9 0.848
3.3 0.813
3.8 0.697
1.8 0.718
-0.4 0.848
0.3 0.749
0.6 0.769
1.1 0.802
0.4 0.682
-1.8 0.663
-1.0 0.659
-0.2 0.541
-0.8 0.75
-0.9 0.718
-1.0 0.774
-0.5 0.683
-0.6 0.762
-0.1 0.684
0.2 0.622
0.9 0.756
0.8 0.517
0.0 0.571
0.4 0.81
-0.1 0.25
0.0 0.548
-0.9 0.0
0.0 0.2
2.0 0.818
5.9 0.748
5.9 0.793
8.7 0.796
5.3 0.774
7.0 0.747
3.0 0.707
5.2 0.684
2.7 0.801
1.0 0.746
-0.2 0.698
0.7 0.675
1.6 0.836
0.4 0.746
-1.0 0.797
0.2 0.813
-0.4 0.69
-0.4 0.688
-0.8 0.767
0.4 0.714
2.4 0.787
1.3 0.836
2.0 0.757
1.7 0.625
0.3 0.5
-0.1 0.0
0.0 0.661
0.2 0.721
-0.9 0.767
-0.1 0.821
-0.4 0.0
0.0 0.85
-0.2 0.798
-1.3 0.802
-0.9 0.765
-0.5 0.7
-0.9 0.693
-1.7 0.724
-0.6 0.663
-0.6 0.678
-0.1 0.716
1.0 0.62
1.4 0.594
-0.8 0.642
0.9 0.6
0.4 0.534
3.5 0.817
4.1 0.795
1.1 0.832
3.4 0.838
2.2 0.738
1.8 0.784
1.9 0.772
2.9 0.826
3.6 0.821
2.3 0.853
2.1 0.811
0.6 0.84
1.0 0.779
0.1 0.753
-0.3 0.753
-0.3 0.75
0.5 0.775
2.8 0.818
3.3 0.778
4.2 0.812
3.4 0.828
3.5 0.772
0.8 0.848
2.9 0.824
1.7 0.827
0.6 0.83
0.9 0.833
1.0 0.762
1.2 0.839
0.7 0.723
1.4 0.72
2.9 0.8
2.6 0.793
2.8 0.774
2.1 0.732
2.1 0.824
1.8 0.676
0.3 0.4
0.3 0.727
0.6 0.821
0.9 0.75
-0.2 0.75
-0.2 0.0
-0.1 1.0
3.5 0.911
3.6 0.9
2.1 0.885
2.8 0.933
-0.5 0.794
-0.2 0.889
-0.7 0.776
2.1 0.85
2.1 0.858
2.5 0.811
3.1 0.82
1.1 0.839
1.8 0.837
1.1 0.819
0.4 0.722
-0.1 0.617
-1.1 0.634
-0.5 0.592
0.1 0.674
0.3 0.785
0.4 0.61
0.0 0.583
0.5 0.55
-0.4 0.648
0.3 0.598
-0.4 0.565
0.0 0.723
-0.1 0.533
-0.2 0.333
-0.1 0.333
-0.1 1.0
-0.3 0.0
-0.1 0.659
0.1 0.579
-0.2 0.769
-0.5 0.323
0.2 0.769
0.0 0.8
0.0 0.857
0.1 0.787
0.1 0.742
-0.4 0.681
1.1 0.736
0.7 0.787
-0.1 0.636
-1.1 0.75
0.2 0.657
0.4 0.817
-0.4 0.81
-0.1 0.778
-0.3 0.0
2.2 0.764
2.5 0.727
-0.1 0.681
0.7 0.741
0.3 0.758
-0.1 0.69
0.5 0.711
0.3 0.667
0.0 0.8
0.0 0.723
-0.1 0.746
-0.5 0.571
-0.2 0.747
0.0 0.824
-0.3 0.81
-0.6 0.806
-0.2 0.867
0.2 0.676
1.1 0.681
1.3 0.652
0.2 0.637
0.0 0.781
0.6 0.715
1.6 0.708
1.4 0.364
-0.1 0.583
0.1 0.545
-0.1 0.5
2.5 0.887
3.1 0.909
3.7 0.916
2.0 0.887
2.4 0.921
4.0 0.899
3.9 0.906
2.6 0.933
1.3 0.938
2.6 0.912
1.6 0.894
0.7 0.922
0.4 0.917
-0.5 0.688
-0.2 0.549
1.1 0.642
1.6 0.474
2.9 0.467
1.5 0.6
0.7 0.68
1.4 0.755
1.2 0.781
0.4 0.2
-0.1 0.852
0.6 0.778
0.5 0.783
-0.6 0.797
-0.1 0.688
-0.2 0.6
0.0 0.769
-0.3 0.724
0.9 0.751
-0.1 0.684
-0.1 0.761
-0.3 0.833
-0.4 0.69
5.3 0.853
4.8 0.881
6.1 0.877
4.0 0.869
5.9 0.901
6.0 0.904
6.2 0.879
5.0 0.89
2.4 0.915
3.5 0.892
3.7 0.896
2.0 0.86
1.5 0.899
3.5 0.882
1.5 0.882
1.5 0.893
1.7 0.875
1.6 0.688
1.5 0.731
3.3 0.757
2.7 0.754
0.5 0.709
1.8 0.767
1.5 0.742
0.0 0.788
0.5 0.72
1.0 0.674
-0.1 0.677
0.0 0.835
0.0 0.75
6.8 0.555
5.5 0.622
5.3 0.49
4.6 0.461
4.7 0.469
2.1 0.422
0.8 0.503
0.6 0.595
2.3 0.496
0.5 0.557
1.4 0.75
-0.6 0.824
0.1 0.833
4.6 0.656
0.6 0.777
1.0 0.742
4.0 0.695
2.1 0.69
4.4 0.7
2.0 0.698
4.3 0.623
2.9 0.693
3.3 0.675
3.8 0.592
-0.3 0.476
1.6 0.56
-0.4 0.824
-0.7 0.753
-0.2 0.835
-0.4 0.667
-0.2 0.837
-0.6 0.822
-0.7 0.8
-0.2 0.833
-0.4 1.0
-1.6 0.622
-0.7 0.657
-0.7 0.59
-0.3 0.667
-0.6 0.511
-0.7 0.667
1.1 0.485
0.7 0.51
1.2 0.579
2.4 0.342
0.0 0.5
4.2 0.422
1.8 0.621
1.8 0.526
1.6 0.556
0.0 0.625
0.2 0.591
0.4 0.0
-0.6 0.571
-0.1 0.611
-0.2 0.636
-0.4 0.733
-0.2 0.745
-0.1 0.833
0.1 0.735
1.0 0.757
0.5 0.75
0.3 0.725
0.8 0.794
0.4 0.462
-0.4 0.73
-0.5 0.747
-1.1 0.662
-1.3 0.742
-0.8 0.653
0.2 0.375
-0.2 0.605
0.1 0.667
2.2 0.701
1.7 0.627
0.8 0.553
1.2 0.599
1.3 0.601
0.4 0.641
2.2 0.558
5.1 0.797
5.5 0.71
4.2 0.714
2.9 0.761
1.1 0.794
1.0 0.667
0.8 0.862
0.9 0.78
0.9 0.836
0.4 0.889
0.0 0.75
-0.3 0.5
0.1 0.798
2.7 0.814
0.8 0.795
-0.3 0.692
0.8 0.751
1.6 0.789
0.7 0.809
1.5 0.832
1.9 0.82
2.4 0.683
0.5 0.765
0.9 0.632
-0.3 0.611
-0.2 0.0
1.4 0.894
1.3 0.828
0.8 0.875
-0.2 0.804
0.4 0.4
-0.1 1.0
0.0 1.0
4.1 0.809
5.7 0.802
4.9 0.819
3.2 0.822
4.7 0.772
4.9 0.796
2.4 0.843
4.9 0.83
3.4 0.852
2.9 0.86
4.7 0.852
3.4 0.787
3.4 0.826
1.8 0.781
1.7 0.781
1.7 0.818
-0.3 0.769
2.6 0.774
2.1 0.818
1.9 0.63
1.1 0.693
1.9 0.605
0.0 0.571
0.1 0.673
0.3 0.763
0.5 0.5
0.0 0.682
0.1 0.524
1.8 0.819
1.7 0.793
1.5 0.833
1.7 0.83
4.0 0.865
0.9 0.787
1.6 0.827
1.8 0.809
2.3 0.822
0.9 0.825
0.6 0.733
-0.2 0.756
-0.3 0.867
-0.5 0.742
-0.4 0.759
-0.5 0.641
-0.6 0.871
0.0 0.588
-0.3 0.0
0.0 0.692
-0.1 0.422
0.2 0.5
0.1 0.419
-0.3 0.517
1.5 0.532
1.0 0.37
0.2 0.68
0.3 0.663
1.2 0.647
0.0 0.519
-0.4 0.611
-0.4 0.0
2.4 0.545
-0.1 0.72
1.2 0.645
2.3 0.692
0.7 0.651
0.5 0.75
0.0 0.674
0.2 0.6
0.4 0.76
0.3 0.0
-0.5 1.0
-0.1 0.791
0.9 0.805
2.6 0.868
3.2 0.854
1.4 0.877
3.5 0.829
1.3 0.82
1.7 0.814
1.0 0.712
0.0 1.0
-0.1 0.793
0.3 0.647
-0.2 0.5
1.1 0.8
-0.3 0.759
0.4 1.0
0.6 0.765
1.8 0.685
-0.5 0.74
0.7 0.739
2.8 0.67
0.2 0.692
1.2 0.682
-0.3 0.761
0.2 0.732
2.1 0.75
0.1 0.833
0.2 1.0
0.2 0.955
-0.7 0.765
1.9 0.694
1.6 0.676
2.0 0.711
0.9 0.639
0.2 0.658
0.1 0.444
4.5 0.681
3.4 0.71
0.7 0.75
-0.3 0.81
0.5 0.651
1.9 0.837
1.0 0.876
0.7 0.832
-0.2 0.87
0.3 0.0
0.3 0.526
1.6 0.785
1.6 0.756
0.5 0.765
1.0 0.743
0.3 0.724
-0.5 0.81
-0.5 0.892
2.8 0.839
2.0 0.854
1.0 0.81
-0.1 0.854
0.8 0.78
-0.3 0.917
0.9 0.72
0.3 0.791
0.9 0.813
0.3 0.737
-0.1 0.781
-0.2 0.808
-0.3 0.725
-0.6 0.784
0.1 0.25
3.0 0.821
0.5 0.768
0.3 0.769
0.4 0.792
0.7 0.0
-0.4 0.0
0.0 0.4
0.3 0.692
0.2 0.667
-0.4 0.608
0.0 0.602
0.3 0.572
0.4 0.357
0.5 0.482
0.0 0.582
-0.3 0.524
-0.1 0.638
-0.4 0.75
-0.3 0.0
0.0 0.0
-0.1 0.7
0.0 0.6
0.0 0.656
0.1 0.83
1.3 0.779
0.3 0.859
1.5 0.768
1.1 0.774
0.0 0.845
-0.3 0.755
0.0 0.72
0.0 0.813
-0.4 1.0
2.0 0.878
1.8 0.833
0.3 0.928
-0.4 0.863
0.8 0.806
1.2 0.858
2.3 0.797
0.6 0.738
-0.7 0.688
-0.3 0.637
-0.5 0.455
0.0 0.515
1.9 0.821
1.3 0.794
1.8 0.814
1.2 0.83
4.6 0.858
1.9 0.878
1.9 0.806
-0.3 0.849
0.4 0.882
0.1 0.847
0.9 0.892
0.2 1.0
-0.3 0.797
0.0 0.714
-0.1 0.913
-0.2 0.87
0.2 0.805
-0.2 0.481
-0.3 0.53
-0.6 0.611
-0.4 0.698
-0.8 0.691
-0.9 0.676
-0.9 0.554
-1.1 0.744
-0.4 0.704
0.2 0.797
1.1 0.533
-0.6 0.714
-0.7 0.767
0.5 0.563
-0.6 0.522
-0.1 0.545
0.0 0.667
-0.3 0.75
-0.2 0.429
1.0 0.846
3.3 0.857
3.4 0.826
3.2 0.876
3.2 0.875
3.1 0.927
4.7 0.92
2.1 0.915
2.1 0.816
0.0 0.929
2.6 0.894
0.7 0.897
0.5 0.92
2.1 0.888
1.8 0.791
0.0 0.876
2.1 0.915
2.2 0.855
0.3 0.795
-0.2 0.794
0.1 0.845
0.4 0.805
0.3 0.863
0.2 0.813
-0.6 0.568
-0.4 0.0
0.1 0.766
0.9 0.738
0.0 0.735
-0.4 0.9
-0.1 0.0
-0.1 0.0
-0.3 0.5
-0.1 1.0
-0.3 0.72
1.4 0.696
0.4 0.757
1.6 0.75
0.2 0.711
0.2 0.722
0.4 0.725
0.7 0.758
0.3 0.651
-0.5 0.724
-0.6 0.67
-0.3 0.5
2.3 0.831
3.1 0.867
1.6 0.828
0.0 0.855
1.8 0.897
2.0 0.897
-0.1 0.851
-0.3 0.849
2.6 0.835
3.9 0.887
2.6 0.827
2.2 0.844
3.0 0.8
3.5 0.804
4.1 0.857
3.1 0.88
2.8 0.866
1.8 0.85
1.7 0.883
1.5 0.87
0.7 0.667
-0.3 0.813
0.7 0.813
0.7 0.818
-0.3 0.828
0.2 0.664
1.3 0.746
1.1 0.752
1.8 0.762
0.5 0.676
1.6 0.513
0.1 0.0
-0.3 0.0
0.0 0.583
2.2 0.815
1.2 0.75
1.9 0.835
1.5 0.786
1.5 0.815
0.3 0.789
0.0 0.663
1.0 0.822
1.1 0.8
0.3 0.625
0.9 0.7
0.1 0.462
1.4 0.793
-0.2 0.78
0.0 0.784
1.2 0.786
-0.1 0.667
-0.2 0.708
1.3 0.752
0.7 0.736
-0.2 0.875
0.8 0.631
0.1 0.648
0.7 0.547
0.3 0.539
-0.2 0.639
0.3 0.594
0.6 0.758
-0.4 0.698
-0.5 0.672
-0.3 0.59
0.0 0.778
0.0 0.655
0.2 0.667
0.4 0.726
1.1 0.8
-0.1 0.708
2.2 0.836
0.5 0.861
2.8 0.781
1.8 0.829
4.1 0.807
2.9 0.774
1.7 0.679
3.0 0.705
0.9 0.5
-0.3 0.5
0.2 0.545
0.2 0.545
2.1 0.801
1.7 0.764
0.9 0.707
-0.1 0.784
0.1 0.683
0.3 0.8
1.4 0.804
1.2 0.859
2.1 0.815
0.7 0.832
-0.1 0.825
-0.4 0.776
-0.9 0.779
-1.3 0.835
-0.9 0.728
-0.8 0.754
-0.2 0.763
-0.8 0.889
-0.1 0.752
-0.1 0.667
0.4 0.74
0.4 0.684
0.0 0.683
-0.1 0.681
-0.2 0.828
-0.3 0.786
5.0 0.741
4.3 0.615
1.9 0.554
2.6 0.539
1.2 0.628
1.1 0.438
-0.5 0.53
-0.2 0.667
1.1 0.653
-0.2 0.659
-0.3 0.667
-0.2 1.0
3.7 0.423
5.9 0.45
5.1 0.49
5.5 0.428
3.9 0.416
5.7 0.408
5.2 0.426
2.0 0.422
1.7 0.406
2.9 0.333
1.2 0.34
-0.4 0.87
4.5 0.734
3.4 0.735
3.0 0.736
2.3 0.697
2.3 0.743
3.9 0.788
2.6 0.767
3.6 0.772
1.8 0.768
1.4 0.81
0.8 0.774
1.5 0.741
0.9 0.846
2.8 0.795
0.5 0.768
1.3 0.736
0.3 0.829
4.9 0.749
4.3 0.607
3.8 0.711
0.4 0.794
1.8 0.756
1.2 0.638
1.5 0.417
2.3 0.741
2.4 0.722
1.6 0.754
-0.3 0.75
0.6 0.679
1.6 0.561
-0.5 0.643
1.8 0.734
0.2 0.781
1.9 0.753
0.0 0.857
1.6 0.807
0.8 0.714
-0.8 0.539
0.0 0.68
-0.1 0.5
-0.6 0.35
0.2 0.88
1.7 0.826
-0.8 1.0
0.9 0.699
0.8 0.785
0.4 0.677
0.4 0.882
-0.3 0.69
0.0 0.818
-0.1 0.778
1.6 0.736
1.7 0.782
1.4 0.776
-0.4 0.731
-0.2 0.75
1.0 0.76
-0.1 0.696
0.0 0.737
-0.3 0.571
0.6 0.792
0.8 0.84
1.3 0.837
1.2 0.792
0.8 0.867
1.2 0.913
0.8 0.863
0.7 0.676
1.4 0.555
1.7 0.684
1.0 0.669
-0.6 0.657
0.4 0.75
0.0 0.732
-0.6 0.786
-0.5 0.593
-0.1 0.818
0.3 0.795
0.0 0.765
0.0 0.879
0.4 0.784
0.1 0.62
-0.1 0.805
0.3 0.79
0.2 0.731
-0.2 0.799
-0.6 0.776
-0.5 0.715
-0.6 0.747
-0.7 0.614
-0.4 0.615
-0.1 0.739
0.7 0.667
2.0 0.736
3.7 0.733
4.2 0.922
0.4 0.675
2.0 0.74
3.5 0.719
2.6 0.748
2.7 0.688
2.3 0.676
1.9 0.617
1.1 0.734
2.2 0.625
0.1 0.569
-0.6 0.659
-0.2 0.733
0.3 0.662
0.8 0.564
0.3 0.281
-0.2 0.5
-0.2 0.375
-0.1 0.737
0.0 0.724
-0.5 0.9
-0.1 0.583
0.0 0.802
-1.1 0.758
-0.4 0.929
0.0 0.605
-0.3 0.824
-0.5 0.92
-0.5 0.476
-0.4 0.923
-0.3 0.5
0.0 0.55
-0.2 0.589
0.7 0.689
1.2 0.476
0.9 0.791
3.1 0.748
1.6 0.814
4.9 0.82
6.4 0.844
5.2 0.771
0.3 0.75
0.0 0.739
1.3 0.784
0.2 0.7
-0.3 0.833
-0.1 0.5
-0.3 0.818
-0.1 0.804
0.9 0.799
-1.0 0.774
-0.1 0.795
0.0 0.853
-0.3 0.0
-0.1 0.0
3.0 0.828
3.4 0.732
2.6 0.789
3.6 0.707
4.3 0.779
4.0 0.743
4.3 0.821
2.8 0.726
2.2 0.688
2.7 0.622
1.4 0.842
1.8 0.652
-0.1 0.0
0.0 1.0
-0.1 0.522
-0.2 0.5
-0.2 0.375
-0.1 0.667
0.0 0.444
0.0 0.167
-0.1 0.462
0.0 0.6
-0.1 0.667
-0.1 0.745
1.2 0.732
-0.5 0.632
-0.6 0.6
-0.2 0.75
-0.3 0.5
-0.1 0.444
0.1 0.625
-0.4 0.63
0.3 0.8
-0.3 0.668
-0.3 0.683
0.8 0.574
-0.6 0.545
0.2 0.44
0.8 0.408
0.0 0.516
0.0 0.337
-0.6 0.589
-0.1 0.441
-0.2 0.368
-0.3 0.786
0.0 0.5
-0.1 0.787
0.0 0.608
0.8 0.669
0.0 0.673
2.8 0.503
2.2 0.527
2.9 0.593
3.1 0.579
0.4 0.732
0.1 0.732
2.2 0.689
3.2 0.694
3.0 0.632
1.4 0.72
3.6 0.72
3.6 0.62
0.6 0.734
0.5 0.684
0.2 0.813
1.2 0.736
0.7 0.769
1.0 0.55
0.2 0.71
-0.1 0.718
0.4 0.697
-0.2 0.717
0.6 0.651
-0.1 0.622
0.0 0.727
-0.1 0.4
-0.1 0.7
0.4 0.763
0.7 0.739
1.1 0.656
0.6 0.512
0.0 0.465
-0.7 0.459
-0.8 0.464
-0.3 0.0
-0.1 0.659
-0.3 0.467
-0.2 0.719
-0.1 0.75
-0.7 0.624
-0.4 0.671
-0.7 0.72
0.1 0.632
-1.0 0.615
-0.6 0.623
-1.0 0.333
0.0 0.588
-0.2 0.367
-0.3 0.6
0.2 0.0
-0.1 0.542
2.1 0.558
1.7 0.543
1.0 0.333
0.3 0.222
0.0 0.364
-0.1 0.167
-0.2 0.0
-0.6 0.791
-0.6 0.849
-0.8 0.8
-0.5 0.333
-0.1 0.5
-0.1 0.667
0.0 0.847
0.1 0.722
0.0 0.0
3.2 0.736
3.0 0.714
2.9 0.768
2.6 0.689
5.6 0.748
3.3 0.807
2.9 0.781
5.3 0.79
4.5 0.823
5.6 0.782
3.5 0.702
1.5 0.736
1.3 0.803
3.2 0.803
3.2 0.792
3.5 0.707
0.0 0.617
0.0 0.745
-0.6 0.787
1.0 0.789
0.1 0.744
-0.2 0.783
0.1 0.7
-0.5 0.8
-0.3 0.754
-0.2 0.5
0.8 0.633
0.9 0.585
0.6 0.609
1.4 0.585
0.6 0.548
0.6 0.735
1.9 0.476
0.0 0.62
1.6 0.362
0.3 0.469
0.4 0.455
-0.4 0.409
0.0 0.333
-0.4 0.479
0.4 0.514
-0.3 0.49
0.1 0.45
-0.2 0.727
-0.1 0.587
0.0 0.66
-0.3 0.723
0.1 0.625
-0.5 0.556
-0.4 1.0
0.0 0.0
0.0 0.732
0.2 0.811
1.2 0.752
1.6 0.837
2.9 0.837
-0.2 0.813
-0.5 0.829
-0.8 0.5
0.8 0.743
2.9 0.763
3.5 0.844
0.7 0.812
3.8 0.733
0.1 0.798
1.6 0.805
1.3 0.735
1.5 0.759
2.0 0.694
0.9 0.717
-0.1 0.741
0.3 0.684
0.4 0.684
0.4 0.667
0.4 0.741
0.4 0.774
0.2 0.75
1.0 0.75
3.5 0.791
2.2 0.748
2.1 0.834
2.7 0.826
3.0 0.818
3.0 0.802
1.2 0.849
2.2 0.82
1.5 0.815
1.2 0.801
1.5 0.801
1.5 0.831
0.4 0.818
2.4 0.821
3.2 0.8
4.8 0.79
7.5 0.784
3.8 0.699
5.5 0.728
3.1 0.77
4.1 0.785
2.0 0.744
2.8 0.77
2.7 0.785
2.9 0.787
2.5 0.6
-0.3 0.667
-0.1 0.0
-0.1 0.75
0.0 0.704
-0.4 0.786
-0.8 0.841
0.8 0.75
-0.2 0.73
0.1 0.787
0.8 0.745
1.1 0.797
1.6 0.826
3.1 0.798
2.7 0.667
-0.2 0.667
0.2 0.909
-0.3 0.875
0.9 0.755
1.6 0.702
1.9 0.65
3.0 0.707
3.1 0.783
3.0 0.715
2.2 0.782
3.2 0.756
0.1 0.769
2.4 0.799
1.8 0.845
2.6 0.811
0.8 0.783
0.0 0.783
0.0 0.76
1.0 0.726
0.6 0.706
0.6 0.748
1.9 0.786
1.5 0.816
1.3 0.726
-0.2 0.8
1.1 0.741
0.2 0.741
-0.5 0.882
0.6 0.759
0.4 0.667
-0.1 0.758
0.3 0.761
0.8 0.815
-0.1 0.714
-0.6 0.819
1.1 0.772
0.3 0.734
0.3 0.778
2.2 0.758
3.1 0.659
0.4 0.75
1.4 0.742
1.7 0.765
2.0 0.765
2.0 0.796
0.6 0.731
0.0 0.792
-0.1 0.767
-0.1 0.859
0.1 0.756
1.0 0.764
1.1 0.684
2.1 0.693
3.0 0.673
3.5 0.657
1.2 0.752
3.8 0.769
1.9 0.739
2.7 0.73
2.8 0.594
1.0 0.606
-0.1 0.679
-0.4 0.68
-0.3 0.833
-0.1 0.829
-0.3 0.768
0.1 0.722
-0.4 0.783
0.1 0.75
-0.1 0.889
0.1 0.667
-0.2 0.0
0.0 0.5
0.0 0.571
-0.3 0.696
-0.1 0.542
0.1 0.914
-0.1 0.834
0.4 0.846
2.6 0.825
0.7 0.75
-0.1 0.638
-0.5 0.647
0.5 0.528
-0.4 0.6
-0.1 0.558
0.9 0.714
1.0 0.731
1.7 0.744
1.9 0.637
0.2 0.72
1.3 0.72
-0.5 0.7
0.0 1.0
0.1 0.5
-0.1 0.527
-0.2 0.458
0.0 0.661
1.8 0.614
3.7 0.691
3.9 0.731
2.6 0.804
4.1 0.776
4.3 0.746
2.5 0.8
2.1 0.637
2.0 0.465
0.6 0.4
-0.1 0.4
0.2 0.721
0.8 0.652
0.0 0.659
0.3 0.676
0.8 0.735
0.4 0.766
0.3 0.755
-1.4 0.71
0.3 0.671
-0.3 0.674
0.1 0.68
-0.5 1.0
-0.2 0.784
-1.0 0.75
-0.1 0.614
0.0 0.778
-0.1 0.6
-0.1 0.576
-0.4 0.429
-0.2 0.452
-0.5 0.579
-0.4 0.0
-0.2 0.8
1.1 0.768
2.8 0.698
1.8 0.723
1.2 0.685
4.3 0.738
3.7 0.698
0.6 0.742
3.7 0.701
1.3 0.693
2.0 0.731
0.9 0.767
-0.7 0.627
-0.6 0.627
0.0 0.65
-0.1 0.811
-0.1 0.792
0.7 0.745
-0.7 0.794
1.2 0.754
-0.1 0.78
-0.7 0.802
2.7 0.756
-0.1 0.862
1.2 0.87
1.9 0.863
2.5 0.901
3.9 0.858
2.5 0.838
1.0 0.773
0.1 0.813
-0.1 0.833
0.2 0.84
0.0 0.902
0.2 0.902
0.2 0.833
-0.7 0.762
0.0 0.771
-0.3 0.693
-0.4 0.644
0.2 0.839
0.0 0.782
1.0 0.841
0.3 0.667
-0.6 0.583
-0.6 0.786
-0.2 0.833
0.9 1.0
-0.1 0.792
-0.1 0.829
-0.4 0.799
-0.2 0.897
0.0 0.804
-0.5 0.871
0.0 0.808
-0.2 0.872
0.2 0.741
2.2 0.779
1.5 0.778
1.1 0.784
1.4 0.834
3.1 0.815
0.0 0.842
0.0 0.8
1.4 0.811
1.1 0.82
0.9 0.854
1.8 0.805
1.1 0.805
1.1 0.784
0.0 0.8
-0.5 0.595
-0.2 0.575
-0.6 0.667
0.2 0.66
-0.4 0.552
-0.6 0.639
0.1 0.561
0.0 0.534
0.9 0.53
-0.5 0.497
0.1 0.467
0.2 0.594
-0.3 0.45
-0.2 0.545
0.3 0.507
0.0 0.509
0.1 0.554
-0.4 0.619
-0.1 0.619
-0.2 0.492
1.2 0.538
0.9 0.461
0.2 0.467
-0.4 0.524
-0.5 0.544
0.3 0.4
0.0 0.37
-0.2 0.0
1.7 0.802
4.0 0.803
5.0 0.778
3.7 0.86
4.8 0.86
5.9 0.884
2.4 0.87
4.5 0.871
4.5 0.871
1.7 0.796
2.0 0.851
2.4 0.721
1.5 0.721
1.5 0.813
1.6 0.804
-0.6 0.854
-0.2 0.81
-0.3 0.754
-1.0 0.816
0.0 0.885
-0.6 0.637
-0.7 0.81
1.8 0.682
0.7 0.714
1.1 0.753
-0.6 0.84
-0.5 0.861
0.0 0.794
0.1 0.846
1.1 0.688
-0.2 0.889
0.1 0.773
0.1 0.773
0.1 0.643
-0.6 0.714
0.0 0.545
2.6 0.682
2.4 0.66
0.9 0.0
0.0 0.689
1.5 0.551
-0.1 0.723
3.4 0.704
4.6 0.711
3.8 0.673
0.9 0.729
1.4 0.583
0.9 0.604
0.6 0.604
0.6 0.578
0.6 0.589
-0.7 0.0
0.0 0.486
-0.2 0.82
0.3 0.786
0.9 0.733
0.6 0.72
1.1 0.688
0.9 0.761
0.5 0.742
0.8 0.707
-0.8 0.65
0.0 0.614
-0.7 0.584
0.7 0.589
1.4 0.456
0.8 0.527
-0.3 0.611
0.5 0.625
1.0 0.414
0.3 0.681
0.4 0.522
0.0 0.832
0.7 0.85
1.4 0.763
0.4 0.833
0.0 0.746
0.4 0.815
-0.1 0.667
-0.1 0.864
2.4 0.809
2.6 0.783
2.2 0.853
2.2 0.862
1.8 0.85
2.6 0.866
-0.2 0.715
-0.1 0.738
-0.6 0.711
-0.9 0.725
-0.4 0.694
-0.3 0.76
0.3 0.727
-0.1 0.724
-0.1 0.829
-0.2 0.682
-0.3 0.805
0.4 0.786
0.7 0.775
1.3 0.85
2.3 0.78
3.0 0.765
2.7 0.804
2.3 0.817
2.1 0.82
1.5 0.75
0.0 0.6
-0.3 0.852
-0.3 0.739
0.0 0.81
-0.4 0.852
0.0 0.877
0.0 0.766
2.8 0.807
3.4 0.765
1.8 0.768
3.0 0.768
2.5 0.778
2.2 0.714
1.1 0.702
0.2 0.774
-0.1 0.738
0.3 0.567
-0.3 0.754
0.2 0.754
0.2 0.684
-1.1 0.596
-0.3 0.771
-0.4 0.714
-0.1 0.772
0.3 0.729
-0.1 0.775
-0.5 0.779
0.9 0.823
0.9 0.83
1.4 0.83
2.1 0.813
1.2 0.644
-0.3 0.773
0.1 0.769
0.0 0.5
-0.1 0.5
0.0 0.583
0.1 0.59
-0.2 0.0
0.1 0.429
-0.1 0.333
-0.1 0.5
-0.3 0.5
-0.1 0.0
0.6 0.713
0.5 0.733
3.9 0.889
-0.1 0.781
2.4 0.805
4.0 0.835
1.5 0.771
1.6 0.792
1.9 0.765
0.2 0.808
0.1 0.739
-0.4 0.72
0.2 0.72
0.2 0.746
-0.2 0.5
-1.1 0.793
-0.5 0.571
-0.3 0.643
-1.1 0.681
-0.7 0.75
-0.4 0.743
0.7 0.763
-0.2 0.747
-0.2 0.7
0.0 0.611
-0.4 0.732
0.4 0.684
0.6 0.645
0.5 0.564
-0.6 0.5
-0.3 0.562
0.4 0.615
0.0 0.672
-0.2 0.833
0.0 0.75
0.0 0.61
-0.4 0.786
-0.2 1.0
-0.2 0.854
-0.5 0.0
-0.3 0.633
-0.6 0.0
0.0 0.645
1.6 0.796
0.5 0.808
2.6 0.808
2.5 0.786
2.6 0.793
1.3 0.83
2.3 0.838
1.8 0.804
2.3 0.83
2.8 0.848
4.2 0.797
1.2 0.797
1.2 0.829
2.9 0.833
-0.5 0.742
0.2 0.803
0.1 0.8
-0.3 0.771
0.0 0.611
-0.2 0.828
0.1 0.75
0.5 0.797
0.3 0.755
0.9 0.845
3.2 0.822
1.6 0.881
1.4 0.877
0.0 0.796
0.0 0.815
0.0 0.756
-0.1 0.795
-0.2 0.784
0.3 0.784
0.3 0.839
0.0 0.889
0.1 0.603
-0.1 0.681
-0.1 0.732
1.3 0.747
0.6 0.743
1.3 0.74
2.5 0.779
1.0 0.742
1.7 0.744
2.8 0.733
1.5 0.779
2.1 0.779
2.1 0.804
1.3 0.787
-0.7 0.805
-0.5 0.791
0.1 0.672
-0.6 0.766
0.7 0.84
2.0 0.75
0.3 0.867
-0.1 0.778
-0.3 0.771
0.6 0.767
0.2 0.707
0.0 0.707
0.0 0.8
0.0 0.727
-0.3 0.683
0.4 0.746
0.2 0.736
1.8 0.912
0.6 0.74
0.8 0.656
0.7 0.4
-0.1 0.647
0.3 1.0
-0.1 0.732
1.1 0.76
1.8 0.816
3.1 0.785
3.1 0.844
3.5 0.817
3.3 0.797
2.7 0.815
1.7 0.821
1.0 0.798
2.0 0.82
1.6 0.772
0.8 0.772
0.8 0.795
0.0 0.0
-0.7 0.815
-0.1 0.714
-0.1 0.855
-0.2 0.821
-0.2 0.904
0.8 0.804
-0.1 0.84
-0.5 1.0
-0.1 0.769
-0.3 0.789
-0.8 0.0
0.1 0.757
-0.1 0.832
0.5 0.723
0.0 0.905
-0.3 0.833
-0.2 0.714
-0.2 0.625
-0.2 0.9
-0.2 0.5
1.0 0.737
1.0 0.754
1.5 0.7
-0.4 0.698
-0.2 0.721
0.0 0.607
-0.1 0.684
0.6 0.739
-0.2 0.741
-0.1 0.824
-0.1 0.667
0.2 0.74
-0.5 0.731
3.7 0.683
1.7 0.744
1.0 0.687
2.5 0.769
2.9 0.683
2.5 0.629
0.3 0.723
1.6 0.739
1.8 0.774
1.1 0.774
1.1 0.737
1.1 0.743
0.0 1.0
-0.4 0.617
-0.1 0.341
-0.1 0.333
-0.1 1.0
0.0 0.556
0.2 0.57
0.1 0.662
0.6 0.775
0.6 0.703
-0.9 0.846
0.5 0.4
-0.1 0.839
-0.2 0.0
0.3 0.84
0.1 0.7
-0.5 0.75
-0.2 0.25
0.0 0.75
-0.8 0.776
-0.9 0.8
-0.3 0.667
-1.6 0.757
-0.4 0.729
-0.3 0.833
-0.5 0.78
-0.5 0.857
0.1 0.719
0.2 0.824
-0.3 0.824
-0.7 0.824
0.0 0.529
0.1 0.791
2.6 0.789
1.3 0.68
0.2 0.81
-0.3 0.753
0.2 0.762
-0.3 0.8
-0.1 0.814
-0.3 0.711
-0.3 0.568
-0.5 0.703
-0.4 0.703
-0.4 0.75
-0.2 0.6
-0.9 0.839
-0.5 0.833
-0.1 0.845
-0.6 0.75
0.4 0.692
-0.4 0.778
1.0 0.792
3.7 0.815
2.9 0.835
3.5 0.831
0.7 0.791
0.8 0.752
1.2 0.841
0.3 0.781
0.2 0.714
0.3 0.76
0.6 0.7
-0.3 0.7
-0.3 0.938
1.3 0.733
2.8 0.734
2.0 0.827
3.0 0.813
1.9 0.782
0.5 0.784
-0.3 0.617
-0.4 0.773
-0.4 0.583
-0.2 0.538
3.1 0.75
8.8 0.738
9.5 0.698
7.6 0.712
10.1 0.78
11.6 0.767
10.9 0.759
8.2 0.771
7.6 0.753
9.8 0.75
8.0 0.71
5.9 0.71
5.9 0.731
7.6 0.674
-0.4 0.0
-0.1 0.0
0.0 0.667
-0.2 0.811
0.3 1.0
0.0 0.0
-0.2 0.688
-0.3 0.645
-0.7 0.793
-0.9 0.667
-0.1 0.728
-0.1 0.77
-0.8 0.767
-0.2 0.838
0.0 0.77
0.0 0.855
0.5 0.851
0.7 0.877
0.4 0.878
1.0 0.839
-0.1 0.821
0.1 0.833
1.1 0.833
0.2 0.5
-0.1 0.636
0.1 0.848
0.1 0.848
0.1 0.808
0.1 0.65
-0.9 0.661
0.2 0.77
1.0 0.741
-0.3 0.762
1.2 0.68
-0.1 0.749
-0.8 0.754
-0.1 0.785
0.2 0.788
-0.6 0.765
-0.1 0.706
0.2 0.706
0.2 1.0
-0.2 0.824
-0.7 0.848
-0.2 0.892
0.6 0.86
-0.1 0.81
-0.7 0.6
-0.5 0.5
-0.2 1.0
-0.1 0.854
2.9 0.849
1.1 0.914
0.9 0.915
0.9 0.882
1.0 0.796
0.6 0.885
0.8 0.833
1.7 0.859
2.7 0.926
2.5 0.898
3.3 0.898
3.3 0.833
1.1 0.905
-0.3 0.682
-0.7 0.0
-0.6 0.818
-0.3 0.767
-0.4 0.797
-1.0 0.885
-0.2 0.708
-0.5 0.56
0.4 0.613
1.1 0.554
-0.6 0.562
0.0 0.536
0.2 0.557
0.5 0.432
-0.1 0.0
0.0 0.653
0.0 0.697
-0.4 0.79
0.3 0.741
0.1 0.723
0.9 0.831
-0.1 0.772
-0.9 0.674
-0.3 0.731
-0.3 0.808
-0.8 0.746
0.5 0.735
0.7 0.786
1.0 0.706
-0.7 0.709
0.2 0.65
0.3 0.754
0.2 0.741
1.4 0.757
0.6 0.846
0.4 0.788
1.5 0.788
1.5 0.768
1.7 0.778
-0.5 0.688
-0.5 0.653
-0.4 0.794
0.5 0.688
-0.9 0.463
0.0 0.385
-1.1 0.6
0.0 0.375
-0.1 0.167
-0.1 0.0
0.0 0.638
-0.2 0.615
0.7 0.6
0.5 0.623
2.2 0.6
2.4 0.582
1.2 0.556
-0.1 0.652
0.6 0.611
0.8 0.552
-0.2 0.506
-0.6 0.506
-0.6 0.44
0.3 0.698
0.2 0.608
-0.4 0.648
0.5 0.673
0.8 0.709
0.8 0.633
1.1 0.684
0.2 0.645
0.1 0.667
-0.3 0.697
-0.1 0.697
-0.1 0.883
1.5 0.877
1.0 0.805
0.1 0.857
-0.6 0.869
0.9 0.907
1.3 0.883
0.9 0.891
1.0 0.848
1.0 0.654
-0.9 0.857
-0.3 0.857
-0.1 0.875
0.3 0.847
0.6 0.817
0.3 0.852
-0.1 0.918
-0.1 0.889
0.2 0.811
-0.4 0.5
0.1 0.749
0.0 0.652
0.0 0.561
1.8 0.762
4.8 0.783
7.0 0.807
5.1 0.758
2.5 0.765
9.7 0.761
8.0 0.758
5.7 0.791
3.4 0.725
3.5 0.733
1.9 0.768
1.6 0.768
1.6 0.793
1.6 0.794
0.3 0.708
0.0 0.75
0.2 0.745
1.3 0.706
0.8 0.719
0.2 0.5
-0.1 0.7
-0.5 0.0
-0.4 0.5
0.5 0.68
-0.4 0.843
1.9 0.824
1.5 0.85
2.3 0.884
1.2 0.865
2.4 0.807
2.9 0.807
1.8 0.768
3.3 0.789
2.5 0.739
1.8 0.739
1.8 0.788
1.9 0.768
-0.6 0.85
0.4 0.85
0.6 0.855
1.2 0.856
1.4 0.912
3.1 0.894
2.2 0.853
-0.1 0.9
0.5 0.882
0.2 0.876
0.0 0.872
0.3 0.872
0.3 0.905
0.6 0.746
0.2 0.784
0.6 0.762
0.2 0.725
0.4 0.605
0.6 0.753
2.1 0.8
1.7 0.717
1.8 0.628
1.4 0.627
2.2 0.627
2.2 0.652
0.8 0.615
-0.7 0.536
-0.8 0.621
0.4 0.606
0.4 0.62
1.1 0.653
0.5 0.71
2.6 0.649
2.2 0.701
2.0 0.775
1.3 0.821
1.3 0.772
3.6 0.853
2.9 0.853
2.9 0.783
2.5 0.738
-0.2 0.75
-0.3 0.0
0.0 0.5
0.2 0.306
0.6 0.521
2.1 0.62
2.0 0.551
2.1 0.16
0.5 0.323
0.6 0.111
0.3 0.308
0.3 0.167
0.7 0.829
1.2 0.711
0.4 0.864
0.1 0.739
2.2 0.729
1.3 0.744
1.5 0.762
1.3 0.733
0.6 0.75
0.4 0.811
0.3 0.811
0.3 0.75
0.0 0.435
0.0 0.753
0.1 0.9
1.2 0.766
2.0 0.795
2.0 0.807
0.8 0.699
0.3 0.774
0.7 0.737
1.4 0.721
1.2 0.692
1.0 0.753
1.2 0.71
1.4 0.769
1.8 0.71
0.9 0.692
0.6 0.692
0.6 0.697
0.1 0.625
0.0 0.672
-0.2 0.787
0.6 0.744
1.1 0.75
1.9 0.777
3.6 0.77
1.1 0.796
0.5 0.764
1.4 0.753
3.4 0.77
2.2 0.816
2.2 0.791
1.2 0.761
1.5 0.761
1.5 0.755
2.3 0.73
0.8 0.818
1.6 0.752
1.0 0.813
-0.3 0.856
0.4 0.716
-0.5 0.56
-0.6 0.81
-0.1 0.462
-0.2 0.727
0.7 0.787
1.4 0.864
2.4 0.908
1.1 0.864
1.9 0.861
-0.1 0.85
-0.3 0.86
-0.1 0.843
-1.2 0.81
-0.3 0.836
-0.8 0.836
0.9 0.716
0.8 0.824
2.1 0.824
1.6 0.82
2.8 0.798
0.8 0.833
0.4 0.746
1.0 0.727
0.7 0.8
0.1 0.815
1.3 0.815
1.3 0.721
0.7 0.829
0.1 0.511
-0.6 0.5
-0.2 0.51
2.0 0.595
2.5 0.586
4.3 0.59
3.3 0.594
4.6 0.592
5.4 0.596
5.0 0.491
3.0 0.492
2.3 0.547
2.4 0.528
0.3 0.528
0.3 0.489
1.5 0.533
-0.7 0.523
-0.4 0.671
-0.1 0.605
-0.3 0.792
-0.1 0.668
-0.8 0.665
1.0 0.752
1.0 0.789
-0.2 0.813
0.7 0.744
0.2 0.744
0.2 0.798
-0.2 0.78
2.9 0.754
3.2 0.82
4.1 0.721
5.2 0.724
4.8 0.733
3.8 0.693
3.2 0.617
3.6 0.574
3.7 0.652
2.6 0.596
1.9 0.596
1.9 0.614
1.6 0.706
-0.1 0.5
0.0 0.875
0.0 0.417
0.0 0.875
0.1 0.474
-0.1 0.722
-0.6 0.727
-0.8 0.686
-0.3 0.726
-0.9 0.791
0.0 0.75
0.0 1.0
0.0 0.125
-0.1 0.563
-0.1 0.0
-0.1 0.788
-0.2 0.556
0.0 0.696
-0.2 0.642
-0.3 0.681
1.5 0.721
1.7 0.738
1.2 0.68
1.0 0.761
1.5 0.774
2.6 0.77
2.2 0.69
2.5 0.655
1.1 0.655
1.1 0.649
0.2 0.765
-0.2 0.783
-0.2 0.694
0.4 0.731
0.0 0.571
0.2 0.698
0.1 0.711
0.1 0.754
-1.3 0.797
-0.4 0.717
0.1 0.774
-0.2 0.688
0.0 0.707
-0.3 0.847
1.0 0.844
3.2 0.869
1.7 0.867
0.8 0.876
0.5 0.888
2.3 0.894
0.7 0.89
1.3 0.891
0.8 0.881
0.0 0.881
0.0 0.89
0.6 0.779
1.9 0.828
0.9 0.828
1.5 0.887
2.4 0.845
1.4 0.802
2.1 0.807
0.8 0.873
0.9 0.857
0.5 0.667
0.4 0.667
0.4 0.857
-0.3 0.714
-0.1 0.843
1.7 0.848
0.5 0.807
-0.2 0.792
0.0 0.717
-0.5 0.803
-0.2 0.545
0.1 0.656
0.0 0.593
2.6 0.57
0.4 0.593
1.4 0.562
0.7 0.562
1.6 0.514
0.3 0.571
0.0 0.5
0.0 0.725
-0.9 0.867
-0.1 0.791
0.2 0.852
0.0 0.76
0.0 0.782
0.5 0.667
-0.5 0.81
-0.5 0.571
-0.5 0.357
-0.2 0.471
-0.2 0.5
-0.7 0.822
0.0 0.81
1.0 0.719
1.2 0.754
2.1 0.706
0.9 0.738
1.9 0.709
1.0 0.762
2.2 0.652
1.3 0.75
1.4 0.75
1.4 0.634
2.0 0.667
0.8 0.719
1.9 0.693
3.4 0.71
3.7 0.588
2.3 0.618
5.4 0.725
3.4 0.63
3.5 0.517
2.8 0.532
0.9 0.498
1.7 0.498
1.7 0.552
-0.7 0.735
0.5 0.653
0.1 0.727
-0.3 0.719
-0.3 0.667
0.0 0.571
0.0 0.582
-1.6 0.743
-0.4 0.818
-1.2 0.743
-0.8 0.819
-0.7 0.784
-0.6 0.733
-0.4 0.791
0.3 0.783
-0.1 1.0
0.0 0.571
0.1 0.75
0.4 0.78
0.0 0.883
-0.4 0.85
0.1 0.82
-0.4 0.837
1.4 0.864
2.1 0.709
-0.4 0.816
-0.4 0.833
-0.2 0.853
0.5 0.853
0.5 0.9
-0.5 0.941
0.7 0.513
0.3 0.616
1.8 0.598
0.1 0.616
2.1 0.663
2.7 0.667
0.7 0.672
0.8 0.755
1.5 0.681
2.1 0.733
0.5 0.733
0.5 0.64
0.0 0.727
-0.3 0.477
-0.2 0.885
-0.1 0.878
0.2 0.835
0.6 0.921
0.9 0.848
0.2 0.844
0.2 0.851
2.4 0.853
1.0 0.736
0.2 0.833
2.3 0.81
0.6 0.867
0.2 0.886
0.4 0.84
0.2 0.882
0.8 0.736
0.1 0.804
-0.4 0.798
0.3 0.714
0.1 0.63
-0.5 0.743
0.0 0.882
-0.1 0.744
0.1 0.826
0.3 0.333
-0.2 0.884
1.3 0.789
2.5 0.816
1.2 0.851
1.5 0.754
0.4 0.81
0.4 0.81
-0.2 0.826
-0.2 0.944
-0.4 0.701
-0.4 0.75
-0.3 0.822
0.4 0.867
-0.1 0.825
0.2 0.815
0.7 0.81
0.4 0.86
0.4 0.858
0.5 0.79
0.7 0.79
0.7 0.845
1.0 0.875
-0.6 0.571
-0.1 0.612
-0.1 0.695
1.0 0.704
0.2 0.744
1.5 0.777
0.8 0.673
-0.5 0.685
1.7 0.742
2.3 0.577
1.4 0.587
2.2 0.571
1.0 0.629
3.0 0.442
2.6 0.609
0.2 0.5
0.9 0.344
2.8 0.524
2.4 0.524
2.4 0.48
2.4 0.273
-0.3 0.668
0.7 0.695
1.6 0.707
1.4 0.739
1.7 0.66
2.0 0.692
-0.7 0.818
0.9 0.908
2.9 0.981
1.7 0.798
0.6 0.854
0.4 0.882
0.7 0.9
1.3 0.825
2.1 0.906
-0.4 0.906
-0.4 0.875
1.0 0.917
0.1 0.8
0.0 0.901
-0.2 0.8
0.3 0.25
-0.3 0.8
-0.5 0.851
-0.2 0.755
-0.2 0.763
0.7 0.767
2.9 0.83
-0.3 0.753
0.3 0.789
1.8 0.796
0.8 0.773
2.2 0.788
1.5 0.752
1.3 0.752
1.3 0.786
1.6 0.727
-0.4 0.778
1.2 0.797
1.0 0.8
-0.1 0.805
1.4 0.763
2.4 0.805
1.6 0.806
0.1 0.789
1.3 0.721
0.5 0.8
-0.1 0.8
-0.1 0.847
0.6 0.781
0.2 0.787
-1.3 0.78
0.2 0.722
-0.4 0.81
3.2 0.832
2.0 0.89
0.2 0.833
0.5 0.779
1.4 0.82
0.9 0.882
0.1 0.855
0.9 0.8
0.2 0.857
0.4 0.526
0.5 0.25
-0.2 0.25
0.1 0.811
0.5 0.83
1.1 0.807
0.5 0.825
0.2 0.718
0.5 0.727
-0.6 0.84
-0.2 0.844
-0.4 0.825
-0.6 0.74
-0.3 0.806
-0.2 0.889
-0.2 0.75
0.1 0.806
-0.8 0.646
-0.3 0.816
1.9 0.803
2.0 0.852
2.5 0.878
3.0 0.848
2.7 0.848
2.5 0.873
2.0 0.625
-0.1 0.94
-0.2 0.757
-0.2 0.757
-0.2 0.805
-0.5 0.829
-0.4 0.844
-0.4 0.6
-0.1 0.0
0.5 0.618
1.6 0.458
1.9 0.368
0.4 0.545
1.4 0.662
3.0 0.667
0.1 0.625
0.4 0.8
0.3 0.545
0.1 0.545
0.1 1.0
1.3 0.79
2.0 0.815
0.6 0.792
-0.1 0.828
-0.4 0.78
0.0 0.75
-0.7 0.871
1.3 0.867
0.7 0.852
0.9 0.842
1.2 0.85
-0.1 0.872
1.2 0.843
1.0 0.839
-0.2 0.881
0.3 0.881
0.3 0.893
0.2 1.0
0.6 0.905
0.0 0.786
0.1 0.673
1.2 0.657
0.7 0.638
1.5 0.788
2.2 0.69
1.6 0.727
3.2 0.636
2.6 0.612
1.9 0.612
1.9 0.57
2.3 0.67
-0.1 0.5
-0.1 0.483
0.1 0.667
-0.1 0.0
-0.3 0.852
-0.1 0.77
0.7 0.725
-0.1 0.5
0.7 0.815
2.5 0.819
1.7 0.755
2.5 0.812
3.7 0.787
1.5 0.782
1.3 0.797
3.3 0.78
1.6 0.654
0.8 0.654
0.8 0.763
0.8 0.708
-0.1 0.789
-0.1 0.689
-0.3 0.526
0.0 0.633
1.4 0.532
0.7 0.574
-0.2 0.515
-0.6 0.547
-0.2 0.621
-0.3 0.484
-0.4 0.577
-0.1 0.577
-0.1 0.768
-0.3 0.69
-0.3 0.748
0.5 0.759
0.0 0.609
-0.4 0.788
0.4 0.876
0.4 0.695
0.3 0.811
0.2 0.794
0.1 0.869
0.3 0.853
0.7 0.807
0.8 0.807
0.8 0.75
0.7 0.903
0.2 0.647
1.0 0.607
1.9 0.571
0.3 0.765
0.0 0.5
5.7 0.818
3.9 0.851
8.5 0.868
10.0 0.847
3.0 0.878
6.1 0.861
5.4 0.885
5.6 0.855
5.2 0.9
6.9 0.9
6.9 0.896
6.0 0.892
-0.7 0.649
-0.4 0.736
-1.1 0.552
-0.6 0.667
-0.1 0.536
-0.3 0.838
-0.5 0.917
-0.2 0.714
-0.3 0.724
-0.7 0.76
-0.6 0.645
-0.6 0.8
-0.1 0.673
-0.1 0.684
0.1 0.756
-0.3 0.695
0.0 0.744
-0.6 0.8
0.1 0.708
-0.4 0.692
-0.2 0.8
0.0 0.8
0.0 0.756
0.4 0.75
0.0 0.545
0.0 0.0
0.0 0.25
-0.1 1.0
-0.1 0.667
0.0 0.725
0.2 0.777
0.7 0.786
0.9 0.841
2.6 0.746
0.6 0.818
0.1 0.832
0.6 0.799
1.9 0.835
0.4 0.674
-0.2 0.674
-0.2 0.0
0.0 0.714
-0.3 0.714
0.4 0.759
-0.8 0.897
-0.9 0.82
-0.1 0.524
0.0 0.833
0.0 0.664
0.6 0.753
1.1 0.79
1.6 0.474
0.5 0.622
1.2 0.591
0.2 0.365
0.3 0.42
0.6 0.0
0.0 0.0
0.6 0.82
-0.2 0.783
-0.9 0.838
1.4 0.815
0.1 0.767
0.1 0.857
0.0 0.551
0.1 0.571
-0.1 0.571
0.0 0.571
0.0 0.917
-0.2 0.0
0.0 0.667
-0.4 0.752
-0.6 0.771
-0.4 0.704
-0.5 0.711
-0.2 0.737
-0.3 0.721
0.0 0.768
-0.3 0.682
-0.3 0.705
-0.3 0.735
1.1 0.0
0.0 0.813
0.9 0.77
0.1 0.792
0.5 0.848
1.9 0.84
1.0 0.75
-0.4 0.75
-0.2 0.767
2.1 0.803
3.2 0.849
2.4 0.801
3.7 0.845
3.0 0.843
2.1 0.859
3.9 0.801
1.6 0.834
1.1 0.834
1.1 0.869
1.0 0.826
-0.2 0.696
-0.1 0.783
0.8 0.79
0.5 0.824
1.5 0.823
1.0 0.812
1.7 0.868
0.4 0.849
0.1 0.861
1.5 0.861
1.5 0.83
1.1 0.88
-0.8 0.815
-0.4 0.822
0.3 0.806
1.5 0.819
1.1 0.845
0.3 0.788
1.1 0.778
0.3 0.781
0.9 0.713
1.5 0.713
1.5 0.833
2.7 0.873
-0.7 0.603
-0.4 0.687
-0.2 0.747
0.1 0.688
-0.3 0.0
-0.1 0.722
-0.4 0.5
-0.4 0.5
0.4 0.762
1.8 0.781
3.0 0.757
2.6 0.791
3.5 0.814
2.2 0.81
2.0 0.822
1.5 0.845
1.4 0.845
1.4 0.858
2.2 0.812
0.0 0.286
-0.1 0.442
0.4 0.545
0.7 0.391
-0.5 0.427
-0.1 0.333
-0.1 0.25
0.0 0.471
0.0 0.471
0.0 0.519
-0.1 0.629
-0.2 0.633
-0.1 0.469
-0.2 0.485
0.0 0.5
-0.1 0.717
0.2 0.808
0.8 0.679
0.9 0.432
0.3 0.646
0.9 0.333
0.0 0.75
0.0 0.727
-0.2 0.8
-0.1 0.753
0.1 0.844
-0.1 0.847
0.4 0.776
0.2 0.784
0.1 0.84
-0.5 0.831
0.7 0.774
0.8 0.82
-0.4 0.873
0.3 0.844
-0.6 0.824
-0.1 0.813
-0.3 0.813
-0.3 0.825
-0.4 0.456
0.3 0.376
0.2 0.328
0.3 0.759
3.1 0.702
2.7 0.639
1.4 0.654
1.7 0.56
1.3 0.41
0.3 0.0
-0.4 0.449
-0.2 1.0
-0.2 0.586
-0.5 0.821
-0.1 0.818
0.3 0.911
0.1 0.808
0.2 0.784
0.0 0.714
-0.3 0.75
-0.1 0.75
-0.4 0.679
-0.2 0.758
0.2 0.825
-0.1 0.667
-0.3 0.605
-0.7 0.609
-0.5 0.619
-0.1 0.6
-0.1 0.794
-0.3 0.5
-0.3 0.71
-0.2 0.526
-0.5 0.0
-0.3 0.923
-0.8 0.895
-0.3 0.679
1.2 0.584
-0.3 0.671
0.2 0.82
0.5 0.905
0.2 0.815
0.2 0.846
1.0 0.89
-0.2 0.893
-0.2 0.859
0.7 0.819
0.9 0.849
1.8 0.818
0.2 0.818
0.2 0.824
-0.6 0.857
1.4 0.0
-0.3 0.785
2.1 0.767
0.5 0.753
1.9 0.805
2.6 0.791
2.3 0.814
1.7 0.822
1.8 0.858
2.5 0.858
2.5 0.78
1.0 0.855
-0.1 0.778
0.2 0.81
0.9 0.767
0.6 0.694
0.4 0.822
0.5 0.791
0.0 0.703
0.2 0.84
-0.1 0.76
-0.2 0.671
0.0 0.597
0.0 0.69
-0.4 0.681
-0.2 0.52
-0.4 0.75
0.0 0.625
0.2 0.574
0.1 0.574
0.1 0.619
-0.1 0.687
-0.2 0.784
-0.1 0.55
-0.3 0.716
0.1 0.718
-0.2 0.661
-0.1 0.826
0.0 0.0
-0.1 0.5
-0.1 0.833
-0.1 0.868
0.2 0.698
0.8 0.801
0.6 0.827
1.4 0.765
3.0 0.864
2.3 0.795
2.9 0.813
5.7 0.808
3.4 0.808
3.4 0.811
6.3 0.819
1.8 0.677
1.7 0.699
3.0 0.693
2.4 0.757
2.9 0.792
3.7 0.742
3.5 0.731
3.2 0.757
3.7 0.757
3.7 0.757
4.9 0.768
-0.1 0.483
-0.4 1.0
-0.1 0.593
0.0 0.75
0.1 0.913
0.0 0.778
-0.3 1.0
0.1 0.846
0.8 0.909
0.8 1.0
0.2 0.0
-0.1 0.0
-0.1 1.0
-0.1 0.0
-0.1 0.6
0.0 0.55
-0.1 0.5
2.8 0.816
2.8 0.834
1.7 0.789
1.6 0.779
0.2 0.625
-0.4 0.71
0.2 0.689
0.8 0.587
-0.5 0.556
-0.2 0.867
0.1 0.81
-0.2 1.0
-0.2 0.5
0.1 0.794
-0.2 0.871
0.2 0.86
1.5 0.875
1.0 0.911
1.0 0.9
0.6 0.915
0.7 0.901
1.6 0.901
1.6 0.888
1.5 0.891
0.0 1.0
-0.3 0.5
-0.2 0.658
-0.5 0.792
0.1 0.731
1.1 0.611
2.7 0.642
4.3 0.621
4.1 0.568
2.5 0.597
1.6 0.645
1.3 0.627
0.5 0.397
0.8 0.397
0.8 0.58
1.9 0.6
2.1 0.753
3.9 0.824
5.7 0.78
3.7 0.848
-0.2 0.721
0.3 0.836
0.9 0.674
1.9 0.747
2.0 0.884
0.7 0.826
3.1 0.768
1.1 0.776
0.8 0.776
0.8 0.626
1.4 0.733
-0.4 0.471
0.0 0.8
-0.3 0.0
-0.2 0.438
0.1 0.665
0.1 0.677
0.3 0.635
0.5 0.735
0.0 0.717
0.5 0.741
0.5 0.783
1.2 0.686
0.6 0.787
0.2 0.759
-0.9 0.839
0.0 0.455
-0.2 0.308
-0.9 0.787
-0.4 0.333
-0.1 0.673
-0.2 0.717
-0.1 0.818
-0.6 0.676
-0.6 0.73
-0.4 0.765
0.1 0.773
0.0 0.731
0.1 0.817
-0.1 0.735
1.3 0.847
2.4 0.798
1.5 0.857
-0.2 0.815
0.9 0.843
0.1 0.843
0.1 0.84
-0.2 0.892
-0.2 1.0
-0.1 0.808
-0.2 0.652
0.6 0.717
0.8 0.644
1.1 0.69
0.9 0.607
0.2 0.5
-0.1 0.682
0.3 0.682
0.3 0.75
0.1 0.625
-0.3 0.769
-0.3 0.835
-0.1 0.784
0.5 0.783
0.3 0.839
-0.3 0.847
1.9 0.848
0.5 0.848
0.5 0.833
-0.9 0.893
-0.5 0.737
0.1 0.648
0.2 0.708
0.3 0.692
0.8 0.69
1.1 0.718
2.4 0.743
0.5 0.743
0.5 0.75
-0.5 0.735
0.0 0.866
0.4 0.822
1.6 0.886
-0.3 0.795
0.8 0.806
0.1 0.807
0.9 0.833
-0.1 0.793
0.7 0.724
1.1 0.775
1.3 0.775
-0.3 0.817
1.1 0.743
0.8 0.733
2.4 0.861
2.1 0.83
4.3 0.815
3.3 0.859
2.6 0.859
2.6 0.834
1.7 0.859
-1.1 0.875
-0.5 0.84
-0.4 0.8
0.3 0.636
-0.1 0.75
-0.6 0.576
-0.4 0.471
0.1 0.73
0.4 0.696
-0.2 0.736
0.3 0.683
-0.8 0.718
-0.3 0.693
-0.2 0.632
-0.1 0.632
0.6 0.676
0.8 0.754
2.9 0.743
2.5 0.726
2.4 0.796
1.7 0.655
0.5 0.716
1.1 0.716
1.1 0.735
1.6 0.662
0.4 0.863
2.8 0.9
5.8 0.88
3.7 0.86
4.6 0.905
7.6 0.873
8.5 0.854
1.9 0.854
1.9 0.898
6.4 0.875
-0.1 0.333
0.1 0.421
-0.1 0.391
-0.5 0.667
-0.1 0.5
0.0 0.578
0.5 0.68
0.4 0.725
1.4 0.649
2.1 0.652
0.7 0.686
2.0 0.703
2.4 0.703
2.4 0.705
1.8 0.648
0.0 0.576
0.1 0.714
0.2 0.5
0.0 0.532
0.0 0.523
-0.1 0.55
-0.7 0.788
0.8 0.74
2.4 0.811
-0.6 0.662
-0.1 0.689
0.8 0.534
0.3 0.727
1.1 0.777
1.1 0.783
1.6 0.647
0.0 0.647
0.0 0.831
0.4 0.846
1.2 0.727
2.5 0.789
3.8 0.798
4.4 0.733
0.4 0.644
3.5 0.682
1.1 0.759
3.4 0.759
3.4 0.798
4.1 0.8
-1.1 0.772
-0.8 0.798
-0.8 0.681
-1.1 0.667
0.7 0.813
0.9 0.806
0.8 0.74
0.0 0.799
0.1 0.817
0.6 0.824
-0.2 0.82
-0.5 0.82
-0.5 0.736
-1.0 0.817
-0.4 0.776
-0.1 0.734
-0.2 0.725
0.8 0.0
-0.4 0.769
-0.1 0.736
0.4 0.3
0.0 0.769
0.1 0.5
0.4 0.739
2.0 0.639
0.3 0.765
0.4 0.729
2.9 0.615
0.1 0.615
0.1 0.7
0.1 0.667
2.6 0.85
1.9 0.8
0.7 0.882
0.0 1.0
-0.1 0.5
1.4 0.676
2.6 0.744
2.2 0.739
2.8 0.748
3.8 0.751
4.4 0.737
6.1 0.603
2.8 0.603
2.8 0.489
0.6 0.436
-0.4 0.828
-0.3 0.906
-0.1 0.81
0.0 0.429
1.3 0.76
2.1 0.779
1.1 0.738
1.1 0.773
0.3 0.787
1.1 0.728
-0.6 0.699
0.5 0.699
0.5 0.726
0.3 0.676
-0.1 0.794
1.5 0.717
-0.6 0.823
0.8 0.782
0.4 0.839
0.0 0.807
-0.1 0.769
-0.6 0.769
-0.6 0.756
0.1 0.771
0.0 0.0
0.3 0.803
1.0 0.833
0.7 0.866
1.3 0.834
0.8 0.783
-0.3 0.836
-1.0 0.819
0.9 0.819
0.9 0.829
-0.2 0.748
-1.0 0.754
-1.0 0.725
-0.4 0.775
-0.1 0.788
-0.3 0.762
-0.2 0.87
0.4 0.771
0.7 0.742
0.0 0.808
0.5 0.78
1.2 0.784
0.7 0.826
1.3 0.826
1.3 0.872
-0.2 0.864
0.0 0.467
0.1 0.6
0.0 0.6
0.1 0.625
0.0 0.526
0.0 0.741
0.4 0.567
0.0 0.61
-0.2 0.512
-1.1 0.85
-1.3 0.8
-0.9 0.816
-0.5 0.852
-0.6 0.82
-0.2 0.825
0.0 0.892
-0.4 0.892
-0.4 0.829
-0.7 0.856
1.0 0.735
1.7 0.691
0.1 0.707
1.2 0.771
1.6 0.574
2.5 0.712
1.2 0.655
1.2 0.655
1.2 0.644
1.3 0.523
-0.3 0.0
-0.1 0.722
-0.2 0.667
0.3 0.866
0.8 0.812
2.3 0.877
3.3 0.844
2.1 0.952
0.4 0.854
0.4 0.854
0.4 0.873
0.3 0.86
-0.4 0.567
-0.3 0.813
0.6 0.779
-0.2 0.906
1.1 0.875
-0.6 0.838
0.0 0.885
1.2 0.868
-0.3 0.868
-0.3 0.805
0.1 0.814
1.7 0.843
1.3 0.841
2.4 0.836
1.9 0.848
3.8 0.803
4.6 0.857
3.1 0.857
3.1 0.849
2.5 0.856
-0.6 0.831
-0.2 0.806
0.0 0.852
0.6 0.836
0.8 0.797
0.1 0.883
-0.3 0.883
-0.3 0.778
0.4 0.9
-1.2 0.8
0.2 0.753
-0.3 0.642
-0.5 0.746
-1.6 0.772
-0.3 0.769
-0.3 0.769
-0.3 0.776
-0.1 0.743
-1.2 0.867
1.8 0.745
0.7 0.871
0.8 0.792
1.5 0.795
1.6 0.742
1.7 0.774
0.6 0.774
0.6 0.832
0.0 0.417
-0.1 0.477
-0.4 0.847
-0.9 0.831
-0.2 0.736
0.9 0.624
0.2 0.805
1.8 0.748
2.2 0.76
4.0 0.774
2.1 0.774
2.1 0.727
1.6 0.79
2.5 0.867
1.4 0.863
1.3 0.698
0.1 0.818
1.6 0.862
1.3 0.871
1.4 0.822
2.1 0.67
3.9 0.748
3.6 0.748
3.5 0.848
5.7 0.768
2.4 0.795
4.6 0.795
4.6 0.829
1.3 0.837
0.0 0.565
1.1 0.742
0.9 0.825
1.7 0.754
0.2 0.842
-0.2 0.785
0.4 0.805
0.7 0.805
0.7 0.888
0.5 0.84
-1.1 0.643
-0.2 0.662
-0.4 0.8
0.1 0.737
-0.2 0.652
0.0 0.692
0.1 0.519
0.0 0.567
0.2 0.754
1.2 0.745
1.0 0.711
2.4 0.741
2.2 0.77
1.1 0.824
0.5 0.824
0.5 0.807
0.3 0.813
-0.4 0.681
-0.2 0.673
-1.3 0.642
-0.1 0.679
1.0 0.517
0.6 0.577
-0.3 0.577
-0.3 0.447
0.1 0.772
2.0 0.863
1.7 0.778
1.4 0.817
3.4 0.807
2.7 0.79
2.4 0.79
2.4 0.76
2.2 0.801
0.0 0.75
-0.2 0.667
-0.2 0.612
-0.1 0.684
-0.4 0.375
-0.5 0.452
1.7 0.525
1.4 0.386
1.2 0.428
4.4 0.397
4.3 0.397
4.3 0.43
3.5 0.482
0.1 0.6
-0.2 0.558
-0.5 0.6
0.6 0.558
1.6 0.645
0.4 0.647
0.2 0.647
0.2 0.548
0.3 0.613
1.2 0.869
0.7 0.792
0.2 0.826
1.0 0.861
0.8 0.884
1.2 0.86
1.5 0.86
1.5 0.839
0.9 0.867
1.2 0.817
3.0 0.787
1.5 0.625
-0.1 0.758
1.9 0.817
0.4 0.814
1.1 0.814
1.1 0.787
2.1 0.81
0.0 0.704
0.3 0.74
-0.7 0.714
0.2 0.778
1.7 0.818
3.3 0.772
1.7 0.772
1.7 0.795
1.9 0.721
0.5 0.815
1.7 0.85
3.8 0.824
3.5 0.704
0.1 0.821
7.3 0.804
2.5 0.804
2.5 0.822
2.8 0.871
-0.1 0.8
-0.3 0.7
-0.1 0.579
0.0 0.714
-0.3 0.738
-0.2 0.0
-0.3 0.0
0.9 0.809
1.9 0.756
0.4 0.773
1.0 0.82
1.7 0.864
-0.7 0.827
0.3 0.827
0.3 0.775
1.2 0.699
1.6 0.707
1.0 0.641
0.3 0.571
-0.7 0.687
-0.1 0.589
-0.6 0.589
-0.6 0.526
0.1 0.678
-0.3 0.638
0.1 0.583
1.0 0.461
0.7 0.591
1.2 1.0
-0.1 0.667
-0.2 0.667
-0.2 0.5
-0.1 0.505
0.4 0.886
0.7 0.897
0.4 0.933
-0.4 0.909
-0.2 0.828
-0.1 0.888
1.2 0.888
1.2 0.744
-0.2 0.919
0.9 0.766
-0.1 0.801
0.1 0.674
-0.2 0.762
0.1 0.689
0.0 0.754
1.1 0.766
1.8 0.858
6.0 0.812
-0.7 0.629
0.4 0.755
0.4 0.793
1.2 0.667
0.0 0.6
-0.4 0.455
-0.3 0.455
-0.3 0.643
0.2 0.722
0.1 0.745
-0.5 0.753
-0.4 0.771
-0.3 0.771
-0.5 0.821
-0.8 0.843
-0.2 0.843
-0.2 0.825
-0.4 0.876
-0.4 0.715
0.7 0.605
0.0 0.602
0.9 0.694
0.0 0.579
-0.3 0.622
0.1 0.622
0.1 0.704
-0.1 0.769
0.6 0.802
0.8 0.745
0.1 0.863
-0.3 0.805
0.8 0.783
0.5 0.783
0.5 0.617
0.7 0.744
-0.8 0.818
0.0 0.796
0.4 0.705
-0.2 0.85
0.3 0.833
0.1 0.875
-0.2 0.688
0.0 0.766
1.3 0.78
2.9 0.842
5.0 0.823
3.0 0.8
5.1 0.826
3.0 0.835
7.6 0.835
7.6 0.812
8.3 0.845
0.0 0.9
0.1 0.719
-0.1 0.705
-0.7 0.556
0.0 0.0
0.0 0.711
-0.3 0.75
-0.4 0.636
0.6 0.767
0.1 0.841
0.9 0.789
1.0 0.657
1.3 0.613
1.2 0.629
0.3 0.636
0.8 0.667
-0.2 0.667
-0.2 0.385
0.2 0.678
0.0 0.467
0.0 0.533
0.1 0.667
0.3 0.855
0.6 0.771
0.6 0.762
0.0 0.821
-0.1 0.827
-0.3 0.827
-0.3 0.696
-0.4 1.0
0.0 0.875
0.1 0.765
1.1 0.773
2.4 0.702
2.7 0.702
2.7 0.6
0.4 0.761
-0.1 0.673
0.3 0.685
-0.1 0.537
0.0 0.68
0.4 0.733
0.3 0.733
0.3 0.648
0.8 0.586
-0.5 0.574
-0.5 0.724
-0.3 0.697
0.4 0.647
-0.5 0.25
-0.1 0.25
0.2 0.871
0.8 0.83
0.8 0.88
1.3 0.857
1.6 0.788
1.4 0.788
1.4 0.858
0.9 0.86
0.0 0.726
-0.3 0.652
0.8 0.65
0.5 0.567
0.8 0.617
0.2 0.617
0.2 0.695
0.4 0.593
2.2 0.934
2.4 0.809
1.0 0.9
5.6 0.885
6.7 0.914
7.9 0.914
7.9 0.908
9.8 0.898
-0.2 0.759
0.3 0.814
-0.6 0.765
0.2 0.6
0.0 0.833
-0.3 0.833
-0.3 0.813
-0.3 0.81
-0.5 0.831
0.1 0.824
2.0 0.832
0.2 0.832
0.2 0.85
2.4 0.842
0.3 0.794
1.4 0.846
-0.5 0.905
0.6 0.735
-0.1 0.615
0.0 0.615
0.0 0.848
0.8 0.828
-1.0 0.792
-0.8 0.8
-0.2 0.907
0.3 0.909
0.0 0.813
-0.4 0.813
-0.4 0.857
-0.5 0.86
2.5 0.771
0.8 0.779
0.9 0.775
1.7 0.771
1.4 0.694
2.6 0.694
2.6 0.796
0.7 0.75
-1.0 0.762
-1.3 0.744
0.1 0.5
-0.1 0.615
0.0 0.783
-0.1 0.788
0.7 0.795
0.3 0.705
-0.2 0.701
0.2 0.701
0.2 0.667
0.5 0.556
0.8 0.676
0.9 0.622
1.0 0.679
0.5 0.751
0.5 0.717
1.1 0.717
1.1 0.692
1.7 0.715
0.0 0.0
0.0 0.79
2.0 0.848
2.9 0.794
2.2 0.874
4.1 0.874
4.1 0.739
2.5 0.844
-0.3 0.779
-0.5 0.813
-0.3 0.72
-0.3 0.681
0.0 0.698
0.4 0.698
0.4 0.585
1.3 0.843
2.4 0.846
3.2 0.851
5.7 0.866
5.4 0.868
7.8 0.868
7.8 0.86
6.9 0.847
-0.2 0.785
-0.1 0.76
-0.3 0.824
0.2 0.761
0.2 0.848
0.3 0.848
0.3 0.767
-0.5 0.806
-0.2 0.706
-0.4 0.638
0.0 0.656
0.0 0.685
0.5 0.738
-0.3 0.738
-0.3 0.712
0.5 1.0
0.1 0.823
2.5 0.783
1.6 0.752
1.9 0.81
0.8 0.855
1.4 0.855
1.4 0.843
1.7 0.708
0.0 0.5
-0.1 0.829
-0.1 0.75
1.1 0.661
2.2 0.749
2.6 0.784
2.6 0.836
1.5 0.836
1.5 0.752
1.2 0.856
-0.1 0.652
1.9 0.809
2.1 0.808
2.5 0.819
2.1 0.751
1.0 0.839
1.1 0.839
1.1 0.731
0.1 0.75
0.0 0.662
0.4 0.704
1.5 0.597
-0.2 0.844
1.6 0.657
1.6 0.657
1.6 0.574
0.3 0.707
0.7 0.764
2.1 0.824
2.8 0.756
2.2 0.798
2.1 0.73
1.7 0.73
1.7 0.686
-0.9 0.797
0.9 0.844
2.1 0.86
1.9 0.797
2.0 0.837
3.1 0.752
3.0 0.752
3.0 0.863
1.6 0.816
-0.4 0.729
-0.4 1.0
-0.1 0.726
-1.3 0.545
-0.3 0.894
1.4 0.906
0.7 0.896
0.5 0.857
1.8 0.906
0.4 0.906
0.4 1.0
0.0 0.878
-0.1 0.766
-0.3 1.0
0.3 0.842
0.3 0.89
2.0 0.825
-0.1 0.5
-0.3 0.821
-1.1 0.646
-0.6 0.5
0.0 0.667
-0.3 0.8
0.0 0.79
0.1 0.0
-0.1 0.667
-0.1 0.667
-0.4 0.45
-0.4 0.778
-0.1 0.0
-0.3 0.75
-0.4 0.794
0.1 0.757
1.7 0.881
0.8 0.846
0.6 0.862
2.1 0.862
2.1 0.837
1.3 0.867
-0.1 0.412
0.4 0.543
-0.2 0.65
-0.2 0.604
0.5 0.2
0.8 0.788
0.9 0.865
1.3 0.881
0.6 0.804
0.2 0.821
-0.1 0.821
-0.1 0.848
0.0 0.852
0.4 0.746
0.0 0.725
-0.1 0.476
-0.1 0.0
0.0 1.0
0.0 1.0
-0.8 0.667
-0.4 0.587
-0.1 0.429
-0.8 0.767
0.3 0.731
-0.2 0.535
-0.2 0.583
-0.1 0.65
-0.2 0.639
0.2 0.579
0.0 0.579
-0.1 0.875
0.0 0.929
0.1 0.6
-0.2 0.867
0.3 0.781
0.7 0.781
0.7 0.714
1.4 0.682
-0.4 0.754
0.2 0.737
1.3 0.664
0.9 0.712
1.5 0.712
1.5 0.737
1.3 0.706
-0.1 0.75
-0.2 0.857
0.2 0.726
0.4 0.456
0.8 0.562
0.5 0.619
-0.1 0.582
0.6 0.582
0.6 0.545
-0.7 0.59
-0.3 0.85
-0.2 0.769
-0.3 0.778
0.1 0.684
0.1 0.684
0.1 0.78
-0.2 0.733
0.0 0.636
0.1 0.791
1.9 0.772
1.8 0.8
3.3 0.8
3.3 0.802
1.3 0.847
0.3 0.602
0.7 0.556
0.5 0.618
0.8 0.581
0.9 0.581
0.9 0.67
1.4 0.673
-0.1 0.5
-0.3 0.795
0.2 0.755
-0.2 0.804
-0.2 0.79
0.2 0.79
0.2 0.78
1.4 0.731
0.4 0.702
0.8 0.738
1.7 0.726
3.9 0.782
3.4 0.782
3.4 0.718
2.6 0.772
-0.5 0.793
-0.2 0.811
0.2 0.864
0.9 0.67
1.1 0.617
1.1 0.528
0.2 0.487
2.3 0.487
2.3 0.559
2.3 0.617
-0.1 0.657
-0.1 0.786
0.2 0.512
0.4 0.5
0.4 0.636
0.3 0.68
0.6 0.828
0.4 0.828
0.4 0.714
-0.4 0.5
0.0 0.649
0.4 0.688
1.4 0.669
1.5 0.669
2.6 0.669
2.6 0.709
2.3 0.615
1.7 0.562
1.2 0.642
0.0 0.636
-0.1 0.833
0.0 0.833
-0.2 0.725
0.6 0.802
2.9 0.807
5.0 0.864
4.9 0.727
0.0 0.727
0.0 0.86
4.6 0.898
4.0 0.521
3.7 0.66
4.5 0.715
4.8 0.728
3.6 0.728
3.6 0.727
1.6 0.76
-0.1 0.75
-0.4 0.695
-0.2 0.832
2.0 0.827
1.7 0.816
2.1 0.812
3.6 0.812
3.6 0.824
3.3 0.844
-0.2 0.583
-0.2 1.0
-0.5 0.612
-0.5 0.63
-0.7 0.655
-0.4 0.583
-0.1 0.583
-0.1 0.667
-0.2 0.0
0.0 1.0
-0.3 1.0
0.0 0.789
-0.1 0.618
0.3 0.86
0.2 0.875
0.0 0.875
0.0 0.81
0.2 0.706
0.1 0.771
-0.7 0.792
1.2 0.804
0.3 0.804
0.3 0.652
1.0 0.647
0.0 0.784
-0.1 0.66
0.2 0.798
1.0 0.785
1.5 0.823
0.8 0.795
0.6 0.795
0.6 0.815
0.5 0.816
2.5 0.739
3.1 0.689
3.0 0.657
1.6 0.75
2.1 0.75
2.1 0.74
2.1 0.741
-0.3 0.684
0.1 0.769
0.0 0.754
0.7 0.718
0.8 0.718
0.8 0.716
0.3 0.808
-0.1 0.0
0.4 0.781
0.5 0.865
-0.2 0.895
-0.7 0.867
-0.7 0.867
-0.7 0.855
-0.2 1.0
0.1 0.75
0.5 0.702
-0.3 0.762
0.8 0.704
1.3 0.788
2.8 0.788
2.8 0.853
1.5 0.717
-0.4 0.743
1.1 0.744
1.2 0.747
0.9 0.837
-0.5 0.837
-0.5 0.8
-0.1 0.643
-0.2 0.0
-0.1 0.0
-0.1 0.623
0.0 0.787
0.8 0.808
0.0 0.74
0.6 0.74
-0.7 0.701
-0.7 0.583
-0.3 0.474
0.6 0.618
2.2 0.473
0.0 0.5
0.5 0.5
-0.4 0.671
0.2 0.693
-1.6 0.871
-0.5 0.707
-0.3 0.707
-0.3 0.826
-0.3 0.636
-0.5 0.7
0.0 0.429
-0.5 0.564
-0.1 0.596
-0.4 0.596
-0.4 0.693
0.1 0.706
0.2 0.691
1.3 0.73
2.5 0.699
1.3 0.75
1.4 0.75
1.4 0.813
0.2 0.818
-0.2 0.471
-0.3 0.652
1.7 0.711
3.0 0.627
-0.6 0.627
-0.6 0.784
0.2 0.615
-0.2 0.676
0.1 0.74
-0.1 0.813
-1.0 0.752
0.6 0.752
0.6 0.827
0.8 0.825
0.0 0.754
0.7 0.748
0.5 0.638
-0.3 0.778
0.1 0.778
0.0 0.579
-0.6 0.821
0.2 0.805
1.4 0.88
0.3 0.758
0.4 0.758
0.4 0.846
-0.6 0.667
1.2 0.789
1.6 0.804
2.2 0.805
3.4 0.785
3.9 0.785
3.9 0.791
3.7 0.801
0.0 0.417
0.1 0.717
-0.3 0.66
-0.2 0.702
0.8 0.702
0.8 0.63
0.6 0.697
1.5 0.4
0.1 0.4
-0.7 0.521
-0.7 0.517
-0.1 0.583
0.5 0.583
0.5 0.628
0.9 0.534
-0.2 0.734
0.0 0.727
-0.1 0.713
-0.2 0.748
0.5 0.822
0.1 0.822
0.1 0.752
-0.1 0.769
0.1 0.803
2.1 0.769
2.9 0.834
4.2 0.834
4.2 0.832
3.7 0.865
-1.2 0.65
-1.0 0.779
-0.5 0.716
-0.5 0.716
-0.5 0.8
-0.5 0.8
-0.1 0.0
1.4 0.613
2.4 0.65
1.8 0.691
1.4 0.691
1.4 0.613
1.2 0.693
-0.7 0.859
-0.4 0.905
0.0 0.956
-0.4 0.956
-0.4 0.8
-0.5 0.0
0.0 0.5
0.1 0.784
0.3 0.0
0.0 0.0
0.0 0.667
0.2 0.5
-0.1 0.714
-0.1 0.7
-0.2 0.752
0.4 0.807
0.1 0.788
1.0 0.788
1.0 0.831
1.9 0.841
-1.0 0.5
0.0 1.0
2.1 0.855
2.8 0.861
3.3 0.863
3.7 0.863
3.7 0.885
1.5 0.905
-0.2 0.839
0.3 0.893
0.9 0.83
1.6 0.83
1.6 0.864
2.6 0.868
-0.8 0.545
0.0 0.618
-0.2 0.857
0.1 0.823
0.6 0.734
1.0 0.734
1.0 0.764
0.5 0.77
-0.6 0.795
0.0 0.73
-1.0 0.782
-0.1 0.782
-0.1 0.797
0.1 0.786
0.0 0.733
-0.1 0.802
0.7 0.874
1.6 0.874
1.6 0.852
0.8 0.857
-0.1 0.6
2.4 0.825
2.7 0.802
3.8 0.802
4.1 0.802
4.1 0.874
6.2 0.88
0.1 0.462
-0.1 0.787
0.1 0.627
-0.2 0.627
-0.2 0.762
0.3 0.867
-0.1 0.5
0.1 0.0
-0.4 0.563
-0.2 0.865
-0.1 0.806
-0.2 0.806
-0.2 0.738
0.2 0.688
-0.1 0.797
-0.5 0.765
-0.1 0.6
-0.1 0.6
-0.1 0.629
0.1 0.77
-0.3 0.649
-0.4 0.654
-0.3 0.444
-0.4 0.444
-0.3 0.564
0.0 0.761
1.0 0.628
0.8 0.628
0.8 0.749
2.0 0.784
0.4 0.732
0.5 0.792
1.6 0.763
1.2 0.763
1.2 0.735
-0.3 0.837
0.2 0.529
0.0 0.767
-0.6 0.677
1.7 0.729
3.3 0.742
3.2 0.72
2.5 0.72
2.5 0.684
1.8 0.814
1.0 0.799
1.6 0.802
2.3 0.803
0.3 0.803
0.3 0.847
2.3 0.891
-0.5 0.636
0.9 0.766
0.7 0.746
0.9 0.672
0.6 0.672
0.6 0.784
0.6 0.789
0.4 0.571
-0.3 0.72
-0.7 0.8
-0.3 0.6
-0.3 0.779
0.2 0.779
0.2 0.75
0.0 0.623
0.4 0.4
-0.1 0.513
0.1 0.513
0.1 0.412
-0.5 0.714
1.2 0.768
0.2 0.594
0.7 0.5
0.0 0.5
0.1 0.75
0.0 0.667
1.1 0.882
1.0 0.85
3.1 0.868
1.6 0.868
1.6 0.871
3.3 0.909
-0.3 0.729
-0.1 0.5
-0.1 0.727
-1.4 0.727
-1.4 0.857
-0.4 0.843
0.0 0.625
0.0 0.0
-0.2 0.692
-0.3 0.692
0.1 0.841
1.4 0.795
1.9 0.879
2.9 0.879
2.9 0.873
1.8 0.853
-0.8 0.608
1.0 0.693
0.0 0.641
0.8 0.641
0.8 0.616
2.0 0.498
-0.7 0.667
-0.2 0.542
0.5 0.308
-0.1 0.339
0.0 0.683
1.6 0.766
1.2 0.752
1.6 0.752
1.6 0.753
2.0 0.669
0.3 0.798
2.5 0.837
2.4 0.827
2.3 0.827
2.3 0.847
4.4 0.847
-0.4 0.706
-0.8 0.718
-0.3 0.684
-0.5 0.684
-0.5 0.758
-0.2 0.652
0.1 0.0
0.0 0.4
0.2 0.66
0.2 0.784
-0.3 0.784
-0.3 0.735
0.5 0.75
-0.2 0.718
0.3 0.72
1.8 0.72
1.8 0.761
0.9 0.861
-0.8 0.813
-0.1 0.787
0.3 0.787
0.3 0.806
1.1 0.753
-0.1 0.905
-0.2 0.865
0.3 0.865
0.3 0.764
0.6 0.84
-0.2 0.606
-0.1 0.6
0.1 0.6
0.1 0.815
1.2 0.708
0.9 0.788
0.5 0.783
1.3 0.783
1.3 0.767
0.6 0.825
1.0 0.814
2.0 0.75
1.2 0.75
1.2 0.682
1.6 0.768
-0.3 0.909
0.0 0.0
0.0 0.0
-0.1 0.714
0.2 0.733
-0.5 0.733
-0.5 0.857
0.5 0.754
0.8 0.773
1.1 0.773
1.1 0.82
2.8 0.811
0.0 0.813
-0.1 0.538
-0.1 0.538
-0.1 0.655
2.0 0.791
3.9 0.805
5.7 0.805
5.7 0.758
2.3 0.802
0.2 0.886
1.4 0.418
2.4 0.389
1.2 0.389
1.2 0.355
1.0 0.386
0.1 0.756
-0.2 0.728
-0.1 0.728
-0.1 0.836
1.7 0.805
-0.5 0.69
0.2 0.84
0.0 0.84
-0.2 0.833
-0.3 0.667
2.2 0.66
4.4 0.66
4.4 0.696
5.5 0.709
0.5 0.594
0.9 0.537
-0.1 0.537
-0.1 0.622
0.7 0.621
-0.2 0.514
1.1 0.569
1.5 0.569
1.5 0.59
0.9 0.692
0.1 0.545
-0.1 0.87
0.1 0.87
-0.2 1.0
-0.2 0.842
0.1 0.842
0.1 0.833
-0.4 1.0
0.1 0.731
0.0 0.0
-0.5 0.667
-0.1 0.649
-0.5 0.649
0.3 0.605
2.2 0.606
0.7 0.606
0.7 0.664
-0.4 0.606
-0.1 0.614
0.4 0.701
0.5 0.701
0.5 0.69
0.0 0.784
0.1 0.5
-0.8 0.806
-0.2 0.797
0.3 0.891
0.1 0.891
0.1 0.727
0.4 0.853
-0.2 0.762
-0.1 0.938
0.5 0.938
0.5 0.761
0.2 0.875
1.9 0.871
3.5 0.864
5.2 0.864
5.2 0.892
3.8 0.895
-0.9 0.528
-1.0 0.889
-0.2 0.889
-0.2 0.692
0.0 0.861
0.3 0.859
2.0 0.859
2.0 0.888
1.9 0.88
0.0 0.806
-0.1 0.0
-0.1 0.0
0.0 0.709
-0.4 0.727
-0.1 0.727
-0.1 0.604
-0.4 0.602
1.0 0.602
1.0 0.642
-0.3 0.51
0.0 0.8
-0.8 0.825
-1.4 0.6
-0.5 0.6
-0.5 0.785
-0.4 0.643
0.2 0.687
0.8 0.772
0.4 0.772
0.4 0.767
0.5 0.771
-0.1 0.561
0.2 0.478
0.5 0.478
0.5 0.576
0.0 0.641
0.8 0.917
0.8 0.854
0.5 0.854
0.5 0.875
-1.3 0.636
-0.7 0.675
-0.4 0.675
-0.4 0.681
-0.1 0.691
-0.2 0.94
-0.4 0.892
-0.2 0.892
-0.2 0.894
-0.2 0.846
-0.7 0.564
-0.3 0.528
-0.1 0.528
-0.1 0.431
-0.2 0.47
-0.3 0.837
1.0 0.786
0.2 0.786
0.2 0.79
0.8 0.831
-0.3 0.681
-0.1 0.671
-0.2 0.671
-0.2 0.658
-0.4 0.78
-0.4 0.792
0.1 0.792
0.1 0.794
0.4 0.875
-0.1 0.375
-0.1 0.756
-0.2 0.807
0.5 0.807
0.0 0.744
0.2 0.774
-0.5 0.774
-0.5 0.833
0.1 0.826
1.1 0.769
0.2 0.769
0.2 0.659
-0.1 0.765
0.3 0.778
0.9 0.744
1.6 0.744
1.6 0.64
1.5 0.5
-0.5 0.553
-0.5 0.634
-0.2 0.634
-0.3 0.8
-0.5 0.743
0.1 0.71
0.5 0.717
-0.1 0.717
-0.1 0.774
0.7 0.778
0.6 0.762
0.3 0.786
0.8 0.786
0.8 0.761
1.2 0.811
-0.1 0.519
-0.5 0.685
0.0 0.68
-0.9 0.68
-0.9 0.713
-0.1 0.646
-0.4 0.0
-0.2 0.641
-1.2 0.667
0.1 0.667
0.1 0.541
-0.1 0.719
0.1 0.823
1.2 0.823
1.2 0.815
-0.4 0.564
0.7 0.502
1.1 0.502
1.1 0.582
2.1 0.611
0.1 0.741
1.6 0.741
1.6 0.724
3.2 0.77
0.1 0.715
-0.2 0.715
-0.6 0.809
0.2 0.809
0.2 0.771
0.3 0.863
-0.9 0.641
-0.6 0.641
-0.6 0.9
-0.2 0.722
0.0 0.4
-0.1 0.4
-0.3 0.632
-0.1 0.632
-0.1 0.75
-0.3 0.667
-0.2 0.667
-0.2 0.933
0.2 0.714
-0.3 0.752
0.1 0.752
0.1 0.817
0.0 0.759
-0.1 0.9
-0.1 0.9
0.3 0.533
0.4 0.533
0.0 0.696
0.6 0.696
0.6 0.811
2.2 0.832
-0.1 0.817
-0.1 0.817
-0.1 0.833
-0.4 0.909
1.1 0.694
0.7 0.694
0.7 0.654
0.5 0.753
-0.1 1.0
0.0 1.0
0.0 0.824
-0.2 0.759
0.0 0.82
1.1 0.82
1.1 0.791
0.9 0.822
-0.1 0.75
0.3 0.75
0.3 0.867
0.7 0.847
0.0 0.0
0.0 0.0
0.0 0.833
0.1 0.85
0.0 0.846
-0.3 0.846
-0.3 0.556
0.1 0.796
-0.3 1.0
0.0 1.0
-0.6 0.649
-0.1 0.649
-0.4 0.531
-0.3 0.531
-0.3 0.75
0.1 0.699
0.0 0.763
-0.2 0.763
-0.2 0.864
0.2 0.854
0.5 0.783
2.5 0.783
2.5 0.827
2.5 0.814
-0.1 0.0
0.0 0.0
-0.3 0.623
4.3 0.623
4.3 0.569
2.8 0.653
-0.3 0.735
-0.3 0.735
-0.3 0.674
-0.7 0.786
-0.1 0.692
0.0 0.692
0.0 0.909
0.0 0.83
0.5 0.83
0.0 0.824
1.0 0.824
1.0 0.857
0.4 0.805
0.0 0.828
-0.3 0.828
-0.2 0.763
0.1 0.763
0.1 0.929
0.6 0.832
-0.3 0.832
-0.3 0.685
-0.5 0.833
-0.1 1.0
0.1 1.0
-0.3 0.782
-0.2 0.782
-0.2 0.776
0.0 0.727
-0.4 0.727
-0.4 0.702
0.4 0.702
0.4 0.728
-0.7 0.721
-0.7 1.0
-0.2 1.0
-0.5 0.679
0.1 0.679
0.1 0.8
-0.3 0.699
0.3 0.699
0.3 0.827
1.7 0.912
-0.6 0.813
0.8 0.813
0.8 0.718
-0.4 0.753
-0.5 0.0
-0.2 0.0
-0.3 0.717
0.0 0.717
0.0 0.764
-0.9 0.774
-0.3 1.0
0.0 1.0
-0.2 0.88
0.5 0.88
0.5 0.795
0.2 0.766
0.8 0.819
1.3 0.819
1.3 0.83
2.3 0.753
0.9 0.684
1.5 0.684
1.5 0.75
1.1 0.732
0.0 0.375
0.1 0.375
1.4 0.495
1.2 0.495
1.2 0.642
2.5 0.58
-0.4 0.734
0.6 0.734
0.6 0.754
2.2 0.832
-0.7 0.673
0.0 0.673
0.0 0.52
0.0 1.0
-0.1 1.0
0.2 0.479
0.7 0.479
0.7 0.611
1.3 0.423
-1.0 0.827
-0.2 0.827
-0.2 0.791
0.3 0.855
-0.3 0.8
0.2 0.8
0.2 0.909
-0.7 0.81
-0.4 0.708
0.0 0.708
0.0 0.719
-0.6 0.655
0.4 0.68
0.1 0.68
0.1 0.729
0.6 0.75
-0.5 0.333
-0.3 0.333
0.2 0.774
0.9 0.774
0.9 0.754
1.3 0.679
0.1 0.609
0.1 0.6
0.2 0.481
-0.1 0.643
-0.1 0.747
1.2 0.789
-0.1 0.8
-0.1 0.875
0.0 0.0
0.0 0.0
0.1 0.551
0.1 0.422
-0.2 0.752
0.1 0.821
0.1 0.833
-0.8 0.893
-0.3 0.753
-0.1 0.825
-0.1 0.755
-0.1 0.0
-0.1 0.0
-0.1 0.0
-0.1 0.174
-0.1 0.379
0.9 0.531
0.0 0.5
-0.1 0.0
0.6 0.829
0.6 0.804
0.4 0.798
0.0 0.429
-0.1 0.833
-0.1 0.0
-0.1 0.0
-0.2 0.912
-0.2 0.576
-0.1 0.792
-0.1 0.6
-0.5 0.667
-0.5 0.75
-0.5 0.75
0.1 0.84
0.1 0.735
0.4 0.782
-0.5 0.714
-0.5 0.735
-0.5 0.84
-0.8 0.625
-0.3 0.476
-0.3 0.716
0.1 0.76
0.3 0.808
0.3 0.754
0.8 0.797
-0.2 0.721
-0.2 0.668
1.8 0.719
-0.2 0.5
-0.5 0.591
-0.5 0.658
0.4 0.612
-0.3 0.833
-0.3 1.0
0.0 0.8
0.0 0.752
0.0 0.802
-0.3 0.861
-0.3 0.781
-0.4 0.745
-0.4 0.82
1.3 0.776
-0.3 0.6
-0.3 0.0
0.0 0.714
0.2 0.763
0.2 0.86
1.7 0.783
0.5 0.75
0.5 0.722
0.7 0.735
-0.2 0.574
-0.2 0.667
-0.1 1.0
-0.3 0.68
0.1 0.681
0.1 0.797
0.5 0.768
0.0 1.0
0.0 0.896
-0.2 0.843
0.0 1.0
-0.1 0.643
-0.1 0.899
-0.1 0.63
-1.2 0.842
-1.2 0.793
0.3 0.836
0.0 0.0
-0.1 0.313
-0.1 0.417
0.0 0.56
0.0 0.531
0.1 0.5
-0.2 0.752
-0.2 0.8
-0.2 0.842
-0.5 0.667
-0.5 0.857
-0.5 0.845
-0.1 0.625
-0.1 0.4
-0.1 1.0
0.1 0.674
0.1 0.722
0.0 0.5
1.3 0.803
1.3 0.807
1.3 0.773
0.0 0.0
0.0 0.5
-0.2 0.786
-0.2 0.733
-0.4 0.776
1.6 0.609
1.6 0.59
1.3 0.694
0.0 0.5
0.0 0.533
0.3 0.657
0.4 0.636
0.4 0.616
0.1 0.571
-0.7 0.444
-0.7 0.675
-0.9 0.833
-0.1 0.722
-0.1 0.643
0.1 0.697
0.1 0.768
-0.2 0.743
-0.7 0.652
-0.7 0.654
-0.5 0.737
0.8 0.551
0.8 0.589
0.4 0.692
0.1 0.758
0.1 0.739
0.4 0.759
-0.1 0.0
-0.1 0.715
-0.9 0.723
-0.1 0.696
-0.1 1.0
-0.2 0.0
-0.7 0.67
-0.7 0.656
1.4 0.646
1.4 0.777
1.1 0.812
-0.1 0.923
-0.1 0.615
-0.5 0.859
-0.5 0.771
-0.7 0.813
-0.1 0.5
0.1 0.536
0.1 0.5
0.0 0.5
-0.2 0.692
-0.2 0.745
-0.6 0.638
0.0 0.737
0.0 0.703
0.2 0.773
0.0 0.0
-0.7 0.769
0.1 0.783
0.1 0.5
-0.2 0.76
-0.2 0.761
-0.1 0.76
-0.1 1.0
-0.1 0.75
0.0 1.0
-0.2 0.552
-0.2 0.25
-0.1 0.667
0.3 0.81
1.6 0.825
0.1 0.791
0.6 0.738
-0.6 0.832
-0.5 0.0
1.0 0.669
0.0 0.724
-0.2 0.778
0.0 0.559
-0.1 0.889
0.2 0.645
-0.5 0.89
0.0 0.628
-0.1 0.5
-0.3 0.8
-0.2 0.75
0.5 0.751
0.2 0.699
-0.9 0.529
-0.1 0.0
-0.1 0.0
-0.2 0.679
3.0 0.825
-0.3 0.767
0.3 0.756
0.0 0.618
-0.3 0.722
0.7 0.81
-0.1 0.8
0.0 0.811
0.1 0.6
-0.1 0.794
0.3 0.59
0.0 0.571
-1.2 0.784
0.2 0.738
-0.1 0.889
-0.8 0.671
-0.7 0.758
-0.3 0.667
0.1 0.625
-0.4 0.661
1.1 0.786
0.3 0.792
0.0 0.557
0.7 0.779
-0.4 0.773
0.1 0.782
0.2 0.75
0.0 0.0
-0.1 0.0
3.1 0.832
-0.1 0.809
-1.0 0.4
0.0 0.688
0.1 0.625
0.8 0.617
-0.1 0.733
0.1 0.764
-0.3 0.733
