0.387 27
0.374 28
0.472 25
0.461 26
0.478 27
0.475 28
0.503 29
0.525 30
0.474 31
0.417 24
0.47 25
0.48 26
0.462 27
0.439 28
0.44 29
0.428 30
0.454 31
0.438 32
0.445 33
0.48 34
0.477 35
0.491 36
0.458 37
0.449 38
0.357 25
0.346 26
0.415 27
0.376 28
0.414 29
0.379 30
0.375 31
0.394 32
0.385 33
0.4 31
0.325 32
0.416 27
0.404 28
0.427 29
0.376 30
0.389 31
0.356 32
0.429 33
0.388 31
0.436 32
0.427 33
0.441 34
0.246 34
0.446 28
0.399 29
0.462 30
0.422 31
0.452 32
0.383 34
0.412 33
0.419 34
0.409 35
0.395 36
0.321 37
0.336 38
0.414 39
0.399 27
0.466 28
0.361 29
0.397 30
0.426 31
0.394 32
0.434 33
0.344 34
0.301 35
0.477 33
0.427 34
0.411 35
0.412 36
0.407 37
0.356 32
0.382 22
0.262 21
0.404 22
0.422 30
0.485 31
0.478 32
0.481 33
0.31 34
0.364 23
0.444 34
0.494 30
0.508 31
0.458 32
0.504 33
0.423 34
0.452 35
0.475 36
0.481 37
0.404 32
0.489 33
0.45 34
0.404 35
0.438 36
0.537 25
0.541 26
0.539 27
0.443 28
0.46 29
0.507 30
0.286 25
0.429 26
0.441 27
0.409 28
0.454 29
0.457 30
0.432 31
0.421 32
0.437 33
0.459 34
0.409 35
0.355 21
0.43 22
0.441 23
0.472 24
0.4 25
0.44 29
0.44 30
0.396 31
0.372 32
0.454 23
0.453 24
0.47 25
0.45 26
0.443 27
0.432 28
0.404 29
0.411 30
0.435 31
0.416 32
0.431 33
0.422 25
0.423 26
0.421 27
0.394 28
0.442 29
0.418 30
0.427 31
0.448 32
0.418 33
0.418 34
0.427 35
0.364 36
0.402 37
0.396 34
0.442 33
0.458 34
0.485 35
0.505 26
0.421 27
0.432 28
0.566 29
0.529 30
0.508 31
0.509 32
0.462 33
0.476 25
0.427 26
0.437 27
0.466 28
0.454 29
0.426 30
0.47 31
0.333 32
0.465 24
0.363 30
0.389 31
0.466 32
0.42 33
0.42 34
0.433 35
0.405 36
0.407 37
0.556 26
0.479 27
0.492 28
0.34 29
0.423 30
0.0 28
0.397 25
0.4 26
0.429 27
0.419 28
0.413 29
0.41 30
0.42 31
0.49 29
0.479 30
0.536 31
0.473 32
0.476 22
0.527 23
0.502 24
0.493 25
0.503 26
0.527 27
0.533 28
0.456 29
0.447 30
0.48 31
0.512 32
0.494 33
0.473 34
0.539 35
0.442 35
0.442 36
0.451 31
0.421 33
0.364 33
0.444 32
0.474 33
0.531 34
0.476 35
0.446 36
0.461 37
0.407 38
0.422 33
0.0 34
0.333 29
0.398 30
0.46 31
0.381 32
0.376 33
0.464 23
0.469 24
0.451 25
0.438 26
0.433 27
0.45 28
0.463 29
0.459 30
0.467 31
0.456 32
0.451 33
0.43 34
0.463 35
0.425 36
0.373 36
0.373 37
0.4 36
0.455 37
0.438 25
0.525 26
0.465 27
0.377 28
0.528 29
0.434 30
0.411 31
0.385 32
0.463 33
0.432 24
0.423 34
0.488 28
0.5 29
0.524 27
0.448 28
0.41 29
0.477 30
0.465 31
0.465 32
0.473 33
0.45 34
0.512 35
0.475 36
0.398 37
0.446 38
0.44 33
0.484 34
0.397 35
0.439 36
0.323 24
0.462 25
0.25 26
0.472 27
0.37 28
0.414 29
0.494 30
0.341 31
0.385 32
0.389 33
0.43 34
0.406 26
0.342 27
0.356 28
0.297 29
0.407 30
0.387 31
0.375 32
0.458 33
0.433 34
0.42 35
0.425 36
0.46 25
0.428 26
0.467 27
0.417 28
0.452 29
0.43 30
0.454 31
0.456 32
0.437 33
0.428 34
0.437 35
0.411 36
0.435 37
0.407 38
0.333 38
0.333 39
0.388 40
0.474 32
0.463 33
0.47 34
0.488 35
0.464 36
0.443 37
0.418 38
0.577 27
0.583 28
0.52 29
0.447 30
0.539 31
0.429 32
0.333 30
0.481 31
0.499 32
0.481 33
0.426 34
0.403 34
0.328 35
0.395 31
0.46 32
0.479 33
0.461 34
0.392 35
0.346 36
0.48 26
0.49 27
0.501 28
0.4 24
0.441 25
0.261 26
0.304 27
0.357 28
0.38 34
0.45 35
0.448 36
0.413 37
0.381 33
0.384 34
0.333 35
0.38 24
0.432 25
0.472 26
0.479 27
0.452 26
0.467 27
0.615 28
0.352 21
0.476 22
0.413 23
0.386 24
0.398 25
0.416 26
0.4 27
0.41 28
0.41 29
0.449 30
0.421 31
0.384 32
0.438 33
0.416 34
0.396 34
0.396 35
0.404 36
0.394 26
0.413 27
0.411 28
0.388 29
0.378 30
0.463 31
0.351 32
0.445 33
0.338 32
0.471 33
0.344 25
0.424 37
0.455 33
0.453 34
0.402 35
0.388 36
0.401 26
0.435 27
0.496 28
0.535 29
0.55 30
0.493 31
0.626 32
0.643 33
0.65 34
0.624 35
0.584 36
0.468 26
0.44 27
0.452 28
0.47 29
0.438 30
0.418 31
0.442 32
0.459 33
0.433 33
0.426 34
0.407 35
0.403 36
0.461 37
0.427 22
0.417 23
0.416 24
0.395 25
0.387 26
0.389 27
0.439 28
0.426 29
0.37 30
0.406 31
0.417 32
0.497 32
0.51 33
0.541 34
0.473 35
0.479 36
0.375 37
0.418 33
0.354 34
0.453 31
0.448 32
0.392 33
0.414 22
0.481 23
0.41 24
0.469 25
0.462 26
0.448 27
0.465 28
0.433 29
0.339 30
0.554 28
0.45 29
0.534 30
0.477 31
0.453 35
0.415 28
0.384 29
0.416 30
0.38 31
0.416 32
0.434 26
0.417 26
0.313 27
0.482 33
0.472 34
0.466 35
0.47 36
0.417 24
0.417 25
0.426 26
0.435 27
0.447 28
0.42 29
0.469 30
0.409 21
0.386 22
0.389 23
0.389 24
0.403 25
0.44 26
0.41 27
0.468 28
0.436 29
0.398 30
0.397 31
0.405 32
0.379 27
0.429 28
0.296 29
0.397 36
0.4 37
0.499 25
0.508 26
0.513 27
0.501 28
0.496 29
0.484 30
0.546 31
0.497 32
0.504 33
0.518 34
0.5 35
0.492 36
0.502 37
0.49 38
0.512 38
0.512 39
0.393 29
0.337 30
0.417 31
0.368 32
0.398 33
0.395 26
0.464 31
0.418 32
0.46 26
0.42 27
0.43 39
0.475 35
0.429 36
0.458 28
0.463 29
0.425 30
0.443 31
0.427 32
0.412 33
0.412 34
0.414 35
0.437 36
0.412 27
0.411 28
0.437 29
0.352 30
0.393 31
0.41 32
0.382 33
0.436 34
0.424 35
0.38 36
0.389 37
0.371 38
0.342 39
0.43 23
0.438 24
0.465 25
0.383 26
0.455 27
0.58 25
0.428 26
0.37 27
0.511 28
0.522 29
0.529 30
0.421 33
0.222 34
0.469 25
0.449 26
0.36 27
0.544 28
0.519 29
0.552 30
0.469 31
0.55 32
0.501 33
0.478 34
0.479 35
0.444 32
0.421 33
0.422 34
0.416 26
0.444 27
0.536 28
0.454 29
0.502 30
0.507 31
0.565 32
0.458 33
0.451 24
0.417 25
0.435 26
0.403 27
0.423 28
0.435 29
0.408 30
0.496 31
0.469 32
0.477 25
0.47 26
0.502 27
0.499 28
0.502 29
0.526 30
0.476 31
0.539 32
0.531 33
0.521 34
0.528 35
0.503 36
0.496 37
0.441 38
0.467 38
0.467 39
0.481 35
0.387 25
0.426 26
0.419 27
0.333 28
0.402 29
0.417 30
0.314 31
0.449 34
0.393 32
0.309 24
0.411 25
0.39 26
0.408 27
0.356 28
0.4 29
0.395 30
0.357 31
0.38 32
0.39 23
0.331 33
0.384 34
0.422 35
0.392 36
0.42 23
0.421 24
0.427 25
0.39 26
0.389 25
0.479 29
0.469 30
0.509 31
0.471 32
0.493 33
0.462 36
0.513 37
0.52 38
0.34 27
0.499 28
0.433 29
0.278 30
0.36 31
0.48 32
0.473 33
0.392 32
0.422 33
0.455 34
0.345 35
0.406 23
0.361 24
0.488 28
0.569 29
0.447 30
0.493 31
0.438 23
0.435 24
0.443 25
0.455 26
0.44 27
0.491 28
0.468 29
0.484 30
0.447 31
0.409 32
0.429 33
0.452 34
0.222 26
0.42 27
0.4 28
0.537 29
0.344 30
0.417 30
0.418 31
0.447 32
0.411 33
0.423 34
0.392 35
0.365 36
0.454 25
0.461 26
0.511 27
0.471 28
0.489 29
0.475 30
0.491 31
0.5 32
0.444 21
0.475 22
0.434 23
0.463 24
0.459 25
0.452 26
0.457 27
0.434 28
0.439 29
0.435 30
0.416 31
0.446 32
0.351 33
0.487 28
0.527 29
0.508 30
0.495 31
0.512 32
0.495 33
0.446 34
0.425 31
0.464 32
0.413 33
0.404 34
1.0 23
0.464 31
0.333 32
0.571 21
0.498 22
0.446 23
0.443 24
0.444 29
0.509 30
0.468 31
0.476 32
0.527 33
0.516 34
0.389 26
0.442 29
0.426 30
0.474 33
0.39 34
0.422 35
0.438 29
0.416 30
0.389 31
0.465 32
0.387 31
0.398 32
0.387 33
0.405 34
0.419 35
0.384 36
0.359 37
0.421 23
0.399 24
0.387 25
0.359 26
0.451 27
0.422 28
0.428 29
0.409 30
0.445 31
0.38 32
0.449 30
0.437 31
0.445 32
0.435 33
0.479 28
0.46 29
0.45 30
0.453 31
0.451 32
0.459 33
0.465 34
0.359 35
0.51 36
0.509 37
0.44 38
0.309 39
0.336 25
0.434 26
0.428 27
0.386 28
0.401 29
0.381 30
0.379 31
0.383 23
0.423 24
0.467 25
0.397 26
0.43 27
0.409 28
0.4 29
0.381 30
0.402 31
0.381 31
0.382 32
0.351 33
0.343 34
0.358 35
0.37 36
0.385 37
0.344 38
0.329 39
0.487 26
0.425 27
0.441 28
0.483 29
0.468 30
0.506 31
0.485 32
0.474 33
0.472 34
0.443 35
0.42 26
0.398 27
0.414 28
0.387 29
0.424 30
0.447 31
0.442 32
0.458 33
0.417 34
0.439 28
0.443 29
0.464 30
0.444 31
0.427 32
0.382 33
0.394 34
0.403 35
0.4 34
0.378 31
0.442 32
0.442 33
0.424 34
0.426 35
0.467 27
0.366 28
0.438 29
0.415 30
0.465 31
0.472 32
0.419 36
0.439 37
0.398 38
0.425 23
0.374 24
0.435 25
0.425 26
0.403 27
0.411 28
0.433 29
0.405 30
0.414 31
0.423 32
0.411 33
0.374 34
0.373 35
0.308 25
0.442 25
0.447 26
0.47 27
0.535 28
0.437 29
0.442 30
0.45 31
0.436 32
0.468 33
0.461 34
0.427 35
0.403 36
0.464 37
0.349 27
0.411 28
0.446 29
0.406 30
0.445 31
0.443 32
0.414 33
0.437 34
0.404 35
0.447 36
0.479 37
0.42 38
0.374 21
0.545 34
0.461 35
0.452 36
0.534 37
0.519 38
0.409 25
0.401 26
0.381 27
0.401 28
0.456 29
0.387 30
0.386 31
0.416 32
0.445 30
0.432 31
0.423 32
0.409 33
0.428 34
0.404 35
0.422 36
0.444 22
0.448 23
0.434 24
0.344 25
0.432 26
0.405 27
0.392 31
0.437 32
0.387 33
0.407 32
0.43 33
0.421 36
0.47 37
0.411 28
0.391 29
0.414 30
0.384 31
0.398 32
0.404 33
0.406 34
0.385 35
0.416 36
0.423 37
0.361 38
0.363 39
0.375 26
0.422 27
0.425 28
0.427 29
0.422 30
0.399 31
0.419 32
0.404 33
0.189 27
0.363 28
0.473 33
0.419 34
0.432 35
0.417 36
0.41 37
0.503 32
0.464 33
0.494 34
0.465 35
0.477 25
0.458 26
0.518 27
0.46 28
0.496 29
0.431 30
0.382 31
0.431 25
0.374 24
0.392 25
0.401 26
0.397 28
0.41 29
0.402 30
0.422 31
0.385 32
0.407 24
0.48 22
0.468 23
0.452 24
0.435 25
0.462 26
0.467 27
0.461 28
0.455 29
0.439 30
0.435 31
0.433 32
0.385 33
0.414 34
0.0 26
0.278 27
0.5 28
0.2 29
0.423 30
0.0 31
0.0 29
0.492 30
0.439 35
0.426 36
0.441 27
0.427 24
0.427 25
0.433 26
0.433 27
0.451 28
0.459 29
0.416 30
0.447 31
0.445 31
0.369 32
0.409 33
0.397 34
0.589 26
0.531 27
0.487 26
0.452 27
0.423 28
0.495 29
0.515 30
0.409 31
0.535 32
0.158 33
0.462 22
0.443 23
0.444 24
0.447 25
0.431 26
0.445 27
0.454 28
0.458 29
0.461 30
0.516 31
0.453 32
0.373 33
0.45 23
0.551 24
0.48 25
0.473 26
0.432 27
0.467 28
0.504 29
0.327 30
0.496 31
0.5 32
0.591 33
0.336 36
0.498 38
0.454 39
0.462 40
0.494 35
0.477 36
0.441 24
0.442 25
0.439 26
0.431 27
0.462 28
0.451 29
0.415 30
0.419 31
0.48 23
0.469 24
0.452 25
0.44 26
0.476 27
0.525 28
0.524 29
0.508 30
0.485 31
0.508 32
0.52 33
0.446 34
0.514 35
0.482 36
0.446 36
0.503 28
0.519 29
0.459 30
0.461 31
0.443 32
0.395 33
0.424 34
0.327 35
0.382 30
0.445 24
0.463 25
0.47 26
0.488 27
0.49 28
0.495 29
0.5 30
0.538 31
0.491 32
0.456 33
0.511 34
0.441 35
0.602 36
0.512 37
0.409 37
0.413 29
0.407 30
0.422 31
0.482 35
0.505 36
0.431 24
0.464 25
0.449 26
0.472 27
0.443 28
0.399 29
0.452 30
0.482 31
0.435 32
0.462 34
0.456 35
0.448 36
0.475 37
0.357 27
0.444 28
0.414 29
0.388 30
0.404 31
0.382 34
0.523 24
0.571 25
0.491 26
0.0 27
0.495 27
0.457 22
0.451 23
0.457 24
0.417 25
0.431 26
0.406 27
0.431 28
0.419 29
0.388 30
0.387 31
0.442 32
0.463 27
0.413 28
0.444 29
0.447 30
0.412 31
0.441 32
0.392 33
0.441 35
0.473 29
0.449 30
0.429 31
0.459 32
0.43 33
0.25 34
0.48 22
0.477 23
0.434 24
0.441 25
0.455 26
0.5 27
0.446 25
0.397 26
0.409 27
0.427 28
0.442 22
0.42 23
0.404 24
0.488 25
0.507 26
0.505 20
0.481 21
0.41 22
0.485 23
0.482 24
0.452 25
0.454 26
0.406 27
0.457 28
0.477 29
0.463 30
0.466 31
0.492 32
0.473 33
0.445 34
0.46 35
0.438 36
0.479 37
0.459 38
0.5 38
0.5 39
0.435 25
0.499 26
0.493 27
0.51 28
0.524 29
0.495 30
0.453 31
0.463 32
0.476 33
0.43 34
0.446 35
0.436 21
0.438 22
0.434 23
0.438 24
0.505 25
0.466 26
0.46 27
0.502 28
0.482 29
0.501 30
0.401 31
0.435 32
0.433 33
0.481 34
0.325 34
0.325 35
0.355 36
0.44 36
0.453 37
0.441 38
0.438 39
0.372 32
0.417 33
0.408 38
0.434 26
0.438 27
0.434 28
0.426 29
0.438 30
0.426 31
0.44 32
0.433 33
0.477 24
0.461 25
0.421 26
0.521 27
0.48 28
0.504 29
0.532 30
0.515 31
0.406 32
0.553 33
0.522 34
0.467 35
0.367 36
0.429 37
0.433 37
0.433 38
0.4 23
0.4 24
0.52 25
0.476 26
0.406 30
0.493 26
0.475 27
0.385 28
0.505 29
0.502 30
0.435 31
0.609 32
0.577 33
0.553 34
0.444 25
0.518 31
0.423 28
0.379 30
0.411 31
0.324 32
0.484 35
0.501 36
0.374 37
0.478 38
0.498 39
0.526 40
0.556 41
0.538 42
0.25 26
0.6 27
0.448 28
0.391 29
0.485 26
0.483 27
0.442 28
0.45 29
0.478 30
0.523 25
0.5 26
0.558 27
0.444 28
0.45 29
0.422 30
0.576 31
0.473 32
0.446 33
0.425 34
0.361 35
0.487 27
0.483 28
0.465 29
0.47 30
0.502 31
0.512 32
0.532 33
0.504 34
0.503 35
0.507 36
0.492 37
0.532 38
0.497 39
0.357 26
0.461 25
0.493 26
0.525 27
0.469 28
0.46 29
0.515 30
0.546 31
0.55 32
0.513 33
0.382 27
0.498 28
0.495 29
0.391 30
0.429 31
0.298 32
0.432 33
0.419 38
0.446 28
0.398 29
0.406 30
0.369 31
0.321 32
0.474 23
0.477 24
0.463 25
0.462 26
0.459 27
0.48 28
0.502 29
0.479 30
0.479 31
0.481 32
0.517 33
0.457 34
0.471 35
0.497 36
0.459 36
0.459 37
0.448 38
0.465 23
0.479 24
0.484 25
0.434 26
0.452 27
0.472 28
0.436 29
0.439 30
0.474 31
0.529 32
0.459 33
0.433 34
0.482 35
0.572 29
0.579 30
0.574 31
0.584 32
0.601 33
0.6 34
0.591 35
0.593 36
0.609 37
0.566 38
0.388 38
0.369 39
0.418 40
0.46 22
0.419 23
0.439 24
0.43 25
0.473 26
0.481 27
0.468 28
0.525 29
0.492 30
0.463 31
0.53 32
0.352 33
0.498 39
0.396 29
0.388 30
0.451 31
0.37 32
0.355 33
0.431 34
0.433 35
0.42 36
0.407 37
0.435 26
0.433 27
0.427 28
0.425 29
0.456 30
0.446 31
0.495 28
0.453 29
0.518 30
0.476 31
0.44 32
0.614 30
0.555 31
0.55 32
0.51 33
0.353 34
0.603 35
0.667 36
0.374 32
0.486 20
0.537 21
0.425 32
0.368 33
0.403 34
0.419 25
0.476 26
0.402 27
0.443 28
0.421 29
0.353 30
0.472 23
0.383 24
0.418 25
0.349 26
0.446 27
0.489 29
0.361 30
0.503 31
0.494 26
0.515 27
0.492 28
0.506 29
0.531 30
0.515 31
0.548 32
0.456 33
0.467 34
0.454 35
0.471 36
0.468 37
0.42 38
0.421 32
0.421 33
0.414 34
0.448 35
0.414 27
0.464 32
0.438 30
0.495 31
0.456 32
0.401 33
0.431 24
0.438 25
0.392 26
0.405 27
0.42 28
0.436 29
0.429 30
0.417 31
0.399 32
0.385 33
0.433 31
0.439 32
0.471 33
0.377 34
0.43 35
0.393 36
0.36 37
0.454 24
0.442 25
0.416 26
0.402 27
0.455 28
0.471 29
0.439 30
0.464 31
0.457 32
0.472 33
0.497 34
0.443 35
0.436 36
0.451 37
0.447 37
0.447 38
0.363 39
0.451 36
0.411 37
0.444 38
0.468 26
0.55 27
0.46 28
0.412 29
0.473 30
0.455 31
0.423 32
0.437 29
0.448 38
0.412 25
0.376 26
0.411 27
0.478 28
0.357 29
0.403 30
0.431 31
0.418 32
0.412 33
0.365 34
0.315 23
0.333 24
0.476 26
0.455 27
0.441 28
0.489 29
0.517 30
0.521 31
0.273 33
0.343 22
0.535 23
0.391 24
0.36 25
0.598 26
0.548 27
0.474 28
0.576 29
0.625 30
0.523 31
0.568 32
0.458 33
0.499 28
0.5 29
0.464 30
0.485 31
0.447 32
0.571 33
0.333 34
0.482 35
0.531 36
0.461 37
0.333 34
0.263 22
0.483 23
0.469 24
0.44 25
0.441 26
0.45 27
0.465 28
0.442 29
0.455 30
0.352 31
0.4 32
0.566 28
0.474 29
0.44 34
0.389 35
0.429 36
0.442 21
0.432 22
0.372 23
0.398 24
0.389 25
0.355 26
0.418 27
0.359 28
0.393 29
0.431 30
0.341 31
0.376 32
0.407 36
0.426 30
0.422 35
0.425 36
0.398 37
0.387 38
0.386 39
0.427 40
0.486 36
0.507 37
0.531 25
0.453 26
0.492 27
0.468 29
0.467 30
0.432 31
0.448 32
0.364 34
0.682 30
0.43 30
0.471 31
0.402 32
0.41 33
0.428 32
0.418 33
0.421 34
0.457 29
0.455 30
0.406 31
0.402 32
0.455 33
0.423 34
0.435 27
0.463 28
0.459 29
0.428 30
0.449 31
0.374 32
0.398 33
0.367 34
0.444 25
0.44 31
0.38 32
0.353 33
0.402 34
0.377 35
0.478 25
0.415 29
0.399 35
0.353 36
0.398 25
0.543 26
0.55 27
0.497 28
0.507 29
0.513 30
0.49 31
0.465 32
0.449 33
0.4 34
0.0 35
0.514 31
0.467 32
0.5 24
0.403 26
0.511 27
0.46 28
0.439 29
0.514 30
0.475 31
0.449 32
0.478 33
0.468 34
0.399 35
0.456 32
0.455 33
0.388 34
0.406 35
0.418 28
0.442 29
0.452 30
0.413 31
0.382 32
0.409 33
0.417 34
0.6 34
0.43 31
0.404 32
0.403 33
0.409 34
0.402 27
0.397 28
0.409 29
0.399 30
0.414 31
0.401 32
0.428 33
0.405 34
0.267 35
0.408 36
0.25 37
0.37 38
0.398 36
0.318 25
0.47 26
0.433 27
0.341 20
0.385 21
0.401 22
0.432 23
0.408 24
0.46 25
0.461 26
0.386 27
0.312 28
0.282 29
0.388 30
0.285 31
0.324 26
0.348 27
0.378 28
0.417 29
0.401 31
0.504 39
0.517 40
0.47 24
0.484 25
0.481 26
0.48 27
0.444 28
0.437 29
0.423 30
0.44 31
0.399 32
0.404 33
0.434 28
0.402 29
0.376 30
0.401 31
0.392 32
0.397 33
0.391 34
0.303 28
0.389 29
0.429 30
0.403 31
0.431 31
0.446 32
0.424 35
0.443 36
0.432 37
0.425 38
0.488 21
0.4 22
0.25 23
0.4 24
0.39 28
0.424 29
0.412 30
0.416 31
0.451 22
0.48 23
0.481 24
0.469 25
0.449 26
0.491 27
0.465 28
0.509 29
0.51 24
0.508 25
0.481 26
0.449 27
0.506 28
0.487 29
0.415 30
0.431 31
0.436 24
0.43 25
0.428 26
0.417 27
0.501 28
0.47 29
0.484 30
0.467 31
0.463 32
0.438 33
0.451 34
0.43 35
0.434 36
0.362 37
0.422 37
0.422 38
0.402 39
0.443 24
0.478 25
0.465 26
0.469 27
0.47 28
0.505 29
0.482 30
0.421 31
0.375 32
0.511 29
0.494 30
0.483 31
0.473 32
0.471 33
0.486 34
0.486 35
0.492 36
0.503 37
0.476 38
0.511 39
0.465 40
0.43 24
0.42 25
0.443 26
0.446 27
0.439 28
0.431 29
0.414 30
0.413 31
0.432 32
0.497 24
0.426 25
0.443 26
0.505 27
0.438 27
0.507 28
0.535 29
0.47 22
0.475 23
0.452 24
0.504 25
0.5 26
0.606 27
0.412 22
0.422 23
0.422 24
0.406 25
0.419 26
0.454 27
0.419 28
0.456 29
0.413 30
0.409 31
0.446 32
0.415 33
0.264 34
0.385 35
0.441 35
0.414 30
0.409 31
0.412 32
0.39 33
0.381 34
0.435 26
0.433 27
0.482 28
0.454 29
0.456 30
0.433 26
0.47 27
0.448 28
0.386 29
0.449 30
0.437 31
0.425 32
0.428 33
0.44 24
0.554 25
0.564 26
0.507 27
0.458 28
0.437 29
0.475 30
0.463 31
0.413 25
0.394 26
0.388 27
0.428 28
0.422 29
0.435 30
0.397 31
0.48 25
0.512 26
0.42 27
0.384 28
0.355 29
0.49 27
0.531 28
0.481 29
0.421 30
0.453 31
0.51 32
0.453 33
0.392 34
0.445 35
0.541 36
0.45 37
0.424 27
0.501 27
0.469 28
0.471 29
0.436 30
0.44 31
0.43 32
0.423 33
0.432 34
0.419 35
0.416 31
0.373 32
0.399 33
0.41 34
0.501 31
0.418 32
0.449 33
0.493 34
0.481 28
0.495 29
0.461 30
0.413 31
0.433 32
0.434 33
0.452 34
0.533 25
0.469 26
0.441 27
0.427 28
0.441 29
0.463 30
0.411 31
0.422 31
0.4 32
0.433 33
0.389 34
0.398 35
0.403 36
0.498 25
0.538 26
0.472 27
0.521 28
0.387 30
0.418 31
0.355 32
0.457 30
0.526 31
0.453 32
0.503 33
0.46 34
0.517 35
0.547 36
0.43 27
0.415 28
0.438 29
0.362 29
0.374 30
0.442 31
0.386 32
0.43 33
0.387 34
0.407 26
0.382 27
0.388 28
0.407 29
0.413 30
0.442 31
0.413 32
0.463 28
0.49 29
0.499 30
0.47 31
0.445 30
0.547 31
0.474 33
0.396 34
0.411 35
0.484 36
0.438 26
0.42 27
0.394 28
0.394 31
0.419 32
0.502 28
0.51 29
0.453 30
0.505 31
0.467 32
0.417 33
0.441 39
0.44 40
0.479 41
0.467 42
0.401 22
0.423 23
0.428 24
0.421 25
0.496 26
0.404 27
0.44 28
0.453 29
0.401 30
0.414 31
0.397 32
0.394 33
0.403 34
0.448 26
0.459 27
0.454 28
0.439 29
0.469 30
0.478 31
0.448 32
0.286 33
0.421 24
0.44 25
0.383 26
0.37 27
0.431 24
0.424 25
0.419 26
0.475 27
0.49 28
0.415 29
0.48 30
0.429 31
0.397 32
0.338 24
0.4 25
0.443 26
0.534 27
0.453 21
0.431 22
0.392 23
0.431 24
0.447 25
0.418 26
0.398 27
0.261 28
0.411 29
0.366 30
0.318 22
0.333 23
0.441 23
0.459 24
0.441 25
0.389 26
0.444 27
0.425 28
0.402 27
0.235 28
0.429 24
0.483 25
0.446 26
0.442 27
0.488 28
0.446 29
0.428 30
0.41 31
0.398 32
0.45 33
0.387 34
0.42 35
0.406 24
0.0 25
0.52 23
0.481 24
0.467 25
0.625 26
0.4 22
0.529 23
0.371 24
0.483 23
0.395 24
0.462 25
0.512 26
0.517 27
0.445 28
0.381 23
0.314 24
0.1 25
0.329 21
0.357 22
0.461 23
0.387 20
0.446 21
0.489 22
0.46 23
0.526 24
0.591 25
0.507 26
0.533 27
0.5 28
0.517 29
0.525 30
0.426 23
0.458 24
0.5 25
0.497 20
0.531 21
0.424 22
0.494 23
0.565 24
0.624 25
0.623 26
0.565 27
0.574 28
0.654 29
0.679 30
0.638 31
0.593 32
0.666 32
0.666 33
0.583 34
0.4 24
0.462 25
0.427 26
0.421 27
0.413 28
0.461 24
0.442 25
0.498 26
0.414 27
0.461 28
0.441 29
0.439 30
0.457 31
0.387 32
0.421 24
0.414 25
0.424 26
0.412 27
0.397 28
0.364 29
0.469 30
0.314 31
0.348 32
0.479 33
0.4 34
0.31 35
0.501 20
0.585 21
0.496 22
0.538 23
0.563 24
0.576 25
0.546 26
1.0 27
0.414 21
0.351 22
0.388 23
0.29 24
0.487 25
0.47 26
0.522 27
0.433 28
0.517 29
0.333 30
0.357 31
0.461 27
0.412 28
0.393 29
0.517 21
0.333 22
0.083 21
0.391 26
0.438 27
0.313 28
0.518 22
0.51 23
0.482 24
0.514 25
0.503 26
0.538 27
0.534 28
0.567 29
0.536 30
0.529 31
0.501 32
0.466 33
0.48 34
0.494 34
0.494 35
0.469 36
0.366 20
0.425 23
0.367 24
0.465 25
0.474 26
0.464 27
0.49 28
0.422 29
0.45 30
0.282 23
0.493 23
0.51 24
0.515 25
0.56 26
0.514 27
0.558 28
0.528 29
0.48 30
0.562 31
0.574 32
0.518 33
0.456 21
0.544 22
0.529 23
0.614 24
0.601 25
0.577 26
0.476 26
0.491 27
0.478 28
0.498 29
0.509 30
0.463 31
0.418 32
1.0 33
0.349 27
0.373 28
0.414 29
0.441 30
0.469 31
0.422 32
0.348 33
0.383 34
0.457 22
0.501 23
0.498 24
0.422 25
0.493 26
0.456 27
0.466 28
0.439 29
0.467 30
0.474 31
0.416 32
0.456 33
0.45 34
0.444 34
0.444 35
0.458 36
0.43 21
0.397 22
0.43 23
0.461 24
0.453 25
0.471 26
0.432 27
0.437 28
0.458 29
0.443 30
0.454 31
0.423 32
0.454 33
0.435 33
0.435 34
0.439 35
0.416 39
0.45 21
0.491 22
0.443 23
0.493 24
0.46 25
0.471 26
0.506 27
0.449 28
0.506 29
0.466 28
0.467 29
0.453 30
0.432 27
0.276 30
0.408 29
0.235 30
0.384 24
0.421 22
0.451 23
0.44 24
0.414 25
0.433 26
0.458 27
0.455 28
0.475 29
0.472 30
0.368 31
0.45 32
0.37 24
0.419 20
0.464 21
0.447 22
0.482 23
0.548 24
0.52 25
0.494 26
0.506 27
0.487 28
0.519 29
0.48 30
0.522 31
0.499 32
0.486 32
0.486 33
0.493 34
0.412 22
0.41 23
0.425 24
0.409 25
0.407 26
0.424 27
0.453 28
0.421 29
0.377 30
0.431 31
0.376 32
0.449 21
0.513 22
0.485 23
0.448 24
0.436 25
0.467 26
0.459 27
0.475 28
0.488 29
0.503 30
0.463 31
0.46 32
0.467 33
0.487 33
0.487 34
0.475 35
0.505 30
0.552 31
0.442 32
0.568 33
0.426 22
0.41 23
0.438 24
0.446 25
0.446 26
0.417 27
0.441 28
0.477 29
0.474 30
0.447 31
0.408 32
0.214 23
0.367 21
0.343 24
0.402 25
0.394 26
0.398 27
0.383 28
0.403 29
0.309 30
0.421 31
0.341 32
0.526 33
0.5 26
0.383 27
0.455 28
0.453 22
0.393 23
0.394 24
0.466 25
0.425 27
0.536 24
0.492 25
0.489 26
0.502 27
0.533 28
0.38 24
0.396 25
0.414 26
0.418 27
0.409 28
0.389 29
0.396 26
0.304 23
0.425 24
0.429 20
0.492 21
0.36 22
0.449 23
0.538 24
0.502 25
0.449 26
0.48 27
0.484 28
0.454 29
0.454 30
0.397 31
0.504 32
0.412 32
0.453 23
0.435 24
0.371 25
0.426 26
0.43 27
0.383 28
0.454 29
0.384 30
0.426 31
0.41 32
0.338 33
0.308 34
0.35 22
0.408 23
0.459 24
0.344 24
0.382 25
0.458 26
0.433 27
0.3 23
0.466 25
0.493 26
0.273 27
0.536 22
0.523 23
0.521 24
0.549 25
0.561 26
0.547 27
0.49 28
0.562 29
0.51 30
0.532 31
0.477 32
0.456 33
0.499 33
0.369 23
0.343 25
0.434 26
0.423 27
0.393 28
0.42 29
0.409 30
0.355 31
0.416 23
0.38 24
0.445 25
0.455 26
0.463 27
0.466 28
0.453 29
0.428 30
0.45 31
0.407 32
0.424 33
0.394 34
0.407 34
0.407 35
0.362 24
0.476 25
0.399 26
0.406 27
0.398 28
0.35 29
0.433 30
0.409 31
0.333 32
0.412 25
0.378 26
0.405 27
0.37 28
0.358 29
0.384 25
0.388 26
0.416 27
0.435 28
0.425 29
0.411 30
0.403 23
0.449 24
0.451 25
0.406 26
0.452 27
0.476 28
0.401 29
0.41 30
0.462 31
0.474 32
0.442 33
0.43 34
0.435 34
0.435 35
0.41 36
0.495 25
0.431 26
0.432 27
0.508 28
0.363 29
0.472 30
0.471 23
0.406 24
0.476 25
0.489 26
0.544 27
0.439 28
0.444 29
0.493 30
0.408 31
0.472 32
0.479 33
0.473 34
0.423 34
0.483 25
0.524 26
0.539 27
0.553 28
0.474 29
0.416 30
0.48 31
0.438 32
0.419 33
0.438 26
0.418 27
0.471 28
0.462 29
0.464 30
0.46 31
0.454 32
0.441 33
0.433 34
0.526 35
0.425 36
0.469 37
0.426 37
0.426 38
0.453 39
0.436 26
0.436 27
0.448 28
0.433 29
0.462 30
0.457 22
0.445 23
0.492 24
0.512 25
0.473 26
0.449 27
0.468 28
0.478 29
0.431 30
0.437 31
0.328 32
0.531 33
0.399 33
0.399 34
0.431 23
0.486 24
0.519 21
0.53 22
0.503 23
0.0 24
0.57 25
0.408 26
0.604 27
0.587 28
0.615 29
0.537 30
0.48 31
0.503 32
0.511 32
0.511 33
0.544 34
0.292 24
0.25 25
0.373 22
0.417 23
0.401 25
0.388 26
0.414 27
0.399 28
0.418 29
0.43 30
0.387 23
0.476 22
0.377 23
0.468 24
0.451 25
0.461 26
0.4 27
0.44 28
0.439 29
0.349 30
0.41 31
0.375 24
0.395 25
0.425 26
0.417 27
0.385 28
0.421 29
0.434 24
0.355 23
0.498 23
0.522 24
0.552 25
0.519 26
0.516 27
0.507 28
0.355 24
0.425 25
0.361 26
0.418 27
0.404 28
0.42 29
0.447 30
0.355 23
0.356 24
0.392 25
0.346 26
0.457 27
0.426 24
0.463 25
0.468 26
0.46 27
0.462 28
0.445 29
0.485 30
0.458 31
0.355 32
0.398 24
0.407 25
0.385 26
0.373 27
0.409 28
0.449 23
0.467 24
0.487 25
0.455 26
0.46 27
0.448 28
0.45 29
0.486 30
0.473 31
0.421 32
0.438 33
0.407 34
0.44 34
0.44 35
0.393 23
0.44 24
0.387 25
0.414 24
0.387 25
0.405 26
0.42 27
0.456 28
0.477 29
0.472 30
0.441 31
0.415 32
0.409 33
0.399 34
0.363 35
0.333 35
0.0 20
0.478 21
0.452 22
0.714 23
0.0 26
0.435 27
0.379 23
0.35 24
0.472 21
0.475 22
0.559 23
0.333 24
0.575 25
0.59 26
0.539 27
0.557 28
0.502 29
0.483 30
0.577 31
0.557 32
0.557 32
0.557 33
0.25 24
0.293 20
0.328 21
0.297 22
0.369 20
0.366 21
0.253 24
0.428 25
0.402 26
0.521 21
0.521 22
0.514 23
0.571 24
0.529 25
0.524 26
0.497 27
0.525 28
0.581 29
0.598 30
0.338 24
0.472 25
0.416 26
0.322 27
0.468 28
0.273 23
0.385 24
0.5 22
0.371 23
0.417 24
0.426 20
0.431 21
0.481 22
0.476 23
0.492 24
0.443 25
0.458 26
0.455 27
0.43 28
0.449 29
0.452 30
0.444 30
0.444 31
0.434 32
0.4 23
0.402 24
0.468 25
0.429 26
0.45 27
0.368 28
0.534 29
0.447 22
0.475 23
0.481 24
0.476 25
0.462 26
0.482 27
0.425 28
0.45 29
0.425 30
0.43 31
0.427 32
0.474 32
0.474 33
0.462 34
0.457 24
0.411 25
0.5 26
0.438 27
0.423 28
0.423 29
0.487 30
0.47 31
0.452 32
0.462 33
0.438 34
0.444 34
0.444 35
0.381 36
0.386 24
0.328 25
0.438 26
0.411 27
0.408 28
0.428 29
0.416 30
0.359 31
0.377 32
0.422 33
0.377 34
0.373 34
0.373 35
0.403 24
0.381 25
0.395 26
0.404 27
0.41 28
0.367 29
0.403 30
0.404 31
0.381 32
0.38 33
0.393 24
0.459 20
0.471 21
0.505 22
0.496 23
0.494 24
0.487 25
0.518 26
0.496 27
0.487 28
0.535 29
0.516 30
0.46 30
0.46 31
0.485 28
0.411 23
0.486 24
0.438 24
0.389 25
0.403 26
0.433 27
0.428 28
0.38 29
0.36 30
0.447 31
0.331 32
0.475 24
0.417 25
0.511 26
0.453 27
0.376 28
0.368 29
0.304 30
0.424 31
0.259 23
0.494 24
0.437 25
0.48 26
0.459 27
0.43 28
0.451 29
0.498 30
0.491 31
0.364 32
0.4 24
0.378 25
0.447 22
0.422 23
0.526 24
0.538 25
0.477 26
0.507 27
0.483 28
0.492 29
0.444 30
0.539 31
0.521 32
0.46 32
0.46 33
0.527 34
1.0 26
0.394 24
0.48 25
0.524 26
0.355 27
0.429 20
0.472 28
0.468 29
0.532 30
0.511 31
0.39 32
0.491 33
0.333 34
0.478 35
0.453 27
0.4 28
0.291 24
0.34 25
0.143 24
0.401 23
0.366 24
0.424 25
0.411 26
0.436 27
0.435 28
0.457 29
0.443 30
0.471 31
0.461 32
0.376 33
0.386 33
0.532 31
0.459 24
0.54 25
0.508 26
0.492 27
0.467 28
0.518 29
0.494 30
0.512 31
0.423 32
0.514 33
0.507 34
0.448 34
0.448 35
0.377 36
0.4 23
0.389 24
0.421 25
0.41 26
0.431 27
0.445 28
0.386 24
0.397 25
0.418 26
0.448 27
0.414 28
0.437 29
0.409 30
0.446 31
0.414 32
0.377 33
0.393 34
0.373 34
0.373 35
0.43 24
0.475 25
0.471 26
0.459 27
0.455 28
0.451 29
0.405 30
0.358 31
0.399 32
0.457 24
0.417 20
0.472 21
0.48 22
0.476 23
0.484 24
0.489 25
0.503 26
0.51 27
0.531 28
0.565 29
0.567 30
0.488 30
0.488 31
0.52 32
0.288 25
0.355 24
0.0 25
0.409 26
0.489 27
0.474 28
0.283 24
0.437 25
0.414 26
0.477 27
0.434 28
0.458 29
0.461 30
0.467 31
0.409 32
0.222 24
0.396 25
0.418 26
0.368 27
0.437 28
0.369 29
0.361 30
0.422 31
0.38 32
0.344 33
0.456 34
0.368 34
0.368 35
0.408 36
0.46 22
0.497 23
0.523 24
0.451 25
0.483 26
0.528 27
0.49 28
0.471 29
0.446 30
0.507 31
0.509 32
0.515 32
0.515 33
0.403 23
0.401 24
0.446 25
0.494 26
0.488 27
0.432 28
0.419 29
0.25 30
0.352 23
0.418 24
0.43 25
0.44 26
0.443 27
0.438 28
0.493 29
0.434 30
0.432 31
0.461 32
0.475 33
0.487 33
0.487 34
0.435 35
0.489 19
0.371 20
0.431 24
0.329 25
0.35 26
0.353 27
0.262 19
0.329 20
0.509 21
0.454 22
0.438 23
0.515 24
0.49 25
0.469 26
0.454 27
0.429 20
0.498 21
0.44 22
0.434 23
0.433 24
0.453 25
0.391 26
0.375 27
0.343 28
0.418 29
0.389 20
0.452 21
0.451 22
0.474 23
0.437 24
0.497 25
0.488 26
0.461 27
0.499 28
0.473 29
0.427 30
0.454 30
0.454 31
0.466 32
0.396 21
0.435 22
0.41 23
0.453 24
0.362 25
0.422 26
0.363 27
0.403 28
0.391 29
0.167 24
0.533 20
0.471 21
0.515 22
0.491 23
0.615 24
0.577 25
0.602 26
0.515 27
0.489 28
0.457 29
0.451 30
0.449 30
0.449 31
0.416 22
0.427 23
0.404 24
0.488 25
0.439 26
0.413 27
0.432 28
0.392 29
0.385 30
0.411 22
0.448 23
0.414 23
0.405 24
0.418 25
0.433 26
0.399 27
0.403 28
0.478 29
0.468 30
0.44 31
0.453 32
0.385 33
0.426 33
0.372 24
0.487 26
0.527 27
0.481 28
0.524 29
0.458 30
0.532 31
0.494 32
0.493 22
0.531 23
0.45 24
0.465 23
0.478 24
0.495 25
0.491 26
0.469 27
0.491 28
0.476 29
0.5 30
0.497 31
0.521 32
0.545 33
0.47 33
0.47 34
0.456 35
0.425 24
0.411 25
0.412 26
0.474 27
0.45 28
0.436 29
0.357 30
0.328 31
0.369 32
0.474 24
0.436 25
0.512 26
0.476 27
0.482 28
0.472 29
0.505 30
0.508 31
0.487 32
0.498 33
0.488 34
0.471 34
0.471 35
0.545 36
0.38 22
0.438 23
0.424 24
0.446 25
0.48 26
0.467 27
0.442 28
0.399 29
0.426 30
0.43 31
0.417 32
0.397 32
0.397 33
0.475 24
0.471 25
0.514 26
0.434 27
0.482 28
0.51 29
0.51 30
0.469 31
0.445 32
0.494 33
0.495 33
0.495 34
0.458 35
0.434 25
0.366 26
0.442 20
0.412 21
0.539 22
0.507 23
0.46 24
0.394 25
0.398 26
0.417 27
0.417 28
0.456 29
0.402 29
0.402 30
0.416 31
0.363 23
0.365 24
0.5 25
0.577 19
0.638 20
0.599 21
0.626 22
0.578 23
0.591 24
0.534 25
0.609 26
0.476 27
0.533 25
0.448 26
0.447 27
0.416 28
0.496 29
0.446 30
0.464 31
0.44 32
0.487 33
0.445 34
0.409 34
0.409 35
0.467 25
1.0 20
0.544 21
0.47 22
0.552 23
0.504 24
0.537 25
0.525 26
0.5 27
0.502 28
0.568 29
0.589 30
0.566 31
0.597 32
0.595 33
0.556 34
0.419 34
0.419 35
0.459 36
0.359 23
0.403 24
0.415 25
0.434 20
0.463 21
0.517 22
0.479 23
0.448 24
0.466 25
0.46 26
0.412 27
0.426 28
0.431 29
0.469 29
0.469 30
0.455 31
0.352 23
0.4 24
0.408 25
0.387 26
0.421 27
0.373 28
0.38 29
0.419 30
0.367 24
0.411 22
0.422 23
0.455 24
0.434 25
0.455 26
0.416 27
0.44 28
0.442 29
0.408 30
0.343 31
0.437 31
0.429 22
0.469 23
0.492 24
0.463 25
0.438 26
0.403 27
0.422 28
0.445 29
0.438 30
0.378 31
0.418 31
0.418 32
0.447 33
0.576 23
0.503 24
0.517 25
0.52 20
0.531 21
0.603 22
0.599 23
0.572 24
0.612 25
0.593 26
0.573 27
0.578 28
0.591 29
0.593 29
0.593 30
0.62 31
0.404 20
0.379 21
0.47 22
0.483 23
0.422 24
0.441 25
0.527 26
0.481 27
0.448 28
0.501 29
0.473 29
0.473 30
0.41 31
0.493 22
0.5 23
0.447 24
0.456 25
0.473 26
0.443 27
0.445 28
0.454 29
0.451 30
0.48 31
0.466 31
0.466 32
0.478 33
0.429 25
0.533 26
0.313 27
0.464 28
0.474 29
0.466 30
0.429 24
0.439 25
0.448 26
0.394 27
0.332 28
0.422 29
0.421 30
0.356 31
0.431 32
0.37 24
0.341 25
0.442 26
0.528 21
0.499 22
0.514 23
0.5 24
0.497 25
0.498 26
0.496 27
0.492 28
0.494 29
0.509 30
0.481 30
0.481 31
0.485 32
0.48 25
0.435 23
0.462 24
0.386 25
0.493 22
0.507 23
0.526 24
0.41 25
0.469 26
0.502 27
0.414 20
0.427 21
0.385 22
0.48 23
0.473 24
0.456 25
0.42 26
0.417 27
0.436 28
0.413 29
0.45 30
0.43 31
0.427 31
0.427 32
0.455 23
0.483 24
0.43 25
0.469 26
0.503 27
0.449 28
0.446 29
0.427 30
0.392 31
0.394 32
0.407 32
0.407 33
0.368 34
0.401 26
0.461 27
0.467 28
0.432 29
0.427 30
0.399 31
0.426 32
0.447 23
0.415 24
0.532 25
0.535 26
0.561 27
0.53 28
0.573 29
0.533 30
0.0 21
0.517 24
0.403 25
0.444 25
0.43 26
0.432 24
0.422 25
0.467 26
0.391 27
0.382 28
0.36 29
0.435 20
0.389 22
0.394 20
0.393 21
0.441 22
0.461 23
0.446 24
0.414 25
0.435 26
0.407 27
0.422 28
0.415 29
0.417 29
0.417 30
0.415 31
0.455 20
0.425 21
0.439 22
0.457 23
0.492 24
0.505 25
0.477 26
0.458 27
0.465 28
0.419 29
0.419 29
0.419 30
0.372 22
0.453 23
0.452 24
0.397 24
0.431 25
0.3 28
0.455 20
0.393 20
0.394 21
0.371 22
0.401 23
0.383 24
0.413 25
0.402 26
0.412 27
0.362 30
0.6 25
0.488 30
0.444 23
0.455 24
0.369 25
0.463 26
0.461 27
0.493 28
0.5 29
0.44 30
0.441 31
0.438 32
0.487 32
0.487 33
0.434 34
0.513 23
0.527 24
0.476 25
0.461 26
0.536 27
0.572 28
0.528 29
0.514 30
0.478 31
0.495 32
0.555 32
0.555 33
0.427 34
0.412 24
0.282 21
0.346 22
0.392 23
0.454 24
0.387 25
0.402 26
0.426 22
0.487 23
0.427 24
0.413 25
0.457 26
0.445 27
0.458 28
0.435 26
0.444 27
0.435 28
0.403 29
0.362 30
0.433 31
0.504 32
0.394 33
0.273 20
0.465 21
0.445 22
0.488 23
0.4 24
0.463 25
0.423 26
0.422 27
0.396 28
0.374 29
0.379 29
0.414 24
0.313 25
0.289 26
0.4 21
0.341 22
0.499 23
0.496 24
0.511 25
0.515 26
0.479 27
0.486 28
0.486 29
0.504 29
0.504 30
0.549 31
0.425 23
0.388 20
0.437 21
0.474 22
0.471 23
0.478 24
0.445 25
0.38 26
0.512 27
0.533 22
0.553 23
0.511 24
0.577 25
0.52 26
0.495 27
0.449 28
0.451 29
0.627 30
0.563 30
0.563 31
0.627 32
0.402 19
0.558 20
0.636 21
0.56 22
0.57 23
0.574 24
0.423 25
0.521 26
0.519 27
0.497 28
0.482 29
0.44 30
0.457 31
0.491 32
0.456 33
0.415 33
0.415 34
0.459 35
0.42 24
0.425 25
0.37 26
0.413 27
0.524 23
0.477 24
0.478 25
0.415 21
0.475 22
0.531 23
0.451 24
0.449 25
0.451 26
0.433 27
0.416 28
0.451 29
0.445 29
0.445 30
0.427 31
0.38 23
0.391 22
0.384 23
0.413 24
0.408 25
0.459 26
0.425 27
0.407 28
0.427 29
0.395 30
0.406 30
0.406 31
0.406 32
0.477 23
0.433 24
0.488 25
0.423 26
0.451 27
0.432 28
0.4 25
0.429 26
0.463 27
0.444 28
0.466 29
0.436 30
0.376 31
0.393 32
0.401 33
0.27 33
0.487 24
0.467 25
0.457 26
0.431 27
0.447 28
0.41 29
0.478 24
0.495 25
0.434 26
0.481 27
0.52 28
0.389 24
0.425 25
0.586 26
0.414 27
0.496 28
0.462 23
0.459 24
0.446 25
0.447 26
0.428 27
0.425 28
0.416 29
0.286 30
0.378 31
0.401 31
0.478 21
0.419 22
0.344 23
0.395 24
0.371 25
0.562 23
0.573 24
0.511 25
0.372 26
0.489 27
0.527 28
0.429 29
0.442 30
0.431 31
0.478 31
0.478 32
0.403 24
0.437 25
0.432 26
0.382 27
0.437 28
0.385 23
0.442 23
0.454 24
0.431 25
0.453 26
0.481 27
0.408 28
0.456 29
0.452 30
0.41 31
0.439 31
0.439 32
0.391 33
0.396 30
0.7 19
0.545 20
0.558 21
0.595 22
0.623 23
0.568 24
0.576 25
0.554 26
0.562 27
0.574 27
0.574 28
0.585 29
0.4 23
0.0 24
0.532 25
0.571 26
0.445 22
0.422 23
0.472 24
0.3 19
0.596 23
0.6 24
0.552 25
0.549 26
0.545 27
0.507 28
0.503 29
0.519 30
0.523 31
0.511 31
0.511 32
0.531 33
0.389 24
0.4 24
0.426 23
0.5 24
0.538 25
0.575 26
0.511 27
0.492 28
0.478 29
0.446 30
0.448 31
0.422 31
0.409 22
0.45 22
0.35 23
0.453 24
0.368 19
0.345 20
0.479 21
0.459 22
0.429 23
0.407 24
0.381 25
0.415 26
0.435 27
0.398 27
0.398 28
0.409 29
0.473 31
0.562 32
0.608 33
0.587 34
0.625 35
0.43 21
0.437 22
0.488 23
0.503 24
0.493 25
0.463 26
0.478 27
0.481 28
0.467 29
0.485 29
0.485 30
0.462 31
0.51 21
0.516 22
0.419 23
0.415 24
0.535 25
0.445 26
0.419 27
0.457 24
0.462 25
0.46 26
0.444 27
0.366 28
0.362 23
0.39 24
0.431 25
0.379 26
0.405 27
0.352 28
0.377 29
0.325 30
0.304 31
0.345 31
0.345 32
0.384 33
0.454 23
0.479 24
0.286 25
0.615 26
0.452 23
0.455 24
0.407 22
0.434 23
0.423 24
0.437 25
0.436 26
0.399 27
0.424 28
0.433 29
0.428 30
0.345 30
0.345 31
0.615 24
0.483 23
0.51 25
0.415 24
0.416 25
0.39 24
0.44 23
0.5 24
0.549 25
0.474 26
0.508 27
0.582 28
0.632 29
0.576 30
0.505 31
0.598 32
0.0 32
0.463 22
0.47 23
0.435 24
0.447 25
0.439 26
0.442 27
0.385 28
0.377 29
0.38 30
0.414 30
0.414 31
0.158 21
0.0 22
0.279 23
0.443 24
0.524 25
0.502 26
0.491 27
0.482 28
0.511 29
0.411 30
0.399 20
0.396 21
0.422 22
0.0 23
0.405 24
0.447 25
0.423 26
0.442 27
0.433 28
0.264 28
0.421 22
0.456 23
0.507 24
0.471 25
0.469 26
0.439 27
0.407 28
0.44 29
0.45 30
0.387 30
0.387 31
0.414 32
0.442 20
0.441 21
0.424 22
0.398 23
0.47 24
0.406 25
0.407 26
0.422 27
0.4 28
0.404 28
0.404 29
0.408 30
0.443 20
0.433 21
0.462 22
0.458 23
0.455 24
0.458 25
0.432 26
0.423 27
0.439 28
0.424 28
0.424 29
0.452 30
0.358 22
0.438 23
0.413 24
0.415 25
0.406 26
0.412 22
0.314 23
0.323 24
0.503 22
0.484 23
0.484 24
0.495 25
0.5 26
0.512 27
0.484 28
0.458 29
0.466 29
0.466 30
0.513 31
0.4 25
0.5 26
0.536 27
0.551 28
0.454 29
0.43 30
0.395 31
0.5 32
0.427 32
0.427 33
0.544 23
0.453 24
0.561 25
0.354 26
0.333 23
0.445 24
0.445 25
0.464 26
0.505 23
0.489 24
0.558 25
0.333 26
0.462 27
0.359 23
0.418 24
0.442 25
0.44 26
0.439 27
0.4 28
0.427 22
0.386 23
0.45 24
0.47 25
0.448 26
0.432 27
0.399 28
0.442 29
0.454 29
0.454 30
0.579 23
0.548 24
0.528 25
0.528 22
0.558 23
0.508 24
0.487 25
0.48 26
0.427 27
0.354 28
0.568 26
0.5 27
0.378 22
0.349 23
0.473 24
0.427 25
0.425 26
0.42 27
0.42 28
0.364 29
0.368 29
0.464 23
0.403 24
0.416 25
0.401 26
0.382 23
0.326 24
0.425 25
0.423 23
0.369 24
0.408 25
0.342 25
0.41 26
0.35 27
0.381 23
0.394 24
0.422 21
0.461 22
0.391 23
0.435 24
0.392 25
0.434 24
0.429 25
0.407 26
0.414 27
0.388 28
0.398 29
0.397 30
0.413 31
0.368 31
0.368 32
0.351 33
0.42 30
0.422 21
0.461 22
0.453 23
0.466 24
0.471 25
0.455 26
0.416 27
0.455 28
0.455 28
0.455 29
0.463 30
0.462 24
0.424 21
0.432 22
0.391 23
0.466 24
0.4 25
0.351 26
0.527 28
0.389 29
0.556 23
0.489 24
0.532 25
0.558 26
0.598 27
0.548 28
0.614 29
0.736 30
0.646 30
0.646 31
0.538 24
0.462 24
0.508 23
0.4 24
0.604 25
0.443 26
0.405 27
0.393 28
0.0 29
0.457 23
0.421 24
0.368 21
0.432 22
0.435 23
0.397 24
0.426 25
0.409 26
0.401 27
0.423 28
0.412 28
0.412 29
0.427 30
0.525 22
0.504 23
0.534 24
0.538 25
0.531 26
0.495 27
0.49 28
0.461 29
0.476 29
0.476 30
0.47 31
0.167 22
0.362 23
0.412 24
0.36 24
0.48 25
0.444 26
0.389 27
0.522 28
0.478 29
0.414 30
0.411 31
0.393 31
0.393 32
0.444 33
0.313 21
0.552 22
0.536 23
0.477 32
0.476 33
0.426 34
0.434 35
0.399 36
0.446 24
0.572 25
0.524 26
0.429 27
0.366 24
0.424 25
0.408 26
0.357 27
0.41 23
0.444 24
0.391 25
0.439 26
0.441 27
0.425 28
0.434 29
0.455 30
0.477 30
0.477 31
0.48 32
0.5 23
0.364 24
0.423 21
0.352 22
0.392 23
0.418 21
0.492 22
0.505 23
0.508 24
0.475 25
0.448 26
0.484 27
0.403 28
0.426 28
0.426 29
0.454 30
0.456 23
0.454 24
0.48 25
0.473 26
0.426 23
0.428 24
0.426 25
0.44 26
0.471 27
0.432 28
0.481 29
0.415 30
0.418 30
0.418 31
0.505 32
0.367 21
0.458 22
0.417 22
0.286 23
0.531 24
0.563 25
0.562 26
0.569 27
0.553 28
0.475 21
0.423 22
0.451 23
0.462 24
0.471 25
0.367 26
0.467 23
0.614 23
0.395 22
0.379 23
0.235 24
0.469 21
0.427 22
0.455 24
0.434 25
0.446 26
0.521 27
0.468 28
0.411 23
0.437 24
0.465 25
0.498 26
0.471 27
0.439 28
0.459 29
0.424 29
0.424 30
0.443 31
0.263 24
0.267 23
0.467 26
0.483 27
0.478 28
0.535 29
0.559 30
0.515 31
0.375 32
0.581 32
0.581 33
0.6 34
0.387 22
0.442 23
0.406 24
0.437 25
0.417 26
0.395 27
0.485 28
0.423 28
0.423 29
0.386 30
0.374 22
0.411 23
0.431 24
0.395 25
0.434 26
0.425 27
0.481 28
0.426 28
0.426 29
0.384 30
0.413 24
0.404 25
0.432 26
0.438 21
0.432 22
0.479 23
0.45 24
0.392 25
0.462 26
0.416 27
0.429 27
0.428 21
0.442 22
0.445 23
0.444 24
0.433 25
0.44 26
0.45 27
0.446 27
0.446 28
0.422 29
0.381 21
0.375 22
0.32 23
0.436 24
0.368 25
0.421 21
0.408 24
0.484 23
0.442 24
0.437 25
0.448 26
0.421 27
0.448 28
0.457 29
0.459 29
0.468 23
0.477 24
0.459 25
0.477 26
0.485 27
0.468 28
0.438 29
0.468 29
0.468 30
0.478 31
0.43 20
0.476 21
0.476 22
0.462 23
0.496 24
0.51 25
0.503 26
0.51 26
0.51 27
0.505 28
0.375 22
0.583 23
0.547 24
0.44 25
0.391 23
0.471 24
0.567 25
0.533 26
0.561 27
0.555 28
0.521 29
0.542 30
0.566 30
0.566 31
0.567 32
0.505 24
0.485 25
0.512 26
0.566 27
0.516 28
0.533 29
0.427 22
0.446 23
0.453 24
0.459 20
0.466 21
0.468 22
0.465 23
0.489 24
0.464 25
0.456 26
0.393 26
0.393 27
0.405 28
0.499 22
0.525 23
0.551 24
0.557 25
0.553 26
0.543 27
0.567 28
0.538 28
0.538 29
0.505 30
0.421 21
0.382 22
0.403 23
0.418 24
0.616 25
0.574 26
0.536 27
0.502 28
0.503 29
0.54 30
0.517 31
0.515 31
0.515 32
0.401 24
0.374 25
0.467 26
0.379 23
0.432 24
0.365 25
0.396 26
0.448 27
0.6 21
0.422 22
0.521 23
0.547 24
0.475 25
0.455 26
0.436 27
0.528 27
0.528 28
0.372 29
0.485 28
0.468 29
0.462 30
0.407 31
0.261 24
0.482 23
0.556 24
0.504 25
0.525 26
0.508 27
0.481 28
0.475 29
0.445 29
0.445 30
0.383 31
0.352 23
0.386 24
0.359 22
0.75 24
0.515 28
0.531 29
0.514 30
0.504 31
0.491 32
0.472 33
0.47 34
0.467 34
0.467 35
0.45 36
0.436 22
0.445 23
0.456 24
0.466 25
0.428 26
0.408 27
0.429 28
0.374 28
0.374 29
0.473 30
0.0 25
0.401 22
0.439 23
0.405 24
0.439 25
0.429 26
0.406 27
0.436 28
0.44 28
0.44 29
0.413 30
0.429 25
0.446 26
0.473 27
0.364 24
0.43 25
0.426 24
0.457 25
0.468 26
0.371 27
0.368 28
0.418 29
0.437 30
0.434 30
0.434 31
0.343 32
0.429 24
0.412 25
0.571 26
0.538 22
0.417 23
0.554 21
0.533 21
0.466 22
0.5 23
0.439 23
0.444 24
0.418 25
0.441 26
0.403 27
0.413 28
0.435 29
0.366 29
0.366 30
0.339 31
0.539 20
0.495 21
0.47 22
0.541 23
0.507 24
0.531 25
0.454 26
0.466 26
0.466 27
0.514 28
0.362 21
0.5 22
0.416 23
0.393 21
0.436 22
0.43 23
0.439 24
0.423 25
0.438 26
0.399 26
0.399 27
0.427 28
0.438 21
0.432 22
0.43 22
0.386 23
0.416 24
0.376 25
0.35 26
0.415 27
0.399 27
0.399 28
0.423 29
0.446 21
0.519 22
0.455 23
0.451 24
0.423 25
0.465 26
0.4 26
0.4 27
0.426 28
0.365 21
0.414 22
0.422 23
0.424 24
0.419 25
0.402 26
0.426 26
0.426 27
0.423 28
0.472 21
0.45 22
0.45 23
0.445 24
0.405 25
0.499 26
0.434 26
0.434 27
0.522 28
0.392 25
0.42 23
0.401 24
0.399 25
0.448 26
0.429 27
0.454 28
0.403 28
0.403 29
0.5 26
0.45 27
0.46 23
0.445 24
0.393 23
0.452 24
0.435 25
0.462 26
0.443 27
0.505 28
0.501 28
0.501 29
0.477 30
0.425 24
0.378 25
0.37 26
0.448 21
0.423 22
0.414 23
0.414 24
0.53 25
0.581 26
0.527 27
0.482 28
0.494 29
0.473 30
0.494 30
0.494 31
0.464 32
0.667 24
0.456 21
0.449 22
0.45 23
0.45 24
0.402 25
0.436 26
0.411 26
0.411 27
0.418 28
0.326 21
0.441 22
0.404 23
0.484 24
0.387 25
0.517 26
0.542 27
0.49 22
0.471 23
0.495 24
0.461 25
0.497 26
0.448 27
0.439 28
0.446 28
0.446 29
0.443 30
0.515 21
0.554 22
0.458 23
0.467 24
0.562 25
0.508 26
0.475 26
0.475 27
0.403 23
0.478 24
0.453 25
0.442 26
0.443 27
0.442 28
0.477 28
0.477 29
0.441 30
0.55 23
0.43 24
0.3 25
0.25 23
0.633 21
0.605 22
0.686 23
0.632 24
0.643 25
0.676 26
0.71 26
0.71 27
0.703 28
0.508 20
0.468 21
0.453 22
0.599 23
0.581 24
0.495 25
0.508 25
0.508 26
0.532 27
0.45 24
0.436 25
0.439 26
0.433 27
0.464 28
0.48 29
0.448 29
0.448 30
0.454 31
0.531 21
0.499 22
0.492 23
0.494 24
0.521 25
0.563 26
0.513 26
0.513 27
0.511 28
0.518 21
0.588 22
0.501 23
0.461 24
0.534 25
0.551 26
0.535 26
0.535 27
0.539 28
0.459 21
0.45 22
0.47 23
0.448 24
0.352 25
0.457 26
0.434 26
0.434 27
0.419 28
0.364 25
0.368 26
0.39 27
0.44 28
0.381 29
0.42 30
0.283 30
0.438 22
0.458 23
0.407 24
0.408 25
0.449 26
0.407 27
0.422 27
0.422 28
0.462 23
0.48 24
0.463 25
0.51 26
0.401 27
0.451 28
0.395 28
0.395 29
0.454 30
0.494 22
0.508 23
0.55 24
0.556 25
0.575 26
0.447 27
0.532 27
0.532 28
0.575 29
0.478 24
0.468 25
0.45 26
0.413 27
0.441 28
0.458 29
0.463 29
0.463 30
0.408 31
0.564 22
0.462 20
0.443 21
0.466 22
0.47 23
0.491 24
0.475 21
0.489 22
0.445 23
0.423 24
0.423 25
0.421 26
0.501 27
0.667 28
0.333 29
0.204 29
0.204 30
0.427 31
0.502 22
0.477 23
0.495 24
0.453 25
0.445 26
0.441 27
0.492 27
0.492 28
0.432 29
0.497 23
0.472 24
0.507 25
0.535 26
0.502 27
0.506 28
0.47 28
0.47 29
0.292 24
0.43 25
0.45 26
0.39 27
0.38 28
0.42 29
0.41 29
0.41 30
0.386 31
0.38 25
0.621 22
0.517 23
0.441 24
0.459 23
0.364 24
0.32 23
0.515 24
0.398 21
0.418 22
0.442 23
0.457 24
0.438 25
0.437 26
0.426 26
0.426 27
0.454 28
0.52 23
0.61 24
0.507 25
0.493 26
0.522 27
0.417 26
0.393 27
0.432 30
0.518 22
0.422 23
0.422 24
0.556 21
0.501 22
0.534 23
0.524 24
0.534 25
0.456 25
0.456 26
0.534 23
0.511 24
0.463 23
0.565 24
0.441 22
0.425 23
0.442 24
0.414 25
0.394 26
0.433 26
0.433 27
0.396 24
0.333 25
0.41 26
0.46 27
0.47 28
0.487 28
0.487 29
0.389 30
0.446 22
0.412 23
0.403 24
0.394 25
0.422 26
0.489 26
0.489 27
0.481 28
0.371 23
0.43 24
0.367 25
0.44 26
0.372 27
0.367 27
0.477 23
0.457 24
0.44 25
0.471 26
0.467 27
0.473 27
0.473 28
0.486 29
0.495 23
0.462 24
0.516 25
0.468 26
0.464 27
0.457 27
0.457 28
0.451 29
0.462 22
0.48 23
0.49 24
0.451 25
0.471 26
0.487 26
0.487 27
0.504 28
0.464 22
0.41 23
0.322 24
0.433 25
0.353 26
0.355 26
0.498 21
0.467 22
0.422 23
0.445 24
0.429 25
0.413 25
0.413 26
0.446 27
0.458 24
0.416 25
0.324 26
0.403 27
0.384 28
0.373 28
0.373 29
0.411 30
0.424 23
0.403 24
0.404 25
0.427 26
0.437 27
0.412 27
0.412 28
0.389 29
0.458 21
0.409 22
0.453 23
0.478 24
0.436 25
0.447 25
0.447 26
0.433 27
0.417 21
0.365 22
0.463 24
0.4 25
0.475 23
0.458 24
0.412 25
0.41 26
0.415 27
0.468 27
0.468 28
0.518 29
0.494 25
0.466 26
0.495 27
0.485 28
0.479 29
0.502 29
0.502 30
0.526 31
0.385 23
0.486 24
0.442 25
0.448 26
0.432 27
0.436 27
0.436 28
0.376 29
0.36 25
0.465 26
0.405 27
0.432 28
0.474 29
0.521 29
0.521 30
0.403 21
0.436 22
0.491 23
0.438 24
0.456 25
0.44 25
0.44 26
0.439 27
0.356 23
0.454 24
0.459 25
0.447 26
0.433 27
0.437 27
0.437 28
0.439 29
0.493 23
0.491 24
0.497 25
0.497 26
0.549 27
0.459 27
0.459 28
0.506 29
0.442 20
0.446 21
0.432 22
0.431 23
0.447 24
0.446 24
0.446 25
0.439 26
0.396 26
0.25 27
0.543 21
0.543 22
0.535 23
0.573 24
0.536 25
0.476 25
0.476 26
0.479 27
0.414 25
0.371 21
0.39 22
0.418 23
0.399 24
0.373 25
0.401 25
0.401 26
0.368 27
0.452 23
0.456 24
0.45 25
0.413 26
0.464 27
0.589 27
0.589 28
0.475 29
0.515 23
0.503 24
0.488 25
0.461 26
0.431 27
0.436 27
0.436 28
0.393 29
0.483 24
0.449 25
0.412 26
0.436 27
0.441 28
0.448 28
0.448 29
0.388 30
0.418 23
0.402 24
0.359 25
0.377 26
0.388 23
0.425 24
0.409 25
0.387 26
0.463 27
0.416 27
0.416 28
0.35 29
0.417 22
0.412 23
0.485 24
0.469 25
0.464 26
0.368 21
0.321 22
0.425 23
0.385 24
0.41 24
0.356 25
0.339 26
0.39 27
0.413 28
0.372 28
0.354 23
0.406 24
0.431 25
0.378 24
0.396 22
0.438 23
0.476 24
0.451 25
0.438 26
0.46 26
0.46 27
0.439 28
0.436 24
0.588 23
0.425 24
0.524 25
0.604 26
0.451 23
0.434 24
0.438 25
0.429 26
0.394 27
0.406 27
0.406 28
0.399 29
0.495 24
0.469 25
0.416 26
0.432 27
0.556 28
0.385 28
0.401 23
0.374 24
0.429 25
0.451 25
0.472 26
0.354 27
0.426 25
0.438 26
0.429 27
0.52 28
0.432 28
0.2 23
0.533 23
0.524 24
0.55 25
0.541 26
0.478 26
0.478 27
0.596 28
0.394 21
0.411 22
0.475 23
0.474 24
0.412 24
0.412 25
0.416 26
0.383 22
0.379 23
0.413 24
0.553 25
0.506 26
0.541 27
0.532 28
0.517 28
0.517 29
0.533 30
0.273 22
0.41 23
0.368 24
0.39 25
0.479 25
0.479 26
0.422 27
0.424 22
0.389 23
0.445 24
0.477 25
0.447 25
0.447 26
0.453 27
0.549 24
0.531 25
0.491 26
0.551 27
0.487 27
0.487 28
0.49 29
0.25 24
0.343 21
0.498 22
0.402 23
0.438 24
0.429 24
0.429 25
0.447 26
0.43 21
0.448 22
0.465 23
0.496 24
0.467 24
0.467 25
0.451 26
0.384 23
0.4 24
0.415 25
0.576 22
0.513 23
0.539 24
0.534 25
0.601 25
0.601 26
0.611 27
0.412 22
0.416 23
0.559 25
0.661 24
0.643 25
0.614 26
0.527 27
0.552 27
0.552 28
0.425 22
0.517 20
0.499 21
0.482 22
0.522 23
0.525 23
0.525 24
0.515 25
0.497 23
0.46 24
0.457 25
0.403 26
0.488 26
0.454 26
0.453 21
0.44 22
0.419 23
0.424 24
0.367 24
0.367 25
0.418 26
0.506 22
0.549 23
0.538 24
0.528 25
0.502 25
0.502 26
0.499 27
0.383 24
0.374 22
0.485 21
0.456 22
0.435 23
0.413 24
0.445 24
0.445 25
0.433 26
0.357 25
0.342 26
0.406 20
0.395 21
0.41 22
0.417 23
0.231 23
0.447 24
0.371 0.0
0.0 26
0.455 22
0.429 26
0.488 27
0.64 23
0.397 24
0.403 24
0.403 25
0.397 24
0.398 25
0.407 26
0.425 27
0.414 27
0.414 28
0.404 29
0.311 23
0.397 24
0.389 23
0.446 24
0.441 25
0.446 26
0.424 26
0.424 27
0.412 28
0.551 21
0.521 22
0.486 23
0.497 24
0.496 24
0.496 25
0.522 26
0.474 25
0.526 26
0.506 27
0.523 28
0.555 28
0.555 29
0.565 30
0.8 25
0.451 27
0.436 28
0.412 29
0.41 30
0.374 30
0.374 31
0.465 32
0.469 29
0.558 22
0.44 23
0.512 24
0.46 25
0.449 25
0.449 26
0.414 27
0.517 26
0.564 27
0.52 28
0.541 29
0.424 29
0.424 30
0.333 23
0.468 24
0.364 25
0.406 23
0.452 24
0.428 25
0.392 26
0.421 26
0.456 23
0.455 24
0.433 23
0.457 24
0.506 25
0.469 26
0.5 26
0.449 22
0.531 23
0.461 24
0.505 25
0.513 25
0.513 26
0.41 27
0.374 23
0.383 24
0.352 25
0.423 26
0.39 26
0.39 27
0.411 28
0.529 27
0.618 28
0.56 29
0.523 30
0.558 30
0.558 31
0.523 32
0.333 21
0.376 22
0.46 23
0.491 24
0.376 24
0.376 25
0.481 26
0.425 23
0.446 24
0.419 25
0.425 26
0.429 26
0.429 27
0.456 28
0.437 24
0.431 25
0.435 26
0.399 27
0.458 27
0.424 23
0.408 25
0.43 26
0.433 27
0.421 28
0.408 28
0.408 29
0.326 30
0.409 21
0.423 22
0.441 23
0.433 24
0.445 24
0.445 25
0.424 26
0.0 22
0.473 23
0.454 24
0.447 25
0.472 25
0.472 26
0.516 27
0.536 27
0.551 28
0.464 20
0.451 21
0.611 22
0.543 22
0.543 23
0.542 24
0.428 24
0.463 25
0.429 21
0.42 22
0.457 23
0.403 23
0.403 24
0.41 25
0.405 23
0.467 24
0.397 25
0.462 25
0.462 26
0.454 27
0.393 24
0.421 25
0.414 26
0.412 26
0.412 27
0.405 28
0.357 27
0.586 23
0.552 24
0.545 25
0.507 25
0.507 26
0.558 27
0.386 23
0.421 24
0.471 25
0.38 25
0.38 26
0.391 24
0.432 22
0.418 23
0.391 24
0.4 24
0.4 25
0.423 23
0.444 24
0.349 25
0.467 20
0.455 21
0.464 22
0.466 22
0.466 23
0.469 24
0.325 23
0.333 22
0.469 20
0.452 21
0.43 22
0.468 22
0.468 23
0.448 24
0.321 22
0.458 23
0.44 24
0.434 24
0.434 25
0.434 26
0.447 23
0.513 28
0.314 21
0.464 22
0.475 23
0.504 23
0.504 24
0.439 25
0.496 20
0.544 21
0.491 22
0.519 22
0.519 23
0.576 24
0.415 21
0.407 22
0.422 23
0.422 23
0.422 24
0.415 25
0.39 22
0.493 21
0.494 22
0.522 23
0.479 23
0.479 24
0.506 25
0.508 23
0.481 24
0.492 25
0.443 25
0.443 26
0.481 27
0.48 24
0.447 25
0.4 22
0.46 23
0.417 24
0.401 24
0.401 25
0.439 26
0.381 23
0.396 24
0.428 25
0.446 25
0.446 26
0.481 27
0.429 22
0.388 23
0.406 24
0.34 24
0.296 23
0.422 24
0.442 25
0.434 25
0.434 26
0.434 27
0.399 23
0.407 24
0.486 25
0.465 25
0.465 26
0.425 27
0.567 22
0.462 23
0.333 26
0.452 24
0.486 25
0.472 26
0.462 26
0.462 27
0.492 28
0.357 22
0.36 23
0.381 24
0.356 24
0.356 25
0.374 26
0.347 21
0.401 22
0.396 23
0.378 24
0.41 24
0.41 25
0.374 26
0.372 23
0.382 24
0.399 25
0.346 26
0.376 27
0.408 27
0.408 28
0.636 22
0.62 23
0.643 24
0.612 24
0.612 25
0.372 24
0.545 27
0.457 28
0.574 29
0.75 29
0.419 24
1.0 25
0.448 23
0.44 24
0.453 25
0.42 25
0.42 26
0.428 27
0.452 24
0.5 25
0.222 26
0.412 26
0.412 27
0.442 28
0.0 24
0.5 25
0.438 26
0.45 26
0.443 22
0.422 23
0.444 24
0.463 24
0.463 25
0.47 26
0.439 21
0.488 22
0.477 23
0.547 23
0.547 24
0.588 25
0.421 21
0.375 22
0.537 22
0.5 23
0.45 22
0.519 23
0.507 24
0.523 24
0.523 25
0.51 26
0.366 22
0.423 23
0.393 24
0.385 24
0.385 25
0.427 26
0.412 21
0.43 22
0.427 23
0.447 23
0.447 24
0.45 25
0.511 23
0.5 25
0.56 23
0.468 24
0.459 24
0.459 25
0.556 26
0.439 21
0.399 22
0.482 22
0.482 23
0.466 24
0.382 23
0.417 24
0.425 24
0.425 25
0.432 26
0.5 27
0.436 28
0.566 28
0.566 29
0.505 30
0.371 24
0.429 25
0.426 25
0.426 26
0.441 27
0.41 20
0.419 21
0.427 21
0.427 22
0.449 23
0.418 25
0.414 26
0.383 26
0.383 27
0.434 28
0.392 25
0.405 26
0.45 26
0.479 29
0.47 30
0.361 30
0.361 31
0.384 23
0.439 24
0.42 24
0.42 25
0.443 26
0.429 22
0.286 23
0.364 23
0.364 24
0.516 20
0.519 21
0.535 21
0.535 22
0.493 23
0.436 26
0.608 20
0.623 21
0.514 21
0.514 22
0.521 23
0.493 21
0.419 22
0.44 22
0.44 23
0.462 24
0.408 26
0.475 27
0.49 27
0.327 25
0.327 23
0.407 24
0.443 24
0.443 25
0.49 26
0.461 20
0.464 21
0.399 21
0.399 22
0.474 23
0.482 23
0.538 24
0.566 24
0.566 25
0.564 26
0.515 28
0.478 29
0.444 29
0.446 22
0.381 23
0.495 23
0.495 24
0.444 25
0.4 24
0.0 24
0.394 22
0.459 23
0.397 23
0.457 22
0.542 23
0.528 23
0.528 24
0.452 25
0.458 20
0.473 21
0.465 21
0.465 22
0.541 23
0.717 26
0.368 22
0.353 21
0.432 22
0.416 22
0.416 23
0.451 24
0.545 21
0.451 22
0.51 22
0.51 23
0.448 24
0.429 23
0.424 24
0.434 24
0.434 25
0.419 26
0.371 22
0.406 23
0.455 23
0.455 24
0.44 22
0.44 23
0.467 23
0.467 24
0.444 25
0.407 23
0.44 24
0.143 24
0.333 21
0.367 22
0.237 22
0.455 23
0.443 24
0.504 24
0.504 25
0.439 26
0.582 23
0.527 24
0.429 25
0.437 25
0.437 26
0.471 27
0.513 23
0.501 24
0.492 24
0.492 25
0.476 26
0.238 25
0.517 26
0.535 26
0.535 27
0.601 28
0.455 36
0.461 37
0.399 37
0.399 38
0.372 21
0.405 22
0.409 22
0.409 23
0.438 24
0.417 28
0.42 29
0.389 29
0.389 30
0.448 31
0.43 22
0.481 23
0.485 23
0.485 24
0.447 25
0.407 22
0.423 23
0.41 23
0.41 24
0.431 25
0.375 24
0.477 25
0.412 25
0.412 26
0.476 25
0.479 26
0.444 26
0.444 27
0.468 28
0.435 22
0.372 25
0.321 26
0.397 26
0.667 23
0.474 24
0.474 24
0.474 25
0.428 25
0.447 26
0.386 26
0.386 27
0.389 28
0.493 21
0.427 22
0.439 22
0.439 23
0.435 24
0.431 24
0.376 25
0.395 25
0.368 23
0.381 20
0.384 28
0.418 29
0.382 29
0.382 30
0.427 31
0.557 21
0.531 22
0.572 22
0.572 23
0.565 24
0.429 25
0.412 22
0.433 23
0.396 23
0.396 24
0.399 25
0.295 22
0.384 20
0.427 21
0.403 21
0.403 22
0.438 24
0.538 25
0.549 25
0.549 26
0.476 27
0.503 21
0.544 21
0.544 22
0.613 23
0.414 20
0.491 20
0.491 21
0.506 22
0.418 32
0.365 32
0.387 30
0.42 30
0.42 31
0.446 32
0.356 21
0.421 21
0.421 22
0.296 23
0.5 22
0.3 22
0.302 24
0.426 24
0.426 25
0.355 23
0.343 23
0.343 24
0.439 25
0.38 22
0.368 22
0.368 23
0.413 24
0.313 25
0.45 25
0.457 25
0.421 25
0.396 21
0.401 21
0.401 22
0.42 23
0.356 23
0.386 23
0.386 24
0.36 25
0.405 23
0.396 23
0.396 24
0.452 25
0.388 23
0.345 23
0.345 24
0.441 25
0.429 24
0.396 24
0.396 25
0.385 26
0.364 22
0.412 22
0.412 23
0.459 24
0.333 24
0.0 24
0.0 25
0.455 26
0.484 23
0.37 23
0.37 24
0.476 25
0.351 27
0.483 27
0.422 23
0.401 23
0.458 25
0.562 25
0.562 26
0.559 27
0.412 24
0.362 24
0.362 25
0.405 26
0.498 25
0.506 25
0.506 26
0.532 27
0.41 23
0.5 23
0.486 22
0.604 22
0.604 23
0.559 24
0.455 20
0.393 20
0.393 21
0.417 22
0.463 26
0.537 26
0.537 27
0.45 24
0.478 24
0.425 23
0.396 23
0.396 24
0.447 25
0.379 25
0.459 25
0.343 21
0.403 21
0.403 22
0.423 23
0.337 23
0.337 24
0.369 25
0.385 24
0.667 24
0.38 22
0.433 22
0.433 23
0.353 22
0.333 22
0.423 21
0.507 21
0.507 22
0.423 23
0.326 32
0.404 32
0.377 23
0.438 23
0.438 24
0.416 23
0.436 23
0.436 24
0.448 25
0.376 21
0.437 21
0.437 22
0.429 23
0.349 26
0.15 26
0.46 22
0.489 22
0.489 23
0.465 24
0.434 25
0.4 25
0.425 23
0.55 23
0.55 24
0.5 25
0.419 22
0.436 22
0.436 23
0.438 24
0.466 23
0.475 23
0.475 24
0.455 25
0.2 27
0.857 27
0.659 24
0.573 24
0.573 25
0.516 26
0.363 21
0.45 21
0.45 22
0.473 23
0.308 23
0.368 23
0.368 24
0.54 27
0.375 27
0.485 23
0.458 23
0.458 24
0.496 25
0.383 21
0.427 21
0.427 22
0.421 23
0.384 23
0.429 23
0.429 24
0.372 25
0.46 23
0.413 23
0.413 24
0.397 25
0.535 24
0.5 24
0.5 25
0.537 26
0.437 23
0.351 23
0.426 22
0.461 22
0.461 23
0.529 24
0.407 20
0.407 21
0.513 23
0.348 21
0.348 22
0.468 23
0.214 24
0.214 25
0.0 23
0.5 22
0.575 23
0.575 24
0.548 25
0.453 25
0.453 26
0.433 27
0.412 22
0.362 23
0.362 24
0.333 19
0.333 20
0.083 21
0.483 20
0.483 21
0.582 22
0.263 23
0.25 26
0.448 22
0.448 23
0.433 24
0.409 23
0.42 22
0.42 23
0.167 23
0.302 21
0.302 22
0.352 23
0.367 25
0.345 24
0.355 23
0.355 24
0.409 24
0.409 25
0.478 26
0.361 20
0.361 21
0.449 22
0.349 19
0.344 24
0.344 25
0.419 26
0.399 23
0.399 24
0.393 25
0.447 19
0.447 20
0.473 21
0.421 24
0.352 20
0.352 21
0.419 22
0.377 23
0.377 24
0.574 24
0.574 25
0.465 26
0.323 22
0.323 23
0.304 20
0.304 21
0.469 22
0.4 23
0.4 24
0.25 25
0.414 22
0.414 23
0.42 24
0.415 27
0.415 28
0.426 29
0.449 24
0.449 25
0.269 21
0.347 22
0.419 22
0.419 23
0.486 24
0.35 25
0.35 26
0.456 27
0.25 23
0.404 23
0.404 24
0.513 25
0.422 19
0.422 20
0.452 21
0.0 25
0.318 22
0.318 23
0.545 22
0.545 23
0.536 24
0.396 21
0.396 22
0.403 23
0.402 23
0.402 24
0.452 25
0.533 22
0.533 23
0.273 27
0.34 27
0.34 28
0.282 29
0.405 23
0.405 24
0.407 25
1.0 23
1.0 24
0.382 23
0.382 24
0.338 25
0.462 20
0.462 21
0.521 22
0.25 22
0.25 23
0.636 24
0.446 20
0.446 21
0.417 22
0.367 21
0.367 22
0.411 23
0.35 24
0.35 25
0.49 19
0.49 20
0.493 21
0.414 23
0.414 24
0.366 25
0.425 20
0.425 21
0.436 22
0.463 23
0.463 24
0.493 25
0.333 20
0.333 21
0.429 22
0.452 28
0.452 29
0.403 30
0.422 21
0.422 22
0.367 20
0.367 21
0.348 22
0.32 23
0.32 24
0.365 21
0.365 22
0.385 23
0.333 23
0.568 21
0.568 22
0.6 23
0.395 19
0.395 20
0.421 21
0.528 21
0.528 22
0.501 23
0.0 24
0.402 24
0.452 23
0.452 24
0.437 19
0.437 20
0.459 21
0.421 24
0.421 25
0.394 26
0.353 19
0.353 20
0.306 21
0.381 27
0.425 28
0.406 23
0.468 28
0.423 20
0.31 24
0.563 23
1.0 25
0.265 24
0.0 22
0.308 25
0.556 24
0.394 24
0.644 23
0.263 22
0.433 21
0.397 23
0.457 22
0.514 23
0.422 33
0.417 25
0.367 23
0.375 20
0.512 21
0.359 20
0.41 23
0.571 20
0.438 21
0.603 28
0.466 22
0.47 24
0.404 21
0.436 25
0.628 30
0.364 22
0.364 20
0.527 24
0.431 24
0.508 21
0.427 21
0.35 25
0.41 22
0.427 21
0.421 21
0.424 23
0.571 26
0.452 23
0.274 22
0.41 20
0.504 27
0.579 24
0.357 24
0.542 21
0.498 20
0.305 20
0.359 24
0.417 24
0.422 20
0.415 21
0.45 24
0.367 24
