0.583 -3.2
0.727 -0.5
0.834 2.0
0.801 1.7
0.841 0.3
0.869 0.8
0.866 0.9
0.784 -2.1
0.726 -5.7
0.82 -2.1
0.81 -5.5
0.888 4.3
0.873 3.7
0.916 4.0
0.904 3.7
0.883 3.6
0.903 3.4
0.903 3.1
0.907 3.9
0.952 1.7
0.913 3.6
0.881 2.6
0.915 0.2
0.886 0.1
0.692 -3.3
0.621 -1.5
0.685 1.2
0.769 1.5
0.74 0.8
0.692 1.3
0.734 1.0
0.715 1.0
0.75 -3.7
0.631 -8.3
0.638 -7.5
0.851 0.9
0.856 2.5
0.859 0.3
0.824 -2.1
0.805 -1.5
0.838 1.0
0.877 -3.7
0.831 -0.3
0.742 -2.1
0.789 -2.6
0.729 -4.4
0.0 -6.9
0.734 -2.9
0.692 -0.8
0.732 -1.7
0.764 -1.0
0.818 -3.3
0.657 -2.7
0.884 3.0
0.888 1.2
0.878 1.9
0.854 -1.6
0.853 -2.9
0.786 1.1
0.785 -3.0
0.692 -0.1
0.692 -2.8
0.816 -2.5
0.753 -0.9
0.803 -1.6
0.791 -0.6
0.81 -4.0
0.444 -7.2
0.938 -5.8
0.655 -1.3
0.762 -3.5
0.75 -3.3
0.791 -3.1
0.74 -3.1
0.7 -6.5
0.778 -7.6
0.464 -6.1
0.586 -6.3
0.723 -2.8
0.633 -3.4
0.673 -1.5
0.726 -7.7
0.529 -2.8
0.0 -3.3
0.85 -4.0
0.816 5.8
0.846 2.9
0.795 2.9
0.827 2.0
0.837 2.7
0.661 3.9
0.88 3.6
0.95 -0.5
0.877 3.2
0.931 3.0
0.86 0.7
0.845 0.8
0.873 -2.8
0.638 0.1
0.677 -0.1
0.746 -2.4
0.742 -2.9
0.723 -1.3
0.664 -2.3
0.0 -3.7
0.75 -0.5
0.676 -2.5
0.786 -2.1
0.747 1.8
0.788 1.8
0.776 1.3
0.868 -0.4
0.853 -0.1
1.0 -1.9
0.892 -1.1
0.735 -2.7
0.773 -0.8
0.714 -3.8
0.83 -10.0
0.5 4.8
0.827 -1.7
0.897 -2.8
0.854 -3.4
0.87 -2.9
0.761 -0.4
0.803 1.0
0.861 2.1
0.815 2.3
0.775 1.0
0.849 0.1
0.83 -1.0
0.78 1.7
0.789 -0.2
0.861 -0.6
0.629 -2.5
0.842 1.5
0.885 4.2
0.878 3.4
0.878 3.8
0.898 4.7
0.894 4.4
0.883 6.1
0.918 2.5
0.913 3.1
0.91 1.9
0.916 -0.4
0.895 -0.2
0.938 -6.3
0.697 -5.7
0.614 -0.5
0.644 -0.7
0.571 -0.8
0.697 -3.4
0.811 -3.0
0.727 0.8
0.719 -1.2
0.713 -3.6
0.757 -3.2
0.754 -5.4
0.638 -9.0
0.679 -2.2
0.958 -3.5
0.723 -1.6
0.798 -2.1
0.813 -1.4
0.556 -1.4
0.6 -1.2
0.6 -7.3
0.825 -5.8
0.609 -0.1
0.479 1.5
0.404 1.0
0.579 1.1
0.634 1.9
0.607 0.5
0.589 0.4
0.652 -1.3
0.614 0.3
0.75 1.1
0.659 0.3
0.833 -2.1
0.667 -4.4
0.0 1.2
0.824 -4.4
0.77 -2.3
0.865 -2.0
0.877 -0.9
0.921 -2.1
0.874 -1.2
0.898 -7.1
0.787 1.3
0.922 4.3
0.806 2.2
0.837 -1.0
0.708 6.2
0.742 4.5
0.685 5.1
0.773 4.4
0.752 6.3
0.775 5.1
0.761 -1.5
0.787 -2.8
0.676 -1.1
0.738 2.4
0.78 2.9
0.733 0.4
0.71 0.5
0.649 -1.4
0.522 -1.4
0.522 -4.0
0.871 2.1
0.647 -3.8
0.8 -11.4
0.852 1.8
0.858 3.4
0.836 1.6
0.854 1.3
0.864 -0.3
0.827 -3.0
0.787 -0.5
0.575 -16.8
0.0 -3.6
0.533 -3.2
0.707 -3.2
0.833 -3.9
0.871 -2.6
0.77 -7.0
0.853 4.4
0.829 6.4
0.843 5.7
0.852 4.6
0.816 5.8
0.85 4.7
0.868 5.4
0.84 4.5
0.856 3.6
0.811 3.8
0.828 2.3
0.845 4.7
0.839 -5.9
0.857 0.3
0.813 0.3
0.813 -2.5
0.6 -0.1
0.75 -9.7
0.728 1.6
0.69 0.0
0.802 -3.8
0.741 2.7
0.778 1.7
0.782 -0.4
0.794 -3.2
0.864 -3.2
0.75 -2.5
0.828 -4.3
0.714 -5.9
0.673 -4.8
0.628 -4.8
0.667 0.1
0.626 2.0
0.66 4.1
0.721 3.4
0.723 3.8
0.712 5.3
0.729 4.8
0.708 1.8
0.725 4.5
0.639 2.3
0.614 3.0
0.453 -3.2
0.709 1.3
0.797 -2.0
0.801 -1.9
0.685 -7.3
0.611 0.0
1.0 -4.2
1.0 3.4
0.878 1.9
0.873 -1.9
0.704 3.0
0.926 -4.3
0.684 -0.8
0.857 -2.9
0.944 2.4
0.944 -3.7
0.631 -3.8
0.528 -5.3
0.66 -9.5
0.0 -4.2
0.686 -3.8
0.727 -13.2
0.0 -0.6
0.753 -1.8
0.731 -2.2
0.846 -2.8
1.0 -3.3
0.765 4.1
0.798 2.7
0.806 2.9
0.806 5.3
0.798 4.4
0.799 4.1
0.802 3.0
0.816 2.5
0.817 1.7
0.84 0.3
0.74 0.6
0.826 2.9
0.816 1.1
0.821 -1.4
0.789 -1.4
0.789 -1.2
0.833 1.0
0.858 2.3
0.86 2.6
0.861 4.3
0.873 0.6
0.865 1.8
0.863 -0.9
0.879 -1.9
0.649 -0.6
0.582 -1.0
0.532 1.2
0.676 0.7
0.783 -6.5
0.743 -8.3
0.5 -3.1
0.687 -1.2
0.58 -1.6
0.61 -5.3
0.649 -5.5
0.845 -4.7
0.817 -4.2
0.897 3.9
0.851 4.2
0.81 1.5
0.86 -1.6
0.897 -1.6
0.667 -5.3
0.592 -0.5
0.674 1.1
0.656 -5.5
0.708 -9.8
0.889 -15.8
0.75 -7.2
0.5 -4.1
0.75 -8.1
0.685 0.7
0.815 1.1
0.784 -2.0
0.754 -17.4
0.857 -5.7
0.892 -6.3
0.833 -8.7
0.708 -5.3
0.75 -5.8
1.0 -3.0
0.788 -8.1
0.819 -5.0
0.733 4.8
0.875 -2.0
0.794 -2.2
0.769 -1.0
0.806 1.1
0.833 0.8
0.843 0.7
0.826 -0.6
0.838 -0.2
0.864 -1.7
0.872 0.8
0.857 -2.0
0.854 -1.7
0.927 -0.6
0.871 0.2
0.866 -1.0
0.901 -1.0
0.901 -2.6
0.904 -3.0
0.866 -1.1
0.851 0.0
0.815 0.1
0.894 -0.3
0.883 2.0
0.882 -2.4
0.865 -1.7
0.906 -2.9
0.895 -1.6
0.864 -7.0
0.681 -3.4
0.843 -3.4
0.849 -2.8
0.791 -2.3
0.8 -5.6
0.845 -2.5
0.532 -1.9
0.645 0.1
0.698 1.4
0.654 0.8
0.605 1.0
0.591 2.0
0.623 3.4
0.575 2.9
0.638 0.7
0.604 0.3
0.545 -2.8
0.776 0.2
0.752 -0.9
0.855 0.3
0.842 1.0
0.816 -1.5
0.845 -2.6
0.832 -1.2
0.776 -5.0
0.754 -0.1
0.818 -2.1
0.771 -2.1
0.765 -0.2
0.757 -3.6
0.677 4.2
0.58 2.7
0.71 5.6
0.673 4.7
0.761 3.2
0.675 3.4
0.745 3.6
0.75 -0.5
0.757 1.5
0.821 0.7
0.771 -3.3
0.632 2.4
0.708 2.4
0.633 0.6
0.613 0.8
0.606 -2.7
0.533 0.5
0.818 -3.3
0.889 -5.3
0.871 -2.0
0.762 -3.7
0.833 -9.1
0.875 -1.8
0.79 -0.3
0.748 -0.2
0.718 -1.1
0.815 0.0
0.797 0.9
0.839 -1.2
0.787 -5.7
0.861 -5.1
0.573 -2.4
0.56 -1.4
0.644 -1.2
0.815 -6.0
0.932 -19.9
0.787 -0.7
0.804 0.2
0.782 -1.3
0.841 -2.3
0.757 -0.9
0.571 -4.7
0.763 -6.4
0.833 -2.1
0.691 3.3
0.615 2.9
0.713 1.1
0.654 -2.4
0.847 -5.4
0.826 -5.6
0.783 -2.6
0.865 -3.4
0.61 -4.4
0.8 -3.6
0.878 -4.1
0.698 -7.9
0.833 -4.4
0.772 -4.8
0.83 -3.7
0.78 -3.3
0.835 -2.4
0.809 -1.8
0.845 -1.1
0.825 -4.2
0.77 -2.2
0.83 -3.9
0.742 -4.7
0.737 -1.5
0.793 -4.7
0.0 -9.9
0.389 -3.7
0.533 -6.9
0.618 7.6
0.799 7.4
0.71 7.3
0.599 6.4
0.67 4.6
0.629 7.1
0.637 4.7
0.73 4.6
0.692 5.6
0.725 3.8
0.716 2.4
0.695 4.1
0.817 3.2
0.731 5.5
0.74 5.5
0.74 4.1
0.825 -5.1
0.796 -0.2
0.848 -2.7
0.854 -5.3
0.795 -5.0
0.698 -7.4
0.79 -1.5
0.631 -4.0
0.657 -2.4
0.606 1.5
0.685 -5.1
0.733 0.6
0.944 -4.2
0.775 1.0
0.837 1.6
0.861 2.3
0.85 1.0
0.831 -0.4
0.852 -0.4
0.918 -1.0
0.8 -0.5
0.823 -2.6
0.806 0.8
0.847 -0.9
0.8 -1.4
0.797 -1.0
0.862 0.5
0.833 -1.6
0.853 -0.3
0.883 0.6
0.846 -0.8
0.856 -1.2
0.806 -3.0
0.851 -4.1
0.921 -0.5
0.727 -3.7
0.668 -2.4
0.657 -5.6
0.75 -3.5
0.68 -7.4
0.778 -1.8
0.795 -3.3
0.655 -2.8
0.815 -2.9
0.88 -7.4
0.767 -10.0
0.714 -13.2
0.75 -7.9
0.516 0.2
0.61 -0.5
0.54 3.1
0.669 0.6
0.634 2.0
0.604 0.9
0.639 2.5
0.593 1.6
0.658 -1.3
0.556 2.1
0.563 1.1
0.779 0.6
0.824 -0.4
0.754 -1.8
0.441 -1.2
0.398 1.5
0.673 -1.7
0.543 0.4
0.556 -0.6
0.612 0.8
0.44 -2.0
0.471 0.5
0.817 2.9
0.773 4.9
0.8 2.5
0.775 2.2
0.823 0.1
0.787 0.7
0.829 -2.0
0.623 -2.8
0.607 -4.3
0.764 6.7
0.801 8.7
0.751 9.9
0.791 9.7
0.811 7.9
0.81 5.0
0.835 7.4
0.801 4.0
0.841 2.6
0.837 4.0
0.862 3.6
0.857 1.0
0.786 -1.9
0.809 -0.2
0.8 -0.2
0.8 0.0
0.692 -6.7
0.867 0.1
0.836 -0.1
0.83 -11.6
0.0 -4.0
0.879 -2.2
0.811 -3.9
0.889 -6.0
0.684 -4.6
0.685 -13.7
0.709 0.7
0.675 -1.3
0.79 0.1
0.76 -3.2
0.75 -0.8
0.674 -0.6
0.75 -2.9
0.706 -1.8
0.773 -0.6
0.8 -5.8
0.722 -3.7
0.677 -2.5
0.764 -3.5
0.735 -0.2
0.681 -2.8
0.757 -1.7
0.784 -3.1
0.769 0.5
0.571 -8.6
0.797 0.3
0.849 0.9
0.771 -1.4
0.782 -2.6
0.722 -5.9
0.775 0.4
0.721 -3.3
0.0 -1.0
0.75 2.4
0.837 0.9
0.844 -3.0
0.0 0.3
0.75 2.3
0.774 0.3
0.789 -3.0
0.792 -1.5
0.757 -3.1
1.0 -2.5
0.714 -2.4
0.833 -4.7
0.815 -22.4
0.592 -2.1
0.504 -5.4
0.481 -1.6
0.6 -3.8
0.868 -1.8
0.89 -0.3
0.833 1.3
0.868 0.4
0.858 0.2
0.845 1.1
0.861 2.5
0.833 -0.1
0.848 -2.5
0.846 -2.5
0.849 -2.1
0.784 -5.5
0.625 -5.9
0.652 -12.6
1.0 -2.5
0.698 -4.4
0.604 -9.6
0.636 0.0
0.81 0.0
0.794 -1.9
0.804 -3.3
0.739 -7.8
0.801 -1.5
0.794 0.2
0.812 -0.6
0.743 2.4
0.792 0.1
0.688 0.7
0.778 -0.6
0.725 -0.8
0.767 -1.5
0.712 -3.0
0.656 -1.2
0.799 -1.8
0.77 0.4
0.734 -1.3
0.672 -1.1
0.694 -0.8
0.694 -0.1
0.774 -1.1
0.793 -1.9
0.757 -1.1
0.735 -0.5
0.676 -3.8
0.75 -4.6
0.763 -2.6
0.709 -2.0
0.82 -3.9
0.744 -0.8
0.718 -4.4
0.626 -8.1
0.773 -9.0
0.77 0.1
0.842 -1.4
0.804 -3.0
0.846 -4.1
0.0 1.9
0.833 -3.0
0.5 -8.8
0.375 -1.0
0.6 -2.5
0.67 -4.8
0.735 10.2
0.638 -3.3
0.533 -3.0
0.638 -3.3
0.667 -0.3
0.539 -2.4
0.673 0.6
0.652 -4.5
0.615 -0.8
0.863 1.6
0.63 -4.5
0.65 -3.4
0.675 -6.4
0.866 -1.3
0.84 -1.7
0.82 1.9
0.845 3.2
0.711 4.1
0.783 2.0
0.769 3.3
0.645 3.5
0.789 3.2
0.647 2.8
0.594 0.9
0.686 -2.7
0.857 -2.3
0.861 -2.1
0.8 -1.3
0.852 -2.4
0.805 -2.1
0.917 0.8
0.917 2.0
0.792 -3.2
0.923 -1.2
0.909 -0.7
0.87 0.2
0.919 -1.4
0.913 -3.5
0.773 -0.6
0.761 1.2
0.803 -2.8
0.809 -1.2
0.843 -2.3
0.806 -1.8
0.824 -4.9
0.786 -3.9
0.676 -1.7
0.786 -4.1
0.829 -8.9
0.8 -7.7
0.817 -3.1
0.876 -1.0
0.9 -4.2
0.818 -4.0
0.778 -4.6
0.923 -4.7
0.813 -8.7
0.766 -0.4
0.737 0.4
0.731 -0.1
0.797 4.1
0.777 -0.3
0.756 -0.5
0.676 -2.1
0.798 -1.1
0.807 -2.2
0.802 -1.9
0.5 -4.1
0.723 -0.7
0.625 -1.3
0.793 -1.7
0.5 -1.4
0.909 -2.7
0.778 -4.2
0.6 -10.1
0.679 -2.2
0.754 -0.9
0.781 1.7
0.746 1.0
0.799 1.8
0.834 2.0
0.807 -0.1
0.802 -0.9
0.799 -3.2
0.743 -1.5
0.814 3.8
0.812 2.8
0.774 2.5
0.745 4.3
0.835 3.5
0.814 0.8
0.795 1.6
0.809 -0.7
0.781 -4.2
0.739 1.3
0.81 2.4
0.846 1.0
0.752 -0.2
0.862 0.1
0.733 0.1
0.774 -0.1
0.79 -2.2
0.0 -4.4
0.822 -0.4
0.862 -1.3
0.855 1.6
0.843 0.3
0.931 -7.0
0.802 -6.2
0.825 -3.7
0.765 -2.9
0.79 -3.1
0.828 -4.4
0.805 -4.6
0.785 0.4
0.791 -3.7
0.763 -4.9
0.719 -4.5
0.706 1.7
0.76 0.8
0.785 0.4
0.83 0.2
0.786 -0.6
0.813 0.1
0.832 0.2
0.826 0.8
0.779 -0.2
0.816 -1.6
0.825 -2.4
0.7 -5.9
0.857 -9.4
0.715 -0.2
0.734 0.3
0.789 1.4
0.748 -1.2
0.76 0.0
0.731 0.9
0.736 0.3
0.76 0.7
0.754 -0.5
0.647 -0.9
0.731 -1.1
0.683 -1.1
0.691 -6.0
0.697 -1.4
0.64 -2.4
0.689 -0.5
0.798 0.1
0.752 -0.3
0.752 -4.1
0.754 -3.0
0.814 -1.3
0.753 -0.8
0.683 -4.2
0.742 -5.4
0.769 -6.6
0.736 -0.9
0.538 -2.5
0.455 -0.8
0.682 -0.2
0.607 -3.0
0.64 -8.3
0.712 -2.3
0.729 -1.4
0.741 -1.9
0.764 2.5
0.791 -1.1
0.64 -2.1
0.682 -2.2
0.714 -5.5
0.844 4.2
0.837 4.7
0.822 2.3
0.835 2.4
0.806 3.0
0.781 0.7
0.787 -0.3
0.755 0.0
0.662 -1.3
0.687 -4.1
0.609 -0.4
0.733 -1.2
0.727 -7.9
0.745 0.8
0.815 -5.6
0.455 -13.0
0.771 -3.3
0.794 -4.0
0.933 -3.0
0.975 -1.7
0.814 5.1
0.814 6.9
0.841 4.5
0.827 5.6
0.74 5.5
0.795 5.0
0.778 2.8
0.818 4.5
0.819 4.3
0.808 3.1
0.87 2.5
0.786 4.4
0.818 -3.3
0.757 -4.6
0.541 -1.4
0.754 -0.7
0.852 0.2
0.803 -2.4
0.805 -3.0
0.873 -3.4
0.5 -6.5
0.762 -3.2
0.631 -0.4
0.712 2.5
0.706 1.8
0.729 0.4
0.721 -1.1
0.833 1.2
0.868 2.6
0.833 0.1
0.8 1.6
0.698 2.6
0.695 2.7
0.682 1.5
0.769 2.5
0.811 0.3
0.68 -4.5
0.769 -0.7
0.895 -2.8
0.552 -6.3
0.727 -5.4
0.6 -14.6
0.797 -1.7
0.783 -1.5
0.804 -1.4
0.791 -3.5
0.625 -3.7
0.714 -4.1
0.826 2.9
0.81 0.9
0.82 1.4
0.763 2.8
0.777 2.5
0.818 3.3
0.841 4.0
0.838 4.2
0.836 2.7
0.806 0.2
0.802 -3.0
0.838 -3.2
0.622 0.1
0.0 -1.8
0.909 -8.2
1.0 -7.7
0.667 -3.7
0.882 -5.3
0.0 -11.8
0.0 -2.6
0.529 -9.1
0.713 -3.7
0.699 -5.6
0.699 -4.2
0.792 -2.0
0.762 -1.9
0.875 -2.7
0.771 -2.8
0.861 -2.8
0.855 -3.2
0.883 -3.8
0.781 -3.4
0.719 -1.4
0.625 1.0
0.554 -1.3
0.667 -2.6
0.636 2.0
0.671 -1.6
0.703 0.6
0.648 -2.5
0.59 -1.2
0.483 -1.6
0.5 -3.4
0.426 -3.5
0.517 -7.9
0.25 -6.4
0.774 -0.6
0.801 -0.2
0.802 1.8
0.848 1.7
0.857 -0.4
0.828 0.2
0.82 1.4
0.812 -2.6
0.824 -1.0
0.835 -2.7
0.834 -5.2
0.856 -5.9
0.655 -1.3
0.73 0.0
0.717 -1.6
0.751 -3.9
0.602 -4.3
0.535 -4.7
0.541 -12.2
0.455 -3.4
0.483 -7.0
0.356 -2.7
0.5 -7.3
0.818 0.4
0.793 3.7
0.797 4.5
0.763 2.4
0.729 -1.2
0.667 3.8
0.79 0.8
0.781 2.4
0.803 2.2
0.817 3.4
0.834 -0.3
0.755 0.1
0.769 -1.7
0.716 -7.3
0.81 2.6
0.845 5.5
0.851 3.8
0.851 4.9
0.833 5.3
0.809 5.5
0.81 4.5
0.707 1.1
0.796 0.4
0.755 1.2
0.768 1.1
0.796 2.8
0.782 1.1
0.785 -1.3
0.765 -1.3
0.751 1.9
0.708 1.8
0.756 3.2
0.736 3.9
0.791 -0.7
0.748 0.2
0.663 -3.5
0.864 3.3
0.886 -16.9
0.63 0.9
0.678 1.2
0.653 1.9
0.684 1.6
0.646 -0.2
0.712 -10.2
0.25 0.1
0.58 0.9
0.604 0.2
0.557 1.8
0.583 -1.5
0.37 0.5
0.425 1.1
0.579 -0.8
1.0 -0.8
0.766 0.3
0.876 2.0
0.848 -3.8
0.781 0.3
0.697 -0.9
0.736 -1.6
0.848 -1.1
0.749 -0.3
0.769 -1.4
0.802 -5.5
0.682 -3.5
0.663 -2.6
0.659 -4.9
0.541 -6.5
0.7 -5.3
0.718 -4.7
0.774 -4.8
0.683 -4.3
0.786 -1.1
0.684 -0.3
0.622 -0.3
0.756 -1.8
0.517 -4.3
0.84 -2.3
0.441 -3.5
0.25 -4.5
0.548 -13.3
0.0 -7.7
0.7 2.1
0.733 6.0
0.748 9.7
0.793 5.8
0.796 6.8
0.774 4.8
0.747 6.2
0.707 2.4
0.684 1.4
0.801 -3.3
0.746 -0.3
0.698 -1.7
0.807 -1.5
0.836 -5.1
0.746 -1.7
0.797 -2.5
0.813 -5.0
0.69 -6.5
0.688 -6.1
0.778 0.4
0.768 1.4
0.787 1.4
0.836 1.3
0.757 -0.9
0.625 -3.7
0.5 -4.2
0.583 -1.1
0.661 -7.6
0.721 -2.2
0.767 -6.2
0.821 -13.8
0.0 -8.1
0.825 -5.1
0.798 -4.2
0.802 -5.7
0.765 -6.2
0.794 -6.1
0.693 -4.9
0.724 -3.9
0.663 -2.2
0.678 -1.4
0.521 0.5
0.62 -3.6
0.594 -0.3
0.642 -1.1
0.6 -4.2
0.833 3.4
0.817 -0.5
0.795 2.8
0.832 1.0
0.838 0.5
0.738 0.5
0.784 1.7
0.772 2.8
0.826 1.6
0.821 1.1
0.853 -0.8
0.811 -0.1
0.84 -1.8
0.779 -3.0
0.753 -3.0
0.753 -2.9
0.743 2.9
0.775 3.8
0.818 4.3
0.778 4.5
0.812 2.8
0.828 -0.1
0.772 2.6
0.848 1.2
0.824 -0.8
0.827 1.7
0.83 -2.2
0.711 0.2
0.762 -0.7
0.839 1.1
0.723 3.0
0.72 2.6
0.8 2.1
0.793 1.4
0.774 1.4
0.732 2.0
0.824 -0.6
0.676 -0.6
0.4 0.6
0.727 0.1
0.821 -3.0
0.75 -3.0
0.75 -2.7
0.0 -4.1
0.928 2.9
0.911 1.9
0.9 2.9
0.885 1.0
0.861 -2.6
0.794 -2.8
0.727 -4.6
0.831 0.7
0.85 1.3
0.858 1.8
0.811 -0.1
0.82 0.3
0.839 -0.4
0.837 -1.5
0.819 -5.1
0.706 -4.1
0.617 -6.6
0.634 -1.9
0.592 -1.4
0.674 -1.0
0.785 -1.8
0.61 -0.9
0.583 -6.5
0.55 -0.7
0.648 -3.3
0.598 -2.2
0.565 -2.8
0.723 -3.3
0.533 -5.3
0.333 -5.3
0.333 -13.2
0.423 -7.1
0.0 -1.2
0.659 -3.5
0.579 -7.2
0.258 -5.6
0.731 -1.4
0.769 -0.2
0.8 -1.4
0.857 -1.5
0.787 -4.8
0.742 0.1
0.681 -0.8
0.736 -2.2
0.787 -1.9
0.811 -5.3
0.564 1.1
0.735 -0.1
0.786 -2.7
0.81 -7.8
0.778 -9.0
0.725 1.3
0.764 -2.7
0.727 -0.1
0.681 -1.0
0.741 -2.4
0.758 -0.5
0.69 -0.4
0.711 -6.7
1.0 -4.4
0.8 -3.3
0.723 -7.6
0.746 -3.2
0.744 -2.0
0.747 -5.4
0.824 -5.0
0.81 -2.5
0.806 -3.5
0.424 1.1
0.676 2.7
0.681 -0.8
0.652 -1.8
0.637 -0.3
0.781 1.8
0.715 1.4
0.708 -3.8
0.364 -1.3
0.583 -3.1
0.545 -1.8
0.895 2.3
0.887 3.3
0.909 1.0
0.916 1.7
0.887 3.7
0.921 3.8
0.899 1.6
0.906 0.0
0.933 1.8
0.938 0.6
0.912 -0.5
0.894 -1.1
0.922 -6.2
0.802 0.4
0.523 -0.1
0.549 0.6
0.642 2.9
0.474 1.4
0.467 -0.1
0.6 1.2
0.68 1.1
0.755 -0.8
0.781 -0.4
0.5 -0.3
0.852 -0.9
0.778 -4.0
0.783 -2.3
0.797 -4.5
0.688 -0.5
0.6 -3.3
0.855 -1.6
0.778 -2.1
0.751 -2.4
0.684 -3.4
0.761 -6.0
0.833 -3.5
0.838 4.7
0.853 5.7
0.881 3.4
0.877 5.7
0.869 5.7
0.901 6.7
0.904 5.2
0.879 1.2
0.89 2.6
0.915 3.8
0.892 1.8
0.896 1.7
0.86 3.3
0.899 0.7
0.882 0.7
0.882 0.9
0.893 -1.3
0.601 0.2
0.688 2.6
0.731 1.8
0.757 -0.6
0.754 1.9
0.709 0.4
0.767 -2.0
0.742 -1.1
0.788 0.0
0.72 -3.0
0.674 -1.7
0.677 -2.0
0.835 -1.3
0.513 7.0
0.555 6.3
0.622 5.4
0.49 5.6
0.461 2.6
0.469 0.9
0.422 -0.7
0.503 2.0
0.595 -0.5
0.496 1.5
0.836 -3.6
0.75 -1.3
0.824 -6.3
0.679 0.4
0.656 0.3
0.777 3.2
0.742 1.6
0.695 3.4
0.69 1.7
0.7 3.8
0.698 2.9
0.623 3.1
0.693 3.7
0.675 -3.1
0.592 1.2
0.621 0.1
0.708 -3.6
0.824 -2.4
0.753 -3.2
0.835 -6.3
0.667 -4.3
0.837 -5.1
0.822 -4.6
0.8 -3.8
0.833 -3.5
0.545 -3.1
0.622 -3.9
0.657 -3.1
0.59 -4.0
0.667 -5.2
0.511 -4.8
0.556 0.5
0.485 0.4
0.51 2.4
0.579 -1.8
0.342 0.3
0.573 1.7
0.422 1.9
0.621 2.0
0.526 -1.2
0.556 0.4
0.625 1.5
0.591 -11.6
0.625 -7.4
0.75 -5.7
0.611 -4.6
0.766 -4.5
0.733 -2.9
0.745 -5.7
0.75 0.9
0.735 -0.6
0.757 0.1
0.75 1.5
0.725 0.4
0.794 -5.2
0.848 -4.6
0.73 -4.3
0.747 -6.3
0.662 -4.0
0.742 -5.1
0.705 -5.3
0.375 -1.3
0.605 -5.2
0.681 1.9
0.701 -0.1
0.627 0.9
0.553 0.6
0.599 -1.0
0.601 1.5
0.641 -2.6
0.766 4.6
0.797 3.2
0.71 2.1
0.714 -0.3
0.761 -0.2
0.794 -3.5
0.862 -0.3
0.862 -0.4
0.78 -1.0
0.836 -3.6
0.903 10.3
0.727 -8.7
0.8 1.9
0.798 -0.3
0.814 -3.2
0.795 -1.2
0.717 1.2
0.751 -1.1
0.789 0.7
0.809 1.0
0.832 1.0
0.82 -0.7
0.683 -0.1
0.765 -4.3
0.632 -2.8
0.611 -7.3
0.873 0.9
0.894 0.2
0.828 -3.0
0.875 -0.1
0.804 -3.9
0.4 -4.4
1.0 -3.8
0.745 4.9
0.809 4.2
0.802 2.1
0.819 4.3
0.822 4.3
0.772 3.4
0.796 4.7
0.843 2.5
0.83 2.7
0.852 4.7
0.86 4.4
0.852 3.4
0.787 1.5
0.826 1.5
0.781 1.5
0.781 -2.8
0.818 -4.4
0.739 2.2
0.774 2.0
0.818 -0.8
0.749 2.0
0.693 -1.4
0.605 -1.6
0.571 -0.8
0.673 0.8
0.763 -3.0
0.5 -1.0
0.629 -4.7
0.793 0.8
0.816 0.7
0.793 0.7
0.833 4.6
0.83 0.5
0.865 1.4
0.787 1.8
0.827 2.9
0.809 -0.3
0.822 -0.7
0.825 -2.0
0.815 -8.9
0.756 -9.5
0.728 -3.1
0.742 -7.0
0.759 -3.6
0.641 -1.6
0.871 -5.7
0.588 -28.6
0.857 -5.2
0.273 -1.3
0.422 -1.3
0.5 -5.8
0.419 1.2
0.517 0.8
0.532 -1.0
0.37 -1.3
0.68 0.4
0.663 -1.9
0.647 -4.7
0.519 -5.3
0.611 -5.6
0.76 -5.2
0.545 0.0
0.72 1.4
0.645 -0.5
0.692 -0.5
0.651 -4.4
0.75 -0.2
0.674 1.0
0.6 -0.4
0.76 -1.8
0.778 -12.2
0.5 0.6
0.791 2.5
0.805 2.2
0.868 -0.1
0.854 2.4
0.877 0.5
0.829 0.5
0.82 1.1
0.814 -2.1
0.712 -5.1
1.0 -4.2
0.613 -3.2
0.647 -19.5
0.852 -4.2
0.8 -1.0
0.759 -5.5
0.627 1.4
0.765 -3.5
0.685 -0.8
0.74 1.9
0.739 -1.6
0.67 0.9
0.692 -2.7
0.682 -1.5
0.761 2.0
0.732 -1.6
0.75 -1.2
0.833 -13.2
0.894 -4.0
0.855 -3.4
0.709 0.2
0.694 0.8
0.676 -0.8
0.711 -1.6
0.639 -1.7
0.658 -4.2
0.747 3.9
0.681 2.1
0.727 -4.1
0.75 -0.6
0.81 -3.9
0.82 -0.4
0.837 -1.0
0.876 -2.5
0.832 -2.9
0.875 -14.9
0.558 -1.5
0.761 1.3
0.785 -0.6
0.756 0.8
0.765 -3.0
0.748 -4.7
0.724 -3.4
0.81 -6.3
0.828 0.6
0.839 -0.8
0.854 -2.1
0.81 -0.8
0.854 -2.5
0.78 -1.1
0.713 -1.2
0.72 -0.2
0.791 -1.0
0.813 -2.3
0.737 -2.7
0.781 -3.6
0.808 -7.2
0.725 -7.3
0.506 -3.8
0.779 -0.9
0.821 -1.2
0.768 -0.4
0.769 0.8
0.792 -3.9
0.689 -6.7
0.409 -3.3
0.797 -0.9
0.692 -3.7
0.542 -1.9
0.608 -1.3
0.602 -1.1
0.572 0.0
0.357 -2.1
0.482 -2.8
0.582 -2.6
0.524 -3.8
0.638 -10.4
0.75 -6.0
0.0 -16.1
0.673 -4.0
0.7 -1.9
0.667 -2.8
0.805 0.7
0.83 -0.9
0.779 0.7
0.859 -0.2
0.768 -2.1
0.774 -2.9
0.845 -2.1
0.755 -1.9
0.72 -4.9
0.813 -10.0
0.89 1.3
0.878 -1.0
0.833 -3.6
0.928 -1.4
0.792 0.1
0.806 0.9
0.858 -1.2
0.797 -3.6
0.738 -2.6
0.688 -3.0
0.637 -7.4
0.6 -6.1
0.783 -0.5
0.821 0.5
0.794 -0.5
0.814 -2.5
0.822 0.7
0.858 0.7
0.878 -3.5
0.806 -1.0
0.849 -1.8
0.882 0.1
0.847 -1.3
0.892 -8.3
1.0 -2.2
0.797 -6.6
0.714 -4.2
0.913 -4.1
0.802 -5.9
0.735 -3.3
0.481 -3.5
0.53 -2.1
0.684 -4.9
0.698 -6.7
0.691 -3.5
0.676 -5.9
0.554 -2.6
0.744 -1.7
0.704 -0.4
0.797 -4.7
0.533 -5.0
0.714 -0.3
0.767 -4.5
0.563 -1.5
0.611 -3.6
0.545 -6.2
0.667 -6.4
0.75 -0.8
0.845 -2.7
0.817 3.3
0.857 2.0
0.856 2.7
0.876 3.1
0.875 3.7
0.927 1.3
0.92 1.2
0.915 -1.9
0.816 1.8
0.929 -0.6
0.894 -1.0
0.897 0.6
0.831 0.6
0.888 -1.9
0.791 0.6
0.876 1.1
0.915 -0.6
0.855 -2.6
0.795 -4.1
0.861 -1.0
0.845 -1.0
0.805 -0.6
0.863 -4.4
0.643 -4.7
0.568 -12.4
0.751 -0.4
0.766 -2.2
0.738 -3.2
0.735 -7.7
0.6 -7.2
0.0 -10.2
0.0 -19.4
0.5 -12.9
0.714 1.0
0.72 -0.6
0.696 1.8
0.757 2.5
0.603 -1.5
0.711 -0.9
0.722 -0.1
0.725 -1.1
0.758 -3.4
0.651 -4.2
0.724 -3.4
0.67 -8.6
0.87 1.9
0.831 1.4
0.867 -2.0
0.828 0.8
0.855 1.0
0.897 -2.7
0.897 -2.6
0.851 -0.2
0.846 3.2
0.835 1.4
0.887 0.9
0.827 3.0
0.844 2.9
0.8 3.7
0.804 2.7
0.857 2.5
0.88 0.8
0.866 0.6
0.85 0.9
0.883 -0.6
0.87 -4.2
0.667 -0.4
0.813 -0.4
0.813 -2.8
0.818 -1.1
0.722 0.1
0.664 0.2
0.746 0.6
0.752 -1.1
0.762 0.7
0.676 -1.8
0.513 -5.9
0.0 -2.0
0.0 -1.1
0.814 -0.3
0.815 0.9
0.75 0.3
0.835 0.0
0.786 -1.2
0.815 -2.2
0.789 0.4
0.663 1.1
0.822 -0.8
0.8 1.1
0.625 -1.3
0.7 0.4
0.771 -2.4
0.793 -2.0
0.78 0.2
0.784 -2.2
0.786 -3.1
0.667 0.5
0.708 -0.6
0.752 -2.5
0.736 -0.4
0.567 -1.4
0.631 1.1
0.648 -0.6
0.547 -1.5
0.528 -0.9
0.639 -0.1
0.594 -2.9
0.593 -3.2
0.698 -3.8
0.672 -2.3
0.59 -1.5
0.778 -0.9
0.655 -5.7
0.777 0.1
0.726 -2.2
0.8 2.2
0.708 -0.8
0.836 2.3
0.861 1.1
0.781 3.3
0.829 2.1
0.807 1.0
0.774 2.7
0.679 0.1
0.705 -7.3
0.5 0.2
0.5 -0.9
0.545 -0.9
0.819 0.7
0.801 -0.3
0.764 -2.4
0.707 -1.8
0.784 -2.8
0.806 0.2
0.8 0.0
0.804 1.6
0.859 -0.2
0.815 -1.5
0.78 -2.8
0.825 -4.1
0.776 -6.2
0.779 -4.5
0.835 -4.6
0.728 -3.2
0.754 -4.8
0.763 -7.5
0.571 -2.3
0.752 -0.2
0.667 -1.1
0.74 -2.2
0.684 -2.7
0.683 -2.6
0.681 -4.7
0.828 -7.9
0.716 3.0
0.741 0.3
0.615 1.7
0.554 -0.4
0.539 0.0
0.628 -3.1
0.438 -2.9
0.629 0.6
0.667 -2.6
0.653 -5.3
0.659 -6.6
0.667 -12.3
0.336 5.9
0.423 5.1
0.45 5.1
0.49 3.8
0.428 5.8
0.416 5.7
0.408 1.5
0.426 3.0
0.422 3.9
0.406 1.8
0.333 0.8
0.778 -4.3
0.766 2.6
0.734 2.4
0.735 1.9
0.736 1.4
0.697 3.5
0.743 2.3
0.788 4.0
0.767 1.4
0.772 0.3
0.8 0.9
0.81 2.1
0.774 1.0
0.741 -0.6
0.79 -0.8
0.795 0.5
0.768 -0.7
0.736 -3.3
0.703 6.2
0.749 3.8
0.607 -0.3
0.711 1.0
0.794 -0.4
0.756 1.4
0.638 -3.5
0.663 2.0
0.741 0.7
0.722 -2.7
0.754 -0.3
0.75 1.8
0.679 -5.2
0.561 -1.0
0.799 -1.7
0.734 0.8
0.781 -2.0
0.753 0.4
0.857 -0.7
0.807 -3.6
0.567 -2.0
0.539 -4.0
0.68 -4.9
0.5 -8.5
0.894 1.0
0.88 -4.9
0.826 -4.0
0.787 0.1
0.699 -1.0
0.785 -0.9
0.677 -6.0
0.882 -2.0
0.69 -3.2
0.818 -2.3
0.752 0.2
0.736 0.1
0.782 -2.4
0.714 -2.4
0.731 -0.3
0.75 -2.1
0.76 -1.9
0.696 -5.3
0.737 -4.4
0.789 -0.5
0.792 0.1
0.84 0.3
0.837 -0.5
0.792 0.4
0.867 -0.3
0.913 -2.2
0.741 1.4
0.676 0.8
0.555 0.4
0.684 -0.9
0.639 -0.7
0.657 -2.0
0.857 -5.3
0.732 -4.4
0.786 -2.7
0.593 -4.3
0.875 -1.9
0.795 -2.1
0.765 -3.5
0.77 -1.5
0.784 0.6
0.637 -1.3
0.805 -1.6
0.79 -2.6
0.731 -3.4
0.799 -7.1
0.776 -5.1
0.769 -5.2
0.747 -3.7
0.614 -2.7
0.615 -6.8
0.75 2.9
0.667 4.3
0.736 4.2
0.733 4.0
0.922 1.6
0.675 3.3
0.74 2.7
0.719 2.3
0.748 1.5
0.688 1.1
0.676 0.5
0.617 1.4
0.734 -2.1
0.718 -3.8
0.569 -2.4
0.659 -1.3
0.733 -0.6
0.662 -1.3
0.564 -3.0
0.281 -6.9
0.5 -6.4
0.8 -1.7
0.737 -6.8
0.724 -6.7
0.9 -3.0
0.8 -3.9
0.802 -4.6
0.758 -2.3
0.929 -3.9
0.605 -5.2
0.824 -3.9
0.92 -4.6
0.476 -5.0
0.923 -3.9
0.786 -2.7
0.55 0.5
0.589 1.2
0.689 -1.5
0.775 2.2
0.791 1.1
0.748 4.0
0.814 5.5
0.82 5.0
0.844 0.7
0.771 -1.7
0.75 2.5
0.739 -1.5
0.784 -0.9
0.5 -9.5
0.833 -8.4
0.722 -3.7
0.818 -0.3
0.804 -4.8
0.799 -2.3
0.774 -2.0
0.795 -2.2
0.784 -14.4
0.0 -3.2
0.7 3.6
0.828 3.3
0.732 3.7
0.789 4.0
0.707 3.3
0.779 3.8
0.743 3.4
0.821 2.1
0.726 2.5
0.688 1.7
0.622 2.0
0.842 0.8
0.52 9.8
0.0 -8.8
0.5 -2.6
0.522 -9.8
0.5 -3.9
0.375 -5.4
0.0 -3.1
0.444 -4.1
0.167 -5.5
0.6 -5.3
0.6 -6.1
0.667 0.1
0.745 -2.9
0.732 -5.1
0.632 -6.3
0.875 -11.3
0.75 -22.7
0.5 -7.5
0.6 -4.4
0.625 -0.9
0.63 -3.2
0.707 -2.7
0.668 -0.5
0.683 -4.4
0.574 -1.7
0.545 0.7
0.44 -2.0
0.408 -1.9
0.516 -5.6
0.337 -2.3
0.589 -6.2
0.441 -3.5
0.75 -1.6
0.786 -24.3
0.5 -6.6
0.604 -0.3
0.608 -2.1
0.669 3.1
0.673 2.2
0.503 2.5
0.527 2.4
0.593 -0.9
0.579 -1.6
0.732 2.2
0.732 4.1
0.689 3.5
0.694 1.3
0.632 4.2
0.72 4.2
0.72 -0.5
0.62 -0.3
0.838 0.1
0.684 0.9
0.813 -0.5
0.736 0.1
0.769 -5.1
0.74 -2.8
0.71 -1.1
0.718 -2.6
0.697 -0.7
0.717 -2.2
0.651 -2.2
0.622 -3.9
0.727 -4.2
0.4 -6.2
0.701 -0.6
0.763 0.0
0.739 -1.1
0.656 -2.1
0.512 -3.5
0.465 -4.6
0.459 -4.8
0.464 -6.7
0.0 -3.9
0.659 -5.1
0.467 -3.4
0.719 -3.6
0.656 -3.0
0.624 -3.3
0.671 -1.9
0.72 -4.2
0.632 -2.9
0.615 -4.5
0.623 -17.3
0.333 -23.0
0.2 -3.5
0.367 -0.7
0.6 -3.0
0.0 3.4
0.542 2.4
0.558 1.1
0.543 -0.9
0.333 -2.0
0.222 -3.3
0.364 -4.1
0.167 -4.1
0.753 -3.3
0.791 -5.4
0.849 -5.0
0.737 -13.6
0.333 -3.2
1.0 -10.2
0.774 -1.3
0.847 -2.6
0.722 -9.9
0.709 2.1
0.736 2.7
0.714 3.8
0.768 5.1
0.689 4.2
0.748 2.9
0.807 5.0
0.781 5.4
0.79 5.3
0.823 3.7
0.782 1.5
0.702 0.6
0.736 2.8
0.803 2.8
0.803 4.0
0.792 3.7
0.744 0.4
0.763 -3.2
0.745 -0.3
0.787 -1.8
0.789 -2.3
0.744 -1.8
0.783 -4.7
0.7 -3.0
0.8 -5.2
0.5 -15.4
0.606 -0.1
0.633 -0.3
0.585 1.0
0.609 -0.6
0.585 -0.7
0.548 1.4
0.735 -1.7
0.476 0.7
0.62 -1.0
0.362 -0.5
0.469 -4.6
0.585 -2.3
0.409 -4.0
0.333 -0.5
0.479 -2.9
0.514 -1.9
0.49 -10.5
0.667 -5.3
0.5 -2.1
0.587 -3.2
0.66 -1.8
0.723 -6.5
0.625 -8.3
0.556 -7.6
1.0 -17.4
0.571 -1.5
0.732 0.2
0.811 1.3
0.752 1.9
0.837 -2.3
0.837 -4.8
0.813 -4.0
0.829 -8.5
0.713 1.9
0.743 2.5
0.763 0.1
0.844 3.0
0.812 -1.8
0.733 0.0
0.798 -0.2
0.805 0.3
0.735 1.2
0.759 0.1
0.694 -2.9
0.717 -1.4
0.741 -0.7
0.684 -0.7
0.684 -0.8
0.667 -2.4
0.774 -1.6
0.774 -0.8
0.75 2.3
0.75 0.7
0.791 1.6
0.748 1.1
0.834 1.7
0.826 2.2
0.818 -0.2
0.802 2.1
0.849 0.3
0.82 -0.1
0.815 0.2
0.801 0.2
0.801 -1.3
0.831 -0.3
0.79 1.0
0.768 6.6
0.8 8.2
0.79 9.1
0.784 6.4
0.699 4.0
0.728 5.4
0.77 2.4
0.785 4.5
0.744 2.2
0.744 3.9
0.785 1.5
0.787 -2.9
0.588 -8.3
0.667 -40.9
0.462 -4.5
0.75 -3.6
0.643 -3.0
0.776 -0.7
0.841 -3.4
0.75 -1.8
0.73 -0.7
0.787 0.4
0.745 1.1
0.797 3.0
0.826 2.6
0.798 -3.8
0.667 -1.0
0.667 -1.7
0.667 -3.1
0.675 0.3
0.755 0.8
0.702 2.3
0.65 2.6
0.707 2.7
0.783 1.7
0.715 3.1
0.782 -1.7
0.756 1.7
0.769 1.7
0.799 2.7
0.845 -0.5
0.811 -2.0
0.783 -2.0
0.783 0.1
0.76 -3.0
0.681 -0.8
0.706 1.2
0.748 1.3
0.786 0.7
0.816 -2.9
0.726 1.0
0.8 -1.4
0.741 -4.1
0.741 0.0
0.882 0.3
0.759 -2.2
0.667 -1.1
0.758 -0.9
0.761 -2.2
0.815 -2.9
0.714 -0.1
0.819 -1.5
0.772 -1.2
0.734 0.9
0.778 2.5
0.758 0.1
0.659 0.2
0.75 0.4
0.742 1.5
0.765 1.5
0.765 -0.8
0.796 -2.1
0.771 -3.1
0.792 -4.1
0.767 -1.6
0.859 -3.4
0.671 -0.4
0.764 0.9
0.684 2.4
0.693 2.8
0.673 0.8
0.657 2.8
0.752 1.1
0.769 2.2
0.739 2.2
0.73 0.6
0.594 -0.6
0.8 -2.7
0.783 -7.7
0.733 -2.6
0.833 -3.2
0.829 -1.7
0.768 -3.7
0.722 -1.7
0.783 -2.4
0.75 -1.4
0.889 -4.0
0.667 -2.4
0.0 0.9
0.7 -5.0
0.571 -2.6
0.696 -2.0
0.733 -2.6
0.914 -0.8
0.834 1.7
0.846 1.4
0.646 -10.0
0.554 -5.6
0.638 -0.9
0.647 -3.8
0.528 -2.4
0.6 -1.1
0.704 -0.3
0.714 2.8
0.731 3.7
0.744 -1.3
0.637 0.3
0.72 -2.0
0.781 -3.7
0.571 0.3
1.0 -10.7
0.5 -3.3
0.527 -2.2
0.458 1.3
0.661 5.8
0.614 3.9
0.691 2.3
0.731 4.1
0.804 3.5
0.776 1.7
0.746 1.9
0.8 1.9
0.637 -0.3
0.465 -3.2
0.4 -3.2
0.639 0.2
0.721 -1.9
0.652 -1.3
0.659 -0.1
0.676 -1.3
0.735 -1.6
0.766 -5.0
0.755 -1.5
0.71 -2.6
0.671 -1.5
0.674 -4.5
0.68 -5.6
0.857 -4.4
0.784 -2.6
0.75 -3.5
0.733 -3.2
0.778 -2.4
0.6 -3.9
0.576 -2.9
0.389 -3.1
0.68 -3.9
0.579 -20.6
0.0 -5.9
0.771 2.3
0.768 2.1
0.698 2.6
0.723 4.6
0.685 3.2
0.738 -0.1
0.698 3.5
0.742 0.7
0.701 2.0
0.693 -0.6
0.731 -3.4
0.767 -3.3
0.627 -3.3
0.766 -5.9
0.75 -2.4
0.811 0.4
0.792 -3.7
0.745 1.0
0.794 -2.2
0.754 -5.0
0.78 -3.0
0.824 -2.1
0.756 -0.2
0.862 0.8
0.87 1.9
0.863 4.7
0.901 1.8
0.858 -0.6
0.838 -1.4
0.773 -2.2
0.813 -1.6
0.833 -2.1
0.84 -1.5
0.902 -1.5
0.902 -2.6
0.731 -2.2
0.762 -2.9
0.771 -2.9
0.693 -1.7
0.644 -2.2
0.839 -0.5
0.782 -1.6
0.841 -5.3
0.667 -5.5
0.808 -5.2
0.786 -0.3
0.833 -3.4
1.0 -3.1
0.792 -2.9
0.804 -2.6
0.799 -2.1
0.897 -2.9
0.804 -2.0
0.871 -3.0
0.808 -5.6
0.78 1.8
0.741 0.3
0.779 -0.3
0.778 0.2
0.784 2.1
0.834 -2.1
0.815 -1.9
0.842 1.3
0.8 1.0
0.811 -0.1
0.82 0.7
0.854 0.4
0.805 0.4
0.805 -2.1
0.784 -2.2
0.703 -3.7
0.595 -3.3
0.575 -1.4
0.667 -7.2
0.66 -6.0
0.552 -6.2
0.519 -2.1
0.561 -0.2
0.534 -3.5
0.53 -1.6
0.497 -1.5
0.467 -3.1
0.594 -4.9
0.45 -0.4
0.545 -2.2
0.507 -1.8
0.509 -3.6
0.554 -2.7
0.619 -2.7
0.518 1.8
0.492 -0.1
0.538 -1.0
0.461 -3.8
0.467 -5.6
0.524 -0.6
0.544 -2.4
0.4 -4.0
0.37 -14.0
0.737 5.1
0.802 7.0
0.803 6.0
0.778 7.2
0.86 8.1
0.86 6.0
0.884 6.3
0.87 5.3
0.871 6.4
0.871 3.7
0.796 4.0
0.851 1.7
0.721 1.7
0.721 3.6
0.813 1.9
0.82 -2.5
0.854 -2.8
0.81 -6.3
0.754 -2.0
0.816 -3.5
0.712 -3.3
0.637 0.9
0.81 -0.8
0.682 0.0
0.714 -3.1
0.753 -3.5
0.84 -1.9
0.861 -1.5
0.794 1.0
0.846 -7.2
0.688 -0.9
0.889 -1.6
0.773 -1.6
0.773 -5.0
0.684 -2.4
0.714 -9.9
0.578 1.7
0.682 0.6
0.66 -47.7
0.0 1.5
0.689 -3.0
0.551 3.4
0.723 4.7
0.704 4.6
0.711 1.1
0.673 1.3
0.729 0.2
0.583 -0.6
0.604 -0.6
0.604 0.2
0.578 0.5
0.59 -5.8
0.0 -6.4
0.686 -1.3
0.82 -2.0
0.752 -0.7
0.733 0.6
0.72 -0.3
0.688 -0.8
0.761 -0.6
0.742 -4.5
0.674 -5.0
0.552 -3.5
0.614 -0.7
0.584 0.8
0.589 0.3
0.456 -2.8
0.527 -0.4
0.611 0.3
0.625 0.2
0.414 0.4
0.681 -6.0
0.75 -0.1
0.832 0.5
0.85 -1.1
0.763 -1.9
0.833 -1.2
0.746 -2.1
0.695 -3.2
1.0 -5.2
0.811 1.9
0.809 1.6
0.783 2.4
0.853 2.3
0.862 2.9
0.85 3.0
0.625 -2.2
0.715 -4.5
0.738 -3.7
0.711 -3.1
0.725 -3.2
0.694 -1.5
0.76 -3.0
0.5 -2.4
0.724 -2.6
0.829 -4.3
0.682 -1.0
0.805 -2.4
0.733 1.3
0.775 1.9
0.85 2.1
0.78 2.0
0.765 1.7
0.804 1.4
0.817 0.8
0.82 -3.0
0.75 -3.1
1.0 -4.3
0.852 -2.4
0.739 -4.2
0.81 -2.1
0.852 -3.1
0.647 2.1
0.766 2.4
0.807 0.4
0.765 2.0
0.768 1.6
0.768 0.8
0.778 0.7
0.714 -1.7
0.702 -2.2
0.774 -1.6
0.738 -2.6
0.567 -1.3
0.754 -1.3
0.754 -3.1
0.696 -3.0
0.596 -3.8
0.771 -4.3
0.743 -1.2
0.772 -2.3
0.729 -3.0
0.775 -0.4
0.779 -0.6
0.823 -0.1
0.83 1.0
0.83 -0.2
0.813 -2.9
0.644 -1.8
0.773 -2.1
0.769 -2.9
0.5 -2.9
0.0 0.3
0.583 -4.2
0.59 6.5
0.0 -1.9
0.0 -8.1
0.333 -7.8
0.7 -5.4
0.5 -8.8
0.661 -1.0
0.713 3.4
0.733 -6.6
0.889 1.6
0.781 3.9
0.805 1.0
0.835 0.3
0.771 0.7
0.792 -1.4
0.765 -1.4
0.808 -3.1
0.739 -1.4
0.72 -1.4
0.72 -0.4
0.4 -17.6
0.738 -8.2
0.793 -8.3
0.571 -9.7
0.8 -5.7
0.681 -10.1
0.759 -0.7
0.743 -2.7
0.763 -3.2
0.5 -2.1
0.7 -3.4
0.611 -0.9
0.732 -1.1
0.684 -0.9
0.645 -4.1
0.564 -4.5
0.5 -0.5
0.562 -1.6
0.615 1.2
0.787 -1.9
0.833 -2.2
0.75 -6.3
0.61 -3.2
0.786 -2.9
0.667 -4.6
0.854 -7.6
0.35 -5.3
0.633 -6.3
0.0 -0.7
0.777 -1.2
0.796 1.5
0.808 2.0
0.808 1.6
0.786 0.3
0.793 1.4
0.83 0.5
0.838 2.9
0.804 2.4
0.83 3.6
0.848 1.4
0.797 1.4
0.797 2.6
0.829 -0.7
0.756 -1.5
0.742 -1.6
0.803 -4.1
0.8 -2.1
0.771 -5.4
0.611 -0.7
0.828 -7.8
0.77 -0.8
0.797 0.3
0.755 2.9
0.845 0.6
0.822 1.2
0.881 -2.0
0.877 -2.1
0.796 -2.0
0.815 -2.9
0.756 -3.9
0.795 -0.8
0.784 -0.8
0.784 -2.1
0.839 -4.1
0.705 -2.5
0.603 -2.8
0.681 0.9
0.732 -0.2
0.747 0.5
0.743 2.7
0.74 1.8
0.779 2.6
0.742 3.4
0.744 1.5
0.733 1.6
0.779 1.6
0.779 0.4
0.804 -0.6
0.821 -5.1
0.805 -1.7
0.791 -3.1
0.672 -0.8
0.766 1.7
0.84 -1.5
0.75 -2.3
0.867 -2.9
0.778 0.0
0.771 -1.6
0.767 -2.1
0.707 -2.1
0.707 -3.5
0.631 -2.7
0.727 -1.1
0.683 -1.3
0.746 1.3
0.736 -0.1
0.912 0.1
0.74 0.0
0.656 -5.1
0.4 -1.3
0.647 -2.1
0.778 -2.2
0.701 0.4
0.76 2.5
0.816 2.6
0.785 3.7
0.844 2.4
0.817 2.3
0.797 0.4
0.815 0.0
0.821 1.2
0.798 0.5
0.82 -0.1
0.772 -0.1
0.772 2.1
0.667 -12.7
0.66 -2.5
0.815 -6.3
0.667 -3.6
0.855 -2.5
0.821 -0.3
0.904 -2.2
0.804 -5.4
0.84 -6.6
1.0 -4.3
0.769 -7.3
0.789 -15.4
0.75 -2.3
0.757 -0.7
0.832 -1.9
0.723 -3.7
0.905 -6.9
0.833 -15.8
0.714 -3.5
0.625 -6.9
0.0 -2.1
0.769 0.9
0.737 1.4
0.754 -3.7
0.7 -2.5
0.698 -1.9
0.721 -2.5
0.607 0.3
0.684 -3.6
0.739 -3.3
1.0 -3.7
0.824 -2.2
0.602 -3.8
0.74 3.1
0.731 1.0
0.683 -0.4
0.744 1.6
0.687 1.9
0.769 1.5
0.683 -1.1
0.629 1.8
0.723 1.6
0.739 0.1
0.774 0.1
0.774 1.2
0.737 -2.9
0.5 -5.3
0.629 -2.9
0.617 -3.1
0.341 -5.6
0.333 -2.1
0.25 -5.0
0.667 -1.7
0.57 -0.6
0.662 -0.3
0.775 -6.5
0.703 0.1
0.846 -6.8
0.4 -3.1
0.839 -4.3
0.885 -1.5
0.84 -3.4
0.64 -7.0
0.75 -9.5
0.5 -4.5
0.728 -5.3
0.776 -9.3
0.8 -5.5
0.667 -2.8
0.757 -2.7
0.729 -3.3
0.833 -3.1
0.78 -1.7
0.857 -1.5
0.719 -3.4
0.824 -4.9
0.824 -4.9
0.667 -3.1
0.765 1.8
0.791 0.0
0.789 -1.7
0.68 -2.7
0.81 -1.8
0.753 -2.6
0.762 -3.3
0.8 -2.8
0.814 -2.9
0.711 -4.9
0.568 -3.4
0.703 -3.4
0.703 -4.5
0.75 -3.2
0.786 -3.3
0.839 -2.5
0.833 -3.4
0.845 -0.8
0.75 -2.8
0.692 -2.9
0.804 3.3
0.792 1.9
0.815 2.9
0.835 -0.8
0.831 0.4
0.791 0.0
0.752 -1.5
0.841 -1.4
0.781 -1.2
0.714 -0.8
0.76 -2.8
0.7 -2.8
0.7 -3.7
0.703 2.5
0.733 2.3
0.734 2.8
0.827 0.8
0.813 -0.9
0.782 -3.3
0.784 -5.8
0.617 -3.4
0.773 -5.2
0.442 -8.1
0.754 8.3
0.75 9.3
0.738 7.4
0.698 11.2
0.712 13.0
0.78 12.5
0.767 8.6
0.759 11.0
0.771 11.6
0.753 8.9
0.75 7.4
0.71 7.4
0.71 9.1
0.731 8.4
0.438 -8.0
0.595 -11.5
0.0 -3.7
0.667 -0.4
0.811 -5.0
1.0 -6.1
0.455 -3.8
0.688 -4.8
0.645 -4.1
0.793 -3.0
0.667 -2.3
0.728 -3.6
0.77 -3.1
0.767 -2.0
0.838 -5.0
1.0 -0.6
0.855 -0.3
0.851 -1.0
0.877 1.2
0.878 -2.9
0.839 -1.5
0.821 0.9
0.833 -1.0
0.833 -3.7
0.5 0.0
0.636 -1.4
0.848 -1.4
0.848 -1.0
0.808 -1.6
0.697 -1.5
0.661 -0.4
0.77 -2.5
0.741 0.4
0.762 -2.5
0.68 -3.2
0.749 -2.5
0.754 -1.4
0.785 -3.7
0.788 -2.4
0.765 -1.4
0.706 -1.4
0.706 -5.1
0.833 -3.9
0.824 -3.3
0.848 -0.7
0.892 -2.3
0.86 -3.5
0.81 -4.1
0.6 -8.4
0.5 -5.2
0.792 2.3
0.854 -0.2
0.849 -0.5
0.914 0.1
0.915 0.2
0.882 0.4
0.796 0.0
0.885 2.5
0.833 2.7
0.859 2.2
0.926 3.3
0.898 3.3
0.898 -0.2
0.833 -0.2
0.769 -8.9
0.682 -20.6
0.863 -3.5
0.767 -3.1
0.767 -5.3
0.797 -5.2
0.583 -9.1
0.708 0.3
0.56 0.4
0.613 -3.5
0.554 -2.2
0.562 -0.7
0.536 -0.8
0.557 -3.1
0.432 -36.1
0.5 -1.9
0.653 -3.5
0.697 -1.2
0.79 -1.8
0.741 -0.4
0.723 -2.5
0.831 -3.6
0.772 -4.7
0.674 -4.7
0.731 -2.5
0.644 -0.6
0.746 -0.9
0.735 -0.1
0.786 -4.8
0.706 -1.3
0.709 -0.9
0.65 -1.5
0.754 1.4
0.741 0.0
0.757 -0.7
0.846 1.4
0.788 1.4
0.788 1.4
0.768 2.7
0.774 -4.4
0.688 -4.0
0.653 -0.7
0.794 -5.1
0.688 -1.8
0.463 -7.0
0.385 -2.5
0.6 -2.6
0.375 -3.1
0.0 -15.6
0.667 -3.2
0.638 0.0
0.615 -0.6
0.6 2.6
0.623 2.2
0.6 0.2
0.582 -2.5
0.556 -0.6
0.652 -0.4
0.611 -2.7
0.552 -4.2
0.506 -4.2
0.506 -4.3
0.693 -1.5
0.698 -3.4
0.608 -0.9
0.648 0.3
0.673 0.5
0.709 0.7
0.633 -1.4
0.684 -1.6
0.645 -3.6
0.633 -2.6
0.697 -5.5
0.823 0.4
0.883 -0.5
0.877 -1.8
0.805 -4.0
0.857 -0.3
0.869 0.9
0.907 -0.3
0.883 0.3
0.891 -0.4
0.848 -5.1
0.654 -4.0
0.857 -4.0
0.75 -6.2
0.807 -0.5
0.847 -1.1
0.817 -2.7
0.852 -2.2
0.918 -1.5
0.889 -3.1
0.811 -8.8
0.724 -2.1
0.749 -2.1
0.652 -3.5
0.747 4.4
0.762 7.5
0.783 8.4
0.807 3.0
0.758 10.7
0.765 9.4
0.761 5.9
0.758 6.3
0.791 3.9
0.725 2.3
0.733 1.2
0.768 1.2
0.768 0.8
0.793 1.0
0.705 -1.9
0.708 -1.3
0.75 0.6
0.745 -0.2
0.706 -1.5
0.719 -3.4
0.5 -6.2
0.7 -6.7
0.0 -1.3
0.713 -4.6
0.68 1.0
0.843 1.2
0.824 1.1
0.85 -0.5
0.884 1.2
0.865 2.7
0.807 1.7
0.807 3.3
0.768 2.0
0.789 1.7
0.739 1.7
0.739 3.4
0.788 2.2
0.786 -1.2
0.85 -0.6
0.85 -0.1
0.855 0.2
0.856 2.3
0.912 1.6
0.894 -2.3
0.853 -0.5
0.9 -1.4
0.882 -2.0
0.876 -1.3
0.872 -1.3
0.872 -3.3
0.737 -1.4
0.746 1.1
0.784 -1.4
0.762 -0.3
0.725 0.8
0.605 3.6
0.753 2.5
0.8 1.3
0.717 2.3
0.628 3.3
0.627 3.3
0.627 -0.1
0.652 0.6
0.782 -7.5
0.536 -5.2
0.695 -0.6
0.606 1.5
0.62 1.8
0.653 3.1
0.71 1.3
0.649 1.1
0.701 1.8
0.775 1.5
0.821 3.4
0.772 1.9
0.853 1.9
0.853 1.5
0.783 1.7
0.737 -5.7
0.75 -7.1
0.0 -10.5
0.475 0.2
0.306 1.4
0.521 1.8
0.62 2.6
0.551 0.7
0.16 -0.3
0.323 -0.2
0.111 0.7
0.308 -15.0
0.789 0.7
0.829 0.4
0.711 -1.6
0.864 2.6
0.739 2.5
0.729 2.0
0.744 2.0
0.762 0.5
0.733 0.3
0.75 -0.9
0.811 -0.9
0.811 1.6
0.737 -8.2
1.0 -1.6
0.753 -6.1
0.823 1.5
0.766 2.0
0.795 2.4
0.703 -1.1
0.699 -0.8
0.774 0.6
0.737 0.6
0.721 0.6
0.692 1.0
0.753 2.2
0.71 2.4
0.769 0.6
0.71 0.1
0.692 0.1
0.692 -1.2
0.697 -1.8
0.575 -3.1
0.672 -0.4
0.787 1.3
0.741 0.9
0.75 2.7
0.777 0.1
0.77 -0.8
0.796 0.2
0.764 2.2
0.753 2.1
0.77 1.1
0.816 0.2
0.791 0.5
0.761 0.5
0.761 1.9
0.755 -2.5
0.731 0.9
0.818 0.0
0.752 -2.9
0.813 -1.4
0.856 -2.9
0.716 -5.1
0.56 -2.3
0.81 -3.5
0.5 -5.9
0.863 0.2
0.787 1.4
0.864 -0.1
0.908 0.6
0.864 -2.1
0.861 -2.5
0.85 -2.4
0.86 -5.1
0.843 -6.8
0.81 -6.1
0.836 -6.1
0.757 0.6
0.716 1.9
0.824 1.0
0.824 2.5
0.82 -0.5
0.798 -1.3
0.833 0.3
0.746 -0.1
0.727 -1.6
0.8 1.2
0.815 1.2
0.815 0.3
0.721 -0.4
0.571 -4.2
0.511 -6.8
0.5 -3.6
0.671 1.2
0.595 3.6
0.586 2.2
0.59 4.4
0.594 5.5
0.592 4.8
0.596 3.8
0.491 1.3
0.492 1.9
0.547 -1.2
0.528 -1.2
0.528 0.6
0.489 2.3
0.436 -4.8
0.523 -2.7
0.671 -3.2
0.605 -3.1
0.792 -4.5
0.668 0.0
0.665 -0.2
0.752 -2.7
0.789 0.0
0.813 -1.3
0.744 -1.3
0.744 -2.9
0.798 -2.7
0.743 2.1
0.754 3.4
0.82 4.3
0.721 3.8
0.724 2.7
0.733 3.2
0.693 4.4
0.617 3.2
0.574 3.0
0.652 1.6
0.596 1.6
0.596 1.6
0.614 3.0
0.75 -2.2
0.5 -1.6
0.875 -2.6
0.417 1.2
0.875 -3.4
0.474 -1.3
0.701 -5.1
0.727 -4.4
0.686 -4.4
0.726 -2.2
0.791 -1.4
0.75 -3.0
1.0 -3.1
0.125 -2.6
0.563 -24.7
0.833 -4.2
0.788 -3.1
0.556 -5.0
0.63 -3.1
0.642 0.6
0.681 0.3
0.721 0.7
0.738 -0.4
0.68 0.1
0.761 3.0
0.774 1.5
0.77 1.8
0.69 0.2
0.655 0.2
0.655 -1.1
0.649 -3.1
0.558 -7.8
0.548 -1.0
0.694 -1.9
0.731 -4.2
0.725 -1.8
0.698 -1.5
0.711 -8.5
0.754 -3.4
0.797 -1.7
0.717 -2.7
0.746 -2.1
0.688 -0.9
0.655 0.1
0.847 2.4
0.844 1.1
0.869 -0.3
0.867 -0.7
0.876 1.6
0.888 0.2
0.894 0.5
0.89 -0.6
0.891 -2.1
0.881 -2.1
0.881 -4.5
0.682 2.2
0.779 -0.4
0.828 1.1
0.828 5.1
0.887 1.0
0.845 1.6
0.802 -0.2
0.807 -0.1
0.873 -1.1
0.857 -1.0
0.667 -1.0
0.667 -3.1
0.857 -2.0
0.766 1.0
0.843 -0.6
0.848 -2.4
0.807 -2.0
0.792 -3.4
0.717 -3.0
0.803 -14.5
0.609 -1.9
0.656 2.4
0.593 -1.3
0.57 0.0
0.593 -0.9
0.562 0.8
0.562 -0.6
0.514 -1.1
0.5 -19.8
0.733 -5.5
0.725 -8.6
0.692 -1.3
0.791 -4.1
0.673 -1.9
0.76 -0.9
0.782 -3.2
0.667 -3.6
0.81 -5.2
0.571 -5.8
0.545 -7.5
0.688 -1.9
0.689 -2.1
0.822 0.6
0.81 1.2
0.719 1.7
0.754 -0.3
0.706 1.9
0.738 2.3
0.709 1.3
0.762 0.1
0.652 0.7
0.75 0.7
0.75 1.3
0.634 -1.3
0.688 1.0
0.719 3.0
0.693 3.1
0.71 1.7
0.588 5.5
0.618 3.1
0.725 4.1
0.63 2.1
0.517 -0.6
0.532 1.0
0.498 1.0
0.498 -2.0
0.667 -0.5
0.735 -1.5
0.653 -1.2
0.593 -4.3
0.719 -0.5
0.5 -6.3
0.556 -4.3
0.789 -2.9
0.743 -4.9
0.818 -3.7
0.743 -3.4
0.819 -5.7
0.784 -4.5
0.733 -0.5
0.791 -3.0
0.778 0.0
0.333 -8.2
0.587 -8.0
0.753 -1.7
0.78 -3.8
0.883 -1.7
0.85 -2.8
0.82 0.2
0.837 1.0
0.864 -3.5
0.709 -3.2
0.816 -3.4
0.833 -0.8
0.853 -0.8
0.853 -4.8
0.9 -2.5
0.535 -0.6
0.513 1.7
0.616 -1.6
0.598 1.6
0.616 3.0
0.663 0.8
0.667 2.1
0.672 4.6
0.755 2.7
0.681 0.9
0.733 0.9
0.733 -2.4
0.64 -0.6
0.64 -3.9
0.947 -2.4
0.885 -1.3
0.878 -0.2
0.835 0.8
0.921 -0.9
0.848 -0.5
0.704 1.9
0.851 -0.3
0.853 -1.4
0.736 2.3
0.833 -0.3
0.81 -0.5
0.867 0.5
0.618 -1.5
0.84 -0.4
0.882 -1.9
0.736 -4.7
0.804 -1.2
0.798 -1.5
0.714 -3.9
0.63 -2.5
1.0 -5.6
0.882 -1.6
0.744 -0.8
0.826 -12.1
0.333 1.5
0.884 1.1
0.789 0.9
0.816 1.3
0.851 -0.4
0.754 0.7
0.81 0.7
0.805 -4.0
0.75 -10.4
0.944 -7.7
0.632 -8.7
0.75 -1.0
0.822 -2.1
0.867 -1.0
0.825 -0.5
0.815 -1.1
0.81 -1.2
0.86 -1.2
0.858 -0.5
0.79 -0.5
0.79 0.8
0.845 -0.7
0.623 -4.0
0.833 -2.4
0.612 0.5
0.695 -1.5
0.704 0.6
0.744 -0.5
0.777 -5.1
0.673 2.3
0.685 0.1
0.629 0.5
0.577 1.2
0.587 1.7
0.571 3.4
0.629 2.4
0.442 0.0
0.609 2.3
0.5 4.4
0.344 4.1
0.524 4.1
0.524 4.5
0.48 -0.3
0.296 -0.5
0.668 4.5
0.695 1.9
0.707 1.4
0.739 3.3
0.66 1.8
0.848 0.1
0.818 2.6
0.908 0.9
0.981 -0.6
0.798 -1.3
0.854 -0.4
0.882 0.4
0.9 1.3
0.825 -3.2
0.906 -3.2
0.906 -0.1
0.875 -4.7
0.833 -2.6
0.8 -2.5
0.901 -0.5
0.8 -3.9
0.81 -4.9
0.8 -5.0
0.851 -5.6
0.712 -1.0
0.763 1.7
0.767 -3.3
0.83 -1.5
0.753 0.2
0.789 -0.6
0.796 0.8
0.773 0.0
0.788 -0.1
0.752 -0.1
0.752 0.3
0.786 -2.3
0.783 -4.0
0.725 -0.7
0.797 -2.1
0.8 -0.1
0.805 1.6
0.763 0.3
0.805 -1.8
0.806 0.3
0.789 -0.9
0.721 -3.0
0.8 -3.0
0.8 -0.9
0.847 -1.0
0.825 -4.7
0.787 -1.4
0.78 -4.3
0.722 3.7
0.81 1.2
0.832 1.9
0.772 -0.6
0.833 0.6
0.779 -0.1
0.82 -1.1
0.882 0.7
0.855 -1.2
0.8 -0.4
0.857 -0.2
0.526 -5.3
0.25 -5.3
0.752 -1.2
0.811 -0.3
0.83 -1.3
0.807 -1.7
0.825 -1.1
0.718 -5.4
0.812 -2.6
0.84 -6.6
0.844 -3.5
0.825 -3.6
0.74 -7.1
0.933 -5.8
0.889 -0.4
0.75 -6.7
0.806 -3.7
0.646 -6.0
0.777 0.9
0.803 1.4
0.852 2.9
0.878 2.7
0.848 1.6
0.848 1.9
0.873 -9.6
0.625 -2.8
0.94 -3.2
0.757 -3.2
0.784 -3.1
0.805 -6.9
0.829 -6.4
0.662 -4.0
0.6 -9.8
0.644 1.6
0.618 2.8
0.458 0.0
0.368 1.2
0.545 3.8
0.662 -1.8
0.667 -0.7
0.625 -0.6
0.8 -0.4
0.545 -0.4
0.545 -9.4
0.699 1.5
0.79 -0.2
0.815 -3.0
0.792 -4.1
0.828 -2.5
0.375 -3.3
0.8 -0.1
0.871 -0.8
0.867 -0.7
0.852 0.1
0.842 -2.2
0.85 1.2
0.872 -0.4
0.843 -2.3
0.839 -1.5
0.881 -1.5
0.881 -1.4
0.893 -9.3
0.91 -4.5
1.0 2.7
0.786 4.3
0.673 1.1
0.657 2.1
0.638 2.7
0.788 2.2
0.69 3.5
0.727 2.6
0.636 1.8
0.612 1.8
0.612 3.0
0.57 2.2
0.462 -17.3
0.5 -1.2
0.483 -9.1
0.667 -8.2
0.704 -2.3
0.852 -0.6
0.77 -2.1
0.7 -6.8
0.577 3.8
0.815 0.8
0.819 1.5
0.755 2.9
0.812 0.3
0.787 0.4
0.782 2.5
0.797 0.8
0.78 1.4
0.654 1.4
0.654 1.4
0.763 3.2
0.0 -2.9
0.759 -6.0
0.333 -2.0
0.526 1.0
0.633 0.1
0.532 -2.4
0.574 -4.5
0.515 -2.5
0.547 -2.6
0.621 -5.0
0.484 -2.6
0.577 -2.6
0.766 0.9
0.736 -4.4
0.69 -1.1
0.748 -3.5
0.75 -6.7
0.609 0.4
0.788 -0.9
0.876 -1.1
0.695 -1.6
0.811 -1.7
0.794 -1.1
0.869 0.7
0.853 -0.3
0.807 -0.3
0.807 -0.2
0.75 -0.5
0.556 0.9
0.647 2.5
0.607 -0.1
0.571 -2.1
0.765 -10.0
0.847 4.6
0.818 9.2
0.851 11.2
0.868 4.9
0.847 6.4
0.878 7.9
0.861 7.5
0.885 7.4
0.855 7.5
0.9 7.5
0.9 7.8
0.896 8.8
0.627 -3.1
0.649 -5.5
0.736 -6.3
0.552 -2.9
0.667 -3.2
0.536 -4.3
0.838 -4.8
0.8 -5.3
0.714 -4.1
0.724 -5.5
0.76 -6.2
0.645 -8.0
1.0 -3.0
0.673 -1.3
0.684 -3.5
0.756 -2.2
0.695 -5.3
0.744 -1.0
0.8 -4.8
0.708 -3.8
0.692 -2.0
0.8 -2.0
0.8 -0.8
0.756 -2.4
0.606 -2.0
0.545 3.9
0.0 -12.2
0.25 -11.3
1.0 -4.1
0.478 -1.4
0.752 0.2
0.777 0.0
0.786 2.6
0.841 0.1
0.746 -1.7
0.818 0.0
0.832 1.7
0.799 -0.2
0.835 -3.3
0.674 -3.3
0.674 -10.8
0.308 -6.8
0.882 -6.1
0.78 -1.7
0.9 -5.4
0.897 -6.2
0.698 -5.2
1.0 -7.0
0.556 0.2
0.664 1.1
0.753 1.7
0.79 0.4
0.474 2.0
0.622 1.4
0.591 -0.5
0.365 1.7
0.42 -7.7
0.0 -7.7
0.706 -2.9
0.82 -4.0
0.783 0.7
0.838 -1.9
0.815 -1.8
0.767 -2.5
0.857 -1.5
0.551 -5.2
0.571 -1.8
0.571 -1.8
0.571 -4.6
0.75 -41.1
0.0 -12.1
0.667 -1.5
0.661 -2.8
0.771 -3.1
0.704 -2.4
0.711 -2.8
0.737 -1.9
0.721 -4.2
0.768 -6.9
0.859 -2.6
0.705 0.0
0.735 -11.7
0.0 -0.2
0.813 -1.5
0.77 -0.4
0.792 1.5
0.848 -0.1
0.84 -6.1
0.75 -6.1
0.704 0.8
0.767 2.1
0.803 1.8
0.849 3.3
0.801 2.8
0.845 2.1
0.843 3.5
0.859 1.2
0.801 0.1
0.834 0.1
0.834 -0.1
0.869 -2.3
0.615 -2.8
0.696 -0.2
0.783 -0.9
0.79 1.1
0.824 0.4
0.823 1.9
0.812 -0.5
0.868 -1.8
0.849 0.9
0.861 0.9
0.861 0.3
0.83 0.8
0.747 -2.7
0.815 -1.6
0.822 0.9
0.806 -0.2
0.819 -1.3
0.845 1.0
0.788 -1.4
0.778 0.2
0.781 1.0
0.713 1.0
0.713 2.7
0.833 0.2
0.5 -3.4
0.603 -2.8
0.687 -1.7
0.747 -2.7
0.688 -12.5
0.875 -2.0
0.606 -11.3
0.5 -12.8
0.722 0.8
0.762 1.9
0.781 1.6
0.757 2.4
0.791 2.4
0.814 0.8
0.81 0.3
0.822 0.3
0.845 0.3
0.845 1.8
0.858 1.0
0.4 -8.8
0.286 -0.5
0.442 0.4
0.545 -4.9
0.391 -2.7
0.427 -3.3
0.333 -1.3
0.25 -2.0
0.471 -2.0
0.471 -5.0
0.597 -3.3
0.629 -2.3
0.633 -4.0
0.469 -3.1
0.0 -2.6
0.782 -1.5
0.717 -0.7
0.808 0.0
0.567 -0.6
0.432 2.7
0.646 -1.1
0.333 -0.9
0.75 -1.0
0.667 -3.2
0.8 -1.9
0.753 -2.4
0.844 -1.1
0.847 -1.3
0.776 -1.0
0.824 -3.0
0.84 -0.8
0.831 -0.8
0.774 -2.7
0.82 -0.8
0.873 -4.2
0.844 -2.4
0.824 -3.7
0.813 -3.7
0.813 -7.9
0.544 -1.2
0.456 -1.3
0.376 -1.9
0.675 3.9
0.759 2.0
0.702 1.1
0.639 1.8
0.654 1.2
0.56 -0.8
0.41 -3.4
0.6 -5.1
0.449 -9.3
0.714 -9.6
0.586 -2.9
0.821 -1.4
0.818 -1.7
0.911 -1.3
0.808 -2.1
0.784 -7.0
0.714 -6.1
0.75 -6.1
0.609 -2.6
0.679 -1.5
0.758 -2.7
0.825 -4.9
0.585 -6.2
0.605 -4.2
0.609 -6.2
0.7 -4.4
0.6 -5.6
0.794 -4.7
0.66 -3.4
0.71 -4.2
0.526 -8.9
0.733 -5.4
0.923 -5.9
0.711 0.7
0.679 -2.9
0.584 -1.4
0.671 -0.9
0.82 -1.8
0.854 -1.4
0.815 -0.4
0.846 -2.5
0.89 -2.6
0.893 -0.3
0.859 -0.3
0.819 0.9
0.849 -1.1
0.818 -1.1
0.818 -3.6
0.824 -3.9
0.731 -2.7
0.727 0.8
0.785 -1.4
0.767 0.4
0.753 2.7
0.805 1.8
0.791 0.5
0.814 0.9
0.822 2.1
0.858 2.1
0.858 -0.4
0.78 0.7
0.805 -3.6
0.718 0.0
0.81 -0.7
0.767 -0.4
0.694 -1.0
0.822 -2.2
0.791 -3.4
0.774 -3.5
0.84 -3.2
0.6 -2.2
0.671 -2.0
0.597 -3.3
0.69 -2.7
0.681 -5.1
0.52 -1.9
0.75 -0.3
0.625 -1.4
0.574 -1.4
0.574 -1.8
0.661 -6.4
0.561 -3.1
0.787 -11.5
0.55 -1.4
0.716 -3.1
0.718 -2.6
0.661 -2.0
0.826 -10.5
0.0 -5.5
0.796 -7.2
0.833 -3.3
0.893 -0.6
0.698 -0.7
0.801 1.3
0.827 2.7
0.765 4.1
0.864 3.7
0.795 5.9
0.813 3.6
0.808 3.6
0.808 6.8
0.811 6.6
0.673 1.9
0.677 3.3
0.699 2.1
0.693 2.4
0.757 5.0
0.792 3.8
0.742 3.1
0.731 4.2
0.757 4.2
0.757 5.3
0.757 2.7
0.333 -10.8
0.483 -8.5
1.0 -6.6
1.0 -0.2
0.75 -1.9
0.913 -5.4
0.778 0.4
1.0 1.1
0.846 0.0
0.909 -0.5
1.0 -3.4
0.0 -3.4
0.0 -6.6
1.0 -13.6
0.647 -1.0
0.6 -3.1
0.55 -5.2
0.835 2.2
0.816 0.6
0.834 0.8
0.789 -1.6
0.779 -2.0
0.736 -0.9
0.71 0.5
0.689 -9.9
0.587 -5.5
0.676 -1.6
0.867 -2.9
0.81 -5.2
1.0 -5.3
0.9 -4.3
0.794 -1.3
0.871 1.4
0.86 0.6
0.875 0.3
0.911 -1.1
0.9 0.8
0.915 0.7
0.901 0.7
0.901 0.8
0.888 -0.1
0.0 -9.9
1.0 -12.7
0.808 -5.2
0.658 -1.6
0.792 -3.2
0.647 2.6
0.611 4.5
0.642 3.5
0.621 2.0
0.568 1.3
0.597 1.8
0.645 0.0
0.627 -0.5
0.397 -0.5
0.397 1.0
0.58 0.3
0.838 3.5
0.753 5.8
0.824 4.1
0.78 -2.1
0.511 -1.3
0.721 0.5
0.836 1.2
0.674 2.0
0.747 0.9
0.884 3.5
0.826 0.8
0.768 1.3
0.776 1.3
0.776 1.1
0.626 1.2
0.586 -3.7
0.471 -6.7
0.485 -12.6
0.0 -7.6
0.624 -1.8
0.665 -1.3
0.677 -0.5
0.635 -1.7
0.735 -2.6
0.606 -0.7
0.741 0.2
0.783 0.1
0.686 -1.2
0.787 -5.4
0.759 -6.2
0.714 -3.7
0.365 -10.3
0.847 -3.9
0.787 -11.7
0.333 -4.5
0.55 -2.3
0.717 -7.4
0.764 -5.0
0.676 -5.4
0.73 -1.1
0.765 -1.9
0.773 -1.1
0.782 -2.4
0.817 0.3
0.735 2.1
0.847 0.8
0.798 -2.3
0.857 -0.6
0.815 -1.8
0.843 -1.8
0.843 -2.4
0.84 -3.5
0.968 -1.1
0.667 -6.8
0.592 0.2
0.652 0.4
0.717 0.9
0.644 0.7
0.69 -0.3
0.607 -4.7
0.5 1.4
0.682 1.4
0.682 2.2
0.75 -0.6
0.778 -3.2
0.769 -2.2
0.835 -1.1
0.784 -1.4
0.783 -2.7
0.839 1.7
0.847 -0.5
0.848 -0.5
0.848 -4.2
0.833 -1.9
0.8 -0.8
0.737 -1.6
0.648 -1.3
0.708 0.3
0.692 0.3
0.69 1.7
0.718 -1.1
0.743 -1.1
0.743 -3.1
0.75 -2.7
0.857 -1.3
0.866 0.2
0.822 -3.5
0.63 -0.9
0.795 -1.8
0.806 -0.5
0.807 -4.0
0.833 0.7
0.793 0.2
0.724 0.2
0.775 0.2
0.732 -0.2
0.817 -0.7
0.743 1.3
0.733 1.9
0.861 4.1
0.83 3.4
0.815 2.7
0.859 2.7
0.859 1.7
0.834 5.7
0.825 -3.0
0.875 -4.5
0.84 -0.2
0.8 -2.6
0.636 -7.0
0.692 -3.6
0.643 -9.4
0.66 -1.0
0.73 -3.0
0.696 -1.4
0.736 -4.2
0.683 -3.0
0.718 -2.5
0.693 -2.5
0.632 -2.5
0.737 0.8
0.676 3.7
0.754 2.8
0.743 2.7
0.726 1.1
0.796 -0.8
0.655 0.6
0.716 0.6
0.716 1.0
0.735 -0.3
0.873 1.8
0.863 5.1
0.9 2.9
0.88 5.2
0.86 7.7
0.905 8.8
0.873 6.1
0.854 6.1
0.854 7.9
0.898 8.0
0.5 0.4
0.333 -2.9
0.421 -6.5
0.391 5.0
0.0 -9.7
0.667 0.6
0.578 -0.5
0.68 0.7
0.725 2.0
0.649 -0.6
0.652 1.0
0.686 1.8
0.703 1.8
0.703 1.2
0.705 0.3
0.566 -1.5
0.576 0.7
0.714 -1.8
0.5 -2.0
0.532 -2.9
0.523 -2.6
0.744 -0.8
0.788 1.1
0.74 -0.8
0.655 -2.1
0.662 -0.3
0.689 -1.3
0.534 2.7
0.727 -0.1
0.777 0.5
0.783 -1.9
0.647 -1.9
0.647 -0.6
0.831 -0.5
0.731 2.3
0.727 3.3
0.789 4.4
0.798 2.8
0.733 3.1
0.644 2.8
0.682 3.8
0.759 3.8
0.759 4.1
0.798 3.1
0.841 -4.3
0.772 -4.0
0.798 -5.9
0.681 -7.3
0.661 0.4
0.813 -0.7
0.806 -2.0
0.74 -1.8
0.799 -0.7
0.817 -4.9
0.824 -3.6
0.82 -3.6
0.82 -0.7
0.792 -5.0
0.817 -3.2
0.776 -4.8
0.438 -0.5
0.725 -6.9
0.0 -2.5
0.769 -0.4
0.736 -1.9
0.0 -1.1
0.769 0.7
0.5 2.9
0.739 -0.2
0.639 -0.8
0.765 2.9
0.729 -1.1
0.615 -1.1
0.615 -1.4
0.7 -2.4
0.741 1.6
0.85 0.6
0.8 -1.9
0.882 -8.6
0.0 -17.3
0.691 3.4
0.676 2.5
0.744 4.9
0.739 5.8
0.748 5.2
0.751 6.6
0.737 3.4
0.603 3.4
0.603 1.9
0.489 2.1
0.645 -6.6
0.828 -7.1
0.5 -2.7
0.5 -12.1
0.668 1.4
0.76 -0.4
0.779 -0.2
0.738 -1.4
0.773 -0.1
0.787 -3.8
0.728 -0.7
0.699 -0.7
0.699 -1.2
0.726 -1.1
0.78 0.8
0.794 -3.4
0.717 -0.6
0.823 -1.0
0.782 -2.1
0.839 -2.2
0.807 -3.9
0.769 -3.9
0.769 -1.8
0.756 -4.6
0.0 -14.9
0.814 -0.5
0.803 -0.8
0.833 0.3
0.866 -0.2
0.834 -2.5
0.783 -4.1
0.836 -0.1
0.819 -0.1
0.819 -2.5
0.829 -6.0
0.743 -3.5
0.754 -2.7
0.725 -4.3
0.833 -5.8
0.788 -6.8
0.793 -1.1
0.87 -0.4
0.771 -2.2
0.742 -0.1
0.808 1.0
0.78 0.5
0.784 1.5
0.826 1.5
0.826 -3.3
0.872 -3.6
0.654 -0.1
0.467 -0.8
0.6 -1.4
0.609 -2.4
0.625 -6.6
0.675 -1.2
0.635 -2.1
0.567 -2.8
0.61 -0.4
0.815 -4.9
0.85 -4.5
0.8 -3.0
0.816 -3.4
0.852 -2.5
0.82 -1.9
0.825 -3.5
0.892 -3.5
0.892 -4.8
0.829 -0.7
0.738 0.5
0.735 -1.8
0.691 0.3
0.707 1.6
0.771 1.7
0.574 -0.2
0.712 -0.1
0.655 -0.1
0.655 0.1
0.644 1.4
0.714 -10.4
0.0 -3.4
0.699 -3.7
0.845 1.3
0.866 4.4
0.812 4.6
0.877 1.3
0.844 -0.1
0.952 -1.1
0.854 -1.1
0.854 -1.4
0.873 -0.8
0.667 -4.3
0.567 -1.3
0.893 -2.6
0.779 -0.3
0.906 -3.6
0.875 -1.9
0.838 0.4
0.885 -2.5
0.868 -2.5
0.868 -1.7
0.805 -4.2
0.808 3.8
0.843 1.7
0.841 2.3
0.836 3.4
0.848 4.2
0.803 3.1
0.857 3.1
0.857 2.0
0.849 1.2
0.806 -2.5
0.831 -2.1
0.806 1.3
0.852 -0.2
0.836 -1.8
0.797 -2.6
0.883 -2.6
0.883 -1.0
0.778 -8.2
0.772 -1.7
0.8 -2.4
0.753 -3.9
0.642 -6.1
0.746 -3.5
0.772 -4.7
0.769 -4.7
0.769 -3.4
0.776 -2.9
0.791 -6.6
0.767 -0.4
0.745 0.0
0.871 1.4
0.792 1.1
0.795 1.2
0.742 -1.0
0.774 -1.0
0.774 1.5
0.0 -7.4
0.417 0.0
0.823 -4.0
0.847 -2.3
0.769 0.4
0.736 -1.5
0.624 2.1
0.805 1.4
0.748 3.9
0.76 1.1
0.774 1.1
0.774 0.7
0.727 2.7
0.839 1.8
0.867 0.9
0.863 0.4
0.963 0.2
0.818 0.5
0.862 2.1
0.871 2.3
0.733 4.3
0.67 3.6
0.748 3.9
0.748 6.1
0.848 2.9
0.768 4.8
0.795 4.8
0.795 1.0
0.829 4.2
0.0 -4.7
0.854 -0.5
0.742 1.3
0.825 0.3
0.754 -2.6
0.842 -1.2
0.785 -0.6
0.805 -0.6
0.805 -0.6
0.888 -1.4
0.853 -2.4
0.643 -3.4
0.662 -3.6
0.6 -5.6
0.737 -2.0
0.652 0.6
0.692 -3.7
0.286 -2.0
0.667 0.3
0.754 -0.2
0.745 3.0
0.711 1.9
0.741 -0.2
0.77 -1.0
0.824 -1.0
0.824 -1.3
0.807 -1.1
0.672 -2.6
0.681 -4.3
0.673 -2.4
0.642 -0.3
0.679 -0.8
0.517 -2.7
0.577 -2.7
0.577 -3.0
0.781 1.5
0.772 1.1
0.863 2.3
0.778 3.1
0.817 2.4
0.807 5.6
0.79 5.6
0.79 1.5
0.76 3.6
0.0 -16.5
0.686 -9.3
0.667 -4.3
0.0 -3.5
0.385 -3.7
0.375 1.3
0.452 1.0
0.525 0.3
0.386 4.1
0.428 4.1
0.397 4.1
0.397 3.4
0.43 4.1
0.706 -6.6
0.6 -6.7
0.558 1.0
0.6 1.5
0.558 -0.9
0.645 -1.5
0.647 -1.5
0.647 -1.2
0.548 -1.9
0.83 -0.8
0.869 -1.4
0.792 0.3
0.826 -0.3
0.861 0.4
0.884 0.5
0.86 0.5
0.86 -0.6
0.839 -0.1
0.793 1.9
0.817 0.1
0.787 -4.8
0.625 1.4
0.758 1.1
0.817 0.2
0.814 0.2
0.814 1.3
0.787 1.5
0.691 -1.0
0.704 -4.9
0.74 -1.1
0.714 1.1
0.778 3.0
0.818 2.1
0.772 2.1
0.772 1.4
0.795 -0.9
0.789 1.9
0.815 3.7
0.85 4.5
0.824 -1.1
0.704 8.4
0.821 1.9
0.804 1.9
0.804 2.5
0.822 0.8
0.8 -4.6
0.8 -3.0
0.7 -1.6
0.579 -3.6
0.714 -2.8
0.738 -7.1
0.0 -7.1
0.879 0.4
0.809 -1.1
0.756 0.3
0.773 0.4
0.82 -4.2
0.864 -1.3
0.827 -1.3
0.827 -3.5
0.729 1.4
0.699 0.0
0.707 -0.8
0.641 -4.1
0.571 -2.4
0.687 -3.2
0.589 -3.2
0.589 -1.6
0.526 0.7
0.66 -1.5
0.638 -0.1
0.583 -0.1
0.461 1.5
0.591 -5.9
1.0 -5.6
0.667 -5.6
0.667 -3.5
0.5 0.8
0.87 -0.5
0.886 -1.2
0.897 -3.0
0.933 -3.9
0.909 -2.4
0.828 0.6
0.888 0.6
0.888 -2.7
0.744 -4.3
0.637 4.1
0.716 -1.4
0.801 -3.6
0.674 -1.5
0.762 -1.5
0.689 -1.8
0.788 0.5
0.766 5.9
0.858 4.9
0.697 -1.3
0.629 -1.2
0.755 0.7
0.793 -7.1
0.667 -6.3
0.6 -6.0
0.455 -6.0
0.455 -1.3
0.643 -2.1
0.773 -3.9
0.745 -3.9
0.753 -2.9
0.771 -3.5
0.771 -5.2
0.821 -2.6
0.843 -2.6
0.843 -3.9
0.825 0.7
0.692 -0.9
0.715 -1.9
0.605 0.1
0.602 -2.0
0.694 -2.5
0.579 -1.7
0.622 -1.7
0.622 0.3
0.5 -0.5
0.769 0.4
0.802 -1.5
0.745 -3.3
0.863 0.3
0.805 -0.6
0.783 -0.6
0.783 0.0
0.617 -0.4
0.733 -5.7
0.696 0.1
0.796 -2.8
0.705 -1.3
0.707 0.0
0.833 -5.6
0.375 -1.9
0.688 -4.7
0.815 2.1
0.78 5.0
0.842 3.2
0.823 5.0
0.8 6.4
0.826 11.0
0.835 11.0
0.835 10.0
0.812 15.6
0.769 3.3
0.9 -2.9
0.719 -4.6
0.705 -2.1
0.556 -6.9
0.0 -3.5
0.711 -7.2
0.687 -5.3
0.808 -1.5
0.767 1.3
0.841 -3.3
0.547 1.1
0.657 1.6
0.613 -0.8
0.629 0.6
0.636 -7.4
0.667 -7.4
0.667 -6.4
0.597 -2.2
0.678 -5.3
0.667 -1.3
0.533 -1.5
0.77 -0.7
0.855 0.0
0.771 -1.8
0.762 -2.6
0.821 -2.8
0.827 -2.8
0.827 -1.7
0.623 -5.8
1.0 -1.3
0.875 2.0
0.765 2.1
0.773 2.9
0.702 2.9
0.702 0.2
0.6 1.0
0.672 -1.3
0.673 -2.4
0.685 -1.7
0.537 -0.8
0.68 -1.3
0.733 -1.3
0.733 -0.3
0.648 -3.0
0.722 -6.0
0.574 -3.8
0.724 -0.9
0.697 -4.8
0.647 -6.1
0.25 -6.1
0.851 -0.7
0.871 -0.3
0.83 0.2
0.88 1.0
0.857 1.5
0.788 1.5
0.788 -0.4
0.858 -1.5
0.646 -2.8
0.726 0.8
0.652 -0.9
0.65 -0.1
0.567 -1.6
0.617 -1.6
0.617 -1.2
0.695 -0.5
0.885 1.9
0.934 3.4
0.809 5.4
0.9 7.4
0.885 9.9
0.914 9.9
0.914 12.5
0.908 7.3
0.821 -1.3
0.759 -5.9
0.814 -0.7
0.765 -3.2
0.6 -5.4
0.833 -5.4
0.763 -2.4
0.813 -2.8
0.81 -1.9
0.831 0.7
0.824 -1.6
0.832 -1.6
0.832 1.4
0.85 0.9
0.809 0.7
0.794 -5.0
0.846 -0.3
0.905 -2.3
0.735 -1.3
0.615 -1.3
0.615 0.5
0.848 -1.2
0.871 -4.6
0.792 -2.6
0.8 -1.4
0.907 -1.7
0.909 -3.0
0.813 -3.0
0.813 -3.2
0.857 -0.2
0.748 -0.5
0.771 -0.3
0.779 1.3
0.775 0.8
0.771 1.9
0.694 1.9
0.694 1.7
0.796 -0.9
0.826 -7.2
0.762 -6.2
0.5 -2.9
0.5 -0.8
0.621 -2.3
0.783 -0.5
0.788 -1.5
0.795 -2.6
0.705 -1.0
0.701 -1.0
0.701 -0.8
0.667 -4.6
0.646 0.0
0.676 1.2
0.622 -0.5
0.679 -1.1
0.751 0.6
0.717 0.6
0.717 1.6
0.692 -2.1
0.667 -3.0
0.0 3.2
0.79 3.3
0.848 3.3
0.794 5.0
0.874 5.0
0.874 2.7
0.739 2.4
0.743 -3.3
0.779 -2.7
0.813 -2.9
0.72 -1.8
0.681 -0.5
0.698 -0.5
0.698 -2.7
0.808 2.3
0.843 4.5
0.846 5.5
0.851 5.7
0.866 8.4
0.868 8.4
0.868 6.7
0.86 10.1
0.745 -2.3
0.785 -2.6
0.76 -1.6
0.824 -1.7
0.761 -1.5
0.848 -1.5
0.848 -3.3
0.767 -3.1
0.676 -3.4
0.706 -2.1
0.638 -1.6
0.656 -0.7
0.685 -2.6
0.738 -2.6
0.738 -0.7
0.712 -12.9
0.756 1.4
0.823 0.9
0.783 0.6
0.752 0.7
0.81 2.3
0.855 2.3
0.855 1.7
0.843 1.7
0.846 -7.6
0.5 -2.7
0.63 0.1
0.75 3.0
0.661 2.1
0.749 1.9
0.784 0.8
0.836 0.8
0.836 -0.1
0.752 -0.4
0.684 -0.5
0.817 1.8
0.809 2.3
0.808 0.9
0.819 -0.5
0.751 1.8
0.839 1.8
0.839 -1.4
0.731 -3.0
0.729 0.0
0.662 1.9
0.704 -3.0
0.597 4.5
0.844 2.7
0.657 2.7
0.657 -0.6
0.574 2.8
0.757 1.9
0.764 3.3
0.824 1.4
0.756 1.7
0.798 0.5
0.73 0.5
0.73 -4.6
0.686 -1.3
0.829 1.1
0.844 1.3
0.86 1.2
0.797 2.4
0.837 3.9
0.752 3.9
0.752 0.5
0.863 0.1
0.722 -3.4
0.729 -4.0
1.0 -7.4
0.726 -7.6
0.795 0.6
0.894 -0.4
0.906 -0.9
0.896 0.7
0.857 -0.9
0.906 -0.9
0.906 -4.1
1.0 -1.8
0.571 -3.6
0.766 2.5
1.0 -0.4
0.842 3.3
0.89 -0.7
0.0 -17.2
0.5 -5.0
0.821 -3.6
0.646 -3.3
0.8 -3.4
0.667 -1.9
0.8 -1.8
0.79 -6.0
0.0 -3.7
0.667 -3.7
0.711 -10.5
0.45 -3.4
0.778 -12.6
0.717 -4.0
0.837 -1.8
0.794 1.2
0.757 -0.7
0.881 -1.1
0.846 1.8
0.862 1.8
0.862 0.3
0.837 1.9
0.7 -5.8
0.581 -3.9
0.543 -7.2
0.65 0.8
0.604 -5.8
0.814 0.0
0.788 1.0
0.865 -0.7
0.881 -1.6
0.804 -2.4
0.821 -2.4
0.821 -2.1
0.848 -3.2
0.839 -1.9
0.746 -2.5
0.725 -3.4
0.476 -8.2
0.0 -2.7
1.0 -2.7
0.715 -7.3
0.667 -2.5
0.587 -3.5
0.777 -1.3
0.767 -4.5
0.731 -2.8
0.579 -7.7
0.583 -3.3
0.65 -1.1
0.639 -2.2
0.579 -2.2
0.0 -4.1
0.5 0.3
0.929 -4.0
0.6 1.2
0.867 0.9
0.781 0.9
0.781 4.8
0.714 0.6
0.773 -1.3
0.754 0.4
0.737 -0.3
0.664 2.4
0.712 2.4
0.712 0.2
0.737 -1.1
0.778 -3.6
0.75 -0.1
0.857 -2.5
0.503 1.1
0.456 -1.3
0.562 -2.4
0.619 -0.7
0.582 -0.7
0.582 -4.2
0.545 -3.1
0.333 -3.4
0.85 -3.6
0.769 -1.4
0.778 -1.4
0.684 -1.4
0.684 -2.9
0.78 -1.9
0.744 -0.9
0.636 2.7
0.791 2.9
0.772 2.6
0.8 2.6
0.8 2.8
0.802 3.3
0.673 0.3
0.602 0.1
0.556 0.2
0.618 0.2
0.581 0.2
0.581 1.4
0.67 0.1
0.0 -8.1
0.5 -1.3
0.795 -2.7
0.755 -2.5
0.804 -1.7
0.79 -1.7
0.79 0.2
0.78 -0.5
0.687 -0.3
0.702 1.0
0.738 4.7
0.726 4.7
0.782 4.7
0.782 2.6
0.718 6.6
0.869 -2.3
0.793 -1.6
0.811 -1.8
0.555 0.9
0.67 0.8
0.617 -1.3
0.528 3.0
0.487 3.0
0.487 3.3
0.559 -2.1
0.783 -3.4
0.657 -7.6
0.65 -4.7
0.703 5.7
0.5 3.7
0.636 -0.1
0.68 3.5
0.828 3.5
0.828 -2.6
0.643 -6.3
0.595 -0.8
0.649 1.1
0.688 0.7
0.669 2.4
0.669 2.4
0.669 2.7
0.709 -0.1
0.769 0.4
0.562 -1.9
0.642 -2.9
0.636 -1.5
0.833 -1.5
0.678 -2.2
0.762 3.9
0.802 4.7
0.807 4.7
0.864 -3.3
0.727 -3.3
0.727 4.5
0.86 2.8
0.642 4.1
0.521 4.8
0.66 4.6
0.715 4.1
0.728 4.1
0.728 3.3
0.727 4.4
0.731 -4.6
0.763 -4.3
0.711 1.9
0.832 1.3
0.827 1.0
0.816 3.4
0.812 3.4
0.812 2.5
0.824 4.2
0.786 -8.0
0.583 -2.9
0.635 -4.6
0.612 -6.6
0.63 -3.6
0.655 -7.9
0.583 -7.9
0.643 -6.3
0.667 0.0
0.0 -5.5
0.591 -5.0
0.75 -4.7
0.789 1.9
0.618 -0.8
0.86 -2.2
0.875 -2.2
0.875 -1.4
0.696 -1.6
0.706 -4.9
0.771 0.2
0.792 -1.5
0.804 -1.5
0.804 0.5
0.652 -1.8
0.824 -2.9
0.784 -4.2
0.76 2.2
0.798 0.3
0.785 -0.4
0.823 -0.8
0.795 -0.8
0.795 -1.1
0.815 2.2
0.622 3.8
0.739 2.4
0.689 0.3
0.657 1.9
0.75 1.9
0.75 1.5
0.74 2.0
0.712 -1.6
0.684 -1.6
0.769 -0.5
0.754 -0.4
0.718 -0.4
0.718 -1.2
0.716 -3.6
0.5 -20.4
0.808 -0.5
0.781 -2.6
0.865 -4.6
0.895 -4.3
0.867 -4.3
0.867 -2.8
0.855 -16.6
0.444 -5.5
0.714 -2.9
0.702 -0.2
0.762 1.5
0.704 3.2
0.788 3.2
0.788 1.0
0.853 0.9
0.763 1.5
0.743 0.3
0.744 0.2
0.747 -4.5
0.837 -4.5
0.837 -8.2
0.0 -4.0
0.643 -17.9
0.0 -22.7
0.706 -1.9
0.623 0.6
0.787 -2.6
0.808 -0.7
0.74 -0.7
0.618 -5.4
0.701 -7.7
0.56 1.5
0.474 2.5
0.618 -1.8
0.473 1.4
0.5 1.4
0.71 -1.3
0.671 -5.7
0.693 -5.2
0.871 -3.0
0.707 -3.0
0.707 -4.4
0.826 -3.6
0.571 -1.7
0.7 -6.2
0.429 -2.3
0.564 -4.1
0.596 -4.1
0.596 -1.7
0.693 -0.8
0.543 2.5
0.691 2.9
0.73 1.9
0.699 3.3
0.75 3.3
0.75 -0.8
0.813 -5.0
0.786 -4.2
0.471 0.9
0.652 2.3
0.711 -3.5
0.627 -3.5
0.627 -1.4
0.784 -5.4
0.808 -1.8
0.676 -2.1
0.74 -3.7
0.813 -1.0
0.752 -1.0
0.752 -0.7
0.827 -2.6
0.656 0.2
0.754 -0.5
0.748 -3.5
0.638 0.7
0.778 0.7
0.589 -1.2
0.773 -1.6
0.821 0.1
0.805 -1.4
0.88 -1.1
0.758 -1.1
0.758 -6.9
0.846 -7.5
0.766 0.6
0.789 3.4
0.804 2.6
0.805 3.5
0.785 3.5
0.785 3.2
0.791 4.1
0.0 -6.7
0.786 -2.6
0.717 -2.8
0.66 0.8
0.702 0.8
0.702 -0.6
0.63 -0.3
0.619 -1.2
0.4 -0.2
0.483 -3.2
0.521 -2.5
0.517 -0.4
0.583 -0.4
0.583 -0.1
0.628 -2.2
0.764 -2.2
0.734 -3.7
0.727 -2.7
0.713 -1.2
0.748 -1.6
0.822 -1.6
0.822 -2.5
0.752 -4.2
0.768 1.9
0.803 2.4
0.769 4.7
0.834 4.7
0.834 4.0
0.832 6.9
0.776 -4.5
0.65 -3.0
0.779 -3.0
0.716 -3.0
0.716 -3.7
0.8 -8.2
0.667 -27.8
0.665 2.2
0.613 1.2
0.65 0.8
0.691 0.8
0.691 0.9
0.613 0.8
0.833 -3.6
0.859 -2.4
0.905 -5.5
0.956 -5.5
0.956 -7.5
0.917 -18.0
0.4 -1.0
0.5 -1.0
0.784 -3.2
0.0 -3.2
0.0 -2.2
0.615 -9.6
0.5 -0.2
0.667 -11.7
0.815 -0.8
0.752 -1.7
0.807 -0.3
0.788 -0.3
0.788 1.0
0.831 1.2
0.7 -2.7
0.6 -13.2
0.872 3.3
0.855 3.2
0.861 3.3
0.863 3.3
0.863 1.6
0.885 2.5
0.862 -0.8
0.839 -0.4
0.893 0.8
0.83 0.8
0.83 2.3
0.864 -1.4
0.872 -6.8
0.72 -2.1
0.647 -0.5
0.857 0.6
0.823 0.7
0.734 0.7
0.734 -1.0
0.764 -0.8
0.667 -2.1
0.795 -3.9
0.73 -2.1
0.782 -2.1
0.782 -1.7
0.797 -1.2
0.759 -2.1
0.733 -0.9
0.802 1.1
0.874 1.1
0.874 -0.3
0.852 -4.5
0.824 -0.9
0.773 3.9
0.825 5.8
0.802 6.1
0.802 6.1
0.802 8.3
0.874 7.9
0.75 -4.4
0.462 -1.6
0.787 -3.1
0.627 -3.1
0.627 -1.0
0.762 0.1
0.474 -0.1
0.5 24.8
0.712 -3.9
0.563 -2.4
0.865 -3.1
0.806 -3.1
0.806 -1.2
0.738 -1.8
1.0 -3.2
0.797 -2.3
0.765 -2.5
0.6 -2.5
0.6 -1.8
0.629 -1.3
0.667 -4.3
0.649 -5.7
0.654 -7.2
0.444 -7.2
0.75 -1.9
0.564 0.2
0.761 -0.4
0.628 -0.4
0.628 0.7
0.749 -0.5
0.717 -1.0
0.732 1.0
0.792 -0.2
0.763 -0.2
0.763 -2.8
0.735 -1.0
0.44 -1.3
0.529 -4.1
0.593 -6.3
0.551 2.7
0.729 2.6
0.742 2.5
0.72 2.5
0.72 1.9
0.684 -4.1
0.803 1.8
0.799 1.5
0.802 -0.5
0.803 -0.5
0.803 1.9
0.847 0.8
0.786 -11.6
0.798 0.6
0.766 -0.1
0.746 -0.4
0.672 -0.4
0.672 -0.2
0.784 -1.3
0.682 -3.3
0.571 -5.6
0.767 -6.3
0.8 -4.8
0.6 -1.4
0.779 -1.4
0.779 -2.4
0.0 -0.5
0.623 -7.5
0.4 -1.0
0.513 -1.0
0.513 -4.3
0.714 -8.6
0.707 -1.4
0.768 0.6
0.594 -1.7
0.5 -1.7
0.727 0.7
0.75 -3.0
0.832 -0.2
0.882 2.9
0.85 1.8
0.868 1.8
0.868 3.0
0.871 5.4
0.839 -2.7
0.729 -10.7
0.5 -5.7
0.727 -5.7
0.727 -3.2
0.857 -3.7
0.5 -0.5
0.625 -12.0
0.0 -7.4
0.692 -7.4
0.868 -0.1
0.841 0.7
0.795 2.7
0.879 2.7
0.879 0.7
0.873 0.3
0.552 -0.5
0.608 -2.0
0.693 -0.6
0.641 -0.6
0.641 1.5
0.616 1.5
0.558 -11.9
0.667 -5.1
0.532 -2.5
0.308 0.5
0.529 0.4
0.683 0.5
0.766 0.5
0.752 0.5
0.752 1.8
0.753 0.9
0.789 1.5
0.798 1.7
0.837 2.2
0.827 2.2
0.827 4.0
0.847 3.6
0.697 -3.7
0.706 -2.6
0.718 -3.2
0.684 -3.2
0.684 -2.6
0.758 -4.2
0.774 -22.1
0.0 -0.2
0.816 -1.1
0.66 -3.1
0.784 -3.1
0.784 0.2
0.735 -3.0
0.758 -1.4
0.718 1.1
0.72 1.1
0.72 -0.2
0.761 -1.9
0.769 -2.7
0.813 -0.6
0.787 -0.6
0.787 -0.1
0.806 0.3
0.583 -4.0
0.905 -1.0
0.865 -1.0
0.865 -0.2
0.764 -1.8
0.614 -2.5
0.606 -1.8
0.6 -1.8
0.6 0.3
0.815 -0.8
0.786 -1.1
0.788 0.5
0.783 0.5
0.783 -0.6
0.767 2.2
0.829 2.5
0.814 0.8
0.75 0.8
0.75 1.1
0.682 2.3
0.467 -3.0
0.909 -4.2
0.0 -4.2
0.759 1.4
0.714 -4.3
0.733 -4.3
0.733 -7.7
0.644 0.6
0.754 0.6
0.773 0.6
0.773 2.8
0.82 1.6
1.0 -5.1
0.813 -6.7
0.538 -6.7
0.538 -5.9
0.751 4.5
0.791 7.1
0.805 7.1
0.805 2.2
0.758 3.7
0.795 -0.4
0.371 1.6
0.418 -0.2
0.389 -0.2
0.389 -0.5
0.355 0.9
0.769 -2.5
0.756 -2.1
0.728 -2.1
0.728 0.7
0.836 -1.3
0.667 -0.7
0.69 -1.8
0.84 -1.8
0.5 -5.2
0.818 2.8
0.667 5.0
0.66 5.0
0.66 5.8
0.696 5.4
0.57 -0.1
0.594 -2.9
0.537 -2.9
0.537 -0.2
0.622 0.7
0.533 0.3
0.514 2.7
0.569 2.7
0.569 1.6
0.59 -0.1
0.61 -3.7
0.545 1.6
0.87 1.6
0.843 -7.5
1.0 -0.9
0.842 -0.9
0.842 -5.4
0.833 -4.1
0.719 -6.2
0.0 -25.5
0.667 -2.5
0.667 -5.4
0.649 -5.4
0.765 2.2
0.605 1.3
0.606 1.3
0.606 -3.4
0.664 -1.3
0.749 -0.9
0.614 -0.8
0.701 -0.8
0.701 -1.4
0.69 0.2
0.297 -7.2
0.588 -4.6
1.0 -1.2
0.797 -1.6
0.891 -1.6
0.891 -0.5
0.727 -1.7
0.809 -3.3
0.762 0.2
0.938 0.2
0.938 -1.5
0.761 -3.3
0.844 2.7
0.871 5.1
0.864 5.1
0.864 3.7
0.892 4.3
0.571 -4.5
0.528 -4.1
0.889 -4.1
0.889 -8.8
0.844 -1.5
0.861 1.4
0.859 1.4
0.859 0.6
0.888 -0.5
1.0 -2.3
0.806 -9.9
0.0 -9.9
0.5 -3.8
0.709 -3.7
0.727 -3.7
0.627 -3.5
0.604 -0.1
0.602 -0.1
0.602 -4.3
0.642 -3.1
0.643 -7.0
0.798 -6.7
0.825 -6.2
0.6 -6.2
0.6 -3.7
0.785 -6.4
0.667 0.5
0.687 -0.2
0.772 -0.2
0.772 0.7
0.767 3.5
0.75 -1.5
0.561 -0.2
0.478 -0.2
0.478 -1.8
0.576 -3.6
0.88 0.6
0.917 -0.5
0.854 -0.5
0.854 0.4
0.546 -3.9
0.636 -2.9
0.675 -2.9
0.675 -2.2
0.681 -1.6
0.909 -2.9
0.94 -2.5
0.892 -2.5
0.892 -3.9
0.894 -5.9
0.523 -3.2
0.564 -2.7
0.528 -2.7
0.528 -2.9
0.431 -2.3
0.714 -0.1
0.837 -1.6
0.786 -1.6
0.786 -0.2
0.79 -0.3
0.636 -2.3
0.681 -2.8
0.671 -2.8
0.671 -4.3
0.768 -3.0
0.78 -1.6
0.792 -1.6
0.792 -0.6
0.794 -5.3
0.563 -6.8
0.72 -3.1
0.756 0.5
0.807 0.5
0.0 -1.3
0.744 -3.4
0.774 -3.4
0.774 -2.6
0.806 -0.1
0.826 -1.6
0.769 -1.6
0.769 -2.5
0.659 -5.9
0.746 -0.3
0.778 2.0
0.744 2.0
0.744 1.1
0.64 -7.5
0.728 -5.4
0.553 -4.0
0.634 -4.0
0.556 -9.7
0.563 -8.8
0.818 -0.5
0.71 -2.6
0.717 -2.6
0.717 -0.5
0.774 -4.9
0.789 -1.4
0.762 -0.5
0.786 -0.5
0.786 1.1
0.761 -0.6
0.5 -1.0
0.746 -2.1
0.685 -3.6
0.68 -3.6
0.68 -2.1
0.713 -0.9
0.895 11.2
0.724 -4.6
0.641 -1.5
0.667 -1.5
0.667 -13.4
0.764 -1.7
0.719 0.9
0.823 0.9
0.823 -4.4
0.815 -2.5
0.581 0.4
0.502 0.4
0.502 2.1
0.582 0.6
0.683 0.5
0.741 0.5
0.741 2.4
0.724 7.6
0.758 -2.7
0.715 -2.7
0.79 -1.5
0.809 -1.5
0.809 -1.2
0.771 -0.5
0.638 -4.8
0.641 -4.8
0.641 -9.4
0.9 -3.0
0.2 -8.5
0.4 -8.5
0.692 -2.6
0.632 -2.6
0.632 -9.5
0.778 -4.0
0.667 -4.0
0.667 0.0
0.933 0.1
0.903 -1.9
0.752 -1.9
0.752 -2.0
0.817 -5.7
0.889 -4.9
0.9 -4.9
0.611 -0.3
0.533 -0.3
0.77 -1.0
0.696 -1.0
0.696 1.1
0.811 0.9
0.724 -2.2
0.817 -2.2
0.817 -2.7
0.833 -3.4
0.703 -0.7
0.694 -0.7
0.694 -0.8
0.654 -2.4
0.714 -2.8
1.0 -2.8
1.0 -3.0
0.824 -2.0
0.0 0.2
0.82 0.2
0.82 -0.2
0.791 1.4
0.75 -0.3
0.75 -0.3
0.75 -0.7
0.867 -1.0
0.0 -15.9
0.0 -15.9
0.0 -1.5
0.833 1.4
0.0 -4.9
0.846 -4.9
0.846 -1.1
0.556 -3.1
0.8 -2.1
1.0 -2.1
0.642 -3.2
0.649 -3.2
0.656 -3.3
0.531 -3.3
0.531 -1.3
0.75 1.7
0.792 -2.6
0.763 -2.6
0.763 -1.6
0.864 -4.7
0.634 2.5
0.783 2.5
0.783 2.4
0.827 1.8
1.0 -5.1
0.0 -5.1
0.492 5.8
0.623 5.8
0.623 3.7
0.569 5.8
0.673 -4.5
0.735 -4.5
0.735 -4.6
0.674 -1.1
0.75 -3.1
0.692 -3.1
0.692 -3.2
1.0 0.7
0.83 0.7
0.857 -0.3
0.824 -0.3
0.824 0.0
0.857 -0.3
0.938 -3.5
0.828 -3.5
0.9 -1.2
0.763 -1.2
0.763 -4.2
0.815 -2.8
0.832 -2.8
0.832 -6.0
0.685 -3.9
0.455 0.8
1.0 0.8
0.64 -2.4
0.782 -2.4
0.782 -2.2
1.0 -7.9
0.727 -7.9
0.645 -1.0
0.702 -1.0
0.702 -3.6
0.728 -1.7
0.625 -5.5
1.0 -5.5
0.744 -1.7
0.679 -1.7
0.679 -3.8
0.676 -0.7
0.699 -0.7
0.699 0.4
0.827 1.0
0.804 -0.8
0.813 -0.8
0.813 -3.2
0.718 -4.9
0.667 -16.6
0.0 -16.6
0.65 -1.8
0.717 -1.8
0.717 -4.2
0.764 -4.4
0.59 -11.2
1.0 -11.2
1.0 1.7
0.88 1.7
0.88 -0.5
0.795 1.1
0.78 0.0
0.819 0.0
0.819 1.8
0.83 -1.3
0.811 2.1
0.684 2.1
0.684 1.2
0.75 0.7
0.5 2.3
0.375 2.3
0.626 0.8
0.495 0.8
0.495 2.8
0.642 2.7
0.667 -0.4
0.734 -0.4
0.734 1.8
0.754 3.9
0.644 -2.2
0.673 -2.2
0.673 -6.4
0.818 -14.4
1.0 -14.4
0.7 0.3
0.479 0.3
0.479 1.4
0.611 0.0
0.674 -2.4
0.827 -2.4
0.827 -1.4
0.791 -0.7
0.756 -1.5
0.8 -1.5
0.8 -4.1
0.909 -0.8
0.712 -2.1
0.708 -2.1
0.708 -3.1
0.719 -3.3
0.712 -1.0
0.68 -1.0
0.68 1.7
0.729 1.6
0.656 -6.1
0.333 -6.1
0.73 0.4
0.774 0.4
0.774 1.0
0.754 2.1
0.609 -0.6
0.609 1.9
0.481 -0.7
0.643 -2.7
0.643 1.8
0.747 1.6
0.8 -7.7
0.8 -7.7
0.0 -26.9
0.0 26.6
0.551 -1.6
0.551 -3.4
0.422 -1.6
0.821 -1.8
0.821 -3.4
0.833 -2.9
0.753 -3.8
0.825 -2.7
0.825 -2.6
0.0 -18.9
0.0 -11.6
0.0 0.8
0.174 -7.8
0.174 0.5
0.379 0.9
0.5 -3.7
0.0 -16.3
0.829 -0.3
0.829 -1.4
0.804 -2.7
0.429 -4.0
0.833 -4.4
0.833 -12.0
0.0 -11.5
0.912 -4.2
0.912 -5.1
0.576 -0.9
0.6 -6.5
0.667 -11.4
0.75 -5.2
0.75 -8.2
0.84 -1.5
0.84 2.4
0.735 0.0
0.714 -6.7
0.714 -4.8
0.735 -4.9
0.625 -3.8
0.476 -7.3
0.476 -1.3
0.716 -2.2
0.808 -1.1
0.808 -0.4
0.754 -2.6
0.721 -2.8
0.721 1.8
0.668 -0.7
0.5 -11.3
0.591 -3.3
0.591 -1.3
0.658 -2.1
0.833 -5.4
0.833 -2.0
0.8 -2.1
0.8 -1.9
0.752 0.7
0.861 -3.5
0.861 -4.2
0.745 -4.3
0.745 0.2
0.82 1.5
0.6 -4.5
0.6 -6.6
0.0 -3.0
0.763 -1.1
0.763 0.7
0.86 -1.2
0.75 -0.8
0.75 0.1
0.722 2.7
0.574 -3.7
0.574 -13.8
1.0 -8.4
0.68 -7.3
0.681 -1.1
0.681 0.4
0.797 1.5
1.0 -3.8
1.0 -3.0
0.896 -3.0
1.0 -7.4
0.643 -3.6
0.643 -2.3
0.899 -3.2
0.842 -4.5
0.842 -1.4
0.793 -0.3
0.0 -1.3
0.313 -4.5
0.313 -5.5
0.56 -1.8
0.56 -1.1
0.531 -0.4
0.752 -2.7
0.752 -5.0
0.8 -4.1
0.667 -8.0
0.667 -3.1
0.857 -3.5
0.625 -2.4
0.625 -7.7
1.0 -8.5
0.674 -1.6
0.674 -2.8
0.722 -13.2
0.803 1.2
0.803 1.2
0.807 0.4
0.0 -4.5
0.0 -4.5
0.786 -2.6
0.786 -4.9
0.733 -2.2
0.609 0.8
0.609 0.7
0.59 3.2
0.5 -10.3
0.5 2.6
0.533 5.4
0.636 -0.6
0.636 -1.3
0.616 -0.2
0.444 -9.0
0.444 -6.0
0.675 -3.3
0.722 -2.3
0.722 -4.3
0.697 -1.2
0.697 -2.4
0.768 0.2
0.652 -5.9
0.652 -6.1
0.654 -1.5
0.551 -0.7
0.551 -1.3
0.589 0.9
0.758 -0.9
0.758 -0.3
0.739 1.4
0.0 -16.8
0.0 -3.6
0.715 0.0
0.696 -2.5
0.696 -4.7
1.0 -4.6
0.67 -4.4
0.67 -5.4
0.646 1.1
0.646 0.7
0.777 -0.3
0.923 -8.0
0.923 -4.8
0.859 -3.9
0.859 -3.6
0.771 -2.4
0.5 -8.4
0.536 0.5
0.536 -1.0
0.5 15.4
0.692 -5.6
0.692 -4.0
0.745 -3.9
0.737 -2.1
0.737 -1.2
0.703 -0.3
0.0 -3.0
0.769 -6.1
0.783 0.5
0.783 -4.5
0.76 -2.3
0.76 -2.1
0.761 -2.7
1.0 -6.0
1.0 -2.4
0.75 -8.6
0.552 -3.8
0.552 -4.6
0.25 -3.1
0.825 1.7
0.81 1.3
0.8 -1.6
0.727 -1.1
0.84 -2.3
0.85 -4.0
0.648 -1.2
0.0 -4.2
1.0 -2.5
0.0 -1.0
1.0 -7.3
0.714 0.0
0.78 -0.3
0.522 0.9
0.417 -11.6
0.907 -5.7
0.725 -6.1
0.712 -1.0
0.689 1.7
0.931 -7.0
0.0 5.7
0.857 -11.4
0.784 -2.0
0.811 8.4
0.718 -1.8
0.73 -1.5
0.0 0.4
0.695 -3.0
0.763 0.1
0.726 -6.4
0.634 -1.9
0.478 -4.6
0.75 -6.5
0.587 0.2
0.5 -4.9
0.67 -3.7
0.681 1.9
0.743 -0.3
0.686 -3.3
0.633 -2.3
0.727 -11.2
0.792 -7.0
0.727 -3.0
0.838 0.2
0.811 -1.5
0.545 -0.6
0.667 0.2
0.8 -2.5
0.737 -0.5
0.75 -1.9
0.375 3.9
0.765 -3.8
0.811 4.9
0.727 2.4
0.8 -4.9
0.75 -3.2
0.643 -1.7
0.684 -2.8
0.619 -2.0
0.743 1.1
0.8 -7.3
