0.387 18.4
0.374 14.6
0.472 38.7
0.461 38.1
0.478 31.6
0.475 34.6
0.503 27.2
0.525 25.2
0.474 8.5
0.417 23.7
0.47 20.6
0.48 36.6
0.462 37.9
0.439 38.4
0.44 39.3
0.428 38.7
0.454 40.3
0.438 35.9
0.445 36.4
0.48 35.2
0.477 36.1
0.491 34.0
0.458 25.8
0.449 26.5
0.357 12.0
0.346 20.9
0.415 31.5
0.376 34.0
0.414 38.6
0.379 37.1
0.375 34.1
0.394 31.8
0.385 27.3
0.4 10.9
0.325 9.5
0.416 26.6
0.404 33.6
0.427 35.5
0.376 26.4
0.389 24.3
0.356 23.8
0.429 14.1
0.388 32.0
0.436 18.6
0.427 20.6
0.441 17.3
0.246 14.6
0.446 19.5
0.399 21.1
0.462 24.7
0.422 17.7
0.452 13.3
0.383 25.2
0.412 33.3
0.419 28.7
0.409 28.4
0.395 15.0
0.321 10.0
0.336 15.7
0.414 11.0
0.399 28.9
0.466 21.5
0.361 24.1
0.397 35.4
0.426 24.1
0.394 27.5
0.434 14.7
0.344 12.5
0.301 16.1
0.477 17.1
0.427 12.3
0.411 20.5
0.412 12.1
0.407 10.7
0.356 14.6
0.382 9.2
0.262 12.8
0.404 7.6
0.422 31.1
0.485 18.1
0.478 24.3
0.481 7.6
0.31 10.6
0.364 12.0
0.444 20.1
0.494 37.5
0.508 33.1
0.458 30.6
0.504 21.5
0.423 17.0
0.452 21.7
0.475 17.9
0.481 15.3
0.404 24.2
0.489 18.4
0.45 19.3
0.404 21.8
0.438 17.1
0.537 24.6
0.541 25.1
0.539 20.2
0.443 23.4
0.46 27.0
0.507 23.9
0.286 12.0
0.429 15.6
0.441 24.6
0.409 28.4
0.454 37.5
0.457 37.4
0.432 35.3
0.421 34.6
0.437 30.0
0.459 30.8
0.409 23.4
0.355 21.1
0.43 17.8
0.441 12.9
0.472 13.3
0.4 10.5
0.44 23.6
0.44 25.1
0.396 12.5
0.372 19.2
0.454 33.2
0.453 33.4
0.47 36.3
0.45 38.6
0.443 38.6
0.432 34.0
0.404 32.8
0.411 34.7
0.435 27.4
0.416 28.6
0.431 14.3
0.422 28.7
0.423 31.4
0.421 35.4
0.394 35.8
0.442 36.1
0.418 36.2
0.427 32.3
0.448 35.3
0.418 34.1
0.418 32.1
0.427 30.4
0.364 19.0
0.402 16.3
0.396 17.1
0.442 19.8
0.458 16.7
0.485 16.9
0.505 9.4
0.421 17.3
0.432 29.3
0.566 26.0
0.529 27.7
0.508 31.0
0.509 22.3
0.462 10.4
0.476 18.6
0.427 12.2
0.437 17.0
0.466 8.8
0.454 7.6
0.426 8.6
0.47 6.6
0.333 7.0
0.465 11.3
0.363 28.8
0.389 31.3
0.466 32.0
0.42 32.0
0.42 33.6
0.433 30.0
0.405 30.2
0.407 18.8
0.556 22.5
0.479 16.1
0.492 7.5
0.34 9.2
0.423 9.6
0.0 9.7
0.397 11.2
0.4 19.4
0.429 22.5
0.419 26.4
0.413 25.7
0.41 30.8
0.42 16.0
0.49 14.3
0.479 21.4
0.536 11.7
0.473 11.5
0.476 37.8
0.527 39.6
0.502 38.7
0.493 37.0
0.503 39.2
0.527 38.5
0.533 34.3
0.456 31.7
0.447 30.2
0.48 34.7
0.512 28.9
0.494 21.2
0.473 19.4
0.539 13.5
0.442 13.5
0.442 13.2
0.451 30.1
0.421 5.1
0.364 9.3
0.444 32.0
0.474 33.4
0.531 34.4
0.476 34.4
0.446 31.7
0.461 20.2
0.407 11.6
0.422 6.0
0.0 8.2
0.333 8.8
0.398 11.5
0.46 10.3
0.381 24.3
0.376 9.1
0.464 38.3
0.469 41.5
0.451 37.6
0.438 40.7
0.433 41.0
0.45 40.8
0.463 38.9
0.459 36.1
0.467 38.8
0.456 33.9
0.451 38.5
0.43 38.6
0.463 29.5
0.425 34.5
0.373 34.5
0.373 28.2
0.4 6.9
0.455 6.3
0.438 20.1
0.525 20.2
0.465 13.3
0.377 21.7
0.528 24.1
0.434 18.1
0.411 16.8
0.385 13.9
0.463 10.4
0.432 28.1
0.423 11.3
0.488 12.3
0.5 17.5
0.524 34.7
0.448 21.2
0.41 30.0
0.477 30.5
0.465 33.2
0.465 33.8
0.473 34.9
0.45 31.0
0.512 31.3
0.475 26.1
0.398 22.9
0.446 10.4
0.44 28.0
0.484 15.5
0.397 13.7
0.439 9.8
0.323 5.4
0.462 3.0
0.25 21.5
0.472 24.7
0.37 11.2
0.414 11.2
0.494 11.9
0.341 14.2
0.385 9.2
0.389 11.0
0.43 6.3
0.406 22.8
0.342 18.6
0.356 17.4
0.297 11.2
0.407 13.1
0.387 18.5
0.375 28.0
0.458 22.9
0.433 15.9
0.42 14.0
0.425 8.7
0.46 39.8
0.428 34.2
0.467 38.2
0.417 36.7
0.452 36.8
0.43 38.1
0.454 38.9
0.456 36.8
0.437 30.8
0.428 28.1
0.437 25.3
0.411 25.8
0.435 24.4
0.407 16.5
0.333 16.5
0.333 16.8
0.388 24.6
0.474 35.2
0.463 34.6
0.47 35.0
0.488 25.8
0.464 34.0
0.443 24.3
0.418 23.2
0.577 25.6
0.583 17.1
0.52 25.3
0.447 24.6
0.539 12.3
0.429 5.3
0.333 24.0
0.481 29.0
0.499 26.2
0.481 17.3
0.426 10.7
0.403 22.8
0.328 8.8
0.395 34.5
0.46 33.9
0.479 33.9
0.461 29.3
0.392 26.4
0.346 11.7
0.48 27.0
0.49 22.3
0.501 13.5
0.4 4.8
0.441 4.6
0.261 23.0
0.304 4.6
0.357 8.5
0.38 35.9
0.45 27.2
0.448 24.8
0.413 10.0
0.381 14.7
0.384 19.7
0.333 7.7
0.38 14.6
0.432 8.0
0.472 27.3
0.479 13.5
0.452 18.7
0.467 7.6
0.615 21.6
0.352 20.9
0.476 24.9
0.413 35.1
0.386 38.4
0.398 32.3
0.416 37.3
0.4 39.9
0.41 38.1
0.41 31.1
0.449 30.2
0.421 26.9
0.384 29.3
0.438 30.3
0.416 26.6
0.396 26.6
0.396 26.9
0.404 26.3
0.394 16.9
0.413 12.9
0.411 13.6
0.388 25.0
0.378 23.0
0.463 11.9
0.351 10.4
0.445 7.1
0.338 19.6
0.471 15.0
0.344 8.6
0.424 15.8
0.455 23.3
0.453 19.9
0.402 17.6
0.388 13.8
0.401 23.8
0.435 24.1
0.496 32.5
0.535 27.3
0.55 23.6
0.493 25.2
0.626 24.4
0.643 23.0
0.65 23.3
0.624 16.0
0.584 5.5
0.468 26.5
0.44 13.0
0.452 21.3
0.47 27.0
0.438 28.5
0.418 22.0
0.442 30.4
0.459 13.8
0.433 38.7
0.426 35.7
0.407 32.1
0.403 25.6
0.461 21.4
0.427 40.5
0.417 37.8
0.416 40.1
0.395 34.4
0.387 36.5
0.389 35.3
0.439 39.0
0.426 34.6
0.37 33.6
0.406 28.4
0.417 20.5
0.497 31.4
0.51 29.3
0.541 22.1
0.473 21.4
0.479 6.4
0.375 10.1
0.418 27.6
0.354 14.2
0.453 24.1
0.448 7.6
0.392 4.6
0.414 23.8
0.481 39.6
0.41 31.3
0.469 32.9
0.462 41.1
0.448 37.3
0.465 36.1
0.433 21.8
0.339 13.9
0.554 10.4
0.45 17.2
0.534 17.1
0.477 6.1
0.453 3.0
0.415 23.0
0.384 28.0
0.416 15.4
0.38 23.9
0.416 16.0
0.434 9.3
0.417 31.0
0.313 14.5
0.482 30.3
0.472 29.8
0.466 28.6
0.47 8.7
0.417 16.8
0.417 13.9
0.426 14.3
0.435 14.7
0.447 12.0
0.42 12.5
0.469 10.7
0.409 11.1
0.386 17.6
0.389 19.6
0.389 16.0
0.403 22.7
0.44 21.7
0.41 18.5
0.468 26.9
0.436 18.3
0.398 22.0
0.397 14.4
0.405 11.7
0.379 12.7
0.429 6.1
0.296 5.2
0.397 7.6
0.4 3.7
0.499 40.6
0.508 39.3
0.513 36.6
0.501 33.4
0.496 34.8
0.484 34.1
0.546 34.0
0.497 33.7
0.504 31.3
0.518 28.4
0.5 28.2
0.492 30.1
0.502 29.2
0.49 28.9
0.512 28.9
0.512 25.2
0.393 15.6
0.337 27.4
0.417 21.7
0.368 19.3
0.398 12.3
0.395 5.2
0.464 25.5
0.418 14.3
0.46 9.6
0.42 7.9
0.43 13.9
0.475 16.0
0.429 9.4
0.458 39.9
0.463 38.3
0.425 38.6
0.443 36.8
0.427 26.5
0.412 22.2
0.412 26.9
0.414 28.8
0.437 15.4
0.412 28.2
0.411 34.5
0.437 21.6
0.352 30.0
0.393 31.6
0.41 27.9
0.382 27.4
0.436 29.8
0.424 27.2
0.38 28.0
0.389 23.9
0.371 17.4
0.342 17.6
0.43 25.8
0.438 21.3
0.465 16.0
0.383 16.7
0.455 13.0
0.58 28.8
0.428 13.1
0.37 11.2
0.511 16.9
0.522 12.0
0.529 11.3
0.421 4.0
0.222 18.6
0.469 21.8
0.449 10.4
0.36 23.9
0.544 26.1
0.519 25.1
0.552 23.2
0.469 24.5
0.55 24.7
0.501 15.9
0.478 16.8
0.479 12.8
0.444 27.9
0.421 28.7
0.422 22.3
0.416 18.8
0.444 21.8
0.536 13.0
0.454 21.8
0.502 23.7
0.507 9.9
0.565 9.4
0.458 6.2
0.451 41.1
0.417 41.0
0.435 40.4
0.403 38.2
0.423 34.2
0.435 28.1
0.408 19.9
0.496 12.9
0.469 8.5
0.477 39.2
0.47 40.5
0.502 39.4
0.499 38.1
0.502 38.9
0.526 39.4
0.476 32.8
0.539 31.1
0.531 29.9
0.521 31.3
0.528 31.1
0.503 29.7
0.496 20.5
0.441 20.3
0.467 20.3
0.467 14.6
0.481 5.4
0.387 30.1
0.426 31.9
0.419 11.0
0.333 13.5
0.402 16.5
0.417 8.4
0.314 9.2
0.449 15.0
0.393 9.0
0.309 21.5
0.411 22.7
0.39 23.8
0.408 20.4
0.356 21.7
0.4 21.4
0.395 15.5
0.357 16.5
0.38 16.9
0.39 16.7
0.331 21.7
0.384 25.2
0.422 25.2
0.392 20.3
0.42 21.0
0.421 24.9
0.427 23.8
0.39 9.7
0.389 5.6
0.479 31.3
0.469 32.2
0.509 30.3
0.471 16.5
0.493 11.8
0.462 29.1
0.513 17.0
0.52 20.1
0.34 23.8
0.499 18.6
0.433 7.0
0.278 9.7
0.36 23.9
0.48 10.8
0.473 8.8
0.392 25.7
0.422 16.6
0.455 14.9
0.345 20.6
0.406 13.5
0.361 4.5
0.488 17.3
0.569 12.3
0.447 9.0
0.493 5.9
0.438 35.0
0.435 32.2
0.443 35.5
0.455 38.5
0.44 35.3
0.491 36.8
0.468 33.7
0.484 34.0
0.447 33.7
0.409 27.2
0.429 24.9
0.452 21.8
0.222 15.7
0.42 4.0
0.4 10.3
0.537 9.9
0.344 4.1
0.417 30.8
0.418 30.6
0.447 27.6
0.411 24.2
0.423 18.0
0.392 23.5
0.365 12.7
0.454 31.4
0.461 32.8
0.511 36.6
0.471 33.1
0.489 27.4
0.475 25.5
0.491 18.1
0.5 11.0
0.444 29.8
0.475 30.1
0.434 30.9
0.463 38.6
0.459 36.6
0.452 32.9
0.457 27.0
0.434 34.9
0.439 30.5
0.435 22.8
0.416 27.5
0.446 11.9
0.351 15.0
0.487 20.3
0.527 25.0
0.508 15.6
0.495 18.2
0.512 11.4
0.495 8.5
0.446 7.5
0.425 21.0
0.464 25.6
0.413 21.8
0.404 15.5
1.0 9.2
0.464 9.4
0.333 8.0
0.571 17.9
0.498 20.9
0.446 13.1
0.443 5.3
0.444 16.2
0.509 18.2
0.468 11.3
0.476 15.4
0.527 10.4
0.516 11.0
0.389 5.8
0.442 36.6
0.426 29.1
0.474 31.2
0.39 24.1
0.422 7.6
0.438 17.8
0.416 12.4
0.389 22.8
0.465 16.7
0.387 26.4
0.398 29.3
0.387 15.9
0.405 18.6
0.419 18.8
0.384 16.5
0.359 13.0
0.421 19.2
0.399 18.6
0.387 19.8
0.359 13.1
0.451 17.5
0.422 16.9
0.428 19.0
0.409 18.3
0.445 17.9
0.38 17.5
0.449 37.8
0.437 37.9
0.445 36.0
0.435 26.6
0.479 32.5
0.46 35.5
0.45 35.5
0.453 26.6
0.451 31.7
0.459 26.5
0.465 7.1
0.359 11.2
0.51 22.4
0.509 10.4
0.44 6.8
0.309 7.3
0.336 22.9
0.434 32.9
0.428 17.3
0.386 21.9
0.401 22.2
0.381 16.3
0.379 10.3
0.383 28.1
0.423 31.9
0.467 33.8
0.397 38.7
0.43 35.6
0.409 37.1
0.4 29.7
0.381 26.9
0.402 24.8
0.381 19.7
0.382 23.2
0.351 20.0
0.343 15.1
0.358 11.8
0.37 14.3
0.385 9.0
0.344 9.5
0.329 9.4
0.487 21.4
0.425 30.0
0.441 31.3
0.483 33.5
0.468 29.3
0.506 27.3
0.485 30.4
0.474 27.2
0.472 20.9
0.443 15.9
0.42 43.7
0.398 42.5
0.414 42.5
0.387 42.3
0.424 43.1
0.447 42.5
0.442 41.8
0.458 36.7
0.417 30.9
0.439 21.6
0.443 28.4
0.464 23.7
0.444 21.4
0.427 25.0
0.382 23.8
0.394 19.3
0.403 20.9
0.4 16.0
0.378 33.2
0.442 20.8
0.442 39.0
0.424 31.0
0.426 12.8
0.467 12.7
0.366 13.5
0.438 27.2
0.415 24.4
0.465 16.0
0.472 18.3
0.419 28.9
0.439 17.9
0.398 13.7
0.425 9.9
0.374 28.2
0.435 36.8
0.425 35.4
0.403 35.9
0.411 33.1
0.433 39.1
0.405 39.6
0.414 38.6
0.423 35.9
0.411 25.8
0.374 19.5
0.373 11.9
0.308 4.6
0.442 37.0
0.447 39.3
0.47 29.0
0.535 38.3
0.437 40.1
0.442 38.0
0.45 38.7
0.436 38.2
0.468 36.5
0.461 32.9
0.427 33.1
0.403 21.5
0.464 11.3
0.349 10.8
0.411 12.8
0.446 21.9
0.406 27.7
0.445 26.4
0.443 19.4
0.414 22.2
0.437 18.5
0.404 13.1
0.447 19.9
0.479 9.0
0.42 13.8
0.374 24.0
0.545 20.5
0.461 17.0
0.452 14.6
0.534 8.9
0.519 4.5
0.409 16.2
0.401 14.5
0.381 24.6
0.401 31.4
0.456 25.5
0.387 19.6
0.386 19.9
0.416 6.0
0.445 39.0
0.432 38.1
0.423 37.0
0.409 35.5
0.428 32.5
0.404 24.9
0.422 19.6
0.444 26.4
0.448 27.6
0.434 8.9
0.344 24.1
0.432 27.5
0.405 7.7
0.392 24.3
0.437 8.5
0.387 2.0
0.407 16.4
0.43 20.7
0.421 11.9
0.47 12.7
0.411 37.3
0.391 37.4
0.414 36.6
0.384 36.9
0.398 37.2
0.404 36.7
0.406 36.3
0.385 35.6
0.416 36.0
0.423 33.2
0.361 28.7
0.363 26.9
0.375 21.7
0.422 16.9
0.425 18.5
0.427 29.5
0.422 34.1
0.399 28.3
0.419 22.6
0.404 12.7
0.189 8.8
0.363 9.0
0.473 25.3
0.419 27.0
0.432 20.8
0.417 20.7
0.41 15.7
0.503 25.3
0.464 29.1
0.494 20.5
0.465 15.1
0.477 31.5
0.458 23.3
0.518 19.3
0.46 27.5
0.496 24.8
0.431 13.0
0.382 7.5
0.431 10.8
0.374 12.8
0.392 9.0
0.401 6.2
0.397 23.5
0.41 30.6
0.402 30.6
0.422 18.0
0.385 17.6
0.407 13.6
0.48 36.4
0.468 39.5
0.452 36.6
0.435 38.0
0.462 36.9
0.467 39.1
0.461 38.0
0.455 36.2
0.439 32.9
0.435 32.0
0.433 26.0
0.385 14.4
0.414 16.2
0.0 13.5
0.278 6.0
0.5 12.0
0.2 13.4
0.423 4.4
0.0 6.5
0.0 15.7
0.492 8.1
0.439 28.3
0.426 11.9
0.441 8.7
0.427 20.5
0.427 26.5
0.433 30.7
0.433 28.7
0.451 24.2
0.459 26.6
0.416 14.7
0.447 11.8
0.445 19.8
0.369 18.5
0.409 21.8
0.397 21.2
0.589 24.2
0.531 19.3
0.487 11.0
0.452 14.5
0.423 17.3
0.495 14.7
0.515 10.9
0.409 8.4
0.535 7.6
0.158 6.1
0.462 25.6
0.443 31.3
0.444 36.0
0.447 36.9
0.431 29.5
0.445 30.5
0.454 35.7
0.458 31.1
0.461 29.7
0.516 20.9
0.453 27.5
0.373 14.3
0.45 18.9
0.551 29.8
0.48 33.9
0.473 30.6
0.432 30.1
0.467 21.0
0.504 9.2
0.327 12.9
0.496 10.0
0.5 8.8
0.591 11.0
0.336 18.2
0.498 38.0
0.454 36.2
0.462 32.7
0.494 13.5
0.477 6.8
0.441 38.9
0.442 40.0
0.439 40.2
0.431 40.0
0.462 36.6
0.451 37.1
0.415 33.5
0.419 18.0
0.48 38.4
0.469 41.6
0.452 40.7
0.44 38.8
0.476 40.3
0.525 37.6
0.524 36.7
0.508 35.8
0.485 31.8
0.508 28.2
0.52 30.5
0.446 30.0
0.514 31.7
0.482 19.3
0.446 19.3
0.503 30.2
0.519 30.5
0.459 36.4
0.461 25.3
0.443 25.6
0.395 16.8
0.424 13.1
0.327 7.6
0.382 7.3
0.445 34.3
0.463 34.1
0.47 34.6
0.488 32.5
0.49 27.6
0.495 31.5
0.5 30.4
0.538 32.0
0.491 34.2
0.456 25.7
0.511 22.4
0.441 23.9
0.602 19.8
0.512 9.5
0.409 9.5
0.413 40.0
0.407 40.5
0.422 38.4
0.482 38.3
0.505 32.6
0.431 32.3
0.464 34.5
0.449 30.9
0.472 36.2
0.443 30.0
0.399 34.3
0.452 28.8
0.482 27.3
0.435 13.2
0.462 17.1
0.456 13.7
0.448 13.4
0.475 11.5
0.357 12.8
0.444 23.8
0.414 24.7
0.388 12.6
0.404 9.8
0.382 26.5
0.523 5.0
0.571 20.4
0.491 6.0
0.0 8.8
0.495 23.6
0.457 38.3
0.451 39.4
0.457 39.9
0.417 40.8
0.431 37.1
0.406 35.8
0.431 37.0
0.419 33.7
0.388 22.4
0.387 23.4
0.442 16.1
0.463 37.4
0.413 17.5
0.444 33.8
0.447 34.9
0.412 17.4
0.441 18.5
0.392 26.1
0.441 19.1
0.473 30.6
0.449 29.7
0.429 28.2
0.459 16.4
0.43 8.6
0.25 13.1
0.48 10.3
0.477 10.7
0.434 21.2
0.441 9.8
0.455 3.0
0.5 5.8
0.446 32.4
0.397 23.2
0.409 13.2
0.427 21.7
0.442 22.4
0.42 15.6
0.404 17.5
0.488 24.9
0.507 26.1
0.505 27.2
0.481 30.0
0.41 26.3
0.485 27.0
0.482 32.2
0.452 37.3
0.454 36.4
0.406 34.6
0.457 34.8
0.477 35.8
0.463 37.1
0.466 36.8
0.492 36.3
0.473 30.5
0.445 32.7
0.46 27.4
0.438 26.2
0.479 16.9
0.459 15.5
0.5 15.5
0.5 11.8
0.435 29.8
0.499 31.1
0.493 36.4
0.51 37.3
0.524 37.0
0.495 28.3
0.453 34.9
0.463 30.0
0.476 23.8
0.43 16.9
0.446 9.7
0.436 33.7
0.438 33.6
0.434 27.2
0.438 30.0
0.505 30.6
0.466 39.1
0.46 35.3
0.502 32.3
0.482 33.4
0.501 20.4
0.401 19.3
0.435 15.3
0.433 20.8
0.481 13.5
0.325 13.5
0.325 7.9
0.355 7.6
0.44 36.6
0.453 30.2
0.441 28.2
0.438 31.9
0.372 18.7
0.417 12.5
0.408 9.8
0.434 42.1
0.438 41.7
0.434 40.4
0.426 36.2
0.438 37.7
0.426 36.4
0.44 35.1
0.433 33.2
0.477 26.4
0.461 12.7
0.421 20.1
0.521 25.1
0.48 17.4
0.504 15.2
0.532 20.1
0.515 8.7
0.406 17.0
0.553 17.1
0.522 11.0
0.467 11.0
0.367 7.0
0.429 5.6
0.433 5.6
0.433 3.8
0.4 5.1
0.4 12.6
0.52 11.9
0.476 6.0
0.406 13.4
0.493 7.2
0.475 5.4
0.385 12.3
0.505 15.9
0.502 12.4
0.435 26.4
0.609 29.1
0.577 17.2
0.553 17.7
0.444 16.7
0.518 32.7
0.423 32.6
0.379 11.8
0.411 6.2
0.324 5.0
0.484 36.3
0.501 21.4
0.374 23.0
0.478 15.2
0.498 14.9
0.526 17.2
0.556 15.9
0.538 10.7
0.25 9.2
0.6 16.5
0.448 13.1
0.391 6.5
0.485 24.2
0.483 10.7
0.442 13.7
0.45 29.7
0.478 10.8
0.523 21.9
0.5 23.0
0.558 12.4
0.444 17.4
0.45 22.6
0.422 22.1
0.576 21.3
0.473 11.8
0.446 14.9
0.425 12.0
0.361 12.3
0.487 34.6
0.483 33.1
0.465 33.5
0.47 34.3
0.502 35.4
0.512 35.3
0.532 34.3
0.504 33.6
0.503 32.8
0.507 33.3
0.492 31.6
0.532 32.5
0.497 20.9
0.357 21.4
0.461 27.0
0.493 30.4
0.525 28.7
0.469 25.5
0.46 18.9
0.515 21.0
0.546 20.9
0.55 17.3
0.513 9.8
0.382 30.3
0.498 26.5
0.495 19.5
0.391 24.8
0.429 9.8
0.298 8.6
0.432 14.2
0.419 15.4
0.446 27.4
0.398 16.8
0.406 12.8
0.369 9.5
0.321 9.4
0.474 38.0
0.477 39.0
0.463 37.9
0.462 38.7
0.459 38.1
0.48 36.2
0.502 36.0
0.479 37.7
0.479 37.5
0.481 34.3
0.517 33.5
0.457 31.3
0.471 32.9
0.497 29.6
0.459 29.6
0.459 31.5
0.448 26.4
0.465 37.6
0.479 37.2
0.484 35.7
0.434 34.8
0.452 35.3
0.472 35.6
0.436 28.7
0.439 29.8
0.474 28.4
0.529 18.0
0.459 22.8
0.433 18.7
0.482 20.1
0.572 36.1
0.579 37.8
0.574 36.8
0.584 34.1
0.601 30.6
0.6 28.4
0.591 28.7
0.593 30.0
0.609 23.4
0.566 20.3
0.388 24.3
0.369 12.2
0.418 3.6
0.46 34.4
0.419 34.3
0.439 37.5
0.43 36.3
0.473 40.3
0.481 39.3
0.468 37.9
0.525 29.7
0.492 31.5
0.463 32.2
0.53 20.5
0.352 19.7
0.498 22.6
0.396 21.3
0.388 23.1
0.451 17.1
0.37 6.1
0.355 15.3
0.431 17.3
0.433 7.5
0.42 17.0
0.407 10.5
0.435 32.1
0.433 38.0
0.427 21.5
0.425 19.6
0.456 19.1
0.446 9.8
0.495 15.0
0.453 23.8
0.518 27.6
0.476 9.9
0.44 13.5
0.614 23.2
0.555 22.5
0.55 19.6
0.51 5.5
0.353 11.1
0.603 11.2
0.667 3.5
0.374 7.2
0.486 6.1
0.537 5.4
0.425 15.8
0.368 15.7
0.403 8.5
0.419 17.3
0.476 16.1
0.402 9.4
0.443 14.3
0.421 11.6
0.353 7.5
0.472 11.4
0.383 24.7
0.418 20.5
0.349 19.2
0.446 19.4
0.489 5.6
0.361 21.6
0.503 5.3
0.494 23.5
0.515 21.2
0.492 22.6
0.506 28.0
0.531 25.2
0.515 31.0
0.548 16.4
0.456 40.3
0.467 40.1
0.454 34.5
0.471 33.0
0.468 28.5
0.42 22.1
0.421 25.1
0.421 27.4
0.414 18.5
0.448 13.2
0.414 4.0
0.464 24.0
0.438 35.8
0.495 29.4
0.456 17.9
0.401 16.3
0.431 31.6
0.438 36.0
0.392 26.2
0.405 30.6
0.42 38.3
0.436 21.3
0.429 23.6
0.417 12.0
0.399 21.2
0.385 5.8
0.433 24.2
0.439 21.9
0.471 14.3
0.377 12.4
0.43 7.9
0.393 6.6
0.36 7.1
0.454 40.3
0.442 39.2
0.416 38.7
0.402 36.1
0.455 39.0
0.471 37.0
0.439 35.9
0.464 37.5
0.457 34.0
0.472 34.7
0.497 34.0
0.443 33.4
0.436 28.0
0.451 26.2
0.447 26.2
0.447 18.1
0.363 11.1
0.451 32.2
0.411 29.9
0.444 17.9
0.468 23.5
0.55 14.1
0.46 11.1
0.412 17.7
0.473 17.1
0.455 4.5
0.423 7.9
0.437 9.5
0.448 18.0
0.412 30.7
0.376 30.3
0.411 29.9
0.478 27.6
0.357 28.6
0.403 27.0
0.431 24.6
0.418 28.5
0.412 22.5
0.365 17.1
0.315 7.8
0.333 8.2
0.476 17.0
0.455 15.5
0.441 21.8
0.489 10.2
0.517 10.7
0.521 4.3
0.273 4.5
0.343 15.9
0.535 17.1
0.391 20.4
0.36 24.4
0.598 24.9
0.548 16.3
0.474 23.6
0.576 23.8
0.625 22.7
0.523 14.4
0.568 16.6
0.458 5.7
0.499 27.3
0.5 31.1
0.464 31.3
0.485 27.5
0.447 23.7
0.571 22.0
0.333 16.8
0.482 12.6
0.531 16.5
0.461 7.1
0.333 5.5
0.263 21.1
0.483 28.2
0.469 36.8
0.44 38.0
0.441 39.1
0.45 38.4
0.465 37.5
0.442 36.5
0.455 27.3
0.352 13.4
0.4 15.1
0.566 10.5
0.474 10.0
0.44 30.3
0.389 24.7
0.429 14.6
0.442 26.6
0.432 23.2
0.372 36.0
0.398 35.9
0.389 26.2
0.355 33.1
0.418 28.3
0.359 26.3
0.393 27.4
0.431 16.8
0.341 18.0
0.376 29.0
0.407 11.1
0.426 17.3
0.422 35.7
0.425 34.9
0.398 34.7
0.387 23.8
0.386 23.3
0.427 19.1
0.486 29.5
0.507 26.2
0.531 22.5
0.453 21.2
0.492 20.1
0.468 35.5
0.467 37.6
0.432 31.8
0.448 17.4
0.364 5.0
0.682 7.6
0.43 24.4
0.471 19.2
0.402 20.4
0.41 23.6
0.428 11.9
0.418 19.2
0.421 10.8
0.457 38.0
0.455 40.9
0.406 37.8
0.402 33.5
0.455 27.5
0.423 8.5
0.435 21.0
0.463 24.5
0.459 18.7
0.428 19.4
0.449 15.5
0.374 12.5
0.398 10.1
0.367 12.4
0.444 11.3
0.44 30.3
0.38 19.8
0.353 13.1
0.402 14.7
0.377 3.0
0.478 8.0
0.415 12.0
0.399 10.9
0.353 12.5
0.398 17.0
0.543 17.9
0.55 28.2
0.497 19.2
0.507 14.5
0.513 22.7
0.49 12.8
0.465 16.5
0.449 7.7
0.4 3.0
0.0 4.0
0.514 5.9
0.467 5.4
0.5 7.9
0.403 26.7
0.511 20.7
0.46 29.7
0.439 30.6
0.514 20.2
0.475 23.1
0.449 22.4
0.478 19.3
0.468 9.3
0.399 4.3
0.456 28.7
0.455 19.5
0.388 13.1
0.406 15.0
0.418 36.5
0.442 37.9
0.452 36.2
0.413 22.8
0.382 28.7
0.409 23.5
0.417 13.9
0.6 7.8
0.43 41.1
0.404 38.6
0.403 37.8
0.409 30.6
0.402 35.3
0.397 39.2
0.409 29.8
0.399 28.9
0.414 27.7
0.401 24.1
0.428 24.3
0.405 16.2
0.267 20.4
0.408 7.1
0.25 9.1
0.37 14.7
0.398 14.1
0.318 13.2
0.47 20.2
0.433 10.8
0.341 16.9
0.385 12.5
0.401 30.6
0.432 19.8
0.408 32.3
0.46 29.5
0.461 31.3
0.386 27.7
0.312 13.8
0.282 16.1
0.388 18.8
0.285 20.7
0.324 8.5
0.348 5.3
0.378 5.9
0.417 12.1
0.401 13.3
0.504 31.3
0.517 27.7
0.47 37.3
0.484 34.0
0.481 40.3
0.48 38.4
0.444 36.6
0.437 32.7
0.423 35.2
0.44 34.2
0.399 31.4
0.404 18.7
0.434 37.3
0.402 22.3
0.376 38.0
0.401 34.1
0.392 31.9
0.397 24.2
0.391 17.3
0.303 20.8
0.389 18.0
0.429 13.3
0.403 16.4
0.431 14.2
0.446 3.3
0.424 30.2
0.443 20.3
0.432 19.6
0.425 12.3
0.488 4.0
0.4 5.3
0.25 6.6
0.4 3.5
0.39 22.8
0.424 20.5
0.412 20.8
0.416 31.5
0.451 26.5
0.48 22.1
0.481 19.8
0.469 21.3
0.449 20.4
0.491 19.1
0.465 15.1
0.509 9.7
0.51 38.0
0.508 35.3
0.481 22.2
0.449 31.6
0.506 37.9
0.487 28.1
0.415 23.1
0.431 20.6
0.436 38.0
0.43 38.0
0.428 37.3
0.417 30.0
0.501 35.0
0.47 35.1
0.484 31.5
0.467 33.7
0.463 33.0
0.438 31.3
0.451 31.7
0.43 26.9
0.434 16.3
0.362 21.3
0.422 21.3
0.422 17.5
0.402 18.4
0.443 34.5
0.478 30.0
0.465 36.5
0.469 29.7
0.47 28.0
0.505 22.8
0.482 12.2
0.421 7.8
0.375 12.0
0.511 33.8
0.494 31.8
0.483 31.9
0.473 35.7
0.471 26.6
0.486 18.0
0.486 22.6
0.492 17.8
0.503 15.0
0.476 22.7
0.511 15.2
0.465 10.1
0.43 26.9
0.42 29.5
0.443 31.7
0.446 27.3
0.439 23.0
0.431 27.0
0.414 30.8
0.413 19.5
0.432 15.8
0.497 11.1
0.426 12.3
0.443 13.3
0.505 17.9
0.438 17.8
0.507 15.3
0.535 15.1
0.47 23.6
0.475 16.5
0.452 13.3
0.504 9.0
0.5 14.4
0.606 10.8
0.412 24.6
0.422 17.5
0.422 25.9
0.406 26.2
0.419 33.5
0.454 31.1
0.419 36.9
0.456 36.6
0.413 30.7
0.409 31.4
0.446 31.2
0.415 17.2
0.264 10.3
0.385 11.4
0.441 11.4
0.414 34.7
0.409 27.8
0.412 32.2
0.39 30.5
0.381 15.2
0.435 30.4
0.433 31.6
0.482 32.5
0.454 24.2
0.456 20.6
0.433 22.6
0.47 21.1
0.448 17.9
0.386 19.9
0.449 15.4
0.437 11.9
0.425 15.4
0.428 9.7
0.44 15.3
0.554 14.6
0.564 24.3
0.507 9.5
0.458 16.0
0.437 14.3
0.475 8.8
0.463 6.3
0.413 42.0
0.394 41.5
0.388 34.6
0.428 38.4
0.422 26.8
0.435 23.3
0.397 19.4
0.48 24.0
0.512 18.6
0.42 12.7
0.384 9.6
0.355 3.1
0.49 36.5
0.531 39.4
0.481 37.7
0.421 36.1
0.453 35.2
0.51 35.0
0.453 30.6
0.392 23.5
0.445 28.6
0.541 22.9
0.45 15.8
0.424 10.7
0.501 37.5
0.469 36.3
0.471 35.1
0.436 34.0
0.44 34.8
0.43 32.3
0.423 30.5
0.432 32.2
0.419 22.5
0.416 16.8
0.373 22.2
0.399 17.6
0.41 25.7
0.501 30.9
0.418 25.6
0.449 16.7
0.493 13.1
0.481 38.4
0.495 39.1
0.461 36.1
0.413 35.4
0.433 38.6
0.434 29.9
0.452 14.0
0.533 31.7
0.469 31.9
0.441 26.0
0.427 21.6
0.441 32.4
0.463 21.1
0.411 21.4
0.422 37.1
0.4 37.1
0.433 32.8
0.389 34.7
0.398 33.4
0.403 10.1
0.498 19.0
0.538 14.4
0.472 14.0
0.521 7.9
0.387 26.5
0.418 20.6
0.355 11.6
0.457 18.9
0.526 19.7
0.453 18.6
0.503 7.5
0.46 16.5
0.517 9.8
0.547 9.9
0.43 35.7
0.415 33.8
0.438 30.9
0.362 23.6
0.374 28.7
0.442 26.6
0.386 24.0
0.43 12.6
0.387 5.8
0.407 34.4
0.382 31.7
0.388 29.4
0.407 27.5
0.413 31.8
0.442 30.6
0.413 28.1
0.463 24.1
0.49 33.0
0.499 24.1
0.47 15.3
0.445 18.9
0.547 13.1
0.474 18.0
0.396 12.6
0.411 12.3
0.484 8.0
0.438 12.1
0.42 24.1
0.394 14.4
0.394 23.3
0.419 17.6
0.502 21.8
0.51 25.1
0.453 19.9
0.505 21.2
0.467 9.8
0.417 19.7
0.441 16.6
0.44 11.8
0.479 7.8
0.467 11.9
0.401 29.9
0.423 33.6
0.428 37.2
0.421 41.6
0.496 39.4
0.404 37.7
0.44 38.1
0.453 35.5
0.401 33.8
0.414 29.4
0.397 26.9
0.394 33.7
0.403 13.4
0.448 29.1
0.459 28.3
0.454 25.8
0.439 28.6
0.469 21.7
0.478 15.4
0.448 8.9
0.286 7.4
0.421 10.9
0.44 10.0
0.383 7.1
0.37 4.6
0.431 29.0
0.424 13.7
0.419 14.4
0.475 13.0
0.49 10.6
0.415 15.0
0.48 11.8
0.429 8.9
0.397 9.9
0.338 15.4
0.4 14.5
0.443 21.3
0.534 17.8
0.453 35.0
0.431 37.6
0.392 40.9
0.431 42.3
0.447 39.8
0.418 32.7
0.398 31.5
0.261 36.5
0.411 25.7
0.366 12.4
0.318 4.1
0.333 7.8
0.441 6.5
0.459 28.3
0.441 20.7
0.389 15.5
0.444 18.1
0.425 20.5
0.402 3.8
0.235 5.7
0.429 30.6
0.483 24.6
0.446 31.5
0.442 35.0
0.488 36.4
0.446 36.3
0.428 33.9
0.41 32.4
0.398 29.0
0.45 23.1
0.387 24.8
0.42 20.1
0.406 2.5
0.0 2.9
0.52 19.6
0.481 6.1
0.467 6.6
0.625 8.0
0.4 8.0
0.529 12.3
0.371 10.3
0.483 5.0
0.395 4.0
0.462 31.6
0.512 27.4
0.517 14.4
0.445 9.5
0.381 23.0
0.314 5.7
0.1 10.9
0.329 13.1
0.357 17.6
0.461 6.9
0.387 22.2
0.446 30.3
0.489 21.6
0.46 27.5
0.526 27.6
0.591 18.8
0.507 17.2
0.533 13.8
0.5 26.0
0.517 20.8
0.525 12.2
0.426 11.2
0.458 5.7
0.5 14.0
0.497 24.4
0.531 22.3
0.424 27.4
0.494 26.8
0.565 34.6
0.624 35.2
0.623 32.1
0.565 22.8
0.574 27.8
0.654 33.2
0.679 32.8
0.638 30.2
0.593 30.5
0.666 30.5
0.666 24.5
0.583 27.6
0.4 15.7
0.462 26.6
0.427 30.1
0.421 28.4
0.413 25.1
0.461 19.1
0.442 21.4
0.498 19.2
0.414 21.9
0.461 11.1
0.441 10.0
0.439 7.7
0.457 7.7
0.387 6.5
0.421 23.5
0.414 28.5
0.424 31.8
0.412 26.7
0.397 23.1
0.364 15.8
0.469 13.6
0.314 4.8
0.348 12.1
0.479 10.3
0.4 10.1
0.31 7.8
0.501 19.4
0.585 29.5
0.496 28.7
0.538 25.9
0.563 35.2
0.576 25.9
0.546 4.0
1.0 8.9
0.414 11.8
0.351 13.0
0.388 7.8
0.29 18.6
0.487 18.3
0.47 16.4
0.522 13.8
0.433 9.7
0.517 11.3
0.333 12.0
0.357 10.3
0.461 24.2
0.412 15.6
0.393 20.2
0.517 2.8
0.333 4.6
0.083 5.1
0.391 15.5
0.438 7.3
0.313 7.0
0.518 36.0
0.51 31.5
0.482 32.0
0.514 39.2
0.503 36.2
0.538 35.6
0.534 37.0
0.567 37.0
0.536 37.0
0.529 37.4
0.501 33.8
0.466 31.4
0.48 34.4
0.494 34.4
0.494 31.8
0.469 25.4
0.366 24.5
0.425 24.4
0.367 28.0
0.465 25.2
0.474 32.6
0.464 29.3
0.49 12.3
0.422 20.6
0.45 21.3
0.282 4.8
0.493 23.8
0.51 19.3
0.515 27.4
0.56 23.8
0.514 22.6
0.558 27.9
0.528 29.2
0.48 30.6
0.562 18.5
0.574 21.2
0.518 19.0
0.456 13.5
0.544 13.4
0.529 13.8
0.614 19.0
0.601 22.9
0.577 6.3
0.476 10.5
0.491 15.0
0.478 15.2
0.498 16.6
0.509 9.0
0.463 6.7
0.418 2.5
1.0 5.0
0.349 22.1
0.373 27.1
0.414 25.1
0.441 37.0
0.469 25.2
0.422 13.3
0.348 27.0
0.383 11.5
0.457 36.0
0.501 38.2
0.498 41.1
0.422 39.2
0.493 35.6
0.456 39.0
0.466 35.8
0.439 31.1
0.467 30.4
0.474 27.7
0.416 10.1
0.456 27.0
0.45 16.8
0.444 16.8
0.444 17.9
0.458 20.4
0.43 27.5
0.397 40.6
0.43 39.5
0.461 40.7
0.453 41.4
0.471 40.8
0.432 39.5
0.437 38.0
0.458 35.5
0.443 35.5
0.454 36.7
0.423 32.6
0.454 34.9
0.435 34.9
0.435 33.4
0.439 23.6
0.416 37.0
0.45 27.7
0.491 37.1
0.443 32.9
0.493 37.7
0.46 29.3
0.471 30.8
0.506 27.3
0.449 29.0
0.506 31.2
0.466 30.0
0.467 34.7
0.453 22.1
0.432 9.7
0.276 2.0
0.408 6.4
0.235 10.8
0.384 12.9
0.421 31.8
0.451 21.8
0.44 33.9
0.414 34.0
0.433 27.2
0.458 28.1
0.455 34.0
0.475 32.6
0.472 13.3
0.368 16.2
0.45 18.3
0.37 6.2
0.419 33.8
0.464 34.4
0.447 34.2
0.482 33.9
0.548 32.5
0.52 33.5
0.494 34.1
0.506 30.9
0.487 32.4
0.519 32.1
0.48 32.9
0.522 29.4
0.499 28.7
0.486 28.7
0.486 27.5
0.493 25.2
0.412 26.5
0.41 30.1
0.425 29.5
0.409 25.6
0.407 17.9
0.424 22.8
0.453 18.5
0.421 21.7
0.377 15.8
0.431 15.4
0.376 5.8
0.449 16.9
0.513 37.9
0.485 34.8
0.448 34.4
0.436 35.7
0.467 32.5
0.459 35.1
0.475 37.7
0.488 36.3
0.503 26.3
0.463 34.3
0.46 34.2
0.467 32.5
0.487 32.5
0.487 29.6
0.475 24.5
0.505 16.3
0.552 11.4
0.442 16.0
0.568 14.2
0.426 32.9
0.41 37.6
0.438 37.8
0.446 38.4
0.446 32.8
0.417 38.4
0.441 33.5
0.477 31.5
0.474 33.9
0.447 29.5
0.408 28.4
0.214 13.7
0.367 12.9
0.343 12.3
0.402 13.4
0.394 21.6
0.398 13.2
0.383 19.0
0.403 10.7
0.309 12.9
0.421 9.1
0.341 4.9
0.526 4.4
0.5 10.0
0.383 10.2
0.455 8.0
0.453 10.5
0.393 24.6
0.394 37.3
0.466 33.8
0.425 4.3
0.536 13.5
0.492 24.1
0.489 20.8
0.502 15.8
0.533 19.2
0.38 30.6
0.396 26.5
0.414 32.5
0.418 26.7
0.409 31.2
0.389 33.2
0.396 6.4
0.304 12.1
0.425 8.7
0.429 12.1
0.492 9.1
0.36 30.7
0.449 34.5
0.538 36.7
0.502 38.3
0.449 37.6
0.48 41.0
0.484 37.9
0.454 35.8
0.454 30.1
0.397 24.4
0.504 8.9
0.412 8.9
0.453 17.3
0.435 20.6
0.371 22.6
0.426 22.5
0.43 27.9
0.383 29.1
0.454 26.1
0.384 29.4
0.426 19.6
0.41 20.7
0.338 17.3
0.308 6.7
0.35 21.7
0.408 13.7
0.459 11.7
0.344 9.3
0.382 13.3
0.458 15.8
0.433 12.0
0.3 8.0
0.466 12.4
0.493 9.0
0.273 9.8
0.536 34.6
0.523 34.7
0.521 31.1
0.549 34.6
0.561 34.9
0.547 32.4
0.49 34.3
0.562 31.9
0.51 29.5
0.532 32.2
0.477 28.2
0.456 23.8
0.499 23.8
0.369 12.3
0.343 10.8
0.434 18.5
0.423 21.1
0.393 28.7
0.42 22.6
0.409 13.8
0.355 21.2
0.416 29.9
0.38 35.7
0.445 36.1
0.455 39.3
0.463 39.9
0.466 38.6
0.453 37.6
0.428 29.9
0.45 29.7
0.407 24.1
0.424 25.3
0.394 20.8
0.407 20.8
0.407 10.4
0.362 15.0
0.476 18.5
0.399 23.7
0.406 27.4
0.398 17.2
0.35 31.9
0.433 33.0
0.409 16.4
0.333 13.3
0.412 6.8
0.378 29.4
0.405 12.3
0.37 8.9
0.358 15.5
0.384 20.8
0.388 16.7
0.416 25.3
0.435 23.8
0.425 12.6
0.411 16.3
0.403 31.1
0.449 32.5
0.451 31.8
0.406 31.5
0.452 36.0
0.476 27.5
0.401 22.2
0.41 27.6
0.462 26.3
0.474 25.9
0.442 31.5
0.43 29.2
0.435 29.2
0.435 22.7
0.41 15.9
0.495 12.1
0.431 20.9
0.432 23.6
0.508 10.3
0.363 11.9
0.472 12.0
0.471 17.1
0.406 23.8
0.476 20.8
0.489 17.1
0.544 23.2
0.439 14.4
0.444 11.1
0.493 26.6
0.408 13.8
0.472 24.6
0.479 16.6
0.473 16.3
0.423 16.3
0.483 16.8
0.524 22.0
0.539 12.0
0.553 15.6
0.474 10.5
0.416 14.0
0.48 9.8
0.438 11.0
0.419 6.5
0.438 29.4
0.418 29.6
0.471 27.9
0.462 27.5
0.464 31.1
0.46 26.8
0.454 28.7
0.441 30.3
0.433 23.3
0.526 23.2
0.425 22.8
0.469 22.7
0.426 22.7
0.426 19.6
0.453 18.7
0.436 28.0
0.436 20.5
0.448 25.8
0.433 19.5
0.462 14.8
0.457 27.0
0.445 30.8
0.492 27.5
0.512 28.0
0.473 30.8
0.449 24.8
0.468 25.1
0.478 24.6
0.431 26.2
0.437 9.4
0.328 18.0
0.531 16.9
0.399 16.9
0.399 10.2
0.431 8.5
0.486 11.8
0.519 32.5
0.53 23.9
0.503 3.0
0.0 26.8
0.57 16.6
0.408 32.6
0.604 33.6
0.587 30.5
0.615 28.5
0.537 27.2
0.48 29.4
0.503 25.3
0.511 25.3
0.511 19.2
0.544 17.9
0.292 5.5
0.25 9.1
0.373 23.4
0.417 21.4
0.401 30.3
0.388 33.1
0.414 28.0
0.399 22.2
0.418 29.2
0.43 11.4
0.387 9.3
0.476 23.3
0.377 26.1
0.468 25.3
0.451 23.8
0.461 18.2
0.4 23.4
0.44 25.6
0.439 14.3
0.349 18.7
0.41 9.2
0.375 18.6
0.395 29.5
0.425 27.0
0.417 20.9
0.385 25.1
0.421 28.8
0.434 6.3
0.355 12.6
0.498 32.8
0.522 30.6
0.552 34.2
0.519 33.8
0.516 37.2
0.507 33.6
0.355 24.6
0.425 18.0
0.361 27.8
0.418 21.4
0.404 20.8
0.42 24.7
0.447 22.3
0.355 11.5
0.356 18.9
0.392 13.9
0.346 20.2
0.457 22.1
0.426 22.3
0.463 28.1
0.468 35.9
0.46 33.3
0.462 33.2
0.445 33.5
0.485 29.4
0.458 12.9
0.355 26.7
0.398 15.5
0.407 14.2
0.385 11.3
0.373 20.9
0.409 18.7
0.449 32.9
0.467 37.1
0.487 35.3
0.455 36.6
0.46 32.9
0.448 37.3
0.45 34.0
0.486 32.8
0.473 33.1
0.421 32.1
0.438 25.6
0.407 24.1
0.44 24.1
0.44 19.0
0.393 17.3
0.44 20.2
0.387 23.6
0.414 20.8
0.387 17.1
0.405 25.1
0.42 27.0
0.456 31.1
0.477 37.5
0.472 34.9
0.441 35.0
0.415 27.2
0.409 30.0
0.399 22.1
0.363 12.9
0.333 12.9
0.0 13.0
0.478 14.3
0.452 3.3
0.714 5.7
0.0 12.3
0.435 3.3
0.379 7.5
0.35 9.8
0.472 36.8
0.475 36.1
0.559 16.7
0.333 32.8
0.575 33.9
0.59 36.8
0.539 34.6
0.557 36.8
0.502 32.8
0.483 23.5
0.577 22.6
0.557 21.1
0.557 21.1
0.557 14.7
0.25 2.1
0.293 7.9
0.328 6.3
0.297 5.8
0.369 16.1
0.366 9.3
0.253 26.9
0.428 18.5
0.402 14.9
0.521 20.6
0.521 18.6
0.514 19.9
0.571 31.5
0.529 28.0
0.524 16.9
0.497 13.0
0.525 17.5
0.581 17.2
0.598 13.6
0.338 5.6
0.472 5.8
0.416 7.4
0.322 11.4
0.468 12.5
0.273 12.8
0.385 7.9
0.5 10.9
0.371 13.3
0.417 20.7
0.426 34.8
0.431 36.8
0.481 38.2
0.476 36.4
0.492 34.5
0.443 38.2
0.458 35.7
0.455 34.1
0.43 37.0
0.449 38.7
0.452 35.7
0.444 35.7
0.444 35.1
0.434 34.3
0.4 14.1
0.402 25.8
0.468 11.2
0.429 15.8
0.45 9.4
0.368 11.1
0.534 7.3
0.447 17.3
0.475 27.9
0.481 32.7
0.476 29.5
0.462 24.4
0.482 17.9
0.425 24.1
0.45 21.6
0.425 12.5
0.43 18.4
0.427 14.9
0.474 14.9
0.474 15.9
0.462 14.4
0.457 16.6
0.411 11.3
0.5 23.9
0.438 19.4
0.423 27.0
0.423 25.9
0.487 19.2
0.47 22.9
0.452 25.7
0.462 27.5
0.438 29.9
0.444 29.9
0.444 28.8
0.381 24.0
0.386 14.7
0.328 26.2
0.438 27.1
0.411 29.9
0.408 31.7
0.428 27.0
0.416 20.0
0.359 23.3
0.377 26.1
0.422 27.2
0.377 18.9
0.373 18.9
0.373 17.0
0.403 24.2
0.381 26.6
0.395 16.8
0.404 26.8
0.41 19.6
0.367 19.7
0.403 17.8
0.404 18.8
0.381 19.0
0.38 9.2
0.393 12.8
0.459 37.2
0.471 39.3
0.505 38.5
0.496 36.2
0.494 38.0
0.487 36.1
0.518 36.3
0.496 35.2
0.487 33.2
0.535 32.0
0.516 35.4
0.46 35.4
0.46 33.5
0.485 3.4
0.411 11.9
0.486 8.3
0.438 17.2
0.389 16.3
0.403 26.1
0.433 25.2
0.428 11.2
0.38 4.8
0.36 10.8
0.447 11.2
0.331 6.0
0.475 15.1
0.417 19.0
0.511 15.7
0.453 12.3
0.376 5.7
0.368 2.9
0.304 11.2
0.424 8.6
0.259 14.8
0.494 23.5
0.437 28.5
0.48 17.8
0.459 20.9
0.43 31.5
0.451 18.4
0.498 19.1
0.491 12.7
0.364 18.4
0.4 7.8
0.378 2.8
0.447 18.2
0.422 35.5
0.526 31.1
0.538 28.1
0.477 34.0
0.507 35.4
0.483 33.9
0.492 25.0
0.444 22.8
0.539 25.0
0.521 24.5
0.46 24.5
0.46 18.2
0.527 17.6
1.0 5.5
0.394 10.0
0.48 7.4
0.524 4.9
0.355 4.2
0.429 27.0
0.472 14.0
0.468 21.9
0.532 19.0
0.511 12.9
0.39 16.6
0.491 5.5
0.333 9.8
0.478 3.2
0.453 11.6
0.4 10.4
0.291 8.9
0.34 4.5
0.143 18.3
0.401 18.7
0.366 15.3
0.424 24.9
0.411 26.6
0.436 22.6
0.435 21.3
0.457 21.7
0.443 17.4
0.471 16.5
0.461 15.8
0.376 18.3
0.386 18.3
0.532 14.1
0.459 33.4
0.54 30.8
0.508 31.4
0.492 36.8
0.467 34.1
0.518 27.9
0.494 26.5
0.512 24.8
0.423 18.9
0.514 14.2
0.507 16.0
0.448 16.0
0.448 7.0
0.377 8.1
0.4 28.9
0.389 24.6
0.421 20.1
0.41 15.7
0.431 24.8
0.445 23.0
0.386 36.4
0.397 36.5
0.418 35.5
0.448 31.7
0.414 26.3
0.437 33.5
0.409 30.0
0.446 25.8
0.414 29.4
0.377 29.0
0.393 24.4
0.373 24.4
0.373 13.7
0.43 32.2
0.475 32.5
0.471 35.1
0.459 36.3
0.455 32.0
0.451 26.2
0.405 22.7
0.358 23.0
0.399 18.8
0.457 7.2
0.417 42.4
0.472 42.5
0.48 40.9
0.476 40.4
0.484 37.7
0.489 39.0
0.503 38.8
0.51 37.5
0.531 37.9
0.565 37.7
0.567 36.1
0.488 36.1
0.488 35.6
0.52 37.8
0.288 14.5
0.355 7.5
0.0 14.6
0.409 13.3
0.489 7.9
0.474 5.5
0.283 12.5
0.437 13.6
0.414 21.4
0.477 8.2
0.434 18.1
0.458 24.9
0.461 13.1
0.467 16.2
0.409 13.0
0.222 17.7
0.396 23.6
0.418 18.1
0.368 22.0
0.437 15.8
0.369 14.0
0.361 19.1
0.422 13.1
0.38 5.8
0.344 11.8
0.456 11.7
0.368 11.7
0.368 9.6
0.408 7.9
0.46 25.9
0.497 32.8
0.523 29.0
0.451 37.2
0.483 29.7
0.528 34.3
0.49 26.2
0.471 29.2
0.446 20.7
0.507 18.9
0.509 18.9
0.515 18.9
0.515 7.0
0.403 18.4
0.401 13.0
0.446 26.4
0.494 18.9
0.488 22.9
0.432 17.1
0.419 4.7
0.25 10.0
0.352 32.5
0.418 31.3
0.43 30.9
0.44 23.1
0.443 24.0
0.438 18.3
0.493 20.1
0.434 22.6
0.432 30.5
0.461 33.9
0.475 32.2
0.487 32.2
0.487 30.0
0.435 26.2
0.489 10.3
0.371 4.7
0.431 16.7
0.329 26.1
0.35 18.7
0.353 15.0
0.262 6.9
0.329 13.9
0.509 23.9
0.454 23.8
0.438 17.0
0.515 21.4
0.49 24.4
0.469 16.3
0.454 5.0
0.429 13.4
0.498 16.7
0.44 22.9
0.434 26.7
0.433 27.7
0.453 21.5
0.391 28.8
0.375 12.8
0.343 11.7
0.418 16.9
0.389 18.9
0.452 31.4
0.451 28.1
0.474 15.2
0.437 19.1
0.497 14.0
0.488 15.7
0.461 28.3
0.499 21.8
0.473 25.0
0.427 23.7
0.454 23.7
0.454 26.4
0.466 18.1
0.396 13.3
0.435 15.3
0.41 22.9
0.453 23.3
0.362 16.0
0.422 12.4
0.363 11.7
0.403 11.7
0.391 13.5
0.167 3.0
0.533 9.1
0.471 19.6
0.515 21.9
0.491 24.5
0.615 29.6
0.577 27.6
0.602 25.6
0.515 26.8
0.489 25.1
0.457 19.5
0.451 16.9
0.449 16.9
0.449 14.6
0.416 20.0
0.427 22.7
0.404 26.9
0.488 19.9
0.439 24.6
0.413 22.5
0.432 19.4
0.392 21.9
0.385 20.3
0.411 12.0
0.448 10.6
0.414 31.4
0.405 33.2
0.418 29.5
0.433 20.0
0.399 28.2
0.403 21.5
0.478 30.4
0.468 33.0
0.44 30.2
0.453 18.7
0.385 14.5
0.426 14.5
0.372 15.5
0.487 20.6
0.527 21.4
0.481 18.9
0.524 19.4
0.458 19.8
0.532 18.8
0.494 7.1
0.493 19.6
0.531 18.5
0.45 8.0
0.465 38.6
0.478 38.6
0.495 37.9
0.491 38.3
0.469 38.6
0.491 36.3
0.476 37.1
0.5 33.2
0.497 34.7
0.521 32.9
0.545 31.8
0.47 31.8
0.47 30.5
0.456 29.9
0.425 12.6
0.411 19.3
0.412 33.0
0.474 23.4
0.45 17.9
0.436 9.4
0.357 9.0
0.328 12.1
0.369 17.1
0.474 18.4
0.436 34.1
0.512 36.5
0.476 37.8
0.482 39.2
0.472 36.4
0.505 35.0
0.508 29.2
0.487 33.4
0.498 30.9
0.488 28.7
0.471 28.7
0.471 18.0
0.545 12.6
0.38 28.2
0.438 26.4
0.424 36.4
0.446 36.5
0.48 35.0
0.467 34.2
0.442 30.8
0.399 28.3
0.426 30.8
0.43 24.8
0.417 29.1
0.397 29.1
0.397 18.2
0.475 19.2
0.471 24.4
0.514 18.3
0.434 19.3
0.482 16.5
0.51 20.8
0.51 26.3
0.469 26.7
0.445 23.2
0.494 26.2
0.495 26.2
0.495 25.3
0.458 27.0
0.434 11.6
0.366 8.9
0.442 17.5
0.412 22.4
0.539 15.6
0.507 24.4
0.46 36.5
0.394 34.7
0.398 32.9
0.417 26.3
0.417 35.4
0.456 35.7
0.402 35.7
0.402 35.3
0.416 34.7
0.363 14.8
0.365 4.8
0.5 6.3
0.577 14.7
0.638 29.0
0.599 27.3
0.626 30.0
0.578 23.1
0.591 23.7
0.534 15.7
0.609 9.3
0.476 7.5
0.533 21.9
0.448 11.7
0.447 12.5
0.416 23.8
0.496 17.9
0.446 21.7
0.464 20.4
0.44 13.4
0.487 11.3
0.445 13.0
0.409 13.0
0.409 6.9
0.467 10.0
1.0 13.5
0.544 9.4
0.47 30.4
0.552 36.8
0.504 29.9
0.537 21.9
0.525 29.0
0.5 28.5
0.502 25.8
0.568 20.8
0.589 21.5
0.566 20.7
0.597 19.5
0.595 16.7
0.556 16.7
0.419 16.7
0.419 11.8
0.459 6.4
0.359 10.7
0.403 16.7
0.415 23.5
0.434 33.4
0.463 37.5
0.517 33.8
0.479 34.0
0.448 37.9
0.466 39.1
0.46 39.4
0.412 38.7
0.426 35.1
0.431 33.6
0.469 33.6
0.469 32.4
0.455 26.5
0.352 29.1
0.4 24.4
0.408 22.6
0.387 36.8
0.421 30.9
0.373 15.2
0.38 19.5
0.419 17.8
0.367 7.4
0.411 31.0
0.422 33.0
0.455 31.8
0.434 36.6
0.455 27.9
0.416 26.0
0.44 26.9
0.442 20.8
0.408 14.7
0.343 14.1
0.437 14.1
0.429 22.8
0.469 26.0
0.492 31.6
0.463 36.1
0.438 34.7
0.403 31.7
0.422 27.6
0.445 24.5
0.438 20.5
0.378 22.2
0.418 22.2
0.418 20.0
0.447 16.7
0.576 15.4
0.503 7.9
0.517 12.8
0.52 36.8
0.531 36.9
0.603 37.7
0.599 35.7
0.572 34.7
0.612 37.6
0.593 38.3
0.573 35.8
0.578 33.7
0.591 29.8
0.593 29.8
0.593 32.1
0.62 29.7
0.404 10.0
0.379 11.2
0.47 13.2
0.483 9.1
0.422 17.7
0.441 27.9
0.527 34.9
0.481 18.3
0.448 19.9
0.501 21.0
0.473 21.0
0.473 15.8
0.41 12.3
0.493 37.6
0.5 40.3
0.447 39.5
0.456 39.9
0.473 38.9
0.443 36.9
0.445 35.6
0.454 34.7
0.451 32.4
0.48 26.9
0.466 26.9
0.466 26.6
0.478 26.3
0.429 5.5
0.533 3.8
0.313 7.8
0.464 7.9
0.474 7.2
0.466 8.0
0.429 13.4
0.439 10.2
0.448 19.2
0.394 12.1
0.332 7.4
0.422 6.2
0.421 10.4
0.356 13.2
0.431 2.5
0.37 8.8
0.341 10.6
0.442 16.3
0.528 18.0
0.499 33.6
0.514 35.6
0.5 36.7
0.497 32.4
0.498 35.9
0.496 34.0
0.492 33.1
0.494 35.0
0.509 30.6
0.481 30.6
0.481 23.3
0.485 14.1
0.48 7.6
0.435 21.6
0.462 7.0
0.386 11.7
0.493 30.9
0.507 32.6
0.526 18.0
0.41 24.8
0.469 22.9
0.502 22.1
0.414 25.0
0.427 29.8
0.385 26.6
0.48 35.2
0.473 36.3
0.456 38.2
0.42 35.5
0.417 32.5
0.436 31.6
0.413 27.7
0.45 32.0
0.43 33.4
0.427 33.4
0.427 19.9
0.455 28.8
0.483 30.3
0.43 28.4
0.469 31.2
0.503 28.6
0.449 30.5
0.446 29.9
0.427 35.3
0.392 32.0
0.394 22.3
0.407 22.3
0.407 26.6
0.368 27.3
0.401 27.3
0.461 26.5
0.467 24.6
0.432 26.2
0.427 19.7
0.399 17.2
0.426 5.1
0.447 33.6
0.415 34.8
0.532 33.1
0.535 32.8
0.561 28.9
0.53 31.8
0.573 28.9
0.533 26.0
0.0 18.0
0.517 13.8
0.403 7.8
0.444 19.7
0.43 9.0
0.432 22.6
0.422 21.0
0.467 19.8
0.391 17.1
0.382 10.8
0.36 9.8
0.435 7.9
0.389 5.5
0.394 18.0
0.393 23.3
0.441 19.2
0.461 27.7
0.446 27.8
0.414 24.9
0.435 27.6
0.407 33.5
0.422 32.7
0.415 29.7
0.417 29.7
0.417 30.7
0.415 29.0
0.455 32.0
0.425 36.8
0.439 35.5
0.457 35.1
0.492 35.4
0.505 34.4
0.477 35.3
0.458 35.3
0.465 35.5
0.419 27.7
0.419 27.7
0.419 16.0
0.372 19.3
0.453 14.4
0.452 21.1
0.397 14.0
0.431 4.9
0.3 4.6
0.455 21.0
0.393 24.1
0.394 20.2
0.371 32.2
0.401 27.9
0.383 15.3
0.413 19.2
0.402 14.9
0.412 16.6
0.362 7.7
0.6 6.8
0.488 7.9
0.444 10.9
0.455 13.0
0.369 32.0
0.463 31.1
0.461 31.4
0.493 34.6
0.5 18.3
0.44 22.1
0.441 15.7
0.438 18.9
0.487 18.9
0.487 16.1
0.434 14.4
0.513 15.8
0.527 23.9
0.476 27.5
0.461 28.5
0.536 28.5
0.572 32.1
0.528 31.4
0.514 36.0
0.478 27.7
0.495 24.5
0.555 24.5
0.555 9.4
0.427 6.6
0.412 9.9
0.282 17.7
0.346 12.8
0.392 17.8
0.454 16.2
0.387 8.6
0.402 24.6
0.426 34.1
0.487 32.2
0.427 25.1
0.413 33.6
0.457 25.0
0.445 18.9
0.458 24.1
0.435 18.6
0.444 24.8
0.435 24.3
0.403 15.5
0.362 19.8
0.433 13.0
0.504 15.4
0.394 18.0
0.273 6.6
0.465 19.6
0.445 25.1
0.488 12.2
0.4 20.8
0.463 38.4
0.423 27.0
0.422 22.6
0.396 14.5
0.374 12.3
0.379 12.3
0.414 15.1
0.313 7.3
0.289 19.3
0.4 7.7
0.341 19.7
0.499 19.4
0.496 13.0
0.511 26.1
0.515 31.7
0.479 27.6
0.486 27.6
0.486 23.5
0.504 23.5
0.504 20.3
0.549 11.1
0.425 6.2
0.388 12.2
0.437 20.4
0.474 24.0
0.471 27.9
0.478 33.9
0.445 24.1
0.38 19.0
0.512 22.2
0.533 34.2
0.553 34.9
0.511 31.2
0.577 32.3
0.52 35.3
0.495 30.3
0.449 24.6
0.451 26.4
0.627 23.6
0.563 23.6
0.563 20.7
0.627 21.6
0.402 21.9
0.558 28.8
0.636 28.9
0.56 30.4
0.57 27.8
0.574 35.2
0.423 21.0
0.521 30.3
0.519 34.3
0.497 26.7
0.482 30.9
0.44 33.9
0.457 29.6
0.491 30.5
0.456 30.2
0.415 30.2
0.415 28.1
0.459 13.1
0.42 11.1
0.425 20.5
0.37 13.1
0.413 5.7
0.524 12.9
0.477 10.2
0.478 7.4
0.415 34.3
0.475 37.9
0.531 35.7
0.451 41.4
0.449 40.3
0.451 36.6
0.433 37.5
0.416 36.9
0.451 33.7
0.445 33.7
0.445 33.8
0.427 27.0
0.38 11.7
0.391 36.3
0.384 37.6
0.413 37.6
0.408 33.0
0.459 36.5
0.425 31.8
0.407 34.0
0.427 31.0
0.395 9.7
0.406 9.7
0.406 27.4
0.406 21.3
0.477 26.3
0.433 17.2
0.488 11.8
0.423 27.0
0.451 33.0
0.432 26.1
0.4 17.8
0.429 26.5
0.463 30.4
0.444 23.0
0.466 23.9
0.436 16.3
0.376 17.7
0.393 19.7
0.401 14.3
0.27 14.3
0.487 31.2
0.467 29.7
0.457 31.9
0.431 29.1
0.447 27.6
0.41 13.3
0.478 16.7
0.495 8.7
0.434 19.8
0.481 12.0
0.52 15.0
0.389 11.8
0.425 5.8
0.586 13.2
0.414 11.5
0.496 16.3
0.462 34.0
0.459 36.0
0.446 36.2
0.447 36.7
0.428 35.0
0.425 33.3
0.416 14.8
0.286 20.7
0.378 20.4
0.401 20.4
0.478 22.0
0.419 12.1
0.344 9.9
0.395 6.2
0.371 8.7
0.562 22.0
0.573 19.9
0.511 12.1
0.372 21.6
0.489 28.1
0.527 19.2
0.429 16.3
0.442 12.4
0.431 8.8
0.478 8.8
0.478 12.0
0.403 27.6
0.437 18.9
0.432 15.6
0.382 17.3
0.437 16.3
0.385 7.2
0.442 33.6
0.454 27.2
0.431 33.1
0.453 27.4
0.481 20.7
0.408 34.0
0.456 29.7
0.452 28.2
0.41 28.0
0.439 28.0
0.439 32.1
0.391 16.5
0.396 15.4
0.7 15.5
0.545 12.3
0.558 14.7
0.595 17.7
0.623 25.7
0.568 24.3
0.576 28.7
0.554 28.8
0.562 26.4
0.574 26.4
0.574 22.8
0.585 20.1
0.4 4.5
0.0 8.4
0.532 8.7
0.571 3.5
0.445 18.8
0.422 23.9
0.472 22.2
0.3 4.1
0.596 29.8
0.6 29.1
0.552 34.9
0.549 37.3
0.545 36.1
0.507 37.2
0.503 36.8
0.519 33.2
0.523 18.4
0.511 18.4
0.511 16.4
0.531 18.7
0.389 8.1
0.4 9.0
0.426 14.1
0.5 21.6
0.538 18.1
0.575 20.4
0.511 16.3
0.492 22.6
0.478 24.8
0.446 14.4
0.448 14.4
0.422 14.4
0.409 23.9
0.45 15.0
0.35 26.9
0.453 19.0
0.368 10.1
0.345 11.5
0.479 22.5
0.459 23.8
0.429 25.2
0.407 20.4
0.381 21.0
0.415 19.3
0.435 26.3
0.398 26.3
0.398 22.9
0.409 23.4
0.473 17.3
0.562 20.0
0.608 12.5
0.587 11.4
0.625 9.0
0.43 36.8
0.437 37.6
0.488 38.5
0.503 38.0
0.493 36.0
0.463 36.4
0.478 33.4
0.481 35.0
0.467 34.8
0.485 34.8
0.485 32.7
0.462 31.5
0.51 18.6
0.516 18.2
0.419 11.4
0.415 12.1
0.535 11.6
0.445 15.6
0.419 11.4
0.457 9.5
0.462 19.2
0.46 11.7
0.444 9.2
0.366 12.1
0.362 9.7
0.39 9.6
0.431 14.2
0.379 13.4
0.405 12.2
0.352 14.4
0.377 13.1
0.325 12.2
0.304 22.8
0.345 22.8
0.345 19.5
0.384 9.6
0.454 13.8
0.479 3.0
0.286 3.7
0.615 8.8
0.452 11.4
0.455 17.9
0.407 21.2
0.434 26.2
0.423 29.9
0.437 19.9
0.436 17.2
0.399 23.4
0.424 25.4
0.433 19.7
0.428 14.1
0.345 14.1
0.345 11.5
0.615 10.7
0.483 11.6
0.51 7.1
0.415 17.0
0.416 11.5
0.39 7.9
0.44 8.3
0.5 15.1
0.549 18.7
0.474 21.5
0.508 20.8
0.582 17.8
0.632 16.4
0.576 10.8
0.505 19.5
0.598 9.5
0.0 9.5
0.463 25.2
0.47 24.1
0.435 26.9
0.447 23.7
0.439 21.9
0.442 13.8
0.385 15.8
0.377 9.0
0.38 10.6
0.414 10.6
0.414 10.7
0.158 1.0
0.0 5.3
0.279 19.4
0.443 26.2
0.524 23.4
0.502 24.7
0.491 20.5
0.482 17.7
0.511 14.4
0.411 17.5
0.399 21.5
0.396 28.4
0.422 5.0
0.0 24.5
0.405 23.8
0.447 24.3
0.423 28.9
0.442 27.7
0.433 11.0
0.264 11.0
0.421 36.9
0.456 37.3
0.507 36.8
0.471 36.9
0.469 37.9
0.439 36.3
0.407 36.4
0.44 32.2
0.45 31.1
0.387 31.1
0.387 32.4
0.414 25.9
0.442 11.3
0.441 23.3
0.424 23.7
0.398 29.9
0.47 23.3
0.406 26.3
0.407 28.7
0.422 24.1
0.4 25.2
0.404 25.2
0.404 28.5
0.408 24.6
0.443 34.0
0.433 34.6
0.462 34.3
0.458 30.5
0.455 28.7
0.458 26.3
0.432 23.7
0.423 25.4
0.439 26.1
0.424 26.1
0.424 28.9
0.452 30.2
0.358 18.0
0.438 22.0
0.413 23.9
0.415 20.8
0.406 4.4
0.412 10.0
0.314 6.3
0.323 4.9
0.503 34.9
0.484 37.1
0.484 37.5
0.495 39.6
0.5 36.3
0.512 37.7
0.484 36.2
0.458 35.4
0.466 35.4
0.466 30.6
0.513 32.4
0.4 4.0
0.5 13.7
0.536 14.8
0.551 15.0
0.454 12.6
0.43 9.5
0.395 9.7
0.5 17.7
0.427 17.7
0.427 7.0
0.544 11.3
0.453 15.6
0.561 10.2
0.354 9.2
0.333 6.0
0.445 21.4
0.445 32.1
0.464 25.7
0.505 14.6
0.489 14.7
0.558 7.0
0.333 7.8
0.462 8.2
0.359 10.5
0.418 20.3
0.442 19.8
0.44 20.6
0.439 25.2
0.4 23.1
0.427 23.9
0.386 31.4
0.45 35.0
0.47 35.7
0.448 33.3
0.432 28.7
0.399 29.9
0.442 27.1
0.454 27.1
0.454 13.8
0.579 25.3
0.548 16.0
0.528 16.6
0.528 27.5
0.558 32.2
0.508 30.0
0.487 22.0
0.48 24.8
0.427 14.2
0.354 6.7
0.568 8.7
0.5 10.3
0.378 11.4
0.349 9.9
0.473 20.7
0.427 19.1
0.425 23.7
0.42 23.8
0.42 8.7
0.364 17.8
0.368 17.8
0.464 14.8
0.403 17.9
0.416 12.6
0.401 12.4
0.382 13.8
0.326 18.5
0.425 10.9
0.423 8.8
0.369 11.9
0.408 4.0
0.342 10.0
0.41 13.5
0.35 7.3
0.381 11.8
0.394 11.1
0.422 20.6
0.461 18.3
0.391 18.0
0.435 24.6
0.392 21.3
0.434 32.3
0.429 35.6
0.407 23.8
0.414 24.6
0.388 25.9
0.398 27.4
0.397 30.7
0.413 21.7
0.368 21.7
0.368 20.3
0.351 18.6
0.42 10.6
0.422 37.0
0.461 37.3
0.453 39.7
0.466 39.9
0.471 37.3
0.455 35.8
0.416 34.7
0.455 35.4
0.455 35.4
0.455 34.0
0.463 33.8
0.462 11.9
0.424 30.4
0.432 23.9
0.391 19.1
0.466 27.8
0.4 26.2
0.351 20.0
0.527 8.3
0.389 10.7
0.556 8.9
0.489 9.9
0.532 16.8
0.558 16.9
0.598 13.4
0.548 11.1
0.614 7.9
0.736 9.6
0.646 9.6
0.646 12.4
0.538 12.8
0.462 11.3
0.508 4.1
0.4 10.7
0.604 13.0
0.443 13.5
0.405 13.9
0.393 13.0
0.0 7.7
0.457 8.7
0.421 5.5
0.368 25.5
0.432 21.8
0.435 24.3
0.397 34.2
0.426 32.1
0.409 29.7
0.401 36.2
0.423 34.5
0.412 34.5
0.412 37.0
0.427 37.4
0.525 20.8
0.504 30.1
0.534 27.8
0.538 34.3
0.531 32.8
0.495 30.4
0.49 33.5
0.461 32.7
0.476 32.7
0.476 32.7
0.47 34.0
0.167 10.1
0.362 3.9
0.412 4.4
0.36 7.5
0.48 16.4
0.444 6.7
0.389 7.2
0.522 18.9
0.478 20.3
0.414 10.0
0.411 5.6
0.393 5.6
0.393 4.4
0.444 2.8
0.313 4.1
0.552 6.5
0.536 4.6
0.477 32.1
0.476 33.0
0.426 28.3
0.434 29.0
0.399 25.1
0.446 14.4
0.572 17.5
0.524 11.8
0.429 10.9
0.366 22.3
0.424 14.6
0.408 8.9
0.357 7.1
0.41 8.1
0.444 17.4
0.391 22.0
0.439 25.6
0.441 27.2
0.425 30.5
0.434 28.2
0.455 30.9
0.477 30.9
0.477 28.0
0.48 28.2
0.5 4.9
0.364 7.8
0.423 8.7
0.352 15.3
0.392 15.9
0.418 29.9
0.492 33.0
0.505 36.6
0.508 37.2
0.475 36.9
0.448 37.4
0.484 33.3
0.403 29.7
0.426 29.7
0.426 35.2
0.454 26.7
0.456 37.7
0.454 37.2
0.48 37.2
0.473 27.9
0.426 20.8
0.428 22.0
0.426 28.6
0.44 25.9
0.471 21.8
0.432 27.5
0.481 26.0
0.415 18.8
0.418 18.8
0.418 23.4
0.505 25.7
0.367 4.8
0.458 4.8
0.417 6.2
0.286 4.7
0.531 20.1
0.563 19.7
0.562 16.4
0.569 12.2
0.553 9.9
0.475 18.0
0.423 27.5
0.451 22.6
0.462 21.0
0.471 18.8
0.367 13.8
0.467 5.3
0.614 5.3
0.395 16.1
0.379 6.0
0.235 14.1
0.469 14.9
0.427 11.3
0.455 12.1
0.434 11.4
0.446 11.1
0.521 15.4
0.468 22.0
0.411 16.7
0.437 27.1
0.465 33.7
0.498 33.6
0.471 36.0
0.439 35.0
0.459 32.1
0.424 32.1
0.424 33.4
0.443 25.9
0.263 6.3
0.267 10.2
0.467 16.1
0.483 16.5
0.478 19.5
0.535 21.1
0.559 9.1
0.515 5.6
0.375 8.3
0.581 8.3
0.581 5.1
0.6 6.4
0.387 21.0
0.442 17.0
0.406 24.5
0.437 29.8
0.417 25.8
0.395 25.2
0.485 22.4
0.423 22.4
0.423 24.6
0.386 24.0
0.374 20.5
0.411 30.3
0.431 21.9
0.395 21.8
0.434 24.4
0.425 32.2
0.481 26.1
0.426 26.1
0.426 20.4
0.384 15.6
0.413 25.0
0.404 35.6
0.432 21.8
0.438 33.4
0.432 35.7
0.479 33.3
0.45 26.9
0.392 25.1
0.462 31.1
0.416 31.7
0.429 31.7
0.428 30.6
0.442 32.1
0.445 35.5
0.444 35.1
0.433 34.5
0.44 33.5
0.45 31.8
0.446 31.8
0.446 31.4
0.422 33.2
0.381 24.4
0.375 15.4
0.32 13.9
0.436 17.4
0.368 9.0
0.421 18.6
0.408 7.9
0.484 21.5
0.442 17.3
0.437 29.5
0.448 23.4
0.421 31.3
0.448 24.4
0.457 12.2
0.459 12.2
0.468 17.0
0.477 24.3
0.459 26.1
0.477 31.1
0.485 27.5
0.468 23.4
0.438 23.8
0.468 23.8
0.468 25.9
0.478 21.3
0.43 39.0
0.476 39.5
0.476 38.9
0.462 38.6
0.496 38.5
0.51 38.5
0.503 33.8
0.51 33.8
0.51 35.8
0.505 33.4
0.375 7.4
0.583 8.3
0.547 8.6
0.44 5.7
0.391 6.1
0.471 12.6
0.567 13.4
0.533 25.4
0.561 32.0
0.555 30.8
0.521 32.8
0.542 29.9
0.566 29.9
0.566 30.1
0.567 31.2
0.505 12.8
0.485 9.7
0.512 13.0
0.566 16.6
0.516 12.2
0.533 9.6
0.427 36.8
0.446 37.1
0.453 32.4
0.459 29.3
0.466 26.4
0.468 21.2
0.465 24.9
0.489 27.2
0.464 30.9
0.456 17.5
0.393 17.5
0.393 18.2
0.405 14.8
0.499 33.5
0.525 35.1
0.551 35.1
0.557 31.6
0.553 37.2
0.543 33.0
0.567 30.5
0.538 30.5
0.538 32.1
0.505 32.3
0.421 23.3
0.382 31.8
0.403 17.7
0.418 6.8
0.616 21.3
0.574 30.9
0.536 26.4
0.502 24.4
0.503 23.2
0.54 12.9
0.517 17.0
0.515 17.0
0.515 15.8
0.401 10.2
0.374 9.0
0.467 14.2
0.379 26.2
0.432 6.0
0.365 14.6
0.396 17.6
0.448 14.9
0.6 8.5
0.422 12.5
0.521 22.2
0.547 14.4
0.475 22.2
0.455 30.3
0.436 17.4
0.528 17.4
0.528 14.2
0.372 17.3
0.485 25.9
0.468 17.2
0.462 17.7
0.407 15.4
0.261 3.5
0.482 24.2
0.556 30.1
0.504 32.8
0.525 30.4
0.508 36.8
0.481 35.3
0.475 30.6
0.445 30.6
0.445 21.9
0.383 22.1
0.352 8.7
0.386 10.2
0.359 7.8
0.75 4.6
0.515 30.3
0.531 32.6
0.514 32.6
0.504 31.3
0.491 26.6
0.472 17.1
0.47 20.5
0.467 20.5
0.467 21.5
0.45 12.8
0.436 27.5
0.445 21.1
0.456 26.3
0.466 26.7
0.428 27.1
0.408 26.7
0.429 18.6
0.374 18.6
0.374 20.3
0.473 16.2
0.0 6.5
0.401 31.9
0.439 34.2
0.405 31.2
0.439 29.9
0.429 28.6
0.406 26.7
0.436 26.4
0.44 26.4
0.44 22.0
0.413 17.8
0.429 37.4
0.446 27.7
0.473 19.5
0.364 9.4
0.43 6.4
0.426 24.5
0.457 27.5
0.468 13.3
0.371 23.7
0.368 19.0
0.418 18.9
0.437 24.9
0.434 24.9
0.434 19.9
0.343 16.3
0.429 5.1
0.412 3.6
0.571 19.3
0.538 11.1
0.417 11.4
0.554 17.6
0.533 14.3
0.466 12.8
0.5 14.7
0.439 22.4
0.444 19.2
0.418 31.8
0.441 27.9
0.403 23.9
0.413 28.3
0.435 23.8
0.366 23.8
0.366 19.1
0.339 25.9
0.539 34.4
0.495 32.0
0.47 26.0
0.541 27.9
0.507 34.6
0.531 34.4
0.454 32.0
0.466 32.0
0.466 33.0
0.514 30.2
0.362 5.0
0.5 10.0
0.416 3.6
0.393 14.5
0.436 22.3
0.43 32.2
0.439 30.9
0.423 36.1
0.438 27.5
0.399 27.5
0.399 30.4
0.427 29.4
0.438 14.3
0.432 20.1
0.43 18.4
0.386 33.6
0.416 29.3
0.376 16.1
0.35 27.3
0.415 24.0
0.399 24.0
0.399 19.0
0.423 19.7
0.446 24.8
0.519 31.5
0.455 30.4
0.451 38.5
0.423 36.0
0.465 33.5
0.4 33.5
0.4 35.0
0.426 34.0
0.365 17.6
0.414 21.1
0.422 22.7
0.424 22.1
0.419 23.4
0.402 22.3
0.426 22.3
0.426 28.9
0.423 23.7
0.472 29.8
0.45 32.3
0.45 23.1
0.445 20.7
0.405 15.1
0.499 21.0
0.434 21.0
0.434 18.2
0.522 16.7
0.392 11.5
0.42 24.8
0.401 22.6
0.399 28.5
0.448 26.9
0.429 29.8
0.454 29.6
0.403 29.6
0.403 22.5
0.5 7.1
0.45 12.1
0.46 25.8
0.445 20.1
0.393 18.0
0.452 17.6
0.435 26.5
0.462 33.5
0.443 35.1
0.505 33.8
0.501 33.8
0.501 32.8
0.477 33.7
0.425 23.2
0.378 23.3
0.37 22.9
0.448 33.9
0.423 33.9
0.414 31.4
0.414 32.5
0.53 35.8
0.581 31.9
0.527 36.5
0.482 35.0
0.494 33.4
0.473 33.2
0.494 33.2
0.494 34.4
0.464 34.2
0.667 7.5
0.456 36.0
0.449 37.7
0.45 34.4
0.45 30.1
0.402 32.1
0.436 33.1
0.411 33.1
0.411 32.9
0.418 31.0
0.326 21.4
0.441 16.3
0.404 14.7
0.484 6.7
0.387 5.4
0.517 5.9
0.542 10.7
0.49 6.7
0.471 25.1
0.495 27.7
0.461 29.8
0.497 28.7
0.448 29.7
0.439 25.3
0.446 25.3
0.446 23.2
0.443 14.2
0.515 20.9
0.554 28.2
0.458 23.0
0.467 29.0
0.562 26.9
0.508 19.3
0.475 19.3
0.475 12.5
0.403 29.2
0.478 28.3
0.453 25.5
0.442 34.5
0.443 32.0
0.442 29.5
0.477 29.5
0.477 34.1
0.441 31.5
0.55 4.7
0.43 4.4
0.3 8.2
0.25 10.6
0.633 16.2
0.605 25.6
0.686 27.2
0.632 24.5
0.643 35.0
0.676 34.4
0.71 34.4
0.71 33.7
0.703 31.7
0.508 4.8
0.468 8.7
0.453 16.5
0.599 22.4
0.581 16.9
0.495 16.6
0.508 16.6
0.508 19.0
0.532 20.0
0.45 33.5
0.436 21.3
0.439 30.3
0.433 24.9
0.464 25.0
0.48 30.6
0.448 30.6
0.448 29.5
0.454 31.9
0.531 36.9
0.499 35.2
0.492 27.2
0.494 30.4
0.521 31.4
0.563 29.2
0.513 29.2
0.513 33.7
0.511 29.6
0.518 19.3
0.588 14.8
0.501 14.0
0.461 26.0
0.534 31.7
0.551 27.8
0.535 27.8
0.535 27.1
0.539 28.0
0.459 28.6
0.45 35.8
0.47 39.0
0.448 34.3
0.352 36.3
0.457 33.8
0.434 33.8
0.434 31.5
0.419 31.4
0.364 21.7
0.368 10.4
0.39 23.0
0.44 16.9
0.381 14.7
0.42 8.6
0.283 8.6
0.438 38.0
0.458 26.3
0.407 26.8
0.408 35.5
0.449 25.9
0.407 23.9
0.422 23.9
0.422 26.6
0.462 25.6
0.48 26.5
0.463 23.5
0.51 22.9
0.401 15.7
0.451 28.6
0.395 28.6
0.395 17.0
0.454 22.3
0.494 16.1
0.508 27.8
0.55 25.2
0.556 18.1
0.575 15.8
0.447 11.1
0.532 11.1
0.532 10.9
0.575 9.6
0.478 29.2
0.468 32.0
0.45 26.4
0.413 9.3
0.441 18.8
0.458 24.4
0.463 24.4
0.463 13.6
0.408 14.6
0.564 23.9
0.462 22.7
0.443 14.8
0.466 15.2
0.47 8.4
0.491 12.3
0.475 36.8
0.489 37.4
0.445 35.3
0.423 30.4
0.423 26.2
0.421 26.4
0.501 12.5
0.667 11.0
0.333 8.2
0.204 8.2
0.204 14.7
0.427 21.9
0.502 16.4
0.477 11.5
0.495 22.4
0.453 16.5
0.445 12.4
0.441 15.9
0.492 15.9
0.492 11.6
0.432 15.7
0.497 31.4
0.472 23.3
0.507 25.9
0.535 27.9
0.502 24.5
0.506 24.6
0.47 24.6
0.47 10.0
0.292 31.0
0.43 21.0
0.45 17.3
0.39 15.5
0.38 20.3
0.42 18.8
0.41 18.8
0.41 18.6
0.386 22.7
0.38 7.5
0.621 21.9
0.517 12.9
0.441 19.4
0.459 12.0
0.364 13.8
0.32 19.8
0.515 23.9
0.398 34.3
0.418 34.7
0.442 35.3
0.457 34.9
0.438 30.7
0.437 34.4
0.426 34.4
0.426 34.4
0.454 34.6
0.52 8.5
0.61 14.6
0.507 18.9
0.493 7.2
0.522 5.0
0.417 13.7
0.393 15.0
0.432 9.3
0.518 17.7
0.422 21.7
0.422 12.2
0.556 21.4
0.501 21.3
0.534 14.0
0.524 15.6
0.534 6.2
0.456 6.2
0.456 7.5
0.534 10.7
0.511 6.8
0.463 11.8
0.565 22.2
0.441 22.3
0.425 22.4
0.442 22.1
0.414 18.3
0.394 19.2
0.433 19.2
0.433 14.1
0.396 4.2
0.333 14.5
0.41 16.8
0.46 32.1
0.47 31.3
0.487 31.3
0.487 30.2
0.389 26.1
0.446 24.0
0.412 20.6
0.403 11.7
0.394 18.1
0.422 21.1
0.489 21.1
0.489 27.2
0.481 17.9
0.371 11.0
0.43 12.4
0.367 23.1
0.44 14.2
0.372 9.3
0.367 9.3
0.477 29.9
0.457 31.3
0.44 29.3
0.471 25.9
0.467 34.8
0.473 34.8
0.473 30.0
0.486 30.3
0.495 21.0
0.462 17.6
0.516 25.1
0.468 20.2
0.464 25.0
0.457 25.0
0.457 24.6
0.451 25.0
0.462 33.6
0.48 28.2
0.49 38.2
0.451 36.5
0.471 32.7
0.487 32.7
0.487 34.2
0.504 33.4
0.464 20.1
0.41 14.7
0.322 12.3
0.433 6.7
0.353 10.1
0.355 10.1
0.498 34.8
0.467 35.0
0.422 36.7
0.445 38.2
0.429 35.0
0.413 35.0
0.413 35.9
0.446 35.4
0.458 24.3
0.416 17.3
0.324 18.2
0.403 13.2
0.384 14.8
0.373 14.8
0.373 20.7
0.411 16.4
0.424 19.0
0.403 19.1
0.404 21.3
0.427 8.7
0.437 25.8
0.412 25.8
0.412 21.3
0.389 24.2
0.458 37.0
0.409 34.3
0.453 31.0
0.478 28.2
0.436 34.1
0.447 34.1
0.447 30.6
0.433 19.7
0.417 18.5
0.365 14.3
0.463 12.5
0.4 13.9
0.475 20.0
0.458 29.0
0.412 31.0
0.41 15.7
0.415 12.3
0.468 12.3
0.468 22.4
0.518 6.8
0.494 21.8
0.466 20.4
0.495 22.4
0.485 28.7
0.479 27.3
0.502 27.3
0.502 26.5
0.526 25.5
0.385 11.5
0.486 23.1
0.442 27.5
0.448 24.3
0.432 28.5
0.436 28.5
0.436 26.1
0.376 26.6
0.36 21.9
0.465 21.8
0.405 16.9
0.432 15.3
0.474 14.3
0.521 14.3
0.521 7.8
0.403 26.7
0.436 31.4
0.491 38.3
0.438 38.0
0.456 36.8
0.44 36.8
0.44 38.1
0.439 36.4
0.356 24.4
0.454 33.3
0.459 31.4
0.447 32.0
0.433 28.9
0.437 28.9
0.437 19.9
0.439 23.2
0.493 15.6
0.491 14.1
0.497 15.8
0.497 20.8
0.549 26.8
0.459 26.8
0.459 20.7
0.506 6.7
0.442 35.4
0.446 33.8
0.432 37.5
0.431 33.6
0.447 32.6
0.446 32.6
0.446 28.2
0.439 32.7
0.396 6.6
0.25 20.9
0.543 27.0
0.543 27.2
0.535 31.1
0.573 32.9
0.536 33.1
0.476 33.1
0.476 32.1
0.479 30.7
0.414 18.9
0.371 34.4
0.39 35.3
0.418 36.2
0.399 34.1
0.373 28.6
0.401 28.6
0.401 18.1
0.368 22.2
0.452 21.6
0.456 25.2
0.45 16.3
0.413 18.4
0.464 19.6
0.589 19.6
0.589 16.2
0.475 27.4
0.515 26.3
0.503 34.8
0.488 34.4
0.461 35.8
0.431 35.5
0.436 35.5
0.436 21.4
0.393 25.1
0.483 33.6
0.449 33.8
0.412 34.8
0.436 33.9
0.441 33.7
0.448 33.7
0.448 33.9
0.388 34.2
0.418 14.6
0.402 15.2
0.359 15.0
0.377 10.5
0.388 27.9
0.425 24.9
0.409 21.3
0.387 33.2
0.463 24.4
0.416 24.4
0.416 14.3
0.35 20.5
0.417 12.2
0.412 16.3
0.485 11.3
0.469 18.9
0.464 15.7
0.368 6.5
0.321 22.5
0.425 26.9
0.385 9.2
0.41 15.9
0.356 12.9
0.339 22.4
0.39 3.5
0.413 12.5
0.372 12.5
0.354 9.0
0.406 13.9
0.431 3.5
0.378 14.2
0.396 13.8
0.438 33.1
0.476 32.9
0.451 32.2
0.438 30.5
0.46 30.5
0.46 28.5
0.439 32.4
0.436 9.6
0.588 7.9
0.425 7.0
0.524 11.7
0.604 8.3
0.451 24.3
0.434 34.9
0.438 24.0
0.429 24.2
0.394 15.0
0.406 15.0
0.406 18.2
0.399 17.4
0.495 20.3
0.469 22.6
0.416 9.5
0.432 5.7
0.556 5.3
0.385 5.3
0.401 13.8
0.374 18.3
0.429 13.3
0.451 20.2
0.472 10.7
0.354 12.4
0.426 7.9
0.438 13.7
0.429 18.1
0.52 12.6
0.432 12.6
0.2 8.7
0.533 6.7
0.524 8.6
0.55 7.2
0.541 16.0
0.478 16.0
0.478 13.3
0.596 8.6
0.394 22.4
0.411 27.2
0.475 25.6
0.474 18.5
0.412 18.5
0.412 28.5
0.416 29.1
0.383 11.8
0.379 10.3
0.413 28.9
0.553 14.7
0.506 30.0
0.541 20.2
0.532 26.1
0.517 26.1
0.517 17.3
0.533 15.5
0.273 13.4
0.41 11.8
0.368 17.5
0.39 13.2
0.479 13.2
0.479 18.0
0.422 15.7
0.424 11.6
0.389 20.4
0.445 32.9
0.477 34.6
0.447 34.6
0.447 34.2
0.453 33.0
0.549 25.2
0.531 18.5
0.491 21.6
0.551 19.8
0.487 19.8
0.487 20.7
0.49 24.7
0.25 6.3
0.343 21.4
0.498 28.7
0.402 30.9
0.438 31.5
0.429 31.5
0.429 33.4
0.447 33.4
0.43 30.5
0.448 30.5
0.465 32.4
0.496 34.1
0.467 34.1
0.467 34.6
0.451 34.2
0.384 27.4
0.4 24.4
0.415 23.0
0.576 23.2
0.513 20.1
0.539 15.2
0.534 23.3
0.601 23.3
0.601 20.8
0.611 17.2
0.412 16.5
0.416 10.4
0.559 11.9
0.661 7.5
0.643 5.8
0.614 18.3
0.527 7.0
0.552 7.0
0.552 8.4
0.425 14.6
0.517 21.2
0.499 23.2
0.482 30.2
0.522 30.8
0.525 30.8
0.525 32.0
0.515 23.7
0.497 28.7
0.46 20.3
0.457 10.7
0.403 8.3
0.488 8.3
0.454 14.9
0.453 29.7
0.44 37.6
0.419 36.2
0.424 15.2
0.367 15.2
0.367 34.8
0.418 35.9
0.506 36.2
0.549 32.5
0.538 35.8
0.528 35.2
0.502 35.2
0.502 33.4
0.499 34.0
0.383 11.0
0.374 17.5
0.485 30.5
0.456 29.2
0.435 36.4
0.413 34.4
0.445 34.4
0.445 36.2
0.433 34.5
0.357 5.4
0.342 7.8
0.406 16.9
0.395 12.5
0.41 21.1
0.417 9.6
0.231 9.6
0.447 24.3
0.371 0.0
0.0 10.0
0.455 13.8
0.429 6.5
0.488 9.5
0.64 19.7
0.397 18.1
0.403 18.1
0.403 12.2
0.397 22.6
0.398 19.1
0.407 28.4
0.425 29.5
0.414 29.5
0.414 20.8
0.404 11.9
0.311 8.1
0.397 11.7
0.389 26.9
0.446 32.2
0.441 28.9
0.446 25.8
0.424 25.8
0.424 26.3
0.412 24.5
0.551 31.5
0.521 33.2
0.486 32.8
0.497 31.0
0.496 31.0
0.496 29.3
0.522 22.5
0.474 15.6
0.526 8.9
0.506 21.6
0.523 25.2
0.555 25.2
0.555 17.4
0.565 20.4
0.8 1.0
0.451 21.5
0.436 21.8
0.412 21.4
0.41 22.1
0.374 22.1
0.374 20.2
0.465 9.0
0.469 10.7
0.558 23.2
0.44 25.0
0.512 23.6
0.46 26.6
0.449 26.6
0.449 25.6
0.414 24.6
0.517 26.9
0.564 31.6
0.52 30.8
0.541 26.3
0.424 26.3
0.424 13.0
0.333 8.6
0.468 2.9
0.364 1.5
0.406 15.7
0.452 21.1
0.428 18.0
0.392 23.9
0.421 23.9
0.456 15.3
0.455 10.9
0.433 12.4
0.457 27.3
0.506 25.4
0.469 21.7
0.5 21.7
0.449 20.6
0.531 21.8
0.461 10.9
0.505 15.6
0.513 15.6
0.513 11.0
0.41 11.4
0.374 9.0
0.383 9.9
0.352 14.4
0.423 15.1
0.39 15.1
0.39 29.1
0.411 24.1
0.529 19.0
0.618 24.7
0.56 21.5
0.523 19.8
0.558 19.8
0.558 16.1
0.523 9.5
0.333 10.5
0.376 29.2
0.46 35.3
0.491 25.8
0.376 25.8
0.376 19.9
0.481 20.1
0.425 26.4
0.446 35.3
0.419 30.3
0.425 27.6
0.429 27.6
0.429 28.0
0.456 25.5
0.437 21.1
0.431 17.3
0.435 19.1
0.399 3.9
0.458 3.9
0.424 20.6
0.408 25.8
0.43 34.4
0.433 22.5
0.421 24.3
0.408 24.3
0.408 20.0
0.326 13.0
0.409 36.2
0.423 32.7
0.441 36.3
0.433 35.9
0.445 35.9
0.445 36.2
0.424 36.4
0.0 6.1
0.473 21.1
0.454 16.5
0.447 17.0
0.472 17.0
0.472 20.2
0.516 14.3
0.536 13.3
0.551 16.5
0.464 27.3
0.451 13.9
0.611 19.4
0.543 19.4
0.543 22.0
0.542 22.1
0.428 12.5
0.463 9.0
0.429 17.8
0.42 28.1
0.457 33.3
0.403 33.3
0.403 25.7
0.41 15.5
0.405 26.0
0.467 38.7
0.397 38.7
0.462 38.7
0.462 36.9
0.454 37.0
0.393 19.9
0.421 24.6
0.414 24.4
0.412 24.4
0.412 26.6
0.405 9.6
0.357 2.0
0.586 28.1
0.552 27.2
0.545 27.8
0.507 27.8
0.507 25.3
0.558 21.2
0.386 14.0
0.421 10.6
0.471 10.2
0.38 10.2
0.38 3.0
0.391 6.0
0.432 9.9
0.418 17.0
0.391 8.7
0.4 8.7
0.4 27.6
0.423 5.2
0.444 9.9
0.349 6.9
0.467 23.6
0.455 30.3
0.464 34.8
0.466 34.8
0.466 33.1
0.469 31.3
0.325 5.3
0.333 3.6
0.469 34.7
0.452 35.2
0.43 36.4
0.468 36.4
0.468 31.5
0.448 35.1
0.321 14.2
0.458 28.5
0.44 29.5
0.434 29.5
0.434 30.7
0.434 27.4
0.447 7.5
0.513 15.0
0.314 13.9
0.464 13.8
0.475 18.3
0.504 18.3
0.504 25.6
0.439 25.0
0.496 15.4
0.544 26.7
0.491 28.5
0.519 28.5
0.519 21.0
0.576 21.3
0.415 31.5
0.407 33.3
0.422 32.3
0.422 32.3
0.422 36.0
0.415 21.1
0.39 18.1
0.493 31.2
0.494 29.1
0.522 31.8
0.479 31.8
0.479 33.1
0.506 33.4
0.508 6.7
0.481 13.1
0.492 13.1
0.443 13.1
0.443 18.7
0.481 25.9
0.48 7.4
0.447 1.0
0.4 13.4
0.46 20.4
0.417 15.1
0.401 15.1
0.401 20.3
0.439 21.9
0.381 22.4
0.396 19.1
0.428 9.0
0.446 9.0
0.446 21.4
0.481 24.9
0.429 14.2
0.388 11.6
0.406 7.9
0.34 7.9
0.296 19.8
0.422 22.0
0.442 25.2
0.434 25.2
0.434 35.7
0.434 32.5
0.399 22.4
0.407 26.6
0.486 31.5
0.465 31.5
0.465 25.5
0.425 31.2
0.567 8.0
0.462 11.4
0.333 16.8
0.452 36.3
0.486 37.6
0.472 33.1
0.462 33.1
0.462 29.5
0.492 19.9
0.357 29.7
0.36 32.2
0.381 31.5
0.356 31.5
0.356 30.6
0.374 32.9
0.347 5.9
0.401 22.1
0.396 26.5
0.378 24.9
0.41 24.9
0.41 24.4
0.374 25.5
0.372 16.2
0.382 10.0
0.399 11.4
0.346 8.2
0.376 20.9
0.408 20.9
0.408 21.6
0.636 15.9
0.62 9.1
0.643 8.6
0.612 8.6
0.612 10.7
0.372 7.2
0.545 15.9
0.457 18.3
0.574 3.9
0.75 3.9
0.419 7.0
1.0 5.7
0.448 26.9
0.44 34.7
0.453 25.8
0.42 25.8
0.42 32.2
0.428 33.8
0.452 10.9
0.5 8.4
0.222 24.0
0.412 24.0
0.412 22.3
0.442 21.0
0.0 4.8
0.5 7.9
0.438 11.4
0.45 11.4
0.443 35.8
0.422 35.4
0.444 31.9
0.463 31.9
0.463 33.3
0.47 34.0
0.439 31.3
0.488 31.6
0.477 26.8
0.547 26.8
0.547 27.7
0.588 29.9
0.421 3.2
0.375 9.7
0.537 11.8
0.5 14.4
0.45 33.2
0.519 31.8
0.507 34.2
0.523 34.2
0.523 31.3
0.51 28.8
0.366 34.9
0.423 35.8
0.393 34.2
0.385 34.2
0.385 35.6
0.427 34.7
0.412 24.6
0.43 23.3
0.427 19.8
0.447 19.8
0.447 17.9
0.45 16.1
0.511 1.3
0.5 15.8
0.56 13.4
0.468 18.9
0.459 18.9
0.459 14.8
0.556 14.7
0.439 28.3
0.399 28.3
0.482 28.3
0.482 30.9
0.466 35.5
0.382 9.4
0.417 16.9
0.425 16.9
0.425 28.7
0.432 28.4
0.5 9.3
0.436 16.0
0.566 16.0
0.566 15.2
0.505 15.5
0.371 13.6
0.429 17.7
0.426 17.7
0.426 27.8
0.441 26.9
0.41 34.7
0.419 33.4
0.427 33.4
0.427 31.1
0.449 34.9
0.418 31.3
0.414 30.8
0.383 30.8
0.383 28.7
0.434 30.7
0.392 8.8
0.405 7.6
0.45 7.6
0.479 6.5
0.47 16.6
0.361 16.6
0.361 6.5
0.384 16.1
0.439 20.1
0.42 20.1
0.42 31.6
0.443 32.4
0.429 6.2
0.286 4.7
0.364 4.7
0.364 9.3
0.516 35.2
0.519 36.1
0.535 36.1
0.535 35.5
0.493 36.1
0.436 10.5
0.608 32.3
0.623 30.5
0.514 30.5
0.514 32.9
0.521 29.7
0.493 19.8
0.419 28.6
0.44 28.6
0.44 32.5
0.462 32.9
0.408 14.0
0.475 12.9
0.49 12.9
0.327 14.8
0.327 21.9
0.407 31.5
0.443 31.5
0.443 34.7
0.49 32.5
0.461 24.4
0.464 15.0
0.399 15.0
0.399 18.7
0.474 28.9
0.482 26.5
0.538 18.3
0.566 18.3
0.566 16.8
0.564 19.4
0.515 4.9
0.478 9.9
0.444 9.9
0.446 12.2
0.381 12.4
0.495 12.4
0.495 11.2
0.444 3.3
0.4 8.7
0.0 5.0
0.394 12.3
0.459 14.7
0.397 14.7
0.457 27.3
0.542 26.9
0.528 26.9
0.528 20.9
0.452 23.5
0.458 24.2
0.473 28.9
0.465 28.9
0.465 29.3
0.541 29.0
0.717 3.0
0.368 13.1
0.353 19.7
0.432 13.5
0.416 13.5
0.416 18.6
0.451 18.4
0.545 8.9
0.451 15.4
0.51 15.4
0.51 21.9
0.448 16.5
0.429 35.8
0.424 35.7
0.434 35.7
0.434 35.7
0.419 35.9
0.371 29.0
0.406 14.9
0.455 14.9
0.455 13.3
0.44 30.0
0.44 30.1
0.467 30.1
0.467 36.1
0.444 30.7
0.407 16.1
0.44 8.6
0.143 8.6
0.333 15.2
0.367 11.9
0.237 11.9
0.455 15.4
0.443 28.7
0.504 28.7
0.504 14.8
0.439 14.1
0.582 15.6
0.527 15.4
0.429 12.3
0.437 12.3
0.437 14.7
0.471 9.0
0.513 17.2
0.501 16.2
0.492 16.2
0.492 11.8
0.476 15.6
0.238 24.6
0.517 16.4
0.535 16.4
0.535 14.3
0.601 10.8
0.455 19.4
0.461 17.9
0.399 17.9
0.399 13.9
0.372 19.4
0.405 20.6
0.409 20.6
0.409 21.9
0.438 27.8
0.417 23.2
0.42 18.5
0.389 18.5
0.389 9.2
0.448 10.1
0.43 12.5
0.481 14.8
0.485 14.8
0.485 12.9
0.447 11.7
0.407 26.7
0.423 25.5
0.41 25.5
0.41 23.9
0.431 25.1
0.375 16.8
0.477 16.9
0.412 16.9
0.412 12.8
0.476 18.5
0.479 16.5
0.444 16.5
0.444 15.3
0.468 10.8
0.435 5.9
0.372 10.5
0.321 18.3
0.397 18.3
0.667 19.0
0.474 19.2
0.474 19.2
0.474 18.8
0.428 28.5
0.447 21.8
0.386 21.8
0.386 14.4
0.389 12.0
0.493 27.6
0.427 27.0
0.439 27.0
0.439 23.6
0.435 10.7
0.431 24.2
0.376 14.8
0.395 14.8
0.368 11.7
0.381 11.1
0.384 19.4
0.418 22.3
0.382 22.3
0.382 21.3
0.427 16.2
0.557 28.2
0.531 26.2
0.572 26.2
0.572 26.0
0.565 25.8
0.429 14.1
0.412 29.6
0.433 27.6
0.396 27.6
0.396 27.6
0.399 30.1
0.295 4.5
0.384 24.5
0.427 29.8
0.403 29.8
0.403 18.0
0.438 15.0
0.538 21.1
0.549 21.1
0.549 11.8
0.476 10.3
0.503 25.3
0.544 25.3
0.544 25.2
0.613 29.9
0.414 31.4
0.491 31.4
0.491 35.3
0.506 35.6
0.418 16.5
0.365 16.5
0.387 17.7
0.42 17.7
0.42 22.5
0.446 22.0
0.356 15.7
0.421 15.7
0.421 4.4
0.296 11.5
0.5 37.0
0.3 37.0
0.302 18.9
0.426 18.9
0.426 7.6
0.355 9.4
0.343 9.4
0.343 11.6
0.439 15.1
0.38 30.1
0.368 30.1
0.368 21.3
0.413 12.3
0.313 20.5
0.45 20.5
0.457 14.4
0.421 14.4
0.396 31.5
0.401 31.5
0.401 36.7
0.42 33.3
0.356 20.0
0.386 20.0
0.386 25.5
0.36 15.2
0.405 32.6
0.396 32.6
0.396 30.5
0.452 18.8
0.388 6.4
0.345 6.4
0.345 8.8
0.441 14.8
0.429 27.9
0.396 27.9
0.396 28.4
0.385 31.6
0.364 13.4
0.412 13.4
0.412 26.0
0.459 28.5
0.333 4.0
0.0 4.0
0.0 15.7
0.455 29.0
0.484 8.4
0.37 8.4
0.37 11.1
0.476 17.7
0.351 10.0
0.483 10.0
0.422 15.7
0.401 15.7
0.458 14.3
0.562 14.3
0.562 12.2
0.559 17.5
0.412 20.6
0.362 20.6
0.362 24.6
0.405 26.1
0.498 30.0
0.506 30.0
0.506 27.1
0.532 32.4
0.41 4.3
0.5 4.3
0.486 26.3
0.604 26.3
0.604 31.7
0.559 33.9
0.455 13.0
0.393 13.0
0.393 19.5
0.417 14.3
0.463 8.8
0.537 8.8
0.537 5.3
0.45 17.4
0.478 17.4
0.425 29.0
0.396 29.0
0.396 14.7
0.447 29.7
0.379 16.5
0.459 16.5
0.343 16.8
0.403 16.8
0.403 10.0
0.423 23.7
0.337 23.7
0.337 13.1
0.369 6.9
0.385 4.5
0.667 4.5
0.38 24.5
0.433 24.5
0.433 22.4
0.353 14.4
0.333 14.4
0.423 22.0
0.507 22.0
0.507 23.3
0.423 20.3
0.326 13.0
0.404 13.0
0.377 21.1
0.438 21.1
0.438 11.6
0.416 15.7
0.436 15.7
0.436 34.8
0.448 35.0
0.376 32.6
0.437 32.6
0.437 21.2
0.429 19.3
0.349 10.8
0.15 10.8
0.46 22.8
0.489 22.8
0.489 20.5
0.465 19.4
0.434 3.6
0.4 3.6
0.425 12.6
0.55 12.6
0.55 9.4
0.5 17.7
0.419 35.7
0.436 35.7
0.436 33.0
0.438 33.2
0.466 22.2
0.475 22.2
0.475 20.2
0.455 20.5
0.2 11.3
0.857 11.3
0.659 21.3
0.573 21.3
0.573 25.4
0.516 26.5
0.363 19.4
0.45 19.4
0.45 30.3
0.473 32.6
0.308 12.0
0.368 12.0
0.368 12.3
0.54 4.6
0.375 4.6
0.485 19.2
0.458 19.2
0.458 22.2
0.496 30.1
0.383 19.7
0.427 19.7
0.427 20.3
0.421 31.5
0.384 19.6
0.429 19.6
0.429 20.3
0.372 29.2
0.46 25.0
0.413 25.0
0.413 28.0
0.397 18.8
0.535 7.0
0.5 7.0
0.5 12.9
0.537 8.5
0.437 11.8
0.351 11.8
0.426 24.0
0.461 24.0
0.461 24.3
0.529 27.8
0.407 8.3
0.407 7.5
0.513 13.2
0.348 10.8
0.348 16.0
0.468 14.2
0.214 3.6
0.214 5.7
0.0 1.5
0.5 1.0
0.575 19.0
0.575 12.7
0.548 16.3
0.453 23.8
0.453 26.8
0.433 25.7
0.412 29.9
0.362 16.6
0.362 15.8
0.333 2.9
0.333 7.2
0.083 4.4
0.483 7.5
0.483 19.1
0.582 23.9
0.263 8.6
0.25 7.3
0.448 25.0
0.448 32.3
0.433 29.2
0.409 5.4
0.42 10.6
0.42 4.9
0.167 5.5
0.302 13.4
0.302 13.3
0.352 22.6
0.367 4.7
0.345 18.3
0.355 16.6
0.355 9.1
0.409 17.0
0.409 15.0
0.478 23.5
0.361 12.5
0.361 14.2
0.449 11.1
0.349 22.2
0.344 21.7
0.344 14.5
0.419 23.5
0.399 32.4
0.399 24.8
0.393 20.2
0.447 17.0
0.447 23.9
0.473 28.7
0.421 7.9
0.352 21.2
0.352 26.8
0.419 19.1
0.377 9.5
0.377 4.7
0.574 6.8
0.574 18.5
0.465 27.3
0.323 15.3
0.323 19.9
0.304 13.1
0.304 32.1
0.469 31.3
0.4 9.7
0.4 3.0
0.25 21.9
0.414 21.3
0.414 32.2
0.42 27.0
0.415 21.2
0.415 15.3
0.426 24.0
0.449 10.6
0.449 6.3
0.269 6.4
0.347 9.4
0.419 18.8
0.419 24.0
0.486 29.8
0.35 18.0
0.35 19.9
0.456 25.1
0.25 2.8
0.404 11.2
0.404 17.6
0.513 14.0
0.422 24.7
0.422 28.0
0.452 37.2
0.0 6.0
0.318 13.0
0.318 8.9
0.545 9.1
0.545 6.4
0.536 8.8
0.396 21.8
0.396 6.4
0.403 10.3
0.402 8.9
0.402 23.0
0.452 22.8
0.533 15.2
0.533 3.6
0.273 6.0
0.34 19.7
0.34 8.7
0.282 11.5
0.405 20.2
0.405 24.9
0.407 24.0
1.0 0.7
1.0 6.0
0.382 19.8
0.382 10.9
0.338 9.7
0.462 30.8
0.462 29.3
0.521 20.5
0.25 3.8
0.25 7.8
0.636 19.1
0.446 17.8
0.446 17.1
0.417 21.4
0.367 10.8
0.367 13.0
0.411 7.3
0.35 18.5
0.35 11.3
0.49 29.5
0.49 31.7
0.493 33.9
0.414 23.1
0.414 9.3
0.366 7.5
0.425 30.4
0.425 29.4
0.436 29.4
0.463 8.1
0.463 14.4
0.493 17.3
0.333 14.0
0.333 28.2
0.429 28.8
0.452 15.4
0.452 8.4
0.403 7.0
0.422 15.3
0.422 15.9
0.367 27.0
0.367 27.3
0.348 30.4
0.32 5.4
0.32 4.4
0.365 15.4
0.365 24.8
0.385 27.4
0.333 11.0
0.568 6.6
0.568 2.6
0.6 3.5
0.395 10.4
0.395 15.1
0.421 17.1
0.528 15.4
0.528 22.8
0.501 31.0
0.0 3.5
0.402 13.2
0.452 5.4
0.452 5.9
0.437 36.2
0.437 35.1
0.459 37.2
0.421 4.8
0.421 7.3
0.394 4.9
0.353 10.7
0.353 6.9
0.306 7.6
0.381 20.5
0.425 21.9
0.406 16.4
0.468 18.3
0.423 35.0
0.31 14.5
0.563 18.9
1.0 7.6
0.265 8.1
0.0 18.4
0.308 12.4
0.556 15.8
0.394 16.3
0.644 18.3
0.263 3.4
0.433 14.8
0.397 9.8
0.457 22.6
0.514 20.9
0.422 10.3
0.417 15.5
0.367 3.0
0.375 17.8
0.512 27.9
0.359 12.9
0.41 26.1
0.571 8.4
0.438 16.3
0.603 8.4
0.466 13.3
0.47 26.3
0.404 5.0
0.436 10.4
0.628 12.4
0.364 5.6
0.364 25.6
0.527 22.9
0.431 8.7
0.508 22.7
0.427 20.3
0.35 8.0
0.41 14.9
0.427 15.6
0.421 32.8
0.424 18.0
0.571 14.5
0.452 30.5
0.274 17.1
0.41 28.7
0.504 17.8
0.579 14.0
0.357 11.8
0.542 37.0
0.498 31.4
0.305 11.2
0.359 10.3
0.417 15.1
0.422 34.7
0.415 8.2
0.45 16.5
0.367 4.1
