0.387 0.727
0.374 0.5
0.472 0.801
0.461 0.841
0.478 0.869
0.475 0.866
0.503 0.784
0.525 0.726
0.474 1.0
0.417 0.81
0.47 0.808
0.48 0.873
0.462 0.916
0.439 0.904
0.44 0.883
0.428 0.903
0.454 0.903
0.438 0.907
0.445 0.952
0.48 0.913
0.477 0.881
0.491 0.915
0.458 0.886
0.449 0.905
0.357 0.621
0.346 0.685
0.415 0.769
0.376 0.74
0.414 0.692
0.379 0.734
0.375 0.715
0.394 0.75
0.385 0.728
0.4 0.638
0.325 0.481
0.416 0.856
0.404 0.859
0.427 0.824
0.376 0.805
0.389 0.838
0.356 0.877
0.429 0.737
0.388 0.742
0.436 0.789
0.427 0.729
0.441 0.73
0.246 0.556
0.446 0.692
0.399 0.732
0.462 0.764
0.422 0.818
0.452 0.722
0.383 0.659
0.412 0.888
0.419 0.878
0.409 0.854
0.395 0.853
0.321 0.786
0.336 0.785
0.414 0.667
0.399 0.692
0.466 0.816
0.361 0.753
0.397 0.803
0.426 0.791
0.394 0.81
0.434 0.444
0.344 0.938
0.301 0.926
0.477 0.762
0.427 0.75
0.411 0.791
0.412 0.74
0.407 0.7
0.356 1.0
0.382 0.684
0.262 0.586
0.404 0.75
0.422 0.633
0.485 0.673
0.478 0.726
0.481 0.529
0.31 0.722
0.364 0.9
0.444 0.778
0.494 0.846
0.508 0.795
0.458 0.827
0.504 0.837
0.423 0.661
0.452 0.88
0.475 0.95
0.481 0.95
0.404 0.931
0.489 0.86
0.45 0.845
0.404 0.873
0.438 0.828
0.537 0.677
0.541 0.746
0.539 0.742
0.443 0.723
0.46 0.664
0.507 0.675
0.286 0.75
0.429 0.676
0.441 0.786
0.409 0.747
0.454 0.788
0.457 0.776
0.432 0.868
0.421 0.853
0.437 1.0
0.459 0.892
0.409 0.84
0.355 0.773
0.43 0.714
0.441 0.83
0.472 0.5
0.4 1.0
0.44 0.897
0.44 0.854
0.396 0.87
0.372 0.885
0.454 0.803
0.453 0.861
0.47 0.815
0.45 0.775
0.443 0.849
0.432 0.83
0.404 0.78
0.411 0.789
0.435 0.861
0.416 0.629
0.431 0.75
0.422 0.885
0.423 0.878
0.421 0.878
0.394 0.898
0.442 0.894
0.418 0.883
0.427 0.918
0.448 0.913
0.418 0.91
0.418 0.916
0.427 0.895
0.364 0.938
0.402 0.833
0.396 0.5
0.442 0.644
0.458 0.571
0.485 0.556
0.505 0.811
0.421 0.727
0.432 0.719
0.566 0.713
0.529 0.757
0.508 0.754
0.509 0.638
0.462 0.615
0.476 0.958
0.427 0.723
0.437 0.798
0.466 0.813
0.454 0.556
0.426 0.6
0.47 0.6
0.333 0.75
0.465 0.83
0.363 0.479
0.389 0.404
0.466 0.579
0.42 0.634
0.42 0.607
0.433 0.589
0.405 0.652
0.407 0.538
0.556 0.75
0.479 0.659
0.492 0.833
0.34 0.667
0.423 0.786
0.0 0.0
0.397 0.77
0.4 0.865
0.429 0.877
0.419 0.921
0.413 0.874
0.41 0.898
0.42 0.831
0.49 0.922
0.479 0.806
0.536 0.837
0.473 0.683
0.476 0.742
0.527 0.685
0.502 0.773
0.493 0.752
0.503 0.775
0.527 0.761
0.533 0.787
0.456 0.676
0.447 0.738
0.48 0.78
0.512 0.733
0.494 0.71
0.473 0.649
0.539 0.522
0.442 0.522
0.442 0.889
0.451 0.988
0.421 0.5
0.364 0.0
0.444 0.858
0.474 0.836
0.531 0.854
0.476 0.864
0.446 0.827
0.461 0.787
0.407 0.688
0.422 0.0
0.0 0.75
0.333 0.707
0.398 0.833
0.46 0.871
0.381 0.77
0.376 0.583
0.464 0.829
0.469 0.843
0.451 0.852
0.438 0.816
0.433 0.85
0.45 0.868
0.463 0.84
0.459 0.856
0.467 0.811
0.456 0.828
0.451 0.845
0.43 0.839
0.463 0.857
0.425 0.813
0.373 0.813
0.373 0.826
0.4 0.75
0.455 0.75
0.438 0.69
0.525 0.802
0.465 0.741
0.377 0.778
0.528 0.782
0.434 0.794
0.411 0.864
0.385 0.8
0.463 0.5
0.432 0.725
0.423 0.917
0.488 0.628
0.5 0.651
0.524 0.626
0.448 0.66
0.41 0.721
0.477 0.723
0.465 0.712
0.465 0.729
0.473 0.708
0.45 0.725
0.512 0.639
0.475 0.614
0.398 0.453
0.446 0.421
0.44 0.797
0.484 0.801
0.397 0.685
0.439 0.764
0.323 1.0
0.462 1.0
0.25 0.878
0.472 0.873
0.37 0.704
0.414 0.926
0.494 0.684
0.341 0.857
0.385 0.944
0.389 0.944
0.43 0.833
0.406 0.528
0.342 0.66
0.356 0.0
0.297 0.686
0.407 0.727
0.387 0.0
0.375 0.753
0.458 0.731
0.433 0.846
0.42 1.0
0.425 0.8
0.46 0.798
0.428 0.806
0.467 0.806
0.417 0.798
0.452 0.799
0.43 0.802
0.454 0.816
0.456 0.817
0.437 0.84
0.428 0.74
0.437 0.826
0.411 0.816
0.435 0.821
0.407 0.789
0.333 0.789
0.333 0.833
0.388 0.765
0.474 0.86
0.463 0.861
0.47 0.873
0.488 0.865
0.464 0.863
0.443 0.879
0.418 0.882
0.577 0.582
0.583 0.532
0.52 0.676
0.447 0.783
0.539 0.743
0.429 0.667
0.333 0.687
0.481 0.58
0.499 0.61
0.481 0.649
0.426 1.0
0.403 0.817
0.328 0.667
0.395 0.851
0.46 0.81
0.479 0.86
0.461 0.897
0.392 0.667
0.346 0.667
0.48 0.674
0.49 0.656
0.501 0.0
0.4 0.889
0.441 0.75
0.261 0.5
0.304 0.75
0.357 0.792
0.38 0.815
0.45 0.784
0.448 0.754
0.413 1.0
0.381 0.892
0.384 0.833
0.333 0.667
0.38 0.75
0.432 1.0
0.472 0.788
0.479 0.676
0.452 0.733
0.467 0.875
0.615 0.866
0.352 0.769
0.476 0.806
0.413 0.833
0.386 0.843
0.398 0.826
0.416 0.838
0.4 0.864
0.41 0.872
0.41 0.857
0.449 0.854
0.421 0.927
0.384 0.871
0.438 0.866
0.416 0.901
0.396 0.901
0.396 0.904
0.404 0.857
0.394 0.851
0.413 0.815
0.411 0.894
0.388 0.883
0.378 0.882
0.463 0.865
0.351 0.906
0.445 0.583
0.338 0.864
0.471 0.6
0.344 0.75
0.424 0.892
0.455 0.791
0.453 0.8
0.402 0.845
0.388 0.5
0.401 0.645
0.435 0.698
0.496 0.654
0.535 0.605
0.55 0.591
0.493 0.623
0.626 0.575
0.643 0.638
0.65 0.604
0.624 0.545
0.584 0.0
0.468 0.752
0.44 0.855
0.452 0.842
0.47 0.816
0.438 0.845
0.418 0.832
0.442 0.776
0.459 0.8
0.433 0.818
0.426 0.771
0.407 0.765
0.403 0.757
0.461 0.642
0.427 0.58
0.417 0.71
0.416 0.673
0.395 0.761
0.387 0.675
0.389 0.745
0.439 0.75
0.426 0.757
0.37 0.821
0.406 0.771
0.417 0.667
0.497 0.708
0.51 0.633
0.541 0.613
0.473 0.606
0.479 0.533
0.375 0.654
0.418 0.889
0.354 0.773
0.453 0.762
0.448 0.833
0.392 1.0
0.414 0.79
0.481 0.748
0.41 0.718
0.469 0.815
0.462 0.797
0.448 0.839
0.465 0.787
0.433 0.861
0.339 0.581
0.554 0.56
0.45 0.644
0.534 0.815
0.477 0.333
0.453 0.0
0.415 0.804
0.384 0.782
0.416 0.841
0.38 0.757
0.416 0.741
0.434 0.75
0.417 0.833
0.313 1.0
0.482 0.615
0.472 0.713
0.466 0.654
0.47 0.667
0.417 0.826
0.417 0.783
0.426 0.865
0.435 0.61
0.447 0.8
0.42 0.878
0.469 0.5
0.409 0.833
0.386 0.772
0.389 0.83
0.389 0.78
0.403 0.835
0.44 0.809
0.41 0.845
0.468 0.825
0.436 0.77
0.398 0.83
0.397 0.742
0.405 0.857
0.379 0.793
0.429 0.0
0.296 1.0
0.397 0.533
0.4 0.0
0.499 0.799
0.508 0.71
0.513 0.599
0.501 0.67
0.496 0.629
0.484 0.637
0.546 0.73
0.497 0.692
0.504 0.725
0.518 0.716
0.5 0.695
0.492 0.817
0.502 0.731
0.49 0.74
0.512 0.74
0.512 0.702
0.393 0.796
0.337 0.848
0.417 0.854
0.368 0.795
0.398 0.833
0.395 0.7
0.464 0.631
0.418 0.758
0.46 0.606
0.42 0.75
0.43 0.701
0.475 0.944
0.429 0.769
0.458 0.837
0.463 0.861
0.425 0.85
0.443 0.831
0.427 0.852
0.412 0.918
0.412 0.8
0.414 0.823
0.437 0.533
0.412 0.847
0.411 0.8
0.437 0.797
0.352 0.862
0.393 0.833
0.41 0.853
0.382 0.883
0.436 0.846
0.424 0.856
0.38 0.806
0.389 0.851
0.371 0.921
0.342 0.775
0.43 0.668
0.438 0.657
0.465 0.75
0.383 0.68
0.455 0.5
0.58 0.795
0.428 0.655
0.37 0.815
0.511 0.88
0.522 0.767
0.529 0.769
0.421 0.75
0.222 0.813
0.469 0.61
0.449 0.54
0.36 0.669
0.544 0.634
0.519 0.604
0.552 0.639
0.469 0.593
0.55 0.658
0.501 0.556
0.478 0.563
0.479 0.667
0.444 0.824
0.421 0.754
0.422 0.733
0.416 0.398
0.444 0.673
0.536 0.543
0.454 0.556
0.502 0.612
0.507 0.44
0.565 0.471
0.458 0.5
0.451 0.773
0.417 0.8
0.435 0.775
0.403 0.823
0.423 0.787
0.435 0.829
0.408 0.565
0.496 0.607
0.469 0.588
0.477 0.801
0.47 0.751
0.502 0.791
0.499 0.811
0.502 0.81
0.526 0.835
0.476 0.801
0.539 0.841
0.531 0.837
0.521 0.862
0.528 0.857
0.503 0.786
0.496 0.809
0.441 0.8
0.467 0.8
0.467 0.667
0.481 0.0
0.387 0.836
0.426 0.83
0.419 0.0
0.333 0.879
0.402 0.811
0.417 0.889
0.314 0.8
0.449 0.701
0.393 0.5
0.309 0.675
0.411 0.79
0.39 0.76
0.408 0.75
0.356 0.674
0.4 0.75
0.395 0.706
0.357 0.773
0.38 0.696
0.39 0.795
0.331 0.677
0.384 0.764
0.422 0.735
0.392 0.9
0.42 0.757
0.421 0.784
0.427 0.769
0.39 0.8
0.389 0.5
0.479 0.849
0.469 0.771
0.509 0.782
0.471 0.722
0.493 0.875
0.462 0.721
0.513 0.0
0.52 0.722
0.34 0.837
0.499 0.844
0.433 0.0
0.278 0.75
0.36 0.774
0.48 0.789
0.473 0.556
0.392 0.757
0.422 1.0
0.455 0.714
0.345 0.767
0.406 0.815
0.361 0.0
0.488 0.504
0.569 0.481
0.447 0.6
0.493 0.387
0.438 0.89
0.435 0.833
0.443 0.868
0.455 0.858
0.44 0.845
0.491 0.861
0.468 0.833
0.484 0.848
0.447 0.846
0.409 0.849
0.429 0.784
0.452 0.857
0.222 0.652
0.42 1.0
0.4 0.698
0.537 0.604
0.344 0.667
0.417 0.81
0.418 0.794
0.447 0.804
0.411 0.739
0.423 1.0
0.392 0.794
0.365 0.5
0.454 0.743
0.461 0.792
0.511 0.688
0.471 0.778
0.489 0.725
0.475 0.767
0.491 0.712
0.5 0.764
0.444 0.799
0.475 0.77
0.434 0.734
0.463 0.672
0.459 0.694
0.452 0.694
0.457 0.774
0.434 0.793
0.439 0.757
0.435 0.735
0.416 0.676
0.446 0.75
0.351 0.771
0.487 0.709
0.527 0.82
0.508 0.744
0.495 0.718
0.512 0.626
0.495 0.773
0.446 0.625
0.425 0.842
0.464 0.804
0.413 0.846
0.404 0.812
1.0 1.0
0.464 0.5
0.333 0.0
0.571 0.6
0.498 0.67
0.446 0.735
0.443 1.0
0.444 0.533
0.509 0.638
0.468 0.667
0.476 0.539
0.527 0.673
0.516 0.702
0.389 0.571
0.442 0.863
0.426 0.819
0.474 0.65
0.39 0.675
0.422 0.75
0.438 0.84
0.416 0.82
0.389 0.845
0.465 0.873
0.387 0.783
0.398 0.769
0.387 0.645
0.405 0.789
0.419 0.647
0.384 0.594
0.359 0.643
0.421 0.857
0.399 0.861
0.387 0.8
0.359 0.852
0.451 0.805
0.422 0.917
0.428 0.917
0.409 0.792
0.445 0.923
0.38 0.95
0.449 0.87
0.437 0.919
0.445 0.913
0.435 0.837
0.479 0.761
0.46 0.803
0.45 0.809
0.453 0.843
0.451 0.806
0.459 0.824
0.465 0.786
0.359 0.676
0.51 0.786
0.509 0.829
0.44 0.8
0.309 1.0
0.336 0.876
0.434 0.9
0.428 0.818
0.386 0.778
0.401 0.923
0.381 0.813
0.379 1.0
0.383 0.737
0.423 0.731
0.467 0.797
0.397 0.777
0.43 0.756
0.409 0.676
0.4 0.798
0.381 0.807
0.402 0.832
0.381 0.5
0.382 0.723
0.351 0.625
0.343 0.793
0.358 0.5
0.37 0.909
0.385 0.778
0.344 0.6
0.329 1.0
0.487 0.754
0.425 0.781
0.441 0.746
0.483 0.799
0.468 0.834
0.506 0.807
0.485 0.802
0.474 0.799
0.472 0.743
0.443 0.783
0.42 0.812
0.398 0.774
0.414 0.745
0.387 0.835
0.424 0.814
0.447 0.795
0.442 0.809
0.458 0.781
0.417 0.794
0.439 0.81
0.443 0.846
0.464 0.752
0.444 0.862
0.427 0.733
0.382 0.774
0.394 0.79
0.403 0.851
0.4 0.5
0.378 0.862
0.442 0.855
0.442 0.843
0.424 0.931
0.426 0.692
0.467 0.825
0.366 0.765
0.438 0.79
0.415 0.828
0.465 0.805
0.472 0.874
0.419 0.791
0.439 0.763
0.398 0.718
0.425 0.706
0.374 0.76
0.435 0.785
0.425 0.83
0.403 0.786
0.411 0.813
0.433 0.832
0.405 0.826
0.414 0.779
0.423 0.816
0.411 0.825
0.374 0.7
0.373 0.5
0.308 0.333
0.442 0.734
0.447 0.789
0.47 0.748
0.535 0.76
0.437 0.731
0.442 0.736
0.45 0.76
0.436 0.754
0.468 0.647
0.461 0.731
0.427 0.683
0.403 0.691
0.464 0.72
0.349 0.64
0.411 0.689
0.446 0.798
0.406 0.752
0.445 0.752
0.443 0.754
0.414 0.814
0.437 0.753
0.404 0.95
0.447 0.742
0.479 0.769
0.42 0.667
0.374 0.81
0.545 0.455
0.461 0.682
0.452 0.607
0.534 0.64
0.519 0.5
0.409 0.729
0.401 0.741
0.381 0.764
0.401 0.791
0.456 0.64
0.387 0.682
0.386 0.714
0.416 0.0
0.445 0.837
0.432 0.822
0.423 0.835
0.409 0.806
0.428 0.781
0.404 0.787
0.422 0.714
0.444 0.662
0.448 0.687
0.434 0.609
0.344 0.733
0.432 0.727
0.405 1.0
0.392 0.815
0.437 0.455
0.387 0.0
0.407 0.794
0.43 0.742
0.421 0.975
0.47 0.882
0.411 0.814
0.391 0.841
0.414 0.827
0.384 0.74
0.398 0.795
0.404 0.778
0.406 0.818
0.385 0.819
0.416 0.808
0.423 0.87
0.361 0.786
0.363 0.833
0.375 0.757
0.422 0.541
0.425 0.754
0.427 0.852
0.422 0.803
0.399 0.805
0.419 0.873
0.404 0.75
0.189 0.762
0.363 0.769
0.473 0.712
0.419 0.706
0.432 0.729
0.417 0.721
0.41 0.714
0.503 0.868
0.464 0.833
0.494 0.8
0.465 0.763
0.477 0.695
0.458 0.682
0.518 0.769
0.46 0.811
0.496 0.68
0.431 0.769
0.382 0.579
0.431 0.913
0.374 0.727
0.392 0.6
0.401 1.0
0.397 0.783
0.41 0.804
0.402 0.791
0.422 0.625
0.385 0.516
0.407 0.65
0.48 0.81
0.468 0.82
0.452 0.763
0.435 0.777
0.462 0.818
0.467 0.841
0.461 0.838
0.455 0.836
0.439 0.806
0.435 0.802
0.433 0.838
0.385 0.622
0.414 0.788
0.0 0.909
0.278 1.0
0.5 0.667
0.2 0.882
0.423 0.0
0.0 0.0
0.0 0.529
0.492 0.2
0.439 0.699
0.426 0.783
0.441 0.673
0.427 0.762
0.427 0.875
0.433 0.771
0.433 0.861
0.451 0.855
0.459 0.883
0.416 0.781
0.447 0.737
0.445 0.625
0.369 0.554
0.409 0.667
0.397 0.739
0.589 0.671
0.531 0.671
0.487 0.648
0.452 0.59
0.423 0.483
0.495 0.5
0.515 0.426
0.409 0.517
0.535 0.25
0.158 0.0
0.462 0.801
0.443 0.802
0.444 0.848
0.447 0.857
0.431 0.828
0.445 0.82
0.454 0.812
0.458 0.824
0.461 0.835
0.516 0.834
0.453 0.856
0.373 0.75
0.45 0.73
0.551 0.717
0.48 0.751
0.473 0.602
0.432 0.535
0.467 0.541
0.504 0.455
0.327 0.483
0.496 0.356
0.5 0.5
0.591 0.259
0.336 0.59
0.498 0.797
0.454 0.763
0.462 0.747
0.494 0.667
0.477 0.833
0.441 0.781
0.442 0.803
0.439 0.817
0.431 0.834
0.462 0.755
0.451 0.769
0.415 0.716
0.419 0.462
0.48 0.845
0.469 0.851
0.452 0.851
0.44 0.833
0.476 0.809
0.525 0.81
0.524 0.707
0.508 0.796
0.485 0.755
0.508 0.768
0.52 0.796
0.446 0.782
0.514 0.785
0.482 0.765
0.446 0.765
0.503 0.708
0.519 0.756
0.459 0.736
0.461 0.791
0.443 0.748
0.395 0.663
0.424 0.864
0.327 0.5
0.382 0.5
0.445 0.678
0.463 0.653
0.47 0.684
0.488 0.646
0.49 0.712
0.495 0.25
0.5 0.58
0.538 0.604
0.491 0.557
0.456 0.583
0.511 0.37
0.441 0.425
0.602 0.579
0.512 1.0
0.409 1.0
0.413 0.876
0.407 0.848
0.422 0.813
0.482 0.697
0.505 0.718
0.431 0.848
0.464 0.749
0.449 0.769
0.472 0.802
0.443 0.682
0.399 0.663
0.452 0.659
0.482 0.541
0.435 0.75
0.462 0.718
0.456 0.774
0.448 0.683
0.475 0.762
0.357 0.684
0.444 0.622
0.414 0.756
0.388 0.517
0.404 0.571
0.382 0.81
0.523 0.25
0.571 0.548
0.491 0.0
0.0 0.2
0.495 0.818
0.457 0.748
0.451 0.793
0.457 0.796
0.417 0.774
0.431 0.747
0.406 0.707
0.431 0.684
0.419 0.801
0.388 0.746
0.387 0.698
0.442 0.675
0.463 0.836
0.413 0.746
0.444 0.797
0.447 0.813
0.412 0.69
0.441 0.688
0.392 0.767
0.441 0.714
0.473 0.787
0.449 0.836
0.429 0.757
0.459 0.625
0.43 0.5
0.25 0.0
0.48 0.661
0.477 0.721
0.434 0.767
0.441 0.821
0.455 0.0
0.5 0.85
0.446 0.798
0.397 0.802
0.409 0.765
0.427 0.7
0.442 0.693
0.42 0.724
0.404 0.663
0.488 0.678
0.507 0.716
0.505 0.62
0.481 0.594
0.41 0.642
0.485 0.6
0.482 0.534
0.452 0.817
0.454 0.795
0.406 0.832
0.457 0.838
0.477 0.738
0.463 0.784
0.466 0.772
0.492 0.826
0.473 0.821
0.445 0.853
0.46 0.811
0.438 0.84
0.479 0.779
0.459 0.753
0.5 0.753
0.5 0.75
0.435 0.775
0.499 0.818
0.493 0.778
0.51 0.812
0.524 0.828
0.495 0.772
0.453 0.848
0.463 0.824
0.476 0.827
0.43 0.83
0.446 0.833
0.436 0.762
0.438 0.839
0.434 0.723
0.438 0.72
0.505 0.8
0.466 0.793
0.46 0.774
0.502 0.732
0.482 0.824
0.501 0.676
0.401 0.4
0.435 0.727
0.433 0.821
0.481 0.75
0.325 0.75
0.325 0.0
0.355 1.0
0.44 0.911
0.453 0.9
0.441 0.885
0.438 0.933
0.372 0.794
0.417 0.889
0.408 0.776
0.434 0.85
0.438 0.858
0.434 0.811
0.426 0.82
0.438 0.839
0.426 0.837
0.44 0.819
0.433 0.722
0.477 0.617
0.461 0.634
0.421 0.592
0.521 0.674
0.48 0.785
0.504 0.61
0.532 0.583
0.515 0.55
0.406 0.648
0.553 0.598
0.522 0.565
0.467 0.723
0.367 0.533
0.429 0.333
0.433 0.333
0.433 1.0
0.4 0.0
0.4 0.659
0.52 0.579
0.476 0.769
0.406 0.323
0.493 0.769
0.475 0.8
0.385 0.857
0.505 0.787
0.502 0.742
0.435 0.681
0.609 0.736
0.577 0.787
0.553 0.636
0.444 0.75
0.518 0.657
0.423 0.817
0.379 0.81
0.411 0.778
0.324 0.0
0.484 0.764
0.501 0.727
0.374 0.681
0.478 0.741
0.498 0.758
0.526 0.69
0.556 0.711
0.538 0.667
0.25 0.8
0.6 0.723
0.448 0.746
0.391 0.571
0.485 0.747
0.483 0.824
0.442 0.81
0.45 0.806
0.478 0.867
0.523 0.676
0.5 0.681
0.558 0.652
0.444 0.637
0.45 0.781
0.422 0.715
0.576 0.708
0.473 0.364
0.446 0.583
0.425 0.545
0.361 0.5
0.487 0.887
0.483 0.909
0.465 0.916
0.47 0.887
0.502 0.921
0.512 0.899
0.532 0.906
0.504 0.933
0.503 0.938
0.507 0.912
0.492 0.894
0.532 0.922
0.497 0.917
0.357 0.688
0.461 0.549
0.493 0.642
0.525 0.474
0.469 0.467
0.46 0.6
0.515 0.68
0.546 0.755
0.55 0.781
0.513 0.2
0.382 0.852
0.498 0.778
0.495 0.783
0.391 0.797
0.429 0.688
0.298 0.6
0.432 0.769
0.419 0.724
0.446 0.751
0.398 0.684
0.406 0.761
0.369 0.833
0.321 0.69
0.474 0.853
0.477 0.881
0.463 0.877
0.462 0.869
0.459 0.901
0.48 0.904
0.502 0.879
0.479 0.89
0.479 0.915
0.481 0.892
0.517 0.896
0.457 0.86
0.471 0.899
0.497 0.882
0.459 0.882
0.459 0.893
0.448 0.875
0.465 0.688
0.479 0.731
0.484 0.757
0.434 0.754
0.452 0.709
0.472 0.767
0.436 0.742
0.439 0.788
0.474 0.72
0.529 0.674
0.459 0.677
0.433 0.835
0.482 0.75
0.572 0.555
0.579 0.622
0.574 0.49
0.584 0.461
0.601 0.469
0.6 0.422
0.591 0.503
0.593 0.595
0.609 0.496
0.566 0.557
0.388 0.75
0.369 0.824
0.418 0.833
0.46 0.656
0.419 0.777
0.439 0.742
0.43 0.695
0.473 0.69
0.481 0.7
0.468 0.698
0.525 0.623
0.492 0.693
0.463 0.675
0.53 0.592
0.352 0.476
0.498 0.56
0.396 0.824
0.388 0.753
0.451 0.835
0.37 0.667
0.355 0.837
0.431 0.822
0.433 0.8
0.42 0.833
0.407 1.0
0.435 0.622
0.433 0.657
0.427 0.59
0.425 0.667
0.456 0.511
0.446 0.667
0.495 0.485
0.453 0.51
0.518 0.579
0.476 0.342
0.44 0.5
0.614 0.422
0.555 0.621
0.55 0.526
0.51 0.556
0.353 0.625
0.603 0.591
0.667 0.0
0.374 0.571
0.486 0.611
0.537 0.636
0.425 0.733
0.368 0.745
0.403 0.833
0.419 0.735
0.476 0.757
0.402 0.75
0.443 0.725
0.421 0.794
0.353 0.462
0.472 0.73
0.383 0.747
0.418 0.662
0.349 0.742
0.446 0.653
0.489 0.375
0.361 0.605
0.503 0.667
0.494 0.701
0.515 0.627
0.492 0.553
0.506 0.599
0.531 0.601
0.515 0.641
0.548 0.558
0.456 0.797
0.467 0.71
0.454 0.714
0.471 0.761
0.468 0.794
0.42 0.667
0.421 0.862
0.421 0.78
0.414 0.836
0.448 0.889
0.414 0.75
0.464 0.5
0.438 0.798
0.495 0.814
0.456 0.795
0.401 0.692
0.431 0.751
0.438 0.789
0.392 0.809
0.405 0.832
0.42 0.82
0.436 0.683
0.429 0.765
0.417 0.632
0.399 0.611
0.385 0.0
0.433 0.894
0.439 0.828
0.471 0.875
0.377 0.804
0.43 0.4
0.393 1.0
0.36 1.0
0.454 0.809
0.442 0.802
0.416 0.819
0.402 0.822
0.455 0.772
0.471 0.796
0.439 0.843
0.464 0.83
0.457 0.852
0.472 0.86
0.497 0.852
0.443 0.787
0.436 0.826
0.451 0.781
0.447 0.781
0.447 0.818
0.363 0.769
0.451 0.774
0.411 0.818
0.444 0.63
0.468 0.693
0.55 0.605
0.46 0.571
0.412 0.673
0.473 0.763
0.455 0.5
0.423 0.682
0.437 0.524
0.448 0.819
0.412 0.793
0.376 0.833
0.411 0.83
0.478 0.865
0.357 0.787
0.403 0.827
0.431 0.809
0.418 0.822
0.412 0.825
0.365 0.733
0.315 0.756
0.333 0.867
0.476 0.742
0.455 0.759
0.441 0.641
0.489 0.871
0.517 0.588
0.521 0.0
0.273 0.692
0.343 0.422
0.535 0.5
0.391 0.419
0.36 0.517
0.598 0.532
0.548 0.37
0.474 0.68
0.576 0.663
0.625 0.647
0.523 0.519
0.568 0.611
0.458 0.0
0.499 0.545
0.5 0.72
0.464 0.645
0.485 0.692
0.447 0.651
0.571 0.75
0.333 0.674
0.482 0.6
0.531 0.76
0.461 0.0
0.333 1.0
0.263 0.791
0.483 0.805
0.469 0.868
0.44 0.854
0.441 0.877
0.45 0.829
0.465 0.82
0.442 0.814
0.455 0.712
0.352 1.0
0.4 0.793
0.566 0.647
0.474 0.5
0.44 0.8
0.389 0.759
0.429 1.0
0.442 0.765
0.432 0.685
0.372 0.74
0.398 0.739
0.389 0.67
0.355 0.692
0.418 0.682
0.359 0.761
0.393 0.732
0.431 0.75
0.341 0.833
0.376 1.0
0.407 0.955
0.426 0.765
0.422 0.694
0.425 0.676
0.398 0.711
0.387 0.639
0.386 0.658
0.427 0.444
0.486 0.681
0.507 0.71
0.531 0.75
0.453 0.81
0.492 0.651
0.468 0.837
0.467 0.876
0.432 0.832
0.448 0.87
0.364 0.0
0.682 0.526
0.43 0.785
0.471 0.756
0.402 0.765
0.41 0.743
0.428 0.724
0.418 0.81
0.421 0.892
0.457 0.839
0.455 0.854
0.406 0.81
0.402 0.854
0.455 0.78
0.423 0.917
0.435 0.72
0.463 0.791
0.459 0.813
0.428 0.737
0.449 0.781
0.374 0.808
0.398 0.725
0.367 0.784
0.444 0.25
0.44 0.821
0.38 0.768
0.353 0.769
0.402 0.792
0.377 0.0
0.478 0.0
0.415 0.4
0.399 0.692
0.353 0.667
0.398 0.608
0.543 0.602
0.55 0.572
0.497 0.357
0.507 0.482
0.513 0.582
0.49 0.524
0.465 0.638
0.449 0.75
0.4 0.0
0.0 0.0
0.514 0.7
0.467 0.6
0.5 0.656
0.403 0.83
0.511 0.779
0.46 0.859
0.439 0.768
0.514 0.774
0.475 0.845
0.449 0.755
0.478 0.72
0.468 0.813
0.399 1.0
0.456 0.878
0.455 0.833
0.388 0.928
0.406 0.863
0.418 0.806
0.442 0.858
0.452 0.797
0.413 0.738
0.382 0.688
0.409 0.637
0.417 0.455
0.6 0.515
0.43 0.821
0.404 0.794
0.403 0.814
0.409 0.83
0.402 0.858
0.397 0.878
0.409 0.806
0.399 0.849
0.414 0.882
0.401 0.847
0.428 0.892
0.405 1.0
0.267 0.797
0.408 0.714
0.25 0.913
0.37 0.87
0.398 0.805
0.318 0.481
0.47 0.53
0.433 0.611
0.341 0.698
0.385 0.691
0.401 0.676
0.432 0.554
0.408 0.744
0.46 0.704
0.461 0.797
0.386 0.533
0.312 0.714
0.282 0.767
0.388 0.563
0.285 0.522
0.324 0.545
0.348 0.667
0.378 0.75
0.417 0.429
0.401 0.846
0.504 0.857
0.517 0.826
0.47 0.876
0.484 0.875
0.481 0.927
0.48 0.92
0.444 0.915
0.437 0.816
0.423 0.929
0.44 0.894
0.399 0.897
0.404 0.92
0.434 0.888
0.402 0.791
0.376 0.876
0.401 0.915
0.392 0.855
0.397 0.795
0.391 0.794
0.303 0.845
0.389 0.805
0.429 0.863
0.403 0.813
0.431 0.568
0.446 0.0
0.424 0.766
0.443 0.738
0.432 0.735
0.425 0.9
0.488 0.0
0.4 0.0
0.25 0.5
0.4 1.0
0.39 0.72
0.424 0.696
0.412 0.757
0.416 0.75
0.451 0.711
0.48 0.722
0.481 0.725
0.469 0.758
0.449 0.651
0.491 0.724
0.465 0.67
0.509 0.5
0.51 0.831
0.508 0.867
0.481 0.828
0.449 0.855
0.506 0.897
0.487 0.897
0.415 0.851
0.431 0.849
0.436 0.835
0.43 0.887
0.428 0.827
0.417 0.844
0.501 0.8
0.47 0.804
0.484 0.857
0.467 0.88
0.463 0.866
0.438 0.85
0.451 0.883
0.43 0.87
0.434 0.667
0.362 0.813
0.422 0.813
0.422 0.818
0.402 0.828
0.443 0.664
0.478 0.746
0.465 0.752
0.469 0.762
0.47 0.676
0.505 0.513
0.482 0.0
0.421 0.0
0.375 0.583
0.511 0.815
0.494 0.75
0.483 0.835
0.473 0.786
0.471 0.815
0.486 0.789
0.486 0.663
0.492 0.822
0.503 0.8
0.476 0.625
0.511 0.7
0.465 0.462
0.43 0.793
0.42 0.78
0.443 0.784
0.446 0.786
0.439 0.667
0.431 0.708
0.414 0.752
0.413 0.736
0.432 0.875
0.497 0.631
0.426 0.648
0.443 0.547
0.505 0.539
0.438 0.639
0.507 0.594
0.535 0.758
0.47 0.698
0.475 0.672
0.452 0.59
0.504 0.778
0.5 0.655
0.606 0.667
0.412 0.726
0.422 0.8
0.422 0.708
0.406 0.836
0.419 0.861
0.454 0.781
0.419 0.829
0.456 0.807
0.413 0.774
0.409 0.679
0.446 0.705
0.415 0.5
0.264 0.5
0.385 0.545
0.441 0.545
0.414 0.801
0.409 0.764
0.412 0.707
0.39 0.784
0.381 0.683
0.435 0.8
0.433 0.804
0.482 0.859
0.454 0.815
0.456 0.832
0.433 0.825
0.47 0.776
0.448 0.779
0.386 0.835
0.449 0.728
0.437 0.754
0.425 0.763
0.428 0.889
0.44 0.752
0.554 0.667
0.564 0.74
0.507 0.684
0.458 0.683
0.437 0.681
0.475 0.828
0.463 0.786
0.413 0.741
0.394 0.615
0.388 0.554
0.428 0.539
0.422 0.628
0.435 0.438
0.397 0.53
0.48 0.667
0.512 0.653
0.42 0.659
0.384 0.667
0.355 1.0
0.49 0.423
0.531 0.45
0.481 0.49
0.421 0.428
0.453 0.416
0.51 0.408
0.453 0.426
0.392 0.422
0.445 0.406
0.541 0.333
0.45 0.34
0.424 0.87
0.501 0.734
0.469 0.735
0.471 0.736
0.436 0.697
0.44 0.743
0.43 0.788
0.423 0.767
0.432 0.772
0.419 0.768
0.416 0.81
0.373 0.774
0.399 0.741
0.41 0.846
0.501 0.795
0.418 0.768
0.449 0.736
0.493 0.829
0.481 0.749
0.495 0.607
0.461 0.711
0.413 0.794
0.433 0.756
0.434 0.638
0.452 0.417
0.533 0.741
0.469 0.722
0.441 0.754
0.427 0.75
0.441 0.679
0.463 0.561
0.411 0.643
0.422 0.734
0.4 0.781
0.433 0.753
0.389 0.857
0.398 0.807
0.403 0.714
0.498 0.539
0.538 0.68
0.472 0.5
0.521 0.35
0.387 0.88
0.418 0.826
0.355 1.0
0.457 0.699
0.526 0.785
0.453 0.677
0.503 0.882
0.46 0.69
0.517 0.818
0.547 0.778
0.43 0.736
0.415 0.782
0.438 0.776
0.362 0.731
0.374 0.75
0.442 0.76
0.386 0.696
0.43 0.737
0.387 0.571
0.407 0.792
0.382 0.84
0.388 0.837
0.407 0.792
0.413 0.867
0.442 0.913
0.413 0.863
0.463 0.676
0.49 0.555
0.499 0.684
0.47 0.669
0.445 0.657
0.547 0.75
0.474 0.732
0.396 0.786
0.411 0.593
0.484 0.818
0.438 0.795
0.42 0.765
0.394 0.879
0.394 0.784
0.419 0.62
0.502 0.805
0.51 0.79
0.453 0.731
0.505 0.799
0.467 0.776
0.417 0.715
0.441 0.747
0.44 0.614
0.479 0.615
0.467 0.739
0.401 0.667
0.423 0.736
0.428 0.733
0.421 0.922
0.496 0.675
0.404 0.74
0.44 0.719
0.453 0.748
0.401 0.688
0.414 0.676
0.397 0.617
0.394 0.734
0.403 0.625
0.448 0.569
0.459 0.659
0.454 0.733
0.439 0.662
0.469 0.564
0.478 0.281
0.448 0.5
0.286 0.375
0.421 0.737
0.44 0.724
0.383 0.9
0.37 0.583
0.431 0.802
0.424 0.758
0.419 0.929
0.475 0.605
0.49 0.824
0.415 0.92
0.48 0.476
0.429 0.923
0.397 0.5
0.338 0.55
0.4 0.589
0.443 0.689
0.534 0.476
0.453 0.791
0.431 0.748
0.392 0.814
0.431 0.82
0.447 0.844
0.418 0.771
0.398 0.75
0.261 0.739
0.411 0.784
0.366 0.7
0.318 0.833
0.333 0.5
0.441 0.818
0.459 0.804
0.441 0.799
0.389 0.774
0.444 0.795
0.425 0.853
0.402 0.0
0.235 0.0
0.429 0.828
0.483 0.732
0.446 0.789
0.442 0.707
0.488 0.779
0.446 0.743
0.428 0.821
0.41 0.726
0.398 0.688
0.45 0.622
0.387 0.842
0.42 0.652
0.406 0.0
0.0 1.0
0.52 0.522
0.481 0.5
0.467 0.375
0.625 0.667
0.4 0.444
0.529 0.167
0.371 0.462
0.483 0.6
0.395 0.667
0.462 0.745
0.512 0.732
0.517 0.632
0.445 0.6
0.381 0.75
0.314 0.5
0.1 0.444
0.329 0.625
0.357 0.63
0.461 0.8
0.387 0.668
0.446 0.683
0.489 0.574
0.46 0.545
0.526 0.44
0.591 0.408
0.507 0.516
0.533 0.337
0.5 0.589
0.517 0.441
0.525 0.368
0.426 0.786
0.458 0.5
0.5 0.787
0.497 0.608
0.531 0.669
0.424 0.673
0.494 0.503
0.565 0.527
0.624 0.593
0.623 0.579
0.565 0.732
0.574 0.732
0.654 0.689
0.679 0.694
0.638 0.632
0.593 0.72
0.666 0.72
0.666 0.62
0.583 0.734
0.4 0.684
0.462 0.813
0.427 0.736
0.421 0.769
0.413 0.55
0.461 0.71
0.442 0.718
0.498 0.697
0.414 0.717
0.461 0.651
0.441 0.622
0.439 0.727
0.457 0.4
0.387 0.7
0.421 0.763
0.414 0.739
0.424 0.656
0.412 0.512
0.397 0.465
0.364 0.459
0.469 0.464
0.314 0.0
0.348 0.659
0.479 0.467
0.4 0.719
0.31 0.75
0.501 0.624
0.585 0.671
0.496 0.72
0.538 0.632
0.563 0.615
0.576 0.623
0.546 0.333
1.0 0.588
0.414 0.367
0.351 0.6
0.388 0.0
0.29 0.542
0.487 0.558
0.47 0.543
0.522 0.333
0.433 0.222
0.517 0.364
0.333 0.167
0.357 0.0
0.461 0.791
0.412 0.849
0.393 0.8
0.517 0.333
0.333 0.5
0.083 0.667
0.391 0.847
0.438 0.722
0.313 0.0
0.518 0.736
0.51 0.714
0.482 0.768
0.514 0.689
0.503 0.748
0.538 0.807
0.534 0.781
0.567 0.79
0.536 0.823
0.529 0.782
0.501 0.702
0.466 0.736
0.48 0.803
0.494 0.803
0.494 0.792
0.469 0.707
0.366 0.617
0.425 0.745
0.367 0.787
0.465 0.789
0.474 0.744
0.464 0.783
0.49 0.7
0.422 0.8
0.45 0.754
0.282 0.5
0.493 0.633
0.51 0.585
0.515 0.609
0.56 0.585
0.514 0.548
0.558 0.735
0.528 0.476
0.48 0.62
0.562 0.362
0.574 0.469
0.518 0.455
0.456 0.409
0.544 0.333
0.529 0.479
0.614 0.514
0.601 0.49
0.577 0.45
0.476 0.727
0.491 0.587
0.478 0.66
0.498 0.723
0.509 0.625
0.463 0.556
0.418 1.0
1.0 0.0
0.349 0.732
0.373 0.811
0.414 0.752
0.441 0.837
0.469 0.837
0.422 0.813
0.348 0.829
0.383 0.5
0.457 0.743
0.501 0.763
0.498 0.844
0.422 0.812
0.493 0.733
0.456 0.798
0.466 0.805
0.439 0.735
0.467 0.759
0.474 0.694
0.416 0.717
0.456 0.741
0.45 0.684
0.444 0.684
0.444 0.667
0.458 0.741
0.43 0.774
0.397 0.75
0.43 0.75
0.461 0.791
0.453 0.748
0.471 0.834
0.432 0.826
0.437 0.818
0.458 0.802
0.443 0.849
0.454 0.82
0.423 0.815
0.454 0.801
0.435 0.801
0.435 0.831
0.439 0.818
0.416 0.821
0.45 0.8
0.491 0.79
0.443 0.784
0.493 0.699
0.46 0.728
0.471 0.77
0.506 0.785
0.449 0.744
0.506 0.77
0.466 0.785
0.467 0.787
0.453 0.6
0.432 0.667
0.276 0.0
0.408 0.75
0.235 0.704
0.384 0.786
0.421 0.841
0.451 0.75
0.44 0.73
0.414 0.787
0.433 0.745
0.458 0.797
0.455 0.826
0.475 0.798
0.472 0.667
0.368 0.667
0.45 0.909
0.37 0.875
0.419 0.755
0.464 0.702
0.447 0.65
0.482 0.707
0.548 0.783
0.52 0.715
0.494 0.782
0.506 0.756
0.487 0.769
0.519 0.799
0.48 0.845
0.522 0.811
0.499 0.783
0.486 0.783
0.486 0.76
0.493 0.726
0.412 0.706
0.41 0.748
0.425 0.786
0.409 0.816
0.407 0.726
0.424 0.8
0.453 0.741
0.421 0.741
0.377 0.882
0.431 0.759
0.376 0.667
0.449 0.758
0.513 0.761
0.485 0.815
0.448 0.714
0.436 0.819
0.467 0.772
0.459 0.734
0.475 0.778
0.488 0.758
0.503 0.659
0.463 0.75
0.46 0.742
0.467 0.765
0.487 0.765
0.487 0.796
0.475 0.731
0.505 0.792
0.552 0.767
0.442 0.859
0.568 0.756
0.426 0.764
0.41 0.684
0.438 0.693
0.446 0.673
0.446 0.657
0.417 0.752
0.441 0.769
0.477 0.739
0.474 0.73
0.447 0.594
0.408 0.606
0.214 0.679
0.367 0.68
0.343 0.833
0.402 0.829
0.394 0.768
0.398 0.722
0.383 0.783
0.403 0.75
0.309 0.889
0.421 0.667
0.341 0.0
0.526 0.5
0.5 0.571
0.383 0.696
0.455 0.542
0.453 0.914
0.393 0.834
0.394 0.846
0.466 0.825
0.425 0.75
0.536 0.638
0.492 0.647
0.489 0.528
0.502 0.6
0.533 0.558
0.38 0.714
0.396 0.731
0.414 0.744
0.418 0.637
0.409 0.72
0.389 0.72
0.396 0.7
0.304 1.0
0.425 0.5
0.429 0.527
0.492 0.458
0.36 0.661
0.449 0.614
0.538 0.691
0.502 0.731
0.449 0.804
0.48 0.776
0.484 0.746
0.454 0.8
0.454 0.637
0.397 0.465
0.504 0.4
0.412 0.4
0.453 0.721
0.435 0.652
0.371 0.659
0.426 0.676
0.43 0.735
0.383 0.766
0.454 0.755
0.384 0.71
0.426 0.671
0.41 0.674
0.338 0.68
0.308 1.0
0.35 0.784
0.408 0.75
0.459 0.614
0.344 0.778
0.382 0.6
0.458 0.576
0.433 0.429
0.3 0.452
0.466 0.579
0.493 0.0
0.273 0.8
0.536 0.768
0.523 0.698
0.521 0.723
0.549 0.685
0.561 0.738
0.547 0.698
0.49 0.742
0.562 0.701
0.51 0.693
0.532 0.731
0.477 0.767
0.456 0.627
0.499 0.627
0.369 0.65
0.343 0.811
0.434 0.792
0.423 0.745
0.393 0.794
0.42 0.754
0.409 0.78
0.355 0.802
0.416 0.756
0.38 0.862
0.445 0.87
0.455 0.863
0.463 0.901
0.466 0.858
0.453 0.838
0.428 0.773
0.45 0.813
0.407 0.833
0.424 0.84
0.394 0.902
0.407 0.902
0.407 0.833
0.362 0.762
0.476 0.771
0.399 0.693
0.406 0.644
0.398 0.839
0.35 0.782
0.433 0.841
0.409 0.667
0.333 0.583
0.412 0.786
0.378 0.833
0.405 1.0
0.37 0.792
0.358 0.829
0.384 0.799
0.388 0.897
0.416 0.804
0.435 0.871
0.425 0.808
0.411 0.872
0.403 0.741
0.449 0.779
0.451 0.778
0.406 0.784
0.452 0.834
0.476 0.815
0.401 0.842
0.41 0.8
0.462 0.811
0.474 0.82
0.442 0.854
0.43 0.805
0.435 0.805
0.435 0.784
0.41 0.8
0.495 0.595
0.431 0.575
0.432 0.667
0.508 0.66
0.363 0.552
0.472 0.639
0.471 0.561
0.406 0.534
0.476 0.53
0.489 0.497
0.544 0.467
0.439 0.594
0.444 0.45
0.493 0.545
0.408 0.507
0.472 0.509
0.479 0.554
0.473 0.619
0.423 0.619
0.483 0.492
0.524 0.538
0.539 0.461
0.553 0.467
0.474 0.524
0.416 0.544
0.48 0.4
0.438 0.37
0.419 0.0
0.438 0.802
0.418 0.803
0.471 0.778
0.462 0.86
0.464 0.86
0.46 0.884
0.454 0.87
0.441 0.871
0.433 0.871
0.526 0.796
0.425 0.851
0.469 0.721
0.426 0.721
0.426 0.813
0.453 0.804
0.436 0.854
0.436 0.81
0.448 0.754
0.433 0.816
0.462 0.885
0.457 0.637
0.445 0.81
0.492 0.682
0.512 0.714
0.473 0.753
0.449 0.84
0.468 0.861
0.478 0.794
0.431 0.846
0.437 0.688
0.328 0.889
0.531 0.773
0.399 0.773
0.399 0.643
0.431 0.714
0.486 0.545
0.519 0.682
0.53 0.66
0.503 0.0
0.0 0.689
0.57 0.551
0.408 0.723
0.604 0.704
0.587 0.711
0.615 0.673
0.537 0.729
0.48 0.583
0.503 0.604
0.511 0.604
0.511 0.578
0.544 0.589
0.292 0.0
0.25 0.486
0.373 0.82
0.417 0.786
0.401 0.733
0.388 0.72
0.414 0.688
0.399 0.761
0.418 0.742
0.43 0.707
0.387 0.65
0.476 0.614
0.377 0.584
0.468 0.589
0.451 0.456
0.461 0.527
0.4 0.611
0.44 0.625
0.439 0.414
0.349 0.681
0.41 0.522
0.375 0.832
0.395 0.85
0.425 0.763
0.417 0.833
0.385 0.746
0.421 0.815
0.434 0.667
0.355 0.864
0.498 0.809
0.522 0.783
0.552 0.853
0.519 0.862
0.516 0.85
0.507 0.866
0.355 0.715
0.425 0.738
0.361 0.711
0.418 0.725
0.404 0.694
0.42 0.76
0.447 0.727
0.355 0.724
0.356 0.829
0.392 0.682
0.346 0.805
0.457 0.786
0.426 0.775
0.463 0.85
0.468 0.78
0.46 0.765
0.462 0.804
0.445 0.817
0.485 0.82
0.458 0.75
0.355 0.6
0.398 0.852
0.407 0.739
0.385 0.81
0.373 0.852
0.409 0.877
0.449 0.766
0.467 0.807
0.487 0.765
0.455 0.768
0.46 0.768
0.448 0.778
0.45 0.714
0.486 0.702
0.473 0.774
0.421 0.738
0.438 0.567
0.407 0.754
0.44 0.754
0.44 0.684
0.393 0.596
0.44 0.771
0.387 0.714
0.414 0.772
0.387 0.729
0.405 0.775
0.42 0.779
0.456 0.823
0.477 0.83
0.472 0.83
0.441 0.813
0.415 0.644
0.409 0.773
0.399 0.769
0.363 0.5
0.333 0.5
0.0 0.583
0.478 0.59
0.452 0.0
0.714 0.429
0.0 0.333
0.435 0.5
0.379 0.5
0.35 0.0
0.472 0.713
0.475 0.733
0.559 0.889
0.333 0.781
0.575 0.805
0.59 0.835
0.539 0.771
0.557 0.792
0.502 0.765
0.483 0.808
0.577 0.739
0.557 0.72
0.557 0.72
0.557 0.746
0.25 0.5
0.293 0.793
0.328 0.571
0.297 0.643
0.369 0.681
0.366 0.75
0.253 0.743
0.428 0.763
0.402 0.747
0.521 0.7
0.521 0.611
0.514 0.732
0.571 0.684
0.529 0.645
0.524 0.564
0.497 0.5
0.525 0.562
0.581 0.615
0.598 0.672
0.338 0.833
0.472 0.75
0.416 0.61
0.322 0.786
0.468 1.0
0.273 0.854
0.385 0.0
0.5 0.633
0.371 0.0
0.417 0.645
0.426 0.796
0.431 0.808
0.481 0.808
0.476 0.786
0.492 0.793
0.443 0.83
0.458 0.838
0.455 0.804
0.43 0.83
0.449 0.848
0.452 0.797
0.444 0.797
0.444 0.829
0.434 0.833
0.4 0.742
0.402 0.803
0.468 0.8
0.429 0.771
0.45 0.611
0.368 0.828
0.534 0.75
0.447 0.797
0.475 0.755
0.481 0.845
0.476 0.822
0.462 0.881
0.482 0.877
0.425 0.796
0.45 0.815
0.425 0.756
0.43 0.795
0.427 0.784
0.474 0.784
0.474 0.839
0.462 0.889
0.457 0.603
0.411 0.681
0.5 0.732
0.438 0.747
0.423 0.743
0.423 0.74
0.487 0.779
0.47 0.742
0.452 0.744
0.462 0.733
0.438 0.779
0.444 0.779
0.444 0.804
0.381 0.787
0.386 0.805
0.328 0.791
0.438 0.672
0.411 0.766
0.408 0.84
0.428 0.75
0.416 0.867
0.359 0.778
0.377 0.771
0.422 0.767
0.377 0.707
0.373 0.707
0.373 0.8
0.403 0.727
0.381 0.683
0.395 0.746
0.404 0.736
0.41 0.912
0.367 0.74
0.403 0.656
0.404 0.4
0.381 0.647
0.38 1.0
0.393 0.732
0.459 0.76
0.471 0.816
0.505 0.785
0.496 0.844
0.494 0.817
0.487 0.797
0.518 0.815
0.496 0.821
0.487 0.798
0.535 0.82
0.516 0.772
0.46 0.772
0.46 0.795
0.485 0.0
0.411 0.815
0.486 0.714
0.438 0.855
0.389 0.821
0.403 0.904
0.433 0.804
0.428 0.84
0.38 1.0
0.36 0.769
0.447 0.789
0.331 0.0
0.475 0.757
0.417 0.832
0.511 0.723
0.453 0.905
0.376 0.833
0.368 0.714
0.304 0.625
0.424 0.9
0.259 0.5
0.494 0.737
0.437 0.754
0.48 0.7
0.459 0.698
0.43 0.721
0.451 0.607
0.498 0.684
0.491 0.739
0.364 0.741
0.4 0.824
0.378 0.667
0.447 0.74
0.422 0.731
0.526 0.683
0.538 0.744
0.477 0.687
0.507 0.769
0.483 0.683
0.492 0.629
0.444 0.723
0.539 0.739
0.521 0.774
0.46 0.774
0.46 0.737
0.527 0.743
1.0 1.0
0.394 0.617
0.48 0.341
0.524 0.333
0.355 1.0
0.429 0.556
0.472 0.57
0.468 0.662
0.532 0.775
0.511 0.703
0.39 0.846
0.491 0.4
0.333 0.839
0.478 0.0
0.453 0.84
0.4 0.7
0.291 0.75
0.34 0.25
0.143 0.75
0.401 0.776
0.366 0.8
0.424 0.667
0.411 0.757
0.436 0.729
0.435 0.833
0.457 0.78
0.443 0.857
0.471 0.719
0.461 0.824
0.376 0.824
0.386 0.824
0.532 0.529
0.459 0.791
0.54 0.789
0.508 0.68
0.492 0.81
0.467 0.753
0.518 0.762
0.494 0.8
0.512 0.814
0.423 0.711
0.514 0.568
0.507 0.703
0.448 0.703
0.448 0.75
0.377 0.6
0.4 0.839
0.389 0.833
0.421 0.845
0.41 0.75
0.431 0.692
0.445 0.778
0.386 0.792
0.397 0.815
0.418 0.835
0.448 0.831
0.414 0.791
0.437 0.752
0.409 0.841
0.446 0.781
0.414 0.714
0.377 0.76
0.393 0.7
0.373 0.7
0.373 0.938
0.43 0.733
0.475 0.734
0.471 0.827
0.459 0.813
0.455 0.782
0.451 0.784
0.405 0.617
0.358 0.773
0.399 0.583
0.457 0.538
0.417 0.75
0.472 0.738
0.48 0.698
0.476 0.712
0.484 0.78
0.489 0.767
0.503 0.759
0.51 0.771
0.531 0.753
0.565 0.75
0.567 0.71
0.488 0.71
0.488 0.731
0.52 0.674
0.288 0.0
0.355 0.0
0.0 0.667
0.409 0.811
0.489 1.0
0.474 0.0
0.283 0.688
0.437 0.645
0.414 0.793
0.477 0.667
0.434 0.728
0.458 0.77
0.461 0.767
0.467 0.838
0.409 0.77
0.222 0.855
0.396 0.851
0.418 0.877
0.368 0.878
0.437 0.839
0.369 0.821
0.361 0.833
0.422 0.833
0.38 0.5
0.344 0.636
0.456 0.848
0.368 0.848
0.368 0.808
0.408 0.65
0.46 0.661
0.497 0.77
0.523 0.741
0.451 0.762
0.483 0.68
0.528 0.749
0.49 0.754
0.471 0.785
0.446 0.788
0.507 0.765
0.509 0.706
0.515 0.706
0.515 1.0
0.403 0.824
0.401 0.848
0.446 0.892
0.494 0.86
0.488 0.81
0.432 0.6
0.419 0.5
0.25 1.0
0.352 0.854
0.418 0.849
0.43 0.914
0.44 0.915
0.443 0.882
0.438 0.796
0.493 0.885
0.434 0.833
0.432 0.859
0.461 0.926
0.475 0.898
0.487 0.898
0.487 0.833
0.435 0.905
0.489 0.682
0.371 0.0
0.431 0.818
0.329 0.767
0.35 0.797
0.353 0.885
0.262 0.708
0.329 0.56
0.509 0.613
0.454 0.554
0.438 0.562
0.515 0.536
0.49 0.557
0.469 0.432
0.454 0.0
0.429 0.653
0.498 0.697
0.44 0.79
0.434 0.741
0.433 0.723
0.453 0.831
0.391 0.772
0.375 0.674
0.343 0.731
0.418 0.808
0.389 0.746
0.452 0.735
0.451 0.786
0.474 0.706
0.437 0.709
0.497 0.65
0.488 0.754
0.461 0.741
0.499 0.757
0.473 0.846
0.427 0.788
0.454 0.788
0.454 0.768
0.466 0.778
0.396 0.688
0.435 0.653
0.41 0.794
0.453 0.688
0.362 0.463
0.422 0.385
0.363 0.6
0.403 0.375
0.391 0.167
0.167 0.0
0.533 0.638
0.471 0.615
0.515 0.6
0.491 0.623
0.615 0.6
0.577 0.582
0.602 0.556
0.515 0.652
0.489 0.611
0.457 0.552
0.451 0.506
0.449 0.506
0.449 0.44
0.416 0.698
0.427 0.608
0.404 0.648
0.488 0.673
0.439 0.709
0.413 0.633
0.432 0.684
0.392 0.645
0.385 0.667
0.411 0.697
0.448 0.697
0.414 0.883
0.405 0.877
0.418 0.805
0.433 0.857
0.399 0.869
0.403 0.907
0.478 0.883
0.468 0.891
0.44 0.848
0.453 0.654
0.385 0.857
0.426 0.857
0.372 0.875
0.487 0.847
0.527 0.817
0.481 0.852
0.524 0.918
0.458 0.889
0.532 0.811
0.494 0.5
0.493 0.749
0.531 0.652
0.45 0.561
0.465 0.762
0.478 0.783
0.495 0.807
0.491 0.758
0.469 0.765
0.491 0.761
0.476 0.758
0.5 0.791
0.497 0.725
0.521 0.733
0.545 0.768
0.47 0.768
0.47 0.793
0.456 0.794
0.425 0.708
0.411 0.75
0.412 0.745
0.474 0.706
0.45 0.719
0.436 0.5
0.357 0.7
0.328 0.0
0.369 0.5
0.474 0.68
0.436 0.843
0.512 0.824
0.476 0.85
0.482 0.884
0.472 0.865
0.505 0.807
0.508 0.807
0.487 0.768
0.498 0.789
0.488 0.739
0.471 0.739
0.471 0.788
0.545 0.768
0.38 0.85
0.438 0.85
0.424 0.855
0.446 0.856
0.48 0.912
0.467 0.894
0.442 0.853
0.399 0.9
0.426 0.882
0.43 0.876
0.417 0.872
0.397 0.872
0.397 0.905
0.475 0.746
0.471 0.784
0.514 0.762
0.434 0.725
0.482 0.605
0.51 0.753
0.51 0.8
0.469 0.717
0.445 0.628
0.494 0.627
0.495 0.627
0.495 0.652
0.458 0.615
0.434 0.536
0.366 0.621
0.442 0.606
0.412 0.62
0.539 0.653
0.507 0.71
0.46 0.649
0.394 0.701
0.398 0.775
0.417 0.821
0.417 0.772
0.456 0.853
0.402 0.853
0.402 0.783
0.416 0.738
0.363 0.75
0.365 0.0
0.5 0.5
0.577 0.306
0.638 0.521
0.599 0.62
0.626 0.551
0.578 0.16
0.591 0.323
0.534 0.111
0.609 0.308
0.476 0.167
0.533 0.829
0.448 0.711
0.447 0.864
0.416 0.739
0.496 0.729
0.446 0.744
0.464 0.762
0.44 0.733
0.487 0.75
0.445 0.811
0.409 0.811
0.409 0.75
0.467 0.435
1.0 0.753
0.544 0.9
0.47 0.766
0.552 0.795
0.504 0.807
0.537 0.699
0.525 0.774
0.5 0.737
0.502 0.721
0.568 0.692
0.589 0.753
0.566 0.71
0.597 0.769
0.595 0.71
0.556 0.692
0.419 0.692
0.419 0.697
0.459 0.625
0.359 0.672
0.403 0.787
0.415 0.744
0.434 0.75
0.463 0.777
0.517 0.77
0.479 0.796
0.448 0.764
0.466 0.753
0.46 0.77
0.412 0.816
0.426 0.791
0.431 0.761
0.469 0.761
0.469 0.755
0.455 0.73
0.352 0.818
0.4 0.752
0.408 0.813
0.387 0.856
0.421 0.716
0.373 0.56
0.38 0.81
0.419 0.462
0.367 0.727
0.411 0.787
0.422 0.864
0.455 0.908
0.434 0.864
0.455 0.861
0.416 0.85
0.44 0.86
0.442 0.843
0.408 0.81
0.343 0.836
0.437 0.836
0.429 0.716
0.469 0.824
0.492 0.824
0.463 0.82
0.438 0.798
0.403 0.833
0.422 0.746
0.445 0.727
0.438 0.8
0.378 0.815
0.418 0.815
0.418 0.721
0.447 0.829
0.576 0.511
0.503 0.5
0.517 0.51
0.52 0.595
0.531 0.586
0.603 0.59
0.599 0.594
0.572 0.592
0.612 0.596
0.593 0.491
0.573 0.492
0.578 0.547
0.591 0.528
0.593 0.528
0.593 0.489
0.62 0.533
0.404 0.523
0.379 0.671
0.47 0.605
0.483 0.792
0.422 0.668
0.441 0.665
0.527 0.752
0.481 0.789
0.448 0.813
0.501 0.744
0.473 0.744
0.473 0.798
0.41 0.78
0.493 0.754
0.5 0.82
0.447 0.721
0.456 0.724
0.473 0.733
0.443 0.693
0.445 0.617
0.454 0.574
0.451 0.652
0.48 0.596
0.466 0.596
0.466 0.614
0.478 0.706
0.429 0.5
0.533 0.875
0.313 0.417
0.464 0.875
0.474 0.474
0.466 0.722
0.429 0.727
0.439 0.686
0.448 0.726
0.394 0.791
0.332 0.75
0.422 1.0
0.421 0.125
0.356 0.563
0.431 0.0
0.37 0.788
0.341 0.556
0.442 0.696
0.528 0.642
0.499 0.681
0.514 0.721
0.5 0.738
0.497 0.68
0.498 0.761
0.496 0.774
0.492 0.77
0.494 0.69
0.509 0.655
0.481 0.655
0.481 0.649
0.485 0.765
0.48 0.783
0.435 0.694
0.462 0.731
0.386 0.571
0.493 0.698
0.507 0.711
0.526 0.754
0.41 0.797
0.469 0.717
0.502 0.774
0.414 0.688
0.427 0.707
0.385 0.847
0.48 0.844
0.473 0.869
0.456 0.867
0.42 0.876
0.417 0.888
0.436 0.894
0.413 0.89
0.45 0.891
0.43 0.881
0.427 0.881
0.427 0.89
0.455 0.779
0.483 0.828
0.43 0.828
0.469 0.887
0.503 0.845
0.449 0.802
0.446 0.807
0.427 0.873
0.392 0.857
0.394 0.667
0.407 0.667
0.407 0.857
0.368 0.714
0.401 0.843
0.461 0.848
0.467 0.807
0.432 0.792
0.427 0.717
0.399 0.803
0.426 0.545
0.447 0.656
0.415 0.593
0.532 0.57
0.535 0.593
0.561 0.562
0.53 0.562
0.573 0.514
0.533 0.571
0.0 0.5
0.517 0.725
0.403 0.867
0.444 0.791
0.43 0.852
0.432 0.76
0.422 0.782
0.467 0.667
0.391 0.81
0.382 0.571
0.36 0.357
0.435 0.471
0.389 0.5
0.394 0.822
0.393 0.81
0.441 0.719
0.461 0.754
0.446 0.706
0.414 0.738
0.435 0.709
0.407 0.762
0.422 0.652
0.415 0.75
0.417 0.75
0.417 0.634
0.415 0.667
0.455 0.719
0.425 0.693
0.439 0.71
0.457 0.588
0.492 0.618
0.505 0.725
0.477 0.63
0.458 0.517
0.465 0.532
0.419 0.498
0.419 0.498
0.419 0.552
0.372 0.735
0.453 0.653
0.452 0.727
0.397 0.719
0.431 0.667
0.3 0.571
0.455 0.582
0.393 0.743
0.394 0.818
0.371 0.743
0.401 0.819
0.383 0.784
0.413 0.733
0.402 0.791
0.412 0.783
0.362 1.0
0.6 0.571
0.488 0.75
0.444 0.78
0.455 0.883
0.369 0.85
0.463 0.82
0.461 0.837
0.493 0.864
0.5 0.709
0.44 0.816
0.441 0.833
0.438 0.853
0.487 0.853
0.487 0.9
0.434 0.941
0.513 0.513
0.527 0.616
0.476 0.598
0.461 0.616
0.536 0.663
0.572 0.667
0.528 0.672
0.514 0.755
0.478 0.681
0.495 0.733
0.555 0.733
0.555 0.64
0.427 0.727
0.412 0.477
0.282 0.885
0.346 0.878
0.392 0.835
0.454 0.921
0.387 0.848
0.402 0.844
0.426 0.851
0.487 0.853
0.427 0.736
0.413 0.833
0.457 0.81
0.445 0.867
0.458 0.886
0.435 0.84
0.444 0.882
0.435 0.736
0.403 0.804
0.362 0.798
0.433 0.714
0.504 0.63
0.394 0.743
0.273 0.882
0.465 0.744
0.445 0.826
0.488 0.333
0.4 0.884
0.463 0.789
0.423 0.816
0.422 0.851
0.396 0.754
0.374 0.81
0.379 0.81
0.414 0.826
0.313 0.944
0.289 0.701
0.4 0.75
0.341 0.822
0.499 0.867
0.496 0.825
0.511 0.815
0.515 0.81
0.479 0.86
0.486 0.858
0.486 0.79
0.504 0.79
0.504 0.845
0.549 0.875
0.425 0.571
0.388 0.612
0.437 0.695
0.474 0.704
0.471 0.744
0.478 0.777
0.445 0.673
0.38 0.685
0.512 0.742
0.533 0.577
0.553 0.587
0.511 0.571
0.577 0.629
0.52 0.442
0.495 0.609
0.449 0.5
0.451 0.344
0.627 0.524
0.563 0.524
0.563 0.48
0.627 0.273
0.402 0.668
0.558 0.695
0.636 0.707
0.56 0.739
0.57 0.66
0.574 0.692
0.423 0.818
0.521 0.908
0.519 0.981
0.497 0.798
0.482 0.854
0.44 0.882
0.457 0.9
0.491 0.825
0.456 0.906
0.415 0.906
0.415 0.875
0.459 0.917
0.42 0.8
0.425 0.901
0.37 0.8
0.413 0.25
0.524 0.8
0.477 0.851
0.478 0.755
0.415 0.763
0.475 0.767
0.531 0.83
0.451 0.753
0.449 0.789
0.451 0.796
0.433 0.773
0.416 0.788
0.451 0.752
0.445 0.752
0.445 0.786
0.427 0.727
0.38 0.778
0.391 0.797
0.384 0.8
0.413 0.805
0.408 0.763
0.459 0.805
0.425 0.806
0.407 0.789
0.427 0.721
0.395 0.8
0.406 0.8
0.406 0.847
0.406 0.781
0.477 0.787
0.433 0.78
0.488 0.722
0.423 0.81
0.451 0.832
0.432 0.89
0.4 0.833
0.429 0.779
0.463 0.82
0.444 0.882
0.466 0.855
0.436 0.8
0.376 0.857
0.393 0.526
0.401 0.25
0.27 0.25
0.487 0.811
0.467 0.83
0.457 0.807
0.431 0.825
0.447 0.718
0.41 0.727
0.478 0.84
0.495 0.844
0.434 0.825
0.481 0.74
0.52 0.806
0.389 0.889
0.425 0.75
0.586 0.806
0.414 0.646
0.496 0.816
0.462 0.803
0.459 0.852
0.446 0.878
0.447 0.848
0.428 0.848
0.425 0.873
0.416 0.625
0.286 0.94
0.378 0.757
0.401 0.757
0.478 0.805
0.419 0.829
0.344 0.844
0.395 0.6
0.371 0.0
0.562 0.618
0.573 0.458
0.511 0.368
0.372 0.545
0.489 0.662
0.527 0.667
0.429 0.625
0.442 0.8
0.431 0.545
0.478 0.545
0.478 1.0
0.403 0.79
0.437 0.815
0.432 0.792
0.382 0.828
0.437 0.78
0.385 0.75
0.442 0.871
0.454 0.867
0.431 0.852
0.453 0.842
0.481 0.85
0.408 0.872
0.456 0.843
0.452 0.839
0.41 0.881
0.439 0.881
0.439 0.893
0.391 1.0
0.396 0.905
0.7 0.786
0.545 0.673
0.558 0.657
0.595 0.638
0.623 0.788
0.568 0.69
0.576 0.727
0.554 0.636
0.562 0.612
0.574 0.612
0.574 0.57
0.585 0.67
0.4 0.5
0.0 0.483
0.532 0.667
0.571 0.0
0.445 0.852
0.422 0.77
0.472 0.725
0.3 0.5
0.596 0.815
0.6 0.819
0.552 0.755
0.549 0.812
0.545 0.787
0.507 0.782
0.503 0.797
0.519 0.78
0.523 0.654
0.511 0.654
0.511 0.763
0.531 0.708
0.389 0.789
0.4 0.689
0.426 0.526
0.5 0.633
0.538 0.532
0.575 0.574
0.511 0.515
0.492 0.547
0.478 0.621
0.446 0.484
0.448 0.577
0.422 0.577
0.409 0.768
0.45 0.69
0.35 0.748
0.453 0.759
0.368 0.609
0.345 0.788
0.479 0.876
0.459 0.695
0.429 0.811
0.407 0.794
0.381 0.869
0.415 0.853
0.435 0.807
0.398 0.807
0.398 0.75
0.409 0.903
0.473 0.647
0.562 0.607
0.608 0.571
0.587 0.765
0.625 0.5
0.43 0.818
0.437 0.851
0.488 0.868
0.503 0.847
0.493 0.878
0.463 0.861
0.478 0.885
0.481 0.855
0.467 0.9
0.485 0.9
0.485 0.896
0.462 0.892
0.51 0.649
0.516 0.736
0.419 0.552
0.415 0.667
0.535 0.536
0.445 0.838
0.419 0.917
0.457 0.714
0.462 0.724
0.46 0.76
0.444 0.645
0.366 0.8
0.362 0.673
0.39 0.684
0.431 0.756
0.379 0.695
0.405 0.744
0.352 0.8
0.377 0.708
0.325 0.692
0.304 0.8
0.345 0.8
0.345 0.756
0.384 0.75
0.454 0.545
0.479 0.0
0.286 0.25
0.615 1.0
0.452 0.667
0.455 0.725
0.407 0.777
0.434 0.786
0.423 0.841
0.437 0.746
0.436 0.818
0.399 0.832
0.424 0.799
0.433 0.835
0.428 0.674
0.345 0.674
0.345 0.0
0.615 0.714
0.483 0.714
0.51 0.759
0.415 0.897
0.416 0.82
0.39 0.524
0.44 0.833
0.5 0.664
0.549 0.753
0.474 0.79
0.508 0.474
0.582 0.622
0.632 0.591
0.576 0.365
0.505 0.42
0.598 0.0
0.0 0.0
0.463 0.82
0.47 0.783
0.435 0.838
0.447 0.815
0.439 0.767
0.442 0.857
0.385 0.551
0.377 0.571
0.38 0.571
0.414 0.571
0.414 0.917
0.158 0.0
0.0 0.667
0.279 0.752
0.443 0.771
0.524 0.704
0.502 0.711
0.491 0.737
0.482 0.721
0.511 0.768
0.411 0.682
0.399 0.705
0.396 0.735
0.422 0.0
0.0 0.813
0.405 0.77
0.447 0.792
0.423 0.848
0.442 0.84
0.433 0.75
0.264 0.75
0.421 0.767
0.456 0.803
0.507 0.849
0.471 0.801
0.469 0.845
0.439 0.843
0.407 0.859
0.44 0.801
0.45 0.834
0.387 0.834
0.387 0.869
0.414 0.826
0.442 0.696
0.441 0.783
0.424 0.79
0.398 0.824
0.47 0.823
0.406 0.812
0.407 0.868
0.422 0.849
0.4 0.861
0.404 0.861
0.404 0.83
0.408 0.88
0.443 0.815
0.433 0.822
0.462 0.806
0.458 0.819
0.455 0.845
0.458 0.788
0.432 0.778
0.423 0.781
0.439 0.713
0.424 0.713
0.424 0.833
0.452 0.873
0.358 0.603
0.438 0.687
0.413 0.747
0.415 0.688
0.406 0.0
0.412 0.722
0.314 0.5
0.323 0.5
0.503 0.762
0.484 0.781
0.484 0.757
0.495 0.791
0.5 0.814
0.512 0.81
0.484 0.822
0.458 0.845
0.466 0.845
0.466 0.858
0.513 0.812
0.4 0.286
0.5 0.442
0.536 0.545
0.551 0.391
0.454 0.427
0.43 0.333
0.395 0.25
0.5 0.471
0.427 0.471
0.427 0.519
0.544 0.629
0.453 0.633
0.561 0.469
0.354 0.485
0.333 0.5
0.445 0.717
0.445 0.808
0.464 0.679
0.505 0.432
0.489 0.646
0.558 0.333
0.333 0.75
0.462 0.727
0.359 0.8
0.418 0.753
0.442 0.844
0.44 0.847
0.439 0.776
0.4 0.784
0.427 0.84
0.386 0.831
0.45 0.774
0.47 0.82
0.448 0.873
0.432 0.844
0.399 0.824
0.442 0.813
0.454 0.813
0.454 0.825
0.579 0.456
0.548 0.376
0.528 0.328
0.528 0.759
0.558 0.702
0.508 0.639
0.487 0.654
0.48 0.56
0.427 0.41
0.354 0.0
0.568 0.449
0.5 1.0
0.378 0.586
0.349 0.821
0.473 0.818
0.427 0.911
0.425 0.808
0.42 0.784
0.42 0.714
0.364 0.75
0.368 0.75
0.464 0.679
0.403 0.758
0.416 0.825
0.401 0.667
0.382 0.605
0.326 0.609
0.425 0.619
0.423 0.6
0.369 0.794
0.408 0.5
0.342 0.71
0.41 0.526
0.35 0.0
0.381 0.923
0.394 0.895
0.422 0.679
0.461 0.584
0.391 0.671
0.435 0.82
0.392 0.905
0.434 0.815
0.429 0.846
0.407 0.89
0.414 0.893
0.388 0.859
0.398 0.819
0.397 0.849
0.413 0.818
0.368 0.818
0.368 0.824
0.351 0.857
0.42 0.0
0.422 0.785
0.461 0.767
0.453 0.753
0.466 0.805
0.471 0.791
0.455 0.814
0.416 0.822
0.455 0.858
0.455 0.858
0.455 0.78
0.463 0.855
0.462 0.778
0.424 0.81
0.432 0.767
0.391 0.694
0.466 0.822
0.4 0.791
0.351 0.703
0.527 0.84
0.389 0.76
0.556 0.671
0.489 0.597
0.532 0.69
0.558 0.681
0.598 0.52
0.548 0.75
0.614 0.625
0.736 0.574
0.646 0.574
0.646 0.619
0.538 0.687
0.462 0.784
0.508 0.55
0.4 0.716
0.604 0.718
0.443 0.661
0.405 0.826
0.393 0.0
0.0 0.5
0.457 0.833
0.421 0.868
0.368 0.698
0.432 0.801
0.435 0.827
0.397 0.765
0.426 0.864
0.409 0.795
0.401 0.813
0.423 0.808
0.412 0.808
0.412 0.811
0.427 0.819
0.525 0.677
0.504 0.699
0.534 0.693
0.538 0.757
0.531 0.792
0.495 0.742
0.49 0.731
0.461 0.757
0.476 0.757
0.476 0.757
0.47 0.768
0.167 0.483
0.362 1.0
0.412 0.593
0.36 0.75
0.48 0.913
0.444 0.778
0.389 1.0
0.522 0.846
0.478 0.909
0.414 1.0
0.411 0.0
0.393 0.0
0.393 1.0
0.444 0.0
0.313 0.6
0.552 0.55
0.536 0.5
0.477 0.816
0.476 0.834
0.426 0.789
0.434 0.779
0.399 0.625
0.446 0.71
0.572 0.689
0.524 0.587
0.429 0.556
0.366 0.867
0.424 0.81
0.408 1.0
0.357 0.5
0.41 0.794
0.444 0.871
0.391 0.86
0.439 0.875
0.441 0.911
0.425 0.9
0.434 0.915
0.455 0.901
0.477 0.901
0.477 0.888
0.48 0.891
0.5 1.0
0.364 0.5
0.423 0.658
0.352 0.792
0.392 0.731
0.418 0.611
0.492 0.642
0.505 0.621
0.508 0.568
0.475 0.597
0.448 0.645
0.484 0.627
0.403 0.397
0.426 0.397
0.426 0.58
0.454 0.6
0.456 0.753
0.454 0.824
0.48 0.78
0.473 0.848
0.426 0.721
0.428 0.836
0.426 0.674
0.44 0.747
0.471 0.884
0.432 0.826
0.481 0.768
0.415 0.776
0.418 0.776
0.418 0.626
0.505 0.733
0.367 0.471
0.458 0.8
0.417 0.0
0.286 0.438
0.531 0.665
0.563 0.677
0.562 0.635
0.569 0.735
0.553 0.717
0.475 0.741
0.423 0.783
0.451 0.686
0.462 0.787
0.471 0.759
0.367 0.839
0.467 0.455
0.614 0.308
0.395 0.787
0.379 0.333
0.235 0.673
0.469 0.717
0.427 0.818
0.455 0.676
0.434 0.73
0.446 0.765
0.521 0.773
0.468 0.731
0.411 0.817
0.437 0.735
0.465 0.847
0.498 0.798
0.471 0.857
0.439 0.815
0.459 0.843
0.424 0.843
0.424 0.84
0.443 0.892
0.263 1.0
0.267 0.808
0.467 0.652
0.483 0.717
0.478 0.644
0.535 0.69
0.559 0.607
0.515 0.5
0.375 0.682
0.581 0.682
0.581 0.75
0.6 0.625
0.387 0.769
0.442 0.835
0.406 0.784
0.437 0.783
0.417 0.839
0.395 0.847
0.485 0.848
0.423 0.848
0.423 0.833
0.386 0.893
0.374 0.737
0.411 0.648
0.431 0.708
0.395 0.692
0.434 0.69
0.425 0.718
0.481 0.743
0.426 0.743
0.426 0.75
0.384 0.735
0.413 0.866
0.404 0.822
0.432 0.886
0.438 0.795
0.432 0.806
0.479 0.807
0.45 0.833
0.392 0.793
0.462 0.724
0.416 0.775
0.429 0.775
0.428 0.817
0.442 0.743
0.445 0.733
0.444 0.861
0.433 0.83
0.44 0.815
0.45 0.859
0.446 0.859
0.446 0.834
0.422 0.859
0.381 0.875
0.375 0.84
0.32 0.8
0.436 0.636
0.368 0.75
0.421 0.576
0.408 0.471
0.484 0.73
0.442 0.696
0.437 0.736
0.448 0.683
0.421 0.718
0.448 0.693
0.457 0.632
0.459 0.632
0.468 0.676
0.477 0.754
0.459 0.743
0.477 0.726
0.485 0.796
0.468 0.655
0.438 0.716
0.468 0.716
0.468 0.735
0.478 0.662
0.43 0.863
0.476 0.9
0.476 0.88
0.462 0.86
0.496 0.905
0.51 0.873
0.503 0.854
0.51 0.854
0.51 0.898
0.505 0.875
0.375 0.333
0.583 0.421
0.547 0.391
0.44 0.667
0.391 0.5
0.471 0.578
0.567 0.68
0.533 0.725
0.561 0.649
0.555 0.652
0.521 0.686
0.542 0.703
0.566 0.703
0.566 0.705
0.567 0.648
0.505 0.576
0.485 0.714
0.512 0.5
0.566 0.532
0.516 0.523
0.533 0.55
0.427 0.788
0.446 0.74
0.453 0.811
0.459 0.662
0.466 0.689
0.468 0.534
0.465 0.727
0.489 0.777
0.464 0.783
0.456 0.647
0.393 0.647
0.393 0.831
0.405 0.846
0.499 0.727
0.525 0.789
0.551 0.798
0.557 0.733
0.553 0.644
0.543 0.682
0.567 0.759
0.538 0.759
0.538 0.798
0.505 0.8
0.421 0.772
0.382 0.798
0.403 0.681
0.418 0.667
0.616 0.813
0.574 0.806
0.536 0.74
0.502 0.799
0.503 0.817
0.54 0.824
0.517 0.82
0.515 0.82
0.515 0.736
0.401 0.817
0.374 0.776
0.467 0.734
0.379 0.725
0.432 0.0
0.365 0.769
0.396 0.736
0.448 0.3
0.6 0.769
0.422 0.5
0.521 0.739
0.547 0.639
0.475 0.765
0.455 0.729
0.436 0.615
0.528 0.615
0.528 0.7
0.372 0.667
0.485 0.85
0.468 0.8
0.462 0.882
0.407 1.0
0.261 0.5
0.482 0.676
0.556 0.744
0.504 0.739
0.525 0.748
0.508 0.751
0.481 0.737
0.475 0.603
0.445 0.603
0.445 0.489
0.383 0.436
0.352 0.828
0.386 0.906
0.359 0.81
0.75 0.429
0.515 0.76
0.531 0.779
0.514 0.738
0.504 0.773
0.491 0.787
0.472 0.728
0.47 0.699
0.467 0.699
0.467 0.726
0.45 0.676
0.436 0.794
0.445 0.717
0.456 0.823
0.466 0.782
0.428 0.839
0.408 0.807
0.429 0.769
0.374 0.769
0.374 0.756
0.473 0.771
0.0 0.0
0.401 0.803
0.439 0.833
0.405 0.866
0.439 0.834
0.429 0.783
0.406 0.836
0.436 0.819
0.44 0.819
0.44 0.829
0.413 0.748
0.429 0.754
0.446 0.725
0.473 0.775
0.364 0.788
0.43 0.762
0.426 0.87
0.457 0.771
0.468 0.742
0.371 0.808
0.368 0.78
0.418 0.784
0.437 0.826
0.434 0.826
0.434 0.872
0.343 0.864
0.429 0.467
0.412 0.6
0.571 0.6
0.538 0.625
0.417 0.526
0.554 0.741
0.533 0.567
0.466 0.61
0.5 0.512
0.439 0.85
0.444 0.8
0.418 0.816
0.441 0.852
0.403 0.82
0.413 0.825
0.435 0.892
0.366 0.892
0.366 0.829
0.339 0.856
0.539 0.735
0.495 0.691
0.47 0.707
0.541 0.771
0.507 0.574
0.531 0.712
0.454 0.655
0.466 0.655
0.466 0.644
0.514 0.523
0.362 0.0
0.5 0.722
0.416 0.667
0.393 0.866
0.436 0.812
0.43 0.877
0.439 0.844
0.423 0.952
0.438 0.854
0.399 0.854
0.399 0.873
0.427 0.86
0.438 0.567
0.432 0.813
0.43 0.779
0.386 0.906
0.416 0.875
0.376 0.838
0.35 0.885
0.415 0.868
0.399 0.868
0.399 0.805
0.423 0.814
0.446 0.843
0.519 0.841
0.455 0.836
0.451 0.848
0.423 0.803
0.465 0.857
0.4 0.857
0.4 0.849
0.426 0.856
0.365 0.831
0.414 0.806
0.422 0.852
0.424 0.836
0.419 0.797
0.402 0.883
0.426 0.883
0.426 0.778
0.423 0.9
0.472 0.8
0.45 0.753
0.45 0.642
0.445 0.746
0.405 0.772
0.499 0.769
0.434 0.769
0.434 0.776
0.522 0.743
0.392 0.867
0.42 0.745
0.401 0.871
0.399 0.792
0.448 0.795
0.429 0.742
0.454 0.774
0.403 0.774
0.403 0.832
0.5 0.417
0.45 0.477
0.46 0.847
0.445 0.831
0.393 0.736
0.452 0.624
0.435 0.805
0.462 0.748
0.443 0.76
0.505 0.774
0.501 0.774
0.501 0.727
0.477 0.79
0.425 0.867
0.378 0.863
0.37 0.698
0.448 0.818
0.423 0.862
0.414 0.871
0.414 0.822
0.53 0.67
0.581 0.748
0.527 0.748
0.482 0.848
0.494 0.768
0.473 0.795
0.494 0.795
0.494 0.829
0.464 0.837
0.667 0.565
0.456 0.742
0.449 0.825
0.45 0.754
0.45 0.842
0.402 0.785
0.436 0.805
0.411 0.805
0.411 0.888
0.418 0.84
0.326 0.643
0.441 0.662
0.404 0.8
0.484 0.737
0.387 0.652
0.517 0.692
0.542 0.519
0.49 0.567
0.471 0.754
0.495 0.745
0.461 0.711
0.497 0.741
0.448 0.77
0.439 0.824
0.446 0.824
0.446 0.807
0.443 0.813
0.515 0.681
0.554 0.673
0.458 0.642
0.467 0.679
0.562 0.517
0.508 0.577
0.475 0.577
0.475 0.447
0.403 0.772
0.478 0.863
0.453 0.778
0.442 0.817
0.443 0.807
0.442 0.79
0.477 0.79
0.477 0.76
0.441 0.801
0.55 0.75
0.43 0.667
0.3 0.612
0.25 0.684
0.633 0.375
0.605 0.452
0.686 0.525
0.632 0.386
0.643 0.428
0.676 0.397
0.71 0.397
0.71 0.43
0.703 0.482
0.508 0.6
0.468 0.558
0.453 0.6
0.599 0.558
0.581 0.645
0.495 0.647
0.508 0.647
0.508 0.548
0.532 0.613
0.45 0.869
0.436 0.792
0.439 0.826
0.433 0.861
0.464 0.884
0.48 0.86
0.448 0.86
0.448 0.839
0.454 0.867
0.531 0.817
0.499 0.787
0.492 0.625
0.494 0.758
0.521 0.817
0.563 0.814
0.513 0.814
0.513 0.787
0.511 0.81
0.518 0.704
0.588 0.74
0.501 0.714
0.461 0.778
0.534 0.818
0.551 0.772
0.535 0.772
0.535 0.795
0.539 0.721
0.459 0.815
0.45 0.85
0.47 0.824
0.448 0.704
0.352 0.821
0.457 0.804
0.434 0.804
0.434 0.822
0.419 0.871
0.364 0.8
0.368 0.7
0.39 0.579
0.44 0.714
0.381 0.738
0.42 0.0
0.283 0.0
0.438 0.809
0.458 0.756
0.407 0.773
0.408 0.82
0.449 0.864
0.407 0.827
0.422 0.827
0.422 0.775
0.462 0.699
0.48 0.707
0.463 0.641
0.51 0.571
0.401 0.687
0.451 0.589
0.395 0.589
0.395 0.526
0.454 0.678
0.494 0.638
0.508 0.583
0.55 0.461
0.556 0.591
0.575 1.0
0.447 0.667
0.532 0.667
0.532 0.5
0.575 0.505
0.478 0.886
0.468 0.897
0.45 0.933
0.413 0.909
0.441 0.828
0.458 0.888
0.463 0.888
0.463 0.744
0.408 0.919
0.564 0.766
0.462 0.801
0.443 0.674
0.466 0.762
0.47 0.689
0.491 0.754
0.475 0.766
0.489 0.858
0.445 0.812
0.423 0.629
0.423 0.755
0.421 0.793
0.501 0.667
0.667 0.6
0.333 0.455
0.204 0.455
0.204 0.643
0.427 0.722
0.502 0.745
0.477 0.753
0.495 0.771
0.453 0.771
0.445 0.821
0.441 0.843
0.492 0.843
0.492 0.825
0.432 0.876
0.497 0.715
0.472 0.605
0.507 0.602
0.535 0.694
0.502 0.579
0.506 0.622
0.47 0.622
0.47 0.704
0.292 0.769
0.43 0.802
0.45 0.745
0.39 0.863
0.38 0.805
0.42 0.783
0.41 0.783
0.41 0.617
0.386 0.744
0.38 0.818
0.621 0.796
0.517 0.705
0.441 0.85
0.459 0.833
0.364 0.875
0.32 0.688
0.515 0.766
0.398 0.78
0.418 0.842
0.442 0.823
0.457 0.8
0.438 0.826
0.437 0.835
0.426 0.835
0.426 0.812
0.454 0.845
0.52 0.9
0.61 0.719
0.507 0.705
0.493 0.556
0.522 0.0
0.417 0.711
0.393 0.75
0.432 0.636
0.518 0.767
0.422 0.841
0.422 0.789
0.556 0.657
0.501 0.613
0.534 0.629
0.524 0.636
0.534 0.667
0.456 0.667
0.456 0.385
0.534 0.678
0.511 0.467
0.463 0.533
0.565 0.667
0.441 0.855
0.425 0.771
0.442 0.762
0.414 0.821
0.394 0.827
0.433 0.827
0.433 0.696
0.396 1.0
0.333 0.875
0.41 0.765
0.46 0.773
0.47 0.702
0.487 0.702
0.487 0.6
0.389 0.761
0.446 0.673
0.412 0.685
0.403 0.537
0.394 0.68
0.422 0.733
0.489 0.733
0.489 0.648
0.481 0.586
0.371 0.574
0.43 0.724
0.367 0.697
0.44 0.647
0.372 0.25
0.367 0.25
0.477 0.871
0.457 0.83
0.44 0.88
0.471 0.857
0.467 0.788
0.473 0.788
0.473 0.858
0.486 0.86
0.495 0.726
0.462 0.652
0.516 0.65
0.468 0.567
0.464 0.617
0.457 0.617
0.457 0.695
0.451 0.593
0.462 0.934
0.48 0.809
0.49 0.9
0.451 0.885
0.471 0.914
0.487 0.914
0.487 0.908
0.504 0.898
0.464 0.759
0.41 0.814
0.322 0.765
0.433 0.6
0.353 0.833
0.355 0.833
0.498 0.813
0.467 0.81
0.422 0.831
0.445 0.824
0.429 0.832
0.413 0.832
0.413 0.85
0.446 0.842
0.458 0.794
0.416 0.846
0.324 0.905
0.403 0.735
0.384 0.615
0.373 0.615
0.373 0.848
0.411 0.828
0.424 0.792
0.403 0.8
0.404 0.907
0.427 0.909
0.437 0.813
0.412 0.813
0.412 0.857
0.389 0.86
0.458 0.771
0.409 0.779
0.453 0.775
0.478 0.771
0.436 0.694
0.447 0.694
0.447 0.796
0.433 0.75
0.417 0.762
0.365 0.744
0.463 0.5
0.4 0.615
0.475 0.783
0.458 0.788
0.412 0.795
0.41 0.705
0.415 0.701
0.468 0.701
0.468 0.667
0.518 0.556
0.494 0.676
0.466 0.622
0.495 0.679
0.485 0.751
0.479 0.717
0.502 0.717
0.502 0.692
0.526 0.715
0.385 0.0
0.486 0.79
0.442 0.848
0.448 0.794
0.432 0.874
0.436 0.874
0.436 0.739
0.376 0.844
0.36 0.779
0.465 0.813
0.405 0.72
0.432 0.681
0.474 0.698
0.521 0.698
0.521 0.585
0.403 0.843
0.436 0.846
0.491 0.851
0.438 0.866
0.456 0.868
0.44 0.868
0.44 0.86
0.439 0.847
0.356 0.785
0.454 0.76
0.459 0.824
0.447 0.761
0.433 0.848
0.437 0.848
0.437 0.767
0.439 0.806
0.493 0.706
0.491 0.638
0.497 0.656
0.497 0.685
0.549 0.738
0.459 0.738
0.459 0.712
0.506 1.0
0.442 0.823
0.446 0.783
0.432 0.752
0.431 0.81
0.447 0.855
0.446 0.855
0.446 0.843
0.439 0.708
0.396 0.5
0.25 0.829
0.543 0.75
0.543 0.661
0.535 0.749
0.573 0.784
0.536 0.836
0.476 0.836
0.476 0.752
0.479 0.856
0.414 0.652
0.371 0.809
0.39 0.808
0.418 0.819
0.399 0.751
0.373 0.839
0.401 0.839
0.401 0.731
0.368 0.75
0.452 0.662
0.456 0.704
0.45 0.597
0.413 0.844
0.464 0.657
0.589 0.657
0.589 0.574
0.475 0.707
0.515 0.764
0.503 0.824
0.488 0.756
0.461 0.798
0.431 0.73
0.436 0.73
0.436 0.686
0.393 0.797
0.483 0.844
0.449 0.86
0.412 0.797
0.436 0.837
0.441 0.752
0.448 0.752
0.448 0.863
0.388 0.816
0.418 0.729
0.402 1.0
0.359 0.726
0.377 0.545
0.388 0.894
0.425 0.906
0.409 0.896
0.387 0.857
0.463 0.906
0.416 0.906
0.416 1.0
0.35 0.878
0.417 0.766
0.412 1.0
0.485 0.842
0.469 0.89
0.464 0.825
0.368 0.5
0.321 0.821
0.425 0.646
0.385 0.5
0.41 0.667
0.356 0.8
0.339 0.79
0.39 0.0
0.413 0.667
0.372 0.667
0.354 0.45
0.406 0.778
0.431 0.0
0.378 0.75
0.396 0.794
0.438 0.757
0.476 0.881
0.451 0.846
0.438 0.862
0.46 0.862
0.46 0.837
0.439 0.867
0.436 0.412
0.588 0.543
0.425 0.65
0.524 0.604
0.604 0.2
0.451 0.788
0.434 0.865
0.438 0.881
0.429 0.804
0.394 0.821
0.406 0.821
0.406 0.848
0.399 0.852
0.495 0.746
0.469 0.725
0.416 0.476
0.432 0.0
0.556 1.0
0.385 1.0
0.401 0.667
0.374 0.587
0.429 0.429
0.451 0.767
0.472 0.731
0.354 0.535
0.426 0.583
0.438 0.65
0.429 0.639
0.52 0.579
0.432 0.579
0.2 0.875
0.533 0.929
0.524 0.6
0.55 0.867
0.541 0.781
0.478 0.781
0.478 0.714
0.596 0.682
0.394 0.754
0.411 0.737
0.475 0.664
0.474 0.712
0.412 0.712
0.412 0.737
0.416 0.706
0.383 0.75
0.379 0.857
0.413 0.726
0.553 0.456
0.506 0.562
0.541 0.619
0.532 0.582
0.517 0.582
0.517 0.545
0.533 0.59
0.273 0.85
0.41 0.769
0.368 0.778
0.39 0.684
0.479 0.684
0.479 0.78
0.422 0.733
0.424 0.636
0.389 0.791
0.445 0.772
0.477 0.8
0.447 0.8
0.447 0.802
0.453 0.847
0.549 0.602
0.531 0.556
0.491 0.618
0.551 0.581
0.487 0.581
0.487 0.67
0.49 0.673
0.25 0.5
0.343 0.795
0.498 0.755
0.402 0.804
0.438 0.79
0.429 0.79
0.429 0.78
0.447 0.731
0.43 0.702
0.448 0.738
0.465 0.726
0.496 0.782
0.467 0.782
0.467 0.718
0.451 0.772
0.384 0.793
0.4 0.811
0.415 0.864
0.576 0.67
0.513 0.617
0.539 0.528
0.534 0.487
0.601 0.487
0.601 0.559
0.611 0.617
0.412 0.657
0.416 0.786
0.559 0.512
0.661 0.5
0.643 0.636
0.614 0.68
0.527 0.828
0.552 0.828
0.552 0.714
0.425 0.5
0.517 0.649
0.499 0.688
0.482 0.669
0.522 0.669
0.525 0.669
0.525 0.709
0.515 0.615
0.497 0.562
0.46 0.642
0.457 0.636
0.403 0.833
0.488 0.833
0.454 0.725
0.453 0.802
0.44 0.807
0.419 0.864
0.424 0.727
0.367 0.727
0.367 0.86
0.418 0.898
0.506 0.521
0.549 0.66
0.538 0.715
0.528 0.728
0.502 0.728
0.502 0.727
0.499 0.76
0.383 0.75
0.374 0.695
0.485 0.832
0.456 0.827
0.435 0.816
0.413 0.812
0.445 0.812
0.445 0.824
0.433 0.844
0.357 0.583
0.342 1.0
0.406 0.612
0.395 0.63
0.41 0.655
0.417 0.583
0.231 0.583
0.447 0.667
0.371 0.0
0.0 1.0
0.455 1.0
0.429 0.789
0.488 0.618
0.64 0.86
0.397 0.875
0.403 0.875
0.403 0.81
0.397 0.706
0.398 0.771
0.407 0.792
0.425 0.804
0.414 0.804
0.414 0.652
0.404 0.647
0.311 0.784
0.397 0.66
0.389 0.798
0.446 0.785
0.441 0.823
0.446 0.795
0.424 0.795
0.424 0.815
0.412 0.816
0.551 0.739
0.521 0.689
0.486 0.657
0.497 0.75
0.496 0.75
0.496 0.74
0.522 0.741
0.474 0.684
0.526 0.769
0.506 0.754
0.523 0.718
0.555 0.718
0.555 0.716
0.565 0.808
0.8 0.0
0.451 0.781
0.436 0.865
0.412 0.895
0.41 0.867
0.374 0.867
0.374 0.855
0.465 1.0
0.469 0.75
0.558 0.702
0.44 0.762
0.512 0.704
0.46 0.788
0.449 0.788
0.449 0.853
0.414 0.717
0.517 0.743
0.564 0.744
0.52 0.747
0.541 0.837
0.424 0.837
0.424 0.8
0.333 0.643
0.468 0.0
0.364 0.0
0.406 0.623
0.452 0.787
0.428 0.808
0.392 0.74
0.421 0.74
0.456 0.701
0.455 0.583
0.433 0.474
0.457 0.618
0.506 0.473
0.469 0.5
0.5 0.5
0.449 0.671
0.531 0.693
0.461 0.871
0.505 0.707
0.513 0.707
0.513 0.826
0.41 0.636
0.374 0.7
0.383 0.429
0.352 0.564
0.423 0.596
0.39 0.596
0.39 0.693
0.411 0.706
0.529 0.691
0.618 0.73
0.56 0.699
0.523 0.75
0.558 0.75
0.558 0.813
0.523 0.818
0.333 0.471
0.376 0.652
0.46 0.711
0.491 0.627
0.376 0.627
0.376 0.784
0.481 0.615
0.425 0.676
0.446 0.74
0.419 0.813
0.425 0.752
0.429 0.752
0.429 0.827
0.456 0.825
0.437 0.754
0.431 0.748
0.435 0.638
0.399 0.778
0.458 0.778
0.424 0.579
0.408 0.821
0.43 0.805
0.433 0.88
0.421 0.758
0.408 0.758
0.408 0.846
0.326 0.667
0.409 0.789
0.423 0.804
0.441 0.805
0.433 0.785
0.445 0.785
0.445 0.791
0.424 0.801
0.0 0.417
0.473 0.717
0.454 0.66
0.447 0.702
0.472 0.702
0.472 0.63
0.516 0.697
0.536 0.4
0.551 0.4
0.464 0.521
0.451 0.517
0.611 0.583
0.543 0.583
0.543 0.628
0.542 0.534
0.428 0.734
0.463 0.727
0.429 0.713
0.42 0.748
0.457 0.822
0.403 0.822
0.403 0.752
0.41 0.769
0.405 0.803
0.467 0.769
0.397 0.834
0.462 0.834
0.462 0.832
0.454 0.865
0.393 0.65
0.421 0.779
0.414 0.716
0.412 0.716
0.412 0.8
0.405 0.8
0.357 0.0
0.586 0.613
0.552 0.65
0.545 0.691
0.507 0.691
0.507 0.613
0.558 0.693
0.386 0.859
0.421 0.905
0.471 0.956
0.38 0.956
0.38 0.8
0.391 0.0
0.432 0.5
0.418 0.784
0.391 0.0
0.4 0.0
0.4 0.667
0.423 0.5
0.444 0.714
0.349 0.7
0.467 0.752
0.455 0.807
0.464 0.788
0.466 0.788
0.466 0.831
0.469 0.841
0.325 0.5
0.333 1.0
0.469 0.855
0.452 0.861
0.43 0.863
0.468 0.863
0.468 0.885
0.448 0.905
0.321 0.839
0.458 0.893
0.44 0.83
0.434 0.83
0.434 0.864
0.434 0.868
0.447 0.545
0.513 0.618
0.314 0.857
0.464 0.823
0.475 0.734
0.504 0.734
0.504 0.764
0.439 0.77
0.496 0.795
0.544 0.73
0.491 0.782
0.519 0.782
0.519 0.797
0.576 0.786
0.415 0.733
0.407 0.802
0.422 0.874
0.422 0.874
0.422 0.852
0.415 0.857
0.39 0.6
0.493 0.825
0.494 0.802
0.522 0.802
0.479 0.802
0.479 0.874
0.506 0.88
0.508 0.462
0.481 0.787
0.492 0.627
0.443 0.627
0.443 0.762
0.481 0.867
0.48 0.5
0.447 0.0
0.4 0.563
0.46 0.865
0.417 0.806
0.401 0.806
0.401 0.738
0.439 0.688
0.381 0.797
0.396 0.765
0.428 0.6
0.446 0.6
0.446 0.629
0.481 0.77
0.429 0.649
0.388 0.654
0.406 0.444
0.34 0.444
0.296 0.564
0.422 0.761
0.442 0.628
0.434 0.628
0.434 0.749
0.434 0.784
0.399 0.732
0.407 0.792
0.486 0.763
0.465 0.763
0.465 0.735
0.425 0.837
0.567 0.529
0.462 0.767
0.333 0.677
0.452 0.729
0.486 0.742
0.472 0.72
0.462 0.72
0.462 0.684
0.492 0.814
0.357 0.799
0.36 0.802
0.381 0.803
0.356 0.803
0.356 0.847
0.374 0.891
0.347 0.636
0.401 0.766
0.396 0.746
0.378 0.672
0.41 0.672
0.41 0.784
0.374 0.789
0.372 0.571
0.382 0.72
0.399 0.8
0.346 0.6
0.376 0.779
0.408 0.779
0.408 0.75
0.636 0.623
0.62 0.4
0.643 0.513
0.612 0.513
0.612 0.412
0.372 0.714
0.545 0.768
0.457 0.594
0.574 0.5
0.75 0.5
0.419 0.75
1.0 0.667
0.448 0.882
0.44 0.85
0.453 0.868
0.42 0.868
0.42 0.871
0.428 0.909
0.452 0.729
0.5 0.5
0.222 0.727
0.412 0.727
0.412 0.857
0.442 0.843
0.0 0.625
0.5 0.0
0.438 0.692
0.45 0.692
0.443 0.841
0.422 0.795
0.444 0.879
0.463 0.879
0.463 0.873
0.47 0.853
0.439 0.608
0.488 0.693
0.477 0.641
0.547 0.641
0.547 0.616
0.588 0.498
0.421 0.667
0.375 0.542
0.537 0.308
0.5 0.339
0.45 0.683
0.519 0.766
0.507 0.752
0.523 0.752
0.523 0.753
0.51 0.669
0.366 0.798
0.423 0.837
0.393 0.827
0.385 0.827
0.385 0.847
0.427 0.847
0.412 0.706
0.43 0.718
0.427 0.684
0.447 0.684
0.447 0.758
0.45 0.652
0.511 0.0
0.5 0.4
0.56 0.66
0.468 0.784
0.459 0.784
0.459 0.735
0.556 0.75
0.439 0.718
0.399 0.72
0.482 0.72
0.482 0.761
0.466 0.861
0.382 0.813
0.417 0.787
0.425 0.787
0.425 0.806
0.432 0.753
0.5 0.905
0.436 0.865
0.566 0.865
0.566 0.764
0.505 0.84
0.371 0.606
0.429 0.6
0.426 0.6
0.426 0.815
0.441 0.708
0.41 0.788
0.419 0.783
0.427 0.783
0.427 0.767
0.449 0.825
0.418 0.814
0.414 0.75
0.383 0.75
0.383 0.682
0.434 0.768
0.392 0.909
0.405 0.0
0.45 0.0
0.479 0.714
0.47 0.733
0.361 0.733
0.361 0.857
0.384 0.754
0.439 0.773
0.42 0.773
0.42 0.82
0.443 0.811
0.429 0.813
0.286 0.538
0.364 0.538
0.364 0.655
0.516 0.791
0.519 0.805
0.535 0.805
0.535 0.758
0.493 0.802
0.436 0.886
0.608 0.418
0.623 0.389
0.514 0.389
0.514 0.355
0.521 0.386
0.493 0.756
0.419 0.728
0.44 0.728
0.44 0.836
0.462 0.805
0.408 0.69
0.475 0.84
0.49 0.84
0.327 0.833
0.327 0.667
0.407 0.66
0.443 0.66
0.443 0.696
0.49 0.709
0.461 0.594
0.464 0.537
0.399 0.537
0.399 0.622
0.474 0.621
0.482 0.514
0.538 0.569
0.566 0.569
0.566 0.59
0.564 0.692
0.515 0.545
0.478 0.87
0.444 0.87
0.446 1.0
0.381 0.842
0.495 0.842
0.495 0.833
0.444 1.0
0.4 0.731
0.0 0.0
0.394 0.667
0.459 0.649
0.397 0.649
0.457 0.605
0.542 0.606
0.528 0.606
0.528 0.664
0.452 0.606
0.458 0.614
0.473 0.701
0.465 0.701
0.465 0.69
0.541 0.784
0.717 0.5
0.368 0.806
0.353 0.797
0.432 0.891
0.416 0.891
0.416 0.727
0.451 0.853
0.545 0.762
0.451 0.938
0.51 0.938
0.51 0.761
0.448 0.875
0.429 0.871
0.424 0.864
0.434 0.864
0.434 0.892
0.419 0.895
0.371 0.528
0.406 0.889
0.455 0.889
0.455 0.692
0.44 0.861
0.44 0.859
0.467 0.859
0.467 0.888
0.444 0.88
0.407 0.806
0.44 0.0
0.143 0.0
0.333 0.709
0.367 0.727
0.237 0.727
0.455 0.604
0.443 0.602
0.504 0.602
0.504 0.642
0.439 0.51
0.582 0.8
0.527 0.825
0.429 0.6
0.437 0.6
0.437 0.785
0.471 0.643
0.513 0.687
0.501 0.772
0.492 0.772
0.492 0.767
0.476 0.771
0.238 0.561
0.517 0.478
0.535 0.478
0.535 0.576
0.601 0.641
0.455 0.917
0.461 0.854
0.399 0.854
0.399 0.875
0.372 0.636
0.405 0.675
0.409 0.675
0.409 0.681
0.438 0.691
0.417 0.94
0.42 0.892
0.389 0.892
0.389 0.894
0.448 0.846
0.43 0.564
0.481 0.528
0.485 0.528
0.485 0.431
0.447 0.47
0.407 0.837
0.423 0.786
0.41 0.786
0.41 0.79
0.431 0.831
0.375 0.681
0.477 0.671
0.412 0.671
0.412 0.658
0.476 0.78
0.479 0.792
0.444 0.792
0.444 0.794
0.468 0.875
0.435 0.375
0.372 0.756
0.321 0.807
0.397 0.807
0.667 0.744
0.474 0.774
0.474 0.774
0.474 0.833
0.428 0.826
0.447 0.769
0.386 0.769
0.386 0.659
0.389 0.765
0.493 0.778
0.427 0.744
0.439 0.744
0.439 0.64
0.435 0.5
0.431 0.553
0.376 0.634
0.395 0.634
0.368 0.8
0.381 0.743
0.384 0.71
0.418 0.717
0.382 0.717
0.382 0.774
0.427 0.778
0.557 0.762
0.531 0.786
0.572 0.786
0.572 0.761
0.565 0.811
0.429 0.519
0.412 0.685
0.433 0.68
0.396 0.68
0.396 0.713
0.399 0.646
0.295 0.0
0.384 0.641
0.427 0.667
0.403 0.667
0.403 0.541
0.438 0.719
0.538 0.823
0.549 0.823
0.549 0.815
0.476 0.564
0.503 0.502
0.544 0.502
0.544 0.582
0.613 0.611
0.414 0.741
0.491 0.741
0.491 0.724
0.506 0.77
0.418 0.715
0.365 0.715
0.387 0.809
0.42 0.809
0.42 0.771
0.446 0.863
0.356 0.641
0.421 0.641
0.421 0.9
0.296 0.722
0.5 0.4
0.3 0.4
0.302 0.632
0.426 0.632
0.426 0.75
0.355 0.667
0.343 0.667
0.343 0.933
0.439 0.714
0.38 0.752
0.368 0.752
0.368 0.817
0.413 0.759
0.313 0.9
0.45 0.9
0.457 0.533
0.421 0.533
0.396 0.696
0.401 0.696
0.401 0.811
0.42 0.832
0.356 0.817
0.386 0.817
0.386 0.833
0.36 0.909
0.405 0.694
0.396 0.694
0.396 0.654
0.452 0.753
0.388 1.0
0.345 1.0
0.345 0.824
0.441 0.759
0.429 0.82
0.396 0.82
0.396 0.791
0.385 0.822
0.364 0.75
0.412 0.75
0.412 0.867
0.459 0.847
0.333 0.0
0.0 0.0
0.0 0.833
0.455 0.85
0.484 0.846
0.37 0.846
0.37 0.556
0.476 0.796
0.351 1.0
0.483 1.0
0.422 0.649
0.401 0.649
0.458 0.531
0.562 0.531
0.562 0.75
0.559 0.699
0.412 0.763
0.362 0.763
0.362 0.864
0.405 0.854
0.498 0.783
0.506 0.783
0.506 0.827
0.532 0.814
0.41 0.0
0.5 0.0
0.486 0.623
0.604 0.623
0.604 0.569
0.559 0.653
0.455 0.735
0.393 0.735
0.393 0.674
0.417 0.786
0.463 0.692
0.537 0.692
0.537 0.909
0.45 0.83
0.478 0.83
0.425 0.824
0.396 0.824
0.396 0.857
0.447 0.805
0.379 0.828
0.459 0.828
0.343 0.763
0.403 0.763
0.403 0.929
0.423 0.832
0.337 0.832
0.337 0.685
0.369 0.833
0.385 1.0
0.667 1.0
0.38 0.782
0.433 0.782
0.433 0.776
0.353 0.727
0.333 0.727
0.423 0.702
0.507 0.702
0.507 0.728
0.423 0.721
0.326 1.0
0.404 1.0
0.377 0.679
0.438 0.679
0.438 0.8
0.416 0.699
0.436 0.699
0.436 0.827
0.448 0.912
0.376 0.813
0.437 0.813
0.437 0.718
0.429 0.753
0.349 0.0
0.15 0.0
0.46 0.717
0.489 0.717
0.489 0.764
0.465 0.774
0.434 1.0
0.4 1.0
0.425 0.88
0.55 0.88
0.55 0.795
0.5 0.766
0.419 0.819
0.436 0.819
0.436 0.83
0.438 0.753
0.466 0.684
0.475 0.684
0.475 0.75
0.455 0.732
0.2 0.375
0.857 0.375
0.659 0.495
0.573 0.495
0.573 0.642
0.516 0.58
0.363 0.734
0.45 0.734
0.45 0.754
0.473 0.832
0.308 0.673
0.368 0.673
0.368 0.52
0.54 1.0
0.375 1.0
0.485 0.479
0.458 0.479
0.458 0.611
0.496 0.423
0.383 0.827
0.427 0.827
0.427 0.791
0.421 0.855
0.384 0.8
0.429 0.8
0.429 0.909
0.372 0.81
0.46 0.708
0.413 0.708
0.413 0.719
0.397 0.655
0.535 0.68
0.5 0.68
0.5 0.729
0.537 0.75
0.437 0.333
0.351 0.333
0.426 0.774
0.461 0.774
0.461 0.754
0.529 0.679
0.407 0.609
0.407 0.6
0.513 0.481
0.348 0.643
0.348 0.747
0.468 0.789
0.214 0.8
0.214 0.875
0.0 0.0
0.5 0.0
0.575 0.551
0.575 0.422
0.548 0.752
0.453 0.821
0.453 0.833
0.433 0.893
0.412 0.753
0.362 0.825
0.362 0.755
0.333 0.0
0.333 0.0
0.083 0.0
0.483 0.174
0.483 0.379
0.582 0.531
0.263 0.5
0.25 0.0
0.448 0.829
0.448 0.804
0.433 0.798
0.409 0.429
0.42 0.833
0.42 0.0
0.167 0.0
0.302 0.912
0.302 0.576
0.352 0.792
0.367 0.6
0.345 0.667
0.355 0.75
0.355 0.75
0.409 0.84
0.409 0.735
0.478 0.782
0.361 0.714
0.361 0.735
0.449 0.84
0.349 0.625
0.344 0.476
0.344 0.716
0.419 0.76
0.399 0.808
0.399 0.754
0.393 0.797
0.447 0.721
0.447 0.668
0.473 0.719
0.421 0.5
0.352 0.591
0.352 0.658
0.419 0.612
0.377 0.833
0.377 1.0
0.574 0.8
0.574 0.752
0.465 0.802
0.323 0.861
0.323 0.781
0.304 0.745
0.304 0.82
0.469 0.776
0.4 0.6
0.4 0.0
0.25 0.714
0.414 0.763
0.414 0.86
0.42 0.783
0.415 0.75
0.415 0.722
0.426 0.735
0.449 0.574
0.449 0.667
0.269 1.0
0.347 0.68
0.419 0.681
0.419 0.797
0.486 0.768
0.35 1.0
0.35 0.896
0.456 0.843
0.25 1.0
0.404 0.643
0.404 0.899
0.513 0.63
0.422 0.842
0.422 0.793
0.452 0.836
0.0 0.0
0.318 0.313
0.318 0.417
0.545 0.56
0.545 0.531
0.536 0.5
0.396 0.752
0.396 0.8
0.403 0.842
0.402 0.667
0.402 0.857
0.452 0.845
0.533 0.625
0.533 0.4
0.273 1.0
0.34 0.674
0.34 0.722
0.282 0.5
0.405 0.803
0.405 0.807
0.407 0.773
1.0 0.0
1.0 0.5
0.382 0.786
0.382 0.733
0.338 0.776
0.462 0.609
0.462 0.59
0.521 0.694
0.25 0.5
0.25 0.533
0.636 0.657
0.446 0.636
0.446 0.616
0.417 0.571
0.367 0.444
0.367 0.675
0.411 0.833
0.35 0.722
0.35 0.643
0.49 0.697
0.49 0.768
0.493 0.743
0.414 0.652
0.414 0.654
0.366 0.737
0.425 0.551
0.425 0.589
0.436 0.692
0.463 0.758
0.463 0.739
0.493 0.759
0.333 0.0
0.333 0.715
0.429 0.723
0.452 0.696
0.452 1.0
0.403 0.0
0.422 0.67
0.422 0.656
0.367 0.646
0.367 0.777
0.348 0.812
0.32 0.923
0.32 0.615
0.365 0.859
0.365 0.771
0.385 0.813
0.333 0.5
0.568 0.536
0.568 0.5
0.6 0.5
0.395 0.692
0.395 0.745
0.421 0.638
0.528 0.737
0.528 0.703
0.501 0.773
0.0 0.0
0.402 0.769
0.452 0.783
0.452 0.5
0.437 0.76
0.437 0.761
0.459 0.76
0.421 1.0
0.421 0.75
0.394 1.0
0.353 0.552
0.353 0.25
0.306 0.667
0.381 0.81
0.425 0.825
0.406 0.791
0.468 0.738
0.423 0.832
0.31 0.0
0.563 0.669
1.0 0.724
0.265 0.778
0.0 0.559
0.308 0.889
0.556 0.645
0.394 0.89
0.644 0.628
0.263 0.5
0.433 0.8
0.397 0.75
0.457 0.751
0.514 0.699
0.422 0.529
0.417 0.0
0.367 0.0
0.375 0.679
0.512 0.825
0.359 0.767
0.41 0.756
0.571 0.618
0.438 0.722
0.603 0.81
0.466 0.8
0.47 0.811
0.404 0.6
0.436 0.794
0.628 0.59
0.364 0.571
0.364 0.784
0.527 0.738
0.431 0.889
0.508 0.671
0.427 0.758
0.35 0.667
0.41 0.625
0.427 0.661
0.421 0.786
0.424 0.792
0.571 0.557
0.452 0.779
0.274 0.773
0.41 0.782
0.504 0.75
0.579 0.0
0.357 0.0
0.542 0.832
0.498 0.809
0.305 0.4
0.359 0.688
0.417 0.625
0.422 0.617
0.415 0.733
0.45 0.764
0.367 0.733
