0.387 9.8
0.374 12.4
0.472 19.8
0.461 19.9
0.478 19.9
0.475 18.7
0.503 17.2
0.525 13.1
0.474 5.5
0.417 13.6
0.47 9.3
0.48 21.6
0.462 21.3
0.439 21.7
0.44 20.9
0.428 22.2
0.454 21.6
0.438 16.4
0.445 17.3
0.48 15.2
0.477 16.4
0.491 14.8
0.458 14.7
0.449 12.8
0.357 13.9
0.346 14.4
0.415 13.7
0.376 16.5
0.414 12.6
0.379 12.9
0.375 13.2
0.394 13.8
0.385 8.2
0.4 5.4
0.325 3.1
0.416 15.5
0.404 16.9
0.427 15.1
0.376 11.7
0.389 10.8
0.356 13.7
0.429 10.0
0.388 13.6
0.436 13.6
0.427 11.1
0.441 10.1
0.246 4.9
0.446 8.0
0.399 13.4
0.462 10.1
0.422 9.0
0.452 6.2
0.383 12.6
0.412 16.7
0.419 14.6
0.409 15.6
0.395 11.0
0.321 7.3
0.336 15.1
0.414 8.7
0.399 14.5
0.466 10.1
0.361 12.1
0.397 13.4
0.426 12.9
0.394 17.4
0.434 8.9
0.344 6.2
0.301 8.3
0.477 11.5
0.427 9.3
0.411 10.0
0.412 9.8
0.407 7.6
0.356 7.8
0.382 5.4
0.262 8.6
0.404 7.1
0.422 14.1
0.485 10.6
0.478 14.8
0.481 1.4
0.31 11.2
0.364 9.8
0.444 10.5
0.494 19.3
0.508 15.8
0.458 18.3
0.504 14.0
0.423 14.8
0.452 16.6
0.475 16.7
0.481 9.2
0.404 17.7
0.489 17.9
0.45 14.6
0.404 13.4
0.438 8.5
0.537 14.5
0.541 15.2
0.539 11.9
0.443 8.6
0.46 12.2
0.507 9.8
0.286 8.6
0.429 7.9
0.441 12.7
0.409 12.2
0.454 12.9
0.457 12.0
0.432 10.5
0.421 10.7
0.437 13.8
0.459 8.2
0.409 8.3
0.355 10.6
0.43 13.3
0.441 15.7
0.472 5.8
0.4 26.4
0.44 14.3
0.44 11.2
0.396 10.1
0.372 11.9
0.454 14.9
0.453 17.6
0.47 19.3
0.45 19.2
0.443 17.9
0.432 16.0
0.404 14.5
0.411 16.3
0.435 12.7
0.416 10.9
0.431 7.8
0.422 17.6
0.423 20.4
0.421 18.6
0.394 19.0
0.442 23.4
0.418 21.3
0.427 23.6
0.448 18.8
0.418 20.2
0.418 18.7
0.427 16.1
0.364 15.0
0.402 5.3
0.396 9.2
0.442 10.2
0.458 9.6
0.485 11.9
0.505 9.3
0.421 10.6
0.432 16.0
0.566 12.5
0.529 12.1
0.508 12.7
0.509 11.4
0.462 8.7
0.476 11.9
0.427 9.9
0.437 13.6
0.466 11.9
0.454 8.9
0.426 9.6
0.47 7.1
0.333 11.4
0.465 9.4
0.363 8.2
0.389 9.1
0.466 8.2
0.42 9.5
0.42 9.1
0.433 7.1
0.405 7.0
0.407 5.4
0.556 11.4
0.479 12.7
0.492 9.9
0.34 7.7
0.423 4.0
0.0 16.4
0.397 13.9
0.4 17.6
0.429 16.2
0.419 17.1
0.413 15.7
0.41 16.2
0.42 10.0
0.49 14.6
0.479 18.3
0.536 15.6
0.473 11.0
0.476 23.6
0.527 21.7
0.502 23.2
0.493 22.4
0.503 26.5
0.527 23.1
0.533 18.0
0.456 14.6
0.447 15.7
0.48 18.5
0.512 18.0
0.494 15.2
0.473 14.0
0.539 9.4
0.442 9.4
0.442 11.4
0.451 21.2
0.421 10.1
0.364 -3.2
0.444 15.1
0.474 17.6
0.531 15.7
0.476 15.5
0.446 12.7
0.461 9.7
0.407 10.2
0.422 8.6
0.0 7.2
0.333 12.2
0.398 13.4
0.46 13.1
0.381 11.6
0.376 6.3
0.464 23.2
0.469 26.2
0.451 23.7
0.438 23.3
0.433 28.0
0.45 26.1
0.463 24.2
0.459 24.4
0.467 21.9
0.456 23.9
0.451 21.9
0.43 23.0
0.463 10.7
0.425 17.6
0.373 17.6
0.373 14.9
0.4 11.5
0.455 0.4
0.438 13.3
0.525 11.6
0.465 7.4
0.377 13.7
0.528 11.4
0.434 7.8
0.411 7.2
0.385 6.3
0.463 7.8
0.432 10.1
0.423 6.8
0.488 11.2
0.5 10.5
0.524 15.1
0.448 17.5
0.41 17.8
0.477 18.0
0.465 19.9
0.465 19.1
0.473 17.2
0.45 18.7
0.512 17.9
0.475 14.8
0.398 16.2
0.446 8.6
0.44 19.5
0.484 14.1
0.397 13.8
0.439 7.2
0.323 15.9
0.462 13.8
0.25 19.4
0.472 14.0
0.37 10.0
0.414 17.7
0.494 7.3
0.341 8.1
0.385 6.9
0.389 9.7
0.43 3.3
0.406 8.9
0.342 9.9
0.356 0.3
0.297 11.3
0.407 10.6
0.387 3.3
0.375 12.8
0.458 10.8
0.433 10.3
0.42 9.2
0.425 8.7
0.46 20.5
0.428 21.9
0.467 20.0
0.417 22.9
0.452 21.6
0.43 21.8
0.454 18.8
0.456 19.3
0.437 17.1
0.428 14.8
0.437 13.6
0.411 17.8
0.435 15.9
0.407 9.6
0.333 9.6
0.333 12.7
0.388 11.7
0.474 21.3
0.463 22.3
0.47 22.8
0.488 18.6
0.464 18.5
0.443 17.1
0.418 15.4
0.577 15.0
0.583 15.5
0.52 13.2
0.447 14.9
0.539 9.3
0.429 12.3
0.333 10.3
0.481 9.8
0.499 10.6
0.481 7.8
0.426 6.0
0.403 8.8
0.328 6.2
0.395 15.2
0.46 15.0
0.479 14.0
0.461 9.9
0.392 6.8
0.346 4.1
0.48 16.7
0.49 13.9
0.501 8.8
0.4 8.8
0.441 -3.7
0.261 6.8
0.304 9.1
0.357 9.1
0.38 16.2
0.45 15.4
0.448 11.6
0.413 1.2
0.381 8.8
0.384 6.7
0.333 1.8
0.38 11.1
0.432 15.0
0.472 14.6
0.479 11.0
0.452 11.5
0.467 28.8
0.615 15.8
0.352 15.3
0.476 15.4
0.413 15.9
0.386 15.2
0.398 15.5
0.416 14.5
0.4 16.0
0.41 15.1
0.41 18.4
0.449 14.2
0.421 15.7
0.384 16.8
0.438 17.3
0.416 16.6
0.396 16.6
0.396 14.0
0.404 12.0
0.394 14.3
0.413 16.1
0.411 14.4
0.388 13.5
0.378 15.2
0.463 10.9
0.351 13.2
0.445 14.2
0.338 14.5
0.471 7.6
0.344 11.8
0.424 12.0
0.455 6.2
0.453 5.7
0.402 3.6
0.388 5.1
0.401 11.3
0.435 15.8
0.496 20.1
0.535 15.2
0.55 13.9
0.493 14.9
0.626 15.3
0.643 15.7
0.65 14.0
0.624 9.7
0.584 5.5
0.468 13.4
0.44 13.3
0.452 19.7
0.47 18.0
0.438 13.7
0.418 15.0
0.442 13.7
0.459 12.1
0.433 14.8
0.426 14.5
0.407 11.8
0.403 11.1
0.461 8.3
0.427 18.2
0.417 16.9
0.416 20.7
0.395 20.8
0.387 18.3
0.389 21.0
0.439 19.8
0.426 14.5
0.37 17.4
0.406 17.0
0.417 10.0
0.497 16.6
0.51 14.5
0.541 12.9
0.473 13.4
0.479 9.9
0.375 13.2
0.418 6.5
0.354 8.0
0.453 10.7
0.448 8.8
0.392 -2.3
0.414 15.9
0.481 16.1
0.41 16.1
0.469 15.0
0.462 15.6
0.448 15.9
0.465 12.0
0.433 7.1
0.339 8.5
0.554 10.1
0.45 11.3
0.534 10.6
0.477 5.6
0.453 7.1
0.415 13.8
0.384 13.7
0.416 13.2
0.38 15.1
0.416 16.1
0.434 11.0
0.417 6.4
0.313 10.0
0.482 17.0
0.472 15.6
0.466 16.3
0.47 10.5
0.417 8.8
0.417 8.9
0.426 12.4
0.435 9.7
0.447 9.9
0.42 11.0
0.469 7.5
0.409 7.4
0.386 9.6
0.389 10.0
0.389 10.1
0.403 12.6
0.44 11.1
0.41 14.1
0.468 13.6
0.436 11.6
0.398 11.3
0.397 6.9
0.405 11.2
0.379 12.4
0.429 9.4
0.296 4.5
0.397 7.1
0.4 -1.7
0.499 27.0
0.508 26.9
0.513 27.1
0.501 27.0
0.496 23.1
0.484 26.1
0.546 24.4
0.497 24.4
0.504 24.7
0.518 21.9
0.5 22.5
0.492 24.4
0.502 21.3
0.49 22.6
0.512 22.6
0.512 16.9
0.393 8.5
0.337 14.1
0.417 12.4
0.368 9.3
0.398 9.2
0.395 11.0
0.464 9.1
0.418 11.0
0.46 9.9
0.42 7.4
0.43 14.4
0.475 11.2
0.429 5.1
0.458 17.6
0.463 17.6
0.425 17.8
0.443 14.3
0.427 12.7
0.412 13.7
0.412 11.4
0.414 11.4
0.437 9.0
0.412 14.0
0.411 11.9
0.437 11.5
0.352 13.4
0.393 14.8
0.41 11.4
0.382 13.8
0.436 12.1
0.424 9.3
0.38 8.9
0.389 8.0
0.371 7.7
0.342 10.1
0.43 14.2
0.438 17.9
0.465 13.4
0.383 11.6
0.455 14.1
0.58 15.9
0.428 9.9
0.37 15.9
0.511 17.0
0.522 8.5
0.529 4.3
0.421 4.8
0.222 4.7
0.469 12.9
0.449 12.0
0.36 16.2
0.544 15.4
0.519 15.1
0.552 13.0
0.469 15.7
0.55 13.0
0.501 9.6
0.478 14.3
0.479 11.1
0.444 11.3
0.421 11.9
0.422 8.0
0.416 12.5
0.444 15.3
0.536 13.0
0.454 12.7
0.502 10.3
0.507 13.7
0.565 9.9
0.458 19.7
0.451 19.1
0.417 20.6
0.435 15.8
0.403 18.9
0.423 15.2
0.435 15.1
0.408 9.1
0.496 13.8
0.469 11.8
0.477 23.8
0.47 26.4
0.502 29.4
0.499 28.2
0.502 26.8
0.526 24.1
0.476 25.3
0.539 21.2
0.531 19.4
0.521 20.6
0.528 20.4
0.503 19.2
0.496 13.3
0.441 15.2
0.467 15.2
0.467 12.3
0.481 6.3
0.387 12.3
0.426 11.2
0.419 0.5
0.333 9.1
0.402 9.1
0.417 6.4
0.314 3.2
0.449 13.4
0.393 -1.6
0.309 12.6
0.411 11.4
0.39 11.5
0.408 10.7
0.356 11.3
0.4 9.7
0.395 7.0
0.357 7.0
0.38 11.6
0.39 9.2
0.331 7.6
0.384 10.6
0.422 11.1
0.392 12.2
0.42 13.1
0.421 13.5
0.427 12.2
0.39 14.0
0.389 -0.9
0.479 12.7
0.469 15.6
0.509 12.1
0.471 10.0
0.493 6.6
0.462 13.9
0.513 13.1
0.52 10.6
0.34 14.2
0.499 11.5
0.433 4.5
0.278 10.7
0.36 11.6
0.48 10.7
0.473 8.7
0.392 9.7
0.422 10.9
0.455 9.1
0.345 9.9
0.406 11.8
0.361 -9.0
0.488 9.7
0.569 5.5
0.447 8.3
0.493 5.6
0.438 16.9
0.435 18.7
0.443 16.8
0.455 16.0
0.44 18.2
0.491 18.1
0.468 18.2
0.484 16.9
0.447 14.9
0.409 15.8
0.429 13.2
0.452 10.6
0.222 13.5
0.42 17.7
0.4 15.9
0.537 10.4
0.344 17.6
0.417 13.9
0.418 13.0
0.447 11.8
0.411 9.0
0.423 2.0
0.392 13.6
0.365 14.7
0.454 14.1
0.461 19.3
0.511 16.1
0.471 15.5
0.489 16.3
0.475 14.7
0.491 14.1
0.5 12.3
0.444 14.3
0.475 12.4
0.434 14.9
0.463 14.4
0.459 16.0
0.452 14.8
0.457 15.6
0.434 15.9
0.439 16.8
0.435 12.3
0.416 15.3
0.446 10.3
0.351 9.7
0.487 13.0
0.527 12.3
0.508 9.0
0.495 14.5
0.512 11.1
0.495 5.0
0.446 5.8
0.425 15.7
0.464 13.5
0.413 11.1
0.404 9.0
1.0 13.5
0.464 7.8
0.333 2.9
0.571 14.1
0.498 12.5
0.446 10.4
0.443 35.2
0.444 13.4
0.509 12.1
0.468 18.2
0.476 12.4
0.527 12.2
0.516 15.7
0.389 14.4
0.442 16.7
0.426 20.8
0.474 10.1
0.39 9.9
0.422 8.2
0.438 12.2
0.416 10.2
0.389 13.6
0.465 16.7
0.387 14.5
0.398 12.4
0.387 14.5
0.405 14.9
0.419 13.5
0.384 11.9
0.359 9.6
0.421 11.6
0.399 12.1
0.387 12.0
0.359 15.8
0.451 15.2
0.422 15.0
0.428 13.0
0.409 15.4
0.445 10.5
0.38 11.9
0.449 15.2
0.437 17.7
0.445 14.8
0.435 12.5
0.479 15.8
0.46 17.2
0.45 15.6
0.453 13.0
0.451 12.5
0.459 12.8
0.465 4.1
0.359 10.9
0.51 10.0
0.509 8.4
0.44 3.6
0.309 9.9
0.336 15.3
0.434 15.2
0.428 12.5
0.386 12.1
0.401 12.2
0.381 10.8
0.379 5.2
0.383 15.4
0.423 15.5
0.467 17.6
0.397 21.6
0.43 14.0
0.409 12.1
0.4 11.9
0.381 13.4
0.402 12.0
0.381 9.4
0.382 10.6
0.351 9.0
0.343 9.6
0.358 10.5
0.37 12.7
0.385 8.8
0.344 7.9
0.329 -2.2
0.487 17.4
0.425 19.4
0.441 20.2
0.483 19.5
0.468 21.9
0.506 18.0
0.485 18.7
0.474 18.0
0.472 11.9
0.443 12.8
0.42 21.9
0.398 21.2
0.414 19.3
0.387 23.2
0.424 25.9
0.447 19.6
0.442 20.9
0.458 15.8
0.417 13.4
0.439 17.3
0.443 18.4
0.464 19.2
0.444 18.0
0.427 14.6
0.382 15.1
0.394 13.5
0.403 12.4
0.4 7.2
0.378 11.3
0.442 12.4
0.442 12.2
0.424 10.9
0.426 3.0
0.467 11.1
0.366 13.4
0.438 13.2
0.415 15.9
0.465 12.5
0.472 11.9
0.419 16.3
0.439 12.2
0.398 8.9
0.425 7.9
0.374 14.5
0.435 16.1
0.425 15.9
0.403 13.6
0.411 14.4
0.433 14.9
0.405 16.1
0.414 15.6
0.423 14.6
0.411 10.7
0.374 8.0
0.373 0.1
0.308 4.8
0.442 17.1
0.447 19.0
0.47 21.2
0.535 16.9
0.437 17.7
0.442 18.4
0.45 20.3
0.436 20.6
0.468 17.3
0.461 16.8
0.427 16.1
0.403 15.3
0.464 7.8
0.349 11.8
0.411 11.3
0.446 11.6
0.406 14.3
0.445 14.2
0.443 9.9
0.414 11.2
0.437 10.3
0.404 12.4
0.447 16.6
0.479 12.2
0.42 11.7
0.374 11.3
0.545 8.6
0.461 9.4
0.452 8.5
0.534 8.3
0.519 3.1
0.409 11.2
0.401 11.5
0.381 14.2
0.401 15.5
0.456 9.3
0.387 10.2
0.386 11.3
0.416 6.2
0.445 17.5
0.432 18.9
0.423 16.7
0.409 13.6
0.428 14.7
0.404 12.3
0.422 7.6
0.444 13.2
0.448 12.3
0.434 7.6
0.344 13.1
0.432 12.1
0.405 3.2
0.392 14.4
0.437 7.0
0.387 -7.8
0.407 12.1
0.43 11.7
0.421 12.3
0.47 11.4
0.411 19.1
0.391 22.2
0.414 19.7
0.384 19.5
0.398 19.2
0.404 19.4
0.406 16.7
0.385 16.9
0.416 17.2
0.423 14.4
0.361 13.1
0.363 13.5
0.375 14.9
0.422 11.2
0.425 13.6
0.427 18.0
0.422 17.3
0.399 14.3
0.419 11.4
0.404 9.5
0.189 5.3
0.363 8.3
0.473 14.4
0.419 18.0
0.432 16.1
0.417 12.8
0.41 11.9
0.503 13.7
0.464 16.1
0.494 14.5
0.465 16.3
0.477 17.9
0.458 16.5
0.518 16.8
0.46 17.3
0.496 12.0
0.431 8.7
0.382 10.4
0.431 13.5
0.374 8.5
0.392 9.4
0.401 1.8
0.397 14.5
0.41 14.4
0.402 13.5
0.422 15.1
0.385 10.9
0.407 7.0
0.48 18.5
0.468 16.7
0.452 17.5
0.435 19.4
0.462 20.0
0.467 20.7
0.461 16.7
0.455 16.8
0.439 14.0
0.435 12.0
0.433 9.3
0.385 11.1
0.414 10.7
0.0 12.0
0.278 19.6
0.5 1.7
0.2 13.3
0.423 -3.0
0.0 -1.2
0.0 10.7
0.492 6.2
0.439 7.7
0.426 5.3
0.441 7.8
0.427 13.7
0.427 12.9
0.433 12.6
0.433 14.1
0.451 15.5
0.459 14.1
0.416 11.9
0.447 10.3
0.445 9.0
0.369 12.9
0.409 9.7
0.397 7.9
0.589 17.7
0.531 14.9
0.487 12.7
0.452 9.3
0.423 9.4
0.495 6.9
0.515 5.3
0.409 4.5
0.535 0.2
0.158 -0.1
0.462 14.3
0.443 17.4
0.444 20.1
0.447 19.9
0.431 18.9
0.445 18.6
0.454 19.3
0.458 16.9
0.461 20.3
0.516 15.8
0.453 14.1
0.373 7.9
0.45 18.8
0.551 15.4
0.48 16.5
0.473 12.9
0.432 11.1
0.467 11.5
0.504 1.4
0.327 10.6
0.496 9.4
0.5 12.7
0.591 2.7
0.336 10.3
0.498 21.1
0.454 21.7
0.462 17.8
0.494 11.7
0.477 17.9
0.441 18.1
0.442 20.1
0.439 20.4
0.431 21.9
0.462 16.4
0.451 15.3
0.415 13.8
0.419 4.4
0.48 19.8
0.469 21.3
0.452 19.9
0.44 21.7
0.476 23.6
0.525 20.8
0.524 19.2
0.508 16.0
0.485 14.7
0.508 17.0
0.52 15.0
0.446 18.0
0.514 13.7
0.482 11.0
0.446 11.0
0.503 19.2
0.519 18.4
0.459 18.9
0.461 19.9
0.443 13.4
0.395 15.3
0.424 9.8
0.327 18.9
0.382 -11.2
0.445 14.5
0.463 16.9
0.47 18.7
0.488 17.5
0.49 16.7
0.495 5.4
0.5 14.7
0.538 13.6
0.491 13.4
0.456 14.1
0.511 9.9
0.441 13.9
0.602 12.2
0.512 10.0
0.409 10.0
0.413 16.9
0.407 18.0
0.422 14.7
0.482 12.9
0.505 11.3
0.431 13.4
0.464 15.2
0.449 15.7
0.472 14.8
0.443 9.2
0.399 10.8
0.452 12.3
0.482 7.1
0.435 6.2
0.462 11.4
0.456 9.2
0.448 9.7
0.475 8.5
0.357 11.5
0.444 10.8
0.414 10.9
0.388 8.2
0.404 5.9
0.382 9.8
0.523 9.5
0.571 12.4
0.491 -3.8
0.0 6.2
0.495 21.0
0.457 25.1
0.451 30.3
0.457 25.3
0.417 22.9
0.431 21.9
0.406 23.2
0.431 18.4
0.419 16.3
0.388 12.2
0.387 14.9
0.442 13.6
0.463 13.8
0.413 10.0
0.444 15.1
0.447 12.4
0.412 9.2
0.441 7.7
0.392 6.5
0.441 8.8
0.473 15.8
0.449 13.7
0.429 13.9
0.459 8.4
0.43 6.1
0.25 7.5
0.48 15.6
0.477 10.3
0.434 13.6
0.441 11.9
0.455 11.0
0.5 13.7
0.446 10.2
0.397 9.3
0.409 9.3
0.427 9.4
0.442 10.0
0.42 13.2
0.404 14.6
0.488 15.7
0.507 15.3
0.505 14.4
0.481 9.7
0.41 16.1
0.485 15.5
0.482 12.5
0.452 21.8
0.454 15.2
0.406 18.8
0.457 16.5
0.477 16.4
0.463 16.1
0.466 18.4
0.492 18.6
0.473 18.1
0.445 17.8
0.46 14.8
0.438 15.7
0.479 13.9
0.459 13.3
0.5 13.3
0.5 13.4
0.435 20.1
0.499 19.3
0.493 19.4
0.51 20.7
0.524 17.5
0.495 13.5
0.453 16.8
0.463 16.7
0.476 12.9
0.43 16.3
0.446 10.7
0.436 15.0
0.438 14.7
0.434 14.9
0.438 16.7
0.505 17.2
0.466 16.4
0.46 16.1
0.502 13.8
0.482 13.9
0.501 9.7
0.401 11.4
0.435 13.5
0.433 12.5
0.481 4.6
0.325 4.6
0.325 6.5
0.355 7.6
0.44 16.5
0.453 15.9
0.441 16.1
0.438 16.6
0.372 12.3
0.417 12.7
0.408 9.4
0.434 16.7
0.438 14.7
0.434 14.1
0.426 15.0
0.438 13.1
0.426 12.5
0.44 11.5
0.433 10.3
0.477 14.0
0.461 12.4
0.421 16.1
0.521 16.4
0.48 15.0
0.504 16.5
0.532 15.8
0.515 7.7
0.406 19.6
0.553 15.9
0.522 11.0
0.467 10.8
0.367 10.1
0.429 8.7
0.433 8.7
0.433 6.0
0.4 5.9
0.4 14.5
0.52 12.3
0.476 12.3
0.406 5.8
0.493 14.9
0.475 17.9
0.385 13.3
0.505 12.7
0.502 8.6
0.435 14.8
0.609 11.5
0.577 8.9
0.553 11.2
0.444 8.4
0.518 18.9
0.423 16.7
0.379 13.6
0.411 5.2
0.324 2.4
0.484 16.0
0.501 11.2
0.374 14.3
0.478 16.4
0.498 12.7
0.526 14.4
0.556 14.5
0.538 10.8
0.25 20.6
0.6 13.5
0.448 12.9
0.391 10.6
0.485 14.4
0.483 14.3
0.442 13.2
0.45 14.5
0.478 14.5
0.523 14.8
0.5 14.8
0.558 11.5
0.444 11.2
0.45 10.9
0.422 13.5
0.576 12.1
0.473 7.7
0.446 8.4
0.425 5.5
0.361 9.3
0.487 20.7
0.483 22.6
0.465 20.5
0.47 22.0
0.502 23.3
0.512 23.8
0.532 21.1
0.504 19.5
0.503 21.6
0.507 20.8
0.492 20.3
0.532 16.0
0.497 12.2
0.357 13.1
0.461 12.9
0.493 14.7
0.525 15.3
0.469 12.0
0.46 11.0
0.515 13.9
0.546 16.1
0.55 14.1
0.513 16.0
0.382 11.5
0.498 11.7
0.495 6.7
0.391 8.6
0.429 4.0
0.298 14.9
0.432 9.7
0.419 8.3
0.446 13.1
0.398 11.8
0.406 10.9
0.369 6.1
0.321 10.1
0.474 24.1
0.477 25.6
0.463 22.5
0.462 26.1
0.459 28.1
0.48 27.6
0.502 24.6
0.479 23.1
0.479 22.9
0.481 23.4
0.517 21.7
0.457 19.8
0.471 23.6
0.497 19.2
0.459 19.2
0.459 19.0
0.448 17.0
0.465 18.1
0.479 21.4
0.484 21.1
0.434 22.9
0.452 20.4
0.472 18.8
0.436 14.4
0.439 15.4
0.474 17.9
0.529 9.2
0.459 9.4
0.433 16.7
0.482 15.3
0.572 29.7
0.579 29.5
0.574 24.4
0.584 27.0
0.601 24.4
0.6 21.7
0.591 17.1
0.593 22.3
0.609 17.9
0.566 17.4
0.388 6.6
0.369 8.3
0.418 8.1
0.46 13.7
0.419 14.6
0.439 18.5
0.43 17.3
0.473 17.0
0.481 16.1
0.468 16.9
0.525 16.6
0.492 15.9
0.463 19.4
0.53 9.2
0.352 10.9
0.498 14.4
0.396 12.3
0.388 13.7
0.451 12.2
0.37 6.7
0.355 7.8
0.431 8.4
0.433 9.7
0.42 9.9
0.407 7.0
0.435 12.4
0.433 10.5
0.427 11.2
0.425 10.4
0.456 8.3
0.446 4.5
0.495 12.7
0.453 11.5
0.518 14.3
0.476 10.0
0.44 11.6
0.614 11.4
0.555 12.2
0.55 13.1
0.51 8.1
0.353 11.8
0.603 11.4
0.667 8.6
0.374 4.8
0.486 11.2
0.537 9.4
0.425 9.1
0.368 13.3
0.403 8.0
0.419 15.4
0.476 12.4
0.402 15.6
0.443 12.3
0.421 12.5
0.353 4.9
0.472 9.7
0.383 8.2
0.418 7.4
0.349 12.5
0.446 9.9
0.489 7.6
0.361 13.3
0.503 7.0
0.494 18.8
0.515 14.5
0.492 14.6
0.506 15.8
0.531 16.4
0.515 18.5
0.548 10.9
0.456 22.9
0.467 21.1
0.454 17.3
0.471 15.1
0.468 10.7
0.42 9.0
0.421 12.2
0.421 11.0
0.414 11.8
0.448 10.2
0.414 31.3
0.464 5.3
0.438 16.3
0.495 13.5
0.456 11.5
0.401 14.1
0.431 15.3
0.438 12.6
0.392 12.1
0.405 14.4
0.42 15.3
0.436 13.2
0.429 11.2
0.417 10.7
0.399 9.3
0.385 1.7
0.433 13.8
0.439 16.0
0.471 8.7
0.377 12.4
0.43 6.2
0.393 7.7
0.36 8.3
0.454 22.3
0.442 22.7
0.416 19.4
0.402 21.8
0.455 23.6
0.471 21.7
0.439 19.6
0.464 17.7
0.457 18.2
0.472 19.7
0.497 19.6
0.443 19.1
0.436 16.8
0.451 15.2
0.447 15.2
0.447 8.2
0.363 5.7
0.451 14.9
0.411 15.3
0.444 12.4
0.468 15.0
0.55 14.6
0.46 8.3
0.412 11.2
0.473 12.3
0.455 8.5
0.423 8.7
0.437 7.3
0.448 13.9
0.412 12.9
0.376 13.5
0.411 18.8
0.478 10.5
0.357 9.8
0.403 12.7
0.431 12.0
0.418 10.8
0.412 8.7
0.365 7.5
0.315 11.0
0.333 7.8
0.476 11.4
0.455 8.2
0.441 11.2
0.489 14.5
0.517 7.4
0.521 -22.1
0.273 6.6
0.343 10.2
0.535 7.9
0.391 6.7
0.36 15.5
0.598 15.3
0.548 7.4
0.474 12.3
0.576 15.4
0.625 11.2
0.523 6.2
0.568 6.0
0.458 3.3
0.499 11.1
0.5 13.8
0.464 14.4
0.485 10.1
0.447 12.2
0.571 6.7
0.333 11.9
0.482 11.2
0.531 10.3
0.461 4.4
0.333 5.3
0.263 20.0
0.483 21.0
0.469 19.9
0.44 18.3
0.441 21.2
0.45 22.3
0.465 18.8
0.442 17.9
0.455 12.1
0.352 9.7
0.4 13.9
0.566 10.1
0.474 -17.3
0.44 8.0
0.389 11.9
0.429 7.3
0.442 17.4
0.432 12.5
0.372 15.1
0.398 13.6
0.389 9.6
0.355 14.3
0.418 8.5
0.359 11.6
0.393 12.9
0.431 8.1
0.341 8.7
0.376 0.7
0.407 10.7
0.426 16.3
0.422 13.5
0.425 12.4
0.398 10.8
0.387 10.3
0.386 9.6
0.427 5.9
0.486 20.3
0.507 17.8
0.531 12.5
0.453 11.5
0.492 11.0
0.468 19.1
0.467 16.7
0.432 15.0
0.448 17.2
0.364 3.8
0.682 15.3
0.43 17.0
0.471 11.7
0.402 14.2
0.41 8.9
0.428 7.5
0.418 7.7
0.421 6.8
0.457 16.8
0.455 14.9
0.406 12.4
0.402 16.6
0.455 13.9
0.423 13.4
0.435 16.4
0.463 16.1
0.459 15.0
0.428 12.2
0.449 10.2
0.374 7.7
0.398 7.3
0.367 5.3
0.444 5.5
0.44 9.8
0.38 9.1
0.353 11.6
0.402 11.8
0.377 16.4
0.478 9.6
0.415 14.5
0.399 11.8
0.353 10.2
0.398 11.3
0.543 15.4
0.55 14.4
0.497 13.7
0.507 10.5
0.513 8.9
0.49 11.4
0.465 10.6
0.449 5.5
0.4 0.0
0.0 -14.6
0.514 17.9
0.467 19.2
0.5 13.1
0.403 16.0
0.511 14.3
0.46 16.6
0.439 15.0
0.514 16.1
0.475 13.9
0.449 16.1
0.478 13.8
0.468 11.2
0.399 -0.1
0.456 13.9
0.455 12.0
0.388 11.8
0.406 13.6
0.418 14.7
0.442 15.6
0.452 13.5
0.413 9.0
0.382 8.1
0.409 8.6
0.417 3.1
0.6 0.8
0.43 13.7
0.404 14.3
0.403 14.7
0.409 12.1
0.402 19.0
0.397 18.7
0.409 13.2
0.399 15.9
0.414 14.5
0.401 16.8
0.428 13.3
0.405 3.4
0.267 11.1
0.408 6.0
0.25 11.5
0.37 8.5
0.398 6.0
0.318 13.9
0.47 13.6
0.433 12.2
0.341 8.2
0.385 8.2
0.401 11.6
0.432 9.3
0.408 10.9
0.46 12.9
0.461 12.6
0.386 6.9
0.312 3.3
0.282 9.8
0.388 4.3
0.285 8.1
0.324 8.6
0.348 5.9
0.378 4.2
0.417 10.6
0.401 11.1
0.504 21.9
0.517 21.0
0.47 19.3
0.484 19.6
0.481 21.8
0.48 17.3
0.444 16.7
0.437 15.8
0.423 15.7
0.44 12.5
0.399 12.4
0.404 15.2
0.434 14.7
0.402 12.1
0.376 14.8
0.401 16.6
0.392 13.7
0.397 12.6
0.391 8.9
0.303 12.9
0.389 13.5
0.429 14.0
0.403 8.1
0.431 11.4
0.446 16.3
0.424 15.6
0.443 15.4
0.432 14.9
0.425 4.6
0.488 8.7
0.4 1.2
0.25 3.5
0.4 1.2
0.39 17.1
0.424 14.2
0.412 16.2
0.416 14.4
0.451 17.2
0.48 18.0
0.481 19.2
0.469 16.7
0.449 14.6
0.491 14.2
0.465 14.8
0.509 6.8
0.51 17.1
0.508 17.3
0.481 15.3
0.449 17.1
0.506 17.7
0.487 14.8
0.415 13.9
0.431 12.1
0.436 19.2
0.43 18.2
0.428 16.2
0.417 18.4
0.501 18.4
0.47 18.9
0.484 17.8
0.467 19.3
0.463 16.5
0.438 15.9
0.451 15.7
0.43 12.8
0.434 7.4
0.362 11.4
0.422 11.4
0.422 10.2
0.402 9.1
0.443 16.4
0.478 14.9
0.465 15.9
0.469 15.2
0.47 15.0
0.505 10.2
0.482 2.6
0.421 8.8
0.375 9.0
0.511 15.8
0.494 16.7
0.483 14.1
0.473 14.1
0.471 13.1
0.486 11.4
0.486 14.2
0.492 14.0
0.503 9.9
0.476 10.0
0.511 9.5
0.465 13.3
0.43 13.1
0.42 14.3
0.443 15.1
0.446 12.3
0.439 12.2
0.431 13.6
0.414 12.2
0.413 12.2
0.432 15.1
0.497 13.0
0.426 15.3
0.443 16.2
0.505 12.0
0.438 15.4
0.507 15.9
0.535 12.9
0.47 11.7
0.475 10.2
0.452 12.5
0.504 11.8
0.5 17.3
0.606 8.4
0.412 14.2
0.422 12.0
0.422 14.1
0.406 16.0
0.419 16.7
0.454 14.2
0.419 17.8
0.456 14.8
0.413 13.3
0.409 13.4
0.446 11.7
0.415 3.4
0.264 11.3
0.385 10.5
0.441 10.5
0.414 17.8
0.409 15.6
0.412 13.1
0.39 12.5
0.381 11.0
0.435 16.0
0.433 17.3
0.482 17.8
0.454 15.7
0.456 13.8
0.433 13.1
0.47 10.5
0.448 8.0
0.386 8.9
0.449 7.5
0.437 10.9
0.425 9.2
0.428 7.6
0.44 13.9
0.554 11.8
0.564 11.2
0.507 8.7
0.458 11.0
0.437 10.9
0.475 8.7
0.463 0.4
0.413 17.1
0.394 14.6
0.388 15.8
0.428 15.5
0.422 14.4
0.435 9.6
0.397 11.4
0.48 14.5
0.512 11.6
0.42 10.4
0.384 3.1
0.355 -6.2
0.49 18.6
0.531 17.2
0.481 17.3
0.421 17.4
0.453 17.5
0.51 14.6
0.453 12.0
0.392 12.2
0.445 15.8
0.541 12.3
0.45 10.7
0.424 13.7
0.501 19.3
0.469 18.5
0.471 17.8
0.436 16.4
0.44 17.6
0.43 15.7
0.423 17.2
0.432 14.9
0.419 13.1
0.416 14.5
0.373 15.9
0.399 14.5
0.41 8.7
0.501 13.3
0.418 14.5
0.449 14.6
0.493 9.0
0.481 24.4
0.495 20.9
0.461 17.2
0.413 18.6
0.433 18.4
0.434 16.0
0.452 10.7
0.533 18.4
0.469 15.7
0.441 13.0
0.427 15.9
0.441 16.6
0.463 8.9
0.411 14.4
0.422 11.3
0.4 15.1
0.433 12.6
0.389 11.8
0.398 9.6
0.403 6.6
0.498 14.9
0.538 14.8
0.472 11.8
0.521 6.8
0.387 15.6
0.418 9.2
0.355 10.1
0.457 15.2
0.526 11.9
0.453 13.2
0.503 5.9
0.46 11.6
0.517 9.4
0.547 10.3
0.43 13.8
0.415 16.7
0.438 11.4
0.362 8.8
0.374 13.1
0.442 12.5
0.386 10.7
0.43 6.8
0.387 11.4
0.407 15.1
0.382 17.1
0.388 16.9
0.407 15.4
0.413 15.0
0.442 15.0
0.413 12.7
0.463 15.7
0.49 15.6
0.499 14.7
0.47 13.2
0.445 14.7
0.547 12.5
0.474 10.5
0.396 9.7
0.411 14.4
0.484 6.8
0.438 14.3
0.42 12.4
0.394 13.1
0.394 13.1
0.419 11.7
0.502 20.0
0.51 15.7
0.453 14.4
0.505 14.7
0.467 8.1
0.417 12.7
0.441 16.1
0.44 12.5
0.479 14.9
0.467 8.0
0.401 15.8
0.423 17.6
0.428 18.2
0.421 23.5
0.496 15.2
0.404 18.5
0.44 18.8
0.453 15.6
0.401 12.1
0.414 11.2
0.397 11.0
0.394 12.5
0.403 11.7
0.448 14.8
0.459 14.4
0.454 14.0
0.439 13.9
0.469 12.2
0.478 6.6
0.448 2.5
0.286 4.0
0.421 16.1
0.44 11.6
0.383 11.5
0.37 16.3
0.431 9.9
0.424 10.5
0.419 14.2
0.475 11.5
0.49 10.4
0.415 9.8
0.48 7.3
0.429 5.9
0.397 3.3
0.338 14.0
0.4 14.4
0.443 18.5
0.534 14.1
0.453 18.6
0.431 16.0
0.392 21.3
0.431 23.8
0.447 24.0
0.418 18.2
0.398 18.9
0.261 18.7
0.411 10.8
0.366 9.9
0.318 3.9
0.333 5.5
0.441 14.1
0.459 16.8
0.441 11.3
0.389 15.6
0.444 14.4
0.425 12.8
0.402 -8.4
0.235 7.2
0.429 15.0
0.483 15.3
0.446 14.8
0.442 14.7
0.488 12.0
0.446 11.7
0.428 10.7
0.41 11.1
0.398 12.3
0.45 9.7
0.387 10.7
0.42 8.7
0.406 18.4
0.0 3.4
0.52 12.8
0.481 4.1
0.467 11.7
0.625 8.4
0.4 13.4
0.529 6.6
0.371 4.0
0.483 10.9
0.395 9.7
0.462 16.1
0.512 15.3
0.517 9.7
0.445 5.4
0.381 1.6
0.314 -4.3
0.1 7.4
0.329 8.8
0.357 12.5
0.461 9.7
0.387 13.6
0.446 15.7
0.489 10.4
0.46 11.7
0.526 13.7
0.591 10.1
0.507 11.5
0.533 7.9
0.5 12.8
0.517 11.1
0.525 8.8
0.426 17.4
0.458 -9.2
0.5 9.5
0.497 15.8
0.531 14.2
0.424 16.4
0.494 12.2
0.565 17.0
0.624 17.5
0.623 13.4
0.565 12.5
0.574 18.4
0.654 18.7
0.679 18.9
0.638 16.4
0.593 20.1
0.666 20.1
0.666 14.7
0.583 16.6
0.4 15.9
0.462 17.3
0.427 15.8
0.421 16.1
0.413 7.3
0.461 8.2
0.442 11.1
0.498 8.0
0.414 11.0
0.461 8.0
0.441 6.1
0.439 5.8
0.457 3.7
0.387 1.6
0.421 9.9
0.414 10.0
0.424 8.6
0.412 5.5
0.397 3.0
0.364 3.4
0.469 3.3
0.314 0.9
0.348 5.4
0.479 3.7
0.4 3.0
0.31 4.1
0.501 17.5
0.585 14.8
0.496 16.3
0.538 17.0
0.563 17.0
0.576 15.0
0.546 2.8
1.0 -1.9
0.414 6.7
0.351 10.4
0.388 6.3
0.29 11.5
0.487 10.6
0.47 12.5
0.522 9.7
0.433 7.8
0.517 5.4
0.333 6.8
0.357 6.6
0.461 12.5
0.412 12.6
0.393 12.7
0.517 -2.2
0.333 12.4
0.083 3.4
0.391 12.4
0.438 6.5
0.313 7.5
0.518 20.7
0.51 21.7
0.482 22.5
0.514 22.7
0.503 24.1
0.538 21.6
0.534 22.2
0.567 22.9
0.536 23.3
0.529 20.4
0.501 16.7
0.466 19.3
0.48 22.7
0.494 22.7
0.494 21.7
0.469 20.2
0.366 15.4
0.425 6.0
0.367 8.2
0.465 9.3
0.474 9.5
0.464 9.7
0.49 4.2
0.422 7.2
0.45 6.5
0.282 -9.1
0.493 13.5
0.51 17.2
0.515 16.5
0.56 13.8
0.514 14.2
0.558 18.3
0.528 14.9
0.48 16.1
0.562 11.7
0.574 12.9
0.518 8.7
0.456 13.4
0.544 11.2
0.529 14.7
0.614 13.9
0.601 12.3
0.577 8.6
0.476 9.0
0.491 13.1
0.478 11.3
0.498 10.0
0.509 6.3
0.463 5.1
0.418 45.3
1.0 12.5
0.349 11.8
0.373 14.4
0.414 16.6
0.441 19.8
0.469 13.3
0.422 8.6
0.348 9.7
0.383 5.5
0.457 16.6
0.501 18.1
0.498 16.6
0.422 18.9
0.493 13.8
0.456 17.4
0.466 15.4
0.439 13.1
0.467 12.4
0.474 11.1
0.416 10.3
0.456 11.8
0.45 11.3
0.444 11.3
0.444 9.7
0.458 8.3
0.43 11.6
0.397 13.9
0.43 15.1
0.461 17.9
0.453 19.5
0.471 17.3
0.432 18.2
0.437 19.3
0.458 16.4
0.443 18.4
0.454 14.1
0.423 15.5
0.454 14.1
0.435 14.1
0.435 12.0
0.439 12.8
0.416 19.3
0.45 21.1
0.491 22.6
0.443 24.4
0.493 20.7
0.46 14.3
0.471 17.2
0.506 16.8
0.449 18.2
0.506 16.6
0.466 18.3
0.467 14.7
0.453 10.0
0.432 3.8
0.276 -20.7
0.408 7.3
0.235 7.3
0.384 11.9
0.421 15.9
0.451 16.8
0.44 16.8
0.414 15.9
0.433 14.5
0.458 16.0
0.455 17.8
0.475 18.0
0.472 8.0
0.368 9.0
0.45 9.1
0.37 11.2
0.419 16.5
0.464 15.7
0.447 18.0
0.482 20.8
0.548 21.4
0.52 20.0
0.494 23.4
0.506 16.4
0.487 20.4
0.519 22.0
0.48 23.0
0.522 18.9
0.499 15.9
0.486 15.9
0.486 16.2
0.493 13.0
0.412 13.0
0.41 15.1
0.425 13.7
0.409 13.6
0.407 11.0
0.424 12.6
0.453 11.0
0.421 7.9
0.377 12.6
0.431 11.7
0.376 6.3
0.449 19.9
0.513 19.6
0.485 18.6
0.448 16.9
0.436 22.8
0.467 18.0
0.459 19.6
0.475 21.2
0.488 22.6
0.503 17.9
0.463 17.9
0.46 18.3
0.467 19.5
0.487 19.5
0.487 18.3
0.475 18.5
0.505 14.0
0.552 10.5
0.442 14.0
0.568 10.7
0.426 14.8
0.41 16.8
0.438 19.0
0.446 19.2
0.446 15.5
0.417 18.4
0.441 16.7
0.477 16.6
0.474 15.0
0.447 13.3
0.408 12.6
0.214 8.3
0.367 4.8
0.343 8.9
0.402 9.5
0.394 11.0
0.398 5.9
0.383 6.6
0.403 5.1
0.309 7.4
0.421 3.6
0.341 6.5
0.526 13.5
0.5 6.1
0.383 13.0
0.455 14.8
0.453 13.0
0.393 12.6
0.394 16.1
0.466 13.8
0.425 5.9
0.536 15.8
0.492 16.4
0.489 13.0
0.502 13.6
0.533 15.6
0.38 13.4
0.396 16.4
0.414 18.6
0.418 12.1
0.409 15.2
0.389 12.8
0.396 14.7
0.304 17.5
0.425 2.3
0.429 12.5
0.492 10.6
0.36 14.1
0.449 21.3
0.538 19.8
0.502 17.5
0.449 18.6
0.48 18.3
0.484 16.2
0.454 15.9
0.454 11.6
0.397 10.0
0.504 6.2
0.412 6.2
0.453 14.6
0.435 12.8
0.371 13.1
0.426 14.6
0.43 13.5
0.383 14.6
0.454 9.5
0.384 10.9
0.426 10.2
0.41 9.5
0.338 7.7
0.308 2.1
0.35 9.8
0.408 16.4
0.459 12.3
0.344 9.9
0.382 12.3
0.458 11.3
0.433 12.3
0.3 5.6
0.466 12.6
0.493 -8.0
0.273 11.9
0.536 20.8
0.523 19.2
0.521 21.4
0.549 24.1
0.561 21.9
0.547 17.2
0.49 21.3
0.562 18.8
0.51 19.7
0.532 17.1
0.477 14.4
0.456 16.4
0.499 16.4
0.369 6.2
0.343 13.1
0.434 14.6
0.423 10.3
0.393 14.3
0.42 11.3
0.409 9.7
0.355 10.0
0.416 10.7
0.38 15.8
0.445 17.0
0.455 18.3
0.463 20.7
0.466 18.8
0.453 13.7
0.428 14.2
0.45 11.7
0.407 12.4
0.424 12.2
0.394 9.3
0.407 9.3
0.407 11.3
0.362 14.0
0.476 10.3
0.399 10.8
0.406 10.8
0.398 8.8
0.35 11.8
0.433 10.7
0.409 6.2
0.333 4.8
0.412 9.0
0.378 14.9
0.405 10.4
0.37 12.2
0.358 12.5
0.384 13.5
0.388 15.2
0.416 14.6
0.435 11.8
0.425 11.3
0.411 9.3
0.403 15.1
0.449 14.5
0.451 12.5
0.406 14.1
0.452 17.3
0.476 14.4
0.401 13.1
0.41 14.6
0.462 16.6
0.474 13.6
0.442 12.6
0.43 11.6
0.435 11.6
0.435 9.1
0.41 10.1
0.495 11.1
0.431 10.5
0.432 14.3
0.508 5.2
0.363 9.0
0.472 6.0
0.471 9.9
0.406 13.0
0.476 12.5
0.489 13.5
0.544 11.0
0.439 10.4
0.444 11.4
0.493 12.4
0.408 9.2
0.472 12.8
0.479 11.7
0.473 11.7
0.423 11.7
0.483 17.0
0.524 18.1
0.539 17.2
0.553 11.9
0.474 10.7
0.416 12.2
0.48 10.5
0.438 9.9
0.419 -4.3
0.438 18.5
0.418 22.3
0.471 22.4
0.462 24.1
0.464 24.3
0.46 22.9
0.454 22.5
0.441 21.7
0.433 24.1
0.526 19.0
0.425 20.0
0.469 16.2
0.426 16.2
0.426 17.8
0.453 13.9
0.436 13.2
0.436 12.9
0.448 8.7
0.433 11.3
0.462 9.8
0.457 15.6
0.445 19.7
0.492 17.6
0.512 16.5
0.473 13.8
0.449 16.3
0.468 16.9
0.478 15.9
0.431 18.8
0.437 7.7
0.328 18.4
0.531 11.9
0.399 11.9
0.399 7.5
0.431 14.6
0.486 4.0
0.519 14.8
0.53 15.6
0.503 -54.4
0.0 17.8
0.57 11.1
0.408 18.8
0.604 18.9
0.587 20.4
0.615 18.6
0.537 17.0
0.48 16.6
0.503 14.3
0.511 14.3
0.511 16.8
0.544 18.9
0.292 -1.0
0.25 10.2
0.373 9.6
0.417 10.3
0.401 12.6
0.388 13.9
0.414 11.7
0.399 9.6
0.418 12.1
0.43 7.3
0.387 8.4
0.476 8.7
0.377 11.2
0.468 11.6
0.451 8.6
0.461 7.9
0.4 9.4
0.44 9.8
0.439 8.0
0.349 10.9
0.41 2.4
0.375 11.8
0.395 13.3
0.425 11.0
0.417 10.0
0.385 10.9
0.421 10.4
0.434 21.6
0.355 7.7
0.498 21.9
0.522 23.2
0.552 25.6
0.519 26.5
0.516 22.5
0.507 22.7
0.355 15.4
0.425 9.9
0.361 11.5
0.418 10.8
0.404 13.2
0.42 14.7
0.447 11.7
0.355 8.3
0.356 10.1
0.392 7.2
0.346 14.5
0.457 12.4
0.426 18.3
0.463 18.9
0.468 19.0
0.46 18.1
0.462 15.2
0.445 17.5
0.485 15.6
0.458 12.6
0.355 8.4
0.398 11.5
0.407 11.1
0.385 9.9
0.373 13.4
0.409 11.9
0.449 13.3
0.467 16.2
0.487 14.8
0.455 16.0
0.46 15.6
0.448 15.0
0.45 16.0
0.486 15.1
0.473 12.8
0.421 11.5
0.438 8.2
0.407 12.0
0.44 12.0
0.44 6.3
0.393 10.4
0.44 10.1
0.387 9.8
0.414 10.6
0.387 9.7
0.405 10.7
0.42 12.7
0.456 13.9
0.477 16.0
0.472 14.7
0.441 12.8
0.415 9.0
0.409 10.2
0.399 7.8
0.363 5.1
0.333 5.1
0.0 15.0
0.478 11.6
0.452 24.4
0.714 11.3
0.0 4.6
0.435 9.9
0.379 7.8
0.35 1.5
0.472 19.8
0.475 26.6
0.559 17.8
0.333 23.1
0.575 27.6
0.59 20.3
0.539 22.6
0.557 22.7
0.502 17.7
0.483 22.1
0.577 18.8
0.557 20.3
0.557 20.3
0.557 17.3
0.25 -12.1
0.293 7.1
0.328 2.7
0.297 8.3
0.369 8.6
0.366 5.0
0.253 12.6
0.428 10.9
0.402 9.8
0.521 15.3
0.521 13.6
0.514 17.3
0.571 16.6
0.529 16.3
0.524 13.3
0.497 12.0
0.525 18.0
0.581 12.4
0.598 15.3
0.338 14.4
0.472 11.0
0.416 5.8
0.322 12.7
0.468 8.6
0.273 10.7
0.385 0.3
0.5 9.4
0.371 7.7
0.417 12.4
0.426 16.7
0.431 22.0
0.481 22.1
0.476 21.1
0.492 19.0
0.443 22.2
0.458 21.7
0.455 21.1
0.43 24.8
0.449 24.4
0.452 21.5
0.444 21.5
0.444 20.3
0.434 17.9
0.4 12.3
0.402 13.6
0.468 11.3
0.429 12.6
0.45 7.8
0.368 15.3
0.534 6.8
0.447 12.8
0.475 15.1
0.481 18.4
0.476 15.8
0.462 19.4
0.482 14.0
0.425 15.3
0.45 14.0
0.425 13.5
0.43 11.5
0.427 15.3
0.474 15.3
0.474 11.7
0.462 11.5
0.457 9.0
0.411 10.7
0.5 14.7
0.438 12.9
0.423 12.6
0.423 13.6
0.487 14.6
0.47 15.5
0.452 15.5
0.462 12.0
0.438 11.3
0.444 11.3
0.444 11.7
0.381 10.3
0.386 8.4
0.328 14.5
0.438 9.9
0.411 12.0
0.408 14.4
0.428 11.6
0.416 7.5
0.359 8.5
0.377 11.7
0.422 11.0
0.377 9.5
0.373 9.5
0.373 9.8
0.403 10.4
0.381 10.7
0.395 9.2
0.404 10.9
0.41 9.7
0.367 7.7
0.403 9.0
0.404 4.8
0.381 6.7
0.38 9.9
0.393 9.4
0.459 17.5
0.471 23.2
0.505 22.6
0.496 23.8
0.494 22.1
0.487 25.0
0.518 19.4
0.496 18.9
0.487 20.0
0.535 19.0
0.516 19.8
0.46 19.8
0.46 20.2
0.485 11.6
0.411 16.9
0.486 9.9
0.438 14.7
0.389 13.9
0.403 14.6
0.433 10.7
0.428 5.5
0.38 7.1
0.36 12.2
0.447 5.6
0.331 2.9
0.475 14.1
0.417 15.6
0.511 14.8
0.453 8.6
0.376 7.6
0.368 2.4
0.304 11.6
0.424 5.8
0.259 17.0
0.494 14.6
0.437 14.9
0.48 11.6
0.459 11.6
0.43 12.8
0.451 9.6
0.498 11.7
0.491 8.1
0.364 9.2
0.4 11.4
0.378 13.6
0.447 10.0
0.422 17.3
0.526 13.0
0.538 12.0
0.477 14.4
0.507 12.8
0.483 13.9
0.492 11.2
0.444 11.9
0.539 14.1
0.521 12.7
0.46 12.7
0.46 14.0
0.527 9.0
1.0 6.7
0.394 11.8
0.48 10.4
0.524 7.4
0.355 15.0
0.429 17.8
0.472 10.7
0.468 10.1
0.532 11.2
0.511 6.9
0.39 10.3
0.491 5.5
0.333 8.9
0.478 6.3
0.453 12.4
0.4 9.4
0.291 3.5
0.34 6.7
0.143 8.4
0.401 9.6
0.366 8.6
0.424 10.3
0.411 12.8
0.436 11.1
0.435 12.8
0.457 10.8
0.443 13.9
0.471 11.8
0.461 7.1
0.376 7.9
0.386 7.9
0.532 10.3
0.459 15.5
0.54 13.7
0.508 13.7
0.492 12.7
0.467 13.1
0.518 14.6
0.494 12.7
0.512 10.9
0.423 9.9
0.514 10.5
0.507 10.6
0.448 10.6
0.448 9.1
0.377 8.8
0.4 11.1
0.389 12.2
0.421 10.7
0.41 13.0
0.431 10.8
0.445 9.7
0.386 15.3
0.397 15.5
0.418 17.0
0.448 13.1
0.414 13.9
0.437 11.6
0.409 12.3
0.446 9.2
0.414 10.8
0.377 10.8
0.393 6.8
0.373 6.8
0.373 7.2
0.43 15.8
0.475 19.3
0.471 20.0
0.459 18.3
0.455 17.0
0.451 12.7
0.405 9.2
0.358 10.5
0.399 9.5
0.457 12.2
0.417 25.7
0.472 28.1
0.48 24.5
0.476 29.1
0.484 31.7
0.489 31.1
0.503 27.3
0.51 30.7
0.531 31.6
0.565 29.3
0.567 25.9
0.488 25.9
0.488 27.5
0.52 27.0
0.288 0.4
0.355 -3.4
0.0 10.1
0.409 14.0
0.489 8.2
0.474 3.4
0.283 9.6
0.437 8.0
0.414 9.6
0.477 13.5
0.434 9.0
0.458 10.8
0.461 13.7
0.467 10.3
0.409 6.4
0.222 10.5
0.396 13.2
0.418 10.8
0.368 13.6
0.437 8.4
0.369 8.8
0.361 11.1
0.422 9.7
0.38 8.1
0.344 15.4
0.456 11.1
0.368 11.1
0.368 11.6
0.408 11.1
0.46 13.1
0.497 15.0
0.523 12.9
0.451 17.5
0.483 14.4
0.528 16.5
0.49 15.7
0.471 15.3
0.446 16.3
0.507 17.0
0.509 17.3
0.515 17.3
0.515 11.1
0.403 11.8
0.401 9.0
0.446 13.8
0.494 10.8
0.488 8.9
0.432 8.4
0.419 1.6
0.25 4.5
0.352 12.8
0.418 12.3
0.43 14.2
0.44 12.8
0.443 12.1
0.438 13.9
0.493 13.0
0.434 13.6
0.432 13.9
0.461 13.5
0.475 14.8
0.487 14.8
0.487 9.7
0.435 12.1
0.489 7.3
0.371 -4.4
0.431 12.9
0.329 10.4
0.35 8.6
0.353 10.2
0.262 4.7
0.329 15.2
0.509 13.8
0.454 11.0
0.438 13.8
0.515 12.8
0.49 12.2
0.469 9.0
0.454 -30.2
0.429 15.4
0.498 12.9
0.44 15.3
0.434 15.7
0.433 15.1
0.453 13.3
0.391 8.8
0.375 9.6
0.343 13.0
0.418 10.4
0.389 14.4
0.452 15.0
0.451 16.8
0.474 11.0
0.437 14.1
0.497 13.1
0.488 12.4
0.461 14.0
0.499 13.1
0.473 14.0
0.427 15.6
0.454 15.6
0.454 16.2
0.466 16.1
0.396 9.0
0.435 6.9
0.41 12.1
0.453 7.2
0.362 8.6
0.422 5.4
0.363 6.0
0.403 6.7
0.391 6.2
0.167 -4.3
0.533 11.2
0.471 13.2
0.515 9.5
0.491 13.3
0.615 13.2
0.577 15.0
0.602 9.6
0.515 8.7
0.489 8.2
0.457 6.3
0.451 7.0
0.449 7.0
0.449 6.0
0.416 14.2
0.427 10.0
0.404 13.0
0.488 12.7
0.439 11.6
0.413 11.9
0.432 9.8
0.392 8.5
0.385 6.0
0.411 12.5
0.448 6.9
0.414 14.6
0.405 16.0
0.418 13.7
0.433 11.3
0.399 12.9
0.403 17.7
0.478 15.0
0.468 13.6
0.44 13.0
0.453 9.0
0.385 10.0
0.426 10.0
0.372 5.2
0.487 14.9
0.527 13.6
0.481 13.6
0.524 11.8
0.458 13.9
0.532 11.6
0.494 1.2
0.493 16.4
0.531 13.9
0.45 10.9
0.465 23.1
0.478 27.6
0.495 28.9
0.491 21.5
0.469 30.4
0.491 28.0
0.476 25.6
0.5 26.3
0.497 24.0
0.521 22.0
0.545 21.4
0.47 21.4
0.47 20.3
0.456 18.5
0.425 11.4
0.411 11.6
0.412 14.7
0.474 12.3
0.45 11.3
0.436 9.7
0.357 5.1
0.328 3.4
0.369 11.3
0.474 11.1
0.436 19.7
0.512 18.9
0.476 19.9
0.482 18.9
0.472 18.9
0.505 20.4
0.508 17.8
0.487 20.1
0.498 17.5
0.488 16.0
0.471 16.0
0.471 17.6
0.545 16.6
0.38 14.1
0.438 15.0
0.424 16.3
0.446 17.0
0.48 17.2
0.467 16.1
0.442 13.9
0.399 15.0
0.426 14.4
0.43 11.8
0.417 15.4
0.397 15.4
0.397 12.4
0.475 12.9
0.471 17.0
0.514 10.7
0.434 12.9
0.482 14.2
0.51 18.3
0.51 15.7
0.469 13.2
0.445 15.6
0.494 14.6
0.495 14.6
0.495 12.9
0.458 13.3
0.434 4.5
0.366 8.3
0.442 11.8
0.412 16.2
0.539 16.1
0.507 15.5
0.46 13.3
0.394 11.3
0.398 14.2
0.417 14.0
0.417 15.8
0.456 12.7
0.402 12.7
0.402 12.9
0.416 12.4
0.363 11.3
0.365 8.2
0.5 12.5
0.577 13.6
0.638 16.2
0.599 19.2
0.626 19.1
0.578 13.0
0.591 12.1
0.534 8.8
0.609 7.7
0.476 2.4
0.533 13.7
0.448 16.4
0.447 12.4
0.416 15.0
0.496 14.9
0.446 13.5
0.464 13.2
0.44 11.8
0.487 11.2
0.445 10.1
0.409 10.1
0.409 14.1
0.467 5.1
1.0 14.8
0.544 9.6
0.47 15.8
0.552 16.2
0.504 17.8
0.537 14.0
0.525 14.2
0.5 15.0
0.502 14.8
0.568 13.1
0.589 10.8
0.566 12.1
0.597 13.6
0.595 11.8
0.556 11.2
0.419 11.2
0.419 7.7
0.459 12.9
0.359 10.6
0.403 12.8
0.415 13.6
0.434 15.8
0.463 18.7
0.517 17.0
0.479 14.7
0.448 16.1
0.466 15.5
0.46 14.1
0.412 15.1
0.426 15.2
0.431 15.5
0.469 15.5
0.469 15.0
0.455 10.1
0.352 12.9
0.4 11.9
0.408 11.1
0.387 12.2
0.421 10.7
0.373 5.6
0.38 8.4
0.419 8.0
0.367 6.4
0.411 14.5
0.422 18.2
0.455 16.4
0.434 17.0
0.455 14.0
0.416 12.4
0.44 13.5
0.442 12.7
0.408 6.4
0.343 10.6
0.437 10.6
0.429 17.4
0.469 16.0
0.492 17.5
0.463 21.6
0.438 16.2
0.403 17.2
0.422 16.0
0.445 14.6
0.438 14.6
0.378 14.8
0.418 14.8
0.418 13.1
0.447 13.8
0.576 11.8
0.503 7.0
0.517 8.6
0.52 19.3
0.531 21.1
0.603 22.9
0.599 25.4
0.572 24.0
0.612 26.1
0.593 24.2
0.573 19.4
0.578 21.3
0.591 19.2
0.593 19.2
0.593 18.9
0.62 20.8
0.404 10.3
0.379 13.5
0.47 15.7
0.483 16.3
0.422 15.1
0.441 17.8
0.527 17.9
0.481 13.6
0.448 18.2
0.501 15.4
0.473 15.4
0.473 13.1
0.41 13.6
0.493 14.8
0.5 18.1
0.447 19.0
0.456 18.4
0.473 17.8
0.443 17.2
0.445 17.6
0.454 15.2
0.451 13.7
0.48 12.3
0.466 12.3
0.466 12.2
0.478 14.3
0.429 13.4
0.533 7.2
0.313 9.4
0.464 13.9
0.474 11.6
0.466 9.7
0.429 8.4
0.439 9.6
0.448 8.8
0.394 7.6
0.332 11.0
0.422 8.2
0.421 4.7
0.356 8.1
0.431 -16.5
0.37 7.9
0.341 10.3
0.442 9.1
0.528 16.2
0.499 19.8
0.514 22.7
0.5 23.1
0.497 19.0
0.498 20.1
0.496 22.8
0.492 20.9
0.494 22.7
0.509 19.7
0.481 19.7
0.481 18.2
0.485 18.9
0.48 8.9
0.435 11.5
0.462 9.5
0.386 9.7
0.493 14.4
0.507 16.9
0.526 8.5
0.41 13.6
0.469 13.7
0.502 13.1
0.414 10.2
0.427 13.7
0.385 14.8
0.48 20.1
0.473 21.0
0.456 19.2
0.42 17.0
0.417 21.4
0.436 16.5
0.413 16.0
0.45 16.3
0.43 16.7
0.427 16.7
0.427 11.5
0.455 19.5
0.483 13.9
0.43 15.5
0.469 20.6
0.503 15.5
0.449 15.4
0.446 14.6
0.427 14.4
0.392 13.9
0.394 12.1
0.407 12.1
0.407 9.5
0.368 11.5
0.401 16.1
0.461 15.6
0.467 13.6
0.432 12.2
0.427 11.1
0.399 10.1
0.426 1.8
0.447 14.9
0.415 20.1
0.532 17.4
0.535 18.0
0.561 16.5
0.53 16.0
0.573 15.1
0.533 15.8
0.0 2.3
0.517 7.9
0.403 6.3
0.444 12.0
0.43 7.6
0.432 7.4
0.422 10.5
0.467 7.6
0.391 6.9
0.382 3.0
0.36 3.7
0.435 6.9
0.389 12.7
0.394 12.7
0.393 15.6
0.441 18.1
0.461 16.8
0.446 15.0
0.414 16.4
0.435 15.2
0.407 17.6
0.422 14.0
0.415 13.6
0.417 13.6
0.417 12.4
0.415 8.1
0.455 15.5
0.425 18.3
0.439 19.0
0.457 17.2
0.492 21.0
0.505 19.2
0.477 21.1
0.458 17.7
0.465 14.1
0.419 14.9
0.419 14.9
0.419 10.6
0.372 14.6
0.453 12.2
0.452 13.3
0.397 9.5
0.431 16.4
0.3 9.2
0.455 12.7
0.393 13.0
0.394 8.6
0.371 10.4
0.401 10.8
0.383 10.3
0.413 10.5
0.402 13.2
0.412 10.9
0.362 9.8
0.6 5.4
0.488 3.4
0.444 15.3
0.455 10.3
0.369 13.3
0.463 12.3
0.461 15.7
0.493 15.7
0.5 13.1
0.44 14.2
0.441 12.7
0.438 15.4
0.487 15.4
0.487 9.5
0.434 16.2
0.513 14.8
0.527 14.4
0.476 12.0
0.461 14.6
0.536 15.8
0.572 15.2
0.528 18.9
0.514 21.7
0.478 17.0
0.495 17.7
0.555 17.7
0.555 11.1
0.427 9.4
0.412 5.9
0.282 8.4
0.346 11.7
0.392 15.1
0.454 12.6
0.387 11.4
0.402 12.3
0.426 15.1
0.487 14.0
0.427 12.1
0.413 14.1
0.457 13.8
0.445 12.3
0.458 15.3
0.435 13.1
0.444 13.1
0.435 11.3
0.403 8.3
0.362 11.5
0.433 11.4
0.504 6.9
0.394 12.5
0.273 13.2
0.465 12.7
0.445 14.4
0.488 3.7
0.4 14.5
0.463 15.0
0.423 15.0
0.422 16.0
0.396 11.9
0.374 13.4
0.379 13.4
0.414 10.1
0.313 6.6
0.289 9.4
0.4 7.2
0.341 15.9
0.499 16.4
0.496 16.5
0.511 15.9
0.515 14.1
0.479 12.3
0.486 15.0
0.486 16.3
0.504 16.3
0.504 17.4
0.549 19.7
0.425 12.5
0.388 12.1
0.437 15.5
0.474 15.0
0.471 17.6
0.478 16.9
0.445 10.6
0.38 21.9
0.512 18.8
0.533 15.5
0.553 17.5
0.511 16.2
0.577 20.7
0.52 16.7
0.495 14.9
0.449 13.8
0.451 17.0
0.627 15.8
0.563 15.8
0.563 15.9
0.627 9.3
0.402 15.4
0.558 22.6
0.636 20.0
0.56 20.2
0.57 21.1
0.574 22.9
0.423 19.1
0.521 20.5
0.519 18.8
0.497 16.5
0.482 16.3
0.44 16.7
0.457 18.8
0.491 15.2
0.456 11.3
0.415 11.3
0.415 12.3
0.459 8.9
0.42 11.6
0.425 12.2
0.37 13.7
0.413 7.6
0.524 14.9
0.477 17.2
0.478 20.3
0.415 15.0
0.475 19.0
0.531 14.5
0.451 16.7
0.449 18.6
0.451 17.5
0.433 16.2
0.416 16.8
0.451 16.5
0.445 16.5
0.445 13.7
0.427 9.9
0.38 9.3
0.391 13.5
0.384 13.8
0.413 13.7
0.408 15.2
0.459 16.6
0.425 13.4
0.407 15.2
0.427 12.9
0.395 12.4
0.406 12.4
0.406 11.9
0.406 10.9
0.477 10.5
0.433 14.8
0.488 10.0
0.423 15.0
0.451 12.8
0.432 14.9
0.4 11.7
0.429 15.1
0.463 14.1
0.444 12.4
0.466 13.5
0.436 10.7
0.376 11.0
0.393 9.3
0.401 3.6
0.27 3.6
0.487 13.7
0.467 15.7
0.457 12.5
0.431 12.1
0.447 9.0
0.41 4.4
0.478 12.9
0.495 10.3
0.434 11.9
0.481 10.6
0.52 7.7
0.389 5.4
0.425 21.9
0.586 8.5
0.414 11.2
0.496 4.4
0.462 13.9
0.459 16.7
0.446 21.8
0.447 19.8
0.428 17.8
0.425 18.6
0.416 4.0
0.286 10.9
0.378 8.6
0.401 8.6
0.478 12.0
0.419 8.7
0.344 11.4
0.395 6.5
0.371 -3.3
0.562 13.9
0.573 11.2
0.511 7.8
0.372 11.7
0.489 16.2
0.527 8.9
0.429 10.7
0.442 10.0
0.431 10.4
0.478 10.4
0.478 1.6
0.403 13.7
0.437 13.6
0.432 9.9
0.382 11.5
0.437 11.7
0.385 14.0
0.442 14.5
0.454 13.0
0.431 13.1
0.453 16.3
0.481 14.2
0.408 17.9
0.456 15.9
0.452 11.5
0.41 14.6
0.439 14.6
0.439 14.5
0.391 7.7
0.396 12.4
0.7 20.6
0.545 17.5
0.558 13.5
0.595 16.7
0.623 17.6
0.568 14.4
0.576 17.3
0.554 15.4
0.562 15.4
0.574 15.4
0.574 16.0
0.585 15.0
0.4 -0.5
0.0 11.1
0.532 8.0
0.571 1.4
0.445 11.1
0.422 14.4
0.472 13.2
0.3 8.0
0.596 20.2
0.6 18.0
0.552 19.0
0.549 22.2
0.545 17.8
0.507 19.7
0.503 19.2
0.519 19.1
0.523 17.8
0.511 17.8
0.511 19.6
0.531 18.5
0.389 11.8
0.4 6.7
0.426 14.4
0.5 16.7
0.538 15.8
0.575 14.0
0.511 9.4
0.492 11.7
0.478 11.3
0.446 8.1
0.448 10.4
0.422 10.4
0.409 19.1
0.45 7.2
0.35 14.6
0.453 13.0
0.368 2.8
0.345 14.2
0.479 11.8
0.459 10.8
0.429 14.4
0.407 12.4
0.381 15.3
0.415 16.0
0.435 14.1
0.398 14.1
0.398 14.0
0.409 13.8
0.473 11.9
0.562 13.8
0.608 10.6
0.587 5.7
0.625 0.8
0.43 22.0
0.437 28.3
0.488 30.0
0.503 23.7
0.493 23.7
0.463 27.0
0.478 26.4
0.481 25.9
0.467 26.0
0.485 26.0
0.485 26.2
0.462 26.2
0.51 11.6
0.516 10.0
0.419 8.1
0.415 10.7
0.535 9.9
0.445 10.3
0.419 11.0
0.457 9.6
0.462 10.7
0.46 9.9
0.444 6.7
0.366 8.0
0.362 10.5
0.39 12.3
0.431 8.5
0.379 10.3
0.405 5.5
0.352 8.4
0.377 6.8
0.325 7.6
0.304 10.2
0.345 10.2
0.345 9.6
0.384 5.9
0.454 15.3
0.479 15.6
0.286 19.4
0.615 6.2
0.452 11.4
0.455 13.4
0.407 15.2
0.434 15.3
0.423 18.9
0.437 16.3
0.436 10.0
0.399 18.0
0.424 17.4
0.433 15.6
0.428 10.6
0.345 10.6
0.345 2.6
0.615 3.9
0.483 6.3
0.51 11.9
0.415 11.4
0.416 11.1
0.39 10.3
0.44 11.6
0.5 15.5
0.549 15.0
0.474 14.5
0.508 12.6
0.582 13.6
0.632 12.3
0.576 9.4
0.505 13.9
0.598 4.3
0.0 4.3
0.463 15.8
0.47 14.9
0.435 18.6
0.447 16.0
0.439 15.9
0.442 16.2
0.385 14.0
0.377 12.7
0.38 17.4
0.414 17.4
0.414 11.9
0.158 -40.7
0.0 1.0
0.279 14.7
0.443 15.9
0.524 16.2
0.502 16.9
0.491 15.6
0.482 16.5
0.511 13.1
0.411 11.5
0.399 9.9
0.396 12.0
0.422 -8.4
0.0 12.5
0.405 12.4
0.447 10.0
0.423 13.9
0.442 11.5
0.433 5.9
0.264 5.9
0.421 17.1
0.456 20.8
0.507 21.1
0.471 20.6
0.469 21.1
0.439 20.3
0.407 20.3
0.44 17.6
0.45 15.7
0.387 15.7
0.387 14.6
0.414 14.0
0.442 14.6
0.441 16.7
0.424 16.3
0.398 18.2
0.47 18.9
0.406 20.2
0.407 15.9
0.422 14.2
0.4 19.9
0.404 19.9
0.404 17.7
0.408 21.4
0.443 12.2
0.433 14.5
0.462 16.0
0.458 13.0
0.455 13.5
0.458 15.8
0.432 10.9
0.423 14.0
0.439 11.8
0.424 11.8
0.424 16.8
0.452 13.7
0.358 8.1
0.438 8.4
0.413 8.6
0.415 8.6
0.406 -4.8
0.412 13.8
0.314 1.8
0.323 2.2
0.503 18.5
0.484 19.1
0.484 18.2
0.495 21.5
0.5 22.7
0.512 20.4
0.484 21.8
0.458 22.8
0.466 22.8
0.466 22.4
0.513 18.6
0.4 7.4
0.5 13.3
0.536 14.4
0.551 11.5
0.454 11.5
0.43 9.3
0.395 9.1
0.5 11.8
0.427 11.8
0.427 6.7
0.544 7.7
0.453 10.7
0.561 6.9
0.354 8.8
0.333 10.8
0.445 13.5
0.445 14.7
0.464 19.8
0.505 11.5
0.489 16.8
0.558 6.6
0.333 9.3
0.462 14.3
0.359 11.7
0.418 13.4
0.442 12.8
0.44 14.8
0.439 14.9
0.4 14.1
0.427 10.6
0.386 14.6
0.45 15.5
0.47 16.4
0.448 17.9
0.432 11.2
0.399 14.5
0.442 16.6
0.454 16.6
0.454 11.8
0.579 14.8
0.548 13.3
0.528 13.7
0.528 18.4
0.558 16.1
0.508 12.5
0.487 13.8
0.48 12.3
0.427 10.0
0.354 3.4
0.568 13.5
0.5 -1.5
0.378 6.3
0.349 12.9
0.473 12.4
0.427 13.6
0.425 13.6
0.42 13.1
0.42 4.7
0.364 4.4
0.368 4.4
0.464 12.1
0.403 12.1
0.416 12.7
0.401 10.8
0.382 5.9
0.326 9.5
0.425 5.7
0.423 9.0
0.369 10.7
0.408 33.3
0.342 8.1
0.41 6.4
0.35 -3.7
0.381 9.7
0.394 10.2
0.422 15.4
0.461 9.9
0.391 12.3
0.435 14.1
0.392 17.4
0.434 12.7
0.429 13.7
0.407 13.2
0.414 11.4
0.388 13.5
0.398 11.7
0.397 13.3
0.413 11.0
0.368 11.0
0.368 7.6
0.351 7.3
0.42 10.4
0.422 17.4
0.461 15.3
0.453 16.2
0.466 17.8
0.471 17.8
0.455 15.6
0.416 18.3
0.455 19.7
0.455 19.7
0.455 15.5
0.463 17.9
0.462 10.5
0.424 11.7
0.432 10.1
0.391 11.3
0.466 13.2
0.4 9.2
0.351 7.7
0.527 13.2
0.389 11.4
0.556 11.4
0.489 12.9
0.532 11.0
0.558 10.7
0.598 6.9
0.548 11.3
0.614 11.9
0.736 13.1
0.646 13.1
0.646 12.3
0.538 8.9
0.462 9.9
0.508 6.8
0.4 12.0
0.604 9.9
0.443 8.5
0.405 9.1
0.393 -5.7
0.0 5.8
0.457 10.3
0.421 11.0
0.368 14.3
0.432 14.4
0.435 15.5
0.397 16.5
0.426 18.8
0.409 17.5
0.401 20.1
0.423 19.3
0.412 19.3
0.412 22.2
0.427 22.9
0.525 16.1
0.504 18.6
0.534 16.7
0.538 19.8
0.531 21.8
0.495 19.8
0.49 19.8
0.461 20.0
0.476 20.0
0.476 21.3
0.47 17.8
0.167 4.3
0.362 1.8
0.412 14.6
0.36 17.3
0.48 13.5
0.444 8.3
0.389 17.8
0.522 15.9
0.478 11.3
0.414 11.1
0.411 8.6
0.393 8.6
0.393 14.4
0.444 1.3
0.313 14.0
0.552 11.8
0.536 9.9
0.477 14.4
0.476 12.1
0.426 9.9
0.434 10.5
0.399 10.9
0.446 20.9
0.572 17.2
0.524 10.2
0.429 15.0
0.366 13.8
0.424 12.9
0.408 9.3
0.357 7.5
0.41 12.7
0.444 9.9
0.391 15.0
0.439 12.8
0.441 15.1
0.425 14.7
0.434 16.6
0.455 16.2
0.477 16.2
0.477 17.5
0.48 14.8
0.5 4.2
0.364 2.8
0.423 9.0
0.352 12.5
0.392 14.8
0.418 15.6
0.492 18.8
0.505 19.1
0.508 17.1
0.475 17.5
0.448 18.1
0.484 15.3
0.403 13.5
0.426 13.5
0.426 16.9
0.454 13.6
0.456 19.4
0.454 24.0
0.48 21.3
0.473 13.9
0.426 11.4
0.428 12.1
0.426 9.8
0.44 10.4
0.471 9.8
0.432 12.8
0.481 10.4
0.415 13.8
0.418 13.8
0.418 12.4
0.505 11.9
0.367 18.2
0.458 32.9
0.417 0.0
0.286 10.8
0.531 16.7
0.563 16.9
0.562 16.9
0.569 15.4
0.553 13.6
0.475 14.6
0.423 15.9
0.451 16.8
0.462 18.2
0.471 9.0
0.367 9.6
0.467 11.6
0.614 13.2
0.395 11.0
0.379 3.7
0.235 10.6
0.469 12.8
0.427 7.5
0.455 11.9
0.434 13.7
0.446 14.1
0.521 12.3
0.468 11.9
0.411 8.9
0.437 10.9
0.465 13.6
0.498 14.7
0.471 13.0
0.439 16.0
0.459 10.7
0.424 10.7
0.424 10.9
0.443 8.9
0.263 12.9
0.267 7.3
0.467 9.3
0.483 10.2
0.478 7.3
0.535 10.3
0.559 10.4
0.515 8.1
0.375 14.7
0.581 14.7
0.581 14.1
0.6 11.6
0.387 11.8
0.442 12.6
0.406 12.1
0.437 11.9
0.417 10.4
0.395 15.0
0.485 12.4
0.423 12.4
0.423 9.4
0.386 13.3
0.374 11.2
0.411 12.1
0.431 11.0
0.395 13.7
0.434 14.7
0.425 12.7
0.481 13.9
0.426 13.9
0.426 9.9
0.384 9.1
0.413 12.9
0.404 16.0
0.432 13.1
0.438 12.9
0.432 13.7
0.479 14.6
0.45 9.0
0.392 16.6
0.462 12.4
0.416 13.2
0.429 13.2
0.428 14.3
0.442 13.9
0.445 15.9
0.444 16.8
0.433 18.3
0.44 20.0
0.45 18.6
0.446 18.6
0.446 19.4
0.422 23.2
0.381 10.3
0.375 7.5
0.32 12.8
0.436 9.2
0.368 5.8
0.421 10.4
0.408 12.3
0.484 10.7
0.442 11.5
0.437 12.8
0.448 13.2
0.421 15.0
0.448 13.1
0.457 10.8
0.459 10.8
0.468 13.5
0.477 13.6
0.459 15.6
0.477 15.4
0.485 14.9
0.468 8.9
0.438 12.3
0.468 12.3
0.468 11.7
0.478 10.6
0.43 20.8
0.476 26.2
0.476 23.6
0.462 26.2
0.496 28.3
0.51 29.8
0.503 27.6
0.51 27.6
0.51 28.2
0.505 27.6
0.375 13.0
0.583 9.7
0.547 5.8
0.44 29.8
0.391 1.5
0.471 17.0
0.567 13.9
0.533 17.8
0.561 21.2
0.555 15.4
0.521 17.6
0.542 18.2
0.566 18.2
0.566 19.0
0.567 15.4
0.505 11.5
0.485 16.6
0.512 11.0
0.566 11.1
0.516 9.0
0.533 7.8
0.427 13.9
0.446 13.8
0.453 12.9
0.459 13.0
0.466 13.8
0.468 12.8
0.465 18.1
0.489 16.0
0.464 15.7
0.456 9.8
0.393 9.8
0.393 12.4
0.405 15.6
0.499 17.0
0.525 19.4
0.551 20.7
0.557 19.0
0.553 19.8
0.543 22.0
0.567 21.4
0.538 21.4
0.538 19.4
0.505 17.7
0.421 10.9
0.382 12.3
0.403 10.1
0.418 10.4
0.616 17.7
0.574 19.0
0.536 14.8
0.502 18.2
0.503 17.5
0.54 11.2
0.517 14.9
0.515 14.9
0.515 22.4
0.401 10.6
0.374 16.0
0.467 9.9
0.379 10.8
0.432 3.8
0.365 10.4
0.396 11.8
0.448 7.7
0.6 12.5
0.422 14.8
0.521 16.0
0.547 10.9
0.475 12.7
0.455 13.8
0.436 10.2
0.528 10.2
0.528 9.9
0.372 9.8
0.485 13.3
0.468 12.6
0.462 10.1
0.407 3.4
0.261 8.8
0.482 16.5
0.556 17.9
0.504 18.8
0.525 19.6
0.508 18.1
0.481 20.0
0.475 15.3
0.445 15.3
0.445 14.1
0.383 15.2
0.352 14.5
0.386 12.0
0.359 7.6
0.75 5.3
0.515 17.0
0.531 17.2
0.514 18.4
0.504 15.4
0.491 16.7
0.472 13.4
0.47 16.8
0.467 16.8
0.467 13.6
0.45 13.9
0.436 17.6
0.445 12.9
0.456 19.0
0.466 16.7
0.428 17.7
0.408 16.0
0.429 11.1
0.374 11.1
0.374 15.9
0.473 12.4
0.0 12.8
0.401 14.8
0.439 15.6
0.405 18.4
0.439 17.6
0.429 13.0
0.406 14.0
0.436 15.4
0.44 15.4
0.44 12.6
0.413 9.5
0.429 12.6
0.446 11.8
0.473 11.7
0.364 13.0
0.43 13.4
0.426 14.2
0.457 13.8
0.468 12.8
0.371 13.3
0.368 13.9
0.418 13.0
0.437 15.4
0.434 15.4
0.434 8.6
0.343 9.3
0.429 10.0
0.412 9.9
0.571 9.1
0.538 8.8
0.417 7.0
0.554 18.7
0.533 12.6
0.466 11.8
0.5 12.1
0.439 13.1
0.444 10.7
0.418 14.5
0.441 12.9
0.403 13.3
0.413 16.0
0.435 14.2
0.366 14.2
0.366 9.1
0.339 14.1
0.539 15.3
0.495 14.0
0.47 18.4
0.541 18.9
0.507 18.2
0.531 16.6
0.454 15.7
0.466 15.7
0.466 17.5
0.514 14.9
0.362 6.3
0.5 12.2
0.416 2.8
0.393 18.1
0.436 19.0
0.43 21.2
0.439 18.1
0.423 18.8
0.438 15.6
0.399 15.6
0.399 17.2
0.427 13.5
0.438 10.5
0.432 15.7
0.43 11.2
0.386 15.9
0.416 14.1
0.376 11.0
0.35 16.2
0.415 13.9
0.399 13.9
0.399 13.9
0.423 11.0
0.446 17.3
0.519 14.8
0.455 17.3
0.451 15.7
0.423 15.8
0.465 13.1
0.4 13.1
0.4 15.6
0.426 15.8
0.365 14.3
0.414 14.1
0.422 17.7
0.424 13.5
0.419 12.0
0.402 11.1
0.426 11.1
0.426 12.4
0.423 8.7
0.472 16.1
0.45 15.5
0.45 13.0
0.445 10.8
0.405 16.8
0.499 10.6
0.434 10.6
0.434 22.5
0.522 17.8
0.392 9.3
0.42 10.7
0.401 10.3
0.399 13.0
0.448 13.3
0.429 14.0
0.454 11.7
0.403 11.7
0.403 17.3
0.5 9.8
0.45 14.2
0.46 11.5
0.445 11.5
0.393 14.8
0.452 13.2
0.435 18.0
0.462 17.5
0.443 21.4
0.505 17.4
0.501 17.4
0.501 15.5
0.477 19.8
0.425 13.1
0.378 13.4
0.37 13.3
0.448 14.8
0.423 15.7
0.414 16.5
0.414 16.7
0.53 19.3
0.581 16.8
0.527 18.4
0.482 19.5
0.494 18.2
0.473 21.7
0.494 21.7
0.494 17.7
0.464 20.3
0.667 9.2
0.456 14.1
0.449 18.5
0.45 19.2
0.45 15.4
0.402 14.9
0.436 12.7
0.411 12.7
0.411 13.5
0.418 13.2
0.326 11.6
0.441 9.7
0.404 11.8
0.484 7.2
0.387 19.7
0.517 16.3
0.542 10.2
0.49 11.6
0.471 16.2
0.495 15.9
0.461 19.3
0.497 17.3
0.448 13.5
0.439 15.4
0.446 15.4
0.446 11.2
0.443 13.5
0.515 15.2
0.554 15.6
0.458 14.9
0.467 19.7
0.562 16.2
0.508 14.3
0.475 14.3
0.475 16.8
0.403 14.7
0.478 14.6
0.453 15.7
0.442 16.6
0.443 13.4
0.442 21.5
0.477 21.5
0.477 13.2
0.441 19.3
0.55 7.9
0.43 -0.1
0.3 12.3
0.25 11.0
0.633 12.7
0.605 14.8
0.686 16.4
0.632 17.2
0.643 18.2
0.676 21.0
0.71 21.0
0.71 20.6
0.703 21.8
0.508 7.7
0.468 12.6
0.453 17.3
0.599 17.2
0.581 16.5
0.495 14.2
0.508 14.2
0.508 15.1
0.532 13.8
0.45 12.8
0.436 12.6
0.439 12.6
0.433 11.7
0.464 13.8
0.48 11.5
0.448 11.5
0.448 11.5
0.454 12.2
0.531 20.1
0.499 19.3
0.492 21.9
0.494 24.7
0.521 25.4
0.563 22.7
0.513 22.7
0.513 21.7
0.511 20.4
0.518 17.6
0.588 13.9
0.501 15.2
0.461 18.9
0.534 17.7
0.551 16.2
0.535 16.2
0.535 17.6
0.539 14.4
0.459 20.7
0.45 24.3
0.47 25.4
0.448 17.9
0.352 26.9
0.457 18.8
0.434 18.8
0.434 19.0
0.419 21.1
0.364 9.0
0.368 11.7
0.39 12.8
0.44 9.7
0.381 11.0
0.42 1.6
0.283 1.6
0.438 14.6
0.458 12.6
0.407 14.7
0.408 13.9
0.449 11.2
0.407 13.5
0.422 13.5
0.422 7.7
0.462 11.8
0.48 11.5
0.463 13.9
0.51 9.1
0.401 8.3
0.451 10.6
0.395 10.6
0.395 7.3
0.454 10.2
0.494 17.0
0.508 17.4
0.55 19.9
0.556 20.7
0.575 10.2
0.447 14.4
0.532 14.4
0.532 19.9
0.575 25.2
0.478 14.0
0.468 12.1
0.45 13.1
0.413 12.0
0.441 13.9
0.458 14.8
0.463 14.8
0.463 10.7
0.408 10.1
0.564 23.1
0.462 18.7
0.443 16.2
0.466 17.6
0.47 15.6
0.491 12.2
0.475 18.6
0.489 23.5
0.445 23.0
0.423 9.6
0.423 10.6
0.421 15.2
0.501 11.9
0.667 4.1
0.333 0.8
0.204 0.8
0.204 10.1
0.427 6.6
0.502 17.6
0.477 15.3
0.495 14.1
0.453 17.3
0.445 15.2
0.441 19.5
0.492 19.5
0.492 17.1
0.432 17.5
0.497 14.6
0.472 13.6
0.507 16.4
0.535 14.6
0.502 11.1
0.506 10.2
0.47 10.2
0.47 14.2
0.292 13.6
0.43 13.3
0.45 8.3
0.39 8.4
0.38 11.0
0.42 11.1
0.41 11.1
0.41 10.2
0.386 11.1
0.38 12.2
0.621 14.6
0.517 11.3
0.441 8.2
0.459 10.7
0.364 11.3
0.32 12.9
0.515 10.2
0.398 17.8
0.418 23.6
0.442 22.9
0.457 23.9
0.438 24.7
0.437 29.1
0.426 29.1
0.426 27.6
0.454 30.6
0.52 25.9
0.61 15.3
0.507 12.4
0.493 14.7
0.522 2.4
0.417 8.2
0.393 4.8
0.432 10.9
0.518 11.4
0.422 15.3
0.422 10.6
0.556 17.1
0.501 17.6
0.534 14.6
0.524 17.3
0.534 7.7
0.456 7.7
0.456 5.4
0.534 9.6
0.511 6.6
0.463 12.9
0.565 14.7
0.441 14.2
0.425 14.9
0.442 12.6
0.414 9.7
0.394 12.2
0.433 12.2
0.433 10.7
0.396 8.7
0.333 11.1
0.41 15.5
0.46 13.9
0.47 15.9
0.487 15.9
0.487 11.9
0.389 11.9
0.446 11.7
0.412 11.2
0.403 12.9
0.394 12.9
0.422 14.4
0.489 14.4
0.489 13.9
0.481 10.0
0.371 10.1
0.43 8.1
0.367 12.4
0.44 9.1
0.372 6.7
0.367 6.7
0.477 15.6
0.457 13.6
0.44 16.3
0.471 16.2
0.467 17.5
0.473 17.5
0.473 15.9
0.486 15.3
0.495 10.7
0.462 14.9
0.516 13.3
0.468 12.6
0.464 8.9
0.457 8.9
0.457 8.6
0.451 10.2
0.462 19.4
0.48 21.2
0.49 21.3
0.451 24.1
0.471 28.0
0.487 28.0
0.487 31.5
0.504 24.6
0.464 13.0
0.41 7.1
0.322 12.9
0.433 11.0
0.353 8.2
0.355 8.2
0.498 14.5
0.467 12.8
0.422 14.7
0.445 18.4
0.429 17.4
0.413 17.4
0.413 21.5
0.446 24.0
0.458 15.2
0.416 7.1
0.324 13.4
0.403 9.2
0.384 11.2
0.373 11.2
0.373 14.7
0.411 10.6
0.424 8.6
0.403 9.4
0.404 12.2
0.427 12.2
0.437 11.6
0.412 11.6
0.412 10.1
0.389 12.6
0.458 14.4
0.409 16.4
0.453 18.1
0.478 18.4
0.436 17.7
0.447 17.7
0.447 17.9
0.433 15.5
0.417 7.1
0.365 11.2
0.463 11.3
0.4 15.0
0.475 10.8
0.458 13.2
0.412 10.5
0.41 8.6
0.415 13.0
0.468 13.0
0.468 8.4
0.518 3.1
0.494 14.3
0.466 16.9
0.495 14.4
0.485 16.0
0.479 16.1
0.502 16.1
0.502 15.7
0.526 15.0
0.385 13.2
0.486 15.5
0.442 14.1
0.448 13.9
0.432 16.5
0.436 16.5
0.436 10.5
0.376 10.1
0.36 16.4
0.465 14.7
0.405 15.3
0.432 14.2
0.474 13.3
0.521 13.3
0.521 12.5
0.403 16.4
0.436 21.1
0.491 23.0
0.438 23.5
0.456 26.7
0.44 26.7
0.44 25.3
0.439 27.4
0.356 13.2
0.454 14.0
0.459 16.4
0.447 13.1
0.433 13.2
0.437 13.2
0.437 12.9
0.439 10.8
0.493 13.0
0.491 15.8
0.497 18.5
0.497 19.3
0.549 16.2
0.459 16.2
0.459 16.4
0.506 5.5
0.442 15.4
0.446 14.7
0.432 16.7
0.431 17.1
0.447 18.8
0.446 18.8
0.446 19.7
0.439 17.1
0.396 6.0
0.25 13.9
0.543 17.7
0.543 19.0
0.535 19.4
0.573 19.6
0.536 16.6
0.476 16.6
0.476 13.9
0.479 16.4
0.414 13.3
0.371 15.6
0.39 18.4
0.418 16.1
0.399 15.6
0.373 19.7
0.401 19.7
0.401 13.7
0.368 12.1
0.452 12.6
0.456 14.5
0.45 10.2
0.413 18.5
0.464 17.9
0.589 17.9
0.589 11.4
0.475 17.0
0.515 17.9
0.503 19.4
0.488 17.9
0.461 19.0
0.431 18.5
0.436 18.5
0.436 9.7
0.393 15.4
0.483 15.5
0.449 14.1
0.412 14.1
0.436 15.7
0.441 16.1
0.448 16.1
0.448 10.9
0.388 11.9
0.418 11.7
0.402 9.1
0.359 9.3
0.377 6.2
0.388 12.6
0.425 11.5
0.409 11.4
0.387 14.7
0.463 14.1
0.416 14.1
0.416 13.5
0.35 13.1
0.417 13.0
0.412 21.5
0.485 14.1
0.469 18.7
0.464 13.0
0.368 3.5
0.321 13.0
0.425 12.3
0.385 12.8
0.41 10.7
0.356 11.5
0.339 12.4
0.39 9.7
0.413 12.0
0.372 12.0
0.354 4.4
0.406 9.0
0.431 4.3
0.378 12.2
0.396 14.6
0.438 15.8
0.476 16.8
0.451 17.1
0.438 20.6
0.46 20.6
0.46 17.9
0.439 19.2
0.436 4.7
0.588 4.7
0.425 12.4
0.524 11.6
0.604 2.6
0.451 16.5
0.434 17.4
0.438 16.3
0.429 12.0
0.394 15.0
0.406 15.0
0.406 14.7
0.399 10.4
0.495 14.9
0.469 12.4
0.416 13.2
0.432 16.4
0.556 10.5
0.385 10.5
0.401 6.9
0.374 13.1
0.429 12.3
0.451 12.5
0.472 9.7
0.354 7.5
0.426 11.2
0.438 13.4
0.429 17.4
0.52 14.2
0.432 14.2
0.2 14.2
0.533 17.7
0.524 11.1
0.55 19.1
0.541 18.1
0.478 18.1
0.478 21.3
0.596 12.7
0.394 10.6
0.411 13.7
0.475 13.2
0.474 14.4
0.412 14.4
0.412 12.7
0.416 11.3
0.383 8.8
0.379 13.9
0.413 10.9
0.553 13.4
0.506 14.9
0.541 14.0
0.532 15.5
0.517 15.5
0.517 11.0
0.533 9.8
0.273 11.3
0.41 9.4
0.368 12.1
0.39 11.1
0.479 11.1
0.479 11.6
0.422 8.3
0.424 11.2
0.389 17.5
0.445 19.6
0.477 18.4
0.447 18.4
0.447 20.0
0.453 20.5
0.549 15.4
0.531 13.9
0.491 15.0
0.551 15.3
0.487 15.3
0.487 14.4
0.49 15.7
0.25 4.3
0.343 11.3
0.498 8.8
0.402 12.7
0.438 11.5
0.429 11.5
0.429 13.2
0.447 14.4
0.43 21.7
0.448 20.2
0.465 26.1
0.496 25.2
0.467 25.2
0.467 23.6
0.451 25.8
0.384 14.5
0.4 13.8
0.415 14.3
0.576 14.2
0.513 17.8
0.539 15.9
0.534 20.0
0.601 20.0
0.601 18.7
0.611 11.5
0.412 8.3
0.416 6.3
0.559 9.9
0.661 19.6
0.643 19.9
0.614 16.2
0.527 20.5
0.552 20.5
0.552 12.6
0.425 4.8
0.517 17.1
0.499 17.5
0.482 19.0
0.522 21.8
0.525 21.8
0.525 21.6
0.515 15.8
0.497 12.0
0.46 10.3
0.457 8.6
0.403 10.8
0.488 10.8
0.454 13.3
0.453 16.5
0.44 16.8
0.419 20.1
0.424 13.0
0.367 13.0
0.367 20.9
0.418 20.2
0.506 23.4
0.549 22.4
0.538 23.9
0.528 22.8
0.502 22.8
0.502 22.1
0.499 22.6
0.383 10.4
0.374 11.7
0.485 15.5
0.456 16.8
0.435 16.2
0.413 20.2
0.445 20.2
0.445 18.3
0.433 22.2
0.357 3.1
0.342 11.2
0.406 9.2
0.395 7.6
0.41 12.3
0.417 4.9
0.231 4.9
0.447 6.1
0.371 0.0
0.0 4.1
0.455 12.9
0.429 10.8
0.488 18.4
0.64 10.8
0.397 10.2
0.403 10.2
0.403 8.2
0.397 8.0
0.398 10.3
0.407 11.0
0.425 11.1
0.414 11.1
0.414 11.0
0.404 8.4
0.311 11.8
0.397 12.4
0.389 19.9
0.446 14.9
0.441 14.3
0.446 15.6
0.424 15.6
0.424 13.8
0.412 19.2
0.551 22.0
0.521 19.5
0.486 18.1
0.497 21.2
0.496 21.2
0.496 21.8
0.522 21.1
0.474 13.2
0.526 12.3
0.506 16.7
0.523 16.6
0.555 16.6
0.555 14.6
0.565 12.3
0.8 -13.1
0.451 14.2
0.436 11.5
0.412 12.5
0.41 11.1
0.374 11.1
0.374 13.5
0.465 -4.3
0.469 5.8
0.558 11.5
0.44 15.2
0.512 14.6
0.46 14.6
0.449 14.6
0.449 10.6
0.414 10.8
0.517 21.4
0.564 20.2
0.52 20.7
0.541 16.6
0.424 16.6
0.424 6.5
0.333 10.4
0.468 1.6
0.364 13.1
0.406 9.4
0.452 11.0
0.428 10.3
0.392 9.9
0.421 9.9
0.456 11.1
0.455 6.2
0.433 13.3
0.457 18.7
0.506 14.0
0.469 15.2
0.5 15.2
0.449 15.8
0.531 10.3
0.461 12.5
0.505 12.5
0.513 12.5
0.513 10.8
0.41 14.4
0.374 14.1
0.383 8.5
0.352 11.7
0.423 12.3
0.39 12.3
0.39 14.9
0.411 14.7
0.529 20.5
0.618 18.7
0.56 16.5
0.523 18.9
0.558 18.9
0.558 13.7
0.523 15.0
0.333 7.0
0.376 11.8
0.46 14.7
0.491 8.8
0.376 8.8
0.376 13.5
0.481 9.6
0.425 12.6
0.446 12.1
0.419 12.4
0.425 12.8
0.429 12.8
0.429 13.6
0.456 11.4
0.437 12.5
0.431 12.0
0.435 7.6
0.399 11.6
0.458 11.6
0.424 10.9
0.408 14.2
0.43 16.3
0.433 14.1
0.421 12.6
0.408 12.6
0.408 7.4
0.326 4.1
0.409 17.7
0.423 20.8
0.441 19.5
0.433 19.9
0.445 19.9
0.445 19.8
0.424 23.2
0.0 16.2
0.473 11.5
0.454 12.5
0.447 14.9
0.472 14.9
0.472 12.4
0.516 11.6
0.536 12.8
0.551 12.9
0.464 10.1
0.451 13.3
0.611 15.2
0.543 15.2
0.543 14.9
0.542 12.2
0.428 13.5
0.463 15.5
0.429 11.5
0.42 15.8
0.457 13.0
0.403 13.0
0.403 14.3
0.41 11.6
0.405 15.2
0.467 13.5
0.397 21.3
0.462 21.3
0.462 21.3
0.454 25.1
0.393 7.9
0.421 8.8
0.414 10.9
0.412 10.9
0.412 10.8
0.405 5.4
0.357 -19.4
0.586 18.5
0.552 19.8
0.545 18.4
0.507 18.4
0.507 21.0
0.558 20.3
0.386 14.6
0.421 15.8
0.471 9.8
0.38 9.8
0.38 12.0
0.391 -6.4
0.432 16.9
0.418 12.7
0.391 8.3
0.4 8.3
0.4 12.4
0.423 8.5
0.444 13.4
0.349 -3.8
0.467 16.0
0.455 16.5
0.464 16.7
0.466 16.7
0.466 16.2
0.469 16.9
0.325 12.6
0.333 1.9
0.469 21.4
0.452 20.1
0.43 21.5
0.468 21.5
0.468 19.9
0.448 23.0
0.321 14.2
0.458 15.4
0.44 17.2
0.434 17.2
0.434 19.6
0.434 14.9
0.447 7.5
0.513 15.7
0.314 13.5
0.464 14.7
0.475 15.5
0.504 15.5
0.504 12.4
0.439 13.2
0.496 17.6
0.544 15.6
0.491 20.3
0.519 20.3
0.519 24.0
0.576 23.7
0.415 12.0
0.407 16.5
0.422 17.1
0.422 17.1
0.422 14.7
0.415 12.4
0.39 9.8
0.493 16.4
0.494 19.4
0.522 22.0
0.479 22.0
0.479 26.0
0.506 27.6
0.508 10.4
0.481 17.6
0.492 11.9
0.443 11.9
0.443 16.2
0.481 14.2
0.48 9.4
0.447 129.1
0.4 11.3
0.46 13.2
0.417 13.2
0.401 13.2
0.401 13.6
0.439 10.9
0.381 10.7
0.396 11.1
0.428 10.3
0.446 10.3
0.446 11.4
0.481 12.1
0.429 8.1
0.388 9.2
0.406 6.7
0.34 6.7
0.296 11.3
0.422 14.8
0.442 13.7
0.434 13.7
0.434 12.7
0.434 12.4
0.399 12.6
0.407 18.4
0.486 15.8
0.465 15.8
0.465 12.2
0.425 13.7
0.567 14.0
0.462 10.5
0.333 10.4
0.452 15.3
0.486 15.9
0.472 16.3
0.462 16.3
0.462 16.2
0.492 7.7
0.357 16.2
0.36 15.4
0.381 15.2
0.356 15.2
0.356 17.6
0.374 16.8
0.347 0.1
0.401 11.7
0.396 9.6
0.378 11.4
0.41 11.4
0.41 8.4
0.374 9.0
0.372 7.8
0.382 8.8
0.399 9.6
0.346 8.5
0.376 13.1
0.408 13.1
0.408 13.9
0.636 16.1
0.62 13.7
0.643 10.2
0.612 10.2
0.612 7.9
0.372 7.1
0.545 10.5
0.457 9.7
0.574 7.8
0.75 7.8
0.419 11.4
1.0 6.6
0.448 17.5
0.44 20.5
0.453 20.6
0.42 20.6
0.42 21.5
0.428 26.5
0.452 10.1
0.5 0.5
0.222 8.0
0.412 8.0
0.412 10.4
0.442 8.4
0.0 13.8
0.5 4.6
0.438 8.2
0.45 8.2
0.443 12.7
0.422 14.3
0.444 20.8
0.463 20.8
0.463 18.6
0.47 17.4
0.439 16.1
0.488 14.9
0.477 15.6
0.547 15.6
0.547 15.9
0.588 15.3
0.421 6.2
0.375 13.0
0.537 7.6
0.5 12.7
0.45 17.8
0.519 18.8
0.507 21.5
0.523 21.5
0.523 21.1
0.51 19.1
0.366 18.8
0.423 16.8
0.393 17.6
0.385 17.6
0.385 20.8
0.427 21.3
0.412 14.5
0.43 11.5
0.427 12.8
0.447 12.8
0.447 17.2
0.45 10.6
0.511 -1.9
0.5 16.5
0.56 10.1
0.468 11.9
0.459 11.9
0.459 14.7
0.556 11.8
0.439 9.8
0.399 13.4
0.482 13.4
0.482 12.3
0.466 16.3
0.382 13.5
0.417 13.6
0.425 13.6
0.425 16.0
0.432 15.5
0.5 9.7
0.436 15.9
0.566 15.9
0.566 17.8
0.505 13.1
0.371 11.2
0.429 9.7
0.426 9.7
0.426 13.4
0.441 11.5
0.41 14.3
0.419 14.0
0.427 14.0
0.427 15.5
0.449 20.1
0.418 12.4
0.414 11.3
0.383 11.3
0.383 13.0
0.434 13.0
0.392 8.8
0.405 9.2
0.45 9.2
0.479 17.6
0.47 7.4
0.361 7.4
0.361 5.4
0.384 11.9
0.439 13.9
0.42 13.9
0.42 15.8
0.443 14.9
0.429 8.5
0.286 7.3
0.364 7.3
0.364 5.9
0.516 26.5
0.519 30.8
0.535 30.8
0.535 25.0
0.493 27.5
0.436 13.1
0.608 22.6
0.623 21.4
0.514 21.4
0.514 21.2
0.521 20.9
0.493 10.3
0.419 12.4
0.44 12.4
0.44 14.6
0.462 13.9
0.408 11.3
0.475 12.2
0.49 12.2
0.327 7.1
0.327 12.7
0.407 16.4
0.443 16.4
0.443 19.3
0.49 16.5
0.461 11.8
0.464 8.4
0.399 8.4
0.399 13.3
0.474 13.1
0.482 17.9
0.538 18.0
0.566 18.0
0.566 18.6
0.564 15.3
0.515 8.5
0.478 16.0
0.444 16.0
0.446 4.7
0.381 15.9
0.495 15.9
0.495 10.0
0.444 17.3
0.4 5.3
0.0 -23.0
0.394 10.1
0.459 6.9
0.397 6.9
0.457 19.1
0.542 18.3
0.528 18.3
0.528 13.5
0.452 16.1
0.458 12.0
0.473 15.1
0.465 15.1
0.465 16.9
0.541 14.3
0.717 10.5
0.368 7.5
0.353 13.4
0.432 14.9
0.416 14.9
0.416 15.9
0.451 17.0
0.545 9.4
0.451 14.8
0.51 14.8
0.51 11.3
0.448 8.9
0.429 18.6
0.424 20.7
0.434 20.7
0.434 22.2
0.419 24.1
0.371 12.6
0.406 12.4
0.455 12.4
0.455 6.7
0.44 12.5
0.44 15.6
0.467 15.6
0.467 16.8
0.444 15.0
0.407 9.0
0.44 -5.1
0.143 -5.1
0.333 8.6
0.367 7.4
0.237 7.4
0.455 10.7
0.443 14.4
0.504 14.4
0.504 11.3
0.439 9.1
0.582 6.7
0.527 9.9
0.429 10.3
0.437 10.3
0.437 14.8
0.471 5.9
0.513 16.5
0.501 14.8
0.492 14.8
0.492 17.5
0.476 20.5
0.238 14.6
0.517 13.4
0.535 13.4
0.535 17.4
0.601 8.4
0.455 13.0
0.461 12.2
0.399 12.2
0.399 10.2
0.372 11.6
0.405 10.3
0.409 10.3
0.409 11.1
0.438 11.4
0.417 13.4
0.42 11.7
0.389 11.7
0.389 13.8
0.448 9.8
0.43 14.1
0.481 15.3
0.485 15.3
0.485 14.5
0.447 17.3
0.407 12.0
0.423 11.2
0.41 11.2
0.41 12.9
0.431 13.4
0.375 12.1
0.477 10.9
0.412 10.9
0.412 10.4
0.476 15.3
0.479 15.1
0.444 15.1
0.444 14.0
0.468 5.9
0.435 3.9
0.372 10.2
0.321 19.5
0.397 19.5
0.667 16.1
0.474 14.5
0.474 14.5
0.474 13.9
0.428 11.8
0.447 8.5
0.386 8.5
0.386 6.6
0.389 5.9
0.493 16.4
0.427 17.9
0.439 17.9
0.439 16.7
0.435 6.0
0.431 5.9
0.376 8.2
0.395 8.2
0.368 5.4
0.381 3.8
0.384 14.3
0.418 10.7
0.382 10.7
0.382 16.2
0.427 8.8
0.557 16.1
0.531 20.6
0.572 20.6
0.572 22.6
0.565 20.1
0.429 13.3
0.412 14.0
0.433 10.9
0.396 10.9
0.396 9.4
0.399 14.5
0.295 19.3
0.384 12.9
0.427 14.9
0.403 14.9
0.403 1.8
0.438 15.4
0.538 18.9
0.549 18.9
0.549 15.4
0.476 13.0
0.503 14.1
0.544 14.1
0.544 15.5
0.613 16.5
0.414 14.8
0.491 14.8
0.491 18.8
0.506 26.1
0.418 9.5
0.365 9.5
0.387 15.1
0.42 15.1
0.42 15.4
0.446 17.2
0.356 11.4
0.421 11.4
0.421 10.4
0.296 14.7
0.5 4.0
0.3 4.0
0.302 11.0
0.426 11.0
0.426 4.4
0.355 6.2
0.343 6.2
0.343 12.0
0.439 11.7
0.38 12.6
0.368 12.6
0.368 14.0
0.413 10.8
0.313 13.1
0.45 13.1
0.457 12.3
0.421 12.3
0.396 11.2
0.401 11.2
0.401 12.4
0.42 12.8
0.356 12.4
0.386 12.4
0.386 11.1
0.36 8.1
0.405 14.1
0.396 14.1
0.396 13.9
0.452 9.9
0.388 8.8
0.345 8.8
0.345 11.5
0.441 13.1
0.429 14.7
0.396 14.7
0.396 13.2
0.385 13.2
0.364 8.7
0.412 8.7
0.412 12.2
0.459 11.6
0.333 -11.4
0.0 -11.4
0.0 13.8
0.455 15.5
0.484 9.6
0.37 9.6
0.37 14.9
0.476 10.4
0.351 15.1
0.483 15.1
0.422 10.5
0.401 10.5
0.458 13.3
0.562 13.3
0.562 17.0
0.559 16.0
0.412 8.5
0.362 8.5
0.362 11.3
0.405 9.4
0.498 17.2
0.506 17.2
0.506 17.1
0.532 14.2
0.41 4.9
0.5 4.9
0.486 21.6
0.604 21.6
0.604 17.5
0.559 23.3
0.455 11.2
0.393 11.2
0.393 11.1
0.417 18.7
0.463 11.0
0.537 11.0
0.537 19.1
0.45 14.6
0.478 14.6
0.425 10.2
0.396 10.2
0.396 12.2
0.447 8.0
0.379 9.7
0.459 9.7
0.343 10.5
0.403 10.5
0.403 8.5
0.423 8.6
0.337 8.6
0.337 10.3
0.369 7.8
0.385 12.9
0.667 12.9
0.38 10.9
0.433 10.9
0.433 13.3
0.353 6.3
0.333 6.3
0.423 13.5
0.507 13.5
0.507 12.4
0.423 15.0
0.326 13.0
0.404 13.0
0.377 12.5
0.438 12.5
0.438 9.1
0.416 13.1
0.436 13.1
0.436 17.7
0.448 19.9
0.376 10.4
0.437 10.4
0.437 8.6
0.429 9.8
0.349 0.5
0.15 0.5
0.46 19.9
0.489 19.9
0.489 15.2
0.465 14.9
0.434 1.1
0.4 1.1
0.425 18.0
0.55 18.0
0.55 13.6
0.5 14.4
0.419 15.9
0.436 15.9
0.436 16.7
0.438 13.6
0.466 15.9
0.475 15.9
0.475 16.3
0.455 15.3
0.2 22.8
0.857 22.8
0.659 18.0
0.573 18.0
0.573 17.2
0.516 18.1
0.363 11.6
0.45 11.6
0.45 14.5
0.473 17.3
0.308 11.8
0.368 11.8
0.368 10.6
0.54 3.3
0.375 3.3
0.485 9.1
0.458 9.1
0.458 10.2
0.496 9.6
0.383 15.7
0.427 15.7
0.427 15.5
0.421 16.1
0.384 10.2
0.429 10.2
0.429 6.4
0.372 9.7
0.46 10.9
0.413 10.9
0.413 9.2
0.397 7.9
0.535 17.6
0.5 17.6
0.5 17.7
0.537 18.8
0.437 4.6
0.351 4.6
0.426 14.1
0.461 14.1
0.461 16.1
0.529 16.7
0.407 12.8
0.407 17.3
0.513 12.0
0.348 8.2
0.348 12.9
0.468 12.5
0.214 2.1
0.214 6.8
0.0 4.7
0.5 44.3
0.575 14.7
0.575 12.3
0.548 15.0
0.453 11.6
0.453 10.7
0.433 13.5
0.412 11.0
0.362 9.1
0.362 11.3
0.333 -1.8
0.333 -7.7
0.083 14.6
0.483 12.1
0.483 18.3
0.582 21.4
0.263 5.8
0.25 -2.6
0.448 16.9
0.448 14.3
0.433 13.2
0.409 11.4
0.42 14.5
0.42 1.7
0.167 -5.0
0.302 10.2
0.302 8.9
0.352 12.7
0.367 8.2
0.345 4.5
0.355 8.4
0.355 2.2
0.409 11.5
0.409 17.8
0.478 10.6
0.361 7.3
0.361 10.7
0.449 10.9
0.349 5.7
0.344 8.1
0.344 13.9
0.419 12.4
0.399 12.3
0.399 11.7
0.393 10.4
0.447 11.4
0.447 17.0
0.473 14.5
0.421 3.7
0.352 8.7
0.352 12.6
0.419 10.1
0.377 8.9
0.377 12.4
0.574 14.9
0.574 14.6
0.465 13.5
0.323 9.0
0.323 6.9
0.304 4.9
0.304 12.7
0.469 16.5
0.4 5.6
0.4 3.4
0.25 9.0
0.414 12.3
0.414 14.1
0.42 12.4
0.415 9.6
0.415 10.3
0.426 12.4
0.449 13.2
0.449 12.7
0.269 1.5
0.347 4.8
0.419 12.0
0.419 13.8
0.486 15.9
0.35 10.0
0.35 15.6
0.456 13.1
0.25 8.5
0.404 10.5
0.404 15.7
0.513 12.6
0.422 11.3
0.422 14.3
0.452 14.6
0.0 -0.7
0.318 5.9
0.318 5.2
0.545 17.7
0.545 15.9
0.536 13.1
0.396 10.6
0.396 10.6
0.403 11.5
0.402 6.1
0.402 10.9
0.452 10.7
0.533 16.6
0.533 7.4
0.273 1.2
0.34 7.9
0.34 6.5
0.282 -3.4
0.405 17.9
0.405 15.6
0.407 14.5
1.0 40.8
1.0 7.4
0.382 9.3
0.382 9.6
0.338 13.6
0.462 15.0
0.462 16.2
0.521 20.4
0.25 5.2
0.25 15.6
0.636 15.5
0.446 14.8
0.446 15.9
0.417 17.5
0.367 3.8
0.367 7.4
0.411 14.9
0.35 7.8
0.35 6.0
0.49 14.5
0.49 14.8
0.493 19.1
0.414 7.7
0.414 5.6
0.366 14.4
0.425 13.8
0.425 13.9
0.436 17.2
0.463 13.8
0.463 16.8
0.493 17.6
0.333 -7.5
0.333 13.9
0.429 16.3
0.452 8.2
0.452 5.5
0.403 6.3
0.422 9.4
0.422 8.3
0.367 11.0
0.367 11.3
0.348 12.0
0.32 5.2
0.32 10.5
0.365 7.5
0.365 9.2
0.385 9.0
0.333 10.8
0.568 18.6
0.568 20.0
0.6 31.5
0.395 13.2
0.395 8.6
0.421 10.8
0.528 14.0
0.528 15.7
0.501 15.6
0.0 2.4
0.402 8.5
0.452 20.0
0.452 7.4
0.437 13.9
0.437 16.5
0.459 16.5
0.421 8.5
0.421 12.9
0.394 2.9
0.353 8.5
0.353 3.6
0.306 10.0
0.381 14.6
0.425 15.2
0.406 13.9
0.468 11.0
0.423 14.6
0.31 7.2
0.563 16.3
1.0 10.4
0.265 11.8
0.0 13.1
0.308 9.7
0.556 15.3
0.394 13.2
0.644 19.2
0.263 -2.2
0.433 7.2
0.397 5.9
0.457 13.7
0.514 18.6
0.422 9.1
0.417 26.1
0.367 -3.2
0.375 7.2
0.512 26.3
0.359 13.8
0.41 13.0
0.571 13.6
0.438 9.9
0.603 29.6
0.466 8.7
0.47 13.7
0.404 15.2
0.436 9.7
0.628 14.8
0.364 9.8
0.364 10.9
0.527 15.7
0.431 10.7
0.508 14.8
0.427 9.1
0.35 -1.9
0.41 5.5
0.427 14.9
0.421 17.4
0.424 14.0
0.571 17.1
0.452 10.7
0.274 10.9
0.41 15.3
0.504 9.9
0.579 21.3
0.357 6.2
0.542 25.9
0.498 18.5
0.305 7.8
0.359 11.0
0.417 19.5
0.422 8.2
0.415 15.1
0.45 15.0
0.367 11.4
