-0.4 0.374
-0.1 0.466
3.5 0.461
3.0 0.478
2.8 0.475
1.6 0.503
1.3 0.525
1.4 0.474
-0.1 0.214
-0.8 0.47
0.0 0.382
6.0 0.462
4.0 0.439
4.2 0.44
3.3 0.428
4.4 0.454
4.2 0.438
3.0 0.445
3.4 0.48
4.3 0.477
2.6 0.491
4.1 0.458
1.8 0.449
1.1 0.442
-0.2 0.346
-0.2 0.415
0.1 0.376
2.1 0.414
2.4 0.379
1.7 0.375
2.5 0.394
1.9 0.385
1.9 0.348
-2.1 0.325
-0.9 0.314
4.0 0.404
1.3 0.427
2.9 0.376
1.1 0.389
0.0 0.356
0.1 0.429
0.9 0.376
-0.3 0.436
1.0 0.427
0.0 0.441
-0.1 0.423
0.0 0.276
1.6 0.399
-0.3 0.462
0.5 0.422
0.1 0.452
0.3 0.429
0.3 0.385
3.8 0.419
3.4 0.409
1.9 0.395
2.2 0.321
0.1 0.336
-0.1 0.414
1.0 0.364
0.1 0.466
1.1 0.361
-0.3 0.397
-0.2 0.426
0.8 0.394
0.2 0.434
0.7 0.344
-0.2 0.301
-0.5 0.363
0.6 0.427
0.2 0.411
-0.3 0.412
-0.5 0.407
-0.2 0.342
-0.7 0.391
-0.5 0.289
-0.4 0.404
-0.7 0.308
-0.9 0.485
-0.4 0.478
-0.3 0.481
0.2 0.31
-0.3 0.467
0.0 0.353
0.0 0.385
2.3 0.508
6.0 0.458
3.0 0.504
2.3 0.423
1.8 0.452
1.5 0.475
2.4 0.481
0.8 0.407
0.2 0.489
2.6 0.45
1.9 0.404
0.7 0.438
1.1 0.385
0.2 0.541
1.0 0.539
0.8 0.443
-0.1 0.46
-0.4 0.507
0.4 0.489
-0.1 0.429
-0.4 0.441
0.5 0.409
-0.3 0.454
0.0 0.457
2.8 0.432
2.8 0.421
2.2 0.437
0.9 0.459
0.1 0.409
0.1 0.466
-0.6 0.43
-0.3 0.441
0.2 0.472
-0.1 0.4
-0.2 0.8
1.6 0.44
0.1 0.396
-0.4 0.372
-0.3 0.42
2.2 0.453
1.1 0.47
1.4 0.45
3.1 0.443
3.3 0.432
2.4 0.404
1.4 0.411
0.4 0.435
2.6 0.416
1.0 0.431
0.8 0.282
0.3 0.423
2.1 0.421
3.7 0.394
3.7 0.442
4.2 0.418
4.9 0.427
4.1 0.448
5.2 0.418
3.2 0.418
3.2 0.427
2.3 0.364
0.3 0.402
0.2 0.304
1.7 0.342
0.1 0.458
0.6 0.485
0.3 0.455
0.3 0.421
-0.2 0.432
-0.3 0.566
1.7 0.529
0.4 0.508
-0.9 0.509
-0.8 0.462
-1.3 0.385
0.8 0.427
0.0 0.437
-0.2 0.466
0.1 0.454
0.0 0.426
0.0 0.47
0.1 0.333
0.0 0.5
-0.1 0.351
1.6 0.389
0.8 0.466
2.3 0.42
2.0 0.42
2.1 0.433
2.7 0.405
1.5 0.407
1.5 0.422
0.5 0.479
1.0 0.492
0.8 0.34
0.2 0.423
0.0 0.298
-0.1 0.714
0.0 0.4
-0.5 0.429
-0.1 0.419
0.0 0.413
0.6 0.41
0.0 0.42
0.4 0.355
1.7 0.479
0.6 0.536
2.8 0.473
0.8 0.452
3.0 0.527
6.2 0.502
4.1 0.493
4.8 0.503
4.8 0.527
6.5 0.533
5.5 0.456
0.0 0.447
-0.2 0.48
0.5 0.512
3.1 0.494
2.2 0.473
0.9 0.539
0.9 0.442
0.1 0.442
0.1 0.431
3.2 0.425
-0.3 0.37
-0.1 0.15
2.5 0.474
2.5 0.531
3.6 0.476
2.5 0.446
2.3 0.461
1.0 0.407
-0.4 0.341
-0.6 0.0
0.0 0.372
-0.3 0.398
-0.2 0.46
-0.1 0.381
-0.2 0.376
-0.3 0.389
4.4 0.469
5.0 0.451
7.1 0.438
4.7 0.433
4.5 0.45
6.5 0.463
5.3 0.459
6.0 0.467
4.9 0.456
4.0 0.451
4.1 0.43
2.4 0.463
5.1 0.425
-0.2 0.373
0.7 0.373
0.7 0.358
-0.1 0.455
0.1 0.263
0.6 0.525
0.8 0.465
0.8 0.377
-0.3 0.528
1.8 0.434
1.6 0.411
0.5 0.385
-0.2 0.384
0.2 0.373
-0.3 0.435
0.4 0.339
0.1 0.5
-0.2 0.456
3.3 0.448
0.5 0.41
0.6 0.477
3.3 0.465
2.8 0.465
2.7 0.473
4.4 0.45
4.7 0.512
1.8 0.475
3.8 0.398
1.7 0.446
1.7 0.321
0.8 0.484
1.8 0.397
0.0 0.439
0.0 0.317
-0.1 0.462
0.0 0.25
0.0 0.472
2.2 0.37
1.4 0.414
0.0 0.494
0.4 0.341
-0.3 0.385
0.3 0.389
-0.1 0.43
0.7 0.255
0.0 0.342
-0.5 0.356
-0.8 0.297
-0.2 0.407
-0.4 0.387
-0.3 0.375
-0.1 0.458
0.7 0.433
0.1 0.42
0.0 0.425
-0.1 0.321
6.8 0.428
3.7 0.467
1.7 0.417
3.4 0.452
5.2 0.43
4.7 0.454
4.8 0.456
3.8 0.437
3.4 0.428
2.2 0.437
1.2 0.411
1.0 0.435
2.6 0.407
1.6 0.333
0.2 0.333
0.2 0.388
0.2 0.394
2.1 0.463
2.8 0.47
3.1 0.488
4.5 0.464
1.0 0.443
2.5 0.418
0.4 0.438
0.2 0.583
0.7 0.52
0.3 0.447
1.4 0.539
1.0 0.429
-0.4 0.318
-0.1 0.481
-0.4 0.499
0.5 0.481
0.2 0.426
-0.8 0.389
-0.1 0.328
-1.1 0.3
4.1 0.46
4.2 0.479
4.2 0.461
2.5 0.392
0.2 0.346
0.0 0.294
0.7 0.49
0.8 0.501
1.4 0.333
-1.0 0.441
-0.3 0.261
-0.2 0.304
-0.1 0.357
0.0 0.352
-0.2 0.45
1.4 0.448
1.4 0.413
0.0 0.214
-0.8 0.384
-0.7 0.333
-0.8 0.353
-0.3 0.432
-0.3 0.472
-0.1 0.479
-0.1 0.463
-0.5 0.467
-0.1 0.615
0.1 0.448
-1.1 0.476
0.0 0.413
0.5 0.386
2.2 0.398
1.9 0.416
1.7 0.4
0.7 0.41
1.5 0.41
0.2 0.449
1.8 0.421
0.0 0.384
0.1 0.438
0.8 0.416
1.2 0.396
0.4 0.396
0.4 0.404
-0.3 0.413
0.1 0.413
0.3 0.411
0.3 0.388
0.5 0.378
0.8 0.463
1.2 0.351
-0.1 0.445
0.0 0.359
-0.2 0.471
0.1 0.341
-0.6 0.417
0.1 0.406
-0.6 0.453
-0.4 0.402
-0.1 0.388
-1.1 0.448
-0.6 0.435
0.0 0.496
1.1 0.535
2.1 0.55
1.1 0.493
1.4 0.626
1.9 0.643
2.4 0.65
2.3 0.624
0.9 0.584
0.5 0.125
1.8 0.44
1.2 0.452
0.2 0.47
0.9 0.438
1.5 0.418
0.3 0.442
-0.2 0.459
0.4 0.419
1.3 0.426
1.4 0.407
0.0 0.403
0.0 0.461
0.9 0.432
4.3 0.417
5.2 0.416
2.2 0.395
5.2 0.387
2.7 0.389
2.6 0.439
3.1 0.426
4.5 0.37
0.9 0.406
2.3 0.417
1.1 0.37
2.0 0.51
2.7 0.541
2.5 0.473
1.1 0.479
0.9 0.375
0.0 0.446
0.6 0.354
-0.2 0.364
0.2 0.448
0.0 0.392
-0.1 0.091
0.0 0.481
0.1 0.41
1.3 0.469
1.1 0.462
0.6 0.448
1.6 0.465
2.2 0.433
0.6 0.339
-0.7 0.434
0.4 0.45
-0.1 0.534
0.2 0.477
0.3 0.444
-0.5 0.25
0.5 0.384
0.5 0.416
1.0 0.38
0.1 0.416
-0.1 0.441
0.0 0.342
0.2 0.313
-0.1 0.417
2.9 0.472
3.3 0.466
3.0 0.47
1.8 0.419
-0.9 0.417
-0.6 0.426
-0.9 0.435
-0.1 0.447
-0.4 0.42
-0.2 0.469
-0.3 0.444
-0.4 0.386
-0.2 0.389
-0.6 0.389
-0.8 0.403
-0.5 0.44
-0.4 0.41
-0.2 0.468
0.1 0.436
0.4 0.398
-0.5 0.397
-0.1 0.405
-0.3 0.476
-1.6 0.429
0.1 0.296
-0.1 0.222
0.0 0.4
-0.1 0.0
5.9 0.508
8.1 0.513
7.6 0.501
5.9 0.496
4.7 0.484
4.6 0.546
6.3 0.497
4.5 0.504
4.2 0.518
4.7 0.5
3.2 0.492
1.8 0.502
3.2 0.49
2.8 0.512
4.2 0.512
4.2 0.488
1.4 0.337
-0.5 0.417
1.0 0.368
-0.3 0.398
-1.2 0.33
-0.2 0.333
1.1 0.418
0.2 0.382
0.3 0.42
0.0 0.368
-0.8 0.444
1.3 0.429
0.5 0.355
3.7 0.463
2.1 0.425
2.4 0.443
3.0 0.427
1.8 0.412
0.8 0.412
0.7 0.414
0.5 0.437
0.9 0.44
0.5 0.411
1.4 0.437
0.8 0.352
0.3 0.393
0.6 0.41
1.6 0.382
0.2 0.436
1.0 0.424
1.6 0.38
0.7 0.389
0.4 0.371
-0.4 0.342
-0.3 0.391
-2.1 0.438
-0.8 0.465
-0.1 0.383
-0.7 0.455
-0.3 0.529
0.0 0.428
0.1 0.37
-0.1 0.511
-0.1 0.522
-0.2 0.529
-0.4 0.5
-0.3 0.222
-0.1 0.385
0.2 0.449
1.0 0.36
0.3 0.544
2.5 0.519
1.0 0.552
1.6 0.469
1.3 0.55
2.1 0.501
1.7 0.478
0.0 0.479
1.0 0.5
1.8 0.421
1.5 0.422
0.9 0.392
0.2 0.444
0.3 0.536
1.6 0.454
0.0 0.502
1.0 0.507
0.6 0.565
0.3 0.458
0.0 0.636
7.0 0.417
2.9 0.435
5.8 0.403
3.6 0.423
3.2 0.435
1.2 0.408
0.8 0.333
-0.4 0.469
-0.1 0.444
6.2 0.47
7.0 0.502
9.0 0.499
9.8 0.502
9.3 0.526
7.4 0.476
5.2 0.539
5.5 0.531
2.7 0.521
2.4 0.528
3.4 0.503
2.6 0.496
1.5 0.441
0.0 0.467
0.4 0.467
0.4 0.47
0.2 0.327
-0.5 0.426
1.3 0.419
1.2 0.333
-0.1 0.402
-0.5 0.417
0.0 0.314
-0.1 0.338
-0.5 0.447
-0.5 0.125
-0.8 0.411
1.2 0.39
0.3 0.408
1.1 0.356
-0.1 0.4
0.5 0.395
0.4 0.357
-0.2 0.38
0.0 0.432
-0.2 0.424
-0.3 0.384
-0.6 0.422
-0.3 0.392
-0.5 0.4
0.1 0.421
-0.2 0.427
0.1 0.39
-0.5 0.364
-0.2 0.2
1.2 0.469
1.3 0.509
2.0 0.471
0.4 0.493
-0.2 0.415
1.8 0.513
1.3 0.52
0.0 0.411
-0.1 0.499
1.5 0.433
1.0 0.278
0.0 0.36
0.4 0.48
1.4 0.473
0.3 0.395
-0.1 0.422
0.1 0.455
-0.1 0.345
-0.1 0.411
-0.6 0.361
-0.4 0.0
0.3 0.569
0.0 0.447
-0.8 0.493
0.0 0.459
-0.1 0.435
0.1 0.443
1.1 0.455
2.3 0.44
1.8 0.491
1.5 0.468
2.2 0.484
2.8 0.447
1.1 0.409
-0.2 0.429
-0.2 0.452
0.0 0.429
-0.1 0.42
-0.8 0.4
0.0 0.537
-0.1 0.344
-0.1 0.5
0.1 0.418
1.2 0.447
0.9 0.411
0.0 0.423
-0.3 0.286
2.4 0.365
0.2 0.367
0.6 0.461
0.9 0.511
2.9 0.471
0.6 0.489
1.8 0.475
0.7 0.491
0.6 0.5
0.2 0.461
-0.2 0.475
0.3 0.434
0.1 0.463
1.5 0.459
0.4 0.452
0.6 0.457
0.7 0.434
1.1 0.439
0.6 0.435
0.1 0.416
0.4 0.446
0.6 0.351
-0.1 0.396
-0.3 0.527
-0.3 0.508
0.0 0.495
-0.4 0.512
0.4 0.495
-0.5 0.446
-0.3 0.429
0.6 0.464
0.8 0.413
0.3 0.404
-0.4 0.395
0.0 0.526
0.0 0.333
0.0 0.4
-0.1 0.498
0.2 0.446
-0.2 0.443
-0.6 1.0
-0.6 0.509
-0.1 0.468
-0.4 0.476
0.0 0.527
0.5 0.516
-0.1 0.642
-0.8 0.484
0.1 0.426
0.2 0.492
0.2 0.39
-0.5 0.422
-0.5 0.6
1.7 0.416
0.3 0.389
0.1 0.465
1.8 0.489
0.9 0.398
3.3 0.387
2.3 0.405
1.7 0.419
1.9 0.384
1.5 0.359
1.4 0.319
-0.5 0.399
-0.2 0.387
-0.1 0.359
0.0 0.451
0.2 0.422
-0.1 0.428
0.0 0.409
1.1 0.445
1.5 0.38
-0.4 0.399
1.6 0.437
1.0 0.445
1.7 0.435
0.3 0.415
1.2 0.46
0.9 0.45
2.2 0.453
-0.6 0.451
0.3 0.459
-0.2 0.465
0.1 0.359
-0.3 0.51
-0.2 0.509
0.1 0.44
-0.3 0.309
-0.3 0.526
-0.8 0.434
-0.5 0.428
0.6 0.386
-0.3 0.401
-0.9 0.381
-0.5 0.379
-0.4 0.29
0.5 0.423
0.8 0.467
1.3 0.397
1.0 0.43
3.6 0.409
0.6 0.4
1.0 0.381
-0.1 0.402
0.3 0.355
1.3 0.382
0.0 0.351
-0.4 0.343
0.2 0.358
0.2 0.37
0.0 0.385
0.1 0.344
0.0 0.329
-0.1 0.167
0.0 0.425
-0.1 0.441
0.7 0.483
2.4 0.468
2.0 0.506
2.2 0.485
2.1 0.474
1.1 0.472
0.5 0.443
-0.4 0.508
5.1 0.398
3.9 0.414
4.2 0.387
2.3 0.424
5.0 0.447
4.3 0.442
1.9 0.458
3.1 0.417
0.7 0.43
0.8 0.443
1.5 0.464
1.9 0.444
0.9 0.427
0.2 0.382
0.9 0.394
0.7 0.403
0.7 0.398
0.0 0.405
-0.4 0.442
0.7 0.442
0.2 0.424
2.8 0.426
1.1 0.294
-0.1 0.366
-0.5 0.438
-0.4 0.415
-0.1 0.465
-0.6 0.472
-0.6 0.41
1.0 0.439
1.4 0.398
-0.6 0.34
-0.1 0.374
-0.1 0.435
2.1 0.425
2.1 0.403
1.1 0.411
1.6 0.433
0.9 0.405
1.5 0.414
1.3 0.423
2.2 0.411
1.1 0.374
0.1 0.373
-0.1 0.231
-0.2 0.385
1.7 0.447
1.4 0.47
1.9 0.535
2.1 0.437
0.5 0.442
1.6 0.45
1.9 0.436
1.8 0.468
2.1 0.461
0.9 0.427
0.5 0.403
0.5 0.464
0.4 0.315
-0.5 0.411
0.1 0.446
-0.1 0.406
0.6 0.445
0.9 0.443
0.9 0.414
-0.7 0.437
-0.4 0.404
0.3 0.441
-0.2 0.479
-0.7 0.42
-0.4 0.402
-0.4 0.396
1.3 0.461
-0.2 0.452
0.4 0.534
0.4 0.519
-0.1 0.412
-0.1 0.401
-0.1 0.381
0.1 0.401
0.1 0.456
2.9 0.387
0.5 0.386
0.0 0.416
-0.1 0.324
3.6 0.432
4.9 0.423
3.0 0.409
3.3 0.428
3.1 0.404
3.1 0.422
1.1 0.367
0.3 0.448
1.1 0.434
0.4 0.344
-0.2 0.432
0.8 0.405
0.4 0.275
0.1 0.437
1.3 0.387
-0.2 0.0
-0.7 0.43
-0.4 0.418
0.1 0.47
-0.2 0.43
5.3 0.391
5.4 0.414
6.7 0.384
4.1 0.398
4.6 0.404
5.6 0.406
5.2 0.385
3.5 0.416
4.7 0.423
4.6 0.361
3.4 0.363
1.5 0.372
0.4 0.422
-0.4 0.425
-0.6 0.427
0.2 0.422
0.7 0.399
1.3 0.419
-0.1 0.404
-0.4 0.349
-0.3 0.363
-0.5 0.385
1.8 0.419
0.6 0.432
1.9 0.417
1.4 0.41
0.7 0.389
1.4 0.464
1.2 0.494
2.6 0.465
0.5 0.582
2.5 0.458
2.8 0.518
1.9 0.46
0.3 0.496
2.5 0.431
1.2 0.382
-0.2 0.443
0.2 0.398
-0.5 0.392
-0.5 0.401
-0.5 0.357
0.8 0.41
0.1 0.402
0.2 0.422
0.3 0.385
0.0 0.393
-0.1 0.448
3.1 0.468
3.2 0.452
2.3 0.435
2.5 0.462
3.3 0.467
3.3 0.461
3.1 0.455
4.6 0.439
4.5 0.435
2.8 0.433
1.0 0.385
-0.2 0.414
-0.2 0.415
0.0 0.278
0.0 0.5
0.0 0.2
-0.1 0.423
-0.1 0.0
0.0 0.0
0.0 0.492
-0.1 0.373
0.5 0.426
-0.8 0.386
0.1 0.378
-0.3 0.427
0.0 0.433
0.0 0.433
-0.4 0.451
-0.4 0.459
-0.3 0.416
-0.4 0.447
-0.3 0.438
2.9 0.369
0.1 0.409
1.1 0.397
0.3 0.36
0.1 0.531
1.5 0.517
-0.1 0.452
0.4 0.423
-0.1 0.495
0.3 0.515
0.1 0.409
-0.2 0.535
-0.2 0.158
-0.2 0.214
0.5 0.443
0.6 0.444
0.9 0.447
2.5 0.431
2.2 0.445
0.4 0.454
1.3 0.458
2.1 0.461
-0.2 0.516
0.5 0.453
-0.2 0.373
-0.7 0.355
-0.2 0.551
0.3 0.48
1.2 0.473
0.3 0.432
-0.3 0.467
-1.4 0.504
-1.1 0.327
-0.7 0.496
-0.3 0.5
-0.5 0.591
0.0 0.378
0.9 0.343
5.8 0.454
4.4 0.462
4.8 0.483
0.5 0.477
0.1 0.406
3.7 0.442
2.2 0.439
3.6 0.431
3.4 0.462
4.4 0.451
0.9 0.415
1.5 0.419
0.1 0.342
4.5 0.469
3.6 0.452
6.4 0.44
4.7 0.476
5.5 0.525
5.9 0.524
5.7 0.508
3.8 0.485
1.9 0.508
1.5 0.52
1.8 0.446
1.5 0.514
2.4 0.482
1.9 0.446
0.2 0.446
3.5 0.519
1.7 0.459
2.3 0.461
3.9 0.443
2.5 0.395
0.7 0.424
0.8 0.327
-0.1 0.452
0.0 0.0
0.8 0.463
1.8 0.47
2.1 0.488
2.2 0.49
2.1 0.495
0.7 0.5
-0.1 0.538
1.1 0.491
1.6 0.456
1.1 0.511
1.2 0.441
0.1 0.602
0.3 0.512
0.5 0.409
0.0 0.409
3.3 0.407
0.9 0.422
3.3 0.392
3.8 0.505
1.8 0.486
-0.4 0.464
0.3 0.449
0.6 0.472
1.1 0.443
0.4 0.399
-1.8 0.452
-1.0 0.482
-0.2 0.435
-0.8 0.417
-0.9 0.456
-1.0 0.448
-0.5 0.475
-0.6 0.407
-0.1 0.444
0.2 0.414
0.9 0.388
0.8 0.404
0.0 0.333
0.4 0.358
-0.1 0.571
0.0 0.491
-0.9 0.0
0.0 0.538
2.0 0.573
5.9 0.451
5.9 0.457
8.7 0.417
5.3 0.431
7.0 0.406
3.0 0.431
5.2 0.419
2.7 0.388
1.0 0.387
-0.2 0.442
0.7 0.437
1.6 0.413
0.4 0.444
-1.0 0.447
0.2 0.412
-0.4 0.441
-0.4 0.392
-0.8 0.434
0.4 0.426
2.4 0.449
1.3 0.429
2.0 0.459
1.7 0.43
0.3 0.25
-0.1 0.647
0.0 0.477
0.2 0.434
-0.9 0.441
-0.1 0.455
-0.4 0.5
0.0 0.414
-0.2 0.397
-1.3 0.409
-0.9 0.427
-0.5 0.411
-0.9 0.42
-1.7 0.404
-0.6 0.488
-0.6 0.507
-0.1 0.501
1.0 0.481
1.4 0.41
-0.8 0.485
0.9 0.482
0.4 0.461
3.5 0.454
4.1 0.406
1.1 0.457
3.4 0.477
2.2 0.463
1.8 0.466
1.9 0.492
2.9 0.473
3.6 0.445
2.3 0.46
2.1 0.438
0.6 0.479
1.0 0.459
0.1 0.5
-0.3 0.5
-0.3 0.557
0.5 0.499
2.8 0.493
3.3 0.51
4.2 0.524
3.4 0.495
3.5 0.453
0.8 0.463
2.9 0.476
1.7 0.43
0.6 0.446
0.9 0.333
1.0 0.438
1.2 0.434
0.7 0.438
1.4 0.505
2.9 0.466
2.6 0.46
2.8 0.502
2.1 0.482
2.1 0.501
1.8 0.401
0.3 0.435
0.3 0.433
0.6 0.481
0.9 0.325
-0.2 0.325
-0.2 0.355
-0.1 0.391
3.5 0.453
3.6 0.441
2.1 0.438
2.8 0.437
-0.5 0.417
-0.2 0.368
-0.7 0.432
2.1 0.438
2.1 0.434
2.5 0.426
3.1 0.438
1.1 0.426
1.8 0.44
1.1 0.433
0.4 0.432
-0.1 0.461
-1.1 0.421
-0.5 0.521
0.1 0.48
0.3 0.504
0.4 0.532
0.0 0.515
0.5 0.406
-0.4 0.553
0.3 0.522
-0.4 0.467
0.0 0.367
-0.1 0.429
-0.2 0.433
-0.1 0.433
-0.1 0.6
-0.3 0.4
-0.1 0.52
0.1 0.476
-0.2 0.5
-0.5 0.402
0.2 0.475
0.0 0.385
0.0 0.505
0.1 0.502
0.1 0.435
-0.4 0.609
1.1 0.577
0.7 0.553
-0.1 0.6
-1.1 0.44
0.2 0.516
0.4 0.436
-0.4 0.411
-0.1 0.324
-0.3 0.25
2.2 0.501
2.5 0.374
-0.1 0.478
0.7 0.498
0.3 0.526
-0.1 0.556
0.5 0.538
0.3 0.385
0.0 0.6
0.0 0.448
-0.1 0.391
-0.5 0.4
-0.2 0.483
0.0 0.442
-0.3 0.45
-0.6 0.478
-0.2 0.5
0.2 0.5
1.1 0.558
1.3 0.444
0.2 0.45
0.0 0.422
0.6 0.576
1.6 0.473
1.4 0.446
-0.1 0.425
0.1 0.361
-0.1 0.375
2.5 0.483
3.1 0.465
3.7 0.47
2.0 0.502
2.4 0.512
4.0 0.532
3.9 0.504
2.6 0.503
1.3 0.507
2.6 0.492
1.6 0.532
0.7 0.497
0.4 0.383
-0.5 0.435
-0.2 0.493
1.1 0.525
1.6 0.469
2.9 0.46
1.5 0.515
0.7 0.546
1.4 0.55
1.2 0.513
0.4 0.544
-0.1 0.498
0.6 0.495
0.5 0.391
-0.6 0.429
-0.1 0.298
-0.2 0.432
0.0 0.437
-0.3 0.453
0.9 0.398
-0.1 0.406
-0.1 0.369
-0.3 0.321
-0.4 0.411
5.3 0.477
4.8 0.463
6.1 0.462
4.0 0.459
5.9 0.48
6.0 0.502
6.2 0.479
5.0 0.479
2.4 0.481
3.5 0.517
3.7 0.457
2.0 0.471
1.5 0.497
3.5 0.459
1.5 0.459
1.5 0.448
1.7 0.437
1.6 0.479
1.5 0.484
3.3 0.434
2.7 0.452
0.5 0.472
1.8 0.436
1.5 0.439
0.0 0.474
0.5 0.529
1.0 0.459
-0.1 0.433
0.0 0.482
0.0 0.504
6.8 0.579
5.5 0.574
5.3 0.584
4.6 0.601
4.7 0.6
2.1 0.591
0.8 0.593
0.6 0.609
2.3 0.566
0.5 0.667
1.4 0.369
-0.6 0.418
0.1 0.333
4.6 0.419
0.6 0.439
1.0 0.43
4.0 0.473
2.1 0.481
4.4 0.468
2.0 0.525
4.3 0.492
2.9 0.463
3.3 0.53
3.8 0.352
-0.3 0.399
1.6 0.464
-0.4 0.388
-0.7 0.451
-0.2 0.37
-0.4 0.355
-0.2 0.431
-0.6 0.433
-0.7 0.42
-0.2 0.407
-0.4 0.4
-1.6 0.433
-0.7 0.427
-0.7 0.425
-0.3 0.456
-0.6 0.446
-0.7 0.413
1.1 0.453
0.7 0.518
1.2 0.476
2.4 0.44
0.0 0.492
4.2 0.555
1.8 0.55
1.8 0.51
1.6 0.353
0.0 0.603
0.2 0.667
0.4 0.667
-0.6 0.318
-0.1 0.537
-0.2 0.435
-0.4 0.368
-0.2 0.403
-0.1 0.423
0.1 0.476
1.0 0.402
0.5 0.443
0.3 0.421
0.8 0.353
0.4 0.286
-0.4 0.383
-0.5 0.418
-1.1 0.349
-1.3 0.446
-0.8 0.424
0.2 0.361
-0.2 0.503
0.1 0.4
2.2 0.515
1.7 0.492
0.8 0.506
1.2 0.531
1.3 0.515
0.4 0.548
2.2 0.453
5.1 0.467
5.5 0.454
4.2 0.471
2.9 0.468
1.1 0.42
1.0 0.393
0.8 0.421
0.9 0.414
0.9 0.448
0.4 0.373
0.0 0.5
-0.3 0.5
0.1 0.495
2.7 0.456
0.8 0.401
-0.3 0.473
0.8 0.438
1.6 0.392
0.7 0.405
1.5 0.42
1.9 0.436
2.4 0.429
0.5 0.417
0.9 0.399
-0.3 0.385
-0.2 0.4
1.4 0.439
1.3 0.471
0.8 0.377
-0.2 0.43
0.4 0.393
-0.1 0.36
0.0 0.364
4.1 0.442
5.7 0.416
4.9 0.402
3.2 0.455
4.7 0.471
4.9 0.439
2.4 0.464
4.9 0.457
3.4 0.472
2.9 0.497
4.7 0.443
3.4 0.436
3.4 0.451
1.8 0.447
1.7 0.447
1.7 0.363
-0.3 0.4
2.6 0.411
2.1 0.444
1.9 0.379
1.1 0.55
1.9 0.46
0.0 0.412
0.1 0.473
0.3 0.455
0.5 0.423
0.0 0.522
0.1 0.396
1.8 0.424
1.7 0.376
1.5 0.411
1.7 0.478
4.0 0.357
0.9 0.403
1.6 0.431
1.8 0.418
2.3 0.412
0.9 0.365
0.6 0.336
-0.2 0.333
-0.3 0.368
-0.5 0.455
-0.4 0.441
-0.5 0.489
-0.6 0.517
0.0 0.521
-0.3 0.0
0.0 0.333
-0.1 0.535
0.2 0.391
0.1 0.36
-0.3 0.598
1.5 0.548
1.0 0.474
0.2 0.576
0.3 0.625
1.2 0.523
0.0 0.568
-0.4 0.458
-0.4 0.25
2.4 0.5
-0.1 0.464
1.2 0.485
2.3 0.447
0.7 0.571
0.5 0.333
0.0 0.482
0.2 0.531
0.4 0.461
0.3 0.167
-0.5 0.333
-0.1 0.483
0.9 0.469
2.6 0.44
3.2 0.441
1.4 0.45
3.5 0.465
1.3 0.442
1.7 0.455
1.0 0.352
0.0 0.4
-0.1 0.4
0.3 0.474
-0.2 0.0
1.1 0.389
-0.3 0.429
0.4 0.289
0.6 0.432
1.8 0.372
-0.5 0.398
0.7 0.389
2.8 0.355
0.2 0.418
1.2 0.359
-0.3 0.393
0.2 0.431
2.1 0.341
0.1 0.376
0.2 0.091
0.2 0.405
-0.7 0.457
1.9 0.425
1.6 0.398
2.0 0.387
0.9 0.386
0.2 0.427
0.1 0.372
4.5 0.507
3.4 0.469
0.7 0.453
-0.3 0.492
0.5 0.482
1.9 0.467
1.0 0.432
0.7 0.448
-0.2 0.442
0.3 0.25
0.3 0.558
1.6 0.471
1.6 0.402
0.5 0.41
1.0 0.382
0.3 0.418
-0.5 0.421
-0.5 0.358
2.8 0.455
2.0 0.406
1.0 0.402
-0.1 0.455
0.8 0.423
-0.3 0.442
0.9 0.463
0.3 0.459
0.9 0.428
0.3 0.449
-0.1 0.374
-0.2 0.398
-0.3 0.367
-0.6 0.344
0.1 0.269
3.0 0.38
0.5 0.353
0.3 0.402
0.4 0.377
0.7 0.0
-0.4 0.5
0.0 0.493
0.3 0.353
0.2 0.387
-0.4 0.543
0.0 0.55
0.3 0.497
0.4 0.507
0.5 0.513
0.0 0.49
-0.3 0.465
-0.1 0.449
-0.4 0.4
-0.3 0.0
0.0 0.0
-0.1 0.467
0.0 0.54
0.0 0.413
0.1 0.511
1.3 0.46
0.3 0.439
1.5 0.514
1.1 0.475
0.0 0.449
-0.3 0.478
0.0 0.468
0.0 0.399
-0.4 0.188
2.0 0.455
1.8 0.388
0.3 0.406
-0.4 0.411
0.8 0.442
1.2 0.452
2.3 0.413
0.6 0.382
-0.7 0.409
-0.3 0.417
-0.5 0.158
0.0 0.231
1.9 0.404
1.3 0.403
1.8 0.409
1.2 0.414
4.6 0.397
1.9 0.409
1.9 0.399
-0.3 0.414
0.4 0.401
0.1 0.428
0.9 0.405
0.2 0.267
-0.3 0.408
0.0 0.25
-0.1 0.37
-0.2 0.384
0.2 0.368
-0.2 0.47
-0.3 0.433
-0.6 0.417
-0.4 0.385
-0.8 0.401
-0.9 0.432
-0.9 0.408
-1.1 0.46
-0.4 0.461
0.2 0.386
1.1 0.312
-0.6 0.282
-0.7 0.388
0.5 0.285
-0.6 0.374
-0.1 0.348
0.0 0.378
-0.3 0.417
-0.2 0.524
1.0 0.372
3.3 0.517
3.4 0.483
3.2 0.484
3.2 0.481
3.1 0.48
4.7 0.444
2.1 0.437
2.1 0.423
0.0 0.44
2.6 0.399
0.7 0.404
0.5 0.441
2.1 0.402
1.8 0.376
0.0 0.401
2.1 0.392
2.2 0.397
0.3 0.391
-0.2 0.356
0.1 0.389
0.4 0.429
0.3 0.403
0.2 0.375
-0.6 0.446
-0.4 0.4
0.1 0.443
0.9 0.432
0.0 0.425
-0.4 0.209
-0.1 0.4
-0.1 0.25
-0.3 0.4
-0.1 0.297
-0.3 0.424
1.4 0.412
0.4 0.416
1.6 0.427
0.2 0.48
0.2 0.481
0.4 0.469
0.7 0.449
0.3 0.491
-0.5 0.465
-0.6 0.509
-0.3 0.429
2.3 0.508
3.1 0.481
1.6 0.449
0.0 0.506
1.8 0.487
2.0 0.415
-0.1 0.431
-0.3 0.45
2.6 0.43
3.9 0.428
2.6 0.417
2.2 0.501
3.0 0.47
3.5 0.484
4.1 0.467
3.1 0.463
2.8 0.438
1.8 0.451
1.7 0.43
1.5 0.434
0.7 0.362
-0.3 0.422
0.7 0.422
0.7 0.402
-0.3 0.432
0.2 0.478
1.3 0.465
1.1 0.469
1.8 0.47
0.5 0.505
1.6 0.482
0.1 0.421
-0.3 0.375
0.0 0.486
2.2 0.494
1.2 0.483
1.9 0.473
1.5 0.471
1.5 0.486
0.3 0.486
0.0 0.492
1.0 0.503
1.1 0.476
0.3 0.511
0.9 0.465
0.1 0.542
1.4 0.42
-0.2 0.443
0.0 0.446
1.2 0.439
-0.1 0.431
-0.2 0.414
1.3 0.413
0.7 0.432
-0.2 0.462
0.8 0.426
0.1 0.443
0.7 0.505
0.3 0.444
-0.2 0.507
0.3 0.535
0.6 0.473
-0.4 0.475
-0.5 0.452
-0.3 0.504
0.0 0.5
0.0 0.606
0.2 0.403
0.4 0.422
1.1 0.422
-0.1 0.406
2.2 0.419
0.5 0.454
2.8 0.419
1.8 0.456
4.1 0.413
2.9 0.409
1.7 0.446
3.0 0.415
0.9 0.264
-0.3 0.385
0.2 0.441
0.2 0.441
2.1 0.409
1.7 0.412
0.9 0.39
-0.1 0.381
0.1 0.397
0.3 0.433
1.4 0.482
1.2 0.454
2.1 0.456
0.7 0.424
-0.1 0.47
-0.4 0.448
-0.9 0.386
-1.3 0.449
-0.9 0.437
-0.8 0.425
-0.2 0.428
-0.8 0.32
-0.1 0.554
-0.1 0.564
0.4 0.507
0.4 0.458
0.0 0.437
-0.1 0.475
-0.2 0.463
-0.3 0.267
5.0 0.394
4.3 0.388
1.9 0.428
2.6 0.422
1.2 0.435
1.1 0.397
-0.5 0.363
-0.2 0.512
1.1 0.42
-0.2 0.384
-0.3 0.355
-0.2 0.0
3.7 0.531
5.9 0.481
5.1 0.421
5.5 0.453
3.9 0.51
5.7 0.453
5.2 0.392
2.0 0.445
1.7 0.541
2.9 0.45
1.2 0.395
-0.4 0.435
4.5 0.469
3.4 0.471
3.0 0.436
2.3 0.44
2.3 0.43
3.9 0.423
2.6 0.432
3.6 0.419
1.8 0.409
1.4 0.373
0.8 0.399
1.5 0.41
0.9 0.312
2.8 0.418
0.5 0.449
1.3 0.493
0.3 0.412
4.9 0.495
4.3 0.461
3.8 0.413
0.4 0.433
1.8 0.434
1.2 0.452
1.5 0.484
2.3 0.469
2.4 0.441
1.6 0.427
-0.3 0.441
0.6 0.463
1.6 0.411
-0.5 0.443
1.8 0.4
0.2 0.433
1.9 0.389
0.0 0.398
1.6 0.403
0.8 0.293
-0.8 0.538
0.0 0.472
-0.1 0.521
-0.6 0.452
0.2 0.418
1.7 0.355
-0.8 0.378
0.9 0.526
0.8 0.453
0.4 0.503
0.4 0.46
-0.3 0.517
0.0 0.547
-0.1 0.491
1.6 0.415
1.7 0.438
1.4 0.405
-0.4 0.374
-0.2 0.442
1.0 0.386
-0.1 0.43
0.0 0.387
-0.3 0.404
0.6 0.382
0.8 0.388
1.3 0.407
1.2 0.413
0.8 0.442
1.2 0.413
0.8 0.384
0.7 0.49
1.4 0.499
1.7 0.47
1.0 0.502
-0.6 0.547
0.4 0.425
0.0 0.396
-0.6 0.411
-0.5 0.484
-0.1 0.293
0.3 0.42
0.0 0.394
0.0 0.375
0.4 0.419
0.1 0.393
-0.1 0.51
0.3 0.453
0.2 0.505
-0.2 0.467
-0.6 0.417
-0.5 0.51
-0.6 0.44
-0.7 0.479
-0.4 0.467
-0.1 0.389
0.7 0.423
2.0 0.428
3.7 0.421
4.2 0.496
0.4 0.404
2.0 0.44
3.5 0.453
2.6 0.401
2.7 0.414
2.3 0.397
1.9 0.394
1.1 0.403
2.2 0.397
0.1 0.459
-0.6 0.454
-0.2 0.439
0.3 0.469
0.8 0.478
0.3 0.448
-0.2 0.286
-0.2 0.37
-0.1 0.44
0.0 0.383
-0.5 0.37
-0.1 0.472
0.0 0.424
-1.1 0.419
-0.4 0.475
0.0 0.49
-0.3 0.415
-0.5 0.48
-0.5 0.429
-0.4 0.397
-0.3 0.355
0.0 0.4
-0.2 0.443
0.7 0.534
1.2 0.571
0.9 0.431
3.1 0.392
1.6 0.431
4.9 0.447
6.4 0.418
5.2 0.398
0.3 0.261
0.0 0.411
1.3 0.366
0.2 0.406
-0.3 0.333
-0.1 0.371
-0.3 0.459
-0.1 0.441
0.9 0.389
-1.0 0.444
-0.1 0.425
0.0 0.451
-0.3 0.235
-0.1 0.571
3.0 0.483
3.4 0.446
2.6 0.442
3.6 0.488
4.3 0.446
4.0 0.428
4.3 0.41
2.8 0.398
2.2 0.45
2.7 0.387
1.4 0.42
1.8 0.382
-0.1 0.0
0.0 0.2
-0.1 0.481
-0.2 0.467
-0.2 0.625
-0.1 0.405
0.0 0.529
0.0 0.371
-0.1 0.297
0.0 0.395
-0.1 0.462
-0.1 0.512
1.2 0.517
-0.5 0.445
-0.6 0.468
-0.2 0.314
-0.3 0.1
-0.1 0.371
0.1 0.357
-0.4 0.461
0.3 0.333
-0.3 0.446
-0.3 0.489
0.8 0.46
-0.6 0.526
0.2 0.591
0.8 0.507
0.0 0.533
0.0 0.5
-0.6 0.517
-0.1 0.525
-0.2 0.459
-0.3 0.458
0.0 0.5
-0.1 0.356
0.0 0.531
0.8 0.424
0.0 0.494
2.8 0.565
2.2 0.624
2.9 0.623
3.1 0.565
0.4 0.574
0.1 0.654
2.2 0.679
3.2 0.638
3.0 0.593
1.4 0.666
3.6 0.666
3.6 0.583
0.6 0.671
0.5 0.462
0.2 0.427
1.2 0.421
0.7 0.413
1.0 0.327
0.2 0.442
-0.1 0.498
0.4 0.414
-0.2 0.461
0.6 0.441
-0.1 0.439
0.0 0.457
-0.1 0.387
-0.1 0.286
0.4 0.414
0.7 0.424
1.1 0.412
0.6 0.397
0.0 0.364
-0.7 0.469
-0.8 0.314
-0.3 0.348
-0.1 0.479
-0.3 0.4
-0.2 0.31
-0.1 0.458
-0.7 0.585
-0.4 0.496
-0.7 0.538
0.1 0.563
-1.0 0.576
-0.6 0.546
-1.0 1.0
0.0 0.381
-0.2 0.351
-0.3 0.388
0.2 0.29
-0.1 0.487
2.1 0.47
1.7 0.522
1.0 0.433
0.3 0.517
0.0 0.333
-0.1 0.357
-0.2 0.296
-0.6 0.412
-0.6 0.393
-0.8 0.438
-0.5 0.333
-0.1 0.545
-0.1 0.286
0.0 0.438
0.1 0.313
0.0 0.529
3.2 0.51
3.0 0.482
2.9 0.514
2.6 0.503
5.6 0.538
3.3 0.534
2.9 0.567
5.3 0.536
4.5 0.529
5.6 0.501
3.5 0.466
1.5 0.48
1.3 0.494
3.2 0.494
3.2 0.469
3.5 0.502
0.0 0.4
0.0 0.367
-0.6 0.465
1.0 0.474
0.1 0.464
-0.2 0.49
0.1 0.422
-0.5 0.45
-0.3 0.411
-0.2 0.118
0.8 0.51
0.9 0.515
0.6 0.56
1.4 0.514
0.6 0.558
0.6 0.528
1.9 0.48
0.0 0.562
1.6 0.574
0.3 0.518
0.4 0.431
-0.4 0.544
0.0 0.529
-0.4 0.614
0.4 0.601
-0.3 0.577
0.1 0.536
-0.2 0.364
-0.1 0.478
0.0 0.498
-0.3 0.509
0.1 0.463
-0.5 0.418
-0.4 1.0
0.0 0.375
0.0 0.373
0.2 0.414
1.2 0.441
1.6 0.469
2.9 0.422
-0.2 0.348
-0.5 0.383
-0.8 0.3
0.8 0.501
2.9 0.498
3.5 0.422
0.7 0.493
3.8 0.456
0.1 0.466
1.6 0.439
1.3 0.467
1.5 0.474
2.0 0.416
0.9 0.456
-0.1 0.45
0.3 0.444
0.4 0.444
0.4 0.458
0.4 0.446
0.4 0.397
0.2 0.43
1.0 0.461
3.5 0.453
2.2 0.471
2.1 0.432
2.7 0.437
3.0 0.458
3.0 0.443
1.2 0.454
2.2 0.423
1.5 0.454
1.2 0.435
1.5 0.435
1.5 0.439
0.4 0.436
2.4 0.445
3.2 0.491
4.8 0.443
7.5 0.493
3.8 0.46
5.5 0.471
3.1 0.506
4.1 0.449
2.0 0.506
2.8 0.467
2.7 0.467
2.9 0.453
2.5 0.384
-0.3 0.373
-0.1 0.0
-0.1 0.235
0.0 0.402
-0.4 0.466
-0.8 0.451
0.8 0.44
-0.2 0.414
0.1 0.433
0.8 0.458
1.1 0.455
1.6 0.475
3.1 0.472
2.7 0.368
-0.2 0.45
0.2 0.361
-0.3 0.241
0.9 0.464
1.6 0.447
1.9 0.482
3.0 0.548
3.1 0.52
3.0 0.494
2.2 0.506
3.2 0.487
0.1 0.519
2.4 0.48
1.8 0.522
2.6 0.499
0.8 0.486
0.0 0.486
0.0 0.493
1.0 0.466
0.6 0.41
0.6 0.425
1.9 0.409
1.5 0.407
1.3 0.424
-0.2 0.453
1.1 0.421
0.2 0.377
-0.5 0.431
0.6 0.376
0.4 0.302
-0.1 0.513
0.3 0.485
0.8 0.448
-0.1 0.436
-0.6 0.467
1.1 0.459
0.3 0.475
0.3 0.488
2.2 0.503
3.1 0.463
0.4 0.46
1.4 0.467
1.7 0.487
2.0 0.487
2.0 0.475
0.6 0.449
0.0 0.552
-0.1 0.442
-0.1 0.568
0.1 0.542
1.0 0.41
1.1 0.438
2.1 0.446
3.0 0.446
3.5 0.417
1.2 0.441
3.8 0.477
1.9 0.474
2.7 0.447
2.8 0.408
1.0 0.402
-0.1 0.309
-0.4 0.301
-0.3 0.402
-0.1 0.394
-0.3 0.398
0.1 0.383
-0.4 0.403
0.1 0.309
-0.1 0.421
0.1 0.341
-0.2 0.526
0.0 0.467
0.0 0.383
-0.3 0.455
-0.1 0.405
0.1 0.393
-0.1 0.394
0.4 0.466
2.6 0.453
0.7 0.25
-0.1 0.492
-0.5 0.489
0.5 0.502
-0.4 0.533
-0.1 0.574
0.9 0.396
1.0 0.414
1.7 0.418
1.9 0.409
0.2 0.389
1.3 0.38
-0.5 0.444
0.0 0.425
0.1 0.263
-0.1 0.492
-0.2 0.36
0.0 0.449
1.8 0.538
3.7 0.502
3.9 0.449
2.6 0.48
4.1 0.484
4.3 0.454
2.5 0.454
2.1 0.397
2.0 0.504
0.6 0.412
-0.1 0.412
0.2 0.435
0.8 0.371
0.0 0.426
0.3 0.43
0.8 0.383
0.4 0.454
0.3 0.384
-1.4 0.426
0.3 0.41
-0.3 0.338
0.1 0.308
-0.5 0.273
-0.2 0.408
-1.0 0.459
-0.1 0.419
0.0 0.382
-0.1 0.458
-0.1 0.433
-0.4 0.475
-0.2 0.273
-0.5 0.493
-0.4 0.273
-0.2 0.433
1.1 0.523
2.8 0.521
1.8 0.549
1.2 0.561
4.3 0.547
3.7 0.49
0.6 0.562
3.7 0.51
1.3 0.532
2.0 0.477
0.9 0.456
-0.7 0.499
-0.6 0.499
0.0 0.272
-0.1 0.434
-0.1 0.423
0.7 0.393
-0.7 0.42
1.2 0.409
-0.1 0.355
-0.7 0.377
2.7 0.38
-0.1 0.445
1.2 0.455
1.9 0.463
2.5 0.466
3.9 0.453
2.5 0.428
1.0 0.45
0.1 0.407
-0.1 0.424
0.2 0.394
0.0 0.407
0.2 0.407
0.2 0.424
-0.7 0.476
0.0 0.399
-0.3 0.406
-0.4 0.398
0.2 0.35
0.0 0.433
1.0 0.409
0.3 0.333
-0.6 0.308
-0.6 0.378
-0.2 0.405
0.9 0.37
-0.1 0.358
-0.1 0.419
-0.4 0.388
-0.2 0.416
0.0 0.435
-0.5 0.425
0.0 0.411
-0.2 0.395
0.2 0.449
2.2 0.451
1.5 0.406
1.1 0.452
1.4 0.476
3.1 0.401
0.0 0.41
0.0 0.462
1.4 0.474
1.1 0.442
0.9 0.43
1.8 0.435
1.1 0.435
1.1 0.41
0.0 0.423
-0.5 0.431
-0.2 0.432
-0.6 0.508
0.2 0.363
-0.4 0.472
-0.6 0.389
0.1 0.406
0.0 0.476
0.9 0.489
-0.5 0.544
0.1 0.439
0.2 0.444
-0.3 0.493
-0.2 0.408
0.3 0.472
0.0 0.479
0.1 0.473
-0.4 0.423
-0.1 0.423
-0.2 0.524
1.2 0.539
0.9 0.553
0.2 0.474
-0.4 0.416
-0.5 0.48
0.3 0.438
0.0 0.419
-0.2 0.0
1.7 0.418
4.0 0.471
5.0 0.462
3.7 0.464
4.8 0.46
5.9 0.454
2.4 0.441
4.5 0.433
4.5 0.526
1.7 0.425
2.0 0.469
2.4 0.426
1.5 0.426
1.5 0.453
1.6 0.39
-0.6 0.436
-0.2 0.448
-0.3 0.433
-1.0 0.462
0.0 0.44
-0.6 0.445
-0.7 0.492
1.8 0.512
0.7 0.473
1.1 0.449
-0.6 0.468
-0.5 0.478
0.0 0.431
0.1 0.437
1.1 0.328
-0.2 0.531
0.1 0.399
0.1 0.399
0.1 0.32
-0.6 0.486
0.0 0.342
2.6 0.53
2.4 0.503
0.9 0.0
0.0 0.57
1.5 0.408
-0.1 0.604
3.4 0.587
4.6 0.615
3.8 0.537
0.9 0.48
1.4 0.503
0.9 0.511
0.6 0.511
0.6 0.544
0.6 0.617
-0.7 0.25
0.0 0.408
-0.2 0.417
0.3 0.404
0.9 0.388
0.6 0.414
1.1 0.399
0.9 0.418
0.5 0.43
0.8 0.331
-0.8 0.375
0.0 0.377
-0.7 0.468
0.7 0.451
1.4 0.461
0.8 0.4
-0.3 0.44
0.5 0.439
1.0 0.349
0.3 0.41
0.4 0.296
0.0 0.395
0.7 0.425
1.4 0.417
0.4 0.385
0.0 0.421
0.4 0.407
-0.1 0.65
-0.1 0.327
2.4 0.522
2.6 0.552
2.2 0.519
2.2 0.516
1.8 0.507
2.6 0.548
-0.2 0.425
-0.1 0.361
-0.6 0.418
-0.9 0.404
-0.4 0.42
-0.3 0.447
0.3 0.392
-0.1 0.356
-0.1 0.392
-0.2 0.346
-0.3 0.457
0.4 0.402
0.7 0.463
1.3 0.468
2.3 0.46
3.0 0.462
2.7 0.445
2.3 0.485
2.1 0.458
1.5 0.355
0.0 0.374
-0.3 0.407
-0.3 0.385
0.0 0.373
-0.4 0.409
0.0 0.39
0.0 0.467
2.8 0.487
3.4 0.455
1.8 0.46
3.0 0.448
2.5 0.45
2.2 0.486
1.1 0.473
0.2 0.421
-0.1 0.438
0.3 0.407
-0.3 0.44
0.2 0.44
0.2 0.445
-1.1 0.44
-0.3 0.387
-0.4 0.386
-0.1 0.387
0.3 0.405
-0.1 0.42
-0.5 0.456
0.9 0.477
0.9 0.472
1.4 0.441
2.1 0.415
1.2 0.409
-0.3 0.399
0.1 0.363
0.0 0.333
-0.1 0.333
0.0 0.478
0.1 0.452
-0.2 0.714
0.1 0.643
-0.1 0.435
-0.1 0.455
-0.3 0.35
-0.1 0.333
0.6 0.475
0.5 0.559
3.9 0.333
-0.1 0.575
2.4 0.59
4.0 0.539
1.5 0.557
1.6 0.502
1.9 0.483
0.2 0.577
0.1 0.557
-0.4 0.557
0.2 0.557
0.2 0.566
-0.2 0.0
-1.1 0.328
-0.5 0.297
-0.3 0.351
-1.1 0.366
-0.7 0.327
-0.4 0.428
0.7 0.402
-0.2 0.387
-0.2 0.521
0.0 0.514
-0.4 0.571
0.4 0.529
0.6 0.524
0.5 0.497
-0.6 0.525
-0.3 0.581
0.4 0.598
0.0 0.719
-0.2 0.472
0.0 0.416
0.0 0.322
-0.4 0.468
-0.2 0.472
-0.2 0.385
-0.5 0.15
-0.3 0.371
-0.6 0.417
0.0 0.508
1.6 0.431
0.5 0.481
2.6 0.476
2.5 0.492
2.6 0.443
1.3 0.458
2.3 0.455
1.8 0.43
2.3 0.449
2.8 0.452
4.2 0.444
1.2 0.444
1.2 0.434
2.9 0.433
-0.5 0.402
0.2 0.468
0.1 0.429
-0.3 0.45
0.0 0.368
-0.2 0.534
0.1 0.0
0.5 0.475
0.3 0.481
0.9 0.476
3.2 0.462
1.6 0.482
1.4 0.425
0.0 0.45
0.0 0.425
0.0 0.43
-0.1 0.427
-0.2 0.474
0.3 0.474
0.3 0.462
0.0 0.439
0.1 0.411
-0.1 0.5
-0.1 0.438
1.3 0.423
0.6 0.423
1.3 0.487
2.5 0.47
1.0 0.452
1.7 0.462
2.8 0.438
1.5 0.444
2.1 0.444
2.1 0.381
1.3 0.391
-0.7 0.328
-0.5 0.438
0.1 0.411
-0.6 0.408
0.7 0.428
2.0 0.416
0.3 0.359
-0.1 0.377
-0.3 0.422
0.6 0.377
0.2 0.373
0.0 0.373
0.0 0.388
0.0 0.381
-0.3 0.395
0.4 0.404
0.2 0.41
1.8 0.367
0.6 0.403
0.8 0.404
0.7 0.381
-0.1 0.38
0.3 0.5
-0.1 0.43
1.1 0.471
1.8 0.505
3.1 0.496
3.1 0.494
3.5 0.487
3.3 0.518
2.7 0.496
1.7 0.487
1.0 0.535
2.0 0.516
1.6 0.46
0.8 0.46
0.8 0.467
0.0 0.429
-0.7 0.486
-0.1 0.385
-0.1 0.389
-0.2 0.403
-0.2 0.433
0.8 0.428
-0.1 0.38
-0.5 0.36
-0.1 0.447
-0.3 0.331
-0.8 0.0
0.1 0.417
-0.1 0.511
0.5 0.453
0.0 0.376
-0.3 0.368
-0.2 0.304
-0.2 0.424
-0.2 0.316
-0.2 0.417
1.0 0.437
1.0 0.48
1.5 0.459
-0.4 0.43
-0.2 0.451
0.0 0.498
-0.1 0.491
0.6 0.364
-0.2 0.376
-0.1 0.378
-0.1 0.286
0.2 0.422
-0.5 0.526
3.7 0.538
1.7 0.477
1.0 0.507
2.5 0.483
2.9 0.492
2.5 0.444
0.3 0.539
1.6 0.521
1.8 0.46
1.1 0.46
1.1 0.527
1.1 0.446
0.0 0.286
-0.4 0.48
-0.1 0.524
-0.1 0.355
-0.1 0.333
0.0 0.524
0.2 0.468
0.1 0.532
0.6 0.511
0.6 0.39
-0.9 0.491
0.5 0.333
-0.1 0.478
-0.2 0.333
0.3 0.4
0.1 0.39
-0.5 0.34
-0.2 0.5
0.0 0.346
-0.8 0.366
-0.9 0.424
-0.3 0.411
-1.6 0.436
-0.4 0.435
-0.3 0.457
-0.5 0.443
-0.5 0.471
0.1 0.461
0.2 0.376
-0.3 0.386
-0.7 0.386
0.0 0.518
0.1 0.54
2.6 0.508
1.3 0.492
0.2 0.467
-0.3 0.518
0.2 0.494
-0.3 0.512
-0.1 0.423
-0.3 0.514
-0.3 0.507
-0.5 0.448
-0.4 0.448
-0.4 0.377
-0.2 0.478
-0.9 0.389
-0.5 0.421
-0.1 0.41
-0.6 0.431
0.4 0.445
-0.4 0.421
1.0 0.397
3.7 0.418
2.9 0.448
3.5 0.414
0.7 0.437
0.8 0.409
1.2 0.446
0.3 0.414
0.2 0.377
0.3 0.393
0.6 0.373
-0.3 0.373
-0.3 0.38
1.3 0.475
2.8 0.471
2.0 0.459
3.0 0.455
1.9 0.451
0.5 0.405
-0.3 0.358
-0.4 0.399
-0.4 0.403
-0.2 0.507
3.1 0.472
8.8 0.48
9.5 0.476
7.6 0.484
10.1 0.489
11.6 0.503
10.9 0.51
8.2 0.531
7.6 0.565
9.8 0.567
8.0 0.488
5.9 0.488
5.9 0.52
7.6 0.548
-0.4 0.273
-0.1 0.0
0.0 0.409
-0.2 0.489
0.3 0.474
0.0 0.364
-0.2 0.437
-0.3 0.414
-0.7 0.477
-0.9 0.434
-0.1 0.458
-0.1 0.461
-0.8 0.467
-0.2 0.409
0.0 0.369
0.0 0.396
0.5 0.418
0.7 0.368
0.4 0.437
1.0 0.369
-0.1 0.361
0.1 0.422
1.1 0.38
0.2 0.344
-0.1 0.456
0.1 0.368
0.1 0.368
0.1 0.408
0.1 0.478
-0.9 0.497
0.2 0.523
1.0 0.451
-0.3 0.483
1.2 0.528
-0.1 0.49
-0.8 0.471
-0.1 0.446
0.2 0.507
-0.6 0.509
-0.1 0.515
0.2 0.515
0.2 0.465
-0.2 0.401
-0.7 0.446
-0.2 0.494
0.6 0.488
-0.1 0.432
-0.7 0.419
-0.5 0.25
-0.2 0.382
-0.1 0.418
2.9 0.43
1.1 0.44
0.9 0.443
0.9 0.438
1.0 0.493
0.6 0.434
0.8 0.432
1.7 0.461
2.7 0.475
2.5 0.487
3.3 0.487
3.3 0.435
1.1 0.464
-0.3 0.371
-0.7 0.182
-0.6 0.422
-0.3 0.35
-0.4 0.353
-1.0 0.388
-0.2 0.329
-0.5 0.509
0.4 0.454
1.1 0.438
-0.6 0.515
0.0 0.49
0.2 0.469
0.5 0.454
-0.1 0.0
0.0 0.498
0.0 0.44
-0.4 0.434
0.3 0.433
0.1 0.453
0.9 0.391
-0.1 0.375
-0.9 0.343
-0.3 0.418
-0.3 0.399
-0.8 0.452
0.5 0.451
0.7 0.474
1.0 0.437
-0.7 0.497
0.2 0.488
0.3 0.461
0.2 0.499
1.4 0.473
0.6 0.427
0.4 0.454
1.5 0.454
1.5 0.466
1.7 0.534
-0.5 0.435
-0.5 0.41
-0.4 0.453
0.5 0.362
-0.9 0.422
0.0 0.363
-1.1 0.403
0.0 0.391
-0.1 0.353
-0.1 0.333
0.0 0.471
-0.2 0.515
0.7 0.491
0.5 0.615
2.2 0.577
2.4 0.602
1.2 0.515
-0.1 0.489
0.6 0.457
0.8 0.451
-0.2 0.449
-0.6 0.449
-0.6 0.533
0.3 0.427
0.2 0.404
-0.4 0.488
0.5 0.439
0.8 0.413
0.8 0.432
1.1 0.392
0.2 0.385
0.1 0.347
-0.3 0.448
-0.1 0.361
-0.1 0.405
1.5 0.418
1.0 0.433
0.1 0.399
-0.6 0.403
0.9 0.478
1.3 0.468
0.9 0.44
1.0 0.453
1.0 0.385
-0.9 0.426
-0.3 0.426
-0.1 0.324
0.3 0.527
0.6 0.481
0.3 0.524
-0.1 0.458
-0.1 0.532
0.2 0.494
-0.4 0.467
0.1 0.531
0.0 0.45
0.0 0.433
1.8 0.478
4.8 0.495
7.0 0.491
5.1 0.469
2.5 0.491
9.7 0.476
8.0 0.5
5.7 0.497
3.4 0.521
3.5 0.545
1.9 0.47
1.6 0.47
1.6 0.456
1.6 0.434
0.3 0.411
0.0 0.412
0.2 0.474
1.3 0.45
0.8 0.436
0.2 0.357
-0.1 0.328
-0.5 0.369
-0.4 0.392
0.5 0.436
-0.4 0.512
1.9 0.476
1.5 0.482
2.3 0.472
1.2 0.505
2.4 0.508
2.9 0.487
1.8 0.498
3.3 0.488
2.5 0.471
1.8 0.471
1.8 0.545
1.9 0.536
-0.6 0.438
0.4 0.424
0.6 0.446
1.2 0.48
1.4 0.467
3.1 0.442
2.2 0.399
-0.1 0.426
0.5 0.43
0.2 0.417
0.0 0.397
0.3 0.397
0.3 0.437
0.6 0.471
0.2 0.514
0.6 0.434
0.2 0.482
0.4 0.51
0.6 0.51
2.1 0.469
1.7 0.445
1.8 0.494
1.4 0.495
2.2 0.495
2.2 0.458
0.8 0.461
-0.7 0.366
-0.8 0.415
0.4 0.412
0.4 0.539
1.1 0.507
0.5 0.46
2.6 0.394
2.2 0.398
2.0 0.417
1.3 0.417
1.3 0.456
3.6 0.402
2.9 0.402
2.9 0.416
2.5 0.409
-0.2 0.365
-0.3 0.5
0.0 0.4
0.2 0.638
0.6 0.599
2.1 0.626
2.0 0.578
2.1 0.591
0.5 0.534
0.6 0.609
0.3 0.476
0.3 1.0
0.7 0.448
1.2 0.447
0.4 0.416
0.1 0.496
2.2 0.446
1.3 0.464
1.5 0.44
1.3 0.487
0.6 0.445
0.4 0.409
0.3 0.409
0.3 0.509
0.0 0.354
0.0 0.544
0.1 0.457
1.2 0.552
2.0 0.504
2.0 0.571
0.8 0.525
0.3 0.5
0.7 0.502
1.4 0.568
1.2 0.589
1.0 0.566
1.2 0.597
1.4 0.595
1.8 0.556
0.9 0.419
0.6 0.419
0.6 0.459
0.1 0.609
0.0 0.403
-0.2 0.415
0.6 0.397
1.1 0.463
1.9 0.517
3.6 0.479
1.1 0.448
0.5 0.466
1.4 0.46
3.4 0.412
2.2 0.426
2.2 0.431
1.2 0.469
1.5 0.469
1.5 0.455
2.3 0.387
0.8 0.4
1.6 0.408
1.0 0.387
-0.3 0.421
0.4 0.373
-0.5 0.38
-0.6 0.419
-0.1 0.382
-0.2 0.484
0.7 0.422
1.4 0.455
2.4 0.434
1.1 0.455
1.9 0.416
-0.1 0.44
-0.3 0.442
-0.1 0.408
-1.2 0.343
-0.3 0.437
-0.8 0.437
0.9 0.469
0.8 0.492
2.1 0.463
1.6 0.438
2.8 0.403
0.8 0.422
0.4 0.445
1.0 0.438
0.7 0.378
0.1 0.418
1.3 0.418
1.3 0.447
0.7 0.399
0.1 0.503
-0.6 0.517
-0.2 0.529
2.0 0.531
2.5 0.603
4.3 0.599
3.3 0.572
4.6 0.612
5.4 0.593
5.0 0.573
3.0 0.578
2.3 0.591
2.4 0.593
0.3 0.593
0.3 0.62
1.5 0.633
-0.7 0.379
-0.4 0.47
-0.1 0.483
-0.3 0.422
-0.1 0.441
-0.8 0.527
1.0 0.481
1.0 0.448
-0.2 0.501
0.7 0.473
0.2 0.473
0.2 0.41
-0.2 0.407
2.9 0.5
3.2 0.447
4.1 0.456
5.2 0.473
4.8 0.443
3.8 0.445
3.2 0.454
3.6 0.451
3.7 0.48
2.6 0.466
1.9 0.466
1.9 0.478
1.6 0.528
-0.1 0.533
0.0 0.313
0.0 0.464
0.0 0.474
0.1 0.466
-0.1 0.469
-0.6 0.439
-0.8 0.448
-0.3 0.394
-0.9 0.332
0.0 0.422
0.0 0.421
0.0 0.356
-0.1 0.431
-0.1 0.0
-0.1 0.341
-0.2 0.442
0.0 0.325
-0.2 0.499
-0.3 0.514
1.5 0.5
1.7 0.497
1.2 0.498
1.0 0.496
1.5 0.492
2.6 0.494
2.2 0.509
2.5 0.481
1.1 0.481
1.1 0.485
0.2 0.499
-0.2 0.449
-0.2 0.462
0.4 0.386
0.0 0.387
0.2 0.507
0.1 0.526
0.1 0.41
-1.3 0.469
-0.4 0.502
0.1 0.511
-0.2 0.427
0.0 0.463
-0.3 0.48
1.0 0.473
3.2 0.456
1.7 0.42
0.8 0.417
0.5 0.436
2.3 0.413
0.7 0.45
1.3 0.43
0.8 0.427
0.0 0.427
0.0 0.372
0.6 0.483
1.9 0.43
0.9 0.469
1.5 0.503
2.4 0.449
1.4 0.446
2.1 0.427
0.8 0.392
0.9 0.394
0.5 0.407
0.4 0.407
0.4 0.368
-0.3 0.444
-0.1 0.461
1.7 0.467
0.5 0.432
-0.2 0.427
0.0 0.399
-0.5 0.426
-0.2 0.25
0.1 0.415
0.0 0.532
2.6 0.535
0.4 0.561
1.4 0.53
0.7 0.573
1.6 0.533
0.3 0.477
0.0 0.0
0.0 0.403
-0.9 0.374
-0.1 0.43
0.2 0.306
0.0 0.422
0.0 0.467
0.5 0.391
-0.5 0.382
-0.5 0.36
-0.5 0.441
-0.2 0.581
-0.2 0.556
-0.7 0.393
0.0 0.441
1.0 0.461
1.2 0.446
2.1 0.414
0.9 0.435
1.9 0.407
1.0 0.422
2.2 0.415
1.3 0.417
1.4 0.417
1.4 0.415
2.0 0.346
0.8 0.425
1.9 0.439
3.4 0.457
3.7 0.492
2.3 0.505
5.4 0.477
3.4 0.458
3.5 0.465
2.8 0.419
0.9 0.419
1.7 0.419
1.7 0.364
-0.7 0.453
0.5 0.452
0.1 0.508
-0.3 0.431
-0.3 0.333
0.0 0.39
0.0 0.515
-1.6 0.394
-0.4 0.371
-1.2 0.401
-0.8 0.383
-0.7 0.413
-0.6 0.402
-0.4 0.412
0.3 0.362
-0.1 0.325
0.0 0.526
0.1 0.4
0.4 0.455
0.0 0.369
-0.4 0.463
0.1 0.461
-0.4 0.493
1.4 0.5
2.1 0.44
-0.4 0.441
-0.4 0.438
-0.2 0.487
0.5 0.487
0.5 0.434
-0.5 0.467
0.7 0.527
0.3 0.476
1.8 0.461
0.1 0.536
2.1 0.572
2.7 0.528
0.7 0.514
0.8 0.478
1.5 0.495
2.1 0.555
0.5 0.555
0.5 0.427
0.0 0.357
-0.3 0.394
-0.2 0.346
-0.1 0.392
0.2 0.454
0.6 0.387
0.9 0.402
0.2 0.402
0.2 0.487
2.4 0.427
1.0 0.413
0.2 0.457
2.3 0.445
0.6 0.458
0.2 0.461
0.4 0.444
0.2 0.435
0.8 0.403
0.1 0.362
-0.4 0.433
0.3 0.504
0.1 0.394
-0.5 0.459
0.0 0.465
-0.1 0.445
0.1 0.488
0.3 0.4
-0.2 0.463
1.3 0.423
2.5 0.422
1.2 0.396
1.5 0.374
0.4 0.379
0.4 0.379
-0.2 0.457
-0.2 0.289
-0.4 0.404
-0.4 0.341
-0.3 0.499
0.4 0.496
-0.1 0.511
0.2 0.515
0.7 0.479
0.4 0.486
0.4 0.486
0.5 0.504
0.7 0.504
0.7 0.549
1.0 0.575
-0.6 0.5
-0.1 0.437
-0.1 0.474
1.0 0.471
0.2 0.478
1.5 0.445
0.8 0.38
-0.5 0.512
1.7 0.476
2.3 0.553
1.4 0.511
2.2 0.577
1.0 0.52
3.0 0.495
2.6 0.449
0.2 0.451
0.9 0.627
2.8 0.563
2.4 0.563
2.4 0.627
2.4 0.469
-0.3 0.558
0.7 0.636
1.6 0.56
1.4 0.57
1.7 0.574
2.0 0.558
-0.7 0.521
0.9 0.519
2.9 0.497
1.7 0.482
0.6 0.44
0.4 0.457
0.7 0.491
1.3 0.456
2.1 0.415
-0.4 0.415
-0.4 0.459
1.0 0.41
0.1 0.425
0.0 0.37
-0.2 0.413
0.3 0.2
-0.3 0.477
-0.5 0.478
-0.2 0.527
-0.2 0.475
0.7 0.531
2.9 0.451
-0.3 0.449
0.3 0.451
1.8 0.433
0.8 0.416
2.2 0.451
1.5 0.445
1.3 0.445
1.3 0.427
1.6 0.443
-0.4 0.404
1.2 0.384
1.0 0.413
-0.1 0.408
1.4 0.459
2.4 0.425
1.6 0.407
0.1 0.427
1.3 0.395
0.5 0.406
-0.1 0.406
-0.1 0.406
0.6 0.43
0.2 0.433
-1.3 0.488
0.2 0.423
-0.4 0.451
3.2 0.432
2.0 0.416
0.2 0.429
0.5 0.463
1.4 0.444
0.9 0.466
0.1 0.436
0.9 0.376
0.2 0.393
0.4 0.401
0.5 0.27
-0.2 0.27
0.1 0.467
0.5 0.457
1.1 0.431
0.5 0.447
0.2 0.41
0.5 0.326
-0.6 0.495
-0.2 0.434
-0.4 0.481
-0.6 0.52
-0.3 0.458
-0.2 0.425
-0.2 0.586
0.1 0.414
-0.8 0.496
-0.3 0.405
1.9 0.459
2.0 0.446
2.5 0.447
3.0 0.428
2.7 0.425
2.5 0.416
2.0 0.286
-0.1 0.378
-0.2 0.401
-0.2 0.401
-0.2 0.419
-0.5 0.344
-0.4 0.439
-0.4 0.371
-0.1 0.273
0.5 0.573
1.6 0.511
1.9 0.372
0.4 0.489
1.4 0.527
3.0 0.429
0.1 0.442
0.4 0.431
0.3 0.478
0.1 0.478
0.1 0.5
1.3 0.437
2.0 0.432
0.6 0.382
-0.1 0.437
-0.4 0.415
0.0 0.5
-0.7 0.454
1.3 0.431
0.7 0.453
0.9 0.481
1.2 0.408
-0.1 0.456
1.2 0.452
1.0 0.41
-0.2 0.439
0.3 0.439
0.3 0.391
0.2 0.667
0.6 0.398
0.0 0.545
0.1 0.558
1.2 0.595
0.7 0.623
1.5 0.568
2.2 0.576
1.6 0.554
3.2 0.562
2.6 0.574
1.9 0.574
1.9 0.585
2.3 0.576
-0.1 0.0
-0.1 0.532
0.1 0.571
-0.1 0.0
-0.3 0.422
-0.1 0.472
0.7 0.447
-0.1 0.25
0.7 0.6
2.5 0.552
1.7 0.549
2.5 0.545
3.7 0.507
1.5 0.503
1.3 0.519
3.3 0.523
1.6 0.511
0.8 0.511
0.8 0.531
0.8 0.59
-0.1 0.397
-0.1 0.36
-0.3 0.5
0.0 0.538
1.4 0.575
0.7 0.511
-0.2 0.492
-0.6 0.478
-0.2 0.446
-0.3 0.448
-0.4 0.422
-0.1 0.422
-0.1 0.5
-0.3 0.35
-0.3 0.453
0.5 0.393
0.0 0.345
-0.4 0.479
0.4 0.459
0.4 0.429
0.3 0.407
0.2 0.381
0.1 0.415
0.3 0.435
0.7 0.398
0.8 0.398
0.8 0.409
0.7 0.434
0.2 0.562
1.0 0.608
1.9 0.587
0.3 0.625
0.0 0.6
5.7 0.437
3.9 0.488
8.5 0.503
10.0 0.493
3.0 0.463
6.1 0.478
5.4 0.481
5.6 0.467
5.2 0.485
6.9 0.485
6.9 0.462
6.0 0.476
-0.7 0.516
-0.4 0.419
-1.1 0.415
-0.6 0.535
-0.1 0.445
-0.3 0.419
-0.5 0.436
-0.2 0.462
-0.3 0.46
-0.7 0.444
-0.6 0.366
-0.6 0.452
-0.1 0.39
-0.1 0.431
0.1 0.379
-0.3 0.405
0.0 0.352
-0.6 0.377
0.1 0.325
-0.4 0.304
-0.2 0.345
0.0 0.345
0.0 0.384
0.4 0.167
0.0 0.479
0.0 0.286
0.0 0.615
-0.1 0.333
-0.1 0.423
0.0 0.452
0.2 0.434
0.7 0.423
0.9 0.437
2.6 0.436
0.6 0.399
0.1 0.424
0.6 0.433
1.9 0.428
0.4 0.345
-0.2 0.345
-0.2 0.0
0.0 0.304
-0.3 0.391
0.4 0.366
-0.8 0.416
-0.9 0.361
-0.1 0.4
0.0 0.4
0.0 0.549
0.6 0.474
1.1 0.508
1.6 0.582
0.5 0.632
1.2 0.576
0.2 0.505
0.3 0.598
0.6 0.0
0.0 0.0
0.6 0.47
-0.2 0.435
-0.9 0.447
1.4 0.439
0.1 0.442
0.1 0.385
0.0 0.377
0.1 0.38
-0.1 0.414
0.0 0.414
0.0 0.382
-0.2 0.0
0.0 0.279
-0.4 0.447
-0.6 0.524
-0.4 0.502
-0.5 0.491
-0.2 0.482
-0.3 0.511
0.0 0.411
-0.3 0.406
-0.3 0.396
-0.3 0.422
1.1 0.0
0.0 0.405
0.9 0.447
0.1 0.423
0.5 0.442
1.9 0.433
1.0 0.264
-0.4 0.264
-0.2 0.456
2.1 0.507
3.2 0.471
2.4 0.469
3.7 0.439
3.0 0.407
2.1 0.44
3.9 0.45
1.6 0.387
1.1 0.387
1.1 0.414
1.0 0.438
-0.2 0.441
-0.1 0.424
0.8 0.398
0.5 0.47
1.5 0.406
1.0 0.407
1.7 0.422
0.4 0.4
0.1 0.404
1.5 0.404
1.5 0.408
1.1 0.429
-0.8 0.433
-0.4 0.462
0.3 0.458
1.5 0.455
1.1 0.458
0.3 0.432
1.1 0.423
0.3 0.439
0.9 0.424
1.5 0.424
1.5 0.452
2.7 0.422
-0.7 0.438
-0.4 0.413
-0.2 0.415
0.1 0.406
-0.3 0.125
-0.1 0.4
-0.4 0.323
-0.4 0.349
0.4 0.484
1.8 0.484
3.0 0.495
2.6 0.5
3.5 0.512
2.2 0.484
2.0 0.458
1.5 0.466
1.4 0.466
1.4 0.513
2.2 0.477
0.0 0.5
-0.1 0.536
0.4 0.551
0.7 0.454
-0.5 0.43
-0.1 0.395
-0.1 0.5
0.0 0.427
0.0 0.427
0.0 0.358
-0.1 0.453
-0.2 0.561
-0.1 0.354
-0.2 0.487
0.0 0.529
-0.1 0.445
0.2 0.464
0.8 0.545
0.9 0.489
0.3 0.558
0.9 0.333
0.0 0.462
0.0 0.5
-0.2 0.418
-0.1 0.442
0.1 0.44
-0.1 0.439
0.4 0.4
0.2 0.417
0.1 0.386
-0.5 0.45
0.7 0.47
0.8 0.448
-0.4 0.432
0.3 0.399
-0.6 0.442
-0.1 0.454
-0.3 0.454
-0.3 0.455
-0.4 0.548
0.3 0.528
0.2 0.525
0.3 0.558
3.1 0.508
2.7 0.487
1.4 0.48
1.7 0.427
1.3 0.354
0.3 0.2
-0.4 0.5
-0.2 0.143
-0.2 0.349
-0.5 0.473
-0.1 0.427
0.3 0.425
0.1 0.42
0.2 0.42
0.0 0.364
-0.3 0.368
-0.1 0.368
-0.4 0.403
-0.2 0.416
0.2 0.401
-0.1 0.418
-0.3 0.326
-0.7 0.425
-0.5 0.367
-0.1 0.369
-0.1 0.408
-0.3 0.5
-0.3 0.41
-0.2 0.35
-0.5 0.2
-0.3 0.394
-0.8 0.382
-0.3 0.461
1.2 0.391
-0.3 0.435
0.2 0.392
0.5 0.467
0.2 0.429
0.2 0.407
1.0 0.414
-0.2 0.388
-0.2 0.398
0.7 0.397
0.9 0.413
1.8 0.368
0.2 0.368
0.2 0.351
-0.6 0.363
1.4 0.32
-0.3 0.461
2.1 0.453
0.5 0.466
1.9 0.471
2.6 0.455
2.3 0.416
1.7 0.455
1.8 0.455
2.5 0.455
2.5 0.463
1.0 0.455
-0.1 0.439
0.2 0.432
0.9 0.391
0.6 0.466
0.4 0.4
0.5 0.351
0.0 0.34
0.2 0.389
-0.1 0.396
-0.2 0.489
0.0 0.532
0.0 0.558
-0.4 0.598
-0.2 0.548
-0.4 0.614
0.0 0.736
0.2 0.646
0.1 0.646
0.1 0.62
-0.1 0.488
-0.2 0.429
-0.1 0.4
-0.3 0.604
0.1 0.443
-0.2 0.405
-0.1 0.393
0.0 0.0
-0.1 0.353
-0.1 0.421
-0.1 0.449
0.2 0.432
0.8 0.435
0.6 0.397
1.4 0.426
3.0 0.409
2.3 0.401
2.9 0.423
5.7 0.412
3.4 0.412
3.4 0.427
6.3 0.464
1.8 0.504
1.7 0.534
3.0 0.538
2.4 0.531
2.9 0.495
3.7 0.49
3.5 0.461
3.2 0.476
3.7 0.476
3.7 0.47
4.9 0.442
-0.1 0.362
-0.4 0.412
-0.1 0.561
0.0 0.48
0.1 0.444
0.0 0.389
-0.3 0.522
0.1 0.478
0.8 0.414
0.8 0.411
0.2 0.393
-0.1 0.393
-0.1 0.444
-0.1 0.286
-0.1 0.552
0.0 0.536
-0.1 0.533
2.8 0.476
2.8 0.426
1.7 0.434
1.6 0.399
0.2 0.433
-0.4 0.572
0.2 0.524
0.8 0.429
-0.5 0.496
-0.2 0.424
0.1 0.408
-0.2 0.357
-0.2 0.363
0.1 0.444
-0.2 0.391
0.2 0.439
1.5 0.441
1.0 0.425
1.0 0.434
0.6 0.455
0.7 0.477
1.6 0.477
1.6 0.48
1.5 0.445
0.0 0.364
-0.3 0.286
-0.2 0.352
-0.5 0.392
0.1 0.476
1.1 0.492
2.7 0.505
4.3 0.508
4.1 0.475
2.5 0.448
1.6 0.484
1.3 0.403
0.5 0.426
0.8 0.426
0.8 0.454
1.9 0.408
2.1 0.454
3.9 0.48
5.7 0.473
3.7 0.4
-0.2 0.428
0.3 0.426
0.9 0.44
1.9 0.471
2.0 0.432
0.7 0.481
3.1 0.415
1.1 0.418
0.8 0.418
0.8 0.505
1.4 0.441
-0.4 0.458
0.0 0.667
-0.3 0.286
-0.2 0.44
0.1 0.563
0.1 0.562
0.3 0.569
0.5 0.553
0.0 0.504
0.5 0.423
0.5 0.451
1.2 0.462
0.6 0.471
0.2 0.367
-0.9 0.353
0.0 0.45
-0.2 0.448
-0.9 0.379
-0.4 0.235
-0.1 0.384
-0.2 0.427
-0.1 0.286
-0.6 0.434
-0.6 0.446
-0.4 0.521
0.1 0.468
0.0 0.478
0.1 0.437
-0.1 0.465
1.3 0.498
2.4 0.471
1.5 0.439
-0.2 0.459
0.9 0.424
0.1 0.424
0.1 0.443
-0.2 0.44
-0.2 0.333
-0.1 0.407
-0.2 0.483
0.6 0.478
0.8 0.535
1.1 0.559
0.9 0.515
0.2 0.375
-0.1 0.581
0.3 0.581
0.3 0.6
0.1 0.625
-0.3 0.442
-0.3 0.406
-0.1 0.437
0.5 0.417
0.3 0.395
-0.3 0.485
1.9 0.423
0.5 0.423
0.5 0.386
-0.9 0.429
-0.5 0.411
0.1 0.431
0.2 0.395
0.3 0.434
0.8 0.425
1.1 0.481
2.4 0.426
0.5 0.426
0.5 0.384
-0.5 0.422
0.0 0.404
0.4 0.432
1.6 0.375
-0.3 0.432
0.8 0.479
0.1 0.45
0.9 0.392
-0.1 0.462
0.7 0.416
1.1 0.429
1.3 0.429
-0.3 0.442
1.1 0.445
0.8 0.444
2.4 0.433
2.1 0.44
4.3 0.45
3.3 0.446
2.6 0.446
2.6 0.422
1.7 0.46
-1.1 0.375
-0.5 0.32
-0.4 0.436
0.3 0.368
-0.1 0.305
-0.6 0.46
-0.4 0.486
0.1 0.442
0.4 0.437
-0.2 0.448
0.3 0.421
-0.8 0.448
-0.3 0.457
-0.2 0.459
-0.1 0.459
0.6 0.477
0.8 0.459
2.9 0.477
2.5 0.485
2.4 0.468
1.7 0.438
0.5 0.468
1.1 0.468
1.1 0.478
1.6 0.454
0.4 0.476
2.8 0.476
5.8 0.462
3.7 0.496
4.6 0.51
7.6 0.503
8.5 0.51
1.9 0.51
1.9 0.505
6.4 0.537
-0.1 0.583
0.1 0.547
-0.1 0.44
-0.5 0.4
-0.1 0.25
0.0 0.567
0.5 0.533
0.4 0.561
1.4 0.555
2.1 0.521
0.7 0.542
2.0 0.566
2.4 0.566
2.4 0.567
1.8 0.579
0.0 0.485
0.1 0.512
0.2 0.566
0.0 0.516
0.0 0.533
-0.1 0.443
-0.7 0.446
0.8 0.453
2.4 0.449
-0.6 0.466
-0.1 0.468
0.8 0.465
0.3 0.489
1.1 0.464
1.1 0.456
1.6 0.393
0.0 0.393
0.0 0.405
0.4 0.484
1.2 0.525
2.5 0.551
3.8 0.557
4.4 0.553
0.4 0.543
3.5 0.567
1.1 0.538
3.4 0.538
3.4 0.505
4.1 0.473
-1.1 0.382
-0.8 0.403
-0.8 0.418
-1.1 0.378
0.7 0.574
0.9 0.536
0.8 0.502
0.0 0.503
0.1 0.54
0.6 0.517
-0.2 0.515
-0.5 0.515
-0.5 0.556
-1.0 0.374
-0.4 0.467
-0.1 0.435
-0.2 0.432
0.8 0.365
-0.4 0.396
-0.1 0.448
0.4 0.429
0.0 0.422
0.1 0.521
0.4 0.547
2.0 0.475
0.3 0.455
0.4 0.436
2.9 0.528
0.1 0.528
0.1 0.372
0.1 0.373
2.6 0.468
1.9 0.462
0.7 0.407
0.0 0.292
-0.1 0.333
1.4 0.556
2.6 0.504
2.2 0.525
2.8 0.508
3.8 0.481
4.4 0.475
6.1 0.445
2.8 0.445
2.8 0.383
0.6 0.49
-0.4 0.386
-0.3 0.41
-0.1 0.307
0.0 0.188
1.3 0.531
2.1 0.514
1.1 0.504
1.1 0.491
0.3 0.472
1.1 0.47
-0.6 0.467
0.5 0.467
0.5 0.45
0.3 0.47
-0.1 0.445
1.5 0.456
-0.6 0.466
0.8 0.428
0.4 0.408
0.0 0.429
-0.1 0.374
-0.6 0.374
-0.6 0.473
0.1 0.38
0.0 0.5
0.3 0.439
1.0 0.405
0.7 0.439
1.3 0.429
0.8 0.406
-0.3 0.436
-1.0 0.44
0.9 0.44
0.9 0.413
-0.2 0.373
-1.0 0.446
-1.0 0.473
-0.4 0.476
-0.1 0.43
-0.3 0.436
-0.2 0.457
0.4 0.468
0.7 0.371
0.0 0.368
0.5 0.418
1.2 0.437
0.7 0.434
1.3 0.434
1.3 0.343
-0.2 0.387
0.0 0.412
0.1 0.571
0.0 0.429
0.1 0.417
0.0 0.429
0.0 0.528
0.4 0.466
0.0 0.5
-0.2 0.513
-1.1 0.444
-1.3 0.418
-0.9 0.441
-0.5 0.403
-0.6 0.413
-0.2 0.435
0.0 0.366
-0.4 0.366
-0.4 0.339
-0.7 0.43
1.0 0.495
1.7 0.47
0.1 0.541
1.2 0.507
1.6 0.531
2.5 0.454
1.2 0.466
1.2 0.466
1.2 0.514
1.3 0.527
-0.3 0.5
-0.1 0.444
-0.2 0.167
0.3 0.436
0.8 0.43
2.3 0.439
3.3 0.423
2.1 0.438
0.4 0.399
0.4 0.399
0.4 0.427
0.3 0.418
-0.4 0.432
-0.3 0.497
0.6 0.386
-0.2 0.416
1.1 0.376
-0.6 0.35
0.0 0.415
1.2 0.399
-0.3 0.399
-0.3 0.423
0.1 0.377
1.7 0.519
1.3 0.455
2.4 0.451
1.9 0.423
3.8 0.465
4.6 0.4
3.1 0.4
3.1 0.426
2.5 0.403
-0.6 0.414
-0.2 0.422
0.0 0.424
0.6 0.419
0.8 0.402
0.1 0.426
-0.3 0.426
-0.3 0.423
0.4 0.344
-1.2 0.45
0.2 0.45
-0.3 0.445
-0.5 0.405
-1.6 0.499
-0.3 0.434
-0.3 0.434
-0.3 0.522
-0.1 0.532
-1.2 0.371
1.8 0.401
0.7 0.399
0.8 0.448
1.5 0.429
1.6 0.454
1.7 0.403
0.6 0.403
0.6 0.41
0.0 0.45
-0.1 0.525
-0.4 0.445
-0.9 0.429
-0.2 0.452
0.9 0.435
0.2 0.462
1.8 0.443
2.2 0.505
4.0 0.501
2.1 0.501
2.1 0.477
1.6 0.475
2.5 0.378
1.4 0.37
1.3 0.44
0.1 0.423
1.6 0.414
1.3 0.414
1.4 0.418
2.1 0.581
3.9 0.527
3.6 0.482
3.5 0.494
5.7 0.473
2.4 0.494
4.6 0.494
4.6 0.464
1.3 0.459
0.0 0.467
1.1 0.449
0.9 0.45
1.7 0.45
0.2 0.402
-0.2 0.436
0.4 0.411
0.7 0.411
0.7 0.418
0.5 0.406
-1.1 0.441
-0.2 0.404
-0.4 0.406
0.1 0.387
-0.2 0.517
0.0 0.542
0.1 0.427
0.0 0.526
0.2 0.495
1.2 0.461
1.0 0.497
2.4 0.448
2.2 0.439
1.1 0.446
0.5 0.446
0.5 0.443
0.3 0.544
-0.4 0.554
-0.2 0.458
-1.3 0.467
-0.1 0.562
1.0 0.508
0.6 0.475
-0.3 0.475
-0.3 0.516
0.1 0.478
2.0 0.453
1.7 0.442
1.4 0.443
3.4 0.442
2.7 0.477
2.4 0.477
2.4 0.441
2.2 0.477
0.0 0.333
-0.2 0.3
-0.2 0.487
-0.1 0.441
-0.4 0.605
-0.5 0.686
1.7 0.632
1.4 0.643
1.2 0.676
4.4 0.71
4.3 0.71
4.3 0.703
3.5 0.714
0.1 0.468
-0.2 0.453
-0.5 0.599
0.6 0.581
1.6 0.495
0.4 0.508
0.2 0.508
0.2 0.532
0.3 0.551
1.2 0.436
0.7 0.439
0.2 0.433
1.0 0.464
0.8 0.48
1.2 0.448
1.5 0.448
1.5 0.454
0.9 0.456
1.2 0.499
3.0 0.492
1.5 0.494
-0.1 0.521
1.9 0.563
0.4 0.513
1.1 0.513
1.1 0.511
2.1 0.474
0.0 0.588
0.3 0.501
-0.7 0.461
0.2 0.534
1.7 0.551
3.3 0.535
1.7 0.535
1.7 0.539
1.9 0.493
0.5 0.45
1.7 0.47
3.8 0.448
3.5 0.352
0.1 0.457
7.3 0.434
2.5 0.434
2.5 0.419
2.8 0.427
-0.1 0.368
-0.3 0.39
-0.1 0.44
0.0 0.381
-0.3 0.42
-0.2 0.283
-0.3 0.283
0.9 0.458
1.9 0.407
0.4 0.408
1.0 0.449
1.7 0.407
-0.7 0.422
0.3 0.422
0.3 0.371
1.2 0.48
1.6 0.463
1.0 0.51
0.3 0.401
-0.7 0.451
-0.1 0.395
-0.6 0.395
-0.6 0.454
0.1 0.505
-0.3 0.508
0.1 0.55
1.0 0.556
0.7 0.575
1.2 0.447
-0.1 0.532
-0.2 0.532
-0.2 0.575
-0.1 0.652
0.4 0.468
0.7 0.45
0.4 0.413
-0.4 0.441
-0.2 0.458
-0.1 0.463
1.2 0.463
1.2 0.408
-0.2 0.389
0.9 0.605
-0.1 0.443
0.1 0.466
-0.2 0.47
0.1 0.491
0.0 0.386
1.1 0.489
1.8 0.445
6.0 0.435
-0.7 0.423
0.4 0.421
0.4 0.501
1.2 0.667
0.0 0.333
-0.4 0.204
-0.3 0.204
-0.3 0.427
0.2 0.374
0.1 0.477
-0.5 0.495
-0.4 0.453
-0.3 0.445
-0.5 0.441
-0.8 0.492
-0.2 0.492
-0.2 0.432
-0.4 0.445
-0.4 0.472
0.7 0.507
0.0 0.535
0.9 0.502
0.0 0.506
-0.3 0.47
0.1 0.47
0.1 0.481
-0.1 0.43
0.6 0.45
0.8 0.39
0.1 0.38
-0.3 0.42
0.8 0.41
0.5 0.41
0.5 0.386
0.7 0.442
-0.8 0.467
0.0 0.517
0.4 0.441
-0.2 0.398
0.3 0.364
0.1 0.36
-0.2 0.515
0.0 0.444
1.3 0.418
2.9 0.442
5.0 0.457
3.0 0.438
5.1 0.437
3.0 0.426
7.6 0.426
7.6 0.454
8.3 0.425
0.0 0.61
0.1 0.507
-0.1 0.493
-0.7 0.522
0.0 0.0
0.0 0.393
-0.3 0.325
-0.4 0.463
0.6 0.422
0.1 0.422
0.9 0.369
1.0 0.501
1.3 0.534
1.2 0.524
0.3 0.534
0.8 0.456
-0.2 0.456
-0.2 0.412
0.2 0.511
0.0 0.333
0.0 0.565
0.1 0.518
0.3 0.425
0.6 0.442
0.6 0.414
0.0 0.394
-0.1 0.433
-0.3 0.433
-0.3 0.435
-0.4 0.333
0.0 0.41
0.1 0.46
1.1 0.47
2.4 0.487
2.7 0.487
2.7 0.389
0.4 0.4
-0.1 0.412
0.3 0.403
-0.1 0.394
0.0 0.422
0.4 0.489
0.3 0.489
0.3 0.481
0.8 0.47
-0.5 0.43
-0.5 0.367
-0.3 0.44
0.4 0.372
-0.5 0.367
-0.1 0.367
0.2 0.457
0.8 0.44
0.8 0.471
1.3 0.467
1.6 0.473
1.4 0.473
1.4 0.486
0.9 0.476
0.0 0.462
-0.3 0.516
0.8 0.468
0.5 0.464
0.8 0.457
0.2 0.457
0.2 0.451
0.4 0.485
2.2 0.48
2.4 0.49
1.0 0.451
5.6 0.471
6.7 0.487
7.9 0.487
7.9 0.504
9.8 0.468
-0.2 0.41
0.3 0.322
-0.6 0.433
0.2 0.353
0.0 0.355
-0.3 0.355
-0.3 0.467
-0.3 0.422
-0.5 0.445
0.1 0.429
2.0 0.413
0.2 0.413
0.2 0.446
2.4 0.467
0.3 0.416
1.4 0.324
-0.5 0.403
0.6 0.384
-0.1 0.373
0.0 0.373
0.0 0.411
0.8 0.368
-1.0 0.403
-0.8 0.404
-0.2 0.427
0.3 0.437
0.0 0.412
-0.4 0.412
-0.4 0.389
-0.5 0.416
2.5 0.409
0.8 0.453
0.9 0.478
1.7 0.436
1.4 0.447
2.6 0.447
2.6 0.433
0.7 0.405
-1.0 0.365
-1.3 0.351
0.1 0.4
-0.1 0.376
0.0 0.458
-0.1 0.412
0.7 0.41
0.3 0.415
-0.2 0.468
0.2 0.468
0.2 0.518
0.5 0.214
0.8 0.466
0.9 0.495
1.0 0.485
0.5 0.479
0.5 0.502
1.1 0.502
1.1 0.526
1.7 0.515
0.0 0.486
0.0 0.442
2.0 0.448
2.9 0.432
2.2 0.436
4.1 0.436
4.1 0.376
2.5 0.392
-0.3 0.465
-0.5 0.405
-0.3 0.432
-0.3 0.474
0.0 0.521
0.4 0.521
0.4 0.451
1.3 0.436
2.4 0.491
3.2 0.438
5.7 0.456
5.4 0.44
7.8 0.44
7.8 0.439
6.9 0.44
-0.2 0.454
-0.1 0.459
-0.3 0.447
0.2 0.433
0.2 0.437
0.3 0.437
0.3 0.439
-0.5 0.423
-0.2 0.491
-0.4 0.497
0.0 0.497
0.0 0.549
0.5 0.459
-0.3 0.459
-0.3 0.506
0.5 0.385
0.1 0.446
2.5 0.432
1.6 0.431
1.9 0.447
0.8 0.446
1.4 0.446
1.4 0.439
1.7 0.454
0.0 0.25
-0.1 0.383
-0.1 0.543
1.1 0.535
2.2 0.573
2.6 0.536
2.6 0.476
1.5 0.476
1.5 0.479
1.2 0.48
-0.1 0.477
1.9 0.39
2.1 0.418
2.5 0.399
2.1 0.373
1.0 0.401
1.1 0.401
1.1 0.368
0.1 0.359
0.0 0.456
0.4 0.45
1.5 0.413
-0.2 0.464
1.6 0.589
1.6 0.589
1.6 0.475
0.3 0.479
0.7 0.503
2.1 0.488
2.8 0.461
2.2 0.431
2.1 0.436
1.7 0.436
1.7 0.393
-0.9 0.454
0.9 0.449
2.1 0.412
1.9 0.436
2.0 0.441
3.1 0.448
3.0 0.448
3.0 0.388
1.6 0.393
-0.4 0.402
-0.4 0.359
-0.1 0.377
-1.3 0.317
-0.3 0.425
1.4 0.409
0.7 0.387
0.5 0.463
1.8 0.416
0.4 0.416
0.4 0.35
0.0 0.402
-0.1 0.412
-0.3 0.485
0.3 0.469
0.3 0.464
2.0 0.381
-0.1 0.321
-0.3 0.425
-1.1 0.385
-0.6 0.442
0.0 0.356
-0.3 0.339
0.0 0.39
0.1 0.413
-0.1 0.372
-0.1 0.372
-0.4 0.406
-0.4 0.431
-0.1 0.25
-0.3 0.48
-0.4 0.438
0.1 0.476
1.7 0.451
0.8 0.438
0.6 0.46
2.1 0.46
2.1 0.439
1.3 0.442
-0.1 0.294
0.4 0.425
-0.2 0.524
-0.2 0.604
0.5 0.565
0.8 0.434
0.9 0.438
1.3 0.429
0.6 0.394
0.2 0.406
-0.1 0.406
-0.1 0.399
0.0 0.4
0.4 0.469
0.0 0.416
-0.1 0.432
-0.1 0.556
0.0 0.385
0.0 0.385
-0.8 0.374
-0.4 0.429
-0.1 0.495
-0.8 0.472
0.3 0.354
-0.2 0.392
-0.2 0.438
-0.1 0.429
-0.2 0.52
0.2 0.432
0.0 0.432
-0.1 0.361
0.0 0.524
0.1 0.55
-0.2 0.541
0.3 0.478
0.7 0.478
0.7 0.596
1.4 0.523
-0.4 0.411
0.2 0.475
1.3 0.474
0.9 0.412
1.5 0.412
1.5 0.416
1.3 0.393
-0.1 0.379
-0.2 0.413
0.2 0.431
0.4 0.506
0.8 0.541
0.5 0.532
-0.1 0.517
0.6 0.517
0.6 0.533
-0.7 0.477
-0.3 0.41
-0.2 0.368
-0.3 0.39
0.1 0.479
0.1 0.479
0.1 0.422
-0.2 0.402
0.0 0.389
0.1 0.445
1.9 0.477
1.8 0.447
3.3 0.447
3.3 0.453
1.3 0.434
0.3 0.531
0.7 0.491
0.5 0.551
0.8 0.487
0.9 0.487
0.9 0.49
1.4 0.516
-0.1 0.273
-0.3 0.498
0.2 0.402
-0.2 0.438
-0.2 0.429
0.2 0.429
0.2 0.447
1.4 0.463
0.4 0.448
0.8 0.465
1.7 0.496
3.9 0.467
3.4 0.467
3.4 0.451
2.6 0.452
-0.5 0.4
-0.2 0.415
0.2 0.415
0.9 0.513
1.1 0.539
1.1 0.534
0.2 0.601
2.3 0.601
2.3 0.611
2.3 0.528
-0.1 0.416
-0.1 0.329
0.2 0.527
0.4 0.643
0.4 0.614
0.3 0.527
0.6 0.552
0.4 0.552
0.4 0.542
-0.4 0.24
0.0 0.499
0.4 0.482
1.4 0.522
1.5 0.525
2.6 0.525
2.6 0.515
2.3 0.487
1.7 0.46
1.2 0.457
0.0 0.403
-0.1 0.488
0.0 0.488
-0.2 0.413
0.6 0.44
2.9 0.419
5.0 0.424
4.9 0.367
0.0 0.367
0.0 0.418
4.6 0.461
4.0 0.549
3.7 0.538
4.5 0.528
4.8 0.502
3.6 0.502
3.6 0.499
1.6 0.493
-0.1 0.354
-0.4 0.4
-0.2 0.456
2.0 0.435
1.7 0.413
2.1 0.445
3.6 0.445
3.6 0.433
3.3 0.471
-0.2 0.342
-0.2 0.2
-0.5 0.395
-0.5 0.41
-0.7 0.417
-0.4 0.231
-0.1 0.231
-0.1 0.371
-0.2 0.0
0.0 0.222
-0.3 0.465
0.0 0.488
-0.1 0.64
0.3 0.397
0.2 0.403
0.0 0.403
0.0 0.371
0.2 0.398
0.1 0.407
-0.7 0.425
1.2 0.414
0.3 0.414
0.3 0.404
1.0 0.365
0.0 0.397
-0.1 0.367
0.2 0.446
1.0 0.441
1.5 0.446
0.8 0.424
0.6 0.424
0.6 0.412
0.5 0.438
2.5 0.521
3.1 0.486
3.0 0.497
1.6 0.496
2.1 0.496
2.1 0.522
2.1 0.533
-0.3 0.526
0.1 0.506
0.0 0.523
0.7 0.555
0.8 0.555
0.8 0.565
0.3 0.515
-0.1 0.0
0.4 0.436
0.5 0.412
-0.2 0.41
-0.7 0.374
-0.7 0.374
-0.7 0.465
-0.2 0.0
0.1 0.364
0.5 0.44
-0.3 0.512
0.8 0.46
1.3 0.449
2.8 0.449
2.8 0.414
1.5 0.401
-0.4 0.564
1.1 0.52
1.2 0.541
0.9 0.424
-0.5 0.424
-0.5 0.38
-0.1 0.468
-0.2 0.364
-0.1 0.0
-0.1 0.452
0.0 0.428
0.8 0.392
0.0 0.421
0.6 0.421
-0.7 0.455
-0.7 0.367
-0.3 0.457
0.6 0.506
2.2 0.469
0.0 0.5
0.5 0.5
-0.4 0.531
0.2 0.461
-1.6 0.505
-0.5 0.513
-0.3 0.513
-0.3 0.41
-0.3 0.551
-0.5 0.383
0.0 0.352
-0.5 0.423
-0.1 0.39
-0.4 0.39
-0.4 0.411
0.1 0.439
0.2 0.618
1.3 0.56
2.5 0.523
1.3 0.558
1.4 0.558
1.4 0.523
0.2 0.452
-0.2 0.376
-0.3 0.46
1.7 0.491
3.0 0.376
-0.6 0.376
-0.6 0.481
0.2 0.45
-0.2 0.446
0.1 0.419
-0.1 0.425
-1.0 0.429
0.6 0.429
0.6 0.456
0.8 0.426
0.0 0.431
0.7 0.435
0.5 0.399
-0.3 0.458
0.1 0.458
0.0 0.354
-0.6 0.43
0.2 0.433
1.4 0.421
0.3 0.408
0.4 0.408
0.4 0.326
-0.6 0.25
1.2 0.423
1.6 0.441
2.2 0.433
3.4 0.445
3.9 0.445
3.9 0.424
3.7 0.451
0.0 0.444
0.1 0.454
-0.3 0.447
-0.2 0.472
0.8 0.472
0.8 0.516
0.6 0.458
1.5 0.551
0.1 0.51
-0.7 0.451
-0.7 0.611
-0.1 0.543
0.5 0.543
0.5 0.542
0.9 0.528
-0.2 0.463
0.0 0.456
-0.1 0.42
-0.2 0.457
0.5 0.403
0.1 0.403
0.1 0.41
-0.1 0.399
0.1 0.467
2.1 0.397
2.9 0.462
4.2 0.462
4.2 0.454
3.7 0.455
-1.2 0.421
-1.0 0.414
-0.5 0.412
-0.5 0.412
-0.5 0.405
-0.5 0.308
-0.1 0.0
1.4 0.552
2.4 0.545
1.8 0.507
1.4 0.507
1.4 0.558
1.2 0.548
-0.7 0.421
-0.4 0.471
0.0 0.38
-0.4 0.38
-0.4 0.4
-0.5 0.0
0.0 0.418
0.1 0.391
0.3 0.4
0.0 0.4
0.0 0.422
0.2 0.444
-0.1 0.463
-0.1 0.148
-0.2 0.455
0.4 0.464
0.1 0.466
1.0 0.466
1.0 0.469
1.9 0.481
-1.0 0.316
0.0 0.273
2.1 0.452
2.8 0.43
3.3 0.468
3.7 0.468
3.7 0.448
1.5 0.473
-0.2 0.458
0.3 0.44
0.9 0.434
1.6 0.434
1.6 0.434
2.6 0.419
-0.8 0.405
0.0 0.52
-0.2 0.464
0.1 0.475
0.6 0.504
1.0 0.504
1.0 0.439
0.5 0.452
-0.6 0.544
0.0 0.491
-1.0 0.519
-0.1 0.519
-0.1 0.576
0.1 0.545
0.0 0.407
-0.1 0.422
0.7 0.422
1.6 0.422
1.6 0.415
0.8 0.398
-0.1 0.382
2.4 0.494
2.7 0.522
3.8 0.479
4.1 0.479
4.1 0.506
6.2 0.485
0.1 0.481
-0.1 0.492
0.1 0.443
-0.2 0.443
-0.2 0.481
0.3 0.48
-0.1 0.447
0.1 1.0
-0.4 0.46
-0.2 0.417
-0.1 0.401
-0.2 0.401
-0.2 0.439
0.2 0.446
-0.1 0.396
-0.5 0.428
-0.1 0.446
-0.1 0.446
-0.1 0.481
0.1 0.457
-0.3 0.388
-0.4 0.406
-0.3 0.34
-0.4 0.34
-0.3 0.422
0.0 0.442
1.0 0.434
0.8 0.434
0.8 0.434
2.0 0.418
0.4 0.407
0.5 0.486
1.6 0.465
1.2 0.465
1.2 0.425
-0.3 0.457
0.2 0.462
0.0 0.447
-0.6 0.396
1.7 0.486
3.3 0.472
3.2 0.462
2.5 0.462
2.5 0.492
1.8 0.338
1.0 0.36
1.6 0.381
2.3 0.356
0.3 0.356
0.3 0.374
2.3 0.402
-0.5 0.273
0.9 0.396
0.7 0.378
0.9 0.41
0.6 0.41
0.6 0.374
0.6 0.411
0.4 0.382
-0.3 0.373
-0.7 0.346
-0.3 0.376
-0.3 0.408
0.2 0.408
0.2 0.44
0.0 0.62
0.4 0.643
-0.1 0.612
0.1 0.612
0.1 0.563
-0.5 0.368
1.2 0.457
0.2 0.574
0.7 0.75
0.0 0.75
0.1 1.0
0.0 0.412
1.1 0.44
1.0 0.453
3.1 0.42
1.6 0.42
1.6 0.428
3.3 0.463
-0.3 0.5
-0.1 0.222
-0.1 0.412
-1.4 0.412
-1.4 0.442
-0.4 0.398
0.0 0.5
0.0 0.438
-0.2 0.45
-0.3 0.45
0.1 0.422
1.4 0.444
1.9 0.463
2.9 0.463
2.9 0.47
1.8 0.468
-0.8 0.488
1.0 0.477
0.0 0.547
0.8 0.547
0.8 0.588
2.0 0.6
-0.7 0.375
-0.2 0.517
0.5 0.5
-0.1 0.514
0.0 0.519
1.6 0.507
1.2 0.523
1.6 0.523
1.6 0.51
2.0 0.468
0.3 0.423
2.5 0.393
2.4 0.385
2.3 0.385
2.3 0.427
4.4 0.444
-0.4 0.43
-0.8 0.427
-0.3 0.447
-0.5 0.447
-0.5 0.45
-0.2 0.443
0.1 0.5
0.0 0.6
0.2 0.468
0.2 0.459
-0.3 0.459
-0.3 0.556
0.5 0.412
-0.2 0.399
0.3 0.482
1.8 0.482
1.8 0.466
0.9 0.468
-0.8 0.417
-0.1 0.425
0.3 0.425
0.3 0.432
1.1 0.443
-0.1 0.436
-0.2 0.566
0.3 0.566
0.3 0.505
0.6 0.513
-0.2 0.429
-0.1 0.426
0.1 0.426
0.1 0.441
1.2 0.409
0.9 0.419
0.5 0.427
1.3 0.427
1.3 0.449
0.6 0.482
1.0 0.414
2.0 0.383
1.2 0.383
1.2 0.434
1.6 0.42
-0.3 0.405
0.0 0.45
0.0 0.45
-0.1 0.47
0.2 0.361
-0.5 0.361
-0.5 0.333
0.5 0.439
0.8 0.42
1.1 0.42
1.1 0.443
2.8 0.463
0.0 0.286
-0.1 0.364
-0.1 0.364
-0.1 0.343
2.0 0.519
3.9 0.535
5.7 0.535
5.7 0.493
2.3 0.505
0.2 0.418
1.4 0.623
2.4 0.514
1.2 0.514
1.2 0.521
1.0 0.53
0.1 0.419
-0.2 0.44
-0.1 0.44
-0.1 0.462
1.7 0.439
-0.5 0.475
0.2 0.49
0.0 0.49
-0.2 0.381
-0.3 0.407
2.2 0.443
4.4 0.443
4.4 0.49
5.5 0.418
0.5 0.464
0.9 0.399
-0.1 0.399
-0.1 0.474
0.7 0.503
-0.2 0.538
1.1 0.566
1.5 0.566
1.5 0.564
0.9 0.515
0.1 0.478
-0.1 0.444
0.1 0.444
-0.2 0.381
-0.2 0.495
0.1 0.495
0.1 0.444
-0.4 0.4
0.1 0.319
0.0 0.0
-0.5 0.459
-0.1 0.397
-0.5 0.397
0.3 0.542
2.2 0.528
0.7 0.528
0.7 0.452
-0.4 0.47
-0.1 0.473
0.4 0.465
0.5 0.465
0.5 0.541
0.0 0.477
0.1 0.533
-0.8 0.394
-0.2 0.432
0.3 0.416
0.1 0.416
0.1 0.451
0.4 0.46
-0.2 0.451
-0.1 0.51
0.5 0.51
0.5 0.448
0.2 0.386
1.9 0.424
3.5 0.434
5.2 0.434
5.2 0.419
3.8 0.444
-0.9 0.406
-1.0 0.455
-0.2 0.455
-0.2 0.364
0.0 0.44
0.3 0.467
2.0 0.467
2.0 0.444
1.9 0.45
0.0 0.44
-0.1 0.143
-0.1 0.143
0.0 0.367
-0.4 0.237
-0.1 0.237
-0.1 0.443
-0.4 0.504
1.0 0.504
1.0 0.439
-0.3 0.413
0.0 0.421
-0.8 0.429
-1.4 0.437
-0.5 0.437
-0.5 0.471
-0.4 0.387
0.2 0.501
0.8 0.492
0.4 0.492
0.4 0.476
0.5 0.521
-0.1 0.517
0.2 0.535
0.5 0.535
0.5 0.601
0.0 0.478
0.8 0.461
0.8 0.399
0.5 0.399
0.5 0.374
-1.3 0.405
-0.7 0.409
-0.4 0.409
-0.4 0.438
-0.1 0.442
-0.2 0.42
-0.4 0.389
-0.2 0.389
-0.2 0.448
-0.2 0.377
-0.7 0.481
-0.3 0.485
-0.1 0.485
-0.1 0.447
-0.2 0.536
-0.3 0.423
1.0 0.41
0.2 0.41
0.2 0.431
0.8 0.437
-0.3 0.477
-0.1 0.412
-0.2 0.412
-0.2 0.413
-0.4 0.479
-0.4 0.444
0.1 0.444
0.1 0.468
0.4 0.288
-0.1 0.464
-0.1 0.321
-0.2 0.397
0.5 0.397
0.0 0.474
0.2 0.474
-0.5 0.474
-0.5 0.429
0.1 0.447
1.1 0.386
0.2 0.386
0.2 0.389
-0.1 0.41
0.3 0.427
0.9 0.439
1.6 0.439
1.6 0.435
1.5 0.319
-0.5 0.376
-0.5 0.395
-0.2 0.395
-0.3 0.341
-0.5 0.319
0.1 0.418
0.5 0.382
-0.1 0.382
-0.1 0.427
0.7 0.373
0.6 0.531
0.3 0.572
0.8 0.572
0.8 0.565
1.2 0.557
-0.1 0.6
-0.5 0.433
0.0 0.396
-0.9 0.396
-0.9 0.399
-0.1 0.424
-0.4 0.5
-0.2 0.427
-1.2 0.403
0.1 0.403
0.1 0.338
-0.1 0.538
0.1 0.549
1.2 0.549
1.2 0.476
-0.4 0.494
0.7 0.544
1.1 0.544
1.1 0.613
2.1 0.571
0.1 0.491
1.6 0.491
1.6 0.506
3.2 0.521
0.1 0.365
-0.2 0.365
-0.6 0.42
0.2 0.42
0.2 0.446
0.3 0.414
-0.9 0.421
-0.6 0.421
-0.6 0.296
-0.2 0.413
0.0 0.3
-0.1 0.3
-0.3 0.426
-0.1 0.426
-0.1 0.32
-0.3 0.343
-0.2 0.343
-0.2 0.439
0.2 0.422
-0.3 0.368
0.1 0.368
0.1 0.413
0.0 0.455
-0.1 0.45
-0.1 0.45
0.3 0.421
0.4 0.421
0.0 0.401
0.6 0.401
0.6 0.42
2.2 0.399
-0.1 0.386
-0.1 0.386
-0.1 0.36
-0.4 0.364
1.1 0.396
0.7 0.396
0.7 0.452
0.5 0.366
-0.1 0.345
0.0 0.345
0.0 0.441
-0.2 0.487
0.0 0.396
1.1 0.396
1.1 0.385
0.9 0.399
-0.1 0.412
0.3 0.412
0.3 0.459
0.7 0.468
0.0 0.0
0.0 0.0
0.0 0.455
0.1 0.481
0.0 0.37
-0.3 0.37
-0.3 0.476
0.1 0.374
-0.3 0.483
0.0 0.483
-0.6 0.401
-0.1 0.401
-0.4 0.562
-0.3 0.562
-0.3 0.559
0.1 0.622
0.0 0.362
-0.2 0.362
-0.2 0.405
0.2 0.39
0.5 0.506
2.5 0.506
2.5 0.532
2.5 0.502
-0.1 0.5
0.0 0.5
-0.3 0.604
4.3 0.604
4.3 0.559
2.8 0.661
-0.3 0.393
-0.3 0.393
-0.3 0.417
-0.7 0.545
-0.1 0.537
0.0 0.537
0.0 0.545
0.0 0.478
0.5 0.478
0.0 0.396
1.0 0.396
1.0 0.447
0.4 0.383
0.0 0.459
-0.3 0.459
-0.2 0.403
0.1 0.403
0.1 0.405
0.6 0.337
-0.3 0.337
-0.3 0.369
-0.5 0.286
-0.1 0.667
0.1 0.667
-0.3 0.433
-0.2 0.433
-0.2 0.442
0.0 0.333
-0.4 0.333
-0.4 0.507
0.4 0.507
0.4 0.423
-0.7 0.497
-0.7 0.404
-0.2 0.404
-0.5 0.438
0.1 0.438
0.1 0.377
-0.3 0.436
0.3 0.436
0.3 0.448
1.7 0.48
-0.6 0.437
0.8 0.437
0.8 0.429
-0.4 0.43
-0.5 0.15
-0.2 0.15
-0.3 0.489
0.0 0.489
0.0 0.465
-0.9 0.482
-0.3 0.4
0.0 0.4
-0.2 0.55
0.5 0.55
0.5 0.5
0.2 0.504
0.8 0.436
1.3 0.436
1.3 0.438
2.3 0.442
0.9 0.475
1.5 0.475
1.5 0.455
1.1 0.512
0.0 0.857
0.1 0.857
1.4 0.573
1.2 0.573
1.2 0.516
2.5 0.536
-0.4 0.45
0.6 0.45
0.6 0.473
2.2 0.516
-0.7 0.368
0.0 0.368
0.0 0.385
0.0 0.375
-0.1 0.375
0.2 0.458
0.7 0.458
0.7 0.496
1.3 0.464
-1.0 0.427
-0.2 0.427
-0.2 0.421
0.3 0.451
-0.3 0.429
0.2 0.429
0.2 0.372
-0.7 0.455
-0.4 0.413
0.0 0.413
0.0 0.397
-0.6 0.385
0.4 0.5
0.1 0.5
0.1 0.537
0.6 0.534
-0.5 0.351
-0.3 0.351
0.2 0.461
0.9 0.461
0.9 0.529
1.3 0.571
0.1 0.407
0.1 0.333
0.2 0.513
-0.1 0.348
-0.1 0.468
1.2 0.445
-0.1 0.214
-0.1 0.325
0.0 0.0
0.0 0.5
0.1 0.575
0.1 0.548
-0.2 0.51
0.1 0.453
0.1 0.433
-0.8 0.445
-0.3 0.412
-0.1 0.362
-0.1 0.394
-0.1 0.333
-0.1 0.083
-0.1 0.375
-0.1 0.483
-0.1 0.582
0.9 0.643
0.0 0.263
-0.1 0.25
0.6 0.448
0.6 0.433
0.4 0.445
0.0 0.409
-0.1 0.42
-0.1 0.4
-0.1 0.167
-0.2 0.302
-0.2 0.352
-0.1 0.444
-0.1 0.367
-0.5 0.345
-0.5 0.355
-0.5 0.3
0.1 0.409
0.1 0.478
0.4 0.455
-0.5 0.361
-0.5 0.449
-0.5 0.433
-0.8 0.349
-0.3 0.344
-0.3 0.419
0.1 0.403
0.3 0.399
0.3 0.393
0.8 0.38
-0.2 0.447
-0.2 0.473
1.8 0.454
-0.2 0.421
-0.5 0.352
-0.5 0.419
0.4 0.463
-0.3 0.377
-0.3 0.385
0.0 0.574
0.0 0.465
0.0 0.5
-0.3 0.323
-0.3 0.355
-0.4 0.304
-0.4 0.469
1.3 0.502
-0.3 0.4
-0.3 0.25
0.0 0.425
0.2 0.414
0.2 0.42
1.7 0.408
0.5 0.415
0.5 0.426
0.7 0.452
-0.2 0.449
-0.2 0.409
-0.1 0.269
-0.3 0.347
0.1 0.419
0.1 0.486
0.5 0.433
0.0 0.35
0.0 0.456
-0.2 0.415
0.0 0.25
-0.1 0.404
-0.1 0.513
-0.1 0.44
-1.2 0.422
-1.2 0.452
0.3 0.459
0.0 0.0
-0.1 0.318
-0.1 0.296
0.0 0.545
0.0 0.536
0.1 0.53
-0.2 0.396
-0.2 0.403
-0.2 0.456
-0.5 0.402
-0.5 0.452
-0.5 0.447
-0.1 0.533
-0.1 0.478
-0.1 0.273
0.1 0.34
0.1 0.282
0.0 0.143
1.3 0.405
1.3 0.407
1.3 0.413
0.0 1.0
0.0 0.5
-0.2 0.382
-0.2 0.338
-0.4 0.399
1.6 0.462
1.6 0.521
1.3 0.595
0.0 0.25
0.0 0.636
0.3 0.66
0.4 0.446
0.4 0.417
0.1 0.507
-0.7 0.367
-0.7 0.411
-0.9 0.5
-0.1 0.35
-0.1 0.364
0.1 0.49
0.1 0.493
-0.2 0.49
-0.7 0.414
-0.7 0.366
-0.5 0.426
0.8 0.425
0.8 0.436
0.4 0.471
0.1 0.463
0.1 0.493
0.4 0.515
-0.1 0.333
-0.1 0.429
-0.9 0.488
-0.1 0.452
-0.1 0.403
-0.2 0.352
-0.7 0.422
-0.7 0.442
1.4 0.367
1.4 0.348
1.1 0.359
-0.1 0.32
-0.1 0.318
-0.5 0.365
-0.5 0.385
-0.7 0.396
-0.1 0.333
0.1 0.568
0.1 0.6
0.0 1.0
-0.2 0.395
-0.2 0.421
-0.6 0.481
0.0 0.528
0.0 0.501
0.2 0.495
0.0 0.0
-0.7 0.402
0.1 0.452
0.1 0.455
-0.2 0.437
-0.2 0.459
-0.1 0.452
-0.1 0.421
-0.1 0.394
0.0 0.258
-0.2 0.353
-0.2 0.306
-0.1 0.431
0.3 0.425
1.6 0.44
0.1 0.424
0.6 0.424
-0.6 0.423
-0.5 0.36
1.0 0.53
0.0 0.442
-0.2 0.514
0.0 0.473
-0.1 0.316
0.2 0.579
-0.5 0.425
0.0 0.652
-0.1 0.0
-0.3 0.355
-0.2 0.373
0.5 0.434
0.2 0.558
-0.9 0.368
-0.1 0.545
-0.1 0.0
-0.2 0.353
3.0 0.578
-0.3 0.414
0.3 0.399
0.0 0.523
-0.3 0.362
0.7 0.545
-0.1 0.384
0.0 0.461
0.1 0.5
-0.1 0.387
0.3 0.642
0.0 0.441
-1.2 0.377
0.2 0.526
-0.1 0.451
-0.8 0.514
-0.7 0.421
-0.3 0.2
0.1 0.332
-0.4 0.488
1.1 0.45
0.3 0.449
0.0 0.568
0.7 0.394
-0.4 0.367
0.1 0.405
0.2 0.42
0.0 0.8
-0.1 0.556
3.1 0.542
-0.1 0.511
-1.0 0.365
0.0 0.417
0.1 0.517
0.8 0.356
-0.1 0.522
0.1 0.422
-0.3 0.361
