5.8 0.374
9.8 0.466
19.1 0.461
19.8 0.478
19.9 0.475
19.9 0.503
18.7 0.525
17.2 0.474
13.1 0.214
11.6 0.47
13.6 0.382
22.9 0.462
21.6 0.439
21.3 0.44
21.7 0.428
20.9 0.454
22.2 0.438
21.6 0.445
16.4 0.48
17.3 0.477
15.2 0.491
16.4 0.458
14.8 0.449
14.7 0.442
12.1 0.346
13.9 0.415
14.4 0.376
13.7 0.414
16.5 0.379
12.6 0.375
12.9 0.394
13.2 0.385
13.8 0.348
8.7 0.325
5.4 0.314
17.1 0.404
15.5 0.427
16.9 0.376
15.1 0.389
11.7 0.356
10.8 0.429
13.7 0.376
12.2 0.436
13.6 0.427
13.6 0.441
11.1 0.423
6.4 0.276
11.9 0.399
8.0 0.462
13.4 0.422
10.1 0.452
9.0 0.429
12.0 0.385
18.6 0.419
16.7 0.409
14.6 0.395
15.6 0.321
11.0 0.336
7.3 0.414
15.1 0.364
12.2 0.466
14.5 0.361
10.1 0.397
12.1 0.426
13.4 0.394
12.9 0.434
17.4 0.344
8.9 0.301
6.2 0.363
12.3 0.427
11.5 0.411
9.3 0.412
10.0 0.407
9.8 0.342
8.3 0.391
9.0 0.289
3.3 0.404
8.6 0.308
13.0 0.485
14.1 0.478
10.6 0.481
14.8 0.31
1.4 0.467
10.3 0.353
14.3 0.385
16.6 0.508
19.3 0.458
15.8 0.504
18.3 0.423
14.0 0.452
14.8 0.475
16.6 0.481
16.7 0.407
12.4 0.489
17.7 0.45
17.9 0.404
14.6 0.438
13.4 0.385
15.2 0.541
14.5 0.539
15.2 0.443
11.9 0.46
8.6 0.507
12.2 0.489
-0.6 0.429
8.6 0.441
7.9 0.409
12.7 0.454
12.2 0.457
12.9 0.432
12.0 0.421
10.5 0.437
10.7 0.459
13.8 0.409
8.2 0.466
7.6 0.43
10.6 0.441
13.3 0.472
15.7 0.4
5.8 0.8
16.7 0.44
14.3 0.396
11.2 0.372
10.1 0.42
16.8 0.453
14.9 0.47
17.6 0.45
19.3 0.443
19.2 0.432
17.9 0.404
16.0 0.411
14.5 0.435
16.3 0.416
12.7 0.431
10.9 0.282
14.1 0.423
17.6 0.421
20.4 0.394
18.6 0.442
19.0 0.418
23.4 0.427
21.3 0.448
23.6 0.418
18.8 0.418
20.2 0.427
18.7 0.364
16.1 0.402
15.0 0.304
15.8 0.342
11.8 0.458
10.2 0.485
9.6 0.455
11.1 0.421
9.3 0.432
10.6 0.566
16.0 0.529
12.5 0.508
12.1 0.509
12.7 0.462
11.4 0.385
16.1 0.427
11.9 0.437
9.9 0.466
13.6 0.454
11.9 0.426
8.9 0.47
9.6 0.333
7.1 0.5
15.8 0.351
8.1 0.389
8.2 0.466
9.1 0.42
8.2 0.42
9.5 0.433
9.1 0.405
7.1 0.407
7.0 0.422
13.3 0.479
11.4 0.492
12.7 0.34
9.9 0.423
7.7 0.298
9.2 0.714
17.2 0.4
13.9 0.429
17.6 0.419
16.2 0.413
17.1 0.41
15.7 0.42
16.2 0.355
16.2 0.479
14.6 0.536
18.3 0.473
15.6 0.452
20.4 0.527
23.6 0.502
21.7 0.493
23.2 0.503
22.4 0.527
26.5 0.533
23.1 0.456
18.0 0.447
14.6 0.48
15.7 0.512
18.5 0.494
18.0 0.473
15.2 0.539
14.0 0.442
9.4 0.442
9.4 0.431
20.0 0.425
9.7 0.37
9.0 0.15
13.3 0.474
15.1 0.531
17.6 0.476
15.7 0.446
15.5 0.461
12.7 0.407
9.7 0.341
8.2 0.0
8.6 0.372
6.3 0.398
12.2 0.46
13.4 0.381
13.1 0.376
11.6 0.389
24.5 0.469
23.2 0.451
26.2 0.438
23.7 0.433
23.3 0.45
28.0 0.463
26.1 0.459
24.2 0.467
24.4 0.456
21.9 0.451
23.9 0.43
21.9 0.463
23.0 0.425
10.7 0.373
17.6 0.373
17.6 0.358
2.1 0.455
11.5 0.263
12.1 0.525
13.3 0.465
11.6 0.377
7.4 0.528
13.7 0.434
11.4 0.411
7.8 0.385
7.2 0.384
9.9 0.373
11.3 0.435
13.0 0.339
13.7 0.5
11.2 0.456
20.9 0.448
15.1 0.41
17.5 0.477
17.8 0.465
18.0 0.465
19.9 0.473
19.1 0.45
17.2 0.512
18.7 0.475
17.9 0.398
14.8 0.446
16.2 0.321
16.4 0.484
19.5 0.397
14.1 0.439
13.8 0.317
4.7 0.462
15.9 0.25
13.8 0.472
19.4 0.37
14.0 0.414
10.0 0.494
17.7 0.341
7.3 0.385
8.1 0.389
6.9 0.43
9.7 0.255
11.3 0.342
8.9 0.356
9.9 0.297
0.3 0.407
11.3 0.387
10.6 0.375
3.3 0.458
12.8 0.433
10.8 0.42
10.3 0.425
9.2 0.321
25.0 0.428
20.5 0.467
21.9 0.417
20.0 0.452
22.9 0.43
21.6 0.454
21.8 0.456
18.8 0.437
19.3 0.428
17.1 0.437
14.8 0.411
13.6 0.435
17.8 0.407
15.9 0.333
9.6 0.333
9.6 0.388
12.7 0.394
20.1 0.463
21.3 0.47
22.3 0.488
22.8 0.464
18.6 0.443
18.5 0.418
17.1 0.438
13.0 0.583
15.0 0.52
15.5 0.447
13.2 0.539
14.9 0.429
9.3 0.318
4.1 0.481
10.3 0.499
9.8 0.481
10.6 0.426
7.8 0.389
9.0 0.328
8.8 0.3
14.8 0.46
15.2 0.479
15.0 0.461
14.0 0.392
9.9 0.346
6.8 0.294
15.6 0.49
16.7 0.501
13.9 0.333
9.0 0.441
8.8 0.261
-3.7 0.304
6.8 0.357
9.1 0.352
13.8 0.45
16.2 0.448
15.4 0.413
11.6 0.214
9.3 0.384
8.8 0.333
6.7 0.353
7.4 0.432
11.1 0.472
15.0 0.479
14.6 0.463
9.5 0.467
11.5 0.615
28.8 0.448
8.5 0.476
15.3 0.413
15.4 0.386
15.9 0.398
15.2 0.416
15.5 0.4
14.5 0.41
16.0 0.41
15.1 0.449
18.4 0.421
14.2 0.384
15.7 0.438
16.8 0.416
17.3 0.396
16.6 0.396
16.6 0.404
14.0 0.413
14.3 0.413
14.3 0.411
16.1 0.388
14.4 0.378
13.5 0.463
15.2 0.351
10.9 0.445
13.2 0.359
7.2 0.471
14.5 0.341
10.4 0.417
14.4 0.406
7.5 0.453
6.2 0.402
5.7 0.388
3.6 0.448
10.0 0.435
11.3 0.496
15.8 0.535
20.1 0.55
15.2 0.493
13.9 0.626
14.9 0.643
15.3 0.65
15.7 0.624
14.0 0.584
9.7 0.125
15.5 0.44
13.4 0.452
13.3 0.47
19.7 0.438
18.0 0.418
13.7 0.442
15.0 0.459
13.7 0.419
16.5 0.426
14.8 0.407
14.5 0.403
11.8 0.461
11.1 0.432
16.6 0.417
18.2 0.416
16.9 0.395
20.7 0.387
20.8 0.389
18.3 0.439
21.0 0.426
19.8 0.37
14.5 0.406
17.4 0.417
17.0 0.37
15.1 0.51
16.6 0.541
14.5 0.473
12.9 0.479
13.4 0.375
9.9 0.446
11.8 0.354
6.5 0.364
10.0 0.448
10.7 0.392
8.8 0.091
18.9 0.481
15.9 0.41
16.1 0.469
16.1 0.462
15.0 0.448
15.6 0.465
15.9 0.433
12.0 0.339
7.1 0.434
12.8 0.45
10.1 0.534
11.3 0.477
10.6 0.444
11.3 0.25
13.4 0.384
13.8 0.416
13.7 0.38
13.2 0.416
15.1 0.441
14.3 0.342
12.4 0.313
6.4 0.417
17.7 0.472
17.0 0.466
15.6 0.47
16.3 0.419
9.9 0.417
8.8 0.426
8.9 0.435
12.4 0.447
9.7 0.42
9.9 0.469
11.0 0.444
12.6 0.386
7.4 0.389
9.6 0.389
10.0 0.403
10.1 0.44
12.6 0.41
11.1 0.468
14.1 0.436
13.6 0.398
11.6 0.397
11.3 0.405
6.9 0.476
7.9 0.429
12.4 0.296
9.4 0.222
7.2 0.4
7.1 0.0
23.8 0.508
27.0 0.513
26.9 0.501
27.1 0.496
27.0 0.484
23.1 0.546
26.1 0.497
24.4 0.504
24.4 0.518
24.7 0.5
21.9 0.492
22.5 0.502
24.4 0.49
21.3 0.512
22.6 0.512
22.6 0.488
11.7 0.337
8.5 0.417
14.1 0.368
12.4 0.398
9.3 0.33
12.4 0.333
16.0 0.418
9.1 0.382
10.8 0.42
9.9 0.368
12.9 0.444
10.1 0.429
11.2 0.355
18.2 0.463
17.6 0.425
17.6 0.443
17.8 0.427
14.3 0.412
12.7 0.412
13.7 0.414
11.4 0.437
11.4 0.44
14.0 0.411
14.0 0.437
11.9 0.352
11.5 0.393
13.4 0.41
14.8 0.382
11.4 0.436
13.8 0.424
12.1 0.38
9.3 0.389
8.9 0.371
8.0 0.342
7.7 0.391
11.0 0.438
14.2 0.465
17.9 0.383
13.4 0.455
11.6 0.529
24.4 0.428
15.9 0.37
9.9 0.511
15.9 0.522
17.0 0.529
8.5 0.5
9.5 0.222
4.8 0.385
12.5 0.449
12.9 0.36
12.0 0.544
16.2 0.519
15.4 0.552
15.1 0.469
13.0 0.55
15.7 0.501
13.0 0.478
9.6 0.479
14.3 0.5
13.8 0.421
11.3 0.422
11.9 0.392
12.4 0.444
12.5 0.536
15.3 0.454
13.0 0.502
12.7 0.507
10.3 0.565
13.7 0.458
9.9 0.636
21.6 0.417
19.1 0.435
20.6 0.403
15.8 0.423
18.9 0.435
15.2 0.408
15.1 0.333
16.1 0.469
13.8 0.444
23.9 0.47
23.8 0.502
26.4 0.499
29.4 0.502
28.2 0.526
26.8 0.476
24.1 0.539
25.3 0.531
21.2 0.521
19.4 0.528
20.6 0.503
20.4 0.496
19.2 0.441
13.3 0.467
15.2 0.467
15.2 0.47
12.5 0.327
10.1 0.426
12.3 0.419
11.2 0.333
0.5 0.402
9.1 0.417
9.1 0.314
6.4 0.338
15.6 0.447
11.5 0.125
6.2 0.411
12.6 0.39
11.4 0.408
11.5 0.356
10.7 0.4
11.3 0.395
9.7 0.357
7.0 0.38
7.0 0.432
8.9 0.424
10.1 0.384
7.6 0.422
10.6 0.392
11.1 0.4
12.3 0.421
13.1 0.427
13.5 0.39
12.2 0.364
4.1 0.2
17.5 0.469
12.7 0.509
15.6 0.471
12.1 0.493
10.0 0.415
14.3 0.513
13.9 0.52
13.1 0.411
10.5 0.499
14.2 0.433
11.5 0.278
4.5 0.36
10.7 0.48
11.6 0.473
10.7 0.395
11.1 0.422
9.7 0.455
10.9 0.345
9.1 0.411
10.3 0.361
11.8 0.0
10.1 0.569
9.7 0.447
5.5 0.493
8.3 0.459
15.7 0.435
16.9 0.443
18.7 0.455
16.8 0.44
16.0 0.491
18.2 0.468
18.1 0.484
18.2 0.447
16.9 0.409
14.9 0.429
15.8 0.452
13.2 0.429
5.7 0.42
13.5 0.4
17.7 0.537
15.9 0.344
10.4 0.5
16.6 0.418
13.9 0.447
13.0 0.411
11.8 0.423
9.0 0.286
16.7 0.365
13.6 0.367
13.3 0.461
14.1 0.511
19.3 0.471
16.1 0.489
15.5 0.475
16.3 0.491
14.7 0.5
14.1 0.461
10.2 0.475
14.3 0.434
12.4 0.463
14.9 0.459
14.4 0.452
16.0 0.457
14.8 0.434
15.6 0.439
15.9 0.435
16.8 0.416
12.3 0.446
15.3 0.351
10.3 0.396
12.0 0.527
13.0 0.508
12.3 0.495
9.0 0.512
14.5 0.495
11.1 0.446
5.0 0.429
12.9 0.464
15.7 0.413
13.5 0.404
11.1 0.395
1.7 0.526
17.0 0.333
7.8 0.4
9.8 0.498
14.1 0.446
12.5 0.443
10.4 1.0
14.0 0.509
13.4 0.468
12.1 0.476
18.2 0.527
12.4 0.516
12.2 0.642
6.2 0.484
18.1 0.426
16.7 0.492
12.4 0.39
10.1 0.422
9.9 0.6
15.3 0.416
12.2 0.389
10.2 0.465
13.6 0.489
11.0 0.398
14.5 0.387
12.4 0.405
14.5 0.419
14.9 0.384
13.5 0.359
11.9 0.319
11.6 0.399
11.6 0.387
12.1 0.359
12.0 0.451
15.8 0.422
15.2 0.428
15.0 0.409
13.0 0.445
15.4 0.38
10.5 0.399
16.1 0.437
15.2 0.445
17.7 0.435
14.8 0.415
16.0 0.46
15.8 0.45
17.2 0.453
15.6 0.451
13.0 0.459
12.5 0.465
12.8 0.359
4.1 0.51
10.9 0.509
10.0 0.44
8.4 0.309
3.6 0.526
10.2 0.434
15.3 0.428
15.2 0.386
12.5 0.401
12.1 0.381
12.2 0.379
10.8 0.29
13.9 0.423
15.4 0.467
15.5 0.397
17.6 0.43
21.6 0.409
14.0 0.4
12.1 0.381
11.9 0.402
13.4 0.355
14.8 0.382
9.4 0.351
10.6 0.343
9.0 0.358
9.6 0.37
10.5 0.385
12.7 0.344
8.8 0.329
7.9 0.167
16.0 0.425
17.4 0.441
19.4 0.483
20.2 0.468
19.5 0.506
21.9 0.485
18.0 0.474
18.7 0.472
18.0 0.443
11.9 0.508
24.0 0.398
21.9 0.414
21.2 0.387
19.3 0.424
23.2 0.447
25.9 0.442
19.6 0.458
20.9 0.417
15.8 0.43
13.1 0.443
17.3 0.464
18.4 0.444
19.2 0.427
18.0 0.382
14.6 0.394
15.1 0.403
13.5 0.398
10.4 0.405
10.7 0.442
11.3 0.442
12.4 0.424
12.2 0.426
10.9 0.294
16.1 0.366
11.1 0.438
13.4 0.415
13.2 0.465
15.9 0.472
12.5 0.41
14.9 0.439
16.3 0.398
12.2 0.34
12.1 0.374
7.9 0.435
14.5 0.425
16.1 0.403
15.9 0.411
13.6 0.433
14.4 0.405
14.9 0.414
16.1 0.423
15.6 0.411
14.6 0.374
10.7 0.373
8.0 0.231
5.8 0.385
19.0 0.447
17.1 0.47
19.0 0.535
21.2 0.437
16.9 0.442
17.7 0.45
18.4 0.436
20.3 0.468
20.6 0.461
17.3 0.427
16.8 0.403
16.1 0.464
15.3 0.315
8.1 0.411
11.8 0.446
11.3 0.406
11.6 0.445
14.3 0.443
14.2 0.414
9.9 0.437
11.2 0.404
10.3 0.441
11.5 0.479
16.6 0.42
12.2 0.402
8.4 0.396
11.2 0.461
8.6 0.452
9.4 0.534
8.5 0.519
8.3 0.412
13.0 0.401
11.2 0.381
11.5 0.401
14.2 0.456
15.5 0.387
9.3 0.386
10.2 0.416
11.3 0.324
18.8 0.432
17.5 0.423
18.9 0.409
16.7 0.428
13.6 0.404
14.7 0.422
12.3 0.367
14.2 0.448
13.2 0.434
12.3 0.344
7.6 0.432
13.1 0.405
12.1 0.275
13.1 0.437
14.4 0.387
7.0 0.0
11.4 0.43
12.1 0.418
10.6 0.47
12.3 0.43
19.4 0.391
19.1 0.414
22.2 0.384
19.7 0.398
19.5 0.404
19.2 0.406
19.4 0.385
16.7 0.416
16.9 0.423
17.2 0.361
14.4 0.363
13.1 0.372
12.5 0.422
14.9 0.425
11.2 0.427
13.6 0.422
18.0 0.399
17.3 0.419
14.3 0.404
11.4 0.349
0.9 0.363
5.3 0.385
17.8 0.419
14.4 0.432
18.0 0.417
16.1 0.41
12.8 0.389
17.0 0.464
13.7 0.494
16.1 0.465
14.5 0.582
17.6 0.458
17.9 0.518
16.5 0.46
16.8 0.496
17.3 0.431
12.0 0.382
8.7 0.443
11.8 0.398
9.4 0.392
8.5 0.401
9.4 0.357
13.2 0.41
14.5 0.402
14.4 0.422
13.5 0.385
15.1 0.393
7.1 0.448
17.3 0.468
18.5 0.452
16.7 0.435
17.5 0.462
19.4 0.467
20.0 0.461
20.7 0.455
16.7 0.439
16.8 0.435
14.0 0.433
12.0 0.385
9.3 0.414
11.1 0.415
-3.7 0.278
12.0 0.5
19.6 0.2
1.7 0.423
13.3 0.0
-3.0 0.0
-3.6 0.492
10.7 0.373
11.4 0.426
7.7 0.386
12.5 0.378
8.7 0.427
13.7 0.433
12.9 0.433
12.6 0.451
14.1 0.459
15.5 0.416
14.1 0.447
11.9 0.438
12.4 0.369
9.0 0.409
12.9 0.397
9.7 0.36
18.3 0.531
17.7 0.517
9.2 0.452
12.7 0.423
9.3 0.495
9.4 0.515
6.9 0.409
5.3 0.535
4.5 0.158
0.2 0.214
18.2 0.443
14.3 0.444
17.4 0.447
20.1 0.431
19.9 0.445
18.9 0.454
18.6 0.458
19.3 0.461
16.9 0.516
20.3 0.453
15.8 0.373
14.1 0.355
13.4 0.551
18.8 0.48
15.4 0.473
16.5 0.432
12.9 0.467
11.1 0.504
11.5 0.327
1.4 0.496
10.6 0.5
9.4 0.591
12.7 0.378
9.4 0.343
24.7 0.454
21.1 0.462
21.7 0.483
14.3 0.477
11.7 0.406
22.7 0.442
18.1 0.439
20.1 0.431
20.4 0.462
21.9 0.451
16.4 0.415
15.3 0.419
13.8 0.342
21.0 0.469
19.8 0.452
21.3 0.44
19.9 0.476
21.7 0.525
23.6 0.524
20.8 0.508
19.2 0.485
16.0 0.508
14.7 0.52
17.0 0.446
15.0 0.514
18.0 0.482
13.7 0.446
11.0 0.446
19.9 0.519
19.2 0.459
18.4 0.461
18.9 0.443
19.9 0.395
13.4 0.424
15.3 0.327
9.8 0.452
17.0 0.0
13.4 0.463
14.5 0.47
16.9 0.488
18.7 0.49
17.5 0.495
16.7 0.5
5.4 0.538
14.7 0.491
13.6 0.456
13.4 0.511
14.1 0.441
9.9 0.602
13.9 0.512
12.2 0.409
10.0 0.409
17.5 0.407
16.9 0.422
18.0 0.392
17.4 0.505
12.9 0.486
10.5 0.464
13.4 0.449
15.2 0.472
15.7 0.443
14.8 0.399
9.2 0.452
10.8 0.482
12.3 0.435
7.1 0.417
9.6 0.456
11.4 0.448
9.2 0.475
9.7 0.407
9.2 0.444
11.5 0.414
10.8 0.388
10.9 0.404
8.2 0.333
12.9 0.358
11.1 0.571
9.5 0.491
12.4 0.0
-3.8 0.538
22.0 0.573
24.9 0.451
25.1 0.457
30.3 0.417
25.3 0.431
22.9 0.406
21.9 0.431
23.2 0.419
18.4 0.388
16.3 0.387
12.2 0.442
14.9 0.437
15.6 0.413
13.8 0.444
10.0 0.447
15.1 0.412
12.4 0.441
9.2 0.392
7.7 0.434
8.3 0.426
15.1 0.449
15.8 0.429
13.7 0.459
13.9 0.43
8.4 0.25
6.1 0.647
21.8 0.477
15.6 0.434
10.3 0.441
13.6 0.455
11.9 0.5
11.0 0.414
14.8 0.397
10.2 0.409
9.3 0.427
9.3 0.411
12.6 0.42
10.0 0.404
13.2 0.488
14.6 0.507
15.7 0.501
14.7 0.481
14.4 0.41
9.7 0.485
16.1 0.482
15.5 0.461
20.1 0.454
21.8 0.406
15.2 0.457
18.8 0.477
16.5 0.463
16.4 0.466
16.1 0.492
18.4 0.473
18.6 0.445
18.1 0.46
17.8 0.438
14.8 0.479
15.7 0.459
13.9 0.5
13.3 0.5
13.3 0.557
16.4 0.499
20.1 0.493
19.3 0.51
19.4 0.524
20.7 0.495
17.5 0.453
13.5 0.463
16.8 0.476
16.7 0.43
12.9 0.446
16.3 0.333
13.2 0.438
15.0 0.434
14.7 0.438
14.9 0.505
16.7 0.466
17.2 0.46
16.4 0.502
16.1 0.482
13.8 0.501
13.9 0.401
9.7 0.435
11.4 0.433
13.5 0.481
12.5 0.325
4.6 0.325
4.6 0.355
6.5 0.391
17.3 0.453
16.5 0.441
15.9 0.438
16.1 0.437
9.6 0.417
12.3 0.368
8.2 0.432
17.7 0.438
16.7 0.434
14.7 0.426
14.1 0.438
15.0 0.426
13.1 0.44
12.5 0.433
11.5 0.432
19.2 0.461
14.0 0.421
12.4 0.521
16.1 0.48
16.4 0.504
15.0 0.532
16.5 0.515
15.8 0.406
7.7 0.553
19.6 0.522
15.9 0.467
11.0 0.367
10.8 0.429
10.1 0.433
8.7 0.433
8.7 0.6
3.2 0.4
5.9 0.52
14.5 0.476
12.3 0.5
5.4 0.402
12.9 0.475
14.9 0.385
17.9 0.505
13.3 0.502
12.7 0.435
8.6 0.609
14.8 0.577
11.5 0.553
8.9 0.6
7.5 0.44
24.6 0.516
13.9 0.436
11.4 0.411
13.6 0.324
5.2 0.25
17.5 0.501
16.0 0.374
11.2 0.478
14.3 0.498
16.4 0.526
12.7 0.556
14.4 0.538
14.5 0.385
6.6 0.6
20.6 0.448
13.5 0.391
12.9 0.4
11.7 0.483
14.4 0.442
14.3 0.45
13.2 0.478
14.5 0.5
14.0 0.5
14.8 0.558
14.8 0.444
11.5 0.45
11.2 0.422
10.9 0.576
13.5 0.473
12.1 0.446
7.7 0.425
8.4 0.361
5.5 0.375
19.6 0.483
20.7 0.465
22.6 0.47
20.5 0.502
22.0 0.512
23.3 0.532
23.8 0.504
21.1 0.503
19.5 0.507
21.6 0.492
20.8 0.532
20.3 0.497
16.0 0.383
8.9 0.435
10.4 0.493
12.9 0.525
14.7 0.469
15.3 0.46
12.0 0.515
11.0 0.546
13.9 0.55
16.1 0.513
14.1 0.544
8.9 0.498
11.5 0.495
11.7 0.391
6.7 0.429
8.6 0.298
4.0 0.432
14.9 0.437
13.0 0.453
16.2 0.398
13.1 0.406
11.8 0.369
10.9 0.321
6.1 0.411
22.8 0.477
24.1 0.463
25.6 0.462
22.5 0.459
26.1 0.48
28.1 0.502
27.6 0.479
24.6 0.479
23.1 0.481
22.9 0.517
23.4 0.457
21.7 0.471
19.8 0.497
23.6 0.459
19.2 0.459
19.2 0.448
19.0 0.437
17.5 0.479
18.1 0.484
21.4 0.434
21.1 0.452
22.9 0.472
20.4 0.436
18.8 0.439
14.4 0.474
15.4 0.529
17.9 0.459
9.2 0.433
9.4 0.482
16.7 0.504
30.2 0.579
29.7 0.574
29.5 0.584
24.4 0.601
27.0 0.6
24.4 0.591
21.7 0.593
17.1 0.609
22.3 0.566
17.9 0.667
11.6 0.369
6.6 0.418
8.3 0.333
18.9 0.419
13.7 0.439
14.6 0.43
18.5 0.473
17.3 0.481
17.0 0.468
16.1 0.525
16.9 0.492
16.6 0.463
15.9 0.53
19.4 0.352
9.2 0.399
20.7 0.464
10.3 0.388
12.3 0.451
13.7 0.37
12.2 0.355
6.7 0.431
7.8 0.433
8.4 0.42
9.7 0.407
9.9 0.4
10.0 0.433
12.4 0.427
10.5 0.425
11.2 0.456
10.4 0.446
8.3 0.413
13.3 0.453
12.7 0.518
11.5 0.476
14.3 0.44
10.0 0.492
15.7 0.555
11.4 0.55
12.2 0.51
13.1 0.353
8.1 0.603
11.8 0.667
11.4 0.667
7.5 0.318
10.6 0.537
11.2 0.435
14.8 0.368
9.1 0.403
13.3 0.423
17.6 0.476
15.4 0.402
12.4 0.443
15.6 0.421
12.3 0.353
12.5 0.286
12.3 0.383
9.7 0.418
8.2 0.349
7.4 0.446
12.5 0.424
12.6 0.361
7.6 0.503
13.3 0.4
19.3 0.515
18.8 0.492
14.5 0.506
14.6 0.531
15.8 0.515
16.4 0.548
18.5 0.453
22.1 0.467
22.9 0.454
21.1 0.471
17.3 0.468
15.1 0.42
10.7 0.393
12.6 0.421
12.2 0.414
11.0 0.448
11.8 0.373
11.2 0.5
11.6 0.5
11.6 0.495
16.3 0.456
13.5 0.401
11.5 0.473
14.1 0.438
15.3 0.392
12.6 0.405
12.1 0.42
14.4 0.436
15.3 0.429
13.2 0.417
11.2 0.399
10.7 0.385
9.3 0.4
14.6 0.439
13.8 0.471
16.0 0.377
8.7 0.43
12.4 0.393
6.2 0.36
7.7 0.364
22.3 0.442
22.3 0.416
22.7 0.402
19.4 0.455
21.8 0.471
23.6 0.439
21.7 0.464
19.6 0.457
17.7 0.472
18.2 0.497
19.7 0.443
19.6 0.436
19.1 0.451
16.8 0.447
15.2 0.447
15.2 0.363
8.2 0.4
15.3 0.411
14.9 0.444
15.3 0.379
15.0 0.55
15.0 0.46
14.6 0.412
8.3 0.473
11.2 0.455
12.3 0.423
8.5 0.522
7.2 0.396
15.5 0.424
12.5 0.376
12.9 0.411
13.5 0.478
18.8 0.357
10.5 0.403
9.8 0.431
12.7 0.418
12.0 0.412
10.8 0.365
8.7 0.336
7.2 0.333
11.0 0.368
12.8 0.455
11.4 0.441
8.2 0.489
11.2 0.517
14.5 0.521
7.4 0.0
9.4 0.333
5.9 0.535
10.2 0.391
7.9 0.36
6.7 0.598
15.5 0.548
15.3 0.474
7.4 0.576
12.3 0.625
15.4 0.523
11.2 0.568
6.2 0.458
6.0 0.25
16.3 0.5
11.1 0.464
13.8 0.485
14.4 0.447
10.1 0.571
12.2 0.333
6.7 0.482
11.9 0.531
11.2 0.461
10.3 0.167
6.2 0.333
3.4 0.483
20.0 0.469
21.0 0.44
19.9 0.441
18.3 0.45
21.2 0.465
22.3 0.442
18.8 0.455
17.9 0.352
12.1 0.4
9.7 0.4
13.1 0.474
10.1 0.0
13.7 0.389
8.0 0.429
11.9 0.289
16.5 0.432
17.4 0.372
12.5 0.398
15.1 0.389
13.6 0.355
9.6 0.418
14.3 0.359
8.5 0.393
11.6 0.431
12.9 0.341
8.1 0.376
8.7 0.091
14.9 0.405
11.8 0.457
14.8 0.425
13.5 0.398
12.4 0.387
10.8 0.386
10.3 0.427
9.6 0.372
23.7 0.507
20.3 0.469
17.9 0.453
12.5 0.492
11.5 0.482
20.1 0.467
19.1 0.432
16.7 0.448
15.0 0.442
11.8 0.25
18.1 0.558
14.6 0.471
17.0 0.402
11.7 0.41
14.2 0.382
11.5 0.418
7.5 0.421
7.7 0.358
17.8 0.455
16.8 0.406
14.9 0.402
12.4 0.455
16.6 0.423
13.9 0.442
14.8 0.463
16.4 0.459
16.1 0.428
15.0 0.449
12.2 0.374
10.2 0.398
7.7 0.367
7.3 0.344
10.1 0.269
14.1 0.38
9.8 0.353
9.1 0.402
11.6 0.377
11.8 0.0
7.9 0.5
12.0 0.493
10.9 0.353
11.8 0.387
10.4 0.543
11.3 0.55
15.4 0.497
14.4 0.507
13.7 0.513
10.5 0.49
8.9 0.465
11.4 0.449
10.6 0.4
5.5 0.0
0.0 0.0
14.1 0.467
17.9 0.54
14.7 0.413
14.6 0.511
16.0 0.46
14.3 0.439
16.6 0.514
15.0 0.475
16.1 0.449
13.9 0.478
16.1 0.468
13.8 0.399
11.2 0.188
15.9 0.455
13.9 0.388
12.0 0.406
11.8 0.411
14.0 0.442
14.7 0.452
15.6 0.413
13.5 0.382
9.0 0.409
8.1 0.417
8.6 0.158
13.5 0.231
15.1 0.404
13.7 0.403
14.3 0.409
14.7 0.414
21.8 0.397
19.0 0.409
18.7 0.399
13.2 0.414
15.9 0.401
14.5 0.428
16.8 0.405
13.3 0.267
3.4 0.408
11.1 0.25
6.0 0.37
11.5 0.384
9.3 0.368
12.2 0.47
13.9 0.433
13.6 0.417
4.3 0.385
8.2 0.401
8.2 0.432
11.6 0.408
9.3 0.46
10.9 0.461
12.9 0.386
12.6 0.312
6.9 0.282
3.3 0.388
9.8 0.285
4.3 0.374
8.7 0.348
8.6 0.378
5.9 0.417
4.2 0.524
11.7 0.372
22.3 0.517
21.9 0.483
18.4 0.484
19.3 0.481
19.6 0.48
21.8 0.444
17.3 0.437
16.7 0.423
15.8 0.44
15.7 0.399
12.5 0.404
12.4 0.441
16.3 0.402
14.7 0.376
12.1 0.401
14.8 0.392
16.6 0.397
13.7 0.391
12.6 0.356
10.7 0.389
12.9 0.429
13.5 0.403
14.0 0.375
11.9 0.446
11.4 0.4
16.1 0.443
15.6 0.432
15.4 0.425
14.9 0.209
11.0 0.4
8.7 0.25
1.2 0.4
3.5 0.297
11.2 0.424
17.1 0.412
14.2 0.416
16.2 0.427
13.1 0.48
17.2 0.481
18.0 0.469
19.2 0.449
16.7 0.491
14.6 0.465
14.2 0.509
14.8 0.429
15.8 0.508
17.1 0.481
17.3 0.449
15.3 0.506
17.1 0.487
17.7 0.415
14.8 0.431
13.9 0.45
17.3 0.43
19.2 0.428
18.2 0.417
16.2 0.501
18.4 0.47
18.4 0.484
18.9 0.467
17.8 0.463
19.3 0.438
16.5 0.451
15.9 0.43
15.7 0.434
12.8 0.362
7.4 0.422
11.4 0.422
11.4 0.402
10.2 0.432
11.2 0.478
16.4 0.465
14.9 0.469
15.9 0.47
15.2 0.505
15.0 0.482
10.2 0.421
2.6 0.375
8.8 0.486
16.9 0.494
15.8 0.483
16.7 0.473
14.1 0.471
14.1 0.486
13.1 0.486
11.4 0.492
14.2 0.503
14.0 0.476
9.9 0.511
10.0 0.465
9.5 0.542
16.4 0.42
13.1 0.443
14.3 0.446
15.1 0.439
12.3 0.431
12.2 0.414
13.6 0.413
12.2 0.432
12.2 0.462
14.1 0.426
13.0 0.443
15.3 0.505
16.2 0.444
13.8 0.507
15.4 0.535
15.9 0.473
9.6 0.475
11.7 0.452
10.2 0.504
12.5 0.5
11.8 0.606
17.3 0.403
11.7 0.422
14.2 0.422
12.0 0.406
14.1 0.419
16.0 0.454
16.7 0.419
14.2 0.456
17.8 0.413
14.8 0.409
13.3 0.446
13.4 0.415
11.7 0.264
3.4 0.385
11.3 0.441
10.5 0.441
18.5 0.409
17.8 0.412
15.6 0.39
13.1 0.381
12.5 0.397
15.5 0.433
16.0 0.482
17.3 0.454
17.8 0.456
15.7 0.424
12.8 0.47
13.1 0.448
10.5 0.386
8.0 0.449
8.9 0.437
7.5 0.425
10.9 0.428
9.2 0.32
5.8 0.554
13.9 0.564
11.8 0.507
11.2 0.458
8.7 0.437
11.0 0.475
10.9 0.463
8.7 0.267
18.9 0.394
17.1 0.388
14.6 0.428
15.8 0.422
15.5 0.435
14.4 0.397
9.6 0.363
12.2 0.512
14.5 0.42
11.6 0.384
10.4 0.355
3.1 0.0
14.8 0.531
18.6 0.481
17.2 0.421
17.3 0.453
17.4 0.51
17.5 0.453
14.6 0.392
12.0 0.445
12.2 0.541
15.8 0.45
12.3 0.395
11.2 0.435
20.9 0.469
19.3 0.471
18.5 0.436
17.8 0.44
16.4 0.43
17.6 0.423
15.7 0.432
17.2 0.419
14.9 0.409
14.5 0.373
14.5 0.399
15.9 0.41
14.5 0.312
17.4 0.418
13.3 0.449
14.5 0.493
14.6 0.412
24.7 0.495
24.4 0.461
20.9 0.413
17.2 0.433
18.6 0.434
18.4 0.452
16.0 0.484
18.8 0.469
18.4 0.441
15.7 0.427
13.0 0.441
15.9 0.463
16.6 0.411
8.9 0.443
15.3 0.4
11.3 0.433
15.1 0.389
12.6 0.398
11.8 0.403
9.6 0.293
14.7 0.538
14.9 0.472
14.8 0.521
11.8 0.452
13.2 0.418
15.6 0.355
9.2 0.378
15.1 0.526
15.2 0.453
11.9 0.503
13.2 0.46
5.9 0.517
11.6 0.547
9.4 0.491
15.2 0.415
13.8 0.438
16.7 0.405
10.0 0.374
8.8 0.442
13.1 0.386
12.5 0.43
10.7 0.387
6.8 0.404
12.8 0.382
15.1 0.388
17.1 0.407
16.9 0.413
15.4 0.442
15.0 0.413
15.0 0.384
15.7 0.49
15.7 0.499
15.6 0.47
14.7 0.502
11.0 0.547
14.7 0.425
14.2 0.396
10.5 0.411
9.7 0.484
14.4 0.293
15.4 0.42
14.3 0.394
12.4 0.375
12.6 0.419
13.1 0.393
15.1 0.51
20.0 0.453
15.7 0.505
14.4 0.467
14.7 0.417
8.1 0.51
14.6 0.44
16.1 0.479
12.5 0.467
14.9 0.389
13.6 0.423
15.8 0.428
17.6 0.421
18.2 0.496
23.5 0.404
15.2 0.44
18.5 0.453
18.8 0.401
15.6 0.414
12.1 0.397
11.2 0.394
11.0 0.403
12.5 0.397
15.7 0.459
14.8 0.454
14.4 0.439
14.0 0.469
13.9 0.478
12.2 0.448
6.6 0.286
2.5 0.37
14.9 0.44
16.1 0.383
11.6 0.37
11.5 0.472
15.0 0.424
9.9 0.419
10.5 0.475
14.2 0.49
11.5 0.415
10.4 0.48
9.8 0.429
7.3 0.397
5.9 0.355
13.8 0.4
14.0 0.443
14.4 0.534
18.5 0.571
17.0 0.431
18.6 0.392
16.0 0.431
21.3 0.447
23.8 0.418
24.0 0.398
18.2 0.261
18.9 0.411
18.7 0.366
10.8 0.406
3.8 0.333
3.9 0.371
12.4 0.459
14.1 0.441
16.8 0.389
11.3 0.444
15.6 0.425
14.4 0.451
8.0 0.235
-8.4 0.571
13.9 0.483
15.0 0.446
15.3 0.442
14.8 0.488
14.7 0.446
12.0 0.428
11.7 0.41
10.7 0.398
11.1 0.45
12.3 0.387
9.7 0.42
10.7 0.382
6.5 0.0
18.4 0.2
9.9 0.481
12.8 0.467
4.1 0.625
11.7 0.405
10.0 0.529
13.4 0.371
6.6 0.297
9.8 0.395
10.9 0.462
9.7 0.512
16.1 0.517
15.3 0.445
9.7 0.468
1.6 0.314
1.6 0.1
-4.3 0.371
11.9 0.357
8.8 0.461
12.5 0.333
11.2 0.446
13.6 0.489
15.7 0.46
10.4 0.526
11.7 0.591
13.7 0.507
10.1 0.533
11.5 0.5
7.9 0.517
12.8 0.525
11.1 0.459
12.4 0.458
17.4 0.5
-9.2 0.356
13.0 0.531
15.8 0.424
14.2 0.494
16.4 0.565
12.2 0.624
17.0 0.623
17.5 0.565
13.4 0.574
12.5 0.654
18.4 0.679
18.7 0.638
18.9 0.593
16.4 0.666
20.1 0.666
20.1 0.583
14.7 0.671
12.6 0.462
15.9 0.427
17.3 0.421
15.8 0.413
16.1 0.327
11.5 0.442
8.2 0.498
11.1 0.414
8.0 0.461
11.0 0.441
8.0 0.439
6.1 0.457
5.8 0.387
3.7 0.286
10.7 0.414
9.9 0.424
10.0 0.412
8.6 0.397
5.5 0.364
3.0 0.469
3.4 0.314
3.3 0.348
0.9 0.479
5.4 0.4
3.7 0.31
3.0 0.458
14.4 0.585
17.5 0.496
14.8 0.538
16.3 0.563
17.0 0.576
17.0 0.546
15.0 1.0
2.8 0.381
3.2 0.351
6.7 0.388
10.4 0.29
6.3 0.487
11.5 0.47
10.6 0.522
12.5 0.433
9.7 0.517
7.8 0.333
5.4 0.357
6.8 0.296
12.7 0.412
12.5 0.393
12.6 0.438
10.0 0.333
-2.2 0.545
2.8 0.286
9.5 0.438
12.4 0.313
6.5 0.529
19.5 0.51
20.7 0.482
21.7 0.514
22.5 0.503
22.7 0.538
24.1 0.534
21.6 0.567
22.2 0.536
22.9 0.529
23.3 0.501
20.4 0.466
16.7 0.48
19.3 0.494
22.7 0.494
22.7 0.469
21.7 0.502
13.8 0.4
10.4 0.367
6.0 0.465
8.2 0.474
9.3 0.464
9.5 0.49
9.7 0.422
4.2 0.45
7.2 0.411
4.0 0.118
13.7 0.51
13.5 0.515
17.2 0.56
16.5 0.514
13.8 0.558
14.2 0.528
18.3 0.48
14.9 0.562
16.1 0.574
11.7 0.518
12.9 0.431
12.9 0.544
13.4 0.529
11.2 0.614
14.7 0.601
13.9 0.577
12.3 0.536
12.3 0.364
11.9 0.478
13.1 0.498
11.3 0.509
10.0 0.463
6.3 0.418
5.1 1.0
45.3 0.375
9.4 0.373
11.8 0.414
14.4 0.441
16.6 0.469
19.8 0.422
13.3 0.348
8.6 0.383
9.7 0.3
13.4 0.501
16.6 0.498
18.1 0.422
16.6 0.493
18.9 0.456
13.8 0.466
17.4 0.439
15.4 0.467
13.1 0.474
12.4 0.416
11.1 0.456
10.3 0.45
11.8 0.444
11.3 0.444
11.3 0.458
9.7 0.446
11.8 0.397
11.6 0.43
13.9 0.461
15.1 0.453
17.9 0.471
19.5 0.432
17.3 0.437
18.2 0.458
19.3 0.443
16.4 0.454
18.4 0.423
14.1 0.454
15.5 0.435
14.1 0.435
14.1 0.439
12.0 0.436
20.7 0.445
18.8 0.491
21.1 0.443
22.6 0.493
24.4 0.46
20.7 0.471
14.3 0.506
17.2 0.449
16.8 0.506
18.2 0.467
16.1 0.467
18.3 0.453
14.7 0.384
9.3 0.373
7.7 0.0
10.2 0.235
7.3 0.402
9.5 0.466
10.3 0.451
15.9 0.44
16.8 0.414
16.8 0.433
15.9 0.458
14.5 0.455
16.0 0.475
17.8 0.472
18.0 0.368
8.0 0.45
9.0 0.361
6.0 0.241
11.7 0.464
16.5 0.447
15.7 0.482
18.0 0.548
20.8 0.52
21.4 0.494
20.0 0.506
23.4 0.487
16.4 0.519
20.4 0.48
22.0 0.522
23.0 0.499
18.9 0.486
15.9 0.486
15.9 0.493
16.2 0.466
12.7 0.41
13.0 0.425
15.1 0.409
13.7 0.407
13.6 0.424
11.0 0.453
12.6 0.421
11.0 0.377
7.9 0.431
12.6 0.376
11.7 0.302
16.9 0.513
19.9 0.485
19.6 0.448
18.6 0.436
16.9 0.467
22.8 0.459
18.0 0.475
19.6 0.488
21.2 0.503
22.6 0.463
17.9 0.46
17.9 0.467
18.3 0.487
19.5 0.487
19.5 0.475
18.3 0.449
16.2 0.552
14.0 0.442
10.5 0.568
14.0 0.542
13.8 0.41
14.8 0.438
16.8 0.446
19.0 0.446
19.2 0.417
15.5 0.441
18.4 0.477
16.7 0.474
16.6 0.447
15.0 0.408
13.3 0.402
7.0 0.309
11.5 0.301
4.2 0.402
8.9 0.394
9.5 0.398
11.0 0.383
5.9 0.403
6.6 0.309
5.1 0.421
7.4 0.341
3.6 0.526
6.5 0.467
15.5 0.383
6.1 0.455
13.0 0.405
13.2 0.393
13.0 0.394
12.6 0.466
16.1 0.453
13.2 0.25
15.7 0.492
15.8 0.489
16.4 0.502
13.0 0.533
13.6 0.574
13.4 0.396
13.4 0.414
16.4 0.418
18.6 0.409
12.1 0.389
15.2 0.38
11.4 0.444
8.4 0.425
17.5 0.263
13.3 0.492
12.5 0.36
10.6 0.449
14.1 0.538
21.3 0.502
19.8 0.449
17.5 0.48
18.6 0.484
18.3 0.454
16.2 0.454
15.9 0.397
11.6 0.504
10.0 0.412
6.2 0.412
11.6 0.435
14.6 0.371
12.8 0.426
13.1 0.43
14.6 0.383
13.5 0.454
14.6 0.384
9.5 0.426
10.9 0.41
10.2 0.338
9.5 0.308
7.7 0.273
11.0 0.408
9.8 0.459
16.4 0.419
9.9 0.382
9.9 0.458
12.3 0.433
11.3 0.475
2.4 0.273
11.3 0.493
12.6 0.273
-8.0 0.433
17.9 0.523
20.8 0.521
19.2 0.549
21.4 0.561
24.1 0.547
21.9 0.49
17.2 0.562
21.3 0.51
18.8 0.532
19.7 0.477
17.1 0.456
14.4 0.499
16.4 0.499
12.7 0.272
6.9 0.434
13.1 0.423
14.6 0.393
10.3 0.42
14.3 0.409
11.3 0.355
9.7 0.377
15.1 0.38
10.7 0.445
15.8 0.455
17.0 0.463
18.3 0.466
20.7 0.453
18.8 0.428
13.7 0.45
14.2 0.407
11.7 0.424
12.4 0.394
12.2 0.407
9.3 0.407
9.3 0.424
9.5 0.476
14.0 0.399
10.3 0.406
10.8 0.398
10.8 0.35
8.8 0.433
11.8 0.409
10.7 0.333
6.2 0.308
9.9 0.378
9.0 0.405
14.9 0.37
10.4 0.358
12.2 0.419
11.0 0.388
13.5 0.416
15.2 0.435
14.6 0.425
11.8 0.411
11.3 0.395
12.5 0.449
15.1 0.451
14.5 0.406
12.5 0.452
14.1 0.476
17.3 0.401
14.4 0.41
13.1 0.462
14.6 0.474
16.6 0.442
13.6 0.43
12.6 0.435
11.6 0.435
11.6 0.41
9.1 0.423
10.8 0.431
11.1 0.432
10.5 0.508
14.3 0.363
5.2 0.472
9.0 0.389
10.4 0.406
9.9 0.476
13.0 0.489
12.5 0.544
13.5 0.439
11.0 0.444
10.4 0.493
11.4 0.408
12.4 0.472
9.2 0.479
12.8 0.473
11.7 0.423
11.7 0.423
11.2 0.524
17.0 0.539
18.1 0.553
17.2 0.474
11.9 0.416
10.7 0.48
12.2 0.438
10.5 0.419
9.9 0.0
14.7 0.418
18.5 0.471
22.3 0.462
22.4 0.464
24.1 0.46
24.3 0.454
22.9 0.441
22.5 0.433
21.7 0.526
24.1 0.425
19.0 0.469
20.0 0.426
16.2 0.426
16.2 0.453
17.8 0.39
12.1 0.436
13.2 0.448
12.9 0.433
8.7 0.462
11.3 0.44
15.0 0.445
15.6 0.492
19.7 0.512
17.6 0.473
16.5 0.449
13.8 0.468
16.3 0.478
16.9 0.431
15.9 0.437
18.8 0.328
7.7 0.531
18.4 0.399
11.9 0.399
11.9 0.32
9.6 0.486
14.6 0.342
15.4 0.53
14.8 0.503
15.6 0.0
-54.4 0.57
17.8 0.408
11.1 0.604
18.8 0.587
18.9 0.615
20.4 0.537
18.6 0.48
17.0 0.503
16.6 0.511
14.3 0.511
14.3 0.544
16.8 0.617
4.1 0.25
-1.0 0.408
9.2 0.417
9.6 0.404
14.4 0.388
12.6 0.414
13.9 0.399
11.7 0.418
9.6 0.43
12.1 0.331
6.8 0.375
11.1 0.377
8.7 0.468
11.2 0.451
11.6 0.461
8.6 0.4
7.9 0.44
9.4 0.439
9.8 0.349
8.0 0.41
10.9 0.296
5.5 0.395
11.8 0.425
13.3 0.417
11.0 0.385
10.0 0.421
10.9 0.407
12.4 0.65
7.4 0.327
20.6 0.522
21.9 0.552
23.2 0.519
25.6 0.516
26.5 0.507
22.5 0.548
6.6 0.425
15.4 0.361
9.9 0.418
11.5 0.404
10.8 0.42
13.2 0.447
14.7 0.392
5.8 0.356
8.3 0.392
10.1 0.346
7.2 0.457
14.5 0.402
14.8 0.463
18.3 0.468
18.9 0.46
19.0 0.462
18.1 0.445
15.2 0.485
17.5 0.458
15.6 0.355
12.6 0.374
7.3 0.407
11.5 0.385
11.1 0.373
9.9 0.409
13.4 0.39
11.7 0.467
13.3 0.487
16.2 0.455
14.8 0.46
16.0 0.448
15.6 0.45
15.0 0.486
16.0 0.473
15.1 0.421
12.8 0.438
11.5 0.407
8.2 0.44
12.0 0.44
12.0 0.445
5.8 0.44
10.4 0.387
10.1 0.386
9.5 0.387
10.6 0.405
9.7 0.42
10.7 0.456
12.7 0.477
13.9 0.472
16.0 0.441
14.7 0.415
12.8 0.409
9.0 0.399
10.2 0.363
7.8 0.333
5.1 0.333
8.4 0.478
15.0 0.452
11.6 0.714
24.4 0.643
-28.0 0.435
4.6 0.455
7.1 0.35
7.8 0.333
16.2 0.475
19.8 0.559
26.6 0.333
17.8 0.575
23.1 0.59
27.6 0.539
20.3 0.557
22.6 0.502
22.7 0.483
17.7 0.577
22.1 0.557
18.8 0.557
20.3 0.557
20.3 0.566
-1.4 0.0
4.9 0.328
7.1 0.297
2.7 0.351
10.9 0.366
8.6 0.327
4.5 0.428
12.6 0.402
10.9 0.387
12.5 0.521
15.3 0.514
13.6 0.571
17.3 0.529
16.6 0.524
16.3 0.497
13.3 0.525
12.0 0.581
18.0 0.598
12.4 0.719
9.3 0.472
14.4 0.416
11.0 0.322
5.8 0.468
12.7 0.472
6.4 0.385
10.7 0.15
11.2 0.371
9.4 0.417
7.7 0.508
17.6 0.431
16.7 0.481
22.0 0.476
22.1 0.492
21.1 0.443
19.0 0.458
22.2 0.455
21.7 0.43
21.1 0.449
24.8 0.452
24.4 0.444
21.5 0.444
21.5 0.434
20.3 0.433
11.0 0.402
12.3 0.468
13.6 0.429
11.3 0.45
12.6 0.368
7.8 0.534
15.3 0.0
12.7 0.475
12.8 0.481
15.1 0.476
18.4 0.462
15.8 0.482
19.4 0.425
14.0 0.45
15.3 0.425
14.0 0.43
13.5 0.427
11.5 0.474
15.3 0.474
15.3 0.462
11.7 0.439
10.6 0.411
9.0 0.5
10.7 0.438
14.7 0.423
12.9 0.423
12.6 0.487
13.6 0.47
14.6 0.452
15.5 0.462
15.5 0.438
12.0 0.444
11.3 0.444
11.3 0.381
11.7 0.391
10.9 0.328
8.4 0.438
14.5 0.411
9.9 0.408
12.0 0.428
14.4 0.416
11.6 0.359
7.5 0.377
8.5 0.422
11.7 0.377
11.0 0.373
9.5 0.373
9.5 0.388
11.0 0.381
10.4 0.395
10.7 0.404
9.2 0.41
10.9 0.367
9.7 0.403
7.7 0.404
9.0 0.381
4.8 0.38
6.7 0.5
7.9 0.43
15.1 0.471
17.5 0.505
23.2 0.496
22.6 0.494
23.8 0.487
22.1 0.518
25.0 0.496
19.4 0.487
18.9 0.535
20.0 0.516
19.0 0.46
19.8 0.46
19.8 0.467
9.5 0.429
8.4 0.486
16.9 0.385
3.8 0.389
14.7 0.403
13.9 0.433
14.6 0.428
10.7 0.38
5.5 0.36
7.1 0.447
12.2 0.331
5.6 0.0
14.0 0.417
14.1 0.511
15.6 0.453
14.8 0.376
8.6 0.368
7.6 0.304
2.4 0.424
11.6 0.316
4.7 0.417
20.1 0.437
14.6 0.48
14.9 0.459
11.6 0.43
11.6 0.451
12.8 0.498
9.6 0.491
11.7 0.364
8.1 0.376
2.1 0.378
11.4 0.286
8.8 0.422
10.0 0.526
17.3 0.538
13.0 0.477
12.0 0.507
14.4 0.483
12.8 0.492
13.9 0.444
11.2 0.539
11.9 0.521
14.1 0.46
12.7 0.46
12.7 0.527
14.0 0.446
23.1 0.286
9.7 0.48
11.8 0.524
10.4 0.355
7.4 0.333
9.3 0.524
11.2 0.468
10.7 0.532
10.1 0.511
11.2 0.39
6.9 0.491
10.3 0.333
5.5 0.478
8.9 0.333
15.7 0.4
12.4 0.39
6.1 0.34
3.5 0.5
-4.7 0.346
10.8 0.366
9.6 0.424
8.6 0.411
10.3 0.436
12.8 0.435
11.1 0.457
12.8 0.443
10.8 0.471
13.9 0.461
11.8 0.376
7.1 0.386
7.9 0.386
17.1 0.518
13.7 0.54
15.5 0.508
13.7 0.492
13.7 0.467
12.7 0.518
13.1 0.494
14.6 0.512
12.7 0.423
10.9 0.514
9.9 0.507
10.5 0.448
10.6 0.448
10.6 0.377
9.1 0.478
9.4 0.389
11.1 0.421
12.2 0.41
10.7 0.431
13.0 0.445
10.8 0.421
13.1 0.397
15.3 0.418
15.5 0.448
17.0 0.414
13.1 0.437
13.9 0.409
11.6 0.446
12.3 0.414
9.2 0.377
10.8 0.393
10.8 0.373
6.8 0.373
6.8 0.38
15.7 0.475
15.8 0.471
19.3 0.459
20.0 0.455
18.3 0.451
17.0 0.405
12.7 0.358
9.2 0.399
10.5 0.403
12.6 0.507
18.3 0.472
25.7 0.48
28.1 0.476
24.5 0.484
29.1 0.489
31.7 0.503
31.1 0.51
27.3 0.531
30.7 0.565
31.6 0.567
29.3 0.488
25.9 0.488
25.9 0.52
27.5 0.548
2.6 0.273
9.6 0.0
-3.4 0.409
10.1 0.489
14.0 0.474
8.2 0.364
2.5 0.437
9.6 0.414
8.0 0.477
9.6 0.434
13.5 0.458
9.0 0.461
10.8 0.467
13.7 0.409
10.3 0.369
4.9 0.396
10.5 0.418
13.2 0.368
10.8 0.437
13.6 0.369
8.4 0.361
8.8 0.422
11.1 0.38
9.7 0.344
8.1 0.456
15.4 0.368
11.1 0.368
11.1 0.408
11.6 0.478
9.6 0.497
13.1 0.523
15.0 0.451
12.9 0.483
17.5 0.528
14.4 0.49
16.5 0.471
15.7 0.446
15.3 0.507
16.3 0.509
17.0 0.515
17.3 0.515
17.3 0.465
10.2 0.401
11.8 0.446
9.0 0.494
13.8 0.488
10.8 0.432
8.9 0.419
8.4 0.25
1.6 0.382
10.1 0.418
12.8 0.43
12.3 0.44
14.2 0.443
12.8 0.438
12.1 0.493
13.9 0.434
13.0 0.432
13.6 0.461
13.9 0.475
13.5 0.487
14.8 0.487
14.8 0.435
9.7 0.464
12.2 0.371
7.3 0.182
12.0 0.422
8.1 0.35
10.4 0.353
8.6 0.388
6.1 0.329
4.7 0.509
15.2 0.454
13.8 0.438
11.0 0.515
13.8 0.49
12.8 0.469
12.2 0.454
9.0 0.0
16.4 0.498
15.4 0.44
12.9 0.434
15.3 0.433
15.7 0.453
15.1 0.391
13.3 0.375
8.8 0.343
9.6 0.418
13.0 0.399
10.8 0.452
14.4 0.451
15.0 0.474
16.8 0.437
11.0 0.497
14.1 0.488
13.1 0.461
12.4 0.499
14.0 0.473
13.1 0.427
14.0 0.454
15.6 0.454
15.6 0.466
16.2 0.534
8.7 0.435
9.0 0.41
6.9 0.453
12.1 0.362
7.2 0.422
8.6 0.363
5.4 0.403
6.0 0.391
6.7 0.353
-7.2 0.333
22.8 0.471
11.2 0.515
13.2 0.491
9.5 0.615
13.3 0.577
13.2 0.602
15.0 0.515
9.6 0.489
8.7 0.457
8.2 0.451
6.3 0.449
7.0 0.449
7.0 0.533
12.9 0.427
14.2 0.404
10.0 0.488
13.0 0.439
12.7 0.413
11.6 0.432
11.9 0.392
9.8 0.385
8.5 0.347
10.0 0.448
12.5 0.361
13.1 0.405
14.6 0.418
16.0 0.433
13.7 0.399
11.3 0.403
12.9 0.478
17.7 0.468
15.0 0.44
13.6 0.453
13.0 0.385
9.0 0.426
10.0 0.426
8.4 0.324
14.6 0.527
14.9 0.481
13.6 0.524
13.6 0.458
11.8 0.532
13.9 0.494
11.6 0.467
17.2 0.531
16.4 0.45
13.9 0.433
17.6 0.478
23.1 0.495
27.6 0.491
28.9 0.469
21.5 0.491
30.4 0.476
28.0 0.5
25.6 0.497
26.3 0.521
24.0 0.545
22.0 0.47
21.4 0.47
21.4 0.456
20.3 0.434
12.7 0.411
11.4 0.412
11.6 0.474
14.7 0.45
12.3 0.436
11.3 0.357
9.7 0.328
5.1 0.369
3.4 0.392
15.9 0.436
11.1 0.512
19.7 0.476
18.9 0.482
19.9 0.472
18.9 0.505
18.9 0.508
20.4 0.487
17.8 0.498
20.1 0.488
17.5 0.471
16.0 0.471
16.0 0.545
17.6 0.536
9.4 0.438
14.1 0.424
15.0 0.446
16.3 0.48
17.0 0.467
17.2 0.442
16.1 0.399
13.9 0.426
15.0 0.43
14.4 0.417
11.8 0.397
15.4 0.397
15.4 0.437
14.7 0.471
12.9 0.514
17.0 0.434
10.7 0.482
12.9 0.51
14.2 0.51
18.3 0.469
15.7 0.445
13.2 0.494
15.6 0.495
14.6 0.495
14.6 0.458
12.9 0.461
7.1 0.366
4.5 0.415
13.3 0.412
11.8 0.539
16.2 0.507
16.1 0.46
15.5 0.394
13.3 0.398
11.3 0.417
14.2 0.417
14.0 0.456
15.8 0.402
12.7 0.402
12.7 0.416
12.9 0.409
8.6 0.365
11.3 0.5
8.2 0.4
14.8 0.638
13.6 0.599
16.2 0.626
19.2 0.578
19.1 0.591
13.0 0.534
12.1 0.609
8.8 0.476
7.7 1.0
14.7 0.448
13.7 0.447
16.4 0.416
12.4 0.496
15.0 0.446
14.9 0.464
13.5 0.44
13.2 0.487
11.8 0.445
11.2 0.409
10.1 0.409
10.1 0.509
12.8 0.354
90.3 0.544
14.8 0.457
15.2 0.552
15.8 0.504
16.2 0.571
15.0 0.525
14.0 0.5
14.2 0.502
15.0 0.568
14.8 0.589
13.1 0.566
10.8 0.597
12.1 0.595
13.6 0.556
11.8 0.419
11.2 0.419
11.2 0.459
7.7 0.609
8.6 0.403
10.6 0.415
12.8 0.397
14.2 0.463
15.8 0.517
18.7 0.479
17.0 0.448
14.7 0.466
16.1 0.46
15.5 0.412
14.1 0.426
15.1 0.431
15.2 0.469
15.5 0.469
15.5 0.455
15.0 0.387
9.8 0.4
12.9 0.408
11.9 0.387
11.1 0.421
12.2 0.373
10.7 0.38
5.6 0.419
8.4 0.382
5.1 0.484
14.9 0.422
14.5 0.455
18.2 0.434
16.4 0.455
17.0 0.416
14.0 0.44
12.4 0.442
13.5 0.408
12.7 0.343
6.4 0.437
10.6 0.437
14.7 0.469
17.4 0.492
16.0 0.463
17.5 0.438
21.6 0.403
16.2 0.422
17.2 0.445
16.0 0.438
14.6 0.378
14.6 0.418
14.8 0.418
14.8 0.447
13.1 0.399
12.9 0.503
11.8 0.517
7.0 0.529
17.2 0.531
19.3 0.603
21.1 0.599
22.9 0.572
25.4 0.612
24.0 0.593
26.1 0.573
24.2 0.578
19.4 0.591
21.3 0.593
19.2 0.593
19.2 0.62
18.9 0.633
9.5 0.379
10.3 0.47
13.5 0.483
15.7 0.422
16.3 0.441
15.1 0.527
17.8 0.481
17.9 0.448
13.6 0.501
18.2 0.473
15.4 0.473
15.4 0.41
13.1 0.407
13.5 0.5
14.8 0.447
18.1 0.456
19.0 0.473
18.4 0.443
17.8 0.445
17.2 0.454
17.6 0.451
15.2 0.48
13.7 0.466
12.3 0.466
12.3 0.478
12.2 0.528
3.8 0.533
13.4 0.313
7.2 0.464
9.4 0.474
13.9 0.466
11.6 0.469
8.9 0.439
8.4 0.448
9.6 0.394
8.8 0.332
7.6 0.422
11.0 0.421
8.2 0.356
4.7 0.431
8.1 0.0
16.3 0.341
7.9 0.442
10.3 0.325
16.6 0.499
16.2 0.514
19.8 0.5
22.7 0.497
23.1 0.498
19.0 0.496
20.1 0.492
22.8 0.494
20.9 0.509
22.7 0.481
19.7 0.481
19.7 0.485
18.2 0.499
12.0 0.449
9.0 0.462
11.5 0.386
9.5 0.387
13.4 0.507
14.4 0.526
16.9 0.41
8.5 0.469
13.6 0.502
13.7 0.511
10.4 0.427
10.2 0.463
8.7 0.48
14.8 0.473
20.1 0.456
21.0 0.42
19.2 0.417
17.0 0.436
21.4 0.413
16.5 0.45
16.0 0.43
16.3 0.427
16.7 0.427
16.7 0.372
14.5 0.483
19.5 0.43
13.9 0.469
15.5 0.503
20.6 0.449
15.5 0.446
15.4 0.427
14.6 0.392
14.4 0.394
13.9 0.407
12.1 0.407
12.1 0.368
9.5 0.444
10.1 0.461
16.1 0.467
15.6 0.432
13.6 0.427
12.2 0.399
11.1 0.426
10.1 0.25
16.3 0.415
14.9 0.532
20.1 0.535
17.4 0.561
18.0 0.53
16.5 0.573
16.0 0.533
15.1 0.477
-12.1 0.0
13.7 0.403
7.9 0.374
9.8 0.43
12.0 0.306
8.9 0.422
7.4 0.467
10.5 0.391
7.6 0.382
6.9 0.36
3.0 0.441
2.5 0.581
10.6 0.556
10.9 0.393
12.7 0.441
15.6 0.461
18.1 0.446
16.8 0.414
15.0 0.435
16.4 0.407
15.2 0.422
17.6 0.415
14.0 0.417
13.6 0.417
13.6 0.415
12.4 0.346
15.4 0.425
15.5 0.439
18.3 0.457
19.0 0.492
17.2 0.505
21.0 0.477
19.2 0.458
21.1 0.465
17.7 0.419
14.1 0.419
14.9 0.419
14.9 0.364
8.6 0.453
14.6 0.452
12.2 0.508
7.8 0.431
9.5 0.333
6.9 0.39
5.2 0.515
9.7 0.394
13.0 0.371
8.6 0.401
10.4 0.383
10.8 0.413
10.3 0.402
10.5 0.412
13.2 0.362
8.2 0.325
14.0 0.526
9.1 0.4
14.3 0.455
15.3 0.369
10.3 0.463
13.3 0.461
12.3 0.493
15.7 0.5
15.7 0.44
13.1 0.441
14.2 0.438
12.7 0.487
15.4 0.487
15.4 0.434
9.5 0.467
17.0 0.527
14.8 0.476
14.4 0.461
12.0 0.536
14.6 0.572
15.8 0.528
15.2 0.514
18.9 0.478
21.7 0.495
17.0 0.555
17.7 0.555
17.7 0.427
11.1 0.357
9.6 0.394
8.9 0.346
8.4 0.392
11.7 0.454
15.1 0.387
12.6 0.402
11.4 0.402
12.3 0.487
15.1 0.427
14.0 0.413
12.1 0.457
14.1 0.445
13.8 0.458
12.3 0.461
13.4 0.444
13.1 0.435
13.1 0.403
11.3 0.362
8.3 0.433
11.5 0.504
11.4 0.394
6.9 0.459
5.2 0.465
13.2 0.445
12.7 0.488
14.4 0.4
3.7 0.463
14.5 0.423
15.0 0.422
15.0 0.396
16.0 0.374
11.9 0.379
13.4 0.379
10.4 0.457
-2.8 0.289
6.6 0.404
9.1 0.341
7.2 0.499
15.9 0.496
16.4 0.511
16.5 0.515
15.9 0.479
14.1 0.486
12.3 0.486
15.0 0.504
16.3 0.504
16.3 0.549
17.4 0.575
7.1 0.5
10.1 0.437
12.1 0.474
15.5 0.471
15.0 0.478
17.6 0.445
16.9 0.38
10.6 0.512
21.9 0.476
15.2 0.553
15.5 0.511
17.5 0.577
16.2 0.52
20.7 0.495
16.7 0.449
14.9 0.451
13.8 0.627
17.0 0.563
15.8 0.563
15.8 0.627
15.9 0.469
7.4 0.558
15.4 0.636
22.6 0.56
20.0 0.57
20.2 0.574
21.1 0.558
11.4 0.521
19.1 0.519
20.5 0.497
18.8 0.482
16.5 0.44
16.3 0.457
16.7 0.491
18.8 0.456
15.2 0.415
11.3 0.415
11.3 0.459
12.3 0.41
12.6 0.425
11.6 0.37
12.2 0.413
13.7 0.2
15.8 0.477
14.9 0.478
17.2 0.527
11.1 0.475
15.0 0.531
19.0 0.451
14.5 0.449
16.7 0.451
18.6 0.433
17.5 0.416
16.2 0.451
16.8 0.445
16.5 0.445
16.5 0.427
13.7 0.443
7.6 0.404
14.2 0.384
13.5 0.413
13.8 0.408
13.7 0.459
15.2 0.425
16.6 0.407
13.4 0.427
15.2 0.395
12.9 0.406
12.4 0.406
12.4 0.406
11.9 0.43
18.1 0.433
10.5 0.488
14.8 0.423
10.0 0.451
15.0 0.432
12.8 0.416
10.3 0.429
11.7 0.463
15.1 0.444
14.1 0.466
12.4 0.436
13.5 0.376
10.7 0.393
11.0 0.401
9.3 0.27
3.6 0.27
14.0 0.467
13.7 0.457
15.7 0.431
12.5 0.447
12.1 0.41
9.0 0.326
10.2 0.495
12.9 0.434
10.3 0.481
11.9 0.52
10.6 0.458
6.9 0.425
5.4 0.586
21.9 0.414
8.5 0.496
11.2 0.405
14.7 0.459
13.9 0.446
16.7 0.447
21.8 0.428
19.8 0.425
17.8 0.416
18.6 0.286
4.0 0.378
10.9 0.401
8.6 0.401
13.1 0.419
12.0 0.344
8.7 0.439
6.4 0.371
6.5 0.273
18.0 0.573
13.9 0.511
11.2 0.372
7.8 0.489
11.7 0.527
16.2 0.429
8.9 0.442
10.7 0.431
10.0 0.478
10.4 0.478
10.4 0.5
11.2 0.437
13.7 0.432
13.6 0.382
9.9 0.437
11.5 0.415
4.2 0.5
12.3 0.454
14.5 0.431
13.0 0.453
13.1 0.481
16.3 0.408
14.2 0.456
17.9 0.452
15.9 0.41
11.5 0.439
14.6 0.439
14.6 0.391
14.5 0.667
12.9 0.398
20.3 0.545
20.6 0.558
17.5 0.595
13.5 0.623
16.7 0.568
17.6 0.576
14.4 0.554
17.3 0.562
15.4 0.574
15.4 0.574
15.4 0.585
16.0 0.576
9.2 0.0
-0.5 0.532
11.1 0.571
8.0 0.0
13.2 0.422
11.1 0.472
14.4 0.447
4.8 0.25
15.4 0.6
20.2 0.552
18.0 0.549
19.0 0.545
22.2 0.507
17.8 0.503
19.7 0.519
19.2 0.523
19.1 0.511
17.8 0.511
17.8 0.531
19.6 0.59
7.7 0.397
10.1 0.36
8.0 0.5
14.4 0.538
16.7 0.575
15.8 0.511
14.0 0.492
9.4 0.478
11.7 0.446
11.3 0.448
8.1 0.422
10.4 0.422
15.3 0.5
12.6 0.35
7.2 0.453
14.6 0.393
13.8 0.345
2.8 0.479
14.2 0.459
11.8 0.429
10.8 0.407
14.4 0.381
12.4 0.415
15.3 0.435
16.0 0.398
14.1 0.398
14.1 0.409
14.0 0.434
9.3 0.562
11.9 0.608
13.8 0.587
10.6 0.625
5.7 0.6
22.1 0.437
22.0 0.488
28.3 0.503
30.0 0.493
23.7 0.463
23.7 0.478
27.0 0.481
26.4 0.467
25.9 0.485
26.0 0.485
26.0 0.462
26.2 0.476
10.4 0.516
11.6 0.419
10.0 0.415
8.1 0.535
10.7 0.445
9.9 0.419
10.3 0.436
9.2 0.462
9.6 0.46
10.7 0.444
9.9 0.366
6.7 0.452
10.5 0.39
10.5 0.431
12.3 0.379
8.5 0.405
10.3 0.352
5.5 0.377
8.4 0.325
6.8 0.304
7.6 0.345
10.2 0.345
10.2 0.384
9.6 0.167
12.6 0.479
15.3 0.286
15.6 0.615
19.4 0.333
11.7 0.423
13.8 0.452
12.6 0.434
15.2 0.423
15.3 0.437
18.9 0.436
16.3 0.399
10.0 0.424
18.0 0.433
17.4 0.428
15.6 0.345
10.6 0.345
10.6 0.0
9.3 0.304
11.5 0.391
13.6 0.366
12.5 0.416
11.4 0.361
10.1 0.4
22.0 0.4
12.2 0.549
15.5 0.474
15.0 0.508
14.5 0.582
12.6 0.632
13.6 0.576
12.3 0.505
9.4 0.598
13.9 0.0
4.3 0.0
16.4 0.47
15.8 0.435
14.9 0.447
18.6 0.439
16.0 0.442
15.9 0.385
16.2 0.377
14.0 0.38
12.7 0.414
17.4 0.414
17.4 0.382
-1.6 0.0
-40.7 0.279
1.0 0.447
11.0 0.524
15.9 0.502
16.2 0.491
16.9 0.482
15.6 0.511
16.5 0.411
13.1 0.406
11.6 0.396
9.9 0.422
12.0 0.0
-8.4 0.405
12.5 0.447
12.4 0.423
10.0 0.442
13.9 0.433
11.5 0.264
5.9 0.264
12.4 0.456
17.1 0.507
20.8 0.471
21.1 0.469
20.6 0.439
21.1 0.407
20.3 0.44
20.3 0.45
17.6 0.387
15.7 0.387
15.7 0.414
14.6 0.438
9.0 0.441
14.6 0.424
16.7 0.398
16.3 0.47
18.2 0.406
18.9 0.407
20.2 0.422
15.9 0.4
14.2 0.404
19.9 0.404
19.9 0.408
17.7 0.429
12.2 0.433
12.2 0.462
14.5 0.458
16.0 0.455
13.0 0.458
13.5 0.432
15.8 0.423
10.9 0.439
14.0 0.424
11.8 0.424
11.8 0.452
16.8 0.422
0.7 0.438
8.1 0.413
8.4 0.415
8.6 0.406
8.6 0.125
12.1 0.4
2.9 0.323
1.8 0.349
17.1 0.484
18.5 0.484
19.1 0.495
18.2 0.5
21.5 0.512
22.7 0.484
20.4 0.458
21.8 0.466
22.8 0.466
22.8 0.513
22.4 0.477
9.6 0.5
7.4 0.536
13.3 0.551
14.4 0.454
11.5 0.43
11.5 0.395
9.3 0.5
9.1 0.427
11.8 0.427
11.8 0.358
12.2 0.453
7.7 0.561
10.7 0.354
6.9 0.487
16.6 0.529
13.4 0.445
13.5 0.464
14.7 0.545
16.1 0.489
11.5 0.558
16.8 0.333
6.6 0.462
9.3 0.5
9.6 0.418
11.7 0.442
13.4 0.44
12.8 0.439
14.8 0.4
14.9 0.417
12.8 0.386
10.6 0.45
14.6 0.47
15.5 0.448
16.4 0.432
17.9 0.399
11.2 0.442
14.5 0.454
16.6 0.454
16.6 0.455
14.6 0.548
14.8 0.528
13.3 0.525
15.2 0.558
18.4 0.508
16.1 0.487
12.5 0.48
13.8 0.427
12.3 0.354
10.0 0.2
11.1 0.5
13.5 0.143
7.5 0.349
6.3 0.473
12.9 0.427
12.4 0.425
13.6 0.42
13.6 0.42
13.1 0.364
4.7 0.368
4.4 0.368
11.4 0.403
12.1 0.416
12.1 0.401
12.7 0.418
9.2 0.326
5.9 0.425
9.5 0.367
11.2 0.369
9.0 0.408
10.7 0.5
5.3 0.41
8.1 0.35
6.4 0.2
9.0 0.394
9.7 0.382
10.8 0.461
15.4 0.391
9.9 0.435
12.3 0.392
14.1 0.467
14.0 0.429
12.7 0.407
13.7 0.414
13.2 0.388
11.4 0.398
13.5 0.397
11.7 0.413
13.3 0.368
11.0 0.368
11.0 0.351
7.6 0.363
12.1 0.32
12.4 0.461
17.4 0.453
15.3 0.466
16.2 0.471
17.8 0.455
17.8 0.416
15.6 0.455
18.3 0.455
19.7 0.455
19.7 0.463
15.5 0.455
9.8 0.439
9.4 0.432
11.7 0.391
10.1 0.466
11.3 0.4
13.2 0.351
9.2 0.34
16.1 0.389
13.2 0.396
8.5 0.489
11.4 0.532
12.9 0.558
11.0 0.598
10.7 0.548
6.9 0.614
11.3 0.736
11.9 0.646
13.1 0.646
13.1 0.62
13.2 0.488
9.4 0.429
12.3 0.4
6.8 0.604
12.0 0.443
9.9 0.405
8.5 0.393
9.1 0.0
-5.7 0.353
13.0 0.421
10.3 0.449
18.3 0.432
14.3 0.435
14.4 0.397
15.5 0.426
16.5 0.409
18.8 0.401
17.5 0.423
20.1 0.412
19.3 0.412
19.3 0.427
22.2 0.464
17.6 0.504
16.1 0.534
18.6 0.538
16.7 0.531
19.8 0.495
21.8 0.49
19.8 0.461
19.8 0.476
20.0 0.476
20.0 0.47
21.3 0.442
1.5 0.362
4.3 0.412
1.8 0.561
7.7 0.48
17.3 0.444
13.5 0.389
8.3 0.522
17.8 0.478
15.9 0.414
11.3 0.411
11.1 0.393
8.6 0.393
8.6 0.444
14.4 0.286
7.3 0.552
14.0 0.536
11.8 0.533
14.5 0.476
14.4 0.426
12.1 0.434
9.9 0.399
10.5 0.433
14.6 0.572
20.9 0.524
17.2 0.429
10.2 0.496
12.3 0.424
13.8 0.408
12.9 0.357
9.3 0.363
13.0 0.444
12.7 0.391
9.9 0.439
15.0 0.441
12.8 0.425
15.1 0.434
14.7 0.455
16.6 0.477
16.2 0.477
16.2 0.48
17.5 0.445
13.8 0.364
4.2 0.286
14.1 0.352
9.0 0.392
12.5 0.476
13.1 0.492
15.6 0.505
18.8 0.508
19.1 0.475
17.1 0.448
17.5 0.484
18.1 0.403
15.3 0.426
13.5 0.426
13.5 0.454
16.9 0.408
18.0 0.454
19.4 0.48
24.0 0.473
21.3 0.4
8.5 0.428
11.4 0.426
12.1 0.44
9.8 0.471
10.4 0.432
9.8 0.481
12.8 0.415
10.4 0.418
13.8 0.418
13.8 0.505
12.4 0.441
8.5 0.458
18.2 0.667
8.0 0.286
0.0 0.44
15.7 0.563
16.7 0.562
16.9 0.569
16.9 0.553
15.4 0.504
14.8 0.423
14.6 0.451
15.9 0.462
16.8 0.471
18.2 0.367
9.0 0.353
6.9 0.45
17.3 0.448
11.5 0.379
11.0 0.235
3.7 0.384
9.7 0.427
12.8 0.286
12.3 0.434
11.9 0.446
13.7 0.521
14.1 0.468
12.3 0.478
10.2 0.437
8.9 0.465
10.9 0.498
13.6 0.471
14.7 0.439
13.0 0.459
16.0 0.424
10.7 0.424
10.7 0.443
10.9 0.44
9.0 0.333
2.0 0.407
8.8 0.483
9.3 0.478
10.2 0.535
7.3 0.559
10.3 0.515
10.4 0.375
8.1 0.581
14.7 0.581
14.7 0.6
14.1 0.625
8.2 0.442
11.8 0.406
12.6 0.437
12.1 0.417
11.9 0.395
10.4 0.485
15.0 0.423
12.4 0.423
12.4 0.386
9.4 0.429
8.3 0.411
11.2 0.431
12.1 0.395
11.0 0.434
13.7 0.425
14.7 0.481
12.7 0.426
13.9 0.426
13.9 0.384
9.9 0.422
13.1 0.404
12.9 0.432
16.0 0.375
11.7 0.432
12.9 0.479
13.7 0.45
14.6 0.392
9.0 0.462
16.6 0.416
12.4 0.429
13.2 0.429
12.6 0.442
14.3 0.445
13.9 0.444
15.9 0.433
16.8 0.44
18.3 0.45
20.0 0.446
18.6 0.446
18.6 0.422
19.4 0.46
7.9 0.375
10.3 0.32
7.5 0.436
12.8 0.368
9.2 0.305
11.0 0.46
9.8 0.486
11.3 0.442
10.7 0.437
11.5 0.448
12.8 0.421
13.2 0.448
15.0 0.457
13.1 0.459
10.8 0.459
13.6 0.477
13.5 0.459
13.6 0.477
15.6 0.485
15.4 0.468
14.9 0.438
8.9 0.468
12.3 0.468
12.3 0.478
11.7 0.454
15.8 0.476
20.8 0.476
26.2 0.462
23.6 0.496
26.2 0.51
28.3 0.503
29.8 0.51
27.6 0.51
27.6 0.505
28.2 0.537
4.0 0.583
13.0 0.547
9.7 0.44
5.8 0.4
4.4 0.25
19.8 0.567
17.0 0.533
13.9 0.561
17.8 0.555
21.2 0.521
15.4 0.542
17.6 0.566
18.2 0.566
18.2 0.567
19.0 0.579
13.9 0.485
11.5 0.512
16.6 0.566
11.0 0.516
11.1 0.533
9.0 0.443
9.8 0.446
13.9 0.453
13.8 0.449
11.6 0.466
13.0 0.468
13.8 0.465
12.8 0.489
18.1 0.464
16.0 0.456
15.7 0.393
9.8 0.393
9.8 0.405
12.4 0.484
14.7 0.525
17.0 0.551
19.4 0.557
20.7 0.553
19.0 0.543
19.8 0.567
22.0 0.538
21.4 0.538
21.4 0.505
19.4 0.473
11.3 0.382
10.9 0.403
12.3 0.418
10.1 0.378
21.4 0.574
17.7 0.536
19.0 0.502
14.8 0.503
18.2 0.54
17.5 0.517
11.2 0.515
14.9 0.515
14.9 0.556
7.7 0.374
10.6 0.467
16.0 0.435
6.6 0.432
10.8 0.365
3.8 0.396
10.4 0.448
11.8 0.429
20.3 0.422
12.5 0.521
14.8 0.547
16.0 0.475
10.9 0.455
12.7 0.436
13.8 0.528
10.2 0.528
10.2 0.372
9.9 0.373
15.0 0.468
13.3 0.462
12.6 0.407
10.1 0.292
-1.9 0.333
15.5 0.556
16.5 0.504
17.9 0.525
18.8 0.508
19.6 0.481
18.1 0.475
20.0 0.445
15.3 0.445
15.3 0.383
14.1 0.49
9.6 0.386
14.5 0.41
8.3 0.307
12.0 0.188
16.1 0.531
17.0 0.514
17.2 0.504
18.4 0.491
15.4 0.472
16.7 0.47
13.4 0.467
16.8 0.467
16.8 0.45
13.6 0.47
16.2 0.445
17.6 0.456
12.9 0.466
19.0 0.428
16.7 0.408
17.7 0.429
16.0 0.374
11.1 0.374
11.1 0.473
15.9 0.38
1.1 0.5
13.8 0.439
14.8 0.405
15.6 0.439
18.4 0.429
17.6 0.406
13.0 0.436
14.0 0.44
15.4 0.44
15.4 0.413
12.6 0.373
12.7 0.446
12.6 0.473
11.8 0.476
11.8 0.43
13.0 0.436
11.0 0.457
14.2 0.468
13.8 0.371
12.8 0.368
13.3 0.418
13.9 0.437
13.0 0.434
15.4 0.434
15.4 0.343
8.6 0.387
8.6 0.412
10.0 0.571
9.9 0.429
13.9 0.417
8.8 0.429
17.2 0.528
15.4 0.466
12.6 0.5
11.8 0.513
11.6 0.444
13.1 0.418
10.7 0.441
14.5 0.403
12.9 0.413
13.3 0.435
16.0 0.366
14.2 0.366
14.2 0.339
9.1 0.43
16.5 0.495
15.3 0.47
14.0 0.541
18.4 0.507
18.9 0.531
18.2 0.454
16.6 0.466
15.7 0.466
15.7 0.514
17.5 0.527
7.0 0.5
6.3 0.444
10.1 0.167
13.6 0.436
18.1 0.43
19.0 0.439
21.2 0.423
18.1 0.438
18.8 0.399
15.6 0.399
15.6 0.427
17.2 0.418
11.3 0.432
10.5 0.497
14.9 0.386
11.2 0.416
15.9 0.376
14.1 0.35
11.0 0.415
16.2 0.399
13.9 0.399
13.9 0.423
13.9 0.377
12.9 0.519
17.3 0.455
14.8 0.451
17.3 0.423
15.7 0.465
15.8 0.4
13.1 0.4
13.1 0.426
15.6 0.403
8.2 0.414
14.3 0.422
14.1 0.424
17.7 0.419
13.5 0.402
12.0 0.426
11.1 0.426
11.1 0.423
12.4 0.344
17.2 0.45
16.1 0.45
15.5 0.445
13.0 0.405
10.8 0.499
16.8 0.434
10.6 0.434
10.6 0.522
22.5 0.532
8.9 0.371
13.3 0.401
10.7 0.399
10.3 0.448
13.0 0.429
13.3 0.454
14.0 0.403
11.7 0.403
11.7 0.41
16.1 0.45
9.8 0.525
12.2 0.445
11.5 0.429
9.8 0.452
14.8 0.435
13.2 0.462
18.0 0.443
17.5 0.505
21.4 0.501
17.4 0.501
17.4 0.477
15.5 0.475
15.5 0.378
13.1 0.37
13.4 0.44
13.4 0.423
14.8 0.414
15.7 0.414
16.5 0.418
16.7 0.581
19.3 0.527
16.8 0.482
18.4 0.494
19.5 0.473
18.2 0.494
21.7 0.494
21.7 0.464
17.7 0.459
26.0 0.467
14.9 0.449
14.1 0.45
18.5 0.45
19.2 0.402
15.4 0.436
14.9 0.411
12.7 0.411
12.7 0.418
13.5 0.406
5.2 0.441
11.6 0.404
9.7 0.406
19.7 0.387
7.2 0.517
19.7 0.542
16.3 0.427
12.0 0.526
16.1 0.495
16.2 0.461
15.9 0.497
19.3 0.448
17.3 0.439
13.5 0.446
15.4 0.446
15.4 0.443
11.2 0.544
12.5 0.554
15.2 0.458
15.6 0.467
14.9 0.562
19.7 0.508
16.2 0.475
14.3 0.475
14.3 0.516
11.6 0.478
14.7 0.453
14.6 0.442
15.7 0.443
16.6 0.442
13.4 0.477
21.5 0.477
21.5 0.441
13.2 0.477
12.1 0.333
7.2 0.3
-0.1 0.487
-7.6 0.441
14.1 0.605
12.7 0.686
14.8 0.632
16.4 0.643
17.2 0.676
18.2 0.71
21.0 0.71
21.0 0.703
20.6 0.714
15.2 0.468
7.7 0.453
12.6 0.599
17.3 0.581
17.2 0.495
16.5 0.508
14.2 0.508
14.2 0.532
15.1 0.551
10.7 0.436
12.8 0.439
12.6 0.433
12.6 0.464
11.7 0.48
13.8 0.448
11.5 0.448
11.5 0.454
11.5 0.456
17.9 0.499
20.1 0.492
19.3 0.494
21.9 0.521
24.7 0.563
25.4 0.513
22.7 0.513
22.7 0.511
21.7 0.474
11.6 0.588
17.6 0.501
13.9 0.461
15.2 0.534
18.9 0.551
17.7 0.535
16.2 0.535
16.2 0.539
17.6 0.493
18.3 0.45
20.7 0.47
24.3 0.448
25.4 0.352
17.9 0.457
26.9 0.434
18.8 0.434
18.8 0.419
19.0 0.427
9.2 0.368
9.0 0.39
11.7 0.44
12.8 0.381
9.7 0.42
11.0 0.283
1.6 0.283
14.2 0.458
14.6 0.407
12.6 0.408
14.7 0.449
13.9 0.407
11.2 0.422
13.5 0.422
13.5 0.371
12.3 0.48
11.8 0.463
11.5 0.51
13.9 0.401
9.1 0.451
8.3 0.395
10.6 0.395
10.6 0.454
7.3 0.505
17.0 0.508
17.0 0.55
17.4 0.556
19.9 0.575
20.7 0.447
10.2 0.532
14.4 0.532
14.4 0.575
19.9 0.652
14.7 0.468
14.0 0.45
12.1 0.413
13.1 0.441
12.0 0.458
13.9 0.463
14.8 0.463
14.8 0.408
10.7 0.389
18.1 0.605
16.9 0.443
18.7 0.466
16.2 0.47
17.6 0.491
15.6 0.386
16.0 0.489
18.6 0.445
23.5 0.435
9.0 0.423
9.6 0.421
10.6 0.501
15.2 0.667
11.9 0.333
4.1 0.204
0.8 0.204
0.8 0.427
10.1 0.374
17.9 0.477
17.6 0.495
15.3 0.453
14.1 0.445
17.3 0.441
15.2 0.492
19.5 0.492
19.5 0.432
17.1 0.445
13.9 0.472
14.6 0.507
13.6 0.535
16.4 0.502
14.6 0.506
11.1 0.47
10.2 0.47
10.2 0.481
7.6 0.43
13.6 0.45
13.3 0.39
8.3 0.38
8.4 0.42
11.0 0.41
11.1 0.41
11.1 0.386
10.2 0.442
9.8 0.467
10.9 0.517
14.6 0.441
11.3 0.398
10.2 0.364
10.7 0.36
-3.9 0.515
12.9 0.444
15.2 0.418
17.8 0.442
23.6 0.457
22.9 0.438
23.9 0.437
24.7 0.426
29.1 0.426
29.1 0.454
27.6 0.425
19.8 0.61
25.9 0.507
15.3 0.493
12.4 0.522
14.7 0.0
14.1 0.393
8.2 0.325
12.1 0.463
18.5 0.422
11.4 0.422
15.3 0.369
17.7 0.501
17.1 0.534
17.6 0.524
14.6 0.534
17.3 0.456
7.7 0.456
7.7 0.412
12.4 0.511
9.6 0.333
12.6 0.565
12.9 0.518
14.1 0.425
14.2 0.442
14.9 0.414
12.6 0.394
9.7 0.433
12.2 0.433
12.2 0.435
8.5 0.333
8.7 0.41
11.1 0.46
15.5 0.47
13.9 0.487
15.9 0.487
15.9 0.389
11.9 0.4
13.0 0.412
11.7 0.403
11.2 0.394
12.9 0.422
12.9 0.489
14.4 0.489
14.4 0.481
13.9 0.47
8.5 0.43
10.1 0.367
8.1 0.44
12.4 0.372
9.1 0.367
6.7 0.367
16.5 0.457
15.6 0.44
13.6 0.471
16.3 0.467
16.2 0.473
17.5 0.473
17.5 0.486
15.9 0.476
14.3 0.462
10.7 0.516
14.9 0.468
13.3 0.464
12.6 0.457
8.9 0.457
8.9 0.451
8.6 0.485
16.3 0.48
19.4 0.49
21.2 0.451
21.3 0.471
24.1 0.487
28.0 0.487
28.0 0.504
31.5 0.468
12.8 0.41
13.0 0.322
7.1 0.433
12.9 0.353
11.0 0.355
8.2 0.355
12.5 0.467
14.5 0.422
12.8 0.445
14.7 0.429
18.4 0.413
17.4 0.413
17.4 0.446
21.5 0.467
14.9 0.416
15.2 0.324
7.1 0.403
13.4 0.384
9.2 0.373
11.2 0.373
11.2 0.411
14.7 0.368
9.6 0.403
8.6 0.404
9.4 0.427
12.2 0.437
12.2 0.412
11.6 0.412
11.6 0.389
10.1 0.416
18.2 0.409
14.4 0.453
16.4 0.478
18.1 0.436
18.4 0.447
17.7 0.447
17.7 0.433
17.9 0.405
13.0 0.365
7.1 0.351
17.3 0.4
11.3 0.376
16.2 0.458
10.8 0.412
13.2 0.41
10.5 0.415
8.6 0.468
13.0 0.468
13.0 0.518
8.4 0.214
13.8 0.466
14.3 0.495
16.9 0.485
14.4 0.479
16.0 0.502
16.1 0.502
16.1 0.526
15.7 0.515
12.3 0.486
13.2 0.442
15.5 0.448
14.1 0.432
13.9 0.436
16.5 0.436
16.5 0.376
10.5 0.392
14.6 0.465
16.4 0.405
14.7 0.432
15.3 0.474
14.2 0.521
13.3 0.521
13.3 0.451
14.0 0.436
16.4 0.491
21.1 0.438
23.0 0.456
23.5 0.44
26.7 0.44
26.7 0.439
25.3 0.44
9.7 0.454
13.2 0.459
14.0 0.447
16.4 0.433
13.1 0.437
13.2 0.437
13.2 0.439
12.9 0.423
15.0 0.491
13.0 0.497
15.8 0.497
18.5 0.549
19.3 0.459
16.2 0.459
16.2 0.506
16.4 0.385
12.3 0.446
15.4 0.432
14.7 0.431
16.7 0.447
17.1 0.446
18.8 0.446
18.8 0.439
19.7 0.454
13.2 0.25
6.0 0.383
15.2 0.543
17.7 0.535
19.0 0.573
19.4 0.536
19.6 0.476
16.6 0.476
16.6 0.479
13.9 0.48
13.6 0.477
14.5 0.39
15.6 0.418
18.4 0.399
16.1 0.373
15.6 0.401
19.7 0.401
19.7 0.368
13.7 0.359
10.4 0.456
12.6 0.45
14.5 0.413
10.2 0.464
18.5 0.589
17.9 0.589
17.9 0.475
11.4 0.479
16.4 0.503
17.9 0.488
19.4 0.461
17.9 0.431
19.0 0.436
18.5 0.436
18.5 0.393
9.7 0.454
12.3 0.449
15.5 0.412
14.1 0.436
14.1 0.441
15.7 0.448
16.1 0.448
16.1 0.388
10.9 0.393
11.8 0.402
11.7 0.359
9.1 0.377
9.3 0.317
10.8 0.425
12.6 0.409
11.5 0.387
11.4 0.463
14.7 0.416
14.1 0.416
14.1 0.35
13.5 0.402
11.9 0.412
13.0 0.485
21.5 0.469
14.1 0.464
18.7 0.381
0.7 0.321
3.5 0.425
13.0 0.385
12.3 0.442
14.0 0.356
10.7 0.339
11.5 0.39
12.4 0.413
9.7 0.372
12.0 0.372
7.5 0.406
4.4 0.431
9.0 0.25
11.4 0.48
11.0 0.438
14.6 0.476
15.8 0.451
16.8 0.438
17.1 0.46
20.6 0.46
20.6 0.439
17.9 0.442
10.5 0.294
12.9 0.425
4.7 0.524
12.4 0.604
11.6 0.565
17.4 0.434
16.5 0.438
17.4 0.429
16.3 0.394
12.0 0.406
15.0 0.406
15.0 0.399
14.7 0.4
16.1 0.469
14.9 0.416
12.4 0.432
13.2 0.556
16.4 0.385
10.5 0.385
11.5 0.374
6.9 0.429
13.1 0.495
13.0 0.472
12.5 0.354
9.7 0.392
11.3 0.438
11.2 0.429
13.4 0.52
17.4 0.432
14.2 0.432
2.0 0.361
7.0 0.524
17.7 0.55
11.1 0.541
19.1 0.478
18.1 0.478
18.1 0.596
21.3 0.523
9.6 0.411
10.6 0.475
13.7 0.474
13.2 0.412
14.4 0.412
14.4 0.416
12.7 0.393
8.5 0.379
8.8 0.413
13.9 0.431
11.8 0.506
13.4 0.541
14.9 0.532
14.0 0.517
15.5 0.517
15.5 0.533
11.0 0.477
1.0 0.41
11.3 0.368
9.4 0.39
12.1 0.479
11.1 0.479
11.1 0.422
11.6 0.402
10.8 0.389
11.2 0.445
17.5 0.477
19.6 0.447
18.4 0.447
18.4 0.453
20.0 0.434
15.3 0.531
15.4 0.491
13.9 0.551
15.0 0.487
15.3 0.487
15.3 0.49
14.4 0.516
0.1 0.273
2.2 0.498
11.3 0.402
8.8 0.438
12.7 0.429
11.5 0.429
11.5 0.447
13.2 0.463
14.6 0.448
21.7 0.465
20.2 0.496
26.1 0.467
25.2 0.467
25.2 0.451
23.6 0.452
11.8 0.4
14.5 0.415
13.8 0.415
15.8 0.513
14.2 0.539
17.8 0.534
15.9 0.601
20.0 0.601
20.0 0.611
18.7 0.528
19.4 0.416
8.3 0.329
10.3 0.527
18.8 0.643
19.6 0.614
19.9 0.527
16.2 0.552
20.5 0.552
20.5 0.542
9.0 0.24
13.8 0.499
17.1 0.482
17.5 0.522
19.0 0.525
21.8 0.525
21.8 0.515
21.6 0.487
13.5 0.46
12.0 0.457
10.3 0.403
8.6 0.488
10.8 0.488
11.7 0.413
13.0 0.44
16.5 0.419
16.8 0.424
20.1 0.367
13.0 0.367
13.0 0.418
20.9 0.461
21.9 0.549
23.4 0.538
22.4 0.528
23.9 0.502
22.8 0.502
22.8 0.499
22.1 0.493
10.1 0.354
10.4 0.4
10.7 0.456
15.5 0.435
16.8 0.413
16.2 0.445
20.2 0.445
20.2 0.433
18.3 0.471
10.8 0.342
3.1 0.2
7.0 0.395
9.2 0.41
7.6 0.417
12.3 0.231
4.9 0.231
10.1 0.371
6.1 0.0
0.0 0.222
9.3 0.465
10.2 0.488
10.8 0.64
18.4 0.397
10.8 0.403
10.2 0.403
10.2 0.371
10.2 0.398
8.0 0.407
10.3 0.425
11.0 0.414
11.1 0.414
11.1 0.404
11.0 0.365
10.6 0.397
11.8 0.367
14.8 0.446
19.9 0.441
14.9 0.446
14.3 0.424
15.6 0.424
15.6 0.412
13.8 0.438
18.0 0.521
22.0 0.486
19.5 0.497
18.1 0.496
21.2 0.496
21.2 0.522
21.8 0.533
10.8 0.526
13.2 0.506
12.3 0.523
16.7 0.555
16.6 0.555
16.6 0.565
14.6 0.515
5.3 0.0
13.1 0.436
14.2 0.412
11.5 0.41
12.5 0.374
11.1 0.374
11.1 0.465
13.5 0.0
11.2 0.364
16.7 0.44
11.5 0.512
15.2 0.46
14.6 0.449
14.6 0.449
14.6 0.414
10.6 0.401
11.2 0.564
21.4 0.52
20.2 0.541
20.7 0.424
16.6 0.424
16.6 0.38
-6.4 0.468
10.4 0.364
1.6 0.0
8.5 0.452
9.4 0.428
11.0 0.392
10.3 0.421
9.9 0.421
11.7 0.455
11.1 0.367
11.0 0.457
13.3 0.506
18.7 0.469
14.0 0.5
15.2 0.5
8.4 0.531
15.8 0.461
10.3 0.505
12.5 0.513
12.5 0.513
12.5 0.41
10.8 0.551
7.6 0.383
14.1 0.352
8.5 0.423
11.7 0.39
12.3 0.39
12.3 0.411
14.9 0.439
16.0 0.618
20.5 0.56
18.7 0.523
16.5 0.558
18.9 0.558
18.9 0.523
13.7 0.452
5.5 0.376
7.0 0.46
11.8 0.491
14.7 0.376
8.8 0.376
8.8 0.481
13.5 0.45
10.8 0.446
12.6 0.419
12.1 0.425
12.4 0.429
12.8 0.429
12.8 0.456
13.6 0.426
9.7 0.431
12.5 0.435
12.0 0.399
7.6 0.458
11.6 0.458
14.7 0.354
9.4 0.43
14.2 0.433
16.3 0.421
14.1 0.408
12.6 0.408
12.6 0.326
7.4 0.25
15.8 0.423
17.7 0.441
20.8 0.433
19.5 0.445
19.9 0.445
19.9 0.424
19.8 0.451
-17.9 0.444
12.7 0.454
11.5 0.447
12.5 0.472
14.9 0.472
14.9 0.516
12.4 0.458
16.7 0.551
12.8 0.51
10.6 0.451
10.1 0.611
13.3 0.543
15.2 0.543
15.2 0.542
14.9 0.528
12.9 0.463
13.5 0.456
14.0 0.42
11.5 0.457
15.8 0.403
13.0 0.403
13.0 0.41
14.3 0.399
12.5 0.467
15.2 0.397
13.5 0.462
21.3 0.462
21.3 0.454
21.3 0.455
7.9 0.421
7.9 0.414
8.8 0.412
10.9 0.412
10.9 0.405
10.8 0.308
4.8 0.0
21.9 0.552
18.5 0.545
19.8 0.507
18.4 0.507
18.4 0.558
21.0 0.548
10.8 0.421
14.6 0.471
15.8 0.38
9.8 0.38
9.8 0.4
8.4 0.0
13.9 0.418
16.9 0.391
12.7 0.4
8.3 0.4
8.3 0.422
13.7 0.444
8.5 0.463
6.7 0.148
14.2 0.455
16.0 0.464
16.5 0.466
16.7 0.466
16.7 0.469
16.2 0.481
4.1 0.316
10.4 0.273
21.4 0.452
21.4 0.43
20.1 0.468
21.5 0.468
21.5 0.448
19.9 0.473
9.2 0.458
14.2 0.44
15.4 0.434
17.2 0.434
17.2 0.434
19.6 0.419
12.4 0.405
14.3 0.52
6.9 0.464
13.5 0.475
14.7 0.504
15.5 0.504
15.5 0.439
12.4 0.452
14.5 0.544
17.6 0.491
15.6 0.519
20.3 0.519
20.3 0.576
24.0 0.545
11.7 0.407
12.0 0.422
16.5 0.422
17.1 0.422
17.1 0.415
14.7 0.398
9.3 0.382
16.6 0.494
16.4 0.522
19.4 0.479
22.0 0.479
22.0 0.506
26.0 0.485
15.3 0.481
10.4 0.492
17.6 0.443
11.9 0.443
11.9 0.481
16.2 0.48
8.9 0.447
9.4 1.0
11.9 0.46
11.3 0.417
13.2 0.401
13.2 0.401
13.2 0.439
13.6 0.446
8.8 0.396
10.7 0.428
11.1 0.446
10.3 0.446
10.3 0.481
11.4 0.457
5.2 0.388
8.1 0.406
9.2 0.34
6.7 0.34
3.8 0.422
11.3 0.442
14.8 0.434
13.7 0.434
13.7 0.434
12.7 0.418
12.1 0.407
12.6 0.486
18.4 0.465
15.8 0.465
15.8 0.425
12.2 0.457
12.7 0.462
14.0 0.447
4.4 0.396
13.3 0.486
15.3 0.472
15.9 0.462
16.3 0.462
16.3 0.492
16.2 0.338
14.6 0.36
16.2 0.381
15.4 0.356
15.2 0.356
15.2 0.374
17.6 0.402
3.3 0.273
10.8 0.396
11.7 0.378
9.6 0.41
11.4 0.41
11.4 0.374
8.4 0.411
8.3 0.382
7.8 0.373
8.9 0.346
9.6 0.376
8.5 0.408
13.1 0.408
13.1 0.44
12.3 0.62
16.1 0.643
13.7 0.612
10.2 0.612
10.2 0.563
7.8 0.368
13.6 0.457
10.5 0.574
9.7 0.75
7.8 0.75
13.0 1.0
11.4 0.412
17.6 0.44
17.5 0.453
20.5 0.42
20.6 0.42
20.6 0.428
21.5 0.463
10.1 0.5
10.1 0.222
0.5 0.412
8.0 0.412
8.0 0.442
10.4 0.398
7.1 0.5
13.8 0.438
4.6 0.45
8.2 0.45
14.9 0.422
12.7 0.444
14.3 0.463
20.8 0.463
20.8 0.47
18.6 0.468
13.3 0.488
16.1 0.477
14.9 0.547
15.6 0.547
15.6 0.588
15.9 0.6
10.4 0.375
6.2 0.517
11.5 0.5
7.6 0.514
14.3 0.519
17.8 0.507
18.8 0.523
21.5 0.523
21.5 0.51
21.1 0.468
14.9 0.423
18.8 0.393
16.8 0.385
17.6 0.385
17.6 0.427
20.8 0.444
12.9 0.43
14.5 0.427
11.5 0.447
12.8 0.447
12.8 0.45
17.2 0.443
18.6 0.5
-1.9 0.6
15.9 0.468
10.1 0.459
11.9 0.459
11.9 0.556
14.7 0.412
11.0 0.399
9.8 0.482
13.4 0.482
13.4 0.466
12.3 0.468
9.1 0.417
13.5 0.425
13.6 0.425
13.6 0.432
16.0 0.443
8.8 0.436
9.7 0.566
15.9 0.566
15.9 0.505
17.8 0.513
11.3 0.429
11.2 0.426
9.7 0.426
9.7 0.441
13.4 0.409
13.6 0.419
14.3 0.427
14.0 0.427
14.0 0.449
15.5 0.482
15.4 0.414
12.4 0.383
11.3 0.383
11.3 0.434
13.0 0.42
7.0 0.405
8.8 0.45
9.2 0.45
16.8 0.47
17.6 0.361
7.4 0.361
7.4 0.333
10.2 0.439
11.9 0.42
13.9 0.42
13.9 0.443
15.8 0.463
14.8 0.286
8.5 0.364
7.3 0.364
7.3 0.343
21.7 0.519
26.5 0.535
30.8 0.535
30.8 0.493
25.0 0.505
11.1 0.418
21.6 0.623
22.6 0.514
21.4 0.514
21.4 0.521
21.2 0.53
13.8 0.419
10.3 0.44
12.4 0.44
12.4 0.462
14.6 0.439
9.3 0.475
11.3 0.49
12.2 0.49
9.0 0.381
7.1 0.407
12.7 0.443
16.4 0.443
16.4 0.49
19.3 0.418
12.5 0.464
11.8 0.399
8.4 0.399
8.4 0.474
13.3 0.503
18.2 0.538
17.9 0.566
18.0 0.566
18.0 0.564
18.6 0.515
14.7 0.478
8.5 0.444
16.0 0.444
13.0 0.381
4.7 0.495
15.9 0.495
15.9 0.444
10.0 0.4
11.4 0.319
-6.7 0.0
7.8 0.459
10.1 0.397
6.9 0.397
17.1 0.542
19.1 0.528
18.3 0.528
18.3 0.452
13.5 0.47
14.0 0.473
12.0 0.465
15.1 0.465
15.1 0.541
16.9 0.477
14.4 0.533
4.8 0.394
11.2 0.432
13.4 0.416
14.9 0.416
14.9 0.451
15.9 0.46
12.1 0.451
9.4 0.51
14.8 0.51
14.8 0.448
11.3 0.386
16.4 0.424
18.6 0.434
20.7 0.434
20.7 0.419
22.2 0.444
7.8 0.406
12.6 0.455
12.4 0.455
12.4 0.364
11.4 0.44
12.5 0.467
15.6 0.467
15.6 0.444
16.8 0.45
6.3 0.44
9.0 0.143
-5.1 0.143
5.9 0.367
8.6 0.237
7.4 0.237
12.2 0.443
10.7 0.504
14.4 0.504
14.4 0.439
11.3 0.413
16.7 0.421
15.1 0.429
9.9 0.437
10.3 0.437
10.3 0.471
14.8 0.387
15.8 0.501
16.5 0.492
14.8 0.492
14.8 0.476
17.5 0.521
8.8 0.517
14.6 0.535
13.4 0.535
13.4 0.601
17.4 0.478
13.0 0.461
13.0 0.399
12.2 0.399
12.2 0.374
5.9 0.405
11.6 0.409
10.3 0.409
10.3 0.438
11.1 0.442
14.6 0.42
13.4 0.389
11.7 0.389
11.7 0.448
13.8 0.377
10.9 0.481
14.1 0.485
15.3 0.485
15.3 0.447
14.5 0.536
10.4 0.423
12.0 0.41
11.2 0.41
11.2 0.431
12.9 0.437
3.4 0.477
12.1 0.412
10.9 0.412
10.9 0.413
16.3 0.479
15.3 0.444
15.1 0.444
15.1 0.468
14.0 0.288
8.5 0.464
11.0 0.321
10.2 0.397
19.5 0.397
29.2 0.474
16.1 0.474
14.5 0.474
14.5 0.429
10.0 0.447
11.8 0.386
8.5 0.386
8.5 0.389
6.6 0.41
13.5 0.427
16.4 0.439
17.9 0.439
17.9 0.435
16.7 0.319
10.3 0.376
5.9 0.395
8.2 0.395
6.2 0.341
6.0 0.319
12.3 0.418
14.3 0.382
10.7 0.382
10.7 0.427
16.2 0.373
15.6 0.531
16.1 0.572
20.6 0.572
20.6 0.565
22.6 0.557
1.2 0.6
13.7 0.433
14.0 0.396
10.9 0.396
10.9 0.399
9.4 0.424
5.0 0.5
9.3 0.427
12.9 0.403
14.9 0.403
14.9 0.338
11.0 0.538
15.4 0.549
18.9 0.549
18.9 0.476
15.4 0.494
11.2 0.544
14.1 0.544
14.1 0.613
15.5 0.571
10.8 0.491
14.8 0.491
14.8 0.506
18.8 0.521
11.7 0.365
9.5 0.365
11.6 0.42
15.1 0.42
15.1 0.446
15.4 0.414
6.9 0.421
11.4 0.421
11.4 0.296
10.4 0.413
0.5 0.3
4.0 0.3
8.2 0.426
11.0 0.426
11.0 0.32
6.7 0.343
6.2 0.343
6.2 0.439
12.0 0.422
12.6 0.368
12.6 0.368
12.6 0.413
14.0 0.455
7.2 0.45
13.1 0.45
12.3 0.421
12.3 0.421
9.4 0.401
11.2 0.401
11.2 0.42
12.4 0.399
9.5 0.386
12.4 0.386
12.4 0.36
11.1 0.364
15.5 0.396
14.1 0.396
14.1 0.452
13.9 0.366
9.2 0.345
8.8 0.345
8.8 0.441
11.5 0.487
15.0 0.396
14.7 0.396
14.7 0.385
13.2 0.399
7.7 0.412
8.7 0.412
8.7 0.459
12.2 0.468
13.8 0.0
-11.4 0.0
-11.4 0.455
13.8 0.481
16.0 0.37
9.6 0.37
9.6 0.476
14.9 0.374
8.0 0.483
15.1 0.483
7.5 0.401
10.5 0.401
10.7 0.562
13.3 0.562
13.3 0.559
17.0 0.622
10.7 0.362
8.5 0.362
8.5 0.405
11.3 0.39
16.5 0.506
17.2 0.506
17.2 0.532
17.1 0.502
4.7 0.5
4.9 0.5
12.9 0.604
21.6 0.604
21.6 0.559
17.5 0.661
10.3 0.393
11.2 0.393
11.2 0.417
11.1 0.545
8.7 0.537
11.0 0.537
11.0 0.545
11.9 0.478
14.6 0.478
7.6 0.396
10.2 0.396
10.2 0.447
12.2 0.383
9.6 0.459
9.7 0.459
2.3 0.403
10.5 0.403
10.5 0.405
12.6 0.337
8.6 0.337
8.6 0.369
10.3 0.286
3.4 0.667
12.9 0.667
8.3 0.433
10.9 0.433
10.9 0.442
12.7 0.333
6.3 0.333
7.3 0.507
13.5 0.507
13.5 0.423
12.4 0.497
5.2 0.404
13.0 0.404
9.7 0.438
12.5 0.438
12.5 0.377
9.0 0.436
13.1 0.436
13.1 0.448
17.7 0.48
7.7 0.437
10.4 0.437
10.4 0.429
8.6 0.43
5.4 0.15
0.5 0.15
13.1 0.489
19.9 0.489
19.9 0.465
15.2 0.482
11.1 0.4
1.1 0.4
10.8 0.55
18.0 0.55
18.0 0.5
13.6 0.504
13.6 0.436
15.9 0.436
15.9 0.438
16.7 0.442
15.2 0.475
15.9 0.475
15.9 0.455
16.3 0.512
3.8 0.857
22.8 0.857
19.0 0.573
18.0 0.573
18.0 0.516
17.2 0.536
6.0 0.45
11.6 0.45
11.6 0.473
14.5 0.516
8.8 0.368
11.8 0.368
11.8 0.385
15.3 0.375
3.3 0.375
9.0 0.458
9.1 0.458
9.1 0.496
10.2 0.464
5.8 0.427
15.7 0.427
15.7 0.421
15.5 0.451
8.0 0.429
10.2 0.429
10.2 0.372
6.4 0.455
9.5 0.413
10.9 0.413
10.9 0.397
9.2 0.385
15.2 0.5
17.6 0.5
17.6 0.537
17.7 0.534
12.7 0.351
4.6 0.351
13.1 0.461
14.1 0.461
14.1 0.529
16.1 0.571
12.8 0.407
12.8 0.333
12.0 0.513
8.2 0.348
8.2 0.468
12.9 0.445
2.1 0.214
2.1 0.325
4.7 0.0
44.3 0.5
14.7 0.575
14.7 0.548
12.3 0.51
11.6 0.453
11.6 0.433
10.7 0.445
11.0 0.412
9.1 0.362
9.1 0.394
-1.8 0.333
-1.8 0.083
-7.7 0.375
12.1 0.483
12.1 0.582
18.3 0.643
5.8 0.263
-2.6 0.25
16.9 0.448
16.9 0.433
14.3 0.445
11.4 0.409
14.5 0.42
14.5 0.4
-5.0 0.167
10.2 0.302
10.2 0.352
8.9 0.444
8.2 0.367
4.5 0.345
8.4 0.355
8.4 0.3
11.5 0.409
11.5 0.478
17.8 0.455
7.3 0.361
7.3 0.449
10.7 0.433
5.7 0.349
8.1 0.344
8.1 0.419
13.9 0.403
12.3 0.399
12.3 0.393
11.7 0.38
11.4 0.447
11.4 0.473
17.0 0.454
3.7 0.421
8.7 0.352
8.7 0.419
12.6 0.463
8.9 0.377
8.9 0.385
14.9 0.574
14.9 0.465
14.6 0.5
9.0 0.323
9.0 0.355
4.9 0.304
4.9 0.469
12.7 0.502
5.6 0.4
5.6 0.25
3.4 0.425
12.3 0.414
12.3 0.42
14.1 0.408
9.6 0.415
9.6 0.426
10.3 0.452
13.2 0.449
13.2 0.409
1.5 0.269
4.8 0.347
12.0 0.419
12.0 0.486
13.8 0.433
10.0 0.35
10.0 0.456
15.6 0.415
8.5 0.25
10.5 0.404
10.5 0.513
15.7 0.44
11.3 0.422
11.3 0.452
14.3 0.459
-0.7 0.0
5.9 0.318
5.9 0.296
17.7 0.545
17.7 0.536
15.9 0.53
10.6 0.396
10.6 0.403
10.6 0.456
6.1 0.402
6.1 0.452
10.9 0.447
16.6 0.533
16.6 0.478
1.2 0.273
7.9 0.34
7.9 0.282
6.5 0.143
17.9 0.405
17.9 0.407
15.6 0.413
40.8 1.0
40.8 0.5
9.3 0.382
9.3 0.338
9.6 0.399
15.0 0.462
15.0 0.521
16.2 0.595
5.2 0.25
5.2 0.636
15.6 0.66
14.8 0.446
14.8 0.417
15.9 0.507
3.8 0.367
3.8 0.411
7.4 0.5
7.8 0.35
7.8 0.364
14.5 0.49
14.5 0.493
14.8 0.49
7.7 0.414
7.7 0.366
5.6 0.426
13.8 0.425
13.8 0.436
13.9 0.471
13.8 0.463
13.8 0.493
16.8 0.515
-7.5 0.333
-7.5 0.429
13.9 0.488
8.2 0.452
8.2 0.403
5.5 0.352
9.4 0.422
9.4 0.442
11.0 0.367
11.0 0.348
11.3 0.359
5.2 0.32
5.2 0.318
7.5 0.365
7.5 0.385
9.2 0.396
10.8 0.333
18.6 0.568
18.6 0.6
20.0 1.0
13.2 0.395
13.2 0.421
8.6 0.481
14.0 0.528
14.0 0.501
15.7 0.495
2.4 0.0
8.5 0.402
20.0 0.452
20.0 0.455
13.9 0.437
13.9 0.459
16.5 0.452
8.5 0.421
8.5 0.394
12.9 0.258
8.5 0.353
8.5 0.306
3.6 0.431
13.0 0.425
14.6 0.44
12.3 0.424
11.2 0.424
11.9 0.423
4.9 0.36
15.3 0.53
32.0 0.442
4.6 0.514
10.8 0.473
11.0 0.316
17.6 0.579
11.2 0.425
14.6 0.652
4.3 0.0
9.4 0.355
10.7 0.373
14.2 0.434
15.9 0.558
10.4 0.368
6.7 0.545
7.7 0.0
8.7 0.353
21.5 0.578
11.2 0.414
12.5 0.399
18.6 0.523
11.6 0.362
27.7 0.545
14.0 0.384
14.5 0.461
12.2 0.5
14.2 0.387
16.8 0.642
15.3 0.441
9.9 0.377
13.4 0.526
10.2 0.451
17.1 0.514
8.2 0.421
5.1 0.2
12.9 0.332
13.8 0.488
17.7 0.45
13.3 0.449
19.2 0.568
11.4 0.394
5.0 0.367
13.2 0.405
11.9 0.42
14.4 0.8
7.1 0.556
22.5 0.542
15.4 0.511
4.2 0.365
8.9 0.417
21.1 0.517
8.4 0.356
16.4 0.522
17.8 0.422
9.9 0.361
