1 	502	26 	10 	16 	.385 	-5.51 	2.59 	2 	12 	0.0	0.0	0.0	0.0	1773 	1813 	0.0	612 	1428 	.429 	196 	215 	.912 	353 	541 	.652 	0.0	879 	361 	158 	81 	0.0	546
2 	503	27 	17 	10 	.630 	5.57 	-0.66 	13 	5 	0.0	0.0	0.0	0.0	2034 	1825 	0.0	731 	1548 	.472 	108 	348 	.310 	464 	668 	.695 	0.0	945 	391 	256 	91 	0.0	474
3 	805	33 	21 	12 	.636 	6.92 	4.67 	10 	6 	0.0	0.0	0.0	0.0	2482 	2381 	0.0	860 	1945 	.442 	185 	508 	.364 	577 	856 	.674 	0.0	1335 	454 	253 	92 	0.0	719
4 	506	28 	11 	17 	.393 	-16.78 	-10.28 	6 	10 	0.0	0.0	0.0	0.0	1914 	2064 	0.0	671 	1508 	.445 	129 	359 	.359 	443 	706 	.627 	0.0	1022 	254 	245 	61 	0.0	545
5 	504	31 	15 	16 	.484 	7.73 	6.47 	6 	10 	0.0	0.0	0.0	0.0	2168 	2139 	0.0	799 	1953 	.409 	186 	574 	.324 	384 	548 	.701 	0.0	1267 	348 	219 	169 	0.0	572
6 	508	27 	12 	15 	.444 	-12.51 	-8.29 	8 	8 	0.0	0.0	0.0	0.0	1996 	2040 	0.0	745 	1641 	.454 	136 	407 	.334 	370 	600 	.617 	0.0	1038 	376 	221 	90 	0.0	539
7 	509	28 	9 	19 	.321 	-4.91 	-0.50 	5 	11 	0.0	0.0	0.0	0.0	1725 	1836 	0.0	597 	1488 	.401 	160 	464 	.345 	371 	538 	.690 	0.0	964 	284 	204 	89 	0.0	527
8 	510	29 	21 	8 	.724 	-3.08 	-5.81 	13 	2 	0.0	0.0	0.0	0.0	2089 	1917 	0.0	741 	1646 	.450 	140 	458 	.306 	467 	731 	.639 	0.0	1068 	412 	224 	112 	0.0	512
9 	512	32 	18 	14 	.563 	7.94 	8.00 	8 	10 	0.0	0.0	0.0	0.0	2703 	2688 	0.0	1019 	2118 	.481 	172 	478 	.360 	493 	661 	.746 	0.0	1169 	639 	290 	114 	0.0	558
10 	511	35 	30 	5 	.857 	24.58 	8.38 	17 	1 	0.0	0.0	0.0	0.0	3177 	2610 	0.0	1146 	2350 	.488 	269 	714 	.377 	616 	860 	.716 	0.0	1372 	677 	352 	113 	0.0	578
11 	513	28 	15 	13 	.536 	-5.40 	-2.81 	10 	8 	0.0	0.0	0.0	0.0	1887 	1931 	0.0	687 	1533 	.448 	134 	407 	.329 	379 	588 	.645 	0.0	958 	405 	150 	85 	0.0	497
12 	516	29 	20 	9 	.690 	1.20 	-3.11 	14 	4 	0.0	0.0	0.0	0.0	2170 	2045 	0.0	767 	1660 	.462 	210 	529 	.397 	426 	606 	.703 	0.0	966 	453 	199 	107 	0.0	571
13 	515	33 	24 	9 	.727 	16.16 	5.78 	11 	5 	0.0	0.0	0.0	0.0	2716 	2389 	0.0	984 	2208 	.446 	237 	671 	.353 	511 	788 	.648 	0.0	1306 	526 	356 	158 	0.0	680
14 	517	27 	8 	19 	.296 	-20.37 	-8.18 	2 	10 	0.0	0.0	0.0	0.0	1730 	2028 	0.0	593 	1441 	.412 	167 	484 	.345 	377 	559 	.674 	0.0	834 	374 	198 	56 	0.0	525
15 	518	30 	16 	14 	.533 	7.45 	5.95 	7 	9 	0.0	0.0	0.0	0.0	2068 	2023 	0.0	743 	1766 	.421 	197 	608 	.324 	385 	596 	.646 	0.0	1183 	372 	215 	152 	0.0	560
16 	519	28 	17 	11 	.607 	-4.73 	-7.23 	11 	7 	0.0	0.0	0.0	0.0	2013 	1889 	0.0	741 	1682 	.441 	184 	552 	.333 	347 	532 	.652 	0.0	974 	426 	269 	125 	0.0	470
17 	520	29 	21 	8 	.724 	7.46 	0.68 	14 	4 	0.0	0.0	0.0	0.0	2274 	2005 	0.0	852 	1814 	.470 	116 	386 	.301 	454 	686 	.662 	0.0	1012 	426 	349 	67 	0.0	606
18 	521	28 	14 	14 	.500 	3.17 	4.89 	8 	8 	0.0	0.0	0.0	0.0	1970 	2018 	0.0	676 	1629 	.415 	217 	650 	.334 	401 	648 	.619 	0.0	1083 	394 	189 	116 	0.0	542
19 	523	27 	1 	26 	.037 	-27.35 	-8.94 	1 	17 	0.0	0.0	0.0	0.0	1644 	2139 	0.0	590 	1557 	.379 	102 	421 	.242 	362 	636 	.569 	0.0	933 	240 	252 	80 	0.0	647
20 	526	30 	17 	13 	.567 	2.47 	-0.53 	9 	7 	0.0	0.0	0.0	0.0	2171 	2072 	0.0	736 	1592 	.462 	221 	561 	.394 	478 	665 	.719 	0.0	838 	435 	288 	85 	0.0	639
21 	527	31 	15 	16 	.484 	5.14 	6.48 	6 	12 	0.0	0.0	0.0	0.0	2167 	2198 	0.0	791 	1756 	.450 	173 	512 	.338 	412 	640 	.644 	0.0	1107 	406 	238 	109 	0.0	522
22 	528	30 	19 	11 	.633 	-0.02 	-2.52 	12 	6 	0.0	0.0	0.0	0.0	2101 	2026 	0.0	718 	1643 	.437 	177 	493 	.359 	488 	744 	.656 	0.0	1124 	460 	209 	87 	0.0	613
23 	529	26 	10 	16 	.385 	-3.20 	0.97 	7 	11 	0.0	0.0	0.0	0.0	1776 	1856 	0.0	592 	1394 	.425 	183 	501 	.365 	409 	573 	.714 	0.0	814 	322 	176 	44 	0.0	491
24 	530	29 	15 	14 	.517 	4.22 	2.11 	9 	9 	0.0	0.0	0.0	0.0	1872 	1772 	0.0	656 	1487 	.441 	121 	333 	.363 	439 	644 	.682 	0.0	1061 	433 	196 	116 	0.0	507
25 	536	30 	9 	21 	.300 	-0.16 	6.08 	4 	10 	0.0	0.0	0.0	0.0	1906 	2093 	0.0	589 	1571 	.375 	194 	638 	.304 	534 	749 	.713 	0.0	1060 	355 	194 	72 	0.0	638
26 	531	26 	6 	20 	.231 	-17.25 	-5.94 	3 	11 	0.0	0.0	0.0	0.0	1478 	1772 	0.0	502 	1313 	.382 	124 	404 	.307 	350 	544 	.643 	0.0	855 	272 	125 	39 	0.0	480
27 	533	28 	13 	15 	.464 	-6.81 	-6.81 	8 	4 	0.0	0.0	0.0	0.0	1947 	1922 	0.0	676 	1495 	.452 	188 	520 	.362 	407 	592 	.688 	0.0	970 	349 	175 	91 	0.0	537
28 	534	28 	15 	13 	.536 	-6.20 	-6.39 	9 	7 	0.0	0.0	0.0	0.0	2098 	2033 	0.0	709 	1574 	.450 	170 	505 	.337 	510 	701 	.728 	0.0	968 	442 	175 	67 	0.0	494
29 	535	33 	22 	11 	.667 	4.86 	2.76 	8 	6 	0.0	0.0	0.0	0.0	2228 	2052 	0.0	730 	1642 	.445 	152 	478 	.318 	616 	929 	.663 	0.0	1163 	400 	177 	96 	0.0	612
30 	538	28 	14 	14 	.500 	-7.95 	-3.47 	7 	9 	0.0	0.0	0.0	0.0	2367 	2398 	0.0	783 	1759 	.445 	246 	654 	.376 	555 	791 	.702 	0.0	999 	407 	212 	63 	0.0	569
31 	564	28 	12 	16 	.429 	-3.52 	-0.96 	6 	10 	0.0	0.0	0.0	0.0	2056 	2085 	0.0	728 	1675 	.435 	182 	503 	.362 	418 	680 	.615 	0.0	1016 	368 	224 	95 	0.0	571
32 	565	28 	12 	16 	.429 	-1.35 	-3.26 	7 	9 	0.0	0.0	0.0	0.0	2356 	2242 	0.0	797 	1761 	.453 	241 	643 	.375 	521 	749 	.696 	0.0	1085 	467 	227 	74 	0.0	691
33 	807	27 	9 	18 	.333 	-7.87 	0.49 	6 	10 	0.0	0.0	0.0	0.0	1681 	1877 	0.0	564 	1407 	.401 	172 	515 	.334 	381 	517 	.737 	0.0	815 	328 	223 	51 	0.0	560
34 	757	26 	7 	19 	.269 	-7.58 	-0.21 	4 	12 	0.0	0.0	0.0	0.0	1861 	1977 	0.0	689 	1494 	.461 	120 	378 	.317 	363 	519 	.699 	0.0	935 	367 	169 	66 	0.0	501
35 	539	27 	12 	15 	.444 	8.37 	7.99 	8 	10 	0.0	0.0	0.0	0.0	1899 	1876 	0.0	691 	1578 	.438 	100 	328 	.305 	417 	618 	.675 	0.0	959 	321 	227 	97 	0.0	519
36 	540	27 	10 	17 	.370 	-18.24 	-7.74 	4 	12 	0.0	0.0	0.0	0.0	1726 	1921 	0.0	592 	1461 	.405 	185 	539 	.343 	357 	549 	.650 	0.0	974 	364 	174 	117 	0.0	501
37 	541	27 	13 	14 	.481 	-3.07 	-0.48 	9 	9 	0.0	0.0	0.0	0.0	1844 	1915 	0.0	642 	1483 	.433 	155 	449 	.345 	405 	600 	.675 	0.0	952 	387 	145 	71 	0.0	477
38 	543	30 	10 	20 	.333 	-12.16 	-7.42 	8 	8 	0.0	0.0	0.0	0.0	2072 	2214 	0.0	730 	1664 	.439 	168 	454 	.370 	444 	700 	.634 	0.0	1071 	380 	226 	75 	0.0	632
39 	544	26 	4 	22 	.154 	-17.57 	-6.29 	3 	13 	0.0	0.0	0.0	0.0	1705 	1996 	0.0	628 	1537 	.409 	149 	433 	.344 	300 	447 	.671 	0.0	956 	320 	198 	88 	0.0	537
40 	809	28 	17 	11 	.607 	-5.10 	-7.94 	11 	5 	0.0	0.0	0.0	0.0	2130 	1998 	0.0	788 	1675 	.470 	137 	391 	.350 	417 	630 	.662 	0.0	1071 	429 	258 	116 	0.0	591
41 	537	26 	5 	21 	.192 	-11.57 	2.47 	3 	15 	0.0	0.0	0.0	0.0	1788 	2117 	0.0	612 	1416 	.432 	161 	466 	.345 	403 	593 	.680 	0.0	879 	320 	152 	79 	0.0	585
42 	545	27 	5 	22 	.185 	-20.41 	-8.29 	2 	10 	0.0	0.0	0.0	0.0	1883 	2127 	0.0	694 	1509 	.460 	134 	356 	.376 	361 	564 	.640 	0.0	946 	319 	169 	73 	0.0	605
43 	546	31 	20 	11 	.645 	12.21 	6.73 	13 	3 	0.0	0.0	0.0	0.0	2283 	2113 	0.0	816 	1866 	.437 	180 	525 	.343 	471 	665 	.708 	0.0	1176 	481 	266 	73 	0.0	561
44 	547	28 	13 	15 	.464 	-8.70 	-4.83 	7 	7 	0.0	0.0	0.0	0.0	1771 	1809 	0.0	626 	1550 	.404 	200 	551 	.363 	319 	461 	.692 	0.0	950 	372 	176 	42 	0.0	497
45 	548	27 	2 	25 	.074 	-25.22 	-3.60 	2 	14 	0.0	0.0	0.0	0.0	1837 	2421 	0.0	686 	1856 	.370 	154 	515 	.299 	311 	507 	.613 	0.0	1012 	311 	240 	86 	0.0	583
46 	549	33 	27 	6 	.818 	17.85 	4.98 	14 	2 	0.0	0.0	0.0	0.0	2510 	2085 	0.0	861 	1886 	.457 	178 	513 	.347 	610 	898 	.679 	0.0	1324 	414 	258 	146 	0.0	633
47 	550	28 	15 	13 	.536 	-8.52 	-9.02 	6 	8 	0.0	0.0	0.0	0.0	1829 	1741 	0.0	645 	1469 	.439 	118 	347 	.340 	421 	599 	.703 	0.0	1026 	378 	153 	121 	0.0	518
48 	551	32 	18 	14 	.563 	17.18 	10.34 	7 	9 	0.0	0.0	0.0	0.0	2309 	2090 	0.0	842 	1783 	.472 	164 	485 	.338 	461 	751 	.614 	0.0	1082 	484 	256 	90 	0.0	683
49 	552	27 	12 	15 	.444 	-2.63 	3.26 	6 	8 	0.0	0.0	0.0	0.0	1745 	1904 	0.0	596 	1490 	.400 	130 	391 	.332 	423 	645 	.656 	0.0	998 	277 	204 	87 	0.0	602
50 	553	27 	8 	19 	.296 	-19.43 	-9.25 	4 	8 	0.0	0.0	0.0	0.0	1675 	1868 	0.0	577 	1480 	.390 	154 	457 	.337 	367 	531 	.691 	0.0	883 	306 	237 	39 	0.0	546
51 	555	28 	10 	18 	.357 	-9.73 	-6.76 	5 	7 	0.0	0.0	0.0	0.0	2075 	2158 	0.0	726 	1754 	.414 	208 	638 	.326 	415 	580 	.716 	0.0	1023 	390 	267 	73 	0.0	574
52 	554	30 	24 	6 	.800 	4.44 	-9.02 	14 	2 	0.0	0.0	0.0	0.0	2102 	1662 	0.0	784 	1701 	.461 	105 	305 	.344 	429 	618 	.694 	0.0	1079 	434 	329 	125 	0.0	487
53 	557	29 	20 	9 	.690 	6.14 	1.55 	8 	6 	0.0	0.0	0.0	0.0	2011 	1802 	0.0	707 	1561 	.453 	151 	445 	.339 	446 	663 	.673 	0.0	977 	450 	195 	129 	0.0	504
54 	556	27 	13 	14 	.481 	2.13 	4.44 	7 	9 	0.0	0.0	0.0	0.0	1928 	1970 	0.0	661 	1638 	.404 	153 	441 	.347 	453 	658 	.688 	0.0	1058 	417 	177 	109 	0.0	492
55 	558	26 	11 	15 	.423 	-13.45 	-8.13 	6 	8 	0.0	0.0	0.0	0.0	1487 	1616 	0.0	516 	1221 	.423 	148 	463 	.320 	307 	489 	.628 	0.0	826 	306 	184 	54 	0.0	521
56 	559	37 	32 	5 	.865 	20.68 	7.89 	15 	3 	0.0	0.0	0.0	0.0	2836 	2363 	0.0	1003 	2188 	.458 	220 	616 	.357 	610 	832 	.733 	0.0	1447 	529 	314 	148 	0.0	671
57 	560	29 	21 	8 	.724 	-2.42 	-10.29 	17 	1 	0.0	0.0	0.0	0.0	2251 	2022 	0.0	757 	1767 	.428 	202 	572 	.353 	535 	734 	.729 	0.0	1070 	293 	299 	61 	0.0	635
58 	561	26 	9 	17 	.346 	-11.64 	-8.20 	6 	8 	0.0	0.0	0.0	0.0	1629 	1699 	0.0	605 	1439 	.420 	122 	390 	.313 	297 	468 	.635 	0.0	995 	333 	150 	110 	0.0	500
59 	562	28 	18 	10 	.643 	6.27 	1.20 	12 	6 	0.0	0.0	0.0	0.0	2100 	1958 	0.0	723 	1589 	.455 	203 	559 	.363 	451 	656 	.688 	0.0	1032 	430 	261 	127 	0.0	573
60 	567	26 	7 	19 	.269 	-15.61 	-7.11 	4 	10 	0.0	0.0	0.0	0.0	1474 	1695 	0.0	532 	1310 	.406 	140 	437 	.320 	270 	434 	.622 	0.0	880 	284 	124 	73 	0.0	471
61 	568	30 	20 	10 	.667 	-0.71 	-3.74 	13 	2 	0.0	0.0	0.0	0.0	2138 	1987 	0.0	747 	1726 	.433 	209 	595 	.351 	435 	646 	.673 	0.0	1117 	472 	223 	61 	0.0	584
62 	569	33 	21 	12 	.636 	8.80 	4.04 	11 	5 	0.0	0.0	0.0	0.0	2511 	2354 	0.0	862 	1914 	.450 	182 	486 	.374 	605 	843 	.718 	0.0	1300 	444 	183 	69 	0.0	593
63 	571	27 	9 	18 	.333 	-22.44 	-10.04 	7 	11 	0.0	0.0	0.0	0.0	1889 	2165 	0.0	670 	1594 	.420 	114 	340 	.335 	435 	674 	.645 	0.0	995 	297 	206 	95 	0.0	616
64 	570	30 	20 	10 	.667 	-1.92 	-3.42 	12 	6 	0.0	0.0	0.0	0.0	2191 	2111 	0.0	758 	1705 	.445 	177 	488 	.363 	498 	695 	.717 	0.0	1072 	420 	240 	91 	0.0	563
65 	573	30 	7 	23 	.233 	-2.43 	7.50 	3 	13 	0.0	0.0	0.0	0.0	1777 	2063 	0.0	630 	1748 	.360 	175 	611 	.286 	342 	511 	.669 	0.0	1024 	288 	249 	66 	0.0	539
66 	574	31 	25 	6 	.806 	9.86 	0.48 	12 	2 	0.0	0.0	0.0	0.0	2314 	1957 	0.0	817 	1771 	.461 	208 	554 	.375 	472 	639 	.739 	0.0	1107 	437 	229 	100 	0.0	597
67 	575	27 	3 	24 	.111 	-14.07 	1.59 	0 	18 	0.0	0.0	0.0	0.0	1646 	2033 	0.0	573 	1447 	.396 	182 	552 	.330 	318 	492 	.646 	0.0	820 	358 	237 	39 	0.0	512
68 	576	28 	13 	15 	.464 	-3.77 	-2.91 	10 	8 	0.0	0.0	0.0	0.0	1870 	1894 	0.0	665 	1596 	.417 	149 	429 	.347 	391 	581 	.673 	0.0	1000 	393 	122 	39 	0.0	588
69 	577	36 	32 	4 	.889 	29.56 	9.33 	15 	1 	0.0	0.0	0.0	0.0	3082 	2308 	0.0	1081 	2278 	.475 	273 	739 	.369 	647 	960 	.674 	0.0	1377 	514 	339 	183 	0.0	670
70 	578	30 	11 	19 	.367 	-0.57 	4.67 	5 	11 	0.0	0.0	0.0	0.0	2173 	2330 	0.0	774 	1761 	.440 	163 	468 	.348 	462 	754 	.613 	0.0	1107 	407 	261 	91 	0.0	637
71 	583	27 	10 	17 	.370 	-3.34 	-1.30 	5 	11 	0.0	0.0	0.0	0.0	1821 	1835 	0.0	639 	1492 	.428 	168 	467 	.360 	375 	550 	.682 	0.0	974 	321 	132 	71 	0.0	547
72 	586	27 	11 	16 	.407 	-11.56 	-8.36 	6 	9 	0.0	0.0	0.0	0.0	1779 	1807 	0.0	626 	1420 	.441 	120 	352 	.341 	407 	634 	.642 	0.0	931 	340 	175 	45 	0.0	555
73 	579	27 	16 	11 	.593 	-4.90 	-5.90 	13 	5 	0.0	0.0	0.0	0.0	2009 	1933 	0.0	718 	1649 	.435 	165 	497 	.332 	408 	609 	.670 	0.0	1038 	430 	215 	62 	0.0	528
74 	580	27 	10 	17 	.370 	-11.11 	-4.95 	8 	10 	0.0	0.0	0.0	0.0	1897 	2053 	0.0	654 	1617 	.404 	171 	496 	.345 	418 	633 	.660 	0.0	1096 	328 	240 	58 	0.0	643
75 	581	30 	20 	10 	.667 	6.70 	2.67 	13 	5 	0.0	0.0	0.0	0.0	2394 	2266 	0.0	909 	1933 	.470 	210 	572 	.367 	366 	552 	.663 	0.0	1121 	473 	234 	110 	0.0	600
76 	582	27 	16 	11 	.593 	-6.17 	-3.13 	10 	6 	0.0	0.0	0.0	0.0	2053 	2130 	0.0	754 	1696 	.445 	155 	418 	.371 	390 	611 	.638 	0.0	1032 	403 	224 	70 	0.0	503
77 	587	30 	15 	15 	.500 	1.70 	-0.37 	9 	9 	0.0	0.0	0.0	0.0	2099 	2005 	0.0	726 	1526 	.476 	193 	498 	.388 	454 	600 	.757 	0.0	954 	453 	162 	63 	0.0	544
78 	589	27 	12 	15 	.444 	-2.85 	-1.81 	7 	11 	0.0	0.0	0.0	0.0	1896 	1924 	0.0	659 	1491 	.442 	118 	388 	.304 	460 	714 	.644 	0.0	985 	356 	217 	126 	0.0	691
79 	588	30 	23 	7 	.767 	2.90 	-5.38 	13 	3 	0.0	0.0	0.0	0.0	2511 	2253 	0.0	851 	1883 	.452 	233 	639 	.365 	576 	855 	.674 	0.0	1370 	438 	244 	185 	0.0	588
80 	593	28 	11 	17 	.393 	-16.11 	-11.83 	8 	10 	0.0	0.0	0.0	0.0	1997 	2117 	0.0	716 	1724 	.415 	128 	358 	.358 	437 	753 	.580 	0.0	1223 	301 	205 	181 	0.0	632
81 	590	27 	5 	22 	.185 	-19.26 	-3.22 	5 	11 	0.0	0.0	0.0	0.0	1671 	2108 	0.0	579 	1457 	.397 	165 	523 	.315 	348 	508 	.685 	0.0	921 	298 	163 	45 	0.0	563
82 	594	29 	21 	8 	.724 	2.54 	-5.67 	13 	3 	0.0	0.0	0.0	0.0	2533 	2295 	0.0	898 	1938 	.463 	237 	687 	.345 	500 	757 	.661 	0.0	1103 	472 	325 	68 	0.0	615
83 	595	32 	18 	14 	.563 	12.92 	10.77 	6 	10 	0.0	0.0	0.0	0.0	2287 	2218 	0.0	836 	1830 	.457 	129 	438 	.295 	486 	731 	.665 	0.0	1240 	461 	237 	165 	0.0	631
84 	592	29 	14 	15 	.483 	8.97 	6.42 	6 	10 	0.0	0.0	0.0	0.0	2208 	2134 	0.0	764 	1725 	.443 	285 	712 	.400 	395 	598 	.661 	0.0	1038 	429 	270 	131 	0.0	625
85 	596	27 	6 	21 	.222 	-3.38 	3.73 	2 	14 	0.0	0.0	0.0	0.0	1762 	1954 	0.0	610 	1544 	.395 	158 	492 	.321 	384 	543 	.707 	0.0	912 	344 	161 	78 	0.0	557
86 	597	34 	21 	13 	.618 	9.17 	5.48 	10 	4 	0.0	0.0	0.0	0.0	2835 	2629 	0.0	1050 	2345 	.448 	284 	840 	.338 	451 	733 	.615 	0.0	1403 	685 	355 	185 	0.0	668
87 	598	29 	9 	20 	.310 	-15.15 	-8.11 	5 	9 	0.0	0.0	0.0	0.0	1790 	1954 	0.0	651 	1521 	.428 	93 	334 	.278 	395 	600 	.658 	0.0	1075 	347 	180 	60 	0.0	556
88 	602	27 	9 	18 	.333 	-6.24 	-0.57 	6 	10 	0.0	0.0	0.0	0.0	1697 	1850 	0.0	618 	1479 	.418 	142 	445 	.319 	319 	523 	.610 	0.0	866 	309 	217 	82 	0.0	512
89 	599	33 	24 	9 	.727 	9.91 	4.76 	11 	5 	0.0	0.0	0.0	0.0	2414 	2244 	0.0	848 	1903 	.446 	145 	449 	.323 	573 	883 	.649 	0.0	1320 	494 	234 	88 	0.0	715
90 	603	31 	16 	15 	.516 	8.75 	5.99 	6 	12 	0.0	0.0	0.0	0.0	2223 	2052 	0.0	822 	1889 	.435 	94 	327 	.287 	485 	768 	.632 	0.0	1267 	390 	352 	98 	0.0	646
91 	600	28 	10 	18 	.357 	-14.21 	-6.92 	4 	10 	0.0	0.0	0.0	0.0	1824 	1912 	0.0	662 	1540 	.430 	186 	585 	.318 	314 	485 	.647 	0.0	905 	361 	262 	60 	0.0	578
92 	605	28 	16 	12 	.571 	-5.40 	-8.90 	11 	5 	0.0	0.0	0.0	0.0	2096 	1960 	0.0	772 	1658 	.466 	170 	461 	.369 	382 	520 	.735 	0.0	982 	383 	197 	110 	0.0	481
93 	606	33 	19 	14 	.576 	12.83 	8.70 	6 	10 	0.0	0.0	0.0	0.0	2518 	2382 	0.0	882 	2005 	.440 	231 	715 	.323 	523 	766 	.683 	0.0	1318 	502 	253 	209 	0.0	525
94 	604	35 	20 	15 	.571 	13.11 	9.02 	7 	9 	0.0	0.0	0.0	0.0	2654 	2511 	0.0	914 	2163 	.423 	284 	803 	.354 	542 	777 	.698 	0.0	1360 	475 	253 	111 	0.0	682
95 	607	34 	24 	10 	.706 	10.65 	1.87 	10 	4 	0.0	0.0	0.0	0.0	2729 	2355 	0.0	965 	2038 	.474 	274 	678 	.404 	525 	748 	.702 	0.0	1273 	525 	231 	121 	0.0	640
96 	608	28 	16 	12 	.571 	-13.36 	-9.80 	10 	6 	0.0	0.0	0.0	0.0	2030 	2058 	0.0	741 	1667 	.445 	128 	420 	.305 	420 	610 	.689 	0.0	1046 	385 	235 	86 	0.0	546
97 	844	29 	17 	12 	.586 	3.93 	-0.58 	7 	7 	0.0	0.0	0.0	0.0	1868 	1737 	0.0	639 	1350 	.473 	120 	326 	.368 	470 	625 	.752 	0.0	820 	380 	183 	102 	0.0	503
98 	610	26 	14 	12 	.538 	-14.62 	-11.46 	11 	7 	0.0	0.0	0.0	0.0	1770 	1852 	0.0	588 	1405 	.419 	155 	464 	.334 	439 	637 	.689 	0.0	1042 	323 	148 	116 	0.0	511
99 	611	27 	15 	12 	.556 	-4.64 	-4.72 	11 	7 	0.0	0.0	0.0	0.0	2138 	2116 	0.0	725 	1578 	.459 	147 	435 	.338 	541 	730 	.741 	0.0	952 	385 	265 	73 	0.0	597
100 	612	26 	13 	13 	.500 	-8.08 	-8.28 	6 	8 	0.0	0.0	0.0	0.0	1812 	1791 	0.0	659 	1459 	.452 	188 	448 	.420 	306 	421 	.727 	0.0	856 	342 	180 	59 	0.0	434
101 	613	30 	21 	9 	.700 	11.10 	4.27 	8 	6 	0.0	0.0	0.0	0.0	2329 	2124 	0.0	842 	1814 	.464 	144 	433 	.333 	501 	700 	.716 	0.0	1140 	470 	237 	108 	0.0	549
102 	615	31 	19 	12 	.613 	-1.79 	-4.48 	11 	7 	0.0	0.0	0.0	0.0	2286 	2180 	0.0	814 	1840 	.442 	153 	494 	.310 	505 	752 	.672 	0.0	1166 	466 	241 	120 	0.0	639
103 	616	27 	7 	20 	.259 	-16.58 	-8.24 	3 	9 	0.0	0.0	0.0	0.0	1848 	2073 	0.0	653 	1573 	.415 	155 	500 	.310 	387 	541 	.715 	0.0	951 	342 	161 	66 	0.0	565
104 	617	29 	9 	20 	.310 	-7.22 	3.10 	2 	14 	0.0	0.0	0.0	0.0	1843 	2114 	0.0	678 	1595 	.425 	115 	377 	.305 	372 	537 	.693 	0.0	1162 	350 	164 	93 	0.0	577
105 	619	28 	8 	20 	.286 	-20.22 	-12.22 	5 	13 	0.0	0.0	0.0	0.0	1937 	2161 	0.0	672 	1650 	.407 	142 	425 	.334 	451 	695 	.649 	0.0	1067 	342 	177 	97 	0.0	611
106 	621	26 	6 	20 	.231 	-17.53 	-4.05 	2 	14 	0.0	0.0	0.0	0.0	1791 	2129 	0.0	646 	1522 	.424 	140 	444 	.315 	359 	611 	.588 	0.0	908 	331 	191 	65 	0.0	477
107 	620	27 	15 	12 	.556 	2.09 	0.73 	9 	7 	0.0	0.0	0.0	0.0	1910 	1852 	0.0	685 	1496 	.458 	125 	334 	.374 	415 	590 	.703 	0.0	978 	331 	188 	54 	0.0	568
108 	622	28 	22 	6 	.786 	9.20 	0.67 	12 	2 	0.0	0.0	0.0	0.0	2090 	1851 	0.0	715 	1641 	.436 	192 	460 	.417 	468 	639 	.732 	0.0	1034 	397 	169 	76 	0.0	530
109 	624	31 	25 	6 	.806 	9.63 	3.40 	16 	2 	0.0	0.0	0.0	0.0	2363 	2141 	0.0	865 	1804 	.479 	220 	587 	.375 	413 	613 	.674 	0.0	1099 	574 	259 	77 	0.0	625
110 	623	33 	23 	10 	.697 	15.21 	8.97 	13 	3 	0.0	0.0	0.0	0.0	2301 	2095 	0.0	827 	1869 	.442 	215 	593 	.363 	432 	634 	.681 	0.0	1109 	469 	244 	90 	0.0	617
111 	626	27 	16 	11 	.593 	3.45 	0.64 	10 	8 	0.0	0.0	0.0	0.0	1875 	1799 	0.0	657 	1449 	.453 	150 	421 	.356 	411 	596 	.690 	0.0	908 	372 	227 	92 	0.0	505
112 	625	32 	20 	12 	.625 	14.18 	10.71 	9 	7 	0.0	0.0	0.0	0.0	2457 	2346 	0.0	879 	1792 	.491 	186 	489 	.380 	513 	702 	.731 	0.0	1079 	568 	235 	105 	0.0	585
113 	627	33 	27 	6 	.818 	8.56 	-2.07 	15 	3 	0.0	0.0	0.0	0.0	2652 	2295 	0.0	934 	2008 	.465 	210 	599 	.351 	574 	835 	.687 	0.0	1247 	511 	325 	205 	0.0	652
114 	629	30 	12 	18 	.400 	0.75 	6.00 	5 	11 	0.0	0.0	0.0	0.0	1910 	2031 	0.0	681 	1547 	.440 	105 	356 	.295 	443 	690 	.642 	0.0	1088 	366 	163 	98 	0.0	498
115 	628	31 	20 	11 	.645 	17.24 	6.04 	9 	7 	0.0	0.0	0.0	0.0	2486 	2091 	0.0	878 	1828 	.480 	218 	543 	.401 	512 	721 	.710 	0.0	1186 	566 	315 	114 	0.0	498
116 	632	27 	14 	13 	.519 	-8.59 	-6.85 	11 	5 	0.0	0.0	0.0	0.0	1888 	1834 	0.0	665 	1600 	.416 	128 	440 	.291 	430 	659 	.653 	0.0	1072 	300 	230 	124 	0.0	581
117 	634	26 	12 	14 	.462 	-16.85 	-11.27 	6 	10 	0.0	0.0	0.0	0.0	1958 	2063 	0.0	644 	1540 	.418 	225 	637 	.353 	445 	633 	.703 	0.0	981 	316 	164 	61 	0.0	534
118 	633	27 	8 	19 	.296 	-7.85 	-2.77 	6 	12 	0.0	0.0	0.0	0.0	1776 	1913 	0.0	608 	1443 	.421 	144 	436 	.330 	416 	669 	.622 	0.0	947 	269 	231 	84 	0.0	547
119 	635	27 	11 	16 	.407 	-4.99 	-1.29 	6 	10 	0.0	0.0	0.0	0.0	1729 	1829 	0.0	604 	1451 	.416 	144 	450 	.320 	377 	561 	.672 	0.0	951 	268 	148 	91 	0.0	467
120 	637	29 	17 	12 	.586 	9.38 	3.42 	7 	9 	0.0	0.0	0.0	0.0	2163 	1990 	0.0	796 	1735 	.459 	170 	486 	.350 	401 	575 	.697 	0.0	1125 	491 	215 	121 	0.0	567
121 	636	39 	35 	4 	.897 	22.85 	6.54 	15 	1 	0.0	0.0	0.0	0.0	3300 	2628 	0.0	1249 	2536 	.493 	229 	610 	.375 	573 	842 	.681 	0.0	1682 	746 	315 	220 	0.0	651
122 	639	30 	13 	17 	.433 	-3.76 	0.68 	9 	9 	0.0	0.0	0.0	0.0	2082 	2170 	0.0	759 	1722 	.441 	190 	544 	.349 	374 	623 	.600 	0.0	1042 	469 	239 	73 	0.0	631
123 	640	39 	35 	4 	.897 	22.95 	9.85 	14 	2 	0.0	0.0	0.0	0.0	3123 	2612 	0.0	1161 	2409 	.482 	250 	681 	.367 	551 	816 	.675 	0.0	1640 	691 	341 	240 	0.0	722
124 	641	27 	9 	18 	.333 	-3.00 	3.78 	5 	11 	0.0	0.0	0.0	0.0	1928 	2111 	0.0	647 	1605 	.403 	223 	661 	.337 	411 	604 	.680 	0.0	949 	380 	185 	76 	0.0	520
125 	642	28 	19 	9 	.679 	-4.41 	-8.18 	10 	2 	0.0	0.0	0.0	0.0	2096 	1904 	0.0	720 	619 	1.163 	207 	612 	.338 	449 	643 	.698 	0.0	1083 	408 	255 	91 	0.0	560
126 	643	29 	15 	14 	.517 	-3.48 	-4.17 	7 	11 	0.0	0.0	0.0	0.0	1936 	1916 	0.0	671 	1591 	.422 	117 	362 	.323 	477 	732 	.652 	0.0	1087 	282 	208 	52 	0.0	634
127 	644	27 	10 	17 	.370 	-15.69 	-7.45 	4 	8 	0.0	0.0	0.0	0.0	1917 	2089 	0.0	662 	1619 	.409 	164 	457 	.359 	429 	662 	.648 	0.0	989 	333 	225 	65 	0.0	528
128 	645	28 	11 	17 	.393 	-14.67 	-8.21 	5 	7 	0.0	0.0	0.0	0.0	1800 	1930 	0.0	619 	1425 	.434 	180 	493 	.365 	382 	546 	.700 	0.0	882 	363 	211 	60 	0.0	564
129 	647	29 	10 	19 	.345 	-8.52 	-2.73 	5 	11 	0.0	0.0	0.0	0.0	1850 	2018 	0.0	679 	1611 	.421 	125 	411 	.304 	367 	588 	.624 	0.0	1043 	349 	185 	140 	0.0	556
130 	648	32 	21 	11 	.656 	2.60 	-2.06 	14 	2 	0.0	0.0	0.0	0.0	3102 	2776 	0.0	1163 	2636 	.441 	310 	932 	.333 	466 	834 	.559 	0.0	1406 	588 	478 	90 	0.0	652
131 	811	31 	18 	13 	.581 	-0.32 	-1.45 	12 	6 	0.0	0.0	0.0	0.0	2336 	2280 	0.0	801 	1868 	.429 	218 	646 	.337 	516 	776 	.665 	0.0	1076 	431 	284 	56 	0.0	648
132 	812	29 	13 	16 	.448 	-8.10 	-4.35 	8 	8 	0.0	0.0	0.0	0.0	2263 	2348 	0.0	818 	1812 	.451 	152 	481 	.316 	475 	730 	.651 	0.0	1068 	415 	287 	108 	0.0	543
133 	655	27 	9 	18 	.333 	1.07 	6.19 	2 	14 	0.0	0.0	0.0	0.0	1680 	1765 	0.0	579 	1364 	.424 	140 	425 	.329 	382 	592 	.645 	0.0	972 	314 	166 	47 	0.0	469
134 	650	27 	12 	15 	.444 	-1.42 	-2.83 	9 	9 	0.0	0.0	0.0	0.0	1849 	1811 	0.0	660 	1432 	.461 	134 	404 	.332 	395 	599 	.659 	0.0	953 	328 	201 	39 	0.0	561
135 	651	32 	12 	20 	.375 	7.90 	9.03 	5 	11 	0.0	0.0	0.0	0.0	2267 	2303 	0.0	844 	1907 	.443 	221 	652 	.339 	358 	550 	.651 	0.0	1138 	511 	240 	116 	0.0	652
136 	654	30 	15 	15 	.500 	-5.00 	-1.34 	6 	8 	0.0	0.0	0.0	0.0	1997 	2046 	0.0	720 	1677 	.429 	127 	432 	.294 	430 	640 	.672 	0.0	1050 	413 	223 	90 	0.0	533
137 	652	27 	7 	20 	.259 	-6.84 	1.58 	3 	11 	0.0	0.0	0.0	0.0	1994 	2209 	0.0	685 	1673 	.409 	231 	662 	.349 	393 	587 	.670 	0.0	1031 	381 	202 	100 	0.0	578
138 	653	28 	12 	16 	.429 	-3.19 	-0.55 	9 	9 	0.0	0.0	0.0	0.0	2143 	2217 	0.0	724 	1622 	.446 	144 	448 	.321 	551 	767 	.718 	0.0	1004 	382 	251 	59 	0.0	621
139 	657	27 	7 	20 	.259 	-13.65 	-4.09 	4 	14 	0.0	0.0	0.0	0.0	1920 	2068 	0.0	691 	1653 	.418 	206 	602 	.342 	332 	509 	.652 	0.0	994 	395 	231 	62 	0.0	523
140 	658	29 	12 	17 	.414 	-4.75 	-0.88 	7 	11 	0.0	0.0	0.0	0.0	1903 	2014 	0.0	668 	1530 	.437 	174 	526 	.331 	393 	579 	.679 	0.0	968 	412 	186 	78 	0.0	588
141 	659	28 	11 	17 	.393 	-7.18 	-3.51 	7 	11 	0.0	0.0	0.0	0.0	1939 	2042 	0.0	677 	1546 	.438 	133 	390 	.341 	452 	643 	.703 	0.0	895 	349 	204 	100 	0.0	583
142 	660	31 	20 	11 	.645 	10.55 	5.26 	8 	8 	0.0	0.0	0.0	0.0	2024 	1860 	0.0	716 	1746 	.410 	199 	647 	.308 	393 	579 	.679 	0.0	1214 	399 	211 	123 	0.0	555
143 	661	27 	11 	16 	.407 	-2.97 	0.63 	7 	11 	0.0	0.0	0.0	0.0	1882 	1875 	0.0	696 	1541 	.452 	177 	498 	.355 	313 	466 	.672 	0.0	950 	376 	186 	94 	0.0	461
144 	813	28 	14 	14 	.500 	-10.96 	-9.32 	6 	6 	0.0	0.0	0.0	0.0	1978 	1991 	0.0	686 	1578 	.435 	186 	525 	.354 	420 	589 	.713 	0.0	1032 	414 	204 	83 	0.0	540
145 	665	27 	9 	18 	.333 	-16.17 	-11.39 	7 	11 	0.0	0.0	0.0	0.0	1838 	1967 	0.0	651 	1579 	.412 	102 	334 	.305 	434 	666 	.652 	0.0	976 	245 	265 	44 	0.0	527
146 	662	32 	21 	11 	.656 	18.79 	12.10 	10 	6 	0.0	0.0	0.0	0.0	2520 	2306 	0.0	908 	1969 	.461 	166 	476 	.349 	538 	794 	.678 	0.0	1271 	602 	275 	158 	0.0	637
147 	663	32 	21 	11 	.656 	11.99 	7.27 	12 	4 	0.0	0.0	0.0	0.0	2231 	2080 	0.0	817 	1826 	.447 	111 	327 	.339 	486 	694 	.700 	0.0	1232 	444 	198 	176 	0.0	671
148 	664	26 	7 	19 	.269 	-16.45 	-7.73 	4 	12 	0.0	0.0	0.0	0.0	1817 	2026 	0.0	641 	1488 	.431 	183 	540 	.339 	352 	527 	.668 	0.0	827 	372 	220 	79 	0.0	520
149 	666	29 	17 	12 	.586 	8.04 	5.56 	12 	4 	0.0	0.0	0.0	0.0	2151 	2079 	0.0	779 	1682 	.463 	143 	441 	.324 	450 	709 	.635 	0.0	1013 	402 	291 	92 	0.0	556
150 	667	26 	5 	21 	.192 	-19.22 	-8.72 	2 	14 	0.0	0.0	0.0	0.0	1767 	1989 	0.0	637 	1558 	.409 	170 	529 	.321 	323 	510 	.633 	0.0	977 	314 	183 	52 	0.0	478
151 	668	28 	18 	10 	.643 	10.87 	6.37 	11 	7 	0.0	0.0	0.0	0.0	1962 	1836 	0.0	735 	1669 	.440 	114 	397 	.287 	378 	572 	.661 	0.0	1120 	395 	259 	120 	0.0	563
152 	669	29 	17 	12 	.586 	3.62 	1.94 	9 	9 	0.0	0.0	0.0	0.0	2006 	1932 	0.0	705 	1577 	.447 	156 	414 	.377 	440 	610 	.721 	0.0	1062 	346 	165 	56 	0.0	521
153 	671	30 	22 	8 	.733 	18.65 	9.25 	13 	3 	0.0	0.0	0.0	0.0	2202 	1920 	0.0	799 	1779 	.449 	176 	493 	.357 	428 	639 	.670 	0.0	1197 	446 	229 	117 	0.0	575
154 	670	34 	25 	9 	.735 	18.79 	9.64 	11 	5 	0.0	0.0	0.0	0.0	2630 	2284 	0.0	932 	1907 	.489 	260 	621 	.419 	506 	729 	.694 	0.0	1314 	537 	243 	138 	0.0	585
155 	672	28 	19 	9 	.679 	-1.76 	-6.59 	12 	6 	0.0	0.0	0.0	0.0	1984 	1781 	0.0	690 	1540 	.448 	195 	530 	.368 	409 	613 	.667 	0.0	969 	413 	230 	91 	0.0	460
156 	845	27 	3 	24 	.111 	-9.89 	1.96 	2 	12 	0.0	0.0	0.0	0.0	1651 	1971 	0.0	571 	1476 	.387 	185 	545 	.339 	324 	496 	.653 	0.0	863 	325 	195 	59 	0.0	549
157 	673	35 	20 	15 	.571 	11.93 	8.30 	6 	10 	0.0	0.0	0.0	0.0	2530 	2403 	0.0	901 	2029 	.444 	188 	555 	.339 	540 	745 	.725 	0.0	1228 	498 	304 	144 	0.0	716
158 	675	30 	15 	15 	.500 	7.75 	5.13 	4 	12 	0.0	0.0	0.0	0.0	2131 	2053 	0.0	806 	1774 	.454 	136 	426 	.319 	383 	605 	.633 	0.0	1112 	437 	204 	90 	0.0	528
159 	685	27 	6 	21 	.222 	-16.97 	-7.59 	6 	10 	0.0	0.0	0.0	0.0	1991 	2221 	0.0	718 	1943 	.370 	222 	781 	.284 	333 	574 	.580 	0.0	1157 	272 	218 	111 	0.0	568
160 	674	29 	22 	7 	.759 	17.22 	7.07 	12 	4 	0.0	0.0	0.0	0.0	2334 	1974 	0.0	794 	1754 	.453 	204 	544 	.375 	542 	831 	.652 	0.0	1203 	397 	231 	124 	0.0	653
161 	677	27 	9 	18 	.333 	-11.17 	-5.33 	7 	9 	0.0	0.0	0.0	0.0	1842 	1964 	0.0	696 	1593 	.437 	129 	394 	.327 	321 	509 	.631 	0.0	964 	370 	196 	50 	0.0	507
162 	678	32 	16 	16 	.500 	7.44 	3.63 	11 	7 	0.0	0.0	0.0	0.0	2369 	2247 	0.0	809 	1792 	.451 	169 	463 	.365 	582 	791 	.736 	0.0	1180 	515 	253 	92 	0.0	613
163 	676	32 	17 	15 	.531 	6.81 	7.40 	8 	8 	0.0	0.0	0.0	0.0	2280 	2299 	0.0	791 	1871 	.423 	214 	580 	.369 	484 	691 	.700 	0.0	1190 	455 	257 	91 	0.0	600
164 	679	27 	4 	23 	.148 	-16.37 	-4.22 	3 	13 	0.0	0.0	0.0	0.0	1624 	1952 	0.0	602 	1419 	.424 	195 	506 	.385 	225 	337 	.668 	0.0	742 	385 	211 	41 	0.0	431
165 	681	30 	19 	11 	.633 	2.75 	-3.97 	9 	7 	0.0	0.0	0.0	0.0	2400 	2096 	0.0	859 	1800 	.477 	243 	652 	.373 	439 	572 	.767 	0.0	1100 	624 	207 	78 	0.0	547
166 	680	30 	16 	14 	.533 	-3.71 	-3.47 	9 	7 	0.0	0.0	0.0	0.0	2052 	1992 	0.0	715 	1624 	.440 	150 	429 	.350 	472 	621 	.760 	0.0	1089 	410 	241 	57 	0.0	588
167 	682	26 	3 	23 	.115 	-15.15 	-3.85 	2 	16 	0.0	0.0	0.0	0.0	1653 	1947 	0.0	590 	1493 	.395 	126 	404 	.312 	347 	526 	.660 	0.0	960 	347 	206 	58 	0.0	548
168 	683	28 	12 	16 	.429 	-13.93 	-8.90 	11 	7 	0.0	0.0	0.0	0.0	2034 	2177 	0.0	744 	1740 	.428 	157 	509 	.308 	389 	627 	.620 	0.0	984 	389 	314 	144 	0.0	605
169 	686	28 	13 	15 	.464 	-5.00 	-5.60 	8 	8 	0.0	0.0	0.0	0.0	2000 	1983 	0.0	733 	1725 	.425 	210 	617 	.340 	324 	498 	.651 	0.0	1021 	435 	228 	116 	0.0	521
170 	687	33 	29 	4 	.879 	6.82 	-6.35 	16 	2 	0.0	0.0	0.0	0.0	2862 	2334 	0.0	1037 	2070 	.501 	205 	516 	.397 	583 	862 	.676 	0.0	1305 	540 	222 	114 	0.0	640
171 	692	30 	19 	11 	.633 	-3.78 	-7.49 	10 	2 	0.0	0.0	0.0	0.0	2132 	1941 	0.0	777 	1792 	.434 	99 	333 	.297 	479 	725 	.661 	0.0	1205 	414 	282 	97 	0.0	633
172 	698	32 	20 	12 	.625 	8.70 	5.63 	10 	6 	0.0	0.0	0.0	0.0	2290 	2192 	0.0	867 	1938 	.447 	150 	436 	.344 	406 	649 	.626 	0.0	1263 	511 	319 	156 	0.0	583
173 	817	33 	20 	13 	.606 	7.40 	5.31 	7 	7 	0.0	0.0	0.0	0.0	2292 	2197 	0.0	766 	1815 	.422 	194 	564 	.344 	566 	863 	.656 	0.0	1267 	432 	196 	109 	0.0	587
174 	699	28 	16 	12 	.571 	0.76 	0.69 	11 	5 	0.0	0.0	0.0	0.0	2156 	2119 	0.0	748 	1569 	.477 	179 	518 	.346 	481 	656 	.733 	0.0	967 	471 	192 	68 	0.0	531
175 	700	27 	10 	17 	.370 	-10.28 	-4.54 	6 	12 	0.0	0.0	0.0	0.0	1767 	1889 	0.0	621 	1445 	.430 	166 	466 	.356 	359 	518 	.693 	0.0	911 	367 	150 	83 	0.0	610
176 	702	30 	18 	12 	.600 	3.74 	0.05 	8 	8 	0.0	0.0	0.0	0.0	2250 	2069 	0.0	794 	1743 	.456 	228 	608 	.375 	434 	652 	.666 	0.0	1145 	409 	182 	87 	0.0	488
177 	701	32 	24 	8 	.750 	14.89 	5.08 	11 	3 	0.0	0.0	0.0	0.0	2423 	2109 	0.0	846 	1793 	.472 	301 	748 	.402 	430 	568 	.757 	0.0	1097 	529 	225 	117 	0.0	453
178 	703	27 	15 	12 	.556 	-0.88 	-2.99 	9 	9 	0.0	0.0	0.0	0.0	1870 	1813 	0.0	655 	1456 	.450 	142 	403 	.352 	418 	611 	.684 	0.0	968 	381 	199 	106 	0.0	515
179 	704	27 	14 	13 	.519 	0.52 	-1.41 	10 	8 	0.0	0.0	0.0	0.0	1953 	1901 	0.0	683 	1422 	.480 	125 	337 	.371 	462 	636 	.726 	0.0	946 	419 	156 	80 	0.0	548
180 	705	29 	19 	10 	.655 	-5.35 	-5.95 	15 	1 	0.0	0.0	0.0	0.0	2228 	2194 	0.0	798 	1736 	.460 	157 	482 	.326 	475 	685 	.693 	0.0	962 	482 	298 	89 	0.0	582
181 	707	27 	6 	21 	.222 	-16.23 	-5.71 	0 	0 	0.0	0.0	0.0	0.0	1783 	2047 	0.0	661 	1616 	.409 	102 	300 	.340 	359 	550 	.653 	0.0	980 	267 	246 	98 	0.0	565
182 	814	28 	19 	9 	.679 	-4.22 	-5.90 	11 	1 	0.0	0.0	0.0	0.0	2002 	1872 	0.0	707 	1542 	.458 	119 	358 	.332 	469 	728 	.644 	0.0	1081 	392 	240 	165 	0.0	488
183 	693	27 	8 	19 	.296 	-17.99 	-10.99 	7 	11 	0.0	0.0	0.0	0.0	1849 	2027 	0.0	639 	1529 	.418 	187 	532 	.352 	384 	604 	.636 	0.0	948 	314 	157 	63 	0.0	592
184 	815	28 	9 	19 	.321 	-12.68 	-4.44 	6 	9 	0.0	0.0	0.0	0.0	1783 	1986 	0.0	654 	1531 	.427 	124 	370 	.335 	351 	499 	.703 	0.0	1011 	353 	159 	60 	0.0	544
185 	695	32 	17 	15 	.531 	10.84 	8.53 	5 	11 	0.0	0.0	0.0	0.0	2062 	1988 	0.0	712 	1634 	.436 	199 	535 	.372 	439 	613 	.716 	0.0	883 	407 	237 	92 	0.0	583
186 	816	31 	20 	11 	.645 	0.41 	-0.08 	13 	3 	0.0	0.0	0.0	0.0	1920 	1905 	0.0	691 	1660 	.416 	179 	488 	.367 	359 	539 	.666 	0.0	984 	404 	222 	48 	0.0	576
187 	708	38 	34 	4 	.895 	26.67 	10.38 	13 	3 	0.0	0.0	0.0	0.0	3113 	2494 	0.0	1131 	2184 	.518 	185 	511 	.362 	666 	937 	.711 	0.0	1512 	699 	259 	188 	0.0	533
188 	711	26 	5 	21 	.192 	-9.91 	4.02 	4 	12 	0.0	0.0	0.0	0.0	1992 	2354 	0.0	699 	1917 	.365 	250 	789 	.317 	344 	491 	.701 	0.0	981 	295 	303 	58 	0.0	539
189 	696	25 	6 	19 	.240 	-21.26 	-6.00 	3 	13 	0.0	0.0	0.0	0.0	1733 	2037 	0.0	598 	1481 	.404 	160 	482 	.332 	377 	544 	.693 	0.0	865 	331 	204 	55 	0.0	576
190 	712	28 	14 	14 	.500 	-6.59 	-5.34 	9 	9 	0.0	0.0	0.0	0.0	1890 	1925 	0.0	670 	1614 	.415 	142 	401 	.354 	408 	572 	.713 	0.0	998 	310 	212 	66 	0.0	570
191 	713	29 	21 	8 	.724 	6.45 	-5.19 	13 	3 	0.0	0.0	0.0	0.0	2326 	1954 	0.0	806 	1577 	.511 	254 	591 	.430 	460 	627 	.734 	0.0	982 	524 	226 	83 	0.0	556
192 	690	26 	10 	16 	.385 	-3.91 	-1.87 	6 	12 	0.0	0.0	0.0	0.0	1764 	1770 	0.0	635 	1504 	.422 	121 	370 	.327 	373 	557 	.670 	0.0	984 	332 	190 	61 	0.0	514
193 	714	27 	10 	17 	.370 	-0.99 	0.16 	4 	14 	0.0	0.0	0.0	0.0	1869 	1900 	0.0	667 	1673 	.399 	194 	568 	.342 	341 	516 	.661 	0.0	1040 	371 	201 	105 	0.0	557
194 	716	27 	13 	14 	.481 	-10.07 	-7.79 	10 	6 	0.0	0.0	0.0	0.0	1993 	1998 	0.0	696 	1547 	.450 	150 	410 	.366 	451 	670 	.673 	0.0	965 	412 	220 	48 	0.0	672
195 	715	27 	10 	17 	.370 	2.33 	5.59 	3 	13 	0.0	0.0	0.0	0.0	1636 	1724 	0.0	570 	1203 	.474 	142 	375 	.379 	354 	579 	.611 	0.0	903 	407 	107 	45 	0.0	478
196 	717	27 	13 	14 	.481 	5.54 	6.28 	7 	11 	0.0	0.0	0.0	0.0	1896 	1916 	0.0	676 	1514 	.446 	169 	461 	.367 	375 	562 	.667 	0.0	1051 	460 	181 	76 	0.0	477
197 	720	30 	8 	22 	.267 	1.82 	8.72 	1 	15 	0.0	0.0	0.0	0.0	1978 	2185 	0.0	743 	1670 	.445 	143 	458 	.312 	349 	607 	.575 	0.0	960 	423 	191 	93 	0.0	530
198 	719	26 	5 	21 	.192 	-11.06 	2.44 	3 	15 	0.0	0.0	0.0	0.0	1663 	2014 	0.0	596 	1452 	.410 	117 	399 	.293 	354 	558 	.634 	0.0	961 	326 	122 	60 	0.0	556
199 	722	29 	22 	7 	.759 	14.29 	4.63 	11 	5 	0.0	0.0	0.0	0.0	2288 	2008 	0.0	813 	1741 	.467 	167 	504 	.331 	495 	703 	.704 	0.0	1069 	493 	249 	52 	0.0	497
200 	721	33 	22 	11 	.667 	9.40 	4.18 	11 	5 	0.0	0.0	0.0	0.0	2462 	2253 	0.0	829 	1860 	.446 	182 	518 	.351 	622 	887 	.701 	0.0	1260 	477 	245 	139 	0.0	651
201 	723	28 	12 	16 	.429 	-2.70 	-0.67 	8 	8 	0.0	0.0	0.0	0.0	1738 	1795 	0.0	617 	1475 	.418 	179 	478 	.374 	325 	528 	.616 	0.0	1050 	379 	158 	167 	0.0	482
202 	724	31 	19 	12 	.613 	0.35 	-4.94 	12 	4 	0.0	0.0	0.0	0.0	2485 	2234 	0.0	890 	1848 	.482 	268 	667 	.402 	437 	671 	.651 	0.0	1194 	559 	265 	97 	0.0	517
203 	726	30 	13 	17 	.433 	4.79 	6.25 	3 	15 	0.0	0.0	0.0	0.0	2121 	2094 	0.0	775 	1683 	.460 	155 	472 	.328 	416 	690 	.603 	0.0	1068 	433 	247 	102 	0.0	651
204 	725	27 	13 	14 	.481 	6.03 	7.26 	8 	10 	0.0	0.0	0.0	0.0	1859 	1893 	0.0	645 	1488 	.433 	189 	506 	.374 	380 	560 	.679 	0.0	880 	393 	174 	92 	0.0	530
205 	727	33 	23 	10 	.697 	8.51 	-0.56 	14 	2 	0.0	0.0	0.0	0.0	2411 	2086 	0.0	841 	1692 	.497 	236 	610 	.387 	493 	802 	.615 	0.0	1218 	565 	146 	130 	0.0	541
206 	729	32 	19 	13 	.594 	10.48 	6.41 	8 	8 	0.0	0.0	0.0	0.0	2334 	2204 	0.0	821 	1735 	.473 	222 	624 	.356 	470 	635 	.740 	0.0	1012 	513 	228 	180 	0.0	561
207 	728	29 	17 	12 	.586 	-0.64 	-2.84 	10 	4 	0.0	0.0	0.0	0.0	2075 	2011 	0.0	717 	1571 	.456 	224 	528 	.424 	417 	611 	.682 	0.0	940 	408 	165 	48 	0.0	538
208 	730	27 	17 	10 	.630 	4.92 	0.99 	9 	5 	0.0	0.0	0.0	0.0	1885 	1779 	0.0	694 	1494 	.465 	144 	404 	.356 	353 	529 	.667 	0.0	955 	405 	200 	75 	0.0	491
209 	731	27 	11 	16 	.407 	2.66 	5.96 	6 	12 	0.0	0.0	0.0	0.0	1987 	2076 	0.0	745 	1678 	.444 	157 	487 	.322 	340 	495 	.687 	0.0	979 	396 	241 	133 	0.0	502
210 	732	27 	14 	13 	.519 	-3.26 	0.30 	7 	7 	0.0	0.0	0.0	0.0	1822 	1821 	0.0	660 	1547 	.427 	147 	430 	.342 	355 	557 	.637 	0.0	932 	335 	235 	62 	0.0	533
211 	734	30 	13 	17 	.433 	-17.13 	-6.21 	6 	10 	0.0	0.0	0.0	0.0	2175 	2404 	0.0	778 	1961 	.397 	123 	461 	.267 	496 	824 	.602 	0.0	1249 	316 	276 	83 	0.0	659
212 	736	29 	27 	2 	.931 	11.55 	-3.60 	14 	0 	0.0	0.0	0.0	0.0	1928 	1495 	0.0	684 	1374 	.498 	265 	681 	.389 	295 	438 	.674 	0.0	771 	478 	245 	78 	0.0	453
213 	737	29 	13 	16 	.448 	7.09 	7.78 	7 	11 	0.0	0.0	0.0	0.0	1896 	1916 	0.0	660 	1585 	.416 	131 	437 	.300 	445 	635 	.701 	0.0	961 	393 	249 	85 	0.0	589
214 	738	36 	28 	8 	.778 	20.68 	9.23 	12 	4 	0.0	0.0	0.0	0.0	3014 	2602 	0.0	1057 	2185 	.484 	243 	650 	.374 	657 	864 	.760 	0.0	1128 	680 	313 	137 	0.0	586
215 	740	30 	20 	10 	.667 	-5.03 	-8.69 	10 	2 	0.0	0.0	0.0	0.0	2271 	2162 	0.0	803 	1710 	.470 	244 	636 	.384 	421 	611 	.689 	0.0	1049 	505 	237 	92 	0.0	617
216 	741	34 	25 	9 	.735 	12.58 	6.43 	12 	4 	0.0	0.0	0.0	0.0	2642 	2433 	0.0	923 	2045 	.451 	258 	689 	.374 	538 	759 	.709 	0.0	1247 	511 	248 	161 	0.0	600
217 	742	28 	6 	22 	.214 	-2.16 	5.69 	3 	11 	0.0	0.0	0.0	0.0	1772 	1962 	0.0	647 	1584 	.408 	157 	461 	.341 	321 	506 	.634 	0.0	1020 	403 	158 	73 	0.0	537
218 	743	31 	23 	8 	.742 	6.35 	-1.68 	12 	4 	0.0	0.0	0.0	0.0	2169 	1920 	0.0	771 	1691 	.456 	241 	605 	.398 	386 	553 	.698 	0.0	993 	438 	189 	97 	0.0	449
219 	744	28 	18 	10 	.643 	1.27 	-3.31 	12 	6 	0.0	0.0	0.0	0.0	1972 	1844 	0.0	690 	1469 	.470 	149 	432 	.345 	443 	637 	.695 	0.0	982 	412 	201 	85 	0.0	569
220 	745	27 	8 	19 	.296 	-12.28 	-6.12 	4 	12 	0.0	0.0	0.0	0.0	1702 	1850 	0.0	632 	1516 	.417 	107 	346 	.309 	331 	492 	.673 	0.0	992 	392 	152 	34 	0.0	533
221 	746	29 	14 	15 	.483 	9.47 	6.74 	6 	12 	0.0	0.0	0.0	0.0	2007 	1928 	0.0	683 	1538 	.444 	189 	535 	.353 	452 	661 	.684 	0.0	1012 	441 	231 	101 	0.0	522
222 	566	26 	1 	25 	.038 	-22.40 	-2.05 	0 	16 	0.0	0.0	0.0	0.0	1517 	2017 	0.0	577 	1435 	.402 	113 	387 	.292 	250 	450 	.556 	0.0	915 	294 	121 	51 	0.0	500
223 	777	27 	17 	10 	.630 	-4.81 	-7.46 	10 	6 	0.0	0.0	0.0	0.0	1872 	1799 	0.0	640 	1424 	.449 	134 	378 	.354 	458 	634 	.722 	0.0	1040 	387 	176 	94 	0.0	494
224 	779	28 	11 	17 	.393 	1.57 	5.46 	3 	13 	0.0	0.0	0.0	0.0	1872 	1981 	0.0	648 	1582 	.410 	204 	600 	.340 	372 	551 	.675 	0.0	1026 	368 	139 	73 	0.0	534
225 	780	33 	22 	11 	.667 	9.48 	5.51 	11 	5 	0.0	0.0	0.0	0.0	2221 	2090 	0.0	768 	1782 	.431 	183 	517 	.354 	502 	758 	.662 	0.0	1062 	453 	291 	73 	0.0	618
226 	781	26 	11 	15 	.423 	-2.55 	1.73 	7 	7 	0.0	0.0	0.0	0.0	1955 	2058 	0.0	635 	1495 	.425 	229 	613 	.374 	456 	624 	.731 	0.0	951 	336 	133 	40 	0.0	496
227 	782	27 	8 	19 	.296 	-6.18 	-2.84 	4 	14 	0.0	0.0	0.0	0.0	1862 	1952 	0.0	686 	1575 	.436 	90 	306 	.294 	400 	613 	.653 	0.0	1032 	358 	180 	74 	0.0	571
228 	751	26 	9 	17 	.346 	-10.98 	-6.40 	7 	9 	0.0	0.0	0.0	0.0	1805 	1924 	0.0	631 	1392 	.453 	161 	467 	.345 	382 	516 	.740 	0.0	827 	421 	151 	52 	0.0	464
229 	752	27 	14 	13 	.519 	-9.51 	-10.34 	9 	7 	0.0	0.0	0.0	0.0	1860 	1808 	0.0	623 	1346 	.463 	194 	569 	.341 	420 	580 	.724 	0.0	863 	385 	134 	76 	0.0	476
230 	754	28 	13 	15 	.464 	-1.21 	3.27 	5 	9 	0.0	0.0	0.0	0.0	1939 	2050 	0.0	661 	1602 	.413 	175 	580 	.302 	442 	670 	.660 	0.0	999 	326 	221 	72 	0.0	500
231 	753	28 	14 	14 	.500 	-1.15 	0.70 	5 	9 	0.0	0.0	0.0	0.0	1973 	1979 	0.0	681 	1438 	.474 	158 	420 	.376 	453 	624 	.726 	0.0	885 	407 	187 	62 	0.0	451
232 	755	30 	19 	11 	.633 	7.97 	1.48 	7 	7 	0.0	0.0	0.0	0.0	2197 	1989 	0.0	816 	1749 	.467 	179 	518 	.346 	386 	551 	.701 	0.0	1075 	468 	258 	81 	0.0	601
233 	756	26 	3 	23 	.115 	-12.42 	4.70 	1 	13 	0.0	0.0	0.0	0.0	1551 	1995 	0.0	571 	1528 	.374 	109 	349 	.312 	300 	442 	.679 	0.0	886 	339 	115 	63 	0.0	444
234 	758	28 	18 	10 	.643 	6.83 	2.31 	8 	6 	0.0	0.0	0.0	0.0	2050 	1903 	0.0	706 	1696 	.416 	169 	488 	.346 	469 	688 	.682 	0.0	1063 	389 	232 	72 	0.0	581
235 	764	30 	15 	15 	.500 	6.24 	7.73 	9 	9 	0.0	0.0	0.0	0.0	2028 	2061 	0.0	712 	1787 	.398 	234 	730 	.321 	370 	523 	.707 	0.0	1080 	396 	228 	72 	0.0	521
236 	766	29 	17 	12 	.586 	0.30 	-2.95 	10 	8 	0.0	0.0	0.0	0.0	2417 	2323 	0.0	801 	1827 	.438 	241 	636 	.379 	574 	715 	.803 	0.0	1159 	490 	307 	105 	0.0	688
237 	768	28 	21 	7 	.750 	7.56 	-2.94 	14 	4 	0.0	0.0	0.0	0.0	1820 	1526 	0.0	665 	1371 	.485 	129 	324 	.398 	361 	559 	.646 	0.0	952 	424 	189 	83 	0.0	456
238 	747	30 	22 	8 	.733 	-5.68 	-10.23 	16 	2 	0.0	0.0	0.0	0.0	2231 	2099 	0.0	766 	1657 	.462 	174 	437 	.398 	525 	767 	.684 	0.0	1085 	320 	219 	129 	0.0	606
239 	769	31 	23 	8 	.742 	12.51 	8.77 	11 	5 	0.0	0.0	0.0	0.0	2211 	2088 	0.0	739 	1669 	.443 	178 	534 	.333 	555 	802 	.692 	0.0	1164 	391 	183 	117 	0.0	486
240 	771	30 	17 	13 	.567 	2.69 	3.16 	7 	9 	0.0	0.0	0.0	0.0	1974 	1988 	0.0	672 	1709 	.393 	158 	548 	.288 	472 	719 	.656 	0.0	1094 	380 	297 	90 	0.0	647
241 	762	27 	14 	13 	.519 	-6.65 	-5.53 	10 	8 	0.0	0.0	0.0	0.0	1976 	1939 	0.0	699 	1542 	.453 	208 	575 	.362 	370 	528 	.701 	0.0	933 	409 	160 	74 	0.0	454
242 	761	26 	6 	20 	.231 	-18.74 	-8.91 	2 	14 	0.0	0.0	0.0	0.0	2065 	2230 	0.0	758 	1713 	.442 	227 	633 	.359 	322 	487 	.661 	0.0	967 	431 	184 	58 	0.0	589
243 	818	28 	9 	19 	.321 	2.13 	7.49 	5 	13 	0.0	0.0	0.0	0.0	2101 	2251 	0.0	758 	1763 	.430 	228 	610 	.374 	357 	558 	.640 	0.0	1037 	391 	236 	122 	0.0	586
244 	749	32 	14 	18 	.438 	1.79 	2.31 	8 	10 	0.0	0.0	0.0	0.0	2266 	2258 	0.0	816 	1903 	.429 	243 	656 	.370 	391 	584 	.670 	0.0	1276 	448 	201 	66 	0.0	546
245 	767	28 	18 	10 	.643 	5.63 	0.45 	6 	8 	0.0	0.0	0.0	0.0	2141 	1967 	0.0	740 	1745 	.424 	202 	588 	.344 	459 	670 	.685 	0.0	1130 	359 	198 	86 	0.0	443
246 	772	33 	22 	11 	.667 	8.93 	2.43 	9 	7 	0.0	0.0	0.0	0.0	2283 	2057 	0.0	809 	1717 	.471 	131 	362 	.362 	534 	772 	.692 	0.0	1171 	476 	199 	123 	0.0	597
247 	774	27 	7 	20 	.259 	-13.89 	-5.41 	4 	12 	0.0	0.0	0.0	0.0	1861 	2052 	0.0	646 	1575 	.410 	140 	492 	.285 	429 	617 	.695 	0.0	928 	347 	214 	126 	0.0	598
248 	773	27 	14 	13 	.519 	-7.85 	-11.15 	10 	6 	0.0	0.0	0.0	0.0	2333 	2169 	0.0	825 	1806 	.457 	161 	470 	.343 	522 	802 	.651 	0.0	1056 	369 	298 	84 	0.0	636
249 	775	32 	17 	15 	.531 	4.12 	3.43 	6 	10 	0.0	0.0	0.0	0.0	2104 	2082 	0.0	744 	1754 	.424 	135 	471 	.287 	481 	753 	.639 	0.0	1193 	369 	276 	164 	0.0	577
250 	776	27 	15 	12 	.556 	-5.54 	-6.88 	10 	6 	0.0	0.0	0.0	0.0	1929 	1879 	0.0	673 	1606 	.419 	170 	524 	.324 	413 	622 	.664 	0.0	1027 	379 	251 	86 	0.0	604
251 	778	32 	22 	10 	.688 	11.28 	6.77 	13 	5 	0.0	0.0	0.0	0.0	2333 	2181 	0.0	820 	1870 	.439 	145 	450 	.322 	548 	855 	.641 	0.0	1353 	464 	239 	130 	0.0	619
252 	783	35 	30 	5 	.857 	19.00 	8.18 	15 	3 	0.0	0.0	0.0	0.0	2807 	2390 	0.0	947 	2080 	.455 	262 	642 	.408 	651 	882 	.738 	0.0	1444 	569 	183 	111 	0.0	640
253 	765	26 	10 	16 	.385 	-14.37 	-6.29 	6 	10 	0.0	0.0	0.0	0.0	1859 	2032 	0.0	656 	1515 	.433 	133 	422 	.315 	414 	600 	.690 	0.0	889 	378 	230 	55 	0.0	505
254 	784	26 	11 	15 	.423 	-12.30 	-8.25 	8 	8 	0.0	0.0	0.0	0.0	1815 	1898 	0.0	616 	1446 	.426 	133 	391 	.340 	450 	644 	.699 	0.0	941 	329 	143 	42 	0.0	505
255 	786	35 	26 	9 	.743 	11.86 	7.98 	12 	6 	0.0	0.0	0.0	0.0	2481 	2345 	0.0	867 	1993 	.435 	199 	604 	.329 	548 	811 	.676 	0.0	1330 	554 	334 	198 	0.0	600
256 	789	30 	21 	9 	.700 	12.50 	7.50 	13 	3 	0.0	0.0	0.0	0.0	1970 	1820 	0.0	668 	1661 	.402 	216 	660 	.327 	418 	618 	.676 	0.0	1037 	338 	321 	130 	0.0	482
257 	797	27 	7 	20 	.259 	-16.71 	-4.36 	5 	13 	0.0	0.0	0.0	0.0	1709 	2002 	0.0	628 	1429 	.439 	144 	422 	.341 	309 	474 	.652 	0.0	856 	374 	202 	87 	0.0	401
258 	791	29 	13 	16 	.448 	-9.34 	-5.71 	8 	10 	0.0	0.0	0.0	0.0	2065 	2051 	0.0	734 	1804 	.407 	248 	688 	.360 	349 	526 	.663 	0.0	1117 	378 	201 	95 	0.0	620
259 	792	30 	9 	21 	.300 	-18.50 	-6.38 	5 	13 	0.0	0.0	0.0	0.0	1974 	2269 	0.0	776 	1848 	.420 	120 	451 	.266 	302 	504 	.599 	0.0	1147 	418 	251 	145 	0.0	545
260 	790	29 	20 	9 	.690 	11.15 	5.91 	9 	7 	0.0	0.0	0.0	0.0	2200 	2048 	0.0	757 	1776 	.426 	207 	547 	.378 	479 	745 	.643 	0.0	1128 	392 	240 	174 	0.0	584
261 	794	27 	7 	20 	.259 	0.02 	2.36 	1 	15 	0.0	0.0	0.0	0.0	2026 	2089 	0.0	761 	1781 	.427 	127 	413 	.308 	377 	651 	.579 	0.0	1096 	462 	288 	94 	0.0	581
262 	819	29 	13 	16 	.448 	-11.37 	-7.52 	8 	8 	0.0	0.0	0.0	0.0	2078 	2150 	0.0	737 	1685 	.437 	188 	554 	.339 	416 	603 	.690 	0.0	1032 	425 	197 	51 	0.0	529
263 	788	33 	27 	6 	.818 	22.13 	2.54 	14 	0 	0.0	0.0	0.0	0.0	3209 	2570 	0.0	1220 	2463 	.495 	210 	572 	.367 	559 	763 	.733 	0.0	1466 	651 	365 	131 	0.0	602
264 	824	26 	12 	14 	.462 	0.51 	2.93 	3 	11 	0.0	0.0	0.0	0.0	1670 	1709 	0.0	580 	1411 	.411 	127 	413 	.308 	383 	587 	.652 	0.0	948 	313 	150 	80 	0.0	504
265 	803	27 	3 	24 	.111 	-18.48 	0.93 	3 	15 	0.0	0.0	0.0	0.0	1951 	2475 	0.0	716 	1744 	.411 	185 	640 	.289 	334 	526 	.635 	0.0	841 	393 	277 	35 	0.0	546
266 	820	27 	16 	11 	.593 	-5.94 	-9.78 	10 	6 	0.0	0.0	0.0	0.0	2050 	1953 	0.0	733 	1603 	.457 	162 	499 	.325 	422 	683 	.618 	0.0	1053 	406 	218 	116 	0.0	560
267 	804	31 	15 	16 	.484 	-9.82 	-7.34 	12 	4 	0.0	0.0	0.0	0.0	2328 	2357 	0.0	796 	1931 	.412 	209 	694 	.301 	527 	775 	.680 	0.0	1197 	460 	240 	55 	0.0	670
268 	795	28 	17 	11 	.607 	-5.68 	-8.24 	10 	6 	0.0	0.0	0.0	0.0	2038 	1951 	0.0	717 	1563 	.459 	118 	348 	.339 	486 	666 	.730 	0.0	1109 	384 	197 	68 	0.0	596
269 	796	27 	13 	14 	.481 	4.05 	5.34 	7 	9 	0.0	0.0	0.0	0.0	2088 	2123 	0.0	714 	1585 	.450 	208 	559 	.372 	452 	652 	.693 	0.0	984 	393 	169 	81 	0.0	517
270 	793	31 	14 	17 	.452 	4.53 	6.46 	6 	10 	0.0	0.0	0.0	0.0	2463 	2523 	0.0	865 	2006 	.431 	236 	717 	.329 	497 	731 	.680 	0.0	1250 	439 	229 	203 	0.0	681
271 	798	27 	15 	12 	.556 	4.55 	0.21 	10 	8 	0.0	0.0	0.0	0.0	1906 	1749 	0.0	632 	1506 	.420 	170 	515 	.330 	472 	677 	.697 	0.0	1066 	338 	199 	69 	0.0	498
272 	799	28 	8 	20 	.286 	-5.97 	-3.69 	4 	14 	0.0	0.0	0.0	0.0	1784 	1848 	0.0	620 	1397 	.444 	169 	446 	.379 	375 	551 	.681 	0.0	884 	361 	225 	56 	0.0	517
273 	800	27 	7 	20 	.259 	-23.08 	-9.88 	5 	11 	0.0	0.0	0.0	0.0	1913 	2201 	0.0	694 	1847 	.376 	184 	698 	.264 	341 	515 	.662 	0.0	1095 	317 	244 	91 	0.0	529
274 	801	29 	7 	22 	.241 	-3.42 	2.37 	2 	14 	0.0	0.0	0.0	0.0	1931 	2099 	0.0	686 	1766 	.388 	146 	501 	.291 	413 	667 	.619 	0.0	1153 	370 	275 	155 	0.0	634
275 	802	31 	19 	12 	.613 	6.26 	3.03 	9 	5 	0.0	0.0	0.0	0.0	2115 	2013 	0.0	722 	1658 	.435 	211 	621 	.340 	460 	671 	.686 	0.0	1190 	464 	234 	157 	0.0	599
276 	810	33 	24 	9 	.727 	13.05 	11.01 	12 	6 	0.0	0.0	0.0	0.0	2743 	2654 	0.0	985 	2011 	.490 	169 	490 	.345 	604 	909 	.664 	0.0	1192 	524 	284 	109 	0.0	651
277 	822	33 	25 	8 	.758 	6.37 	1.21 	13 	3 	0.0	0.0	0.0	0.0	2375 	2140 	0.0	856 	1771 	.483 	139 	324 	.429 	524 	747 	.701 	0.0	1174 	352 	183 	68 	0.0	574
278 	821	34 	30 	4 	.882 	17.06 	4.87 	12 	2 	0.0	0.0	0.0	0.0	2381 	1959 	0.0	809 	1685 	.480 	175 	469 	.373 	588 	805 	.730 	0.0	1259 	496 	196 	111 	0.0	619
279 	826	33 	23 	10 	.697 	1.75 	-2.66 	13 	3 	0.0	0.0	0.0	0.0	2440 	2257 	0.0	861 	1831 	.470 	187 	499 	.375 	531 	754 	.704 	0.0	1232 	531 	215 	90 	0.0	643
280 	827	33 	20 	13 	.606 	11.68 	7.02 	7 	9 	0.0	0.0	0.0	0.0	2470 	2316 	0.0	888 	1900 	.467 	199 	572 	.348 	495 	701 	.706 	0.0	1106 	469 	327 	80 	0.0	576
281 	828	27 	16 	11 	.593 	-2.66 	-6.78 	11 	7 	0.0	0.0	0.0	0.0	2005 	1884 	0.0	704 	1629 	.432 	141 	460 	.307 	456 	678 	.673 	0.0	1069 	387 	196 	140 	0.0	540
282 	829	29 	12 	17 	.414 	6.75 	9.06 	8 	10 	0.0	0.0	0.0	0.0	2025 	2092 	0.0	758 	1761 	.430 	211 	638 	.331 	298 	455 	.655 	0.0	1064 	474 	202 	133 	0.0	527
283 	825	28 	9 	19 	.321 	-5.01 	-1.72 	4 	12 	0.0	0.0	0.0	0.0	1787 	1879 	0.0	644 	1549 	.416 	161 	530 	.304 	338 	510 	.663 	0.0	1031 	374 	184 	103 	0.0	470
284 	832	27 	14 	13 	.519 	-11.27 	-5.66 	8 	7 	0.0	0.0	0.0	0.0	2037 	2022 	0.0	734 	1778 	.413 	205 	611 	.336 	364 	555 	.656 	0.0	980 	392 	280 	94 	0.0	508
285 	831	27 	10 	17 	.370 	3.23 	4.67 	5 	11 	0.0	0.0	0.0	0.0	1787 	1826 	0.0	659 	1514 	.435 	139 	417 	.333 	330 	489 	.675 	0.0	965 	344 	166 	115 	0.0	550
286 	830	30 	11 	19 	.367 	6.04 	10.34 	3 	13 	0.0	0.0	0.0	0.0	1972 	2101 	0.0	719 	1637 	.439 	180 	529 	.340 	354 	542 	.653 	0.0	1090 	424 	134 	119 	0.0	588
287 	838	29 	13 	16 	.448 	-11.54 	-7.33 	7 	9 	0.0	0.0	0.0	0.0	2129 	2215 	0.0	773 	1843 	.419 	168 	475 	.354 	415 	658 	.631 	0.0	1138 	459 	265 	97 	0.0	594
288 	839	30 	16 	14 	.533 	9.63 	10.37 	7 	9 	0.0	0.0	0.0	0.0	1974 	1996 	0.0	645 	1594 	.405 	235 	619 	.380 	449 	642 	.699 	0.0	1058 	298 	131 	104 	0.0	506
289 	841	29 	10 	19 	.345 	5.02 	7.82 	3 	15 	0.0	0.0	0.0	0.0	2082 	2087 	0.0	720 	1633 	.441 	159 	428 	.371 	483 	707 	.683 	0.0	1100 	370 	184 	94 	0.0	637
290 	840	30 	20 	10 	.667 	10.32 	8.32 	11 	7 	0.0	0.0	0.0	0.0	2359 	2299 	0.0	843 	1729 	.488 	147 	417 	.353 	526 	758 	.694 	0.0	1066 	463 	196 	114 	0.0	509
291 	842	27 	14 	13 	.519 	-0.21 	-1.13 	12 	4 	0.0	0.0	0.0	0.0	1957 	1925 	0.0	701 	1580 	.444 	170 	486 	.350 	385 	541 	.712 	0.0	971 	387 	217 	34 	0.0	561
292 	843	33 	24 	9 	.727 	16.24 	6.95 	11 	7 	0.0	0.0	0.0	0.0	2647 	2282 	0.0	1027 	2228 	.461 	171 	515 	.332 	422 	688 	.613 	0.0	1325 	523 	407 	116 	0.0	613
293 	833	27 	12 	15 	.444 	-10.69 	-6.36 	6 	9 	0.0	0.0	0.0	0.0	1946 	1979 	0.0	722 	1695 	.426 	150 	468 	.321 	352 	492 	.715 	0.0	961 	425 	216 	45 	0.0	469
294 	834	27 	16 	11 	.593 	-8.14 	-6.70 	11 	5 	0.0	0.0	0.0	0.0	1918 	1896 	0.0	679 	1563 	.434 	174 	452 	.385 	386 	574 	.672 	0.0	1002 	428 	204 	48 	0.0	535
295 	835	29 	10 	19 	.345 	-5.29 	-1.33 	6 	12 	0.0	0.0	0.0	0.0	1905 	2020 	0.0	696 	1626 	.428 	152 	457 	.333 	361 	566 	.638 	0.0	999 	359 	239 	114 	0.0	627
296 	836	29 	21 	8 	.724 	10.29 	1.91 	14 	4 	0.0	0.0	0.0	0.0	2286 	2043 	0.0	800 	1701 	.470 	209 	511 	.409 	477 	639 	.746 	0.0	929 	443 	275 	71 	0.0	553
297 	846	31 	16 	15 	.516 	0.94 	1.88 	11 	7 	0.0	0.0	0.0	0.0	1970 	1999 	0.0	663 	1741 	.381 	191 	654 	.292 	453 	724 	.626 	0.0	1110 	383 	255 	60 	0.0	717
298 	847	27 	20 	7 	.741 	3.31 	-4.00 	13 	3 	0.0	0.0	0.0	0.0	1888 	1668 	0.0	654 	1494 	.438 	187 	526 	.356 	393 	602 	.653 	0.0	978 	395 	215 	122 	0.0	471
299 	848	27 	7 	20 	.259 	-20.04 	-8.54 	4 	8 	0.0	0.0	0.0	0.0	1712 	1911 	0.0	621 	1591 	.390 	155 	550 	.282 	315 	510 	.618 	0.0	952 	357 	218 	80 	0.0	513
300 	849	31 	12 	19 	.387 	7.18 	9.22 	3 	13 	0.0	0.0	0.0	0.0	1877 	1940 	0.0	644 	1579 	.408 	130 	438 	.297 	459 	652 	.704 	0.0	996 	348 	189 	95 	0.0	642
301 	850	27 	9 	18 	.333 	-16.06 	-4.85 	6 	8 	0.0	0.0	0.0	0.0	1746 	1892 	0.0	638 	1620 	.394 	167 	563 	.297 	303 	478 	.634 	0.0	966 	341 	183 	78 	0.0	531
302 	851	28 	10 	18 	.357 	-4.35 	1.50 	3 	11 	0.0	0.0	0.0	0.0	1881 	2010 	0.0	678 	1569 	.432 	107 	346 	.309 	418 	632 	.661 	0.0	1006 	332 	207 	71 	0.0	551
303 	852	28 	19 	9 	.679 	5.49 	1.53 	9 	5 	0.0	0.0	0.0	0.0	1786 	1656 	0.0	558 	1335 	.418 	157 	455 	.345 	513 	713 	.719 	0.0	949 	307 	157 	68 	0.0	553
304 	853	30 	22 	8 	.733 	19.46 	4.76 	11 	5 	0.0	0.0	0.0	0.0	2506 	2065 	0.0	848 	1752 	.484 	170 	487 	.349 	640 	867 	.738 	0.0	1103 	494 	354 	80 	0.0	653
305 	854	26 	12 	14 	.462 	-9.71 	-6.79 	7 	7 	0.0	0.0	0.0	0.0	1693 	1742 	0.0	554 	1279 	.433 	150 	459 	.327 	435 	592 	.735 	0.0	845 	311 	215 	47 	0.0	485
306 	855	29 	20 	9 	.690 	-1.92 	-7.66 	11 	5 	0.0	0.0	0.0	0.0	2098 	1872 	0.0	754 	1713 	.440 	199 	557 	.357 	391 	586 	.667 	0.0	1139 	439 	189 	104 	0.0	497
