1 	502	26 	10 	16 	.385 	-4.00 	2.53 	2 	12 	0.0	0.0	0.0	0.0	1981 	2085 	0.0	629 	1703 	.369 	233 	738 	.316 	490 	700 	.700 	0.0	1175 	281 	209 	79 	0.0	
2 	503	27 	18 	9 	.667 	5.15 	1.11 	12 	6 	0.0	0.0	0.0	0.0	2031 	1905 	0.0	676 	1497 	.452 	160 	439 	.364 	519 	692 	.750 	0.0	980 	386 	217 	69 	0.0	
3 	805	32 	20 	12 	.625 	8.87 	5.40 	10 	6 	0.0	0.0	0.0	0.0	2368 	2257 	0.0	855 	1889 	.453 	155 	480 	.323 	503 	740 	.680 	0.0	1336 	465 	293 	88 	0.0	
4 	506	27 	11 	16 	.407 	-15.31 	-9.83 	8 	8 	0.0	0.0	0.0	0.0	1815 	1891 	0.0	619 	1496 	.414 	124 	397 	.312 	453 	703 	.644 	0.0	1158 	296 	243 	62 	0.0	
5 	504	32 	17 	15 	.531 	5.73 	6.66 	6 	10 	0.0	0.0	0.0	0.0	2144 	2174 	0.0	782 	1810 	.432 	134 	400 	.335 	446 	626 	.712 	0.0	1321 	383 	233 	115 	0.0	
6 	508	30 	23 	7 	.767 	-2.88 	-10.48 	14 	2 	0.0	0.0	0.0	0.0	2274 	2007 	0.0	796 	1902 	.419 	186 	576 	.323 	496 	772 	.642 	0.0	1473 	404 	329 	118 	0.0	
7 	509	28 	7 	21 	.250 	-8.95 	-1.60 	2 	14 	0.0	0.0	0.0	0.0	1805 	1951 	0.0	663 	1694 	.391 	119 	400 	.298 	360 	566 	.636 	0.0	1132 	322 	235 	100 	0.0	
8 	510	29 	21 	8 	.724 	-0.48 	-5.32 	13 	3 	0.0	0.0	0.0	0.0	2168 	1916 	0.0	776 	1661 	.467 	137 	371 	.369 	479 	714 	.671 	0.0	1178 	465 	307 	102 	0.0	
9 	512	30 	14 	16 	.467 	9.04 	8.25 	6 	12 	0.0	0.0	0.0	0.0	2236 	2167 	0.0	804 	1820 	.442 	177 	532 	.333 	451 	648 	.696 	0.0	1195 	512 	249 	77 	0.0	
10 	511	29 	22 	7 	.759 	15.28 	8.31 	13 	5 	0.0	0.0	0.0	0.0	2383 	2181 	0.0	820 	1754 	.468 	143 	409 	.350 	600 	845 	.710 	0.0	1342 	419 	213 	93 	0.0	
11 	513	27 	12 	15 	.444 	-7.74 	-2.94 	5 	9 	0.0	0.0	0.0	0.0	1790 	1904 	0.0	648 	1391 	.466 	174 	458 	.380 	320 	463 	.691 	0.0	899 	343 	128 	62 	0.0	
12 	514	27 	3 	24 	.111 	-27.20 	-8.07 	1 	15 	0.0	0.0	0.0	0.0	1793 	2211 	0.0	685 	1760 	.389 	119 	448 	.266 	304 	514 	.591 	0.0	1139 	331 	245 	94 	0.0	
13 	516	30 	18 	12 	.600 	3.31 	-0.72 	9 	5 	0.0	0.0	0.0	0.0	2206 	2061 	0.0	798 	1748 	.457 	159 	488 	.326 	451 	655 	.689 	0.0	1125 	447 	265 	103 	0.0	
14 	515	34 	23 	11 	.676 	12.83 	6.01 	9 	7 	0.0	0.0	0.0	0.0	2675 	2443 	0.0	980 	2206 	.444 	296 	808 	.366 	419 	632 	.663 	0.0	1391 	563 	332 	147 	0.0	
15 	517	27 	8 	19 	.296 	-22.35 	-6.51 	4 	8 	0.0	0.0	0.0	0.0	1615 	1968 	0.0	570 	1460 	.390 	133 	413 	.322 	342 	477 	.717 	0.0	906 	304 	207 	70 	0.0	
16 	518	33 	29 	4 	.879 	24.54 	4.93 	14 	2 	0.0	0.0	0.0	0.0	2680 	2033 	0.0	974 	2245 	.434 	234 	672 	.348 	498 	766 	.650 	0.0	1601 	461 	327 	112 	0.0	
17 	519	27 	11 	16 	.407 	-7.86 	-4.94 	9 	9 	0.0	0.0	0.0	0.0	1959 	2037 	0.0	711 	1547 	.460 	168 	491 	.342 	369 	557 	.662 	0.0	1041 	370 	186 	93 	0.0	
18 	520	27 	16 	11 	.593 	1.57 	1.38 	10 	8 	0.0	0.0	0.0	0.0	1798 	1760 	0.0	634 	1548 	.410 	147 	434 	.339 	381 	583 	.654 	0.0	1061 	321 	209 	79 	0.0	
19 	521	30 	6 	24 	.200 	-5.64 	3.46 	0 	16 	0.0	0.0	0.0	0.0	1846 	2107 	0.0	644 	1703 	.378 	163 	565 	.288 	395 	602 	.656 	0.0	1192 	308 	217 	104 	0.0	
20 	523	27 	11 	16 	.407 	-12.37 	-9.08 	10 	9 	0.0	0.0	0.0	0.0	1791 	1879 	0.0	634 	1440 	.440 	107 	366 	.292 	416 	600 	.693 	0.0	992 	365 	214 	71 	0.0	
21 	526	29 	21 	8 	.724 	2.86 	-3.25 	12 	4 	0.0	0.0	0.0	0.0	1987 	1790 	0.0	682 	1478 	.461 	172 	468 	.368 	451 	635 	.710 	0.0	964 	387 	277 	91 	0.0	
22 	527	27 	6 	21 	.222 	-1.22 	7.78 	3 	15 	0.0	0.0	0.0	0.0	1689 	1932 	0.0	622 	1521 	.409 	155 	462 	.335 	290 	438 	.662 	0.0	922 	314 	260 	70 	0.0	
23 	528	27 	9 	18 	.333 	-9.35 	-6.09 	5 	13 	0.0	0.0	0.0	0.0	1736 	1824 	0.0	608 	1476 	.412 	161 	482 	.334 	359 	568 	.632 	0.0	1057 	383 	185 	52 	0.0	
24 	529	28 	18 	10 	.643 	6.89 	2.43 	12 	6 	0.0	0.0	0.0	0.0	1980 	1824 	0.0	691 	1506 	.459 	132 	406 	.325 	466 	642 	.726 	0.0	1006 	380 	252 	84 	0.0	
25 	530	29 	17 	12 	.586 	6.82 	5.13 	11 	7 	0.0	0.0	0.0	0.0	1824 	1775 	0.0	616 	1437 	.429 	173 	468 	.370 	419 	606 	.691 	0.0	1030 	337 	249 	113 	0.0	
26 	536	28 	12 	16 	.429 	2.65 	4.29 	6 	8 	0.0	0.0	0.0	0.0	2009 	2055 	0.0	671 	1487 	.451 	176 	474 	.371 	491 	677 	.725 	0.0	1097 	359 	188 	87 	0.0	
27 	531	26 	4 	22 	.154 	-18.99 	-7.26 	2 	12 	0.0	0.0	0.0	0.0	1578 	1883 	0.0	550 	1350 	.407 	143 	446 	.321 	335 	447 	.749 	0.0	823 	292 	149 	46 	0.0	
28 	533	29 	16 	13 	.552 	-5.30 	-7.82 	9 	3 	0.0	0.0	0.0	0.0	1939 	1779 	0.0	673 	1529 	.440 	164 	511 	.321 	429 	642 	.668 	0.0	1133 	409 	239 	117 	0.0	
29 	534	29 	5 	24 	.172 	-15.04 	0.54 	1 	17 	0.0	0.0	0.0	0.0	1709 	2141 	0.0	605 	1637 	.370 	148 	531 	.279 	351 	522 	.672 	0.0	1124 	373 	191 	105 	0.0	
30 	535	32 	22 	10 	.688 	5.04 	1.40 	11 	3 	0.0	0.0	0.0	0.0	2032 	1921 	0.0	690 	1569 	.440 	123 	380 	.324 	529 	767 	.690 	0.0	1151 	440 	231 	57 	0.0	
31 	538	27 	11 	16 	.407 	-7.06 	-3.90 	6 	10 	0.0	0.0	0.0	0.0	2293 	2298 	0.0	785 	1801 	.436 	255 	724 	.352 	468 	639 	.732 	0.0	1087 	411 	222 	58 	0.0	
32 	564	27 	13 	14 	.481 	-7.99 	-2.72 	7 	9 	0.0	0.0	0.0	0.0	1891 	1998 	0.0	649 	1500 	.433 	158 	461 	.343 	435 	647 	.672 	0.0	1060 	365 	180 	79 	0.0	
33 	565	29 	17 	12 	.586 	0.79 	-1.58 	9 	7 	0.0	0.0	0.0	0.0	2378 	2235 	0.0	856 	1828 	.468 	202 	570 	.354 	464 	702 	.661 	0.0	1162 	515 	310 	78 	0.0	
34 	807	26 	6 	20 	.231 	-8.42 	-1.63 	2 	14 	0.0	0.0	0.0	0.0	1692 	1821 	0.0	590 	1358 	.434 	177 	482 	.367 	335 	480 	.698 	0.0	866 	346 	173 	65 	0.0	
35 	757	28 	15 	13 	.536 	-2.74 	-3.16 	12 	4 	0.0	0.0	0.0	0.0	1971 	1942 	0.0	744 	1669 	.446 	124 	388 	.320 	359 	559 	.642 	0.0	1159 	457 	236 	56 	0.0	
36 	539	33 	22 	11 	.667 	11.94 	7.85 	8 	10 	0.0	0.0	0.0	0.0	2406 	2267 	0.0	868 	2010 	.432 	117 	377 	.310 	553 	824 	.671 	0.0	1355 	418 	278 	123 	0.0	
37 	540	27 	9 	18 	.333 	-16.27 	-7.63 	6 	10 	0.0	0.0	0.0	0.0	1721 	1934 	0.0	625 	1458 	.429 	193 	530 	.364 	278 	419 	.663 	0.0	953 	378 	155 	78 	0.0	
38 	541	27 	15 	12 	.556 	-7.03 	-4.77 	11 	7 	0.0	0.0	0.0	0.0	1918 	1979 	0.0	664 	1481 	.448 	153 	385 	.397 	437 	623 	.701 	0.0	1029 	420 	164 	89 	0.0	
39 	543	28 	14 	14 	.500 	-10.73 	-7.13 	9 	7 	0.0	0.0	0.0	0.0	1765 	1853 	0.0	607 	1402 	.433 	130 	395 	.329 	421 	612 	.688 	0.0	1028 	294 	144 	67 	0.0	
40 	544	32 	19 	13 	.594 	-7.37 	-10.40 	11 	9 	0.0	0.0	0.0	0.0	2263 	2182 	0.0	824 	1834 	.449 	114 	381 	.299 	501 	745 	.672 	0.0	1282 	435 	280 	126 	0.0	
41 	809	29 	19 	10 	.655 	-2.21 	-5.29 	13 	3 	0.0	0.0	0.0	0.0	2107 	2009 	0.0	762 	1640 	.465 	184 	510 	.361 	399 	564 	.707 	0.0	1162 	419 	204 	100 	0.0	
42 	537	26 	10 	16 	.385 	-3.10 	0.62 	7 	11 	0.0	0.0	0.0	0.0	1824 	1879 	0.0	616 	1419 	.434 	136 	401 	.339 	456 	647 	.705 	0.0	980 	345 	191 	83 	0.0	
43 	545	28 	12 	16 	.429 	-14.36 	-7.88 	4 	6 	0.0	0.0	0.0	0.0	2022 	2149 	0.0	705 	1530 	.461 	115 	347 	.331 	497 	715 	.695 	0.0	941 	354 	270 	97 	0.0	
44 	546	34 	23 	11 	.676 	10.54 	7.13 	10 	6 	0.0	0.0	0.0	0.0	2336 	2220 	0.0	793 	1901 	.417 	251 	672 	.374 	499 	742 	.673 	0.0	1347 	432 	242 	95 	0.0	
45 	547	28 	16 	12 	.571 	-4.25 	-5.75 	9 	7 	0.0	0.0	0.0	0.0	1898 	1820 	0.0	670 	1543 	.434 	167 	464 	.360 	391 	570 	.686 	0.0	1080 	371 	188 	103 	0.0	
46 	548	27 	3 	24 	.111 	-21.53 	-0.41 	3 	11 	0.0	0.0	0.0	0.0	1475 	2026 	0.0	552 	1594 	.346 	155 	533 	.291 	216 	353 	.612 	0.0	961 	299 	208 	77 	0.0	
47 	549	33 	27 	6 	.818 	19.95 	7.70 	12 	4 	0.0	0.0	0.0	0.0	2440 	2020 	0.0	890 	1920 	.464 	166 	508 	.327 	494 	727 	.680 	0.0	1420 	465 	256 	152 	0.0	
48 	550	27 	9 	18 	.333 	-18.06 	-7.19 	3 	13 	0.0	0.0	0.0	0.0	1693 	1821 	0.0	602 	1413 	.426 	176 	510 	.345 	313 	502 	.624 	0.0	970 	338 	200 	74 	0.0	
49 	551	35 	20 	15 	.571 	13.44 	6.59 	5 	11 	0.0	0.0	0.0	0.0	2508 	2263 	0.0	877 	1910 	.459 	233 	665 	.350 	521 	840 	.620 	0.0	1505 	527 	227 	111 	0.0	
50 	552	28 	14 	14 	.500 	-1.73 	0.27 	6 	8 	0.0	0.0	0.0	0.0	1978 	1996 	0.0	696 	1554 	.448 	137 	411 	.333 	449 	697 	.644 	0.0	1039 	359 	220 	79 	0.0	
51 	553	27 	7 	20 	.259 	-20.40 	-8.35 	4 	6 	0.0	0.0	0.0	0.0	1935 	2169 	0.0	698 	1620 	.431 	179 	526 	.340 	360 	522 	.690 	0.0	960 	346 	230 	53 	0.0	
52 	555	28 	14 	14 	.500 	-8.07 	-7.22 	7 	5 	0.0	0.0	0.0	0.0	1826 	1799 	0.0	651 	1482 	.439 	114 	323 	.353 	410 	643 	.638 	0.0	1078 	339 	237 	60 	0.0	
53 	554	31 	28 	3 	.903 	6.02 	-6.59 	16 	0 	0.0	0.0	0.0	0.0	2258 	1834 	0.0	830 	1702 	.488 	140 	381 	.367 	458 	649 	.706 	0.0	1167 	438 	284 	192 	0.0	
54 	557	30 	19 	11 	.633 	8.64 	3.02 	7 	7 	0.0	0.0	0.0	0.0	2168 	1991 	0.0	752 	1663 	.452 	188 	543 	.346 	476 	714 	.667 	0.0	1149 	399 	240 	122 	0.0	
55 	556	33 	18 	15 	.545 	7.15 	4.86 	7 	9 	0.0	0.0	0.0	0.0	2411 	2257 	0.0	839 	2026 	.414 	218 	633 	.344 	515 	775 	.665 	0.0	1370 	482 	281 	126 	0.0	
56 	558	26 	10 	16 	.385 	-14.50 	-6.62 	5 	9 	0.0	0.0	0.0	0.0	1520 	1692 	0.0	536 	1279 	.419 	135 	453 	.298 	313 	499 	.627 	0.0	821 	309 	235 	45 	0.0	
57 	559	36 	34 	2 	.944 	24.74 	8.80 	16 	2 	0.0	0.0	0.0	0.0	2781 	2207 	0.0	986 	2111 	.467 	174 	506 	.344 	635 	868 	.732 	0.0	1588 	551 	287 	151 	0.0	
58 	560	29 	15 	14 	.517 	-6.87 	-6.98 	14 	4 	0.0	0.0	0.0	0.0	1992 	1989 	0.0	639 	1645 	.388 	217 	590 	.368 	497 	704 	.706 	0.0	1179 	334 	231 	80 	0.0	
59 	561	26 	11 	15 	.423 	-9.69 	-7.57 	6 	8 	0.0	0.0	0.0	0.0	1667 	1710 	0.0	614 	1428 	.430 	141 	437 	.323 	298 	474 	.629 	0.0	1052 	310 	171 	99 	0.0	
60 	562	31 	22 	9 	.710 	12.24 	4.86 	11 	7 	0.0	0.0	0.0	0.0	2357 	2128 	0.0	800 	1757 	.455 	236 	618 	.382 	521 	730 	.714 	0.0	1222 	451 	286 	91 	0.0	
61 	567	26 	14 	12 	.538 	-9.80 	-6.96 	10 	4 	0.0	0.0	0.0	0.0	1673 	1727 	0.0	576 	1384 	.416 	185 	504 	.367 	336 	478 	.703 	0.0	996 	336 	150 	90 	0.0	
62 	568	27 	16 	11 	.593 	-1.47 	-5.64 	11 	5 	0.0	0.0	0.0	0.0	2058 	1844 	0.0	739 	1594 	.464 	191 	537 	.356 	389 	586 	.664 	0.0	1101 	452 	244 	72 	0.0	
63 	569	28 	11 	17 	.393 	5.21 	5.42 	5 	11 	0.0	0.0	0.0	0.0	1900 	1906 	0.0	637 	1611 	.395 	174 	534 	.326 	452 	622 	.727 	0.0	1018 	355 	203 	81 	0.0	
64 	571	27 	8 	19 	.296 	-20.10 	-11.87 	5 	13 	0.0	0.0	0.0	0.0	2007 	2203 	0.0	669 	1593 	.420 	202 	547 	.369 	453 	656 	.691 	0.0	1053 	316 	212 	94 	0.0	
65 	570	31 	25 	6 	.806 	1.64 	-7.88 	15 	3 	0.0	0.0	0.0	0.0	2394 	2099 	0.0	830 	1775 	.468 	207 	556 	.372 	527 	726 	.726 	0.0	1215 	451 	234 	139 	0.0	
66 	572	27 	10 	17 	.370 	-10.06 	-4.09 	0.0	0.0	0.0	0.0	0.0	0.0	1988 	2149 	0.0	709 	1691 	.419 	194 	568 	.342 	376 	515 	.730 	0.0	1095 	407 	129 	102 	0.0	
67 	573	31 	18 	13 	.581 	9.07 	7.88 	10 	6 	0.0	0.0	0.0	0.0	2253 	2216 	0.0	812 	1898 	.428 	178 	557 	.320 	451 	670 	.673 	0.0	1268 	401 	249 	52 	0.0	
68 	574	31 	25 	6 	.806 	8.12 	-0.14 	12 	2 	0.0	0.0	0.0	0.0	1966 	1713 	0.0	677 	1550 	.437 	196 	541 	.362 	416 	553 	.752 	0.0	1101 	392 	189 	82 	0.0	
69 	575	27 	10 	17 	.370 	-1.89 	5.22 	5 	13 	0.0	0.0	0.0	0.0	1758 	1915 	0.0	588 	1466 	.401 	197 	608 	.324 	385 	562 	.685 	0.0	972 	371 	227 	30 	0.0	
70 	576	29 	20 	9 	.690 	-1.59 	-6.73 	15 	3 	0.0	0.0	0.0	0.0	2036 	1887 	0.0	730 	1665 	.438 	178 	508 	.350 	398 	605 	.658 	0.0	1190 	422 	159 	61 	0.0	
71 	577	39 	37 	2 	.949 	34.80 	10.14 	16 	0 	0.0	0.0	0.0	0.0	3581 	2619 	0.0	1244 	2422 	.514 	293 	739 	.396 	800 	1135 	.705 	0.0	1842 	633 	349 	245 	0.0	
72 	578	28 	5 	23 	.179 	-7.59 	4.04 	1 	15 	0.0	0.0	0.0	0.0	1733 	2018 	0.0	577 	1582 	.365 	142 	480 	.296 	437 	681 	.642 	0.0	1175 	265 	189 	108 	0.0	
73 	583	27 	13 	14 	.481 	-3.53 	-2.65 	7 	9 	0.0	0.0	0.0	0.0	1707 	1720 	0.0	603 	1416 	.426 	160 	446 	.359 	341 	521 	.655 	0.0	1038 	362 	138 	102 	0.0	
74 	586	28 	17 	11 	.607 	-6.63 	-6.39 	9 	7 	0.0	0.0	0.0	0.0	2027 	1937 	0.0	722 	1548 	.466 	142 	374 	.380 	441 	675 	.653 	0.0	1125 	421 	199 	40 	0.0	
75 	579	29 	13 	16 	.448 	-6.87 	-3.80 	8 	10 	0.0	0.0	0.0	0.0	2073 	2133 	0.0	746 	1732 	.431 	221 	579 	.382 	360 	524 	.687 	0.0	1077 	444 	222 	80 	0.0	
76 	580	26 	3 	23 	.115 	-19.21 	-3.05 	2 	16 	0.0	0.0	0.0	0.0	1702 	2104 	0.0	618 	1554 	.398 	159 	476 	.334 	307 	474 	.648 	0.0	899 	310 	168 	61 	0.0	
77 	581	25 	5 	20 	.200 	-5.72 	4.24 	5 	13 	0.0	0.0	0.0	0.0	1490 	1739 	0.0	545 	1389 	.392 	115 	391 	.294 	285 	471 	.605 	0.0	984 	269 	203 	97 	0.0	
78 	582	27 	10 	17 	.370 	-5.28 	-0.60 	7 	9 	0.0	0.0	0.0	0.0	1991 	2071 	0.0	714 	1682 	.424 	241 	649 	.371 	322 	506 	.636 	0.0	1082 	401 	225 	81 	0.0	
79 	587	33 	23 	10 	.697 	5.89 	3.73 	13 	5 	0.0	0.0	0.0	0.0	2502 	2369 	0.0	879 	1739 	.505 	229 	563 	.407 	515 	667 	.772 	0.0	1150 	568 	208 	61 	0.0	
80 	589	27 	12 	15 	.444 	-4.67 	-1.74 	7 	11 	0.0	0.0	0.0	0.0	2111 	2190 	0.0	728 	1714 	.425 	164 	568 	.289 	491 	824 	.596 	0.0	1242 	370 	281 	89 	0.0	
81 	588	28 	12 	16 	.429 	-8.47 	-6.69 	9 	11 	0.0	0.0	0.0	0.0	1843 	1870 	0.0	628 	1455 	.432 	160 	513 	.312 	427 	674 	.634 	0.0	1185 	354 	211 	124 	0.0	
82 	593	31 	12 	19 	.387 	-14.63 	-9.79 	8 	11 	0.0	0.0	0.0	0.0	2252 	2402 	0.0	769 	1985 	.387 	149 	530 	.281 	565 	906 	.624 	0.0	1499 	316 	305 	92 	0.0	
83 	590	26 	6 	20 	.231 	-15.96 	-4.92 	3 	13 	0.0	0.0	0.0	0.0	1875 	2143 	0.0	627 	1539 	.407 	195 	592 	.329 	426 	623 	.684 	0.0	925 	330 	272 	44 	0.0	
84 	594	29 	13 	16 	.448 	0.85 	0.92 	7 	7 	0.0	0.0	0.0	0.0	2011 	2013 	0.0	708 	1557 	.455 	212 	582 	.364 	383 	569 	.673 	0.0	1037 	413 	217 	62 	0.0	
85 	595	30 	13 	17 	.433 	8.71 	11.45 	5 	11 	0.0	0.0	0.0	0.0	2118 	2200 	0.0	765 	1721 	.445 	178 	525 	.339 	410 	621 	.660 	0.0	1095 	447 	264 	86 	0.0	
86 	592	31 	22 	9 	.710 	15.69 	5.63 	10 	6 	0.0	0.0	0.0	0.0	2488 	2176 	0.0	832 	1758 	.473 	289 	762 	.379 	535 	761 	.703 	0.0	1222 	495 	311 	119 	0.0	
87 	596	27 	12 	15 	.444 	-1.59 	1.93 	5 	11 	0.0	0.0	0.0	0.0	1784 	1879 	0.0	604 	1480 	.408 	160 	484 	.331 	416 	598 	.696 	0.0	1006 	334 	218 	56 	0.0	
88 	597	33 	21 	12 	.636 	7.72 	3.66 	9 	5 	0.0	0.0	0.0	0.0	2635 	2505 	0.0	980 	2129 	.460 	252 	750 	.336 	423 	649 	.652 	0.0	1289 	600 	324 	159 	0.0	
89 	598	28 	12 	16 	.429 	-9.67 	-6.49 	5 	11 	0.0	0.0	0.0	0.0	1878 	1942 	0.0	626 	1455 	.430 	143 	449 	.318 	483 	723 	.668 	0.0	1123 	361 	179 	68 	0.0	
90 	602	30 	19 	11 	.633 	4.52 	-0.93 	13 	3 	0.0	0.0	0.0	0.0	2214 	2031 	0.0	826 	1813 	.456 	195 	544 	.358 	367 	599 	.613 	0.0	1177 	398 	304 	136 	0.0	
91 	599	29 	20 	9 	.690 	10.99 	5.47 	13 	3 	0.0	0.0	0.0	0.0	2305 	2145 	0.0	801 	1941 	.413 	181 	583 	.310 	522 	722 	.723 	0.0	1233 	442 	306 	87 	0.0	
92 	603	31 	15 	16 	.484 	8.21 	6.41 	6 	12 	0.0	0.0	0.0	0.0	2137 	2057 	0.0	759 	1956 	.388 	151 	499 	.303 	468 	723 	.647 	0.0	1441 	378 	342 	191 	0.0	
93 	600	28 	11 	17 	.393 	-11.53 	-6.66 	6 	10 	0.0	0.0	0.0	0.0	1793 	1862 	0.0	616 	1521 	.405 	203 	581 	.349 	358 	523 	.685 	0.0	1101 	337 	159 	78 	0.0	
94 	605	30 	17 	13 	.567 	-4.40 	-7.57 	11 	5 	0.0	0.0	0.0	0.0	2199 	2097 	0.0	775 	1709 	.453 	167 	490 	.341 	482 	681 	.708 	0.0	1213 	380 	242 	121 	0.0	
95 	606	31 	15 	16 	.484 	4.52 	9.39 	6 	10 	0.0	0.0	0.0	0.0	2087 	2238 	0.0	728 	1772 	.411 	219 	663 	.330 	412 	663 	.621 	0.0	1271 	423 	190 	171 	0.0	
96 	604	30 	15 	15 	.500 	8.19 	7.19 	6 	10 	0.0	0.0	0.0	0.0	2148 	2118 	0.0	756 	1741 	.434 	243 	655 	.371 	393 	572 	.687 	0.0	1164 	410 	190 	76 	0.0	
97 	607	35 	28 	7 	.800 	15.03 	2.21 	12 	2 	0.0	0.0	0.0	0.0	2743 	2280 	0.0	950 	2004 	.474 	291 	730 	.399 	552 	761 	.725 	0.0	1405 	572 	289 	135 	0.0	
98 	608	27 	6 	21 	.222 	-20.33 	-9.97 	5 	11 	0.0	0.0	0.0	0.0	1860 	2119 	0.0	662 	1560 	.424 	99 	339 	.292 	437 	642 	.681 	0.0	1078 	321 	223 	92 	0.0	
99 	844	31 	20 	11 	.645 	3.97 	-1.06 	9 	5 	0.0	0.0	0.0	0.0	1922 	1736 	0.0	671 	1438 	.467 	219 	521 	.420 	361 	518 	.697 	0.0	922 	444 	185 	65 	0.0	
100 	610	27 	8 	19 	.296 	-14.37 	-9.63 	8 	10 	0.0	0.0	0.0	0.0	1872 	2002 	0.0	650 	1508 	.431 	144 	414 	.348 	430 	613 	.701 	0.0	1126 	359 	157 	156 	0.0	
101 	611	27 	11 	16 	.407 	-13.16 	-5.75 	9 	9 	0.0	0.0	0.0	0.0	1853 	2053 	0.0	631 	1464 	.431 	121 	382 	.317 	470 	665 	.707 	0.0	1002 	316 	236 	55 	0.0	
102 	612	26 	13 	13 	.500 	-7.94 	-8.14 	7 	7 	0.0	0.0	0.0	0.0	1828 	1808 	0.0	660 	1520 	.434 	182 	483 	.377 	326 	443 	.736 	0.0	891 	359 	195 	76 	0.0	
103 	613	26 	6 	20 	.231 	-3.23 	4.23 	3 	11 	0.0	0.0	0.0	0.0	1659 	1853 	0.0	638 	1385 	.461 	93 	284 	.327 	290 	438 	.662 	0.0	898 	370 	172 	112 	0.0	
104 	615	32 	22 	10 	.688 	1.15 	-4.02 	14 	4 	0.0	0.0	0.0	0.0	2132 	1933 	0.0	753 	1720 	.438 	194 	517 	.375 	432 	627 	.689 	0.0	1211 	414 	221 	119 	0.0	
105 	616	27 	7 	20 	.259 	-17.37 	-7.22 	3 	9 	0.0	0.0	0.0	0.0	1543 	1804 	0.0	546 	1362 	.401 	131 	418 	.313 	320 	492 	.650 	0.0	946 	311 	200 	77 	0.0	
106 	617	27 	10 	17 	.370 	-2.56 	5.36 	5 	11 	0.0	0.0	0.0	0.0	1914 	2128 	0.0	676 	1635 	.413 	147 	441 	.333 	415 	629 	.660 	0.0	1154 	292 	174 	97 	0.0	
107 	619	27 	2 	25 	.074 	-25.67 	-9.15 	2 	16 	0.0	0.0	0.0	0.0	1643 	2089 	0.0	551 	1470 	.375 	151 	440 	.343 	390 	593 	.658 	0.0	881 	312 	196 	23 	0.0	
108 	621	26 	6 	20 	.231 	-11.35 	-0.99 	4 	12 	0.0	0.0	0.0	0.0	1669 	1903 	0.0	615 	1459 	.422 	118 	329 	.359 	321 	524 	.613 	0.0	1010 	348 	148 	60 	0.0	
109 	620	27 	16 	11 	.593 	0.13 	-1.87 	11 	5 	0.0	0.0	0.0	0.0	1979 	1895 	0.0	677 	1585 	.427 	190 	537 	.354 	435 	625 	.696 	0.0	1070 	361 	236 	56 	0.0	
110 	622	28 	7 	21 	.250 	-6.88 	1.55 	2 	12 	0.0	0.0	0.0	0.0	1633 	1869 	0.0	550 	1506 	.365 	126 	395 	.319 	407 	588 	.692 	0.0	1019 	311 	196 	36 	0.0	
111 	624	31 	16 	15 	.516 	5.79 	4.72 	7 	11 	0.0	0.0	0.0	0.0	2141 	2110 	0.0	746 	1629 	.458 	167 	444 	.376 	482 	656 	.735 	0.0	1123 	452 	224 	115 	0.0	
112 	623	32 	14 	18 	.438 	10.59 	11.87 	3 	13 	0.0	0.0	0.0	0.0	1967 	2008 	0.0	705 	1791 	.394 	165 	477 	.346 	392 	599 	.654 	0.0	1293 	376 	269 	107 	0.0	
113 	626	27 	15 	12 	.556 	7.94 	3.98 	10 	8 	0.0	0.0	0.0	0.0	1867 	1760 	0.0	667 	1524 	.438 	159 	468 	.340 	374 	556 	.673 	0.0	1019 	379 	227 	100 	0.0	
114 	625	34 	23 	11 	.676 	17.21 	11.36 	9 	7 	0.0	0.0	0.0	0.0	2565 	2366 	0.0	922 	1965 	.469 	193 	534 	.361 	528 	757 	.697 	0.0	1321 	563 	259 	115 	0.0	
115 	627	30 	16 	14 	.533 	-1.93 	-3.21 	12 	6 	0.0	0.0	0.0	0.0	2287 	2230 	0.0	826 	1857 	.445 	144 	483 	.298 	491 	751 	.654 	0.0	1260 	512 	243 	220 	0.0	
116 	629	30 	15 	15 	.500 	5.40 	5.67 	6 	10 	0.0	0.0	0.0	0.0	1886 	1825 	0.0	668 	1581 	.423 	131 	403 	.325 	419 	598 	.701 	0.0	1157 	356 	174 	77 	0.0	
117 	628	30 	20 	10 	.667 	15.36 	11.43 	9 	7 	0.0	0.0	0.0	0.0	2217 	2099 	0.0	741 	1602 	.463 	188 	504 	.373 	547 	780 	.701 	0.0	1159 	455 	268 	80 	0.0	
118 	631	27 	11 	16 	.407 	-9.74 	-4.97 	6 	8 	0.0	0.0	0.0	0.0	1834 	1888 	0.0	632 	1493 	.423 	165 	407 	.405 	405 	593 	.683 	0.0	964 	312 	212 	47 	0.0	
119 	632	28 	16 	12 	.571 	-12.34 	-9.34 	11 	5 	0.0	0.0	0.0	0.0	1926 	1939 	0.0	682 	1654 	.412 	137 	436 	.314 	425 	720 	.590 	0.0	1279 	389 	203 	130 	0.0	
120 	634	26 	8 	18 	.308 	-17.45 	-8.24 	3 	13 	0.0	0.0	0.0	0.0	1647 	1837 	0.0	592 	1446 	.409 	149 	444 	.336 	314 	491 	.640 	0.0	1018 	314 	175 	59 	0.0	
121 	633	27 	12 	15 	.444 	-11.92 	-7.84 	7 	9 	0.0	0.0	0.0	0.0	1771 	1820 	0.0	636 	1495 	.425 	123 	440 	.280 	376 	547 	.687 	0.0	975 	339 	252 	86 	0.0	
122 	635	27 	16 	11 	.593 	0.94 	-4.62 	9 	7 	0.0	0.0	0.0	0.0	1937 	1787 	0.0	669 	1557 	.430 	182 	528 	.345 	417 	627 	.665 	0.0	1145 	330 	151 	89 	0.0	
123 	637	33 	20 	13 	.606 	10.24 	5.40 	7 	9 	0.0	0.0	0.0	0.0	2284 	2113 	0.0	805 	1866 	.431 	168 	497 	.338 	506 	766 	.661 	0.0	1547 	478 	211 	146 	0.0	
124 	636	33 	23 	10 	.697 	16.23 	9.10 	11 	5 	0.0	0.0	0.0	0.0	2380 	2128 	0.0	874 	1951 	.448 	165 	483 	.342 	467 	708 	.660 	0.0	1438 	521 	265 	142 	0.0	
125 	639	30 	23 	7 	.767 	7.27 	2.77 	13 	5 	0.0	0.0	0.0	0.0	2156 	1905 	0.0	782 	1754 	.446 	168 	485 	.346 	424 	620 	.684 	0.0	1135 	461 	276 	92 	0.0	
126 	640	37 	28 	9 	.757 	22.63 	9.93 	11 	5 	0.0	0.0	0.0	0.0	2790 	2320 	0.0	1034 	2163 	.478 	226 	676 	.334 	496 	776 	.639 	0.0	1607 	605 	286 	199 	0.0	
127 	641	28 	13 	15 	.464 	-0.42 	1.90 	8 	8 	0.0	0.0	0.0	0.0	2023 	2088 	0.0	704 	1659 	.424 	218 	628 	.347 	397 	582 	.682 	0.0	1114 	376 	139 	118 	0.0	
128 	642	30 	22 	8 	.733 	-2.64 	-7.17 	10 	2 	0.0	0.0	0.0	0.0	2167 	1987 	0.0	708 	1640 	.432 	238 	700 	.340 	513 	730 	.703 	0.0	1160 	464 	257 	124 	0.0	
129 	643	28 	17 	11 	.607 	-6.06 	-9.95 	11 	7 	0.0	0.0	0.0	0.0	2144 	1979 	0.0	710 	1662 	.427 	190 	485 	.392 	534 	723 	.739 	0.0	1299 	384 	191 	58 	0.0	
130 	644	28 	6 	22 	.214 	-19.97 	-7.59 	0 	12 	0.0	0.0	0.0	0.0	1765 	2025 	0.0	617 	1529 	.404 	101 	345 	.293 	430 	633 	.679 	0.0	1069 	368 	182 	52 	0.0	
131 	645	27 	4 	23 	.148 	-24.52 	-7.12 	0 	10 	0.0	0.0	0.0	0.0	1960 	2259 	0.0	714 	1614 	.442 	158 	440 	.359 	374 	556 	.673 	0.0	994 	385 	268 	46 	0.0	
132 	647	28 	13 	15 	.464 	-4.96 	-0.85 	9 	7 	0.0	0.0	0.0	0.0	1865 	1973 	0.0	688 	1570 	.438 	145 	435 	.333 	344 	539 	.638 	0.0	1037 	330 	203 	91 	0.0	
133 	648	27 	10 	17 	.370 	-11.57 	-6.64 	10 	10 	0.0	0.0	0.0	0.0	1828 	1961 	0.0	707 	1681 	.421 	125 	382 	.327 	289 	508 	.569 	0.0	1107 	324 	245 	87 	0.0	
134 	811	29 	13 	16 	.448 	-1.45 	0.00 	7 	7 	0.0	0.0	0.0	0.0	1951 	1993 	0.0	683 	1692 	.404 	135 	480 	.281 	450 	755 	.596 	0.0	1222 	330 	192 	81 	0.0	
135 	812	27 	13 	14 	.481 	-10.36 	-5.25 	12 	6 	0.0	0.0	0.0	0.0	1954 	2058 	0.0	699 	1673 	.418 	162 	536 	.302 	394 	625 	.630 	0.0	1154 	357 	242 	150 	0.0	
136 	655	27 	12 	15 	.444 	2.55 	5.89 	4 	12 	0.0	0.0	0.0	0.0	1793 	1861 	0.0	625 	1461 	.428 	154 	451 	.341 	389 	605 	.643 	0.0	1183 	372 	189 	102 	0.0	
137 	650	28 	19 	9 	.679 	1.89 	-3.47 	10 	4 	0.0	0.0	0.0	0.0	2133 	1984 	0.0	780 	1684 	.463 	191 	574 	.333 	382 	523 	.730 	0.0	1049 	410 	244 	81 	0.0	
138 	651	30 	19 	11 	.633 	15.22 	8.12 	11 	5 	0.0	0.0	0.0	0.0	2306 	2093 	0.0	844 	1791 	.471 	192 	566 	.339 	426 	628 	.678 	0.0	1125 	503 	281 	146 	0.0	
139 	654	27 	9 	18 	.333 	-6.46 	-0.07 	7 	7 	0.0	0.0	0.0	0.0	1644 	1811 	0.0	598 	1479 	.404 	141 	446 	.316 	307 	477 	.644 	0.0	973 	354 	183 	52 	0.0	
140 	652	27 	11 	16 	.407 	-5.21 	1.83 	6 	8 	0.0	0.0	0.0	0.0	2054 	2197 	0.0	692 	1654 	.418 	221 	623 	.355 	444 	606 	.733 	0.0	1045 	386 	195 	111 	0.0	
141 	653	28 	13 	15 	.464 	-4.60 	-5.46 	6 	12 	0.0	0.0	0.0	0.0	2165 	2141 	0.0	790 	1642 	.481 	151 	422 	.358 	434 	667 	.651 	0.0	1155 	443 	228 	84 	0.0	
142 	657	28 	19 	9 	.679 	-1.73 	-8.07 	13 	5 	0.0	0.0	0.0	0.0	2257 	2063 	0.0	804 	1706 	.471 	212 	592 	.358 	437 	590 	.741 	0.0	1059 	451 	300 	87 	0.0	
143 	658	27 	5 	22 	.185 	-13.45 	-6.20 	3 	15 	0.0	0.0	0.0	0.0	1688 	1884 	0.0	581 	1383 	.420 	108 	341 	.317 	418 	659 	.634 	0.0	972 	357 	184 	76 	0.0	
144 	659	28 	16 	12 	.571 	-3.99 	-5.52 	8 	10 	0.0	0.0	0.0	0.0	2033 	1990 	0.0	743 	1625 	.457 	114 	357 	.319 	433 	651 	.665 	0.0	978 	435 	241 	130 	0.0	
145 	660	29 	14 	15 	.483 	5.04 	4.83 	6 	10 	0.0	0.0	0.0	0.0	1823 	1817 	0.0	631 	1592 	.396 	188 	519 	.362 	373 	563 	.663 	0.0	1192 	341 	205 	107 	0.0	
146 	661	27 	16 	11 	.593 	4.77 	0.57 	11 	7 	0.0	0.0	0.0	0.0	2075 	1906 	0.0	760 	1656 	.459 	175 	495 	.354 	380 	545 	.697 	0.0	1092 	422 	209 	115 	0.0	
147 	813	28 	19 	9 	.679 	-4.35 	-8.13 	17 	3 	0.0	0.0	0.0	0.0	1887 	1781 	0.0	663 	1469 	.451 	154 	430 	.358 	407 	608 	.669 	0.0	1095 	402 	206 	91 	0.0	
148 	665	27 	10 	17 	.370 	-13.56 	-11.00 	7 	11 	0.0	0.0	0.0	0.0	1909 	1978 	0.0	682 	1592 	.428 	151 	405 	.373 	394 	604 	.652 	0.0	1072 	291 	195 	62 	0.0	
149 	662	34 	28 	6 	.824 	26.19 	9.10 	13 	3 	0.0	0.0	0.0	0.0	2873 	2259 	0.0	1044 	2108 	.495 	184 	504 	.365 	601 	857 	.701 	0.0	1467 	674 	431 	202 	0.0	
150 	663	30 	14 	16 	.467 	6.43 	6.00 	9 	7 	0.0	0.0	0.0	0.0	1929 	1916 	0.0	712 	1691 	.421 	145 	422 	.344 	360 	601 	.599 	0.0	1263 	370 	166 	161 	0.0	
151 	664	28 	13 	15 	.464 	-8.60 	-7.42 	11 	7 	0.0	0.0	0.0	0.0	2093 	2126 	0.0	753 	1817 	.414 	201 	576 	.349 	386 	610 	.633 	0.0	1104 	429 	319 	100 	0.0	
152 	666	28 	13 	15 	.464 	5.34 	5.27 	6 	10 	0.0	0.0	0.0	0.0	2141 	2139 	0.0	782 	1764 	.443 	129 	466 	.277 	448 	640 	.700 	0.0	1166 	387 	273 	161 	0.0	
153 	667	26 	8 	18 	.308 	-17.44 	-7.32 	5 	11 	0.0	0.0	0.0	0.0	1659 	1903 	0.0	580 	1521 	.381 	137 	479 	.286 	362 	553 	.655 	0.0	1028 	265 	193 	70 	0.0	
154 	668	30 	23 	7 	.767 	16.78 	9.18 	15 	3 	0.0	0.0	0.0	0.0	2178 	1950 	0.0	791 	1671 	.473 	123 	369 	.333 	473 	677 	.699 	0.0	1267 	458 	259 	158 	0.0	
155 	669	32 	24 	8 	.750 	11.67 	4.48 	15 	3 	0.0	0.0	0.0	0.0	2163 	1933 	0.0	767 	1710 	.449 	193 	573 	.337 	436 	570 	.765 	0.0	1084 	387 	215 	62 	0.0	
156 	671	38 	33 	5 	.868 	22.62 	10.89 	15 	1 	0.0	0.0	0.0	0.0	2725 	2262 	0.0	1020 	2152 	.474 	171 	503 	.340 	514 	701 	.733 	0.0	1473 	569 	298 	100 	0.0	
157 	670	31 	12 	19 	.387 	8.52 	11.71 	5 	11 	0.0	0.0	0.0	0.0	2035 	2134 	0.0	685 	1626 	.421 	184 	530 	.347 	481 	640 	.752 	0.0	1106 	339 	163 	102 	0.0	
158 	672	31 	12 	19 	.387 	-8.81 	-4.77 	9 	9 	0.0	0.0	0.0	0.0	2143 	2224 	0.0	765 	1653 	.463 	205 	577 	.355 	408 	566 	.721 	0.0	1037 	444 	294 	103 	0.0	
159 	845	27 	8 	19 	.296 	-7.00 	0.38 	5 	9 	0.0	0.0	0.0	0.0	1714 	1875 	0.0	602 	1440 	.418 	130 	401 	.324 	380 	540 	.704 	0.0	919 	294 	166 	39 	0.0	
160 	673	28 	17 	11 	.607 	13.53 	9.93 	8 	8 	0.0	0.0	0.0	0.0	1928 	1827 	0.0	714 	1576 	.453 	133 	357 	.373 	367 	540 	.680 	0.0	1065 	427 	215 	162 	0.0	
161 	675	33 	20 	13 	.606 	8.04 	3.39 	8 	8 	0.0	0.0	0.0	0.0	2279 	2129 	0.0	838 	1898 	.442 	182 	596 	.305 	421 	647 	.651 	0.0	1437 	443 	201 	119 	0.0	
162 	685	27 	14 	13 	.519 	-13.82 	-12.07 	10 	6 	0.0	0.0	0.0	0.0	1969 	2002 	0.0	729 	1860 	.392 	176 	529 	.333 	335 	519 	.645 	0.0	1253 	297 	236 	187 	0.0	
163 	674	33 	20 	13 	.606 	14.83 	8.17 	8 	8 	0.0	0.0	0.0	0.0	2540 	2214 	0.0	911 	1946 	.468 	193 	606 	.318 	525 	836 	.628 	0.0	1346 	545 	326 	133 	0.0	
164 	677	30 	8 	22 	.267 	-8.48 	-2.78 	3 	11 	0.0	0.0	0.0	0.0	2129 	2264 	0.0	751 	1713 	.438 	141 	425 	.332 	486 	693 	.701 	0.0	1101 	429 	196 	46 	0.0	
165 	678	33 	22 	11 	.667 	13.81 	6.51 	11 	7 	0.0	0.0	0.0	0.0	2414 	2173 	0.0	837 	1821 	.460 	179 	491 	.365 	561 	789 	.711 	0.0	1248 	500 	299 	139 	0.0	
166 	676	29 	20 	9 	.690 	12.40 	3.89 	11 	5 	0.0	0.0	0.0	0.0	2081 	1834 	0.0	741 	1667 	.445 	180 	474 	.380 	419 	647 	.648 	0.0	1184 	411 	256 	107 	0.0	
167 	679	26 	5 	21 	.192 	-15.08 	-7.60 	5 	15 	0.0	0.0	0.0	0.0	1632 	1821 	0.0	595 	1361 	.437 	123 	370 	.332 	319 	479 	.666 	0.0	827 	329 	258 	83 	0.0	
168 	681	29 	16 	13 	.552 	0.09 	-1.49 	9 	7 	0.0	0.0	0.0	0.0	2263 	2181 	0.0	821 	1688 	.486 	224 	576 	.389 	397 	549 	.723 	0.0	1113 	583 	132 	63 	0.0	
169 	680	27 	13 	14 	.481 	-2.93 	-2.97 	6 	10 	0.0	0.0	0.0	0.0	1940 	1865 	0.0	664 	1474 	.450 	157 	410 	.383 	455 	647 	.703 	0.0	1085 	383 	175 	57 	0.0	
170 	682	28 	13 	15 	.464 	-8.75 	-5.02 	9 	9 	0.0	0.0	0.0	0.0	2149 	2198 	0.0	774 	1698 	.456 	209 	545 	.383 	392 	548 	.715 	0.0	987 	477 	262 	68 	0.0	
171 	683	28 	14 	14 	.500 	-14.71 	-9.64 	12 	6 	0.0	0.0	0.0	0.0	1861 	2001 	0.0	682 	1681 	.406 	157 	484 	.324 	340 	550 	.618 	0.0	1101 	375 	216 	153 	0.0	
172 	686	30 	15 	15 	.500 	-7.29 	-6.29 	10 	10 	0.0	0.0	0.0	0.0	2049 	2079 	0.0	756 	1764 	.429 	198 	587 	.337 	339 	492 	.689 	0.0	1085 	420 	248 	122 	0.0	
173 	687	33 	27 	6 	.818 	6.80 	-4.71 	16 	2 	0.0	0.0	0.0	0.0	2590 	2215 	0.0	961 	2050 	.469 	188 	546 	.344 	480 	705 	.681 	0.0	1455 	503 	275 	111 	0.0	
174 	692	27 	20 	7 	.741 	-0.20 	-7.49 	9 	3 	0.0	0.0	0.0	0.0	1933 	1697 	0.0	740 	1623 	.456 	89 	299 	.298 	364 	609 	.598 	0.0	1287 	418 	298 	152 	0.0	
175 	698	33 	20 	13 	.606 	7.55 	5.85 	10 	6 	0.0	0.0	0.0	0.0	2177 	2121 	0.0	799 	1764 	.453 	113 	365 	.310 	466 	716 	.651 	0.0	1265 	490 	359 	158 	0.0	
176 	817	29 	16 	13 	.552 	8.77 	4.52 	9 	5 	0.0	0.0	0.0	0.0	2163 	1997 	0.0	787 	1711 	.460 	175 	547 	.320 	414 	652 	.635 	0.0	1197 	504 	262 	133 	0.0	
177 	699	26 	8 	18 	.308 	-9.75 	-1.43 	4 	12 	0.0	0.0	0.0	0.0	1775 	1959 	0.0	651 	1472 	.442 	139 	415 	.335 	334 	531 	.629 	0.0	1014 	365 	169 	91 	0.0	
178 	700	27 	4 	23 	.148 	-21.19 	-7.30 	2 	16 	0.0	0.0	0.0	0.0	1733 	2108 	0.0	599 	1511 	.396 	220 	612 	.359 	315 	450 	.700 	0.0	1026 	344 	135 	98 	0.0	
179 	702	33 	23 	10 	.697 	2.40 	-0.63 	12 	4 	0.0	0.0	0.0	0.0	2273 	2147 	0.0	817 	1762 	.464 	201 	535 	.376 	438 	665 	.659 	0.0	1230 	417 	230 	87 	0.0	
180 	701	34 	25 	9 	.735 	7.96 	0.74 	9 	5 	0.0	0.0	0.0	0.0	2556 	2305 	0.0	889 	1906 	.466 	247 	667 	.370 	531 	707 	.751 	0.0	1300 	482 	224 	111 	0.0	
181 	703	30 	14 	16 	.467 	-4.63 	-1.50 	5 	9 	0.0	0.0	0.0	0.0	1824 	1918 	0.0	656 	1560 	.421 	147 	471 	.312 	365 	545 	.670 	0.0	1034 	364 	231 	118 	0.0	
182 	704	29 	17 	12 	.586 	-3.87 	-4.49 	13 	5 	0.0	0.0	0.0	0.0	2341 	2323 	0.0	793 	1873 	.423 	198 	599 	.331 	557 	766 	.727 	0.0	1212 	404 	254 	86 	0.0	
183 	705	29 	14 	15 	.483 	-8.59 	-6.19 	12 	6 	0.0	0.0	0.0	0.0	1958 	1964 	0.0	712 	1679 	.424 	124 	425 	.292 	410 	658 	.623 	0.0	1206 	422 	271 	74 	0.0	
184 	707	27 	15 	12 	.556 	-10.62 	-12.11 	11 	7 	0.0	0.0	0.0	0.0	2330 	2288 	0.0	874 	1817 	.481 	141 	395 	.357 	441 	653 	.675 	0.0	955 	372 	253 	89 	0.0	
185 	814	29 	11 	18 	.379 	-13.25 	-4.75 	5 	5 	0.0	0.0	0.0	0.0	2144 	2314 	0.0	756 	1596 	.474 	132 	368 	.359 	500 	697 	.717 	0.0	1127 	476 	226 	88 	0.0	
186 	693	28 	13 	15 	.464 	-13.55 	-9.74 	9 	9 	0.0	0.0	0.0	0.0	1902 	1971 	0.0	674 	1570 	.429 	146 	417 	.350 	408 	676 	.604 	0.0	1088 	293 	198 	76 	0.0	
187 	815	27 	7 	20 	.259 	-14.97 	-6.00 	5 	11 	0.0	0.0	0.0	0.0	1755 	1998 	0.0	629 	1497 	.420 	121 	324 	.373 	376 	544 	.691 	0.0	1039 	353 	197 	99 	0.0	
188 	695	33 	19 	14 	.576 	12.19 	6.92 	6 	10 	0.0	0.0	0.0	0.0	2363 	2189 	0.0	798 	1757 	.454 	185 	503 	.368 	582 	859 	.678 	0.0	1319 	410 	256 	127 	0.0	
189 	816	28 	11 	17 	.393 	-2.00 	0.00 	9 	7 	0.0	0.0	0.0	0.0	1686 	1742 	0.0	614 	1501 	.409 	143 	421 	.340 	315 	488 	.645 	0.0	1062 	320 	150 	67 	0.0	
190 	708	34 	24 	10 	.706 	16.77 	10.25 	10 	6 	0.0	0.0	0.0	0.0	2428 	2206 	0.0	868 	1841 	.471 	175 	460 	.380 	517 	720 	.718 	0.0	1466 	541 	192 	134 	0.0	
191 	711	26 	4 	22 	.154 	-13.51 	1.37 	4 	12 	0.0	0.0	0.0	0.0	1860 	2247 	0.0	687 	1770 	.388 	175 	617 	.284 	311 	473 	.658 	0.0	1042 	303 	217 	65 	0.0	
192 	712	28 	10 	18 	.357 	-13.30 	-6.80 	6 	12 	0.0	0.0	0.0	0.0	1927 	2109 	0.0	702 	1588 	.442 	146 	413 	.354 	377 	533 	.707 	0.0	960 	293 	228 	106 	0.0	
193 	713	29 	21 	8 	.724 	5.20 	-3.00 	12 	4 	0.0	0.0	0.0	0.0	2238 	1935 	0.0	783 	1497 	.523 	243 	546 	.445 	429 	571 	.751 	0.0	1011 	477 	173 	73 	0.0	
194 	690	26 	6 	20 	.231 	-6.85 	-0.73 	2 	16 	0.0	0.0	0.0	0.0	1560 	1719 	0.0	560 	1396 	.401 	127 	394 	.322 	311 	451 	.690 	0.0	985 	276 	160 	56 	0.0	
195 	714	27 	9 	18 	.333 	3.67 	5.82 	6 	12 	0.0	0.0	0.0	0.0	1903 	1961 	0.0	645 	1410 	.457 	167 	430 	.388 	446 	606 	.736 	0.0	917 	320 	210 	43 	0.0	
196 	716	26 	11 	15 	.423 	-13.03 	-7.99 	8 	10 	0.0	0.0	0.0	0.0	1770 	1810 	0.0	642 	1588 	.404 	137 	403 	.340 	349 	515 	.678 	0.0	1020 	381 	264 	42 	0.0	
197 	715	29 	15 	14 	.517 	10.82 	9.10 	6 	10 	0.0	0.0	0.0	0.0	1741 	1655 	0.0	584 	1354 	.431 	201 	536 	.375 	372 	537 	.693 	0.0	1038 	445 	131 	107 	0.0	
198 	717	30 	14 	16 	.467 	5.20 	6.99 	8 	10 	0.0	0.0	0.0	0.0	2168 	2226 	0.0	782 	1656 	.472 	127 	382 	.332 	477 	686 	.695 	0.0	1186 	516 	221 	90 	0.0	
199 	720	36 	27 	9 	.750 	19.02 	9.51 	12 	4 	0.0	0.0	0.0	0.0	2695 	2334 	0.0	986 	2108 	.468 	218 	611 	.357 	505 	826 	.611 	0.0	1477 	498 	297 	148 	0.0	
200 	719	28 	18 	10 	.643 	9.18 	2.51 	12 	6 	0.0	0.0	0.0	0.0	2127 	1896 	0.0	732 	1564 	.468 	159 	474 	.335 	504 	731 	.689 	0.0	1201 	448 	215 	103 	0.0	
201 	722	34 	23 	11 	.676 	12.64 	5.55 	10 	6 	0.0	0.0	0.0	0.0	2431 	2145 	0.0	851 	1920 	.443 	232 	643 	.361 	497 	709 	.701 	0.0	1288 	578 	262 	99 	0.0	
202 	721	33 	22 	11 	.667 	13.14 	4.82 	11 	5 	0.0	0.0	0.0	0.0	2246 	1980 	0.0	776 	1844 	.421 	274 	707 	.388 	420 	645 	.651 	0.0	1316 	448 	229 	124 	0.0	
203 	723	34 	25 	9 	.735 	4.48 	-1.68 	11 	5 	0.0	0.0	0.0	0.0	2431 	2200 	0.0	858 	1915 	.448 	220 	610 	.361 	495 	711 	.696 	0.0	1471 	532 	250 	248 	0.0	
204 	724	28 	17 	11 	.607 	0.42 	-2.89 	10 	4 	0.0	0.0	0.0	0.0	2166 	2063 	0.0	782 	1625 	.481 	200 	526 	.380 	402 	588 	.684 	0.0	1059 	457 	219 	68 	0.0	
205 	726	27 	13 	14 	.481 	5.78 	7.14 	7 	11 	0.0	0.0	0.0	0.0	1747 	1744 	0.0	618 	1433 	.431 	161 	460 	.350 	350 	567 	.617 	0.0	1091 	339 	173 	97 	0.0	
206 	725	32 	19 	13 	.594 	11.32 	8.84 	8 	10 	0.0	0.0	0.0	0.0	2415 	2318 	0.0	839 	1905 	.440 	243 	669 	.363 	494 	719 	.687 	0.0	1401 	526 	194 	111 	0.0	
207 	727	27 	14 	13 	.519 	-3.42 	-3.42 	9 	7 	0.0	0.0	0.0	0.0	1850 	1762 	0.0	626 	1422 	.440 	226 	594 	.380 	372 	509 	.731 	0.0	1042 	417 	122 	60 	0.0	
208 	729	27 	13 	14 	.481 	11.17 	8.61 	5 	11 	0.0	0.0	0.0	0.0	1870 	1801 	0.0	649 	1453 	.447 	197 	560 	.352 	373 	500 	.746 	0.0	957 	417 	175 	131 	0.0	
209 	728	27 	21 	6 	.778 	6.50 	-3.91 	13 	1 	0.0	0.0	0.0	0.0	1921 	1640 	0.0	689 	1469 	.469 	208 	529 	.393 	335 	515 	.650 	0.0	1064 	412 	149 	81 	0.0	
210 	730	32 	19 	13 	.594 	3.17 	1.87 	9 	5 	0.0	0.0	0.0	0.0	2101 	2023 	0.0	771 	1700 	.454 	132 	427 	.309 	427 	653 	.654 	0.0	1170 	441 	215 	117 	0.0	
211 	731	30 	14 	16 	.467 	4.06 	7.23 	5 	13 	0.0	0.0	0.0	0.0	2017 	2112 	0.0	758 	1822 	.416 	159 	518 	.307 	342 	488 	.701 	0.0	1149 	405 	338 	122 	0.0	
212 	733	28 	17 	11 	.607 	-0.91 	-2.84 	9 	7 	0.0	0.0	0.0	0.0	2216 	2075 	0.0	747 	1666 	.448 	250 	682 	.367 	472 	657 	.718 	0.0	1132 	481 	168 	48 	0.0	
213 	732	27 	9 	18 	.333 	-5.59 	0.33 	3 	11 	0.0	0.0	0.0	0.0	1820 	1878 	0.0	658 	1524 	.432 	135 	405 	.333 	369 	561 	.658 	0.0	940 	373 	266 	86 	0.0	
214 	734	27 	6 	21 	.222 	-25.56 	-9.61 	4 	12 	0.0	0.0	0.0	0.0	1974 	2296 	0.0	709 	1871 	.379 	178 	593 	.300 	378 	667 	.567 	0.0	1362 	299 	270 	108 	0.0	
215 	736	30 	22 	8 	.733 	5.63 	-2.64 	11 	3 	0.0	0.0	0.0	0.0	1858 	1585 	0.0	647 	1414 	.458 	229 	678 	.338 	335 	453 	.740 	0.0	937 	449 	252 	104 	0.0	
216 	737	30 	16 	14 	.533 	8.30 	8.33 	9 	9 	0.0	0.0	0.0	0.0	2284 	2285 	0.0	805 	1928 	.418 	170 	549 	.310 	504 	707 	.713 	0.0	1183 	480 	336 	65 	0.0	
217 	738	34 	21 	13 	.618 	13.22 	10.42 	7 	9 	0.0	0.0	0.0	0.0	2328 	2233 	0.0	813 	1853 	.439 	183 	576 	.318 	519 	774 	.671 	0.0	1262 	482 	274 	109 	0.0	
218 	739	27 	9 	18 	.333 	-17.32 	-7.36 	6 	14 	0.0	0.0	0.0	0.0	1837 	2067 	0.0	641 	1469 	.436 	136 	408 	.333 	419 	615 	.681 	0.0	1050 	380 	183 	57 	0.0	
219 	740	28 	20 	8 	.714 	-6.41 	-9.27 	8 	2 	0.0	0.0	0.0	0.0	2195 	2012 	0.0	758 	1664 	.456 	202 	622 	.325 	477 	698 	.683 	0.0	955 	436 	340 	88 	0.0	
220 	741	33 	20 	13 	.606 	9.52 	5.59 	10 	6 	0.0	0.0	0.0	0.0	2377 	2245 	0.0	881 	1912 	.461 	130 	380 	.342 	485 	731 	.663 	0.0	1333 	468 	194 	149 	0.0	
221 	742	28 	18 	10 	.643 	6.80 	1.73 	8 	6 	0.0	0.0	0.0	0.0	1911 	1737 	0.0	641 	1475 	.435 	179 	501 	.357 	450 	686 	.656 	0.0	1154 	373 	190 	79 	0.0	
222 	743	27 	15 	12 	.556 	-2.34 	-3.49 	10 	6 	0.0	0.0	0.0	0.0	1816 	1785 	0.0	647 	1447 	.447 	169 	469 	.360 	353 	491 	.719 	0.0	954 	347 	153 	110 	0.0	
223 	744	28 	12 	16 	.429 	-3.89 	-4.89 	7 	11 	0.0	0.0	0.0	0.0	2053 	2025 	0.0	703 	1543 	.456 	181 	473 	.383 	466 	670 	.696 	0.0	1102 	438 	215 	80 	0.0	
224 	745	27 	15 	12 	.556 	-6.55 	-8.17 	12 	8 	0.0	0.0	0.0	0.0	1951 	1870 	0.0	675 	1529 	.441 	149 	423 	.352 	452 	594 	.761 	0.0	1041 	381 	215 	40 	0.0	
225 	746	32 	19 	13 	.594 	12.30 	7.30 	9 	9 	0.0	0.0	0.0	0.0	2248 	2088 	0.0	740 	1663 	.445 	198 	548 	.361 	570 	808 	.705 	0.0	1148 	466 	260 	85 	0.0	
226 	566	26 	3 	23 	.115 	-18.40 	-0.67 	3 	13 	0.0	0.0	0.0	0.0	1568 	2029 	0.0	598 	1570 	.381 	179 	548 	.327 	193 	348 	.555 	0.0	948 	333 	198 	104 	0.0	
227 	777	26 	9 	17 	.346 	-12.74 	-8.24 	7 	13 	0.0	0.0	0.0	0.0	1751 	1868 	0.0	634 	1476 	.430 	151 	461 	.328 	332 	530 	.626 	0.0	944 	359 	219 	71 	0.0	
228 	779	30 	12 	18 	.400 	2.18 	5.04 	5 	11 	0.0	0.0	0.0	0.0	1981 	2028 	0.0	700 	1759 	.398 	161 	474 	.340 	420 	666 	.631 	0.0	1173 	396 	180 	116 	0.0	
229 	780	31 	15 	16 	.484 	8.77 	7.19 	8 	8 	0.0	0.0	0.0	0.0	2024 	1975 	0.0	712 	1684 	.423 	186 	538 	.346 	414 	607 	.682 	0.0	1120 	430 	260 	79 	0.0	
230 	781	31 	13 	18 	.419 	-2.48 	0.22 	5 	9 	0.0	0.0	0.0	0.0	2108 	2182 	0.0	709 	1738 	.408 	267 	737 	.362 	420 	601 	.699 	0.0	1176 	440 	171 	45 	0.0	
231 	782	29 	14 	15 	.483 	-6.35 	-5.00 	10 	8 	0.0	0.0	0.0	0.0	2021 	2060 	0.0	761 	1704 	.447 	95 	276 	.344 	404 	607 	.666 	0.0	1149 	450 	257 	97 	0.0	
232 	751	26 	10 	16 	.385 	-13.10 	-6.18 	7 	11 	0.0	0.0	0.0	0.0	1832 	1990 	0.0	653 	1534 	.426 	151 	489 	.309 	375 	531 	.706 	0.0	1025 	388 	189 	54 	0.0	
233 	752	30 	24 	6 	.800 	0.17 	-9.16 	15 	1 	0.0	0.0	0.0	0.0	2188 	1881 	0.0	729 	1487 	.490 	278 	762 	.365 	452 	657 	.688 	0.0	980 	482 	235 	94 	0.0	
234 	754	26 	4 	22 	.154 	-11.73 	2.19 	2 	12 	0.0	0.0	0.0	0.0	1745 	2039 	0.0	615 	1498 	.411 	131 	437 	.300 	384 	627 	.612 	0.0	965 	333 	206 	58 	0.0	
235 	753	27 	18 	9 	.667 	3.45 	-0.87 	9 	5 	0.0	0.0	0.0	0.0	1823 	1677 	0.0	619 	1323 	.468 	152 	424 	.358 	433 	593 	.730 	0.0	1001 	385 	143 	53 	0.0	
236 	755	30 	12 	18 	.400 	-2.93 	2.38 	4 	10 	0.0	0.0	0.0	0.0	1905 	2043 	0.0	649 	1629 	.398 	166 	526 	.316 	441 	659 	.669 	0.0	1179 	367 	223 	103 	0.0	
237 	756	28 	12 	16 	.429 	0.07 	0.77 	5 	9 	0.0	0.0	0.0	0.0	1827 	1805 	0.0	662 	1505 	.440 	132 	365 	.362 	371 	588 	.631 	0.0	1028 	397 	197 	53 	0.0	
238 	758	29 	14 	15 	.483 	-1.69 	1.62 	8 	6 	0.0	0.0	0.0	0.0	1886 	1982 	0.0	639 	1513 	.422 	143 	412 	.347 	465 	652 	.713 	0.0	1083 	354 	135 	63 	0.0	
239 	764	30 	15 	15 	.500 	9.42 	8.04 	8 	10 	0.0	0.0	0.0	0.0	2029 	1927 	0.0	718 	1714 	.419 	162 	507 	.320 	432 	592 	.730 	0.0	1144 	430 	225 	127 	0.0	
240 	766	31 	25 	6 	.806 	2.07 	-4.87 	13 	5 	0.0	0.0	0.0	0.0	2686 	2473 	0.0	884 	1966 	.450 	246 	662 	.372 	672 	854 	.787 	0.0	1330 	495 	321 	115 	0.0	
241 	768	27 	11 	16 	.407 	-4.25 	0.83 	6 	8 	0.0	0.0	0.0	0.0	1611 	1728 	0.0	595 	1346 	.442 	90 	293 	.307 	331 	524 	.632 	0.0	980 	410 	189 	30 	0.0	
242 	747	29 	17 	12 	.586 	-11.75 	-9.34 	14 	4 	0.0	0.0	0.0	0.0	1905 	1976 	0.0	655 	1673 	.392 	180 	511 	.352 	415 	635 	.654 	0.0	1266 	328 	176 	131 	0.0	
243 	769	29 	8 	21 	.276 	0.57 	8.12 	3 	13 	0.0	0.0	0.0	0.0	1745 	1964 	0.0	622 	1563 	.398 	168 	503 	.334 	333 	497 	.670 	0.0	1073 	333 	191 	89 	0.0	
244 	771	28 	14 	14 	.500 	7.93 	4.00 	6 	10 	0.0	0.0	0.0	0.0	2006 	1896 	0.0	746 	1716 	.435 	130 	436 	.298 	385 	652 	.590 	0.0	1185 	423 	293 	106 	0.0	
245 	762	29 	20 	9 	.690 	0.99 	-4.49 	15 	3 	0.0	0.0	0.0	0.0	2044 	1834 	0.0	718 	1594 	.450 	167 	491 	.340 	441 	611 	.722 	0.0	1166 	398 	183 	117 	0.0	
246 	761	26 	6 	20 	.231 	-22.23 	-6.81 	3 	15 	0.0	0.0	0.0	0.0	1825 	2158 	0.0	647 	1600 	.404 	175 	498 	.351 	356 	563 	.632 	0.0	1129 	323 	182 	84 	0.0	
247 	818	28 	15 	13 	.536 	11.27 	7.63 	7 	11 	0.0	0.0	0.0	0.0	2123 	2021 	0.0	752 	1706 	.441 	182 	529 	.344 	437 	630 	.694 	0.0	1157 	437 	264 	124 	0.0	
248 	749	27 	15 	12 	.556 	7.32 	5.43 	10 	8 	0.0	0.0	0.0	0.0	1746 	1695 	0.0	611 	1525 	.401 	213 	642 	.332 	311 	496 	.627 	0.0	1067 	410 	202 	61 	0.0	
249 	767	30 	15 	15 	.500 	2.05 	2.73 	7 	7 	0.0	0.0	0.0	0.0	2236 	2232 	0.0	788 	1970 	.400 	190 	631 	.301 	470 	732 	.642 	0.0	1378 	355 	248 	123 	0.0	
250 	772	30 	14 	16 	.467 	4.16 	2.96 	6 	10 	0.0	0.0	0.0	0.0	1871 	1835 	0.0	650 	1531 	.425 	126 	400 	.315 	445 	626 	.711 	0.0	1095 	366 	202 	90 	0.0	
251 	774	30 	13 	17 	.433 	-7.62 	-3.12 	6 	8 	0.0	0.0	0.0	0.0	2193 	2264 	0.0	766 	1690 	.453 	200 	573 	.349 	461 	652 	.707 	0.0	1129 	454 	219 	123 	0.0	
252 	773	28 	21 	7 	.750 	-7.21 	-13.92 	13 	3 	0.0	0.0	0.0	0.0	2372 	2155 	0.0	844 	1876 	.450 	142 	436 	.326 	542 	791 	.685 	0.0	1286 	401 	324 	108 	0.0	
253 	775	29 	14 	15 	.483 	0.97 	2.01 	8 	8 	0.0	0.0	0.0	0.0	1860 	1890 	0.0	684 	1675 	.408 	127 	492 	.258 	365 	553 	.660 	0.0	1145 	330 	283 	135 	0.0	
254 	776	28 	20 	8 	.714 	-3.61 	-7.58 	16 	4 	0.0	0.0	0.0	0.0	2246 	2125 	0.0	767 	1733 	.443 	232 	660 	.352 	480 	712 	.674 	0.0	1101 	455 	315 	84 	0.0	
255 	778	37 	28 	9 	.757 	22.71 	9.09 	14 	4 	0.0	0.0	0.0	0.0	2924 	2420 	0.0	1070 	2333 	.459 	226 	633 	.357 	558 	818 	.682 	0.0	1503 	617 	365 	121 	0.0	
256 	783	33 	26 	7 	.788 	22.21 	10.34 	15 	3 	0.0	0.0	0.0	0.0	2425 	2006 	0.0	801 	1830 	.438 	194 	563 	.345 	629 	891 	.706 	0.0	1483 	515 	187 	96 	0.0	
257 	765	26 	4 	22 	.154 	-16.81 	-6.41 	2 	16 	0.0	0.0	0.0	0.0	1794 	2038 	0.0	677 	1597 	.424 	125 	381 	.328 	315 	492 	.640 	0.0	1023 	424 	241 	64 	0.0	
258 	784	27 	14 	13 	.519 	-8.20 	-9.66 	10 	6 	0.0	0.0	0.0	0.0	1860 	1778 	0.0	674 	1518 	.444 	106 	300 	.353 	406 	577 	.704 	0.0	1117 	371 	193 	64 	0.0	
259 	786	33 	21 	12 	.636 	15.86 	7.64 	10 	8 	0.0	0.0	0.0	0.0	2387 	2086 	0.0	879 	1963 	.448 	184 	591 	.311 	445 	671 	.663 	0.0	1401 	538 	328 	229 	0.0	
260 	789	35 	24 	11 	.686 	17.05 	8.97 	13 	3 	0.0	0.0	0.0	0.0	2331 	2048 	0.0	821 	1985 	.414 	227 	735 	.309 	462 	706 	.654 	0.0	1374 	447 	349 	128 	0.0	
261 	797	26 	8 	18 	.308 	-14.00 	-3.39 	5 	13 	0.0	0.0	0.0	0.0	1666 	1864 	0.0	609 	1286 	.474 	180 	518 	.347 	268 	363 	.738 	0.0	755 	414 	198 	75 	0.0	
262 	791	27 	12 	15 	.444 	-10.33 	-5.21 	9 	9 	0.0	0.0	0.0	0.0	1918 	1986 	0.0	698 	1699 	.411 	171 	521 	.328 	351 	537 	.654 	0.0	1128 	345 	194 	73 	0.0	
263 	792	27 	12 	15 	.444 	-10.09 	-5.13 	8 	10 	0.0	0.0	0.0	0.0	1814 	1874 	0.0	599 	1461 	.410 	197 	567 	.347 	419 	581 	.721 	0.0	1004 	326 	179 	56 	0.0	
264 	790	30 	21 	9 	.700 	14.08 	6.45 	12 	4 	0.0	0.0	0.0	0.0	2178 	1949 	0.0	720 	1704 	.423 	201 	606 	.332 	537 	771 	.696 	0.0	1277 	410 	262 	190 	0.0	
265 	794	27 	12 	15 	.444 	-0.85 	2.92 	5 	11 	0.0	0.0	0.0	0.0	1871 	1973 	0.0	625 	1519 	.411 	162 	522 	.310 	459 	666 	.689 	0.0	1082 	381 	217 	73 	0.0	
266 	819	26 	10 	16 	.385 	-11.47 	-7.72 	8 	10 	0.0	0.0	0.0	0.0	1850 	1931 	0.0	663 	1555 	.426 	151 	441 	.342 	373 	538 	.693 	0.0	1029 	396 	229 	47 	0.0	
267 	788	32 	21 	11 	.656 	10.00 	4.90 	7 	7 	0.0	0.0	0.0	0.0	2776 	2593 	0.0	1006 	2050 	.491 	228 	588 	.388 	536 	783 	.685 	0.0	1377 	650 	248 	130 	0.0	
268 	824	28 	16 	12 	.571 	4.42 	1.38 	8 	6 	0.0	0.0	0.0	0.0	1934 	1831 	0.0	632 	1399 	.452 	163 	445 	.366 	507 	717 	.707 	0.0	1039 	364 	168 	69 	0.0	
269 	803	27 	5 	22 	.185 	-8.08 	0.66 	0.0	0.0	0.0	0.0	0.0	0.0	1988 	2224 	0.0	751 	1790 	.420 	217 	645 	.336 	269 	397 	.678 	0.0	983 	387 	272 	48 	0.0	
270 	820	29 	18 	11 	.621 	-6.47 	-7.03 	12 	6 	0.0	0.0	0.0	0.0	2247 	2188 	0.0	804 	1697 	.474 	196 	569 	.344 	443 	719 	.616 	0.0	1128 	469 	233 	123 	0.0	
271 	804	27 	8 	19 	.296 	-17.98 	-9.94 	6 	10 	0.0	0.0	0.0	0.0	1748 	1920 	0.0	618 	1495 	.413 	103 	406 	.254 	409 	594 	.689 	0.0	1021 	318 	236 	51 	0.0	
272 	795	28 	19 	9 	.679 	-3.12 	-8.23 	13 	5 	0.0	0.0	0.0	0.0	1991 	1767 	0.0	710 	1655 	.429 	135 	412 	.328 	436 	648 	.673 	0.0	1281 	353 	219 	75 	0.0	
273 	796	30 	13 	17 	.433 	-0.34 	3.06 	5 	11 	0.0	0.0	0.0	0.0	2109 	2211 	0.0	729 	1618 	.451 	178 	455 	.391 	473 	687 	.689 	0.0	1211 	432 	204 	139 	0.0	
274 	793	32 	19 	13 	.594 	10.32 	6.79 	13 	3 	0.0	0.0	0.0	0.0	2189 	2076 	0.0	748 	1763 	.424 	153 	472 	.324 	540 	831 	.650 	0.0	1384 	369 	261 	162 	0.0	
275 	798	28 	19 	9 	.679 	8.45 	3.09 	11 	7 	0.0	0.0	0.0	0.0	1983 	1774 	0.0	676 	1493 	.453 	154 	459 	.336 	477 	690 	.691 	0.0	1051 	350 	250 	46 	0.0	
276 	799	28 	6 	22 	.214 	-14.90 	-5.12 	4 	14 	0.0	0.0	0.0	0.0	1663 	1937 	0.0	601 	1474 	.408 	134 	432 	.310 	327 	476 	.687 	0.0	935 	355 	209 	60 	0.0	
277 	800	27 	9 	18 	.333 	-16.31 	-8.51 	6 	10 	0.0	0.0	0.0	0.0	2051 	2230 	0.0	701 	1717 	.408 	229 	716 	.320 	420 	584 	.719 	0.0	1025 	338 	212 	40 	0.0	
278 	801	27 	12 	15 	.444 	1.75 	2.82 	6 	10 	0.0	0.0	0.0	0.0	1906 	1935 	0.0	673 	1580 	.426 	139 	414 	.336 	421 	653 	.645 	0.0	1103 	349 	279 	85 	0.0	
279 	802	33 	23 	10 	.697 	10.72 	4.45 	9 	5 	0.0	0.0	0.0	0.0	2319 	2112 	0.0	776 	1785 	.435 	223 	633 	.352 	544 	826 	.659 	0.0	1398 	462 	291 	185 	0.0	
280 	810	31 	22 	9 	.710 	15.26 	8.84 	12 	6 	0.0	0.0	0.0	0.0	2392 	2193 	0.0	899 	1981 	.454 	163 	497 	.328 	431 	723 	.596 	0.0	1334 	487 	308 	113 	0.0	
281 	822	28 	15 	13 	.536 	0.21 	-2.23 	8 	8 	0.0	0.0	0.0	0.0	2006 	1903 	0.0	740 	1551 	.477 	143 	409 	.350 	383 	588 	.651 	0.0	1122 	391 	166 	68 	0.0	
282 	821	33 	28 	5 	.848 	17.97 	3.30 	14 	0 	0.0	0.0	0.0	0.0	2352 	1827 	0.0	863 	1808 	.477 	212 	615 	.345 	414 	592 	.699 	0.0	1264 	527 	237 	122 	0.0	
283 	826	32 	23 	9 	.719 	4.40 	-3.64 	10 	4 	0.0	0.0	0.0	0.0	2326 	2046 	0.0	835 	1776 	.470 	209 	616 	.339 	447 	632 	.707 	0.0	1293 	525 	204 	146 	0.0	
284 	827	29 	14 	15 	.483 	5.78 	6.71 	5 	11 	0.0	0.0	0.0	0.0	2091 	2075 	0.0	717 	1724 	.416 	242 	674 	.359 	415 	594 	.699 	0.0	1163 	401 	258 	61 	0.0	
285 	828	27 	11 	16 	.407 	-10.60 	-8.38 	7 	11 	0.0	0.0	0.0	0.0	1764 	1824 	0.0	625 	1621 	.386 	148 	473 	.313 	366 	551 	.664 	0.0	1073 	321 	185 	91 	0.0	
286 	829	32 	21 	11 	.656 	12.02 	7.89 	10 	8 	0.0	0.0	0.0	0.0	2399 	2262 	0.0	834 	1867 	.447 	224 	622 	.360 	507 	693 	.732 	0.0	1271 	484 	232 	146 	0.0	
287 	825	31 	15 	16 	.484 	-2.07 	-2.30 	8 	8 	0.0	0.0	0.0	0.0	2221 	2214 	0.0	782 	1893 	.413 	241 	667 	.361 	416 	617 	.674 	0.0	1303 	408 	231 	133 	0.0	
288 	832	27 	12 	15 	.444 	-13.96 	-4.78 	9 	7 	0.0	0.0	0.0	0.0	1897 	2020 	0.0	674 	1649 	.409 	144 	491 	.293 	405 	598 	.677 	0.0	1012 	368 	297 	77 	0.0	
289 	831	28 	13 	15 	.464 	0.71 	1.46 	7 	9 	0.0	0.0	0.0	0.0	1829 	1850 	0.0	667 	1558 	.428 	157 	434 	.362 	338 	534 	.633 	0.0	1083 	337 	172 	155 	0.0	
290 	830	30 	14 	16 	.467 	7.00 	9.14 	4 	12 	0.0	0.0	0.0	0.0	2183 	2210 	0.0	745 	1761 	.423 	203 	637 	.319 	490 	668 	.734 	0.0	1095 	411 	257 	156 	0.0	
291 	838	27 	9 	18 	.333 	-12.08 	-7.15 	7 	13 	0.0	0.0	0.0	0.0	1805 	1938 	0.0	625 	1479 	.423 	143 	424 	.337 	412 	648 	.636 	0.0	1079 	415 	228 	132 	0.0	
292 	839	31 	17 	14 	.548 	9.81 	8.13 	7 	9 	0.0	0.0	0.0	0.0	2066 	2014 	0.0	699 	1622 	.431 	191 	554 	.345 	477 	662 	.721 	0.0	1230 	355 	190 	64 	0.0	
293 	841	29 	10 	19 	.345 	2.95 	8.80 	4 	14 	0.0	0.0	0.0	0.0	2116 	2274 	0.0	691 	1643 	.421 	202 	545 	.371 	532 	751 	.708 	0.0	1067 	325 	238 	75 	0.0	
294 	840	29 	17 	12 	.586 	11.62 	10.02 	10 	8 	0.0	0.0	0.0	0.0	2152 	2073 	0.0	749 	1571 	.477 	142 	408 	.348 	512 	768 	.667 	0.0	1177 	445 	188 	93 	0.0	
295 	842	33 	25 	8 	.758 	5.31 	0.21 	13 	3 	0.0	0.0	0.0	0.0	2611 	2409 	0.0	947 	1978 	.479 	211 	559 	.377 	506 	716 	.707 	0.0	1284 	525 	311 	89 	0.0	
296 	843	29 	10 	19 	.345 	2.98 	8.55 	4 	14 	0.0	0.0	0.0	0.0	1934 	2063 	0.0	723 	1676 	.431 	141 	433 	.326 	347 	543 	.639 	0.0	1090 	416 	260 	118 	0.0	
297 	833	29 	8 	21 	.276 	-21.99 	-2.23 	2 	14 	0.0	0.0	0.0	0.0	1854 	2292 	0.0	643 	1627 	.395 	185 	582 	.318 	383 	595 	.644 	0.0	1059 	362 	205 	57 	0.0	
298 	834	28 	16 	12 	.571 	-3.75 	-3.67 	9 	5 	0.0	0.0	0.0	0.0	2025 	2019 	0.0	712 	1542 	.462 	180 	492 	.366 	421 	636 	.662 	0.0	1091 	455 	171 	55 	0.0	
299 	835	29 	13 	16 	.448 	-1.39 	1.04 	7 	7 	0.0	0.0	0.0	0.0	1862 	1927 	0.0	646 	1508 	.428 	160 	483 	.331 	410 	577 	.711 	0.0	1007 	334 	215 	40 	0.0	
300 	836	26 	11 	15 	.423 	-1.02 	3.54 	6 	12 	0.0	0.0	0.0	0.0	1823 	1924 	0.0	626 	1445 	.433 	136 	419 	.325 	435 	568 	.766 	0.0	911 	333 	204 	64 	0.0	
301 	846	30 	13 	17 	.433 	1.48 	3.34 	6 	12 	0.0	0.0	0.0	0.0	2092 	2117 	0.0	719 	1593 	.451 	217 	569 	.381 	437 	634 	.689 	0.0	1087 	465 	209 	66 	0.0	
302 	847	27 	8 	19 	.296 	-10.44 	-3.60 	3 	13 	0.0	0.0	0.0	0.0	1742 	1852 	0.0	642 	1542 	.416 	180 	548 	.328 	278 	419 	.663 	0.0	979 	338 	183 	93 	0.0	
303 	848	29 	21 	8 	.724 	-6.67 	-8.72 	9 	1 	0.0	0.0	0.0	0.0	1995 	1874 	0.0	673 	1558 	.432 	196 	561 	.349 	453 	692 	.655 	0.0	1133 	414 	215 	79 	0.0	
304 	849	32 	22 	10 	.688 	17.28 	10.37 	9 	7 	0.0	0.0	0.0	0.0	1987 	1766 	0.0	685 	1573 	.435 	204 	572 	.357 	413 	558 	.740 	0.0	1037 	433 	224 	78 	0.0	
305 	850	27 	11 	16 	.407 	-9.90 	-5.54 	8 	8 	0.0	0.0	0.0	0.0	1875 	1912 	0.0	663 	1559 	.425 	175 	479 	.365 	374 	546 	.685 	0.0	994 	355 	238 	89 	0.0	
306 	851	27 	9 	18 	.333 	-5.36 	-1.83 	4 	10 	0.0	0.0	0.0	0.0	1859 	1924 	0.0	658 	1530 	.430 	99 	323 	.307 	444 	640 	.694 	0.0	1100 	340 	213 	120 	0.0	
307 	852	28 	18 	10 	.643 	7.05 	1.98 	7 	7 	0.0	0.0	0.0	0.0	2286 	2144 	0.0	802 	1876 	.428 	188 	598 	.314 	494 	761 	.649 	0.0	1332 	540 	264 	102 	0.0	
308 	853	36 	25 	11 	.694 	12.95 	3.89 	12 	4 	0.0	0.0	0.0	0.0	2783 	2457 	0.0	926 	2080 	.445 	275 	791 	.348 	656 	893 	.735 	0.0	1426 	496 	327 	141 	0.0	
309 	854	26 	4 	22 	.154 	-17.87 	-8.75 	2 	12 	0.0	0.0	0.0	0.0	1543 	1742 	0.0	564 	1346 	.419 	137 	442 	.310 	278 	422 	.659 	0.0	925 	298 	165 	59 	0.0	
310 	855	28 	14 	14 	.500 	-2.94 	-4.60 	9 	5 	0.0	0.0	0.0	0.0	1890 	1810 	0.0	701 	1606 	.436 	185 	523 	.354 	303 	426 	.711 	0.0	1063 	437 	210 	88 	0.0	