1 	502	28 	8 	20 	.286 	-5.07 	2.58 	4 	10 	0.0	0.0	0.0	0.0	1889 	2046 	0.0	654 	1673 	.391 	184 	590 	.312 	397 	610 	.651 	0.0	1091 	336 	243 	53 	0.0	
2 	503	28 	17 	11 	.607 	3.44 	1.32 	11 	7 	0.0	0.0	0.0	0.0	2126 	2009 	0.0	705 	1574 	.448 	131 	406 	.323 	585 	767 	.763 	0.0	1088 	431 	226 	89 	0.0	
3 	505	28 	18 	10 	.643 	-12.27 	-12.07 	14 	4 	0.0	0.0	0.0	0.0	2126 	2036 	0.0	764 	1929 	.396 	168 	550 	.305 	430 	661 	.651 	0.0	1277 	386 	366 	99 	0.0	
4 	805	28 	14 	14 	.500 	3.41 	4.94 	7 	9 	0.0	0.0	0.0	0.0	2053 	2096 	0.0	737 	1771 	.416 	145 	466 	.311 	434 	664 	.654 	0.0	1197 	365 	257 	87 	0.0	
5 	506	28 	13 	15 	.464 	-16.56 	-12.35 	10 	8 	0.0	0.0	0.0	0.0	1867 	1931 	0.0	648 	1551 	.418 	144 	446 	.323 	429 	672 	.638 	0.0	1153 	341 	238 	83 	0.0	
6 	504	29 	13 	16 	.448 	7.44 	7.62 	6 	10 	0.0	0.0	0.0	0.0	2094 	2099 	0.0	715 	1665 	.429 	186 	540 	.344 	478 	673 	.710 	0.0	1212 	312 	184 	120 	0.0	
7 	507	28 	11 	17 	.393 	-15.51 	-9.59 	0.0	0.0	0.0	0.0	0.0	0.0	1828 	1920 	0.0	663 	1545 	.429 	236 	649 	.364 	266 	385 	.691 	0.0	908 	402 	234 	111 	0.0	
8 	508	29 	19 	10 	.655 	-9.90 	-11.60 	15 	3 	0.0	0.0	0.0	0.0	2161 	2036 	0.0	767 	1727 	.444 	135 	455 	.297 	458 	654 	.700 	0.0	1260 	410 	300 	71 	0.0	
9 	509	29 	11 	18 	.379 	-6.13 	-3.42 	5 	11 	0.0	0.0	0.0	0.0	1904 	1962 	0.0	714 	1778 	.402 	118 	411 	.287 	358 	566 	.633 	0.0	1011 	376 	274 	118 	0.0	
10 	510	32 	23 	9 	.719 	2.49 	-3.75 	13 	3 	0.0	0.0	0.0	0.0	2530 	2228 	0.0	915 	1882 	.486 	200 	515 	.388 	500 	705 	.709 	0.0	1238 	534 	325 	127 	0.0	
11 	512	32 	19 	13 	.594 	12.11 	8.75 	10 	8 	0.0	0.0	0.0	0.0	2539 	2395 	0.0	924 	2127 	.434 	162 	481 	.337 	529 	726 	.729 	0.0	1349 	516 	274 	87 	0.0	
12 	511	34 	27 	7 	.794 	18.97 	9.70 	15 	3 	0.0	0.0	0.0	0.0	2599 	2284 	0.0	904 	1976 	.457 	155 	482 	.322 	636 	871 	.730 	0.0	1444 	537 	255 	192 	0.0	
13 	513	28 	4 	24 	.143 	-12.17 	-2.77 	1 	15 	0.0	0.0	0.0	0.0	1885 	2148 	0.0	662 	1493 	.443 	182 	505 	.360 	379 	551 	.688 	0.0	911 	329 	151 	60 	0.0	
14 	514	27 	6 	21 	.222 	-24.29 	-10.05 	5 	13 	0.0	0.0	0.0	0.0	1828 	2164 	0.0	667 	1568 	.425 	95 	359 	.265 	399 	667 	.598 	0.0	1152 	327 	277 	91 	0.0	
15 	516	28 	10 	18 	.357 	-4.73 	-0.48 	7 	9 	0.0	0.0	0.0	0.0	2004 	2123 	0.0	714 	1637 	.436 	191 	569 	.336 	385 	547 	.704 	0.0	1018 	423 	215 	66 	0.0	
16 	515	34 	19 	15 	.559 	12.37 	7.76 	7 	9 	0.0	0.0	0.0	0.0	2529 	2372 	0.0	931 	2168 	.429 	292 	832 	.351 	375 	622 	.603 	0.0	1309 	458 	379 	120 	0.0	
17 	517	28 	5 	23 	.179 	-19.89 	-6.43 	2 	10 	0.0	0.0	0.0	0.0	1482 	1796 	0.0	536 	1476 	.363 	132 	429 	.308 	278 	449 	.619 	0.0	969 	266 	222 	62 	0.0	
18 	518	34 	24 	10 	.706 	13.59 	8.20 	9 	7 	0.0	0.0	0.0	0.0	2423 	2190 	0.0	874 	2118 	.413 	227 	695 	.327 	448 	684 	.655 	0.0	1475 	438 	247 	110 	0.0	
19 	519	28 	18 	10 	.643 	0.95 	-3.29 	11 	7 	0.0	0.0	0.0	0.0	2110 	1949 	0.0	797 	1618 	.493 	160 	438 	.365 	356 	492 	.724 	0.0	1060 	426 	175 	106 	0.0	
20 	520	31 	22 	9 	.710 	7.84 	3.17 	11 	7 	0.0	0.0	0.0	0.0	2300 	2138 	0.0	834 	1840 	.453 	215 	538 	.400 	417 	681 	.612 	0.0	1258 	428 	258 	131 	0.0	
21 	521	29 	14 	15 	.483 	2.20 	4.59 	4 	12 	0.0	0.0	0.0	0.0	1933 	1966 	0.0	686 	1622 	.423 	207 	639 	.324 	354 	550 	.644 	0.0	1120 	429 	257 	129 	0.0	
22 	522	28 	7 	21 	.250 	-10.98 	-1.39 	0.0	0.0	0.0	0.0	0.0	0.0	1923 	2107 	0.0	633 	1521 	.416 	273 	776 	.352 	384 	539 	.712 	0.0	985 	412 	154 	46 	0.0	
23 	523	29 	14 	15 	.483 	-8.85 	-9.63 	12 	6 	0.0	0.0	0.0	0.0	2186 	2178 	0.0	773 	1775 	.435 	182 	506 	.360 	458 	686 	.668 	0.0	1190 	397 	242 	65 	0.0	
24 	526	27 	12 	15 	.444 	0.54 	0.51 	6 	10 	0.0	0.0	0.0	0.0	1680 	1679 	0.0	597 	1348 	.443 	129 	368 	.351 	357 	549 	.650 	0.0	913 	291 	211 	55 	0.0	
25 	527	30 	11 	19 	.367 	4.21 	5.07 	3 	13 	0.0	0.0	0.0	0.0	2049 	2075 	0.0	725 	1770 	.410 	165 	547 	.302 	434 	610 	.711 	0.0	1145 	348 	279 	103 	0.0	
26 	528	29 	7 	22 	.241 	-14.27 	-6.51 	5 	13 	0.0	0.0	0.0	0.0	1758 	1987 	0.0	627 	1524 	.411 	172 	497 	.346 	332 	483 	.687 	0.0	1022 	358 	185 	65 	0.0	
27 	529	30 	22 	8 	.733 	3.34 	0.79 	14 	4 	0.0	0.0	0.0	0.0	2251 	2115 	0.0	777 	1578 	.492 	147 	403 	.365 	550 	740 	.743 	0.0	1054 	466 	200 	56 	0.0	
28 	530	30 	14 	16 	.467 	5.25 	3.88 	10 	8 	0.0	0.0	0.0	0.0	1968 	1927 	0.0	721 	1669 	.432 	108 	361 	.299 	418 	636 	.657 	0.0	1163 	400 	259 	87 	0.0	
29 	536	33 	22 	11 	.667 	9.54 	3.54 	7 	7 	0.0	0.0	0.0	0.0	2328 	2107 	0.0	795 	1725 	.461 	192 	515 	.373 	546 	784 	.696 	0.0	1231 	478 	236 	73 	0.0	
30 	531	27 	8 	19 	.296 	-15.14 	-8.95 	4 	10 	0.0	0.0	0.0	0.0	1837 	2004 	0.0	629 	1537 	.409 	156 	485 	.322 	423 	615 	.688 	0.0	1042 	383 	195 	57 	0.0	
31 	533	28 	17 	11 	.607 	-5.50 	-6.76 	8 	4 	0.0	0.0	0.0	0.0	1790 	1719 	0.0	634 	1419 	.447 	111 	346 	.321 	411 	580 	.709 	0.0	1062 	385 	190 	131 	0.0	
32 	534	28 	5 	23 	.179 	-14.00 	1.46 	3 	15 	0.0	0.0	0.0	0.0	1878 	2311 	0.0	636 	1614 	.394 	170 	544 	.313 	436 	661 	.660 	0.0	1078 	356 	197 	117 	0.0	
33 	535	31 	23 	8 	.742 	12.23 	0.01 	12 	2 	0.0	0.0	0.0	0.0	2107 	1728 	0.0	753 	1599 	.471 	153 	406 	.377 	448 	680 	.659 	0.0	1174 	430 	237 	88 	0.0	
34 	538	28 	10 	18 	.357 	-5.59 	-0.11 	5 	11 	0.0	0.0	0.0	0.0	2189 	2280 	0.0	739 	1655 	.447 	227 	615 	.369 	484 	671 	.721 	0.0	1043 	383 	150 	74 	0.0	
35 	564	27 	8 	19 	.296 	-9.37 	-1.21 	3 	13 	0.0	0.0	0.0	0.0	1940 	2104 	0.0	700 	1554 	.450 	163 	472 	.345 	377 	535 	.705 	0.0	952 	349 	165 	71 	0.0	
36 	565	30 	20 	10 	.667 	4.07 	0.41 	10 	6 	0.0	0.0	0.0	0.0	2329 	2208 	0.0	858 	1812 	.474 	202 	563 	.359 	411 	651 	.631 	0.0	1213 	550 	277 	94 	0.0	
37 	807	28 	14 	14 	.500 	-3.51 	-0.77 	7 	9 	0.0	0.0	0.0	0.0	1877 	1893 	0.0	655 	1472 	.445 	169 	483 	.350 	398 	537 	.741 	0.0	986 	345 	176 	70 	0.0	
38 	757	28 	14 	14 	.500 	1.04 	0.16 	10 	6 	0.0	0.0	0.0	0.0	1869 	1823 	0.0	659 	1590 	.414 	171 	510 	.335 	380 	551 	.690 	0.0	1194 	426 	211 	75 	0.0	
39 	539	33 	18 	15 	.545 	9.65 	8.62 	7 	11 	0.0	0.0	0.0	0.0	2375 	2341 	0.0	850 	1926 	.441 	180 	528 	.341 	495 	726 	.682 	0.0	1299 	469 	235 	89 	0.0	
40 	540	28 	12 	16 	.429 	-13.19 	-6.08 	10 	8 	0.0	0.0	0.0	0.0	1760 	1959 	0.0	629 	1450 	.434 	212 	590 	.359 	290 	416 	.697 	0.0	942 	404 	168 	80 	0.0	
41 	541	30 	10 	20 	.333 	-8.87 	-3.81 	8 	10 	0.0	0.0	0.0	0.0	2189 	2341 	0.0	783 	1817 	.431 	173 	507 	.341 	450 	648 	.694 	0.0	1232 	477 	211 	103 	0.0	
42 	543	28 	10 	18 	.357 	-9.88 	-1.61 	0.0	0.0	0.0	0.0	0.0	0.0	1780 	1924 	0.0	618 	1511 	.409 	153 	437 	.350 	391 	580 	.674 	0.0	1104 	280 	152 	51 	0.0	
43 	544	31 	25 	6 	.806 	0.42 	-9.55 	15 	3 	0.0	0.0	0.0	0.0	2282 	1973 	0.0	832 	1845 	.451 	148 	416 	.356 	470 	665 	.707 	0.0	1346 	451 	276 	156 	0.0	
44 	809	32 	14 	18 	.438 	-6.47 	-4.85 	10 	8 	0.0	0.0	0.0	0.0	2293 	2320 	0.0	837 	1854 	.451 	233 	586 	.398 	386 	608 	.635 	0.0	1242 	473 	233 	119 	0.0	
45 	537	29 	6 	23 	.207 	-4.64 	2.79 	2 	16 	0.0	0.0	0.0	0.0	1985 	2175 	0.0	718 	1635 	.439 	190 	526 	.361 	359 	526 	.683 	0.0	971 	419 	178 	46 	0.0	
46 	545	29 	8 	21 	.276 	-18.68 	-7.10 	3 	11 	0.0	0.0	0.0	0.0	1883 	2153 	0.0	660 	1568 	.421 	79 	320 	.247 	484 	768 	.630 	0.0	1177 	303 	260 	114 	0.0	
47 	546	33 	17 	16 	.515 	10.99 	8.60 	7 	9 	0.0	0.0	0.0	0.0	2246 	2167 	0.0	797 	1986 	.401 	266 	810 	.328 	386 	547 	.706 	0.0	1344 	430 	221 	78 	0.0	
48 	547	29 	10 	19 	.345 	-8.02 	-4.64 	6 	10 	0.0	0.0	0.0	0.0	2018 	2102 	0.0	717 	1609 	.446 	203 	540 	.376 	381 	610 	.625 	0.0	1121 	406 	190 	89 	0.0	
49 	548	28 	10 	18 	.357 	-10.64 	-3.05 	7 	9 	0.0	0.0	0.0	0.0	1832 	2029 	0.0	678 	1633 	.415 	139 	442 	.314 	337 	527 	.639 	0.0	1084 	392 	187 	99 	0.0	
50 	549	33 	29 	4 	.879 	24.62 	8.50 	16 	0 	0.0	0.0	0.0	0.0	2560 	2028 	0.0	898 	1871 	.480 	165 	459 	.359 	599 	854 	.701 	0.0	1399 	513 	236 	223 	0.0	
51 	550	29 	9 	20 	.310 	-15.55 	-5.67 	5 	10 	0.0	0.0	0.0	0.0	1891 	2109 	0.0	631 	1565 	.403 	191 	546 	.350 	438 	655 	.669 	0.0	1105 	316 	213 	83 	0.0	
52 	551	30 	10 	20 	.333 	1.83 	7.39 	4 	12 	0.0	0.0	0.0	0.0	1933 	2100 	0.0	680 	1682 	.404 	189 	570 	.332 	384 	572 	.671 	0.0	1263 	389 	146 	93 	0.0	
53 	552	30 	16 	14 	.533 	3.19 	-0.16 	9 	5 	0.0	0.0	0.0	0.0	2265 	2164 	0.0	793 	1828 	.434 	172 	495 	.347 	508 	731 	.695 	0.0	1212 	358 	265 	83 	0.0	
54 	553	28 	10 	18 	.357 	-11.71 	-6.64 	7 	7 	0.0	0.0	0.0	0.0	1924 	2109 	0.0	648 	1528 	.424 	224 	551 	.407 	404 	580 	.697 	0.0	960 	308 	214 	45 	0.0	
55 	555	29 	13 	16 	.448 	-11.22 	-7.85 	4 	8 	0.0	0.0	0.0	0.0	1848 	1900 	0.0	673 	1611 	.418 	112 	378 	.296 	390 	591 	.660 	0.0	1062 	353 	225 	85 	0.0	
56 	554	30 	24 	6 	.800 	1.00 	-7.04 	13 	3 	0.0	0.0	0.0	0.0	2035 	1759 	0.0	746 	1588 	.470 	111 	333 	.333 	432 	657 	.658 	0.0	1188 	428 	218 	180 	0.0	
57 	557	30 	18 	12 	.600 	8.24 	3.48 	8 	6 	0.0	0.0	0.0	0.0	2105 	1924 	0.0	720 	1509 	.477 	255 	579 	.440 	410 	583 	.703 	0.0	1004 	430 	193 	133 	0.0	
58 	556	32 	18 	14 	.563 	8.58 	6.33 	7 	9 	0.0	0.0	0.0	0.0	2407 	2299 	0.0	844 	1979 	.426 	154 	454 	.339 	565 	824 	.686 	0.0	1418 	476 	275 	116 	0.0	
59 	558	27 	13 	14 	.481 	-11.79 	-8.25 	7 	7 	0.0	0.0	0.0	0.0	1598 	1654 	0.0	542 	1254 	.432 	198 	526 	.376 	316 	455 	.695 	0.0	873 	359 	155 	90 	0.0	
60 	559	35 	25 	10 	.714 	16.93 	7.58 	10 	6 	0.0	0.0	0.0	0.0	2611 	2284 	0.0	956 	2071 	.462 	184 	477 	.386 	515 	707 	.728 	0.0	1466 	529 	230 	179 	0.0	
61 	560	30 	15 	15 	.500 	-10.66 	-9.36 	13 	5 	0.0	0.0	0.0	0.0	2017 	2056 	0.0	691 	1693 	.408 	177 	514 	.344 	458 	652 	.702 	0.0	1127 	320 	226 	122 	0.0	
62 	561	27 	10 	17 	.370 	-13.94 	-9.13 	3 	11 	0.0	0.0	0.0	0.0	1763 	1852 	0.0	611 	1522 	.401 	162 	476 	.340 	379 	571 	.664 	0.0	1106 	318 	200 	55 	0.0	
63 	562	33 	23 	10 	.697 	8.28 	1.64 	11 	7 	0.0	0.0	0.0	0.0	2410 	2191 	0.0	819 	1717 	.477 	289 	694 	.416 	483 	671 	.720 	0.0	1172 	510 	262 	77 	0.0	
64 	567	27 	9 	18 	.333 	-14.72 	-8.49 	5 	9 	0.0	0.0	0.0	0.0	1792 	1939 	0.0	626 	1544 	.405 	211 	656 	.322 	329 	492 	.669 	0.0	980 	395 	186 	67 	0.0	
65 	568	28 	15 	13 	.536 	-2.73 	-2.69 	10 	6 	0.0	0.0	0.0	0.0	2068 	1973 	0.0	730 	1651 	.442 	193 	592 	.326 	415 	584 	.711 	0.0	1112 	448 	223 	71 	0.0	
66 	569	31 	22 	9 	.710 	9.95 	3.46 	11 	5 	0.0	0.0	0.0	0.0	2214 	2013 	0.0	752 	1735 	.433 	218 	590 	.369 	492 	690 	.713 	0.0	1250 	412 	215 	70 	0.0	
67 	571	28 	6 	22 	.214 	-17.72 	-11.26 	5 	13 	0.0	0.0	0.0	0.0	1758 	1939 	0.0	646 	1498 	.431 	169 	457 	.370 	297 	435 	.683 	0.0	1056 	359 	176 	56 	0.0	
68 	570	32 	24 	8 	.750 	-0.12 	-7.75 	14 	4 	0.0	0.0	0.0	0.0	2447 	2203 	0.0	841 	1823 	.461 	243 	669 	.363 	522 	693 	.753 	0.0	1197 	474 	264 	176 	0.0	
69 	572	28 	6 	22 	.214 	-12.18 	-1.14 	3 	13 	0.0	0.0	0.0	0.0	1850 	2159 	0.0	640 	1734 	.369 	204 	650 	.314 	366 	566 	.647 	0.0	1094 	372 	148 	78 	0.0	
70 	573	33 	21 	12 	.636 	14.67 	7.83 	9 	7 	0.0	0.0	0.0	0.0	2387 	2123 	0.0	877 	1935 	.453 	195 	563 	.346 	438 	655 	.669 	0.0	1403 	494 	267 	126 	0.0	
71 	574	32 	20 	12 	.625 	3.64 	0.14 	8 	6 	0.0	0.0	0.0	0.0	2229 	2064 	0.0	779 	1732 	.450 	228 	594 	.384 	443 	614 	.721 	0.0	1167 	442 	197 	94 	0.0	
72 	575	29 	11 	18 	.379 	-0.81 	0.71 	4 	14 	0.0	0.0	0.0	0.0	1803 	1843 	0.0	621 	1529 	.406 	166 	529 	.314 	395 	565 	.699 	0.0	1003 	396 	212 	49 	0.0	
73 	576	30 	13 	17 	.433 	-10.03 	-7.13 	9 	9 	0.0	0.0	0.0	0.0	1889 	1976 	0.0	670 	1643 	.408 	189 	529 	.357 	360 	518 	.695 	0.0	1183 	336 	160 	38 	0.0	
74 	577	34 	29 	5 	.853 	25.55 	8.88 	15 	1 	0.0	0.0	0.0	0.0	2992 	2425 	0.0	1045 	2172 	.481 	284 	742 	.383 	618 	833 	.742 	0.0	1432 	584 	333 	191 	0.0	
75 	578	29 	9 	20 	.310 	-4.57 	2.50 	4 	12 	0.0	0.0	0.0	0.0	2009 	2214 	0.0	682 	1739 	.392 	178 	567 	.314 	467 	687 	.680 	0.0	1164 	334 	177 	67 	0.0	
76 	583	28 	10 	18 	.357 	-5.82 	-2.60 	5 	11 	0.0	0.0	0.0	0.0	1798 	1851 	0.0	654 	1585 	.413 	200 	586 	.341 	290 	461 	.629 	0.0	1178 	352 	98 	89 	0.0	
77 	586	29 	14 	15 	.483 	-8.71 	-4.97 	8 	8 	0.0	0.0	0.0	0.0	2003 	2057 	0.0	681 	1598 	.426 	150 	415 	.361 	491 	751 	.654 	0.0	1196 	334 	245 	47 	0.0	
78 	579	29 	17 	12 	.586 	1.79 	-1.99 	11 	7 	0.0	0.0	0.0	0.0	2336 	2157 	0.0	860 	1824 	.471 	206 	512 	.402 	410 	569 	.721 	0.0	1180 	510 	241 	92 	0.0	
79 	580	27 	6 	21 	.222 	-14.42 	-1.70 	2 	16 	0.0	0.0	0.0	0.0	1888 	2130 	0.0	676 	1601 	.422 	152 	503 	.302 	384 	547 	.702 	0.0	1097 	370 	179 	105 	0.0	
80 	581	28 	15 	13 	.536 	1.45 	1.87 	9 	9 	0.0	0.0	0.0	0.0	2014 	1977 	0.0	758 	1739 	.436 	153 	452 	.338 	345 	537 	.642 	0.0	1195 	380 	226 	126 	0.0	
81 	582	27 	15 	12 	.556 	2.26 	1.48 	12 	4 	0.0	0.0	0.0	0.0	2002 	1934 	0.0	714 	1629 	.438 	216 	584 	.370 	358 	526 	.681 	0.0	1043 	433 	156 	80 	0.0	
82 	585	28 	13 	15 	.464 	-11.97 	-6.37 	7 	7 	0.0	0.0	0.0	0.0	2083 	2120 	0.0	767 	1648 	.465 	165 	460 	.359 	384 	555 	.692 	0.0	1099 	382 	258 	72 	0.0	
83 	587	30 	18 	12 	.600 	2.68 	0.98 	9 	9 	0.0	0.0	0.0	0.0	2069 	2018 	0.0	721 	1594 	.452 	155 	438 	.354 	472 	634 	.744 	0.0	1069 	458 	202 	59 	0.0	
84 	589	29 	14 	15 	.483 	-3.20 	-2.44 	11 	7 	0.0	0.0	0.0	0.0	2222 	2244 	0.0	752 	1782 	.422 	157 	497 	.316 	561 	785 	.715 	0.0	1292 	385 	247 	70 	0.0	
85 	588	28 	17 	11 	.607 	-7.75 	-7.97 	13 	5 	0.0	0.0	0.0	0.0	1807 	1781 	0.0	619 	1439 	.430 	167 	489 	.342 	402 	634 	.634 	0.0	1112 	322 	210 	85 	0.0	
86 	593	31 	9 	22 	.290 	-20.43 	-9.43 	7 	11 	0.0	0.0	0.0	0.0	1999 	2340 	0.0	708 	1823 	.388 	168 	526 	.319 	413 	713 	.579 	0.0	1275 	342 	273 	67 	0.0	
87 	590	30 	2 	28 	.067 	-23.33 	-3.26 	0 	18 	0.0	0.0	0.0	0.0	1833 	2411 	0.0	625 	1636 	.382 	200 	605 	.331 	383 	539 	.711 	0.0	991 	345 	241 	65 	0.0	
88 	594	30 	16 	14 	.533 	-0.45 	-2.07 	9 	7 	0.0	0.0	0.0	0.0	2167 	2079 	0.0	787 	1794 	.439 	175 	522 	.335 	418 	621 	.673 	0.0	1188 	409 	287 	138 	0.0	
89 	595	29 	12 	17 	.414 	4.42 	10.00 	6 	10 	0.0	0.0	0.0	0.0	1874 	2036 	0.0	656 	1591 	.412 	175 	490 	.357 	387 	566 	.684 	0.0	1169 	352 	153 	120 	0.0	
90 	592	37 	29 	8 	.784 	23.48 	8.51 	12 	4 	0.0	0.0	0.0	0.0	3102 	2548 	0.0	1104 	2299 	.480 	266 	732 	.363 	628 	885 	.710 	0.0	1587 	611 	365 	141 	0.0	
91 	596	29 	14 	15 	.483 	1.71 	2.82 	7 	9 	0.0	0.0	0.0	0.0	2189 	2221 	0.0	768 	1758 	.437 	232 	638 	.364 	421 	563 	.748 	0.0	1149 	453 	257 	93 	0.0	
92 	597	34 	24 	10 	.706 	9.17 	3.58 	11 	3 	0.0	0.0	0.0	0.0	2799 	2609 	0.0	1021 	2167 	.471 	279 	794 	.351 	478 	680 	.703 	0.0	1388 	654 	282 	161 	0.0	
93 	598	32 	14 	18 	.438 	-6.39 	-5.15 	5 	10 	0.0	0.0	0.0	0.0	2252 	2190 	0.0	798 	1769 	.451 	157 	504 	.312 	499 	735 	.679 	0.0	1248 	449 	242 	68 	0.0	
94 	602	30 	19 	11 	.633 	1.00 	-2.37 	12 	4 	0.0	0.0	0.0	0.0	2134 	2033 	0.0	764 	1683 	.454 	176 	510 	.345 	430 	656 	.655 	0.0	1118 	435 	235 	110 	0.0	
95 	599	30 	15 	15 	.500 	4.55 	5.41 	9 	7 	0.0	0.0	0.0	0.0	2417 	2443 	0.0	818 	1998 	.409 	179 	635 	.282 	602 	881 	.683 	0.0	1263 	388 	262 	87 	0.0	
96 	603	34 	19 	15 	.559 	6.63 	5.78 	6 	10 	0.0	0.0	0.0	0.0	2369 	2318 	0.0	839 	2132 	.394 	153 	521 	.294 	538 	822 	.655 	0.0	1627 	448 	318 	226 	0.0	
97 	600	28 	16 	12 	.571 	-7.93 	-5.45 	10 	6 	0.0	0.0	0.0	0.0	2158 	2209 	0.0	795 	1763 	.451 	186 	530 	.351 	382 	556 	.687 	0.0	1058 	451 	247 	73 	0.0	
98 	605	29 	17 	12 	.586 	-2.76 	-6.10 	13 	5 	0.0	0.0	0.0	0.0	2082 	1985 	0.0	755 	1656 	.456 	188 	506 	.372 	384 	579 	.663 	0.0	988 	352 	254 	125 	0.0	
99 	606	30 	13 	17 	.433 	6.23 	7.00 	5 	11 	0.0	0.0	0.0	0.0	2119 	2142 	0.0	725 	1778 	.408 	242 	705 	.343 	427 	625 	.683 	0.0	1289 	456 	196 	147 	0.0	
100 	604	30 	10 	20 	.333 	5.21 	8.71 	3 	13 	0.0	0.0	0.0	0.0	2147 	2252 	0.0	792 	1716 	.462 	145 	423 	.343 	418 	641 	.652 	0.0	1277 	453 	164 	98 	0.0	
101 	607	35 	26 	9 	.743 	16.38 	4.64 	11 	3 	0.0	0.0	0.0	0.0	2719 	2308 	0.0	965 	2014 	.479 	260 	715 	.364 	529 	795 	.665 	0.0	1432 	587 	202 	150 	0.0	
102 	608	31 	1 	30 	.032 	-27.91 	-9.16 	0 	18 	0.0	0.0	0.0	0.0	2251 	2820 	0.0	817 	2006 	.407 	180 	604 	.298 	437 	671 	.651 	0.0	1251 	405 	268 	62 	0.0	
103 	844	30 	14 	16 	.467 	0.64 	1.84 	6 	8 	0.0	0.0	0.0	0.0	1699 	1735 	0.0	610 	1438 	.424 	146 	428 	.341 	333 	477 	.698 	0.0	962 	357 	165 	60 	0.0	
104 	610	29 	17 	12 	.586 	-8.54 	-11.61 	13 	5 	0.0	0.0	0.0	0.0	2165 	2075 	0.0	765 	1708 	.448 	201 	563 	.357 	434 	671 	.647 	0.0	1223 	412 	231 	149 	0.0	
105 	611	29 	10 	19 	.345 	-14.53 	-7.42 	6 	12 	0.0	0.0	0.0	0.0	2073 	2279 	0.0	723 	1768 	.409 	146 	461 	.317 	481 	722 	.666 	0.0	1228 	362 	265 	106 	0.0	
106 	612	27 	12 	15 	.444 	-12.75 	-9.75 	7 	7 	0.0	0.0	0.0	0.0	1780 	1829 	0.0	660 	1582 	.417 	178 	486 	.366 	282 	438 	.644 	0.0	1003 	429 	233 	43 	0.0	
107 	613	29 	17 	12 	.586 	5.09 	2.23 	5 	9 	0.0	0.0	0.0	0.0	2210 	2127 	0.0	818 	1696 	.482 	131 	364 	.360 	443 	627 	.707 	0.0	1177 	516 	201 	107 	0.0	
108 	614	28 	11 	17 	.393 	-15.35 	-6.07 	5 	9 	0.0	0.0	0.0	0.0	1900 	2049 	0.0	671 	1489 	.451 	125 	388 	.322 	433 	651 	.665 	0.0	1049 	361 	271 	60 	0.0	
109 	615	31 	24 	7 	.774 	5.23 	-6.03 	16 	2 	0.0	0.0	0.0	0.0	2307 	1958 	0.0	827 	1813 	.456 	225 	627 	.359 	428 	623 	.687 	0.0	1220 	435 	270 	121 	0.0	
110 	616	28 	10 	18 	.357 	-11.35 	-7.96 	3 	9 	0.0	0.0	0.0	0.0	1677 	1772 	0.0	539 	1330 	.405 	140 	407 	.344 	459 	756 	.607 	0.0	1191 	317 	183 	105 	0.0	
111 	617	31 	9 	22 	.290 	1.94 	6.44 	2 	14 	0.0	0.0	0.0	0.0	2363 	2476 	0.0	834 	1910 	.437 	157 	471 	.333 	538 	775 	.694 	0.0	1250 	407 	254 	80 	0.0	
112 	619	28 	1 	27 	.036 	-26.15 	-6.65 	1 	17 	0.0	0.0	0.0	0.0	1825 	2372 	0.0	681 	1744 	.390 	181 	532 	.340 	282 	442 	.638 	0.0	1013 	325 	207 	49 	0.0	
113 	621	27 	8 	19 	.296 	-5.42 	1.18 	3 	13 	0.0	0.0	0.0	0.0	1893 	2026 	0.0	661 	1568 	.422 	171 	467 	.366 	400 	587 	.681 	0.0	1104 	339 	141 	86 	0.0	
114 	620	29 	12 	17 	.414 	-2.92 	1.53 	6 	10 	0.0	0.0	0.0	0.0	1999 	2065 	0.0	707 	1585 	.446 	184 	507 	.363 	401 	594 	.675 	0.0	1010 	416 	172 	88 	0.0	
115 	622	31 	11 	20 	.355 	-3.84 	0.52 	5 	9 	0.0	0.0	0.0	0.0	2048 	2153 	0.0	743 	1782 	.417 	132 	410 	.322 	430 	621 	.692 	0.0	1230 	398 	217 	73 	0.0	
116 	624	30 	10 	20 	.333 	-2.32 	2.72 	5 	13 	0.0	0.0	0.0	0.0	2031 	2150 	0.0	710 	1585 	.448 	167 	438 	.381 	444 	600 	.740 	0.0	1011 	343 	175 	90 	0.0	
117 	623	32 	22 	10 	.688 	19.73 	9.60 	11 	5 	0.0	0.0	0.0	0.0	2424 	2100 	0.0	834 	1925 	.433 	231 	652 	.354 	525 	763 	.688 	0.0	1307 	499 	297 	119 	0.0	
118 	626	32 	22 	10 	.688 	6.54 	3.22 	14 	4 	0.0	0.0	0.0	0.0	2136 	2030 	0.0	756 	1739 	.435 	161 	453 	.355 	463 	657 	.705 	0.0	1143 	406 	292 	104 	0.0	
119 	625	29 	20 	9 	.690 	19.43 	10.22 	10 	6 	0.0	0.0	0.0	0.0	2253 	1985 	0.0	811 	1697 	.478 	127 	336 	.378 	504 	711 	.709 	0.0	1220 	466 	217 	141 	0.0	
120 	627	31 	20 	11 	.645 	-1.22 	-4.13 	13 	5 	0.0	0.0	0.0	0.0	2443 	2353 	0.0	846 	1877 	.451 	147 	427 	.344 	604 	833 	.725 	0.0	1376 	529 	233 	216 	0.0	
121 	629	37 	32 	5 	.865 	19.08 	7.14 	14 	2 	0.0	0.0	0.0	0.0	2898 	2409 	0.0	1038 	2140 	.485 	190 	518 	.367 	632 	899 	.703 	0.0	1539 	565 	277 	119 	0.0	
122 	628	30 	14 	16 	.467 	8.99 	11.83 	6 	10 	0.0	0.0	0.0	0.0	2064 	2149 	0.0	700 	1711 	.409 	187 	540 	.346 	477 	706 	.676 	0.0	1146 	388 	206 	55 	0.0	
123 	631	28 	7 	21 	.250 	-9.99 	-3.13 	4 	12 	0.0	0.0	0.0	0.0	1719 	1905 	0.0	594 	1503 	.395 	118 	368 	.321 	407 	615 	.662 	0.0	1015 	294 	239 	81 	0.0	
124 	632	33 	17 	16 	.515 	-12.19 	-10.38 	10 	8 	0.0	0.0	0.0	0.0	2205 	2251 	0.0	766 	1875 	.409 	91 	362 	.251 	582 	911 	.639 	0.0	1480 	414 	252 	172 	0.0	
125 	634	28 	17 	11 	.607 	-7.01 	-8.45 	12 	6 	0.0	0.0	0.0	0.0	1949 	1901 	0.0	683 	1583 	.431 	182 	534 	.341 	401 	604 	.664 	0.0	1198 	440 	170 	82 	0.0	
126 	633	27 	8 	19 	.296 	-10.95 	-7.95 	5 	13 	0.0	0.0	0.0	0.0	1914 	1965 	0.0	716 	1549 	.462 	174 	492 	.354 	308 	487 	.632 	0.0	879 	424 	197 	77 	0.0	
127 	635	29 	20 	9 	.690 	-2.55 	-4.55 	12 	4 	0.0	0.0	0.0	0.0	2009 	1951 	0.0	695 	1676 	.415 	180 	568 	.317 	439 	632 	.695 	0.0	1184 	363 	191 	112 	0.0	
128 	637	28 	9 	19 	.321 	1.00 	8.32 	2 	14 	0.0	0.0	0.0	0.0	1907 	2112 	0.0	694 	1628 	.426 	187 	508 	.368 	332 	498 	.667 	0.0	1121 	377 	193 	118 	0.0	
129 	636	34 	24 	10 	.706 	17.94 	9.79 	11 	5 	0.0	0.0	0.0	0.0	2676 	2382 	0.0	1044 	2269 	.460 	159 	463 	.343 	429 	660 	.650 	0.0	1633 	630 	312 	187 	0.0	
130 	639	31 	23 	8 	.742 	10.87 	2.21 	13 	5 	0.0	0.0	0.0	0.0	2346 	2044 	0.0	853 	1834 	.465 	155 	420 	.369 	485 	654 	.742 	0.0	1165 	496 	266 	103 	0.0	
131 	640	33 	23 	10 	.697 	18.52 	12.71 	12 	4 	0.0	0.0	0.0	0.0	2280 	2074 	0.0	793 	1873 	.423 	188 	643 	.292 	506 	735 	.688 	0.0	1432 	427 	201 	185 	0.0	
132 	641	28 	11 	17 	.393 	0.28 	3.10 	5 	11 	0.0	0.0	0.0	0.0	1845 	1924 	0.0	645 	1629 	.396 	223 	653 	.342 	332 	487 	.682 	0.0	1073 	344 	141 	113 	0.0	
133 	642	31 	24 	7 	.774 	0.42 	-8.07 	11 	1 	0.0	0.0	0.0	0.0	2280 	1986 	0.0	774 	1704 	.454 	249 	639 	.390 	483 	672 	.719 	0.0	1201 	473 	313 	104 	0.0	
134 	643	31 	15 	16 	.484 	-6.16 	-3.84 	8 	10 	0.0	0.0	0.0	0.0	1949 	2021 	0.0	672 	1725 	.390 	216 	643 	.336 	389 	567 	.686 	0.0	1206 	408 	225 	86 	0.0	
135 	644	29 	8 	21 	.276 	-15.40 	-6.25 	3 	9 	0.0	0.0	0.0	0.0	1885 	2046 	0.0	654 	1610 	.406 	174 	461 	.377 	403 	598 	.674 	0.0	1103 	373 	219 	117 	0.0	
136 	645	28 	14 	14 	.500 	-12.24 	-8.41 	4 	10 	0.0	0.0	0.0	0.0	1916 	1912 	0.0	724 	1745 	.415 	87 	274 	.318 	381 	579 	.658 	0.0	1151 	366 	376 	65 	0.0	
137 	647	30 	24 	6 	.800 	8.81 	-0.87 	15 	1 	0.0	0.0	0.0	0.0	2435 	2060 	0.0	884 	1784 	.496 	187 	515 	.363 	480 	698 	.688 	0.0	1146 	472 	280 	128 	0.0	
138 	648	27 	8 	19 	.296 	-16.40 	-7.94 	5 	13 	0.0	0.0	0.0	0.0	1719 	1920 	0.0	669 	1620 	.413 	111 	395 	.281 	270 	439 	.615 	0.0	946 	333 	241 	98 	0.0	
139 	811	34 	25 	9 	.735 	2.37 	-1.58 	13 	3 	0.0	0.0	0.0	0.0	2441 	2301 	0.0	880 	2047 	.430 	200 	601 	.333 	479 	778 	.616 	0.0	1489 	496 	271 	115 	0.0	
140 	812	28 	19 	9 	.679 	-1.93 	-5.85 	13 	5 	0.0	0.0	0.0	0.0	2195 	2064 	0.0	779 	1791 	.435 	171 	519 	.329 	464 	645 	.719 	0.0	1265 	443 	225 	207 	0.0	
141 	655	34 	28 	6 	.824 	18.90 	5.78 	12 	4 	0.0	0.0	0.0	0.0	2578 	2132 	0.0	915 	1880 	.487 	196 	558 	.351 	552 	858 	.643 	0.0	1524 	503 	313 	180 	0.0	
142 	650	29 	21 	8 	.724 	1.81 	-4.09 	12 	4 	0.0	0.0	0.0	0.0	2111 	1940 	0.0	746 	1677 	.445 	172 	475 	.362 	447 	671 	.666 	0.0	1086 	312 	199 	95 	0.0	
143 	651	31 	19 	12 	.613 	14.93 	8.76 	10 	6 	0.0	0.0	0.0	0.0	2269 	2052 	0.0	849 	1823 	.466 	165 	503 	.328 	406 	577 	.704 	0.0	1141 	518 	286 	136 	0.0	
144 	654	28 	14 	14 	.500 	-4.34 	-0.73 	4 	10 	0.0	0.0	0.0	0.0	1853 	1954 	0.0	666 	1548 	.430 	149 	470 	.317 	372 	522 	.713 	0.0	1038 	407 	176 	84 	0.0	
145 	652	28 	2 	26 	.071 	-16.42 	3.24 	0 	14 	0.0	0.0	0.0	0.0	1744 	2232 	0.0	571 	1584 	.360 	150 	494 	.304 	452 	675 	.670 	0.0	1080 	317 	140 	79 	0.0	
146 	653	28 	7 	21 	.250 	-15.44 	-5.94 	4 	14 	0.0	0.0	0.0	0.0	1833 	2099 	0.0	672 	1561 	.430 	131 	447 	.293 	358 	599 	.598 	0.0	982 	373 	205 	140 	0.0	
147 	657	31 	24 	7 	.774 	-3.06 	-10.06 	15 	3 	0.0	0.0	0.0	0.0	2362 	2141 	0.0	851 	1744 	.488 	247 	660 	.374 	413 	549 	.752 	0.0	1109 	478 	260 	79 	0.0	
148 	658	27 	12 	15 	.444 	-3.91 	-6.94 	9 	9 	0.0	0.0	0.0	0.0	2080 	1998 	0.0	765 	1701 	.450 	193 	567 	.340 	357 	537 	.665 	0.0	1078 	429 	254 	82 	0.0	
149 	659	28 	14 	14 	.500 	-6.22 	-6.54 	10 	8 	0.0	0.0	0.0	0.0	1963 	1954 	0.0	704 	1671 	.421 	141 	439 	.321 	414 	619 	.669 	0.0	1139 	375 	237 	131 	0.0	
150 	660	29 	15 	14 	.517 	7.21 	6.83 	8 	8 	0.0	0.0	0.0	0.0	1820 	1809 	0.0	668 	1590 	.420 	179 	512 	.350 	305 	472 	.646 	0.0	1160 	360 	166 	44 	0.0	
151 	661	30 	21 	9 	.700 	5.05 	-0.16 	11 	7 	0.0	0.0	0.0	0.0	2442 	2216 	0.0	885 	1858 	.476 	246 	631 	.390 	426 	602 	.708 	0.0	1199 	489 	239 	114 	0.0	
152 	813	29 	11 	18 	.379 	-8.43 	-7.36 	7 	11 	0.0	0.0	0.0	0.0	1879 	1864 	0.0	679 	1557 	.436 	120 	373 	.322 	401 	609 	.658 	0.0	1177 	392 	204 	145 	0.0	
153 	665	29 	12 	17 	.414 	-17.65 	-10.90 	8 	10 	0.0	0.0	0.0	0.0	1919 	2115 	0.0	647 	1578 	.410 	152 	391 	.389 	473 	718 	.659 	0.0	1115 	264 	212 	79 	0.0	
154 	662	35 	25 	10 	.714 	17.93 	9.44 	11 	5 	0.0	0.0	0.0	0.0	2683 	2386 	0.0	1001 	2151 	.465 	195 	553 	.353 	486 	710 	.685 	0.0	1454 	667 	355 	235 	0.0	
155 	663	33 	17 	16 	.515 	7.83 	5.05 	9 	7 	0.0	0.0	0.0	0.0	2264 	2138 	0.0	824 	1919 	.429 	160 	472 	.339 	456 	701 	.650 	0.0	1099 	416 	296 	133 	0.0	
156 	664	27 	6 	21 	.222 	-15.14 	-4.43 	5 	13 	0.0	0.0	0.0	0.0	1771 	2060 	0.0	660 	1527 	.432 	169 	473 	.357 	282 	451 	.625 	0.0	985 	351 	228 	71 	0.0	
157 	666	31 	15 	16 	.484 	6.37 	5.64 	7 	9 	0.0	0.0	0.0	0.0	2270 	2230 	0.0	811 	1931 	.420 	168 	492 	.341 	480 	729 	.658 	0.0	1345 	449 	238 	137 	0.0	
158 	667	33 	12 	21 	.364 	-10.84 	-5.77 	7 	11 	0.0	0.0	0.0	0.0	2259 	2371 	0.0	832 	2007 	.415 	205 	637 	.322 	390 	565 	.690 	0.0	1357 	422 	254 	81 	0.0	
159 	668	34 	23 	11 	.676 	11.83 	5.39 	13 	3 	0.0	0.0	0.0	0.0	2346 	2127 	0.0	849 	1971 	.431 	132 	440 	.300 	516 	690 	.748 	0.0	1357 	498 	286 	126 	0.0	
160 	669	30 	15 	15 	.500 	4.73 	3.60 	8 	10 	0.0	0.0	0.0	0.0	1920 	1886 	0.0	673 	1612 	.417 	222 	598 	.371 	352 	480 	.733 	0.0	1020 	362 	150 	56 	0.0	
161 	671	39 	32 	7 	.821 	25.04 	9.91 	13 	3 	0.0	0.0	0.0	0.0	2889 	2299 	0.0	1018 	2148 	.474 	253 	669 	.378 	600 	816 	.735 	0.0	1625 	602 	256 	105 	0.0	
162 	670	29 	15 	14 	.517 	5.27 	9.27 	6 	10 	0.0	0.0	0.0	0.0	2190 	2306 	0.0	780 	1708 	.457 	174 	507 	.343 	456 	668 	.683 	0.0	1183 	414 	156 	123 	0.0	
163 	672	28 	15 	13 	.536 	-2.40 	-2.40 	10 	8 	0.0	0.0	0.0	0.0	2143 	2121 	0.0	746 	1613 	.462 	193 	533 	.362 	458 	625 	.733 	0.0	1005 	484 	278 	101 	0.0	
164 	845	29 	15 	14 	.517 	2.17 	1.67 	6 	8 	0.0	0.0	0.0	0.0	2050 	2002 	0.0	656 	1578 	.416 	256 	701 	.365 	482 	658 	.733 	0.0	1008 	389 	182 	27 	0.0	
165 	673	28 	12 	16 	.429 	6.77 	9.62 	4 	12 	0.0	0.0	0.0	0.0	1965 	2045 	0.0	738 	1624 	.454 	118 	380 	.311 	371 	585 	.634 	0.0	1165 	449 	186 	151 	0.0	
166 	675	30 	14 	16 	.467 	7.12 	5.29 	5 	11 	0.0	0.0	0.0	0.0	2168 	2113 	0.0	803 	1772 	.453 	200 	593 	.337 	362 	541 	.669 	0.0	1209 	385 	184 	105 	0.0	
167 	685	27 	6 	21 	.222 	-16.61 	-8.51 	7 	11 	0.0	0.0	0.0	0.0	1973 	2200 	0.0	727 	1966 	.370 	213 	700 	.304 	306 	497 	.616 	0.0	1250 	296 	230 	151 	0.0	
168 	674	33 	19 	14 	.576 	7.86 	6.52 	5 	11 	0.0	0.0	0.0	0.0	2355 	2271 	0.0	827 	1873 	.442 	196 	588 	.333 	505 	778 	.649 	0.0	1356 	454 	244 	122 	0.0	
169 	677	29 	16 	13 	.552 	-4.23 	-5.08 	10 	6 	0.0	0.0	0.0	0.0	2126 	2005 	0.0	765 	1566 	.489 	126 	357 	.353 	470 	642 	.732 	0.0	1086 	461 	223 	96 	0.0	
170 	678	34 	23 	11 	.676 	7.52 	4.07 	13 	5 	0.0	0.0	0.0	0.0	2257 	2140 	0.0	800 	1788 	.447 	220 	585 	.376 	437 	650 	.672 	0.0	1272 	462 	261 	136 	0.0	
171 	676	31 	18 	13 	.581 	12.55 	8.22 	10 	6 	0.0	0.0	0.0	0.0	2302 	2168 	0.0	771 	1822 	.423 	291 	804 	.362 	469 	661 	.710 	0.0	1121 	426 	275 	61 	0.0	
172 	679	28 	12 	16 	.429 	-10.29 	-7.51 	9 	9 	0.0	0.0	0.0	0.0	1624 	1702 	0.0	564 	1368 	.412 	173 	535 	.323 	323 	484 	.667 	0.0	854 	344 	216 	70 	0.0	
173 	681	29 	12 	17 	.414 	-3.92 	0.73 	4 	12 	0.0	0.0	0.0	0.0	2223 	2242 	0.0	763 	1685 	.453 	216 	573 	.377 	481 	609 	.790 	0.0	1007 	527 	169 	58 	0.0	
174 	680	28 	17 	11 	.607 	2.40 	0.47 	12 	4 	0.0	0.0	0.0	0.0	2026 	1942 	0.0	678 	1475 	.460 	197 	493 	.400 	473 	659 	.718 	0.0	1013 	428 	173 	70 	0.0	
175 	682	27 	9 	18 	.333 	-7.74 	-3.15 	4 	14 	0.0	0.0	0.0	0.0	2042 	2095 	0.0	714 	1514 	.472 	224 	560 	.400 	390 	515 	.757 	0.0	882 	459 	208 	36 	0.0	
176 	683	29 	5 	24 	.172 	-21.59 	-8.97 	5 	13 	0.0	0.0	0.0	0.0	1884 	2250 	0.0	680 	1659 	.410 	141 	451 	.313 	383 	599 	.639 	0.0	1138 	328 	212 	87 	0.0	
177 	686	29 	9 	20 	.310 	-15.01 	-6.18 	7 	11 	0.0	0.0	0.0	0.0	1883 	2139 	0.0	690 	1727 	.400 	181 	615 	.294 	322 	464 	.694 	0.0	1112 	337 	189 	82 	0.0	
178 	687	32 	23 	9 	.719 	3.42 	-2.39 	14 	4 	0.0	0.0	0.0	0.0	2542 	2335 	0.0	905 	1957 	.462 	200 	623 	.321 	532 	722 	.737 	0.0	1301 	455 	224 	87 	0.0	
179 	692	29 	23 	6 	.793 	2.31 	-8.17 	11 	1 	0.0	0.0	0.0	0.0	2203 	1848 	0.0	771 	1695 	.455 	104 	303 	.343 	557 	862 	.646 	0.0	1365 	429 	352 	198 	0.0	
180 	698	30 	11 	19 	.367 	1.17 	6.83 	4 	12 	0.0	0.0	0.0	0.0	2050 	2220 	0.0	737 	1729 	.426 	144 	434 	.332 	432 	700 	.617 	0.0	1344 	406 	222 	145 	0.0	
181 	817	31 	23 	8 	.742 	9.74 	2.52 	10 	4 	0.0	0.0	0.0	0.0	2548 	2324 	0.0	929 	2043 	.455 	167 	528 	.316 	523 	768 	.681 	0.0	1359 	623 	263 	139 	0.0	
182 	699	29 	9 	20 	.310 	-4.29 	1.50 	6 	10 	0.0	0.0	0.0	0.0	1873 	2023 	0.0	624 	1660 	.376 	163 	514 	.317 	462 	634 	.729 	0.0	1128 	321 	160 	51 	0.0	
183 	700	28 	3 	25 	.107 	-25.48 	-6.09 	2 	16 	0.0	0.0	0.0	0.0	1811 	2354 	0.0	630 	1758 	.358 	198 	639 	.310 	353 	522 	.676 	0.0	1084 	333 	222 	101 	0.0	
184 	702	32 	22 	10 	.688 	6.25 	2.00 	11 	5 	0.0	0.0	0.0	0.0	2265 	2096 	0.0	820 	1853 	.443 	204 	541 	.377 	421 	660 	.638 	0.0	1298 	404 	223 	71 	0.0	
185 	701	32 	18 	14 	.563 	7.96 	4.18 	9 	5 	0.0	0.0	0.0	0.0	2323 	2185 	0.0	811 	1782 	.455 	155 	459 	.338 	546 	769 	.710 	0.0	1245 	362 	232 	145 	0.0	
186 	703	29 	11 	18 	.379 	-4.82 	-3.06 	6 	10 	0.0	0.0	0.0	0.0	1738 	1789 	0.0	610 	1407 	.434 	155 	407 	.381 	363 	507 	.716 	0.0	976 	364 	194 	82 	0.0	
187 	704	29 	17 	12 	.586 	-6.55 	-5.38 	10 	8 	0.0	0.0	0.0	0.0	2241 	2275 	0.0	753 	1796 	.419 	229 	685 	.334 	506 	703 	.720 	0.0	1164 	406 	233 	117 	0.0	
188 	705	28 	11 	17 	.393 	-10.04 	-4.50 	8 	10 	0.0	0.0	0.0	0.0	1769 	1846 	0.0	658 	1652 	.398 	123 	368 	.334 	330 	556 	.594 	0.0	1098 	341 	273 	71 	0.0	
189 	707	28 	12 	16 	.429 	-16.20 	-11.37 	11 	7 	0.0	0.0	0.0	0.0	2128 	2263 	0.0	777 	1860 	.418 	144 	480 	.300 	430 	698 	.616 	0.0	1068 	319 	243 	91 	0.0	
190 	814	30 	11 	19 	.367 	-11.53 	-3.66 	7 	7 	0.0	0.0	0.0	0.0	2074 	2281 	0.0	686 	1578 	.435 	174 	439 	.396 	528 	701 	.753 	0.0	1162 	419 	223 	114 	0.0	
191 	693	29 	14 	15 	.483 	-11.83 	-12.15 	11 	8 	0.0	0.0	0.0	0.0	2187 	2187 	0.0	786 	1802 	.436 	129 	395 	.327 	486 	725 	.670 	0.0	1108 	381 	264 	75 	0.0	
192 	815	28 	15 	13 	.536 	-7.71 	-6.15 	9 	7 	0.0	0.0	0.0	0.0	2007 	2024 	0.0	706 	1549 	.456 	139 	380 	.366 	456 	618 	.738 	0.0	1102 	379 	176 	87 	0.0	
193 	695	34 	20 	14 	.588 	12.96 	7.49 	6 	10 	0.0	0.0	0.0	0.0	2347 	2161 	0.0	821 	1920 	.428 	187 	560 	.334 	518 	789 	.657 	0.0	1234 	431 	311 	156 	0.0	
194 	816	31 	18 	13 	.581 	2.41 	-0.24 	8 	8 	0.0	0.0	0.0	0.0	1863 	1781 	0.0	667 	1609 	.415 	176 	473 	.372 	353 	561 	.629 	0.0	1159 	375 	221 	67 	0.0	
195 	708	36 	22 	14 	.611 	17.00 	11.80 	9 	7 	0.0	0.0	0.0	0.0	2715 	2528 	0.0	1014 	2066 	.491 	169 	492 	.343 	518 	740 	.700 	0.0	1494 	609 	210 	178 	0.0	
196 	711	27 	7 	20 	.259 	-10.85 	2.07 	5 	11 	0.0	0.0	0.0	0.0	2040 	2389 	0.0	754 	1810 	.417 	176 	568 	.310 	356 	535 	.665 	0.0	1111 	394 	212 	93 	0.0	
197 	712	28 	7 	21 	.250 	-14.45 	-8.41 	5 	13 	0.0	0.0	0.0	0.0	1855 	2024 	0.0	714 	1599 	.447 	117 	348 	.336 	310 	448 	.692 	0.0	966 	344 	237 	114 	0.0	
198 	713	31 	20 	11 	.645 	4.34 	1.37 	11 	5 	0.0	0.0	0.0	0.0	2280 	2134 	0.0	775 	1626 	.477 	263 	673 	.391 	467 	622 	.751 	0.0	1177 	493 	120 	96 	0.0	
199 	690	28 	13 	15 	.464 	1.00 	1.56 	7 	11 	0.0	0.0	0.0	0.0	1943 	1919 	0.0	707 	1699 	.416 	153 	451 	.339 	376 	546 	.689 	0.0	1163 	368 	220 	78 	0.0	
200 	714	29 	14 	15 	.483 	0.93 	2.51 	7 	11 	0.0	0.0	0.0	0.0	1798 	1844 	0.0	624 	1425 	.438 	123 	362 	.340 	427 	598 	.714 	0.0	985 	326 	174 	89 	0.0	
201 	716	30 	17 	13 	.567 	-7.88 	-6.06 	11 	7 	0.0	0.0	0.0	0.0	1990 	2003 	0.0	719 	1775 	.405 	147 	487 	.302 	405 	624 	.649 	0.0	1205 	422 	315 	111 	0.0	
202 	715	30 	5 	25 	.167 	-4.86 	8.14 	0 	16 	0.0	0.0	0.0	0.0	1545 	1935 	0.0	525 	1426 	.368 	161 	504 	.319 	334 	483 	.692 	0.0	960 	367 	146 	83 	0.0	
203 	717	37 	22 	15 	.595 	9.57 	6.38 	8 	8 	0.0	0.0	0.0	0.0	2636 	2518 	0.0	896 	1921 	.466 	287 	752 	.382 	557 	751 	.742 	0.0	1399 	643 	287 	110 	0.0	
204 	718	30 	13 	17 	.433 	-4.74 	-1.32 	11 	5 	0.0	0.0	0.0	0.0	2163 	2254 	0.0	703 	1719 	.409 	271 	805 	.337 	486 	654 	.743 	0.0	1007 	442 	224 	52 	0.0	
205 	720	30 	23 	7 	.767 	17.55 	6.55 	13 	3 	0.0	0.0	0.0	0.0	2182 	1852 	0.0	797 	1748 	.456 	145 	456 	.318 	443 	629 	.704 	0.0	1229 	387 	194 	200 	0.0	
206 	719	33 	20 	13 	.606 	7.50 	3.53 	11 	7 	0.0	0.0	0.0	0.0	2386 	2255 	0.0	782 	1804 	.433 	221 	647 	.342 	601 	895 	.672 	0.0	1415 	517 	243 	103 	0.0	
207 	722	34 	27 	7 	.794 	20.01 	6.59 	12 	4 	0.0	0.0	0.0	0.0	2620 	2117 	0.0	933 	1946 	.479 	216 	559 	.386 	538 	768 	.701 	0.0	1413 	642 	260 	122 	0.0	
208 	721	34 	27 	7 	.794 	19.25 	6.63 	12 	4 	0.0	0.0	0.0	0.0	2546 	2117 	0.0	917 	2004 	.458 	263 	687 	.383 	449 	632 	.710 	0.0	1328 	525 	241 	89 	0.0	
209 	723	30 	11 	19 	.367 	-3.63 	-1.90 	6 	10 	0.0	0.0	0.0	0.0	1942 	1994 	0.0	681 	1572 	.433 	120 	390 	.308 	460 	689 	.668 	0.0	1157 	383 	214 	100 	0.0	
210 	724	30 	13 	17 	.433 	-6.09 	-4.23 	8 	8 	0.0	0.0	0.0	0.0	2169 	2193 	0.0	758 	1728 	.439 	239 	651 	.367 	414 	621 	.667 	0.0	1117 	467 	199 	54 	0.0	
211 	726	29 	13 	16 	.448 	6.71 	8.74 	5 	13 	0.0	0.0	0.0	0.0	2005 	2016 	0.0	708 	1597 	.443 	206 	571 	.361 	383 	583 	.657 	0.0	1102 	447 	221 	84 	0.0	
212 	725	30 	22 	8 	.733 	14.74 	8.53 	13 	5 	0.0	0.0	0.0	0.0	2269 	2047 	0.0	808 	1722 	.469 	172 	552 	.312 	481 	646 	.745 	0.0	1156 	491 	206 	88 	0.0	
213 	727	29 	11 	18 	.379 	-3.35 	-0.60 	6 	10 	0.0	0.0	0.0	0.0	1809 	1882 	0.0	622 	1503 	.414 	173 	567 	.305 	392 	573 	.684 	0.0	1097 	361 	120 	38 	0.0	
214 	729	35 	19 	16 	.543 	10.08 	8.82 	5 	11 	0.0	0.0	0.0	0.0	2572 	2528 	0.0	879 	1994 	.441 	235 	676 	.348 	579 	811 	.714 	0.0	1316 	526 	279 	105 	0.0	
215 	728	29 	21 	8 	.724 	4.00 	-2.89 	14 	0 	0.0	0.0	0.0	0.0	1942 	1742 	0.0	707 	1565 	.452 	189 	538 	.351 	339 	526 	.644 	0.0	1134 	436 	158 	119 	0.0	
216 	730	34 	25 	9 	.735 	13.11 	3.35 	12 	2 	0.0	0.0	0.0	0.0	2481 	2149 	0.0	929 	2094 	.444 	237 	688 	.344 	386 	577 	.669 	0.0	1379 	494 	319 	99 	0.0	
217 	731	28 	13 	15 	.464 	3.98 	4.41 	5 	11 	0.0	0.0	0.0	0.0	1864 	1876 	0.0	688 	1604 	.429 	174 	543 	.320 	314 	504 	.623 	0.0	1133 	459 	215 	60 	0.0	
218 	733	29 	15 	14 	.517 	-0.39 	-0.09 	7 	9 	0.0	0.0	0.0	0.0	2158 	2099 	0.0	737 	1613 	.457 	184 	550 	.335 	500 	745 	.671 	0.0	1120 	457 	222 	67 	0.0	
219 	732	28 	10 	18 	.357 	-3.84 	1.92 	4 	10 	0.0	0.0	0.0	0.0	1789 	1851 	0.0	641 	1544 	.415 	137 	452 	.303 	370 	566 	.654 	0.0	1048 	389 	186 	104 	0.0	
220 	734	27 	7 	20 	.259 	-22.06 	-11.14 	5 	13 	0.0	0.0	0.0	0.0	2121 	2303 	0.0	773 	1878 	.412 	174 	596 	.292 	401 	639 	.628 	0.0	1283 	315 	253 	134 	0.0	
221 	736	30 	19 	11 	.633 	3.00 	-2.93 	11 	3 	0.0	0.0	0.0	0.0	1850 	1637 	0.0	652 	1417 	.460 	245 	667 	.367 	301 	446 	.675 	0.0	950 	505 	238 	146 	0.0	
222 	737	30 	11 	19 	.367 	1.04 	5.29 	4 	12 	0.0	0.0	0.0	0.0	1925 	1988 	0.0	728 	1822 	.400 	136 	448 	.304 	333 	532 	.626 	0.0	1255 	383 	245 	141 	0.0	
223 	738	34 	24 	10 	.706 	16.87 	9.56 	12 	4 	0.0	0.0	0.0	0.0	2505 	2246 	0.0	849 	1914 	.444 	206 	589 	.350 	601 	879 	.684 	0.0	1364 	482 	261 	104 	0.0	
224 	739	28 	18 	10 	.643 	-10.09 	-9.20 	12 	6 	0.0	0.0	0.0	0.0	2059 	2068 	0.0	739 	1598 	.462 	132 	372 	.355 	449 	654 	.687 	0.0	1112 	466 	220 	105 	0.0	
225 	740	28 	18 	10 	.643 	-5.99 	-7.92 	12 	2 	0.0	0.0	0.0	0.0	2057 	1975 	0.0	709 	1640 	.432 	211 	594 	.355 	428 	628 	.682 	0.0	1073 	372 	257 	117 	0.0	
226 	741	30 	5 	25 	.167 	-8.54 	5.73 	2 	14 	0.0	0.0	0.0	0.0	1869 	2297 	0.0	673 	1662 	.405 	128 	390 	.328 	395 	632 	.625 	0.0	1181 	331 	209 	111 	0.0	
227 	742	27 	5 	22 	.185 	-9.42 	3.26 	1 	13 	0.0	0.0	0.0	0.0	1554 	1836 	0.0	536 	1430 	.375 	123 	419 	.294 	359 	518 	.693 	0.0	1092 	310 	152 	70 	0.0	
228 	743	30 	18 	12 	.600 	2.42 	-1.55 	11 	5 	0.0	0.0	0.0	0.0	2011 	1892 	0.0	729 	1615 	.451 	220 	600 	.367 	333 	478 	.697 	0.0	1062 	448 	199 	155 	0.0	
229 	744	30 	16 	14 	.533 	-6.60 	-6.70 	8 	10 	0.0	0.0	0.0	0.0	2116 	2113 	0.0	724 	1614 	.449 	190 	531 	.358 	478 	699 	.684 	0.0	1095 	432 	256 	105 	0.0	
230 	745	30 	18 	12 	.600 	-5.80 	-7.80 	13 	5 	0.0	0.0	0.0	0.0	2123 	2010 	0.0	766 	1714 	.447 	143 	437 	.327 	448 	641 	.699 	0.0	1147 	470 	241 	56 	0.0	
231 	746	31 	15 	16 	.484 	6.62 	4.40 	6 	10 	0.0	0.0	0.0	0.0	2175 	2106 	0.0	743 	1679 	.443 	182 	488 	.373 	507 	777 	.653 	0.0	1226 	455 	224 	107 	0.0	
232 	566	27 	9 	18 	.333 	-7.38 	0.55 	3 	13 	0.0	0.0	0.0	0.0	1676 	1854 	0.0	616 	1548 	.398 	147 	467 	.315 	297 	442 	.672 	0.0	943 	320 	240 	95 	0.0	
233 	750	28 	3 	25 	.107 	-23.24 	-6.77 	2 	16 	0.0	0.0	0.0	0.0	1853 	2315 	0.0	683 	1610 	.424 	145 	444 	.327 	342 	544 	.629 	0.0	1087 	393 	200 	86 	0.0	
234 	777	28 	10 	18 	.357 	-11.68 	-8.14 	7 	11 	0.0	0.0	0.0	0.0	1805 	1904 	0.0	648 	1541 	.421 	187 	518 	.361 	322 	456 	.706 	0.0	972 	403 	171 	60 	0.0	
235 	779	29 	13 	16 	.448 	5.45 	5.72 	7 	9 	0.0	0.0	0.0	0.0	2043 	2051 	0.0	699 	1671 	.418 	216 	612 	.353 	429 	602 	.713 	0.0	1166 	443 	154 	77 	0.0	
236 	780	33 	19 	14 	.576 	9.00 	8.39 	7 	9 	0.0	0.0	0.0	0.0	2124 	2104 	0.0	729 	1696 	.430 	146 	432 	.338 	520 	758 	.686 	0.0	1275 	401 	254 	126 	0.0	
237 	781	28 	8 	20 	.286 	-7.40 	2.19 	3 	11 	0.0	0.0	0.0	0.0	1701 	1942 	0.0	597 	1594 	.375 	191 	563 	.339 	316 	475 	.665 	0.0	1119 	352 	163 	98 	0.0	
238 	782	28 	5 	23 	.179 	-14.31 	-5.31 	2 	16 	0.0	0.0	0.0	0.0	1958 	2210 	0.0	739 	1675 	.441 	70 	274 	.255 	410 	552 	.743 	0.0	1049 	420 	200 	87 	0.0	
239 	751	29 	22 	7 	.759 	-0.74 	-5.44 	15 	3 	0.0	0.0	0.0	0.0	2130 	1968 	0.0	750 	1612 	.465 	175 	499 	.351 	455 	690 	.659 	0.0	1212 	495 	293 	73 	0.0	
240 	752	32 	21 	11 	.656 	3.20 	-5.80 	12 	6 	0.0	0.0	0.0	0.0	2323 	1998 	0.0	825 	1649 	.500 	313 	804 	.389 	360 	515 	.699 	0.0	1066 	543 	230 	102 	0.0	
241 	754	28 	5 	23 	.179 	-9.09 	4.54 	0 	14 	0.0	0.0	0.0	0.0	1745 	2097 	0.0	619 	1513 	.409 	120 	401 	.299 	387 	569 	.680 	0.0	977 	376 	202 	64 	0.0	
242 	753	29 	20 	9 	.690 	7.30 	0.45 	10 	4 	0.0	0.0	0.0	0.0	2049 	1815 	0.0	673 	1538 	.438 	181 	502 	.361 	522 	767 	.681 	0.0	1246 	380 	181 	69 	0.0	
243 	755	28 	19 	9 	.679 	6.22 	0.67 	7 	7 	0.0	0.0	0.0	0.0	2004 	1811 	0.0	682 	1521 	.448 	156 	431 	.362 	484 	703 	.688 	0.0	1180 	417 	216 	109 	0.0	
244 	756	30 	15 	15 	.500 	0.98 	3.79 	6 	8 	0.0	0.0	0.0	0.0	1797 	1792 	0.0	666 	1595 	.418 	131 	406 	.323 	334 	572 	.584 	0.0	1212 	318 	138 	87 	0.0	
245 	758	31 	19 	12 	.613 	3.72 	3.52 	9 	5 	0.0	0.0	0.0	0.0	2049 	2026 	0.0	703 	1765 	.398 	181 	560 	.323 	462 	663 	.697 	0.0	1247 	417 	217 	70 	0.0	
246 	764	32 	22 	10 	.688 	10.64 	5.11 	10 	6 	0.0	0.0	0.0	0.0	2295 	2118 	0.0	807 	1865 	.433 	250 	685 	.365 	431 	636 	.678 	0.0	1297 	458 	225 	198 	0.0	
247 	766	33 	24 	9 	.727 	1.23 	-4.62 	15 	3 	0.0	0.0	0.0	0.0	2862 	2669 	0.0	961 	2166 	.444 	283 	721 	.393 	657 	876 	.750 	0.0	441 	585 	297 	117 	0.0	
248 	768	30 	20 	10 	.667 	0.41 	-3.15 	13 	3 	0.0	0.0	0.0	0.0	2083 	1976 	0.0	731 	1561 	.468 	166 	442 	.376 	455 	688 	.661 	0.0	1068 	443 	247 	52 	0.0	
249 	747	34 	20 	14 	.588 	-10.41 	-9.38 	14 	5 	0.0	0.0	0.0	0.0	2386 	2421 	0.0	829 	2117 	.392 	213 	638 	.334 	515 	765 	.673 	0.0	1537 	370 	237 	138 	0.0	
250 	769	32 	15 	17 	.469 	9.97 	8.78 	5 	11 	0.0	0.0	0.0	0.0	2190 	2152 	0.0	796 	1821 	.437 	238 	668 	.356 	358 	584 	.613 	0.0	1225 	446 	269 	109 	0.0	
251 	771	31 	17 	14 	.548 	8.70 	3.92 	8 	8 	0.0	0.0	0.0	0.0	2393 	2245 	0.0	860 	1878 	.458 	208 	572 	.364 	465 	726 	.640 	0.0	1294 	529 	321 	122 	0.0	
252 	762	31 	24 	7 	.774 	4.42 	-2.48 	14 	4 	0.0	0.0	0.0	0.0	2154 	1911 	0.0	748 	1680 	.445 	193 	558 	.346 	465 	662 	.702 	0.0	1227 	383 	188 	164 	0.0	
253 	761	27 	10 	17 	.370 	-13.00 	-5.16 	5 	13 	0.0	0.0	0.0	0.0	1606 	1769 	0.0	556 	1362 	.408 	171 	505 	.339 	323 	478 	.676 	0.0	901 	314 	212 	56 	0.0	
254 	818	30 	16 	14 	.533 	14.17 	8.77 	9 	9 	0.0	0.0	0.0	0.0	2342 	2180 	0.0	842 	1840 	.458 	190 	521 	.365 	468 	672 	.696 	0.0	1202 	518 	275 	120 	0.0	
255 	749	33 	20 	13 	.606 	7.64 	4.28 	12 	6 	0.0	0.0	0.0	0.0	2346 	2239 	0.0	806 	1915 	.421 	215 	623 	.345 	519 	784 	.662 	0.0	1369 	512 	234 	66 	0.0	
256 	767	30 	21 	9 	.700 	7.70 	1.39 	9 	5 	0.0	0.0	0.0	0.0	2318 	2094 	0.0	807 	1978 	.408 	192 	637 	.301 	512 	790 	.648 	0.0	1424 	418 	278 	107 	0.0	
257 	772	29 	17 	12 	.586 	5.51 	4.20 	7 	9 	0.0	0.0	0.0	0.0	1921 	1883 	0.0	654 	1550 	.422 	141 	417 	.338 	472 	673 	.701 	0.0	1151 	323 	197 	149 	0.0	
258 	774	29 	16 	13 	.552 	-3.14 	-3.99 	10 	6 	0.0	0.0	0.0	0.0	2112 	2067 	0.0	733 	1647 	.445 	219 	598 	.366 	427 	604 	.707 	0.0	989 	436 	354 	83 	0.0	
259 	773	29 	18 	11 	.621 	-14.26 	-14.41 	14 	4 	0.0	0.0	0.0	0.0	2163 	2117 	0.0	749 	1727 	.434 	146 	414 	.353 	519 	817 	.635 	0.0	1064 	297 	294 	80 	0.0	
260 	775	31 	21 	10 	.677 	9.45 	5.29 	11 	5 	0.0	0.0	0.0	0.0	2136 	2007 	0.0	767 	1716 	.447 	177 	512 	.346 	425 	643 	.661 	0.0	1224 	386 	257 	87 	0.0	
261 	776	30 	18 	12 	.600 	-6.12 	-7.98 	12 	6 	0.0	0.0	0.0	0.0	2325 	2249 	0.0	822 	1879 	.437 	255 	733 	.348 	426 	610 	.698 	0.0	1169 	470 	252 	94 	0.0	
262 	778	33 	25 	8 	.758 	14.26 	6.96 	12 	4 	0.0	0.0	0.0	0.0	2433 	2192 	0.0	929 	2002 	.464 	149 	474 	.314 	426 	629 	.677 	0.0	1133 	541 	352 	89 	0.0	
263 	783	31 	27 	4 	.871 	25.65 	7.12 	15 	3 	0.0	0.0	0.0	0.0	2447 	1850 	0.0	819 	1750 	.468 	245 	613 	.400 	564 	794 	.710 	0.0	1432 	539 	141 	167 	0.0	
264 	765	27 	6 	21 	.222 	-12.81 	-4.97 	3 	15 	0.0	0.0	0.0	0.0	1834 	1982 	0.0	653 	1488 	.439 	172 	519 	.331 	356 	536 	.664 	0.0	944 	379 	239 	94 	0.0	
265 	784	28 	13 	15 	.464 	-11.94 	-8.23 	8 	10 	0.0	0.0	0.0	0.0	1912 	1985 	0.0	695 	1664 	.418 	112 	342 	.327 	410 	634 	.647 	0.0	1232 	351 	175 	77 	0.0	
266 	785	29 	6 	23 	.207 	-17.20 	-2.39 	0.0	0.0	0.0	0.0	0.0	0.0	1648 	2069 	0.0	568 	1480 	.384 	182 	544 	.335 	331 	515 	.643 	0.0	994 	320 	212 	62 	0.0	
267 	786	32 	26 	6 	.813 	17.67 	6.20 	13 	3 	0.0	0.0	0.0	0.0	2400 	2033 	0.0	876 	1869 	.469 	171 	483 	.354 	477 	677 	.705 	0.0	1294 	564 	286 	167 	0.0	
268 	789	33 	27 	6 	.818 	20.64 	6.94 	14 	2 	0.0	0.0	0.0	0.0	2260 	1808 	0.0	790 	1913 	.413 	274 	787 	.348 	406 	619 	.656 	0.0	1378 	471 	312 	140 	0.0	
269 	797	29 	10 	19 	.345 	-8.09 	-0.02 	7 	11 	0.0	0.0	0.0	0.0	1979 	2169 	0.0	704 	1697 	.415 	123 	406 	.303 	448 	629 	.712 	0.0	1108 	376 	271 	45 	0.0	
270 	791	29 	7 	22 	.241 	-13.72 	-2.23 	6 	12 	0.0	0.0	0.0	0.0	1964 	2297 	0.0	658 	1713 	.384 	212 	694 	.305 	436 	624 	.699 	0.0	1101 	331 	203 	62 	0.0	
271 	792	28 	16 	12 	.571 	0.02 	-3.64 	11 	7 	0.0	0.0	0.0	0.0	2279 	2068 	0.0	734 	1654 	.444 	279 	757 	.369 	532 	693 	.768 	0.0	1091 	447 	214 	58 	0.0	
272 	790	33 	26 	7 	.788 	18.94 	8.12 	12 	4 	0.0	0.0	0.0	0.0	2629 	2239 	0.0	909 	2019 	.450 	266 	736 	.361 	545 	798 	.683 	0.0	1445 	481 	290 	193 	0.0	
273 	794	28 	8 	20 	.286 	-3.85 	5.47 	4 	12 	0.0	0.0	0.0	0.0	1825 	2086 	0.0	644 	1565 	.412 	179 	562 	.319 	358 	534 	.670 	0.0	1067 	394 	205 	54 	0.0	
274 	819	27 	15 	12 	.556 	-4.70 	-5.86 	11 	7 	0.0	0.0	0.0	0.0	2106 	2049 	0.0	757 	1818 	.416 	247 	725 	.341 	345 	516 	.669 	0.0	1070 	250 	271 	47 	0.0	
275 	788	32 	18 	14 	.563 	5.90 	2.81 	8 	6 	0.0	0.0	0.0	0.0	2813 	2691 	0.0	966 	2135 	.452 	260 	685 	.380 	621 	812 	.765 	0.0	1359 	609 	293 	204 	0.0	
276 	824	28 	13 	15 	.464 	5.95 	3.23 	4 	10 	0.0	0.0	0.0	0.0	2158 	2082 	0.0	768 	1601 	.480 	159 	439 	.362 	463 	673 	.688 	0.0	1077 	455 	199 	87 	0.0	
277 	803	28 	12 	16 	.429 	-8.28 	-0.19 	0.0	0.0	0.0	0.0	0.0	0.0	2016 	2168 	0.0	706 	1582 	.446 	191 	529 	.361 	413 	582 	.710 	0.0	1026 	371 	249 	67 	0.0	
278 	820	28 	15 	13 	.536 	-4.38 	-4.59 	12 	6 	0.0	0.0	0.0	0.0	2149 	2102 	0.0	759 	1753 	.433 	188 	568 	.331 	443 	740 	.599 	0.0	1363 	449 	243 	114 	0.0	
279 	804	29 	15 	14 	.517 	-12.65 	-13.45 	10 	8 	0.0	0.0	0.0	0.0	2131 	2078 	0.0	760 	1750 	.434 	177 	562 	.315 	434 	638 	.680 	0.0	1217 	332 	266 	51 	0.0	
280 	795	29 	12 	17 	.414 	-7.49 	-5.52 	8 	10 	0.0	0.0	0.0	0.0	1989 	1992 	0.0	688 	1574 	.437 	168 	439 	.383 	445 	661 	.673 	0.0	1154 	404 	162 	28 	0.0	
281 	796	28 	12 	16 	.429 	3.32 	5.69 	3 	13 	0.0	0.0	0.0	0.0	1969 	2020 	0.0	689 	1565 	.440 	161 	475 	.339 	430 	593 	.725 	0.0	1080 	370 	172 	137 	0.0	
282 	793	33 	24 	9 	.727 	20.43 	9.61 	13 	3 	0.0	0.0	0.0	0.0	2460 	2103 	0.0	876 	1870 	.468 	185 	489 	.378 	523 	810 	.646 	0.0	1411 	481 	244 	168 	0.0	
283 	798	31 	18 	13 	.581 	4.69 	2.56 	11 	7 	0.0	0.0	0.0	0.0	2197 	2131 	0.0	757 	1746 	.434 	225 	646 	.348 	458 	669 	.685 	0.0	1278 	409 	202 	66 	0.0	
284 	799	28 	11 	17 	.393 	-10.38 	-9.10 	7 	11 	0.0	0.0	0.0	0.0	1901 	1937 	0.0	668 	1525 	.438 	179 	482 	.371 	386 	561 	.688 	0.0	1021 	397 	220 	82 	0.0	
285 	800	28 	17 	11 	.607 	-5.94 	-8.61 	13 	5 	0.0	0.0	0.0	0.0	2080 	1979 	0.0	710 	1567 	.453 	253 	625 	.405 	407 	544 	.748 	0.0	1037 	332 	157 	82 	0.0	
286 	801	31 	20 	11 	.645 	5.79 	3.54 	8 	8 	0.0	0.0	0.0	0.0	2102 	2032 	0.0	765 	1772 	.432 	124 	396 	.313 	448 	739 	.606 	0.0	1291 	431 	298 	100 	0.0	
287 	802	37 	32 	5 	.865 	19.94 	2.42 	12 	2 	0.0	0.0	0.0	0.0	2974 	2326 	0.0	1050 	2223 	.472 	264 	764 	.346 	610 	865 	.705 	0.0	1497 	631 	433 	175 	0.0	
288 	810	33 	21 	12 	.636 	15.29 	10.11 	10 	8 	0.0	0.0	0.0	0.0	2492 	2321 	0.0	952 	1984 	.480 	205 	552 	.371 	383 	652 	.587 	0.0	1386 	545 	282 	145 	0.0	
289 	822	34 	28 	6 	.824 	8.83 	1.89 	16 	0 	0.0	0.0	0.0	0.0	2397 	2080 	0.0	879 	1888 	.466 	194 	536 	.362 	445 	709 	.628 	0.0	1347 	487 	235 	126 	0.0	
290 	821	32 	23 	9 	.719 	12.23 	4.36 	10 	4 	0.0	0.0	0.0	0.0	2252 	1979 	0.0	782 	1624 	.482 	222 	574 	.387 	466 	648 	.719 	0.0	1147 	496 	198 	89 	0.0	
291 	826	32 	19 	13 	.594 	-2.89 	-3.71 	10 	6 	0.0	0.0	0.0	0.0	2128 	2006 	0.0	758 	1702 	.445 	228 	619 	.368 	384 	590 	.651 	0.0	1257 	459 	236 	120 	0.0	
292 	827	30 	19 	11 	.633 	12.64 	7.54 	8 	8 	0.0	0.0	0.0	0.0	2243 	2090 	0.0	782 	1710 	.457 	222 	607 	.366 	457 	624 	.732 	0.0	1122 	457 	214 	63 	0.0	
293 	828	28 	16 	12 	.571 	-9.79 	-8.25 	11 	7 	0.0	0.0	0.0	0.0	2005 	2048 	0.0	727 	1741 	.418 	172 	490 	.351 	379 	591 	.641 	0.0	1184 	388 	200 	103 	0.0	
294 	829	33 	20 	13 	.606 	7.62 	6.74 	8 	8 	0.0	0.0	0.0	0.0	2308 	2279 	0.0	811 	1909 	.425 	207 	607 	.341 	479 	679 	.705 	0.0	1339 	516 	243 	162 	0.0	
295 	825	28 	14 	14 	.500 	-4.87 	-1.80 	7 	9 	0.0	0.0	0.0	0.0	1957 	2043 	0.0	707 	1729 	.409 	150 	514 	.292 	393 	598 	.657 	0.0	1208 	369 	220 	151 	0.0	
296 	832	29 	6 	23 	.207 	-14.90 	-2.70 	1 	15 	0.0	0.0	0.0	0.0	2064 	2247 	0.0	747 	1846 	.405 	171 	566 	.302 	399 	644 	.620 	0.0	1198 	383 	279 	97 	0.0	
297 	831	31 	16 	15 	.516 	3.00 	2.45 	8 	8 	0.0	0.0	0.0	0.0	1997 	1980 	0.0	720 	1647 	.437 	126 	422 	.299 	431 	655 	.658 	0.0	1198 	383 	230 	155 	0.0	
298 	830	31 	19 	12 	.613 	12.29 	6.22 	9 	7 	0.0	0.0	0.0	0.0	2526 	2338 	0.0	879 	1950 	.451 	211 	646 	.327 	557 	822 	.678 	0.0	1246 	440 	272 	95 	0.0	
299 	838	27 	11 	16 	.407 	-9.07 	-9.72 	6 	12 	0.0	0.0	0.0	0.0	2097 	2040 	0.0	778 	1847 	.421 	208 	597 	.348 	333 	465 	.716 	0.0	1025 	464 	309 	55 	0.0	
300 	839	36 	22 	14 	.611 	14.20 	8.95 	7 	9 	0.0	0.0	0.0	0.0	2512 	2323 	0.0	911 	2100 	.434 	159 	515 	.309 	531 	788 	.674 	0.0	1379 	479 	218 	146 	0.0	
301 	841	28 	6 	22 	.214 	-1.91 	7.66 	1 	17 	0.0	0.0	0.0	0.0	1778 	2046 	0.0	613 	1482 	.414 	171 	464 	.369 	381 	543 	.702 	0.0	950 	301 	180 	68 	0.0	
302 	840	30 	10 	20 	.333 	2.46 	9.98 	5 	13 	0.0	0.0	0.0	0.0	1981 	2183 	0.0	728 	1767 	.412 	160 	468 	.342 	365 	551 	.662 	0.0	1168 	399 	200 	116 	0.0	
303 	842	28 	18 	10 	.643 	1.98 	0.46 	10 	6 	0.0	0.0	0.0	0.0	2165 	2056 	0.0	724 	1569 	.461 	177 	491 	.360 	540 	718 	.752 	0.0	1066 	434 	201 	66 	0.0	
304 	843	28 	14 	14 	.500 	3.65 	5.00 	6 	10 	0.0	0.0	0.0	0.0	1974 	2012 	0.0	736 	1634 	.450 	152 	460 	.330 	350 	536 	.653 	0.0	1140 	433 	203 	123 	0.0	
305 	833	28 	14 	14 	.500 	-10.42 	-4.94 	7 	9 	0.0	0.0	0.0	0.0	2153 	2248 	0.0	813 	1797 	.452 	167 	520 	.321 	360 	518 	.695 	0.0	1099 	446 	242 	69 	0.0	
306 	834	30 	8 	22 	.267 	-9.75 	-2.68 	3 	13 	0.0	0.0	0.0	0.0	1975 	2123 	0.0	716 	1640 	.437 	210 	567 	.370 	333 	488 	.682 	0.0	1129 	482 	201 	49 	0.0	
307 	835	29 	11 	18 	.379 	-4.00 	-1.45 	8 	8 	0.0	0.0	0.0	0.0	1995 	2069 	0.0	728 	1642 	.443 	169 	499 	.339 	370 	558 	.663 	0.0	1201 	384 	153 	119 	0.0	
308 	836	28 	10 	18 	.357 	-3.38 	1.87 	6 	12 	0.0	0.0	0.0	0.0	2044 	2191 	0.0	715 	1682 	.425 	159 	503 	.316 	455 	668 	.681 	0.0	1116 	360 	194 	70 	0.0	
309 	846	29 	12 	17 	.414 	0.56 	1.92 	5 	13 	0.0	0.0	0.0	0.0	1925 	1954 	0.0	648 	1593 	.407 	190 	591 	.321 	439 	621 	.707 	0.0	1105 	407 	241 	58 	0.0	
310 	847	28 	11 	17 	.393 	-5.55 	-0.92 	6 	10 	0.0	0.0	0.0	0.0	1922 	1994 	0.0	678 	1593 	.426 	188 	537 	.350 	378 	535 	.707 	0.0	1073 	394 	163 	122 	0.0	
311 	848	30 	21 	9 	.700 	-1.04 	-7.41 	11 	3 	0.0	0.0	0.0	0.0	2193 	1941 	0.0	733 	1719 	.426 	251 	702 	.358 	476 	717 	.664 	0.0	1275 	406 	215 	104 	0.0	
312 	849	36 	22 	14 	.611 	16.67 	12.50 	8 	8 	0.0	0.0	0.0	0.0	2157 	2007 	0.0	765 	1793 	.427 	207 	602 	.344 	420 	617 	.681 	0.0	1199 	478 	236 	102 	0.0	
313 	850	30 	14 	16 	.467 	-7.64 	-2.89 	8 	8 	0.0	0.0	0.0	0.0	2078 	2184 	0.0	721 	1756 	.411 	214 	634 	.338 	422 	623 	.677 	0.0	1143 	383 	184 	91 	0.0	
314 	851	28 	11 	17 	.393 	-5.22 	-0.15 	6 	8 	0.0	0.0	0.0	0.0	1717 	1859 	0.0	567 	1309 	.433 	139 	419 	.332 	444 	603 	.736 	0.0	963 	328 	171 	53 	0.0	
315 	852	31 	19 	12 	.613 	6.88 	2.84 	8 	6 	0.0	0.0	0.0	0.0	2567 	2401 	0.0	916 	2085 	.439 	222 	635 	.350 	513 	727 	.706 	0.0	1368 	501 	249 	102 	0.0	
316 	853	33 	21 	12 	.636 	9.36 	3.42 	9 	7 	0.0	0.0	0.0	0.0	2481 	2285 	0.0	856 	1979 	.433 	220 	627 	.351 	549 	773 	.710 	0.0	1379 	474 	261 	118 	0.0	
317 	854	27 	7 	20 	.259 	-15.73 	-8.47 	5 	9 	0.0	0.0	0.0	0.0	1585 	1781 	0.0	563 	1436 	.392 	103 	372 	.277 	356 	530 	.672 	0.0	1036 	267 	160 	83 	0.0	
318 	855	28 	12 	16 	.429 	-8.07 	-3.66 	9 	7 	0.0	0.0	0.0	0.0	1876 	1974 	0.0	696 	1593 	.437 	154 	479 	.322 	330 	484 	.682 	0.0	1103 	410 	198 	94 	0.0	