1 	502	29 	8 	21 	.276 	-3.57 	1.99 	3 	11 	6 	9 	1 	11 	1667 	1828 	0.0	544 	1251 	.435 	245 	683 	.359 	334 	479 	.697 	0.0	724 	367 	211 	54 	0.0	
2 	503	28 	12 	16 	.429 	-3.09 	1.67 	9 	9 	8 	5 	4 	9 	1901 	2034 	0.0	613 	1355 	.452 	189 	436 	.433 	486 	670 	.725 	0.0	823 	379 	161 	89 	0.0	
3 	505	28 	17 	11 	.607 	-13.46 	-11.79 	13 	5 	11 	2 	5 	9 	2056 	2091 	0.0	743 	1902 	.391 	156 	536 	.291 	414 	661 	.626 	0.0	1256 	388 	339 	78 	0.0	
4 	805	31 	17 	14 	.548 	6.63 	4.08 	8 	8 	10 	5 	6 	7 	2236 	2157 	0.0	799 	1882 	.425 	178 	552 	.322 	460 	709 	.649 	0.0	1274 	392 	208 	125 	0.0	
5 	506	31 	22 	9 	.710 	-8.86 	-13.61 	15 	3 	11 	2 	8 	5 	2135 	1980 	0.0	756 	1713 	.441 	165 	506 	.326 	458 	696 	.658 	0.0	1245 	410 	260 	93 	0.0	
6 	504	36 	25 	11 	.694 	14.02 	6.27 	8 	8 	18 	1 	2 	7 	2761 	2482 	0.0	953 	2199 	.433 	232 	711 	.326 	623 	893 	.698 	0.0	1630 	438 	257 	166 	0.0	
7 	507	28 	6 	22 	.214 	-18.87 	-8.67 	0.0	0.0	4 	9 	1 	12 	1928 	2169 	0.0	712 	1656 	.430 	166 	442 	.376 	338 	501 	.675 	0.0	997 	316 	225 	64 	0.0	
8 	508	30 	15 	15 	.500 	-11.98 	-10.78 	13 	5 	8 	2 	6 	10 	2245 	2280 	0.0	784 	1790 	.438 	159 	476 	.334 	518 	746 	.694 	0.0	1261 	366 	228 	95 	0.0	
9 	509	27 	7 	20 	.259 	-10.33 	-2.81 	3 	13 	6 	7 	1 	13 	1579 	1782 	0.0	596 	1470 	.405 	110 	382 	.288 	277 	484 	.572 	0.0	1000 	293 	137 	114 	0.0	
10 	510	31 	11 	20 	.355 	-12.13 	-4.24 	7 	9 	6 	8 	5 	9 	2005 	2186 	0.0	743 	1715 	.433 	133 	438 	.304 	386 	572 	.675 	0.0	1248 	444 	193 	79 	0.0	
11 	512	29 	13 	16 	.448 	11.09 	8.99 	5 	13 	10 	7 	2 	8 	2121 	2060 	0.0	779 	1757 	.443 	105 	356 	.295 	458 	681 	.673 	0.0	1243 	458 	183 	119 	0.0	
12 	511	36 	28 	8 	.778 	26.84 	12.56 	15 	3 	13 	2 	7 	5 	2926 	2386 	0.0	1015 	2131 	.476 	193 	544 	.355 	703 	940 	.748 	0.0	1563 	585 	283 	159 	0.0	
13 	513	29 	18 	11 	.621 	-0.79 	-3.63 	9 	7 	10 	3 	7 	8 	2056 	1849 	0.0	704 	1484 	.474 	200 	492 	.407 	448 	635 	.706 	0.0	1044 	376 	218 	91 	0.0	
14 	514	27 	2 	25 	.074 	-31.20 	-8.23 	2 	16 	2 	8 	0 	17 	1660 	2282 	0.0	612 	1662 	.368 	116 	412 	.282 	320 	543 	.589 	0.0	1097 	269 	210 	90 	0.0	
15 	516	30 	17 	13 	.567 	-4.23 	-2.76 	10 	6 	9 	4 	6 	8 	2189 	2168 	0.0	799 	1759 	.454 	180 	535 	.336 	411 	593 	.693 	0.0	1195 	415 	155 	141 	0.0	
16 	515	31 	20 	11 	.645 	16.61 	6.16 	10 	6 	16 	2 	3 	7 	2476 	2152 	0.0	881 	1990 	.443 	273 	741 	.368 	441 	639 	.690 	0.0	1223 	476 	365 	124 	0.0	
17 	517	28 	9 	19 	.321 	-15.73 	-7.65 	3 	9 	7 	7 	2 	11 	2015 	2201 	0.0	644 	1502 	.429 	160 	419 	.382 	567 	756 	.750 	0.0	1030 	309 	169 	58 	0.0	
18 	518	32 	18 	14 	.563 	11.48 	7.14 	7 	9 	14 	5 	2 	7 	2477 	2338 	0.0	917 	2043 	.449 	198 	642 	.308 	445 	684 	.651 	0.0	1243 	495 	265 	155 	0.0	
19 	519	32 	22 	10 	.688 	-0.53 	-3.26 	10 	6 	11 	1 	6 	8 	2510 	2404 	0.0	935 	1845 	.507 	189 	510 	.371 	451 	641 	.704 	0.0	1188 	472 	189 	148 	0.0	
20 	520	30 	18 	12 	.600 	3.12 	0.30 	11 	7 	9 	6 	7 	5 	2092 	1993 	0.0	784 	1736 	.452 	193 	477 	.405 	331 	508 	.652 	0.0	1223 	381 	153 	98 	0.0	
21 	521	31 	19 	12 	.613 	7.42 	2.60 	6 	10 	14 	3 	3 	8 	2209 	2001 	0.0	784 	1748 	.449 	188 	630 	.298 	453 	673 	.673 	0.0	1222 	473 	274 	75 	0.0	
22 	522	28 	13 	15 	.464 	-9.75 	-5.45 	0.0	0.0	9 	2 	3 	12 	2133 	2202 	0.0	719 	1667 	.431 	288 	815 	.353 	407 	546 	.745 	0.0	1051 	490 	151 	45 	0.0	
23 	523	29 	10 	19 	.345 	-17.81 	-10.37 	5 	13 	8 	6 	1 	12 	1822 	1976 	0.0	618 	1541 	.401 	115 	375 	.307 	471 	738 	.638 	0.0	1134 	242 	207 	59 	0.0	
24 	526	31 	17 	14 	.548 	-0.69 	-0.21 	8 	8 	10 	2 	6 	9 	2237 	2230 	0.0	811 	1778 	.456 	174 	501 	.347 	441 	653 	.675 	0.0	1123 	433 	214 	92 	0.0	
25 	527	32 	27 	5 	.844 	17.99 	5.18 	13 	3 	17 	0 	6 	4 	2547 	2129 	0.0	879 	1934 	.454 	230 	651 	.353 	559 	788 	.709 	0.0	1273 	464 	326 	97 	0.0	
26 	528	28 	14 	14 	.500 	-5.30 	-5.84 	9 	9 	8 	4 	5 	9 	1913 	1898 	0.0	656 	1577 	.416 	194 	545 	.356 	407 	559 	.728 	0.0	1010 	347 	189 	53 	0.0	
27 	529	29 	15 	14 	.517 	2.00 	1.40 	10 	8 	10 	4 	5 	9 	2202 	2110 	0.0	761 	1571 	.484 	134 	354 	.379 	546 	712 	.767 	0.0	1022 	442 	221 	98 	0.0	
28 	530	31 	19 	12 	.613 	3.15 	1.75 	12 	6 	13 	2 	3 	8 	2045 	1972 	0.0	699 	1590 	.440 	166 	452 	.367 	481 	644 	.747 	0.0	1180 	403 	164 	127 	0.0	
29 	536	33 	24 	9 	.727 	10.94 	3.47 	10 	4 	15 	0 	4 	6 	2324 	2069 	0.0	744 	1620 	.459 	185 	485 	.381 	651 	835 	.780 	0.0	1126 	414 	203 	108 	0.0	
30 	531	27 	15 	12 	.556 	-8.93 	-6.78 	9 	5 	10 	2 	5 	10 	1968 	2026 	0.0	682 	1511 	.451 	154 	457 	.337 	450 	652 	.690 	0.0	1062 	384 	211 	71 	0.0	
31 	533	29 	14 	15 	.483 	-12.19 	-6.27 	4 	8 	9 	4 	4 	11 	1909 	2041 	0.0	664 	1542 	.431 	112 	357 	.314 	469 	762 	.615 	0.0	1136 	338 	216 	85 	0.0	
32 	534	28 	4 	24 	.143 	-9.02 	0.70 	2 	16 	3 	10 	0 	13 	1873 	2145 	0.0	645 	1548 	.417 	189 	529 	.357 	394 	605 	.651 	0.0	1029 	331 	186 	66 	0.0	
33 	535	32 	24 	8 	.750 	12.55 	3.98 	11 	3 	13 	1 	7 	6 	2228 	1946 	0.0	755 	1643 	.460 	251 	617 	.407 	467 	652 	.716 	0.0	1044 	388 	222 	89 	0.0	
34 	538	28 	9 	19 	.321 	-8.24 	-1.33 	3 	13 	6 	9 	3 	9 	2241 	2273 	0.0	773 	1764 	.438 	198 	572 	.346 	497 	728 	.683 	0.0	1225 	334 	178 	96 	0.0	
35 	564	28 	5 	23 	.179 	-13.24 	-0.20 	3 	13 	3 	11 	2 	11 	1657 	1964 	0.0	556 	1336 	.416 	144 	471 	.306 	401 	585 	.685 	0.0	894 	327 	151 	56 	0.0	
36 	565	32 	22 	10 	.688 	5.94 	0.24 	13 	3 	13 	1 	8 	6 	2650 	2409 	0.0	910 	1842 	.494 	217 	547 	.397 	613 	865 	.709 	0.0	1244 	608 	267 	77 	0.0	
37 	807	30 	25 	5 	.833 	2.12 	-2.58 	15 	1 	14 	1 	10 	3 	2108 	1928 	0.0	705 	1550 	.455 	181 	464 	.390 	517 	697 	.742 	0.0	1141 	370 	194 	89 	0.0	
38 	757	28 	13 	15 	.464 	-2.87 	-0.75 	9 	7 	9 	5 	4 	9 	1933 	1972 	0.0	655 	1512 	.433 	144 	440 	.327 	479 	662 	.724 	0.0	1104 	394 	166 	63 	0.0	
39 	539	31 	20 	11 	.645 	14.76 	9.08 	11 	7 	14 	3 	5 	7 	2304 	2128 	0.0	813 	1699 	.479 	176 	503 	.350 	502 	732 	.686 	0.0	1116 	508 	225 	66 	0.0	
40 	540	28 	7 	21 	.250 	-16.75 	-7.36 	5 	13 	4 	7 	3 	13 	1819 	2082 	0.0	682 	1599 	.427 	147 	432 	.340 	308 	464 	.664 	0.0	1016 	338 	155 	84 	0.0	
41 	541	31 	20 	11 	.645 	-2.11 	-4.62 	9 	9 	12 	3 	7 	8 	2395 	2317 	0.0	840 	1850 	.454 	227 	601 	.378 	488 	706 	.691 	0.0	1254 	494 	199 	99 	0.0	
42 	543	27 	8 	19 	.296 	-13.08 	-1.53 	0.0	0.0	8 	3 	0 	15 	1854 	2036 	0.0	619 	1494 	.414 	133 	410 	.324 	483 	641 	.754 	0.0	1039 	292 	156 	52 	0.0	
43 	544	28 	14 	14 	.500 	-8.79 	-10.18 	11 	9 	8 	5 	6 	7 	2050 	2011 	0.0	710 	1610 	.441 	155 	429 	.361 	475 	681 	.698 	0.0	1174 	337 	209 	91 	0.0	
44 	809	31 	8 	23 	.258 	-9.46 	-5.26 	3 	15 	4 	9 	3 	11 	2182 	2302 	0.0	795 	1846 	.431 	194 	608 	.319 	398 	581 	.685 	0.0	1181 	420 	240 	109 	0.0	
45 	537	28 	20 	8 	.714 	0.98 	0.02 	14 	4 	13 	1 	7 	6 	1998 	1901 	0.0	669 	1370 	.488 	130 	373 	.349 	530 	723 	.733 	0.0	1000 	374 	167 	65 	0.0	
46 	545	29 	10 	19 	.345 	-16.14 	-7.06 	6 	8 	7 	6 	2 	10 	1860 	2086 	0.0	677 	1583 	.428 	135 	419 	.322 	371 	580 	.640 	0.0	1055 	345 	283 	91 	0.0	
47 	546	33 	22 	11 	.667 	14.24 	7.91 	10 	6 	10 	2 	7 	7 	2583 	2374 	0.0	873 	1998 	.437 	305 	848 	.360 	532 	777 	.685 	0.0	1386 	471 	231 	97 	0.0	
48 	547	30 	17 	13 	.567 	-2.13 	-3.81 	9 	7 	12 	2 	3 	9 	2195 	2094 	0.0	742 	1654 	.449 	197 	561 	.351 	514 	733 	.701 	0.0	1216 	411 	202 	68 	0.0	
49 	548	28 	5 	23 	.179 	-15.14 	-1.29 	2 	14 	3 	9 	2 	13 	1776 	2120 	0.0	682 	1586 	.430 	131 	403 	.325 	281 	456 	.616 	0.0	1047 	381 	171 	90 	0.0	
50 	549	35 	25 	10 	.714 	16.19 	7.84 	11 	5 	11 	3 	7 	5 	2586 	2294 	0.0	921 	2076 	.444 	214 	600 	.357 	530 	760 	.697 	0.0	1344 	451 	194 	118 	0.0	
51 	550	28 	16 	12 	.571 	-6.91 	-6.00 	9 	7 	12 	2 	2 	9 	1927 	1856 	0.0	646 	1566 	.413 	183 	547 	.335 	452 	715 	.632 	0.0	1158 	337 	218 	102 	0.0	
52 	551	31 	12 	19 	.387 	2.73 	8.31 	2 	14 	9 	7 	1 	9 	2298 	2471 	0.0	797 	1879 	.424 	248 	692 	.358 	456 	650 	.702 	0.0	1283 	434 	187 	69 	0.0	
53 	552	32 	19 	13 	.594 	2.06 	1.56 	9 	5 	11 	2 	6 	8 	2192 	2167 	0.0	725 	1717 	.422 	196 	531 	.369 	546 	795 	.687 	0.0	1298 	324 	210 	130 	0.0	
54 	553	28 	8 	20 	.286 	-13.37 	-6.62 	6 	8 	6 	7 	2 	12 	1984 	2173 	0.0	694 	1582 	.439 	171 	497 	.344 	425 	604 	.704 	0.0	1000 	390 	243 	56 	0.0	
55 	555	28 	13 	15 	.464 	-10.85 	-8.13 	6 	6 	9 	3 	4 	10 	1979 	2004 	0.0	658 	1501 	.438 	130 	366 	.355 	533 	749 	.712 	0.0	958 	357 	203 	70 	0.0	
56 	554	29 	22 	7 	.759 	1.62 	-4.56 	12 	4 	13 	0 	6 	4 	1942 	1739 	0.0	678 	1494 	.454 	119 	356 	.334 	467 	615 	.759 	0.0	1038 	431 	206 	147 	0.0	
57 	557	28 	15 	13 	.536 	5.49 	2.33 	6 	8 	10 	3 	2 	8 	1932 	1774 	0.0	666 	1391 	.479 	183 	454 	.403 	417 	625 	.667 	0.0	970 	432 	162 	42 	0.0	
58 	556	30 	15 	15 	.500 	11.10 	5.65 	5 	11 	8 	7 	6 	6 	2419 	2250 	0.0	837 	1818 	.460 	186 	518 	.359 	559 	783 	.714 	0.0	1295 	517 	227 	96 	0.0	
59 	558	27 	12 	15 	.444 	-10.79 	-7.51 	7 	7 	9 	3 	2 	12 	1539 	1591 	0.0	514 	1230 	.418 	157 	454 	.346 	354 	500 	.708 	0.0	898 	333 	140 	99 	0.0	
60 	559	32 	20 	12 	.625 	10.17 	5.43 	8 	8 	17 	2 	1 	8 	2348 	2185 	0.0	860 	1850 	.465 	102 	298 	.342 	526 	751 	.700 	0.0	1338 	444 	257 	120 	0.0	
61 	560	28 	13 	15 	.464 	-12.03 	-9.39 	11 	8 	7 	5 	4 	9 	1806 	1880 	0.0	628 	1523 	.412 	129 	408 	.316 	421 	566 	.744 	0.0	1026 	256 	162 	85 	0.0	
62 	561	27 	7 	20 	.259 	-14.40 	-7.52 	3 	11 	4 	8 	3 	9 	1686 	1832 	0.0	578 	1487 	.389 	173 	585 	.296 	357 	535 	.667 	0.0	987 	292 	193 	38 	0.0	
63 	562	32 	24 	8 	.750 	12.40 	3.00 	14 	4 	14 	0 	7 	5 	2325 	2024 	0.0	788 	1782 	.442 	249 	694 	.359 	500 	712 	.702 	0.0	1189 	490 	293 	114 	0.0	
64 	567	27 	8 	19 	.296 	-14.38 	-7.34 	3 	11 	6 	7 	2 	11 	1720 	1883 	0.0	577 	1436 	.402 	218 	661 	.330 	348 	489 	.712 	0.0	917 	389 	160 	64 	0.0	
65 	568	32 	15 	17 	.469 	-8.76 	-3.65 	7 	9 	10 	4 	2 	9 	2208 	2238 	0.0	774 	1816 	.426 	197 	555 	.355 	463 	699 	.662 	0.0	1350 	438 	209 	119 	0.0	
66 	569	34 	21 	13 	.618 	9.73 	6.14 	9 	7 	12 	6 	6 	6 	2418 	2296 	0.0	819 	1854 	.442 	254 	686 	.370 	526 	718 	.733 	0.0	1293 	517 	206 	85 	0.0	
67 	571	28 	13 	15 	.464 	-15.11 	-10.97 	11 	7 	8 	3 	5 	11 	1785 	1901 	0.0	646 	1500 	.431 	183 	558 	.328 	310 	469 	.661 	0.0	918 	398 	191 	71 	0.0	
68 	570	30 	20 	10 	.667 	1.90 	-6.04 	14 	4 	12 	2 	7 	8 	2252 	2014 	0.0	801 	1732 	.462 	251 	654 	.384 	399 	578 	.690 	0.0	1213 	463 	219 	157 	0.0	
69 	572	28 	10 	18 	.357 	-7.30 	-1.30 	5 	11 	6 	9 	4 	8 	1888 	1978 	0.0	701 	1664 	.421 	163 	497 	.328 	323 	540 	.598 	0.0	1183 	359 	185 	71 	0.0	
70 	573	30 	12 	18 	.400 	5.34 	8.02 	4 	12 	8 	8 	3 	8 	2168 	2219 	0.0	766 	1744 	.439 	184 	549 	.335 	452 	669 	.676 	0.0	1130 	439 	160 	108 	0.0	
71 	574	37 	25 	12 	.676 	7.83 	2.44 	10 	4 	13 	0 	9 	7 	2600 	2381 	0.0	920 	2036 	.452 	279 	745 	.374 	481 	706 	.681 	0.0	1405 	473 	214 	105 	0.0	
72 	575	28 	12 	16 	.429 	0.83 	-0.21 	8 	10 	10 	5 	2 	10 	1965 	1936 	0.0	668 	1449 	.461 	201 	507 	.396 	428 	562 	.762 	0.0	984 	385 	139 	64 	0.0	
73 	576	27 	15 	12 	.556 	-4.06 	-5.43 	12 	6 	9 	2 	5 	9 	2025 	1988 	0.0	723 	1523 	.475 	163 	439 	.371 	416 	610 	.682 	0.0	1125 	411 	144 	51 	0.0	
74 	577	39 	35 	4 	.897 	32.18 	11.98 	13 	3 	13 	2 	9 	1 	3538 	2750 	0.0	1217 	2530 	.481 	407 	1057 	.385 	697 	1002 	.696 	0.0	1680 	701 	411 	196 	0.0	
75 	578	30 	9 	21 	.300 	-3.14 	3.96 	3 	13 	7 	6 	0 	12 	2116 	2329 	0.0	735 	1660 	.443 	156 	440 	.355 	490 	702 	.698 	0.0	1086 	331 	196 	64 	0.0	
76 	583	28 	14 	14 	.500 	-4.24 	-3.16 	6 	10 	10 	3 	3 	11 	2018 	2044 	0.0	659 	1603 	.411 	228 	662 	.344 	472 	651 	.725 	0.0	1095 	356 	165 	47 	0.0	
77 	586	28 	18 	10 	.643 	-3.04 	-6.12 	13 	3 	11 	2 	7 	7 	2034 	1825 	0.0	727 	1638 	.444 	153 	466 	.328 	427 	693 	.616 	0.0	1210 	375 	279 	90 	0.0	
78 	579	31 	21 	10 	.677 	0.99 	-2.46 	11 	5 	13 	0 	5 	9 	2564 	2439 	0.0	915 	1931 	.474 	230 	584 	.394 	504 	650 	.775 	0.0	1194 	514 	197 	116 	0.0	
79 	580	26 	7 	19 	.269 	-13.60 	-2.73 	1 	15 	6 	7 	1 	12 	1895 	2099 	0.0	677 	1612 	.420 	169 	476 	.355 	372 	589 	.632 	0.0	1109 	335 	176 	101 	0.0	
80 	581	28 	3 	25 	.107 	-11.40 	-0.76 	1 	17 	3 	11 	0 	14 	1672 	1970 	0.0	593 	1403 	.423 	139 	455 	.305 	347 	542 	.640 	0.0	953 	314 	132 	80 	0.0	
81 	582	28 	17 	11 	.607 	0.05 	-0.76 	11 	5 	8 	4 	7 	7 	2010 	1925 	0.0	680 	1413 	.481 	127 	347 	.366 	523 	716 	.730 	0.0	901 	427 	213 	51 	0.0	
82 	585	29 	9 	20 	.310 	-17.92 	-9.17 	4 	10 	7 	5 	1 	14 	1873 	2064 	0.0	669 	1523 	.439 	171 	525 	.326 	364 	528 	.689 	0.0	967 	331 	196 	92 	0.0	
83 	587	30 	14 	16 	.467 	-1.68 	1.77 	9 	9 	10 	4 	4 	9 	2066 	2146 	0.0	733 	1515 	.484 	186 	478 	.389 	414 	590 	.702 	0.0	982 	515 	149 	66 	0.0	
84 	589	28 	12 	16 	.429 	-6.43 	-3.51 	8 	10 	5 	5 	6 	9 	2069 	2151 	0.0	708 	1624 	.436 	118 	410 	.288 	535 	740 	.723 	0.0	1143 	366 	224 	113 	0.0	
85 	588	28 	13 	15 	.464 	-11.42 	-8.45 	10 	10 	7 	4 	6 	10 	1919 	2002 	0.0	661 	1519 	.435 	195 	587 	.332 	402 	667 	.603 	0.0	1081 	375 	211 	71 	0.0	
86 	593	28 	6 	22 	.214 	-22.79 	-10.22 	4 	14 	5 	9 	1 	12 	1876 	2230 	0.0	621 	1563 	.397 	165 	528 	.313 	469 	723 	.649 	0.0	1088 	290 	235 	100 	0.0	
87 	590	31 	7 	24 	.226 	-16.07 	-3.79 	5 	13 	3 	10 	3 	12 	2119 	2519 	0.0	761 	1928 	.395 	206 	611 	.337 	391 	566 	.691 	0.0	1246 	414 	198 	64 	0.0	
88 	594	29 	8 	21 	.276 	-9.16 	-0.70 	5 	11 	5 	10 	2 	10 	1727 	1947 	0.0	608 	1444 	.421 	142 	436 	.326 	369 	528 	.699 	0.0	872 	255 	175 	26 	0.0	
89 	595	30 	9 	21 	.300 	3.20 	10.99 	4 	12 	6 	10 	2 	8 	2085 	2289 	0.0	742 	1739 	.427 	148 	464 	.319 	453 	675 	.671 	0.0	1215 	389 	186 	103 	0.0	
90 	592	31 	24 	7 	.774 	21.32 	7.51 	12 	4 	14 	2 	8 	3 	2509 	2081 	0.0	849 	1764 	.481 	256 	668 	.383 	555 	761 	.729 	0.0	1231 	538 	271 	114 	0.0	
91 	596	29 	12 	17 	.414 	0.60 	5.32 	4 	12 	8 	6 	2 	10 	2148 	2287 	0.0	775 	1846 	.420 	189 	635 	.298 	409 	611 	.669 	0.0	1223 	429 	261 	112 	0.0	
92 	597	33 	26 	7 	.788 	15.66 	5.14 	13 	3 	17 	1 	6 	4 	2689 	2342 	0.0	954 	2030 	.470 	241 	678 	.355 	540 	793 	.681 	0.0	1355 	592 	330 	209 	0.0	
93 	598	26 	10 	16 	.385 	-7.70 	-6.02 	5 	11 	6 	6 	4 	10 	1730 	1725 	0.0	633 	1473 	.430 	149 	465 	.320 	315 	484 	.651 	0.0	967 	349 	179 	75 	0.0	
94 	602	30 	18 	12 	.600 	5.12 	-0.35 	11 	5 	10 	1 	6 	9 	2127 	1963 	0.0	784 	1705 	.460 	142 	439 	.323 	417 	633 	.659 	0.0	1114 	411 	252 	129 	0.0	
95 	599	32 	14 	18 	.438 	8.37 	6.30 	6 	10 	9 	6 	2 	9 	2470 	2404 	0.0	835 	1986 	.420 	223 	680 	.328 	577 	812 	.711 	0.0	1371 	424 	256 	110 	0.0	
96 	603	33 	25 	8 	.758 	12.07 	1.58 	10 	6 	13 	3 	7 	3 	2574 	2228 	0.0	924 	2115 	.437 	186 	561 	.332 	540 	817 	.661 	0.0	1609 	547 	324 	198 	0.0	
97 	600	30 	15 	15 	.500 	-6.58 	-5.50 	9 	7 	8 	4 	5 	10 	2296 	2261 	0.0	839 	1908 	.440 	181 	525 	.345 	437 	652 	.670 	0.0	1292 	405 	230 	77 	0.0	
98 	605	34 	29 	5 	.853 	5.25 	-3.72 	16 	2 	16 	0 	10 	4 	2701 	2337 	0.0	929 	2068 	.449 	276 	780 	.354 	567 	808 	.702 	0.0	1335 	449 	351 	129 	0.0	
99 	606	30 	17 	13 	.567 	14.51 	11.78 	8 	8 	12 	3 	3 	8 	2269 	2187 	0.0	776 	1822 	.426 	260 	700 	.371 	457 	662 	.690 	0.0	1241 	488 	238 	136 	0.0	
100 	604	31 	16 	15 	.516 	12.67 	12.71 	9 	7 	9 	4 	5 	7 	2257 	2258 	0.0	845 	1820 	.464 	142 	411 	.345 	425 	632 	.672 	0.0	1277 	471 	195 	149 	0.0	
101 	607	33 	26 	7 	.788 	12.57 	0.32 	13 	1 	13 	1 	9 	5 	2720 	2271 	0.0	915 	1793 	.510 	245 	606 	.404 	645 	947 	.681 	0.0	1392 	537 	191 	135 	0.0	
102 	608	26 	8 	18 	.308 	-19.88 	-10.18 	8 	10 	5 	4 	3 	14 	1953 	2225 	0.0	692 	1657 	.418 	158 	479 	.330 	411 	584 	.704 	0.0	1034 	302 	196 	106 	0.0	
103 	844	28 	11 	17 	.393 	-2.15 	2.56 	4 	10 	8 	7 	3 	9 	1632 	1764 	0.0	565 	1326 	.426 	130 	330 	.394 	372 	533 	.698 	0.0	907 	288 	123 	68 	0.0	
104 	610	32 	25 	7 	.781 	-3.67 	-10.60 	14 	4 	10 	1 	11 	5 	2471 	2246 	0.0	850 	1846 	.460 	200 	575 	.348 	571 	835 	.684 	0.0	1362 	449 	218 	185 	0.0	
105 	611	28 	4 	24 	.143 	-16.83 	-5.79 	1 	17 	3 	11 	1 	12 	1821 	2130 	0.0	628 	1539 	.408 	168 	500 	.336 	397 	611 	.650 	0.0	1059 	323 	171 	67 	0.0	
106 	612	26 	14 	12 	.538 	-6.90 	-8.51 	7 	7 	10 	3 	4 	9 	1864 	1822 	0.0	671 	1531 	.438 	203 	555 	.366 	319 	473 	.674 	0.0	979 	405 	260 	55 	0.0	
107 	613	31 	17 	14 	.548 	6.89 	7.25 	8 	8 	13 	5 	2 	8 	2254 	2265 	0.0	797 	1703 	.468 	177 	507 	.349 	483 	666 	.725 	0.0	1103 	557 	183 	74 	0.0	
108 	614	28 	8 	20 	.286 	-18.26 	-7.98 	3 	11 	8 	5 	0 	15 	1681 	1903 	0.0	608 	1548 	.393 	138 	473 	.292 	327 	503 	.650 	0.0	1018 	328 	246 	60 	0.0	
109 	615	31 	26 	5 	.839 	5.11 	-5.47 	16 	2 	12 	1 	11 	2 	2257 	1929 	0.0	784 	1657 	.473 	167 	503 	.332 	522 	807 	.647 	0.0	1298 	414 	237 	119 	0.0	
110 	616	30 	22 	8 	.733 	-0.31 	-5.84 	10 	2 	13 	1 	9 	6 	2034 	1868 	0.0	640 	1437 	.445 	136 	388 	.351 	618 	940 	.657 	0.0	1295 	385 	188 	157 	0.0	
111 	617	29 	9 	20 	.310 	-1.33 	4.91 	6 	10 	6 	7 	1 	12 	1897 	2078 	0.0	644 	1549 	.416 	105 	361 	.291 	504 	729 	.691 	0.0	1167 	321 	164 	77 	0.0	
112 	619	28 	10 	18 	.357 	-19.91 	-10.37 	8 	10 	6 	4 	4 	12 	1914 	2181 	0.0	621 	1598 	.389 	193 	541 	.357 	479 	672 	.713 	0.0	975 	328 	198 	47 	0.0	
113 	621	28 	14 	14 	.500 	-2.10 	-1.41 	10 	6 	8 	6 	5 	6 	2074 	2044 	0.0	709 	1585 	.447 	235 	599 	.392 	421 	559 	.753 	0.0	1029 	432 	145 	82 	0.0	
114 	620	27 	6 	21 	.222 	-12.18 	-0.02 	3 	13 	5 	9 	1 	12 	1720 	1992 	0.0	584 	1536 	.380 	160 	505 	.317 	392 	610 	.643 	0.0	977 	296 	188 	60 	0.0	
115 	622	28 	11 	17 	.393 	-0.05 	3.55 	5 	9 	9 	6 	2 	10 	1901 	2002 	0.0	663 	1666 	.398 	129 	365 	.353 	446 	683 	.653 	0.0	1145 	385 	165 	62 	0.0	
116 	624	30 	21 	9 	.700 	5.96 	0.56 	12 	6 	13 	2 	7 	6 	2257 	2095 	0.0	766 	1655 	.463 	155 	422 	.367 	570 	783 	.728 	0.0	1120 	416 	246 	91 	0.0	
117 	623	35 	27 	8 	.771 	23.32 	11.38 	13 	3 	13 	0 	7 	4 	2725 	2307 	0.0	929 	2046 	.454 	247 	678 	.364 	620 	880 	.705 	0.0	1527 	550 	269 	146 	0.0	
118 	626	34 	22 	12 	.647 	6.95 	2.50 	10 	8 	12 	2 	5 	8 	2479 	2305 	0.0	861 	1872 	.460 	213 	594 	.359 	544 	772 	.705 	0.0	1159 	521 	237 	100 	0.0	
119 	625	34 	21 	13 	.618 	17.58 	11.05 	10 	6 	13 	2 	4 	6 	2408 	2186 	0.0	858 	1896 	.453 	181 	500 	.362 	511 	804 	.636 	0.0	1404 	513 	231 	178 	0.0	
120 	627	33 	22 	11 	.667 	0.25 	-4.09 	12 	6 	12 	2 	8 	6 	2549 	2375 	0.0	912 	1896 	.481 	159 	415 	.383 	566 	822 	.689 	0.0	1458 	481 	259 	183 	0.0	
121 	629	31 	25 	6 	.806 	15.90 	4.87 	13 	3 	16 	0 	6 	4 	2451 	2115 	0.0	823 	1735 	.474 	182 	436 	.417 	623 	856 	.728 	0.0	1335 	429 	190 	102 	0.0	
122 	628	35 	23 	12 	.657 	14.24 	10.70 	7 	9 	12 	4 	5 	6 	2593 	2469 	0.0	815 	1895 	.430 	210 	573 	.366 	753 	1068 	.705 	0.0	1499 	474 	191 	83 	0.0	
123 	631	29 	11 	18 	.379 	-5.26 	-3.37 	6 	10 	7 	6 	3 	11 	2057 	2008 	0.0	701 	1620 	.433 	129 	394 	.327 	526 	751 	.700 	0.0	1111 	342 	220 	95 	0.0	
124 	632	30 	7 	23 	.233 	-18.35 	-10.35 	7 	11 	4 	5 	3 	16 	2012 	2247 	0.0	743 	1794 	.414 	110 	364 	.302 	416 	632 	.658 	0.0	1248 	352 	193 	68 	0.0	
125 	634	28 	9 	19 	.321 	-14.43 	-5.72 	6 	12 	7 	4 	0 	12 	1819 	2059 	0.0	642 	1554 	.413 	164 	516 	.318 	371 	567 	.654 	0.0	1130 	402 	185 	92 	0.0	
126 	633	28 	18 	10 	.643 	-5.83 	-8.31 	11 	7 	12 	2 	6 	7 	1962 	1784 	0.0	701 	1549 	.453 	175 	481 	.364 	385 	574 	.671 	0.0	1088 	350 	224 	151 	0.0	
127 	635	29 	12 	17 	.414 	-5.06 	-1.85 	6 	10 	9 	5 	3 	11 	1880 	1973 	0.0	666 	1624 	.410 	141 	456 	.309 	407 	607 	.671 	0.0	1154 	330 	184 	80 	0.0	
128 	637	29 	11 	18 	.379 	3.95 	8.40 	4 	12 	8 	7 	2 	10 	1843 	1972 	0.0	669 	1625 	.412 	98 	299 	.328 	407 	625 	.651 	0.0	1203 	349 	157 	94 	0.0	
129 	636	33 	26 	7 	.788 	20.23 	9.03 	12 	4 	14 	1 	8 	4 	2707 	2286 	0.0	1002 	1996 	.502 	183 	465 	.394 	520 	789 	.659 	0.0	1524 	641 	217 	170 	0.0	
130 	639	34 	24 	10 	.706 	8.69 	1.44 	13 	5 	10 	2 	7 	5 	2390 	2117 	0.0	823 	1917 	.429 	180 	516 	.349 	564 	739 	.763 	0.0	1191 	429 	233 	105 	0.0	
131 	640	34 	24 	10 	.706 	20.27 	11.06 	12 	4 	11 	1 	6 	6 	2713 	2400 	0.0	988 	2051 	.482 	245 	708 	.346 	492 	751 	.655 	0.0	1452 	539 	229 	151 	0.0	
132 	641	29 	12 	17 	.414 	2.21 	4.79 	5 	11 	7 	4 	3 	12 	2011 	2086 	0.0	712 	1728 	.412 	206 	619 	.333 	381 	558 	.683 	0.0	1173 	373 	167 	118 	0.0	
133 	642	28 	12 	16 	.429 	-8.83 	-7.45 	4 	8 	7 	5 	4 	9 	2110 	2111 	0.0	709 	1629 	.435 	225 	637 	.353 	467 	639 	.731 	0.0	1013 	434 	245 	121 	0.0	
134 	643	27 	9 	18 	.333 	-16.83 	-8.94 	7 	13 	8 	5 	1 	13 	1696 	1875 	0.0	588 	1421 	.414 	146 	463 	.315 	374 	601 	.622 	0.0	1060 	266 	138 	74 	0.0	
135 	644	29 	13 	16 	.448 	-10.30 	-8.33 	6 	6 	8 	5 	4 	11 	2036 	2034 	0.0	672 	1567 	.429 	168 	499 	.337 	524 	720 	.728 	0.0	1202 	405 	234 	120 	0.0	
136 	645	28 	13 	15 	.464 	-13.62 	-9.70 	5 	9 	9 	4 	3 	10 	1847 	1856 	0.0	676 	1594 	.424 	58 	231 	.251 	437 	660 	.662 	0.0	1156 	371 	299 	75 	0.0	
137 	647	31 	18 	13 	.581 	-1.92 	-0.10 	10 	6 	10 	4 	6 	7 	2325 	2313 	0.0	824 	1826 	.451 	178 	534 	.333 	499 	796 	.627 	0.0	1272 	421 	256 	71 	0.0	
138 	648	28 	12 	16 	.429 	-14.40 	-8.57 	12 	8 	8 	5 	4 	10 	1899 	2062 	0.0	682 	1654 	.412 	181 	523 	.346 	354 	467 	.758 	0.0	953 	322 	218 	113 	0.0	
139 	811	29 	16 	13 	.552 	0.58 	-0.46 	10 	6 	9 	3 	5 	7 	2226 	2161 	0.0	809 	1795 	.451 	202 	617 	.327 	406 	675 	.601 	0.0	1186 	473 	210 	81 	0.0	
140 	812	28 	11 	17 	.393 	-14.11 	-6.95 	8 	12 	9 	4 	2 	13 	2023 	2150 	0.0	707 	1651 	.428 	198 	550 	.360 	411 	650 	.632 	0.0	1133 	427 	205 	151 	0.0	
141 	655	29 	13 	16 	.448 	10.69 	7.58 	2 	14 	10 	7 	2 	8 	2069 	1979 	0.0	720 	1624 	.443 	194 	544 	.357 	435 	629 	.692 	0.0	1111 	438 	257 	65 	0.0	
142 	650	29 	17 	12 	.586 	-1.23 	-3.87 	10 	6 	9 	3 	7 	7 	1982 	1869 	0.0	693 	1521 	.456 	155 	468 	.331 	441 	646 	.683 	0.0	1117 	368 	188 	58 	0.0	
143 	651	31 	12 	19 	.387 	2.83 	8.67 	8 	8 	6 	10 	5 	7 	2156 	2337 	0.0	763 	1848 	.413 	190 	535 	.355 	440 	662 	.665 	0.0	1181 	436 	189 	131 	0.0	
144 	654	28 	7 	21 	.250 	-6.69 	0.92 	2 	12 	7 	8 	0 	11 	1932 	2145 	0.0	736 	1709 	.431 	130 	434 	.300 	330 	502 	.657 	0.0	1143 	409 	166 	88 	0.0	
145 	652	28 	9 	19 	.321 	-6.75 	-0.23 	5 	9 	5 	7 	4 	11 	1870 	2023 	0.0	655 	1556 	.421 	121 	397 	.305 	439 	648 	.677 	0.0	1101 	396 	153 	56 	0.0	
146 	653	29 	6 	23 	.207 	-13.53 	-4.66 	2 	16 	4 	7 	0 	15 	1798 	2055 	0.0	636 	1542 	.412 	173 	472 	.367 	353 	568 	.621 	0.0	1115 	384 	161 	104 	0.0	
147 	657	29 	18 	11 	.621 	-4.68 	-6.51 	10 	8 	10 	2 	7 	8 	2273 	2193 	0.0	781 	1687 	.463 	194 	573 	.339 	517 	717 	.721 	0.0	1188 	459 	221 	78 	0.0	
148 	658	29 	14 	15 	.483 	-0.82 	-3.89 	11 	7 	9 	3 	5 	9 	2082 	1993 	0.0	726 	1700 	.427 	159 	504 	.315 	471 	618 	.762 	0.0	1036 	416 	294 	67 	0.0	
149 	659	30 	17 	13 	.567 	-1.87 	-3.94 	11 	7 	13 	2 	3 	10 	2119 	2057 	0.0	759 	1818 	.417 	193 	568 	.340 	408 	602 	.678 	0.0	1138 	470 	237 	113 	0.0	
150 	660	29 	15 	14 	.517 	6.78 	6.61 	9 	7 	10 	6 	4 	7 	1902 	1897 	0.0	651 	1516 	.429 	140 	409 	.342 	460 	646 	.712 	0.0	1109 	325 	144 	67 	0.0	
151 	661	27 	18 	9 	.667 	5.49 	0.81 	12 	6 	13 	1 	5 	6 	2062 	1882 	0.0	732 	1587 	.461 	167 	504 	.331 	431 	601 	.717 	0.0	1091 	402 	166 	114 	0.0	
152 	813	29 	18 	11 	.621 	-5.52 	-9.66 	13 	7 	11 	4 	6 	6 	2259 	2139 	0.0	795 	1761 	.451 	136 	430 	.316 	533 	767 	.695 	0.0	1282 	418 	217 	96 	0.0	
153 	665	28 	12 	16 	.429 	-18.23 	-9.66 	10 	8 	7 	3 	5 	12 	1862 	2062 	0.0	676 	1638 	.413 	166 	517 	.321 	344 	530 	.649 	0.0	1068 	318 	191 	48 	0.0	
154 	662	36 	25 	11 	.694 	23.82 	10.99 	10 	6 	11 	3 	6 	4 	3067 	2605 	0.0	1120 	2313 	.484 	205 	540 	.380 	622 	894 	.696 	0.0	1602 	692 	322 	213 	0.0	
155 	663	30 	15 	15 	.500 	7.88 	8.05 	11 	5 	7 	4 	7 	9 	2040 	2045 	0.0	713 	1698 	.420 	160 	486 	.329 	454 	684 	.664 	0.0	1227 	399 	189 	152 	0.0	
156 	664	31 	22 	9 	.710 	-1.39 	-8.42 	17 	3 	13 	1 	8 	7 	2580 	2309 	0.0	909 	2046 	.444 	221 	624 	.354 	541 	761 	.711 	0.0	1272 	415 	328 	171 	0.0	
157 	666	36 	21 	15 	.583 	13.20 	7.09 	10 	6 	12 	5 	6 	6 	2703 	2445 	0.0	965 	2208 	.437 	196 	573 	.342 	577 	908 	.635 	0.0	1616 	557 	231 	183 	0.0	
158 	667	28 	13 	15 	.464 	-7.71 	-5.53 	10 	8 	6 	7 	7 	7 	1961 	1985 	0.0	691 	1543 	.448 	165 	478 	.345 	414 	592 	.699 	0.0	1104 	381 	162 	114 	0.0	
159 	668	29 	16 	13 	.552 	7.54 	4.92 	8 	8 	12 	4 	4 	8 	2039 	1963 	0.0	713 	1728 	.413 	206 	595 	.346 	407 	568 	.717 	0.0	1089 	409 	257 	137 	0.0	
160 	669	33 	17 	16 	.515 	4.63 	2.54 	10 	8 	10 	4 	4 	9 	1997 	1928 	0.0	726 	1667 	.436 	132 	416 	.317 	413 	558 	.740 	0.0	1091 	346 	176 	51 	0.0	
161 	671	33 	28 	5 	.848 	25.12 	9.54 	13 	3 	17 	0 	7 	3 	2553 	2039 	0.0	957 	1957 	.489 	146 	453 	.322 	493 	686 	.719 	0.0	1498 	579 	210 	133 	0.0	
162 	670	28 	10 	18 	.357 	3.21 	11.39 	4 	12 	8 	7 	2 	8 	1983 	2190 	0.0	697 	1546 	.451 	134 	418 	.321 	455 	642 	.709 	0.0	1100 	381 	138 	112 	0.0	
163 	672	27 	5 	22 	.185 	-11.95 	-2.11 	1 	15 	4 	9 	1 	12 	1790 	2012 	0.0	646 	1469 	.440 	182 	538 	.338 	316 	463 	.683 	0.0	903 	420 	179 	83 	0.0	
164 	845	28 	15 	13 	.536 	2.85 	2.16 	7 	7 	10 	2 	5 	10 	1939 	1826 	0.0	669 	1603 	.417 	244 	666 	.366 	357 	546 	.654 	0.0	1061 	410 	182 	82 	0.0	
165 	673	32 	18 	14 	.563 	9.44 	9.47 	5 	11 	12 	6 	5 	6 	2330 	2309 	0.0	800 	1878 	.426 	248 	660 	.376 	482 	689 	.700 	0.0	1116 	492 	231 	120 	0.0	
166 	675	31 	18 	13 	.581 	13.15 	8.69 	7 	9 	14 	4 	3 	8 	2323 	2185 	0.0	845 	1890 	.447 	176 	551 	.319 	457 	693 	.659 	0.0	1389 	424 	205 	91 	0.0	
167 	685	27 	18 	9 	.667 	-9.16 	-12.72 	14 	4 	13 	1 	5 	8 	2159 	2050 	0.0	770 	1878 	.410 	250 	713 	.351 	369 	530 	.696 	0.0	1250 	361 	139 	141 	0.0	
168 	674	35 	27 	8 	.771 	15.05 	9.20 	11 	5 	15 	1 	6 	4 	2496 	2262 	0.0	865 	1958 	.442 	224 	655 	.342 	542 	829 	.654 	0.0	1376 	500 	285 	115 	0.0	
169 	677	30 	14 	16 	.467 	-1.57 	-3.46 	9 	7 	9 	5 	5 	9 	1889 	1815 	0.0	665 	1655 	.402 	244 	734 	.332 	315 	414 	.761 	0.0	919 	378 	225 	80 	0.0	
170 	678	29 	13 	16 	.448 	0.57 	2.19 	8 	10 	10 	4 	2 	11 	1850 	1897 	0.0	670 	1539 	.435 	132 	354 	.373 	378 	530 	.713 	0.0	1081 	344 	126 	107 	0.0	
171 	676	33 	20 	13 	.606 	10.76 	9.19 	9 	7 	13 	1 	3 	8 	2493 	2402 	0.0	847 	2015 	.420 	279 	734 	.380 	520 	742 	.701 	0.0	1361 	418 	258 	132 	0.0	
172 	679	31 	21 	10 	.677 	-3.82 	-8.85 	15 	5 	10 	2 	8 	7 	2180 	2024 	0.0	756 	1664 	.454 	201 	570 	.353 	467 	678 	.689 	0.0	1142 	439 	280 	105 	0.0	
173 	681	30 	16 	14 	.533 	-1.09 	-2.92 	8 	8 	11 	3 	4 	9 	2257 	2183 	0.0	771 	1588 	.486 	226 	544 	.415 	489 	715 	.684 	0.0	1035 	489 	206 	83 	0.0	
174 	680	27 	11 	16 	.407 	-4.82 	-2.06 	6 	10 	10 	5 	1 	11 	1946 	1974 	0.0	667 	1456 	.458 	172 	481 	.358 	440 	646 	.681 	0.0	1032 	408 	156 	95 	0.0	
175 	682	28 	12 	16 	.429 	-8.25 	-4.22 	6 	10 	7 	6 	5 	9 	1976 	2073 	0.0	696 	1518 	.458 	174 	480 	.363 	410 	564 	.727 	0.0	920 	436 	206 	38 	0.0	
176 	683	29 	6 	23 	.207 	-17.31 	-10.04 	4 	15 	2 	7 	2 	14 	1954 	2165 	0.0	692 	1593 	.434 	118 	345 	.342 	452 	702 	.644 	0.0	1097 	308 	200 	82 	0.0	
177 	686	28 	7 	21 	.250 	-17.23 	-8.63 	7 	13 	5 	7 	2 	13 	1779 	2020 	0.0	616 	1594 	.386 	149 	471 	.316 	398 	575 	.692 	0.0	1012 	303 	232 	117 	0.0	
178 	687	29 	17 	12 	.586 	-1.73 	-1.51 	11 	5 	11 	2 	6 	9 	2317 	2289 	0.0	860 	1811 	.475 	193 	525 	.368 	404 	615 	.657 	0.0	1268 	469 	196 	132 	0.0	
179 	692	31 	19 	12 	.613 	-1.67 	-5.67 	9 	3 	10 	3 	8 	9 	2338 	2188 	0.0	812 	1842 	.441 	137 	462 	.297 	577 	889 	.649 	0.0	1371 	358 	299 	145 	0.0	
180 	698	30 	14 	16 	.467 	7.94 	7.28 	7 	9 	8 	6 	3 	9 	2134 	2086 	0.0	775 	1591 	.487 	184 	480 	.383 	400 	670 	.597 	0.0	1186 	459 	237 	114 	0.0	
181 	817	29 	16 	13 	.552 	4.60 	5.04 	7 	7 	12 	3 	3 	8 	2199 	2169 	0.0	774 	1752 	.442 	174 	520 	.335 	477 	700 	.681 	0.0	1195 	458 	215 	159 	0.0	
182 	699	28 	10 	18 	.357 	0.76 	4.09 	3 	13 	9 	5 	1 	12 	1980 	2046 	0.0	681 	1690 	.403 	144 	422 	.341 	474 	705 	.672 	0.0	1152 	370 	204 	46 	0.0	
183 	700	28 	7 	21 	.250 	-14.48 	-4.91 	6 	12 	5 	6 	2 	14 	2032 	2300 	0.0	686 	1768 	.388 	229 	682 	.336 	431 	654 	.659 	0.0	1128 	406 	243 	76 	0.0	
184 	702	28 	14 	14 	.500 	1.25 	-2.57 	10 	6 	7 	6 	6 	7 	2079 	1928 	0.0	753 	1713 	.440 	164 	438 	.374 	409 	599 	.683 	0.0	1118 	354 	217 	107 	0.0	
185 	701	34 	21 	13 	.618 	6.96 	5.27 	6 	8 	15 	4 	4 	8 	2361 	2265 	0.0	829 	1879 	.441 	183 	534 	.343 	520 	818 	.636 	0.0	1311 	423 	227 	136 	0.0	
186 	703	29 	17 	12 	.586 	-1.95 	-3.83 	10 	6 	11 	5 	5 	6 	2012 	1887 	0.0	696 	1524 	.457 	186 	444 	.419 	434 	638 	.680 	0.0	1064 	391 	226 	84 	0.0	
187 	704	28 	15 	13 	.536 	-4.97 	-3.62 	12 	6 	7 	5 	8 	8 	2099 	2137 	0.0	712 	1739 	.409 	200 	622 	.322 	475 	691 	.687 	0.0	1197 	370 	199 	120 	0.0	
188 	705	28 	14 	14 	.500 	-12.86 	-8.68 	12 	8 	8 	6 	6 	8 	1919 	1982 	0.0	700 	1618 	.433 	133 	385 	.345 	386 	627 	.616 	0.0	1124 	412 	213 	39 	0.0	
189 	707	29 	12 	17 	.414 	-12.70 	-7.74 	11 	7 	7 	4 	4 	12 	2126 	2270 	0.0	757 	1761 	.430 	157 	482 	.326 	455 	691 	.658 	0.0	1102 	350 	214 	87 	0.0	
190 	814	28 	15 	13 	.536 	-9.75 	-7.67 	9 	5 	9 	2 	6 	10 	1910 	1951 	0.0	640 	1417 	.452 	142 	392 	.362 	488 	696 	.701 	0.0	1074 	340 	215 	110 	0.0	
191 	693	30 	13 	17 	.433 	-13.82 	-10.96 	8 	10 	8 	4 	2 	11 	2051 	2128 	0.0	726 	1773 	.409 	161 	494 	.326 	438 	668 	.656 	0.0	1167 	350 	208 	71 	0.0	
192 	815	31 	19 	12 	.613 	-5.02 	-5.85 	10 	6 	10 	1 	6 	10 	2282 	2230 	0.0	773 	1741 	.444 	184 	480 	.383 	552 	718 	.769 	0.0	1124 	414 	271 	118 	0.0	
193 	695	29 	13 	16 	.448 	12.35 	10.80 	5 	11 	11 	6 	2 	8 	2141 	2096 	0.0	732 	1668 	.439 	170 	469 	.362 	507 	753 	.673 	0.0	1182 	372 	234 	119 	0.0	
194 	816	30 	19 	11 	.633 	2.47 	-0.57 	11 	5 	11 	1 	6 	8 	1842 	1751 	0.0	676 	1605 	.421 	176 	510 	.345 	314 	472 	.665 	0.0	1069 	334 	204 	92 	0.0	
195 	708	33 	26 	7 	.788 	19.95 	11.77 	13 	3 	12 	2 	8 	3 	2611 	2341 	0.0	945 	1972 	.479 	189 	519 	.364 	532 	794 	.670 	0.0	1488 	576 	244 	184 	0.0	
196 	711	28 	4 	24 	.143 	-17.43 	1.81 	1 	15 	4 	9 	0 	14 	2015 	2471 	0.0	708 	1611 	.439 	107 	390 	.274 	492 	731 	.673 	0.0	1106 	342 	200 	89 	0.0	
197 	712	29 	10 	19 	.345 	-11.92 	-4.13 	8 	10 	7 	5 	2 	12 	2129 	2355 	0.0	807 	1768 	.456 	148 	434 	.341 	367 	524 	.700 	0.0	995 	420 	264 	101 	0.0	
198 	713	29 	15 	14 	.517 	-2.24 	-3.54 	8 	8 	10 	3 	4 	8 	2109 	2023 	0.0	717 	1512 	.474 	237 	571 	.415 	438 	611 	.717 	0.0	1096 	446 	125 	41 	0.0	
199 	690	28 	5 	23 	.179 	-11.47 	0.68 	4 	14 	4 	9 	1 	12 	1864 	2159 	0.0	702 	1595 	.440 	181 	509 	.356 	279 	442 	.631 	0.0	992 	335 	181 	99 	0.0	
200 	714	31 	7 	24 	.226 	-5.20 	2.23 	3 	15 	5 	7 	1 	12 	1865 	2086 	0.0	664 	1587 	.418 	147 	445 	.330 	390 	621 	.628 	0.0	1053 	355 	224 	61 	0.0	
201 	716	32 	19 	13 	.594 	-11.10 	-7.82 	11 	9 	8 	3 	8 	9 	2292 	2397 	0.0	768 	1856 	.414 	175 	551 	.318 	581 	877 	.662 	0.0	1296 	392 	308 	133 	0.0	
202 	715	30 	11 	19 	.367 	3.38 	7.88 	3 	13 	8 	8 	1 	10 	1801 	1936 	0.0	622 	1538 	.404 	202 	643 	.314 	355 	529 	.671 	0.0	981 	423 	215 	65 	0.0	
203 	717	30 	20 	10 	.667 	14.35 	5.68 	11 	5 	13 	4 	6 	4 	2338 	2078 	0.0	814 	1763 	.462 	219 	570 	.384 	491 	714 	.688 	0.0	1316 	527 	199 	178 	0.0	
204 	718	28 	12 	16 	.429 	-6.28 	-1.04 	8 	8 	9 	6 	3 	10 	2089 	2200 	0.0	686 	1544 	.444 	219 	602 	.364 	498 	708 	.703 	0.0	1011 	397 	166 	51 	0.0	
205 	720	31 	20 	11 	.645 	15.68 	8.17 	11 	5 	14 	3 	5 	4 	2206 	1973 	0.0	775 	1645 	.471 	169 	443 	.381 	487 	697 	.699 	0.0	1224 	473 	161 	160 	0.0	
206 	719	30 	19 	11 	.633 	4.79 	1.51 	12 	6 	12 	1 	6 	8 	2248 	2132 	0.0	771 	1687 	.457 	196 	564 	.348 	510 	761 	.670 	0.0	1213 	446 	215 	146 	0.0	
207 	722	30 	20 	10 	.667 	10.81 	4.70 	10 	6 	15 	1 	4 	7 	2129 	1936 	0.0	767 	1652 	.464 	129 	395 	.327 	466 	736 	.633 	0.0	1250 	406 	241 	115 	0.0	
208 	721	33 	26 	7 	.788 	15.54 	5.48 	12 	4 	13 	1 	5 	5 	2454 	2122 	0.0	859 	1924 	.446 	242 	636 	.381 	494 	668 	.740 	0.0	1253 	444 	281 	91 	0.0	
209 	723	31 	13 	18 	.419 	-0.08 	1.23 	7 	9 	9 	4 	3 	11 	2094 	2108 	0.0	724 	1726 	.419 	175 	534 	.328 	471 	683 	.690 	0.0	1221 	408 	209 	113 	0.0	
210 	724	29 	10 	19 	.345 	-10.13 	-2.63 	5 	11 	7 	7 	2 	9 	2071 	2221 	0.0	726 	1551 	.468 	188 	473 	.397 	431 	597 	.722 	0.0	993 	400 	152 	59 	0.0	
211 	726	30 	10 	20 	.333 	4.48 	8.80 	4 	14 	7 	7 	1 	12 	1856 	1913 	0.0	632 	1448 	.436 	217 	650 	.334 	375 	516 	.727 	0.0	891 	399 	155 	46 	0.0	
212 	725	28 	14 	14 	.500 	8.72 	7.90 	5 	13 	9 	6 	5 	8 	2187 	2164 	0.0	735 	1641 	.448 	208 	605 	.344 	509 	709 	.718 	0.0	1120 	426 	176 	98 	0.0	
213 	727	30 	18 	12 	.600 	0.63 	-1.07 	8 	8 	10 	4 	4 	7 	2065 	1918 	0.0	701 	1569 	.447 	208 	595 	.350 	455 	692 	.658 	0.0	1177 	404 	156 	58 	0.0	
214 	729	33 	21 	12 	.636 	12.42 	10.54 	7 	9 	10 	4 	5 	6 	2535 	2473 	0.0	835 	1962 	.426 	278 	757 	.367 	587 	768 	.764 	0.0	1153 	481 	279 	117 	0.0	
215 	728	29 	12 	17 	.414 	-3.11 	-2.73 	9 	5 	7 	6 	5 	10 	1925 	1936 	0.0	666 	1582 	.421 	223 	639 	.349 	370 	595 	.622 	0.0	1049 	405 	159 	98 	0.0	
216 	730	31 	22 	9 	.710 	9.74 	1.77 	12 	2 	10 	2 	9 	6 	2344 	2097 	0.0	828 	1866 	.444 	214 	612 	.350 	474 	667 	.711 	0.0	1193 	409 	288 	83 	0.0	
217 	731	33 	19 	14 	.576 	7.38 	5.19 	7 	9 	13 	4 	3 	9 	2247 	2156 	0.0	820 	1803 	.455 	190 	578 	.329 	417 	676 	.617 	0.0	1283 	496 	234 	123 	0.0	
218 	733	27 	9 	18 	.333 	-9.50 	-1.22 	6 	10 	8 	3 	1 	15 	1910 	2093 	0.0	669 	1533 	.436 	193 	546 	.353 	379 	548 	.692 	0.0	954 	410 	213 	82 	0.0	
219 	732	28 	11 	17 	.393 	-5.64 	0.53 	4 	10 	6 	7 	5 	6 	1954 	2058 	0.0	682 	1567 	.435 	148 	447 	.331 	442 	617 	.716 	0.0	1031 	403 	204 	93 	0.0	
220 	734	28 	6 	22 	.214 	-24.35 	-11.11 	5 	13 	5 	7 	1 	15 	1974 	2316 	0.0	743 	1801 	.413 	166 	511 	.325 	322 	507 	.635 	0.0	1158 	330 	214 	95 	0.0	
221 	736	27 	16 	11 	.593 	-2.53 	-1.88 	11 	3 	9 	1 	6 	7 	1562 	1569 	0.0	540 	1203 	.449 	218 	619 	.352 	264 	363 	.727 	0.0	740 	383 	180 	61 	0.0	
222 	737	31 	21 	10 	.677 	13.74 	5.44 	11 	5 	13 	3 	8 	3 	2359 	2049 	0.0	806 	1809 	.446 	249 	622 	.400 	498 	693 	.719 	0.0	1239 	506 	286 	172 	0.0	
223 	738	32 	17 	15 	.531 	14.70 	9.23 	6 	10 	13 	7 	3 	7 	2391 	2216 	0.0	810 	1821 	.445 	205 	540 	.380 	566 	781 	.725 	0.0	1203 	484 	226 	147 	0.0	
224 	739	27 	6 	21 	.222 	-16.86 	-9.43 	3 	17 	4 	8 	1 	12 	1906 	2086 	0.0	684 	1572 	.435 	160 	470 	.340 	378 	563 	.671 	0.0	1061 	397 	155 	80 	0.0	
225 	740	29 	19 	10 	.655 	-7.67 	-7.78 	12 	2 	11 	0 	6 	9 	2110 	2082 	0.0	723 	1676 	.431 	196 	637 	.308 	468 	717 	.653 	0.0	1211 	391 	265 	136 	0.0	
226 	741	30 	7 	23 	.233 	-6.38 	4.28 	3 	13 	6 	8 	1 	12 	2090 	2409 	0.0	732 	1777 	.412 	131 	473 	.277 	495 	713 	.694 	0.0	1153 	400 	246 	105 	0.0	
227 	742	30 	14 	16 	.467 	2.33 	3.71 	5 	11 	10 	5 	3 	9 	1886 	1915 	0.0	632 	1589 	.398 	183 	518 	.353 	439 	623 	.705 	0.0	1139 	329 	197 	78 	0.0	
228 	743	29 	22 	7 	.759 	9.08 	-0.09 	12 	4 	12 	2 	9 	4 	2029 	1763 	0.0	723 	1580 	.458 	223 	600 	.372 	360 	509 	.707 	0.0	1005 	470 	162 	139 	0.0	
229 	744	28 	16 	12 	.571 	-4.58 	-4.97 	11 	7 	10 	3 	6 	8 	2022 	2011 	0.0	702 	1520 	.462 	148 	483 	.306 	470 	677 	.694 	0.0	1065 	410 	203 	74 	0.0	
230 	745	29 	7 	22 	.241 	-16.09 	-7.30 	7 	13 	5 	6 	2 	14 	1964 	2219 	0.0	708 	1600 	.443 	114 	376 	.303 	434 	634 	.685 	0.0	1070 	406 	232 	66 	0.0	
231 	746	27 	11 	16 	.407 	4.75 	5.23 	3 	13 	8 	7 	2 	9 	1764 	1777 	0.0	627 	1417 	.442 	142 	381 	.373 	368 	621 	.593 	0.0	1055 	360 	135 	96 	0.0	
232 	566	27 	5 	22 	.185 	-13.25 	-1.75 	2 	14 	5 	9 	0 	13 	1905 	2110 	0.0	680 	1598 	.426 	148 	477 	.310 	397 	619 	.641 	0.0	964 	377 	269 	68 	0.0	
233 	750	28 	7 	21 	.250 	-19.64 	-7.85 	6 	14 	5 	7 	2 	13 	1870 	2200 	0.0	685 	1633 	.419 	173 	501 	.345 	327 	545 	.600 	0.0	987 	390 	165 	65 	0.0	
234 	777	27 	9 	18 	.333 	-14.29 	-8.88 	9 	11 	5 	7 	4 	11 	1814 	1958 	0.0	596 	1389 	.429 	192 	511 	.376 	430 	610 	.705 	0.0	964 	386 	151 	90 	0.0	
235 	779	33 	26 	7 	.788 	12.72 	4.45 	14 	2 	13 	1 	10 	5 	2625 	2352 	0.0	905 	1879 	.482 	255 	716 	.356 	560 	808 	.693 	0.0	1355 	590 	204 	128 	0.0	
236 	780	31 	17 	14 	.548 	10.03 	5.90 	8 	8 	11 	4 	4 	8 	2173 	2045 	0.0	759 	1663 	.456 	115 	298 	.386 	540 	774 	.698 	0.0	1204 	417 	204 	111 	0.0	
237 	781	29 	2 	27 	.069 	-18.27 	3.12 	0 	14 	2 	11 	0 	14 	1777 	2332 	0.0	615 	1652 	.372 	182 	596 	.305 	365 	602 	.606 	0.0	1066 	330 	204 	58 	0.0	
238 	782	28 	4 	24 	.143 	-13.72 	-2.04 	2 	16 	4 	9 	0 	15 	1941 	2268 	0.0	737 	1701 	.433 	155 	467 	.332 	312 	467 	.668 	0.0	984 	398 	193 	58 	0.0	
239 	751	29 	16 	13 	.552 	-8.16 	-9.23 	11 	9 	11 	3 	4 	9 	2224 	2116 	0.0	768 	1767 	.435 	171 	522 	.328 	517 	755 	.685 	0.0	1276 	499 	281 	143 	0.0	
240 	752	29 	15 	14 	.517 	-4.07 	-6.14 	11 	7 	8 	3 	5 	9 	1890 	1817 	0.0	669 	1431 	.468 	284 	770 	.369 	268 	423 	.634 	0.0	969 	482 	136 	73 	0.0	
241 	754	28 	14 	14 	.500 	2.25 	2.71 	4 	10 	12 	5 	2 	8 	1925 	1891 	0.0	671 	1508 	.445 	164 	467 	.351 	419 	636 	.659 	0.0	1073 	427 	183 	89 	0.0	
242 	753	29 	16 	13 	.552 	4.49 	0.27 	7 	7 	7 	6 	8 	7 	2024 	1875 	0.0	656 	1484 	.442 	161 	439 	.367 	551 	812 	.679 	0.0	1186 	386 	175 	56 	0.0	
243 	755	30 	12 	18 	.400 	-3.87 	0.81 	5 	9 	7 	6 	4 	10 	2050 	2166 	0.0	697 	1559 	.447 	159 	449 	.354 	497 	707 	.703 	0.0	1170 	378 	153 	148 	0.0	
244 	756	28 	14 	14 	.500 	4.26 	5.56 	6 	10 	9 	5 	5 	9 	1806 	1778 	0.0	663 	1471 	.451 	120 	362 	.331 	360 	498 	.723 	0.0	1060 	332 	134 	88 	0.0	
245 	758	32 	20 	12 	.625 	2.91 	2.84 	10 	4 	9 	4 	7 	5 	2238 	2222 	0.0	750 	1873 	.400 	188 	617 	.305 	550 	770 	.714 	0.0	1357 	381 	200 	72 	0.0	
246 	764	31 	16 	15 	.516 	6.48 	6.03 	5 	11 	12 	5 	2 	9 	2306 	2292 	0.0	840 	2030 	.414 	250 	761 	.329 	376 	587 	.641 	0.0	1367 	491 	217 	236 	0.0	
247 	766	31 	20 	11 	.645 	0.66 	-3.27 	12 	6 	11 	2 	7 	8 	2408 	2284 	0.0	815 	1848 	.441 	266 	709 	.375 	512 	694 	.738 	0.0	1113 	495 	214 	98 	0.0	
248 	768	33 	22 	11 	.667 	1.80 	-0.91 	11 	5 	13 	4 	9 	7 	2262 	2131 	0.0	780 	1713 	.455 	176 	462 	.381 	526 	769 	.684 	0.0	1212 	461 	299 	52 	0.0	
249 	747	32 	19 	13 	.594 	-7.51 	-7.80 	14 	4 	9 	2 	7 	10 	2093 	2084 	0.0	748 	1792 	.417 	163 	507 	.321 	438 	646 	.678 	0.0	1267 	350 	283 	94 	0.0	
250 	769	30 	15 	15 	.500 	10.03 	9.03 	6 	10 	10 	6 	4 	8 	2042 	2012 	0.0	701 	1682 	.417 	189 	625 	.302 	451 	670 	.673 	0.0	1164 	411 	257 	89 	0.0	
251 	771	31 	18 	13 	.581 	10.49 	5.49 	9 	7 	11 	2 	5 	8 	2305 	2150 	0.0	849 	1864 	.455 	160 	496 	.323 	447 	742 	.602 	0.0	1161 	513 	292 	132 	0.0	
252 	762	30 	18 	12 	.600 	-3.57 	-5.10 	8 	8 	10 	4 	5 	6 	2172 	2045 	0.0	761 	1616 	.471 	209 	525 	.398 	441 	597 	.739 	0.0	1085 	411 	151 	111 	0.0	
253 	761	29 	8 	21 	.276 	-15.40 	-8.58 	5 	15 	4 	7 	4 	13 	1673 	1832 	0.0	584 	1408 	.415 	144 	451 	.319 	361 	574 	.629 	0.0	998 	323 	203 	71 	0.0	
254 	818	34 	24 	10 	.706 	16.53 	10.83 	11 	7 	13 	3 	7 	5 	2620 	2420 	0.0	898 	1955 	.459 	208 	597 	.348 	616 	873 	.706 	0.0	1388 	514 	259 	151 	0.0	
255 	749	30 	16 	14 	.533 	2.35 	2.28 	10 	8 	10 	4 	6 	7 	2189 	2166 	0.0	749 	1708 	.439 	180 	480 	.375 	511 	747 	.684 	0.0	1190 	468 	207 	68 	0.0	
256 	767	30 	18 	12 	.600 	7.85 	3.95 	8 	8 	10 	2 	6 	7 	2306 	2156 	0.0	802 	1833 	.438 	159 	472 	.337 	543 	786 	.691 	0.0	1320 	393 	194 	97 	0.0	
257 	772	31 	22 	9 	.710 	10.97 	4.50 	11 	5 	12 	2 	7 	6 	2176 	1936 	0.0	720 	1659 	.434 	210 	591 	.355 	526 	787 	.668 	0.0	1268 	418 	185 	126 	0.0	
258 	774	31 	25 	6 	.806 	3.01 	-3.42 	13 	3 	13 	0 	9 	5 	2243 	2015 	0.0	783 	1602 	.489 	197 	493 	.400 	480 	673 	.713 	0.0	1090 	462 	321 	87 	0.0	
259 	773	27 	11 	16 	.407 	-16.55 	-14.44 	8 	10 	8 	5 	2 	10 	1965 	2019 	0.0	669 	1607 	.416 	159 	491 	.324 	468 	715 	.655 	0.0	1165 	330 	215 	83 	0.0	
260 	775	30 	18 	12 	.600 	7.74 	4.54 	9 	7 	12 	2 	5 	9 	2231 	2135 	0.0	746 	1734 	.430 	229 	624 	.367 	510 	724 	.704 	0.0	1137 	393 	231 	52 	0.0	
261 	776	29 	18 	11 	.621 	-5.76 	-8.62 	16 	4 	9 	2 	7 	8 	2297 	2214 	0.0	769 	1682 	.457 	201 	589 	.341 	558 	809 	.690 	0.0	1172 	438 	256 	107 	0.0	
262 	778	29 	14 	15 	.483 	9.03 	8.27 	8 	8 	11 	4 	2 	10 	2625 	2109 	0.0	905 	1879 	.482 	255 	716 	.356 	560 	808 	.693 	0.0	1355 	590 	204 	128 	0.0	
263 	783	34 	31 	3 	.912 	25.76 	9.86 	16 	2 	13 	2 	11 	0 	2829 	2226 	0.0	953 	1865 	.511 	252 	587 	.429 	671 	903 	.743 	0.0	1364 	568 	187 	108 	0.0	
264 	765	26 	9 	17 	.346 	-13.75 	-9.70 	6 	14 	5 	7 	3 	10 	1551 	1595 	0.0	546 	1249 	.437 	109 	317 	.344 	350 	504 	.694 	0.0	915 	288 	189 	59 	0.0	
265 	784	29 	17 	12 	.586 	-5.99 	-7.99 	11 	7 	10 	3 	6 	8 	2178 	2086 	0.0	813 	1811 	.449 	181 	516 	.351 	371 	569 	.652 	0.0	1274 	437 	186 	50 	0.0	
266 	785	28 	17 	11 	.607 	-9.42 	-6.81 	0.0	0.0	13 	1 	4 	10 	1966 	1884 	0.0	661 	1398 	.473 	151 	423 	.357 	493 	694 	.710 	0.0	1020 	405 	193 	92 	0.0	
267 	786	34 	25 	9 	.735 	11.14 	5.82 	10 	6 	15 	2 	4 	5 	2475 	2294 	0.0	885 	2029 	.436 	185 	552 	.335 	520 	727 	.715 	0.0	1311 	545 	325 	203 	0.0	
268 	789	37 	24 	13 	.649 	16.20 	9.77 	12 	4 	12 	5 	8 	6 	2604 	2366 	0.0	926 	2168 	.427 	281 	815 	.345 	471 	673 	.700 	0.0	1402 	416 	270 	138 	0.0	
269 	797	28 	10 	18 	.357 	-9.89 	-3.37 	5 	11 	9 	4 	1 	14 	2021 	2074 	0.0	776 	1662 	.467 	109 	378 	.288 	360 	586 	.614 	0.0	1094 	464 	209 	93 	0.0	
270 	791	29 	10 	19 	.345 	-7.59 	-3.25 	7 	9 	7 	5 	3 	13 	2317 	2396 	0.0	847 	1910 	.443 	260 	737 	.353 	363 	505 	.719 	0.0	975 	492 	312 	58 	0.0	
271 	792	29 	20 	9 	.690 	-0.63 	-3.40 	13 	3 	14 	0 	6 	8 	2296 	2084 	0.0	768 	1706 	.450 	244 	677 	.360 	516 	689 	.749 	0.0	1149 	480 	254 	39 	0.0	
272 	790	33 	22 	11 	.667 	15.49 	10.28 	8 	8 	13 	3 	6 	6 	2668 	2496 	0.0	909 	1980 	.459 	257 	697 	.369 	593 	872 	.680 	0.0	1319 	528 	232 	191 	0.0	
273 	794	30 	10 	20 	.333 	-2.19 	5.95 	3 	13 	7 	7 	1 	10 	2083 	2298 	0.0	716 	1692 	.423 	129 	434 	.297 	522 	778 	.671 	0.0	1226 	395 	180 	71 	0.0	
274 	819	28 	13 	15 	.464 	-12.47 	-8.86 	11 	9 	9 	3 	4 	12 	2049 	2129 	0.0	694 	1703 	.408 	169 	478 	.354 	492 	702 	.701 	0.0	1181 	337 	240 	65 	0.0	
275 	788	31 	20 	11 	.645 	11.89 	1.79 	9 	7 	16 	1 	3 	7 	2902 	2550 	0.0	968 	2110 	.459 	268 	724 	.370 	698 	934 	.747 	0.0	1337 	587 	372 	175 	0.0	
276 	824	32 	23 	9 	.719 	7.82 	3.04 	10 	6 	16 	2 	6 	7 	2571 	2388 	0.0	878 	1786 	.492 	182 	523 	.348 	633 	841 	.753 	0.0	1260 	523 	195 	142 	0.0	
277 	803	29 	12 	17 	.414 	-6.42 	-2.42 	0.0	0.0	9 	2 	2 	14 	2228 	2148 	0.0	822 	1711 	.480 	226 	602 	.375 	358 	551 	.650 	0.0	1101 	437 	258 	57 	0.0	
278 	820	29 	14 	15 	.483 	-9.33 	-7.76 	12 	8 	9 	4 	5 	10 	2144 	2182 	0.0	732 	1772 	.413 	166 	567 	.293 	514 	834 	.616 	0.0	1392 	431 	184 	78 	0.0	
279 	804	29 	7 	22 	.241 	-21.23 	-10.92 	5 	13 	4 	6 	3 	13 	1868 	2192 	0.0	640 	1810 	.354 	190 	751 	.253 	398 	571 	.697 	0.0	1113 	288 	183 	57 	0.0	
280 	795	28 	13 	15 	.464 	-13.59 	-8.99 	10 	10 	8 	5 	5 	10 	1963 	2009 	0.0	674 	1621 	.416 	172 	524 	.328 	443 	646 	.686 	0.0	1134 	338 	239 	74 	0.0	
281 	796	28 	9 	19 	.321 	0.12 	5.49 	3 	13 	6 	8 	2 	9 	1918 	2069 	0.0	695 	1669 	.416 	139 	493 	.282 	389 	576 	.675 	0.0	1102 	409 	211 	104 	0.0	
282 	793	34 	25 	9 	.735 	14.25 	8.89 	12 	4 	16 	1 	6 	5 	2396 	2211 	0.0	819 	1990 	.412 	215 	626 	.343 	543 	835 	.650 	0.0	1471 	414 	268 	191 	0.0	
283 	798	33 	22 	11 	.667 	7.01 	1.44 	12 	6 	12 	4 	6 	6 	2388 	2204 	0.0	803 	1756 	.457 	210 	598 	.351 	572 	855 	.669 	0.0	1272 	443 	226 	62 	0.0	
284 	799	29 	12 	17 	.414 	-10.84 	-7.67 	7 	11 	8 	4 	3 	12 	1997 	2089 	0.0	692 	1513 	.457 	149 	446 	.334 	464 	700 	.663 	0.0	1042 	463 	239 	67 	0.0	
285 	800	31 	19 	12 	.613 	-4.83 	-5.89 	12 	6 	9 	3 	6 	8 	2332 	2279 	0.0	819 	1869 	.438 	262 	772 	.339 	432 	588 	.735 	0.0	1172 	432 	256 	97 	0.0	
286 	801	30 	9 	21 	.300 	-5.75 	4.89 	2 	14 	8 	7 	1 	11 	2170 	2428 	0.0	771 	1727 	.446 	126 	408 	.309 	502 	782 	.642 	0.0	1235 	417 	245 	96 	0.0	
287 	802	37 	26 	11 	.703 	13.26 	5.12 	10 	6 	16 	3 	6 	8 	2840 	2539 	0.0	997 	2160 	.462 	288 	741 	.389 	558 	760 	.734 	0.0	1491 	610 	267 	161 	0.0	
288 	810	32 	23 	9 	.719 	17.13 	12.06 	14 	4 	12 	4 	8 	3 	2544 	2382 	0.0	902 	1947 	.463 	190 	535 	.355 	550 	829 	.663 	0.0	1369 	464 	249 	127 	0.0	
289 	822	34 	28 	6 	.824 	9.97 	-1.50 	13 	3 	15 	0 	7 	4 	2404 	1959 	0.0	852 	1755 	.485 	200 	513 	.390 	500 	743 	.673 	0.0	1279 	511 	220 	132 	0.0	
290 	821	31 	19 	12 	.613 	10.29 	6.14 	10 	4 	13 	3 	5 	7 	2227 	1957 	0.0	762 	1622 	.470 	206 	546 	.377 	497 	721 	.689 	0.0	1233 	430 	184 	104 	0.0	
291 	826	32 	24 	8 	.750 	3.38 	-2.80 	13 	3 	12 	1 	8 	4 	2270 	2039 	0.0	754 	1648 	.458 	251 	658 	.381 	511 	745 	.686 	0.0	1325 	503 	192 	145 	0.0	
292 	827	30 	15 	15 	.500 	8.62 	8.93 	4 	12 	12 	7 	3 	7 	2118 	2122 	0.0	748 	1779 	.420 	214 	661 	.324 	408 	578 	.706 	0.0	1164 	438 	211 	76 	0.0	
293 	828	29 	12 	17 	.414 	-10.31 	-5.93 	7 	11 	8 	5 	3 	11 	2124 	2251 	0.0	755 	1742 	.433 	217 	616 	.352 	397 	609 	.652 	0.0	1155 	436 	189 	113 	0.0	
294 	829	31 	18 	13 	.581 	8.16 	6.45 	8 	8 	14 	3 	3 	9 	2376 	2323 	0.0	845 	1708 	.495 	187 	587 	.319 	499 	734 	.680 	0.0	1257 	521 	211 	136 	0.0	
295 	825	30 	16 	14 	.533 	0.15 	-0.27 	9 	7 	12 	3 	3 	9 	2192 	2165 	0.0	770 	1753 	.439 	185 	510 	.363 	467 	720 	.649 	0.0	1267 	382 	191 	134 	0.0	
296 	832	28 	9 	19 	.321 	-13.22 	-6.41 	5 	11 	7 	6 	2 	12 	1905 	2039 	0.0	667 	1681 	.397 	159 	530 	.300 	412 	666 	.619 	0.0	1201 	337 	239 	86 	0.0	
297 	831	27 	8 	19 	.296 	-5.37 	3.81 	2 	14 	6 	9 	1 	10 	1770 	2018 	0.0	613 	1484 	.413 	169 	526 	.321 	375 	573 	.654 	0.0	1052 	329 	221 	123 	0.0	
298 	830	29 	20 	9 	.690 	18.93 	8.72 	9 	7 	15 	1 	5 	7 	2464 	2168 	0.0	852 	1872 	.455 	204 	553 	.369 	556 	755 	.736 	0.0	1246 	420 	221 	98 	0.0	
299 	838	29 	16 	13 	.552 	-5.86 	-9.86 	11 	9 	11 	3 	4 	9 	2393 	2277 	0.0	845 	1884 	.449 	231 	618 	.374 	472 	660 	.715 	0.0	1132 	502 	292 	91 	0.0	
300 	839	30 	19 	11 	.633 	20.53 	10.50 	8 	8 	13 	3 	6 	6 	2296 	1995 	0.0	838 	1815 	.462 	177 	494 	.358 	443 	609 	.727 	0.0	1182 	465 	219 	136 	0.0	
301 	841	28 	12 	16 	.429 	3.64 	7.04 	5 	13 	10 	6 	2 	10 	1874 	1969 	0.0	624 	1479 	.422 	154 	455 	.338 	472 	669 	.706 	0.0	1002 	273 	196 	77 	0.0	
302 	840	30 	10 	20 	.333 	-0.06 	10.11 	4 	14 	5 	10 	4 	9 	2027 	2302 	0.0	756 	1823 	.415 	160 	523 	.306 	355 	617 	.575 	0.0	1216 	406 	196 	99 	0.0	
303 	842	29 	15 	14 	.517 	-1.17 	-0.80 	8 	8 	9 	3 	4 	10 	2257 	2225 	0.0	773 	1664 	.465 	137 	405 	.338 	574 	790 	.727 	0.0	1147 	392 	178 	33 	0.0	
304 	843	29 	17 	12 	.586 	3.45 	3.95 	8 	8 	12 	4 	4 	7 	2139 	2141 	0.0	753 	1679 	.448 	130 	409 	.318 	503 	730 	.689 	0.0	1274 	418 	161 	100 	0.0	
305 	833	31 	6 	25 	.194 	-15.14 	-4.35 	3 	13 	5 	8 	0 	14 	2030 	2341 	0.0	727 	1729 	.420 	187 	549 	.341 	389 	561 	.693 	0.0	1119 	406 	197 	137 	0.0	
306 	834	28 	5 	23 	.179 	-12.88 	-1.70 	5 	11 	3 	9 	2 	11 	1943 	2250 	0.0	688 	1629 	.422 	205 	539 	.380 	362 	539 	.672 	0.0	1037 	407 	144 	57 	0.0	
307 	835	31 	24 	7 	.774 	8.67 	-1.65 	14 	2 	13 	2 	9 	4 	2303 	1889 	0.0	812 	1789 	.454 	213 	605 	.352 	466 	674 	.691 	0.0	1342 	452 	246 	155 	0.0	
308 	836	28 	7 	21 	.250 	-7.17 	0.40 	7 	11 	5 	8 	2 	12 	1860 	2072 	0.0	636 	1572 	.405 	179 	521 	.344 	409 	586 	.698 	0.0	961 	327 	204 	48 	0.0	
309 	846	28 	9 	19 	.321 	-1.10 	2.11 	4 	14 	9 	7 	0 	11 	1789 	1880 	0.0	627 	1496 	.419 	161 	499 	.323 	374 	523 	.715 	0.0	1035 	404 	142 	74 	0.0	
310 	847	28 	11 	17 	.393 	-5.74 	-2.42 	7 	9 	8 	4 	3 	11 	1712 	1805 	0.0	603 	1467 	.411 	156 	491 	.318 	350 	533 	.657 	0.0	1104 	371 	148 	99 	0.0	
311 	848	31 	18 	13 	.581 	-3.73 	-7.80 	11 	3 	11 	1 	5 	8 	2037 	1917 	0.0	684 	1676 	.408 	215 	613 	.351 	454 	661 	.687 	0.0	1194 	351 	223 	78 	0.0	
312 	849	29 	18 	11 	.621 	14.90 	12.08 	9 	7 	13 	2 	5 	7 	1723 	1641 	0.0	575 	1349 	.426 	174 	477 	.365 	399 	568 	.702 	0.0	951 	358 	172 	68 	0.0	
313 	850	28 	12 	16 	.429 	-4.43 	-1.97 	7 	9 	9 	4 	3 	11 	1990 	1928 	0.0	714 	1683 	.424 	182 	604 	.301 	380 	565 	.673 	0.0	1091 	370 	223 	106 	0.0	
314 	851	29 	18 	11 	.621 	1.41 	-1.09 	8 	6 	14 	3 	4 	8 	2063 	1941 	0.0	720 	1510 	.477 	121 	339 	.357 	502 	690 	.728 	0.0	1122 	423 	191 	109 	0.0	
315 	852	30 	20 	10 	.667 	8.93 	3.86 	10 	4 	12 	2 	7 	7 	2282 	2117 	0.0	774 	1731 	.447 	146 	513 	.285 	588 	837 	.703 	0.0	1324 	505 	193 	144 	0.0	
316 	853	29 	21 	8 	.724 	12.14 	4.59 	12 	4 	14 	1 	7 	5 	2130 	1911 	0.0	706 	1653 	.427 	178 	587 	.303 	540 	768 	.703 	0.0	1247 	398 	208 	115 	0.0	
317 	854	27 	10 	17 	.370 	-9.49 	-5.75 	7 	7 	6 	4 	4 	11 	1744 	1845 	0.0	607 	1461 	.415 	172 	511 	.337 	358 	537 	.667 	0.0	996 	394 	183 	79 	0.0	
318 	855	30 	19 	11 	.633 	-3.66 	-4.12 	11 	5 	10 	2 	6 	7 	2133 	2074 	0.0	722 	1622 	.445 	178 	497 	.358 	511 	747 	.684 	0.0	1178 	437 	153 	74	0.0
