1 	502	28 	9 	19 	.321 	-0.95 	3.23 	3 	11 	5 	6 	2 	12 	1605 	1722 	0.0	533 	1151 	.463 	208 	558 	.373 	331 	465 	.712 	0.0	614 	327 	228 	39 	390 	
2 	503	31 	10 	21 	.323 	-4.84 	0.36 	5 	13 	6 	6 	3 	9 	2154 	2304 	0.0	709 	1581 	.448 	182 	491 	.371 	554 	731 	.758 	0.0	933 	416 	180 	77 	450 	
3 	505	29 	19 	10 	.655 	-11.33 	-15.81 	12 	6 	12 	2 	7 	7 	2318 	2123 	0.0	814 	2010 	.405 	212 	681 	.311 	478 	711 	.672 	0.0	1217 	426 	395 	116 	504 	
4 	805	30 	13 	17 	.433 	5.56 	2.96 	6 	10 	11 	4 	1 	10 	2110 	2032 	0.0	739 	1763 	.419 	204 	585 	.349 	428 	623 	.687 	0.0	1117 	433 	231 	87 	448 	
5 	506	32 	19 	13 	.594 	-13.25 	-14.15 	12 	6 	12 	2 	5 	9 	2095 	2067 	0.0	715 	1681 	.425 	182 	533 	.341 	483 	755 	.640 	0.0	1167 	314 	217 	89 	538 	
6 	504	35 	27 	8 	.771 	16.93 	7.67 	12 	4 	17 	0 	4 	4 	2658 	2334 	0.0	910 	2071 	.439 	217 	703 	.309 	621 	844 	.736 	0.0	1369 	460 	257 	113 	490 	
7 	507	28 	8 	20 	.286 	-16.99 	-8.85 	5 	11 	5 	7 	3 	12 	1593 	1821 	0.0	594 	1538 	.386 	163 	497 	.328 	242 	361 	.670 	0.0	904 	285 	195 	83 	405 	
8 	508	31 	21 	10 	.677 	-11.28 	-14.18 	16 	2 	11 	0 	8 	9 	2473 	2374 	0.0	900 	1935 	.465 	173 	458 	.378 	500 	777 	.644 	0.0	1243 	496 	258 	125 	538 	
9 	509	30 	18 	12 	.600 	-5.00 	-6.20 	10 	4 	8 	6 	8 	6 	1977 	1941 	0.0	680 	1507 	.451 	215 	604 	.356 	402 	554 	.726 	0.0	983 	412 	201 	78 	482 	
10 	510	28 	10 	18 	.357 	-7.53 	-0.65 	5 	11 	7 	6 	3 	11 	2140 	2211 	0.0	745 	1700 	.438 	170 	481 	.353 	480 	703 	.683 	0.0	1048 	426 	241 	77 	480 	
11 	512	29 	14 	15 	.483 	9.79 	6.79 	7 	11 	12 	5 	2 	10 	2229 	2142 	0.0	812 	1784 	.455 	144 	431 	.334 	461 	703 	.656 	0.0	1070 	475 	208 	77 	438 	
12 	511	34 	24 	10 	.706 	16.93 	12.49 	12 	6 	13 	4 	6 	5 	2793 	2642 	0.0	935 	2039 	.459 	258 	686 	.376 	665 	910 	.731 	0.0	1286 	527 	207 	103 	478 	
13 	513	29 	18 	11 	.621 	2.67 	-2.52 	8 	6 	11 	2 	7 	8 	2152 	1940 	0.0	746 	1597 	.467 	210 	546 	.385 	450 	639 	.704 	0.0	1034 	387 	271 	63 	476 	
14 	514	28 	2 	26 	.071 	-27.49 	-8.70 	2 	16 	2 	7 	0 	19 	1852 	2378 	0.0	647 	1789 	.362 	143 	530 	.270 	415 	628 	.661 	0.0	964 	298 	311 	66 	531 	
15 	516	31 	15 	16 	.484 	2.13 	-1.98 	5 	9 	9 	4 	3 	9 	2259 	2076 	0.0	826 	1815 	.455 	190 	540 	.352 	417 	575 	.725 	0.0	1154 	410 	230 	166 	460 	
16 	515	29 	14 	15 	.483 	12.27 	10.13 	6 	10 	11 	5 	3 	7 	2171 	2108 	0.0	775 	1777 	.436 	232 	694 	.334 	389 	598 	.651 	0.0	930 	445 	306 	99 	413 	
17 	517	28 	12 	16 	.429 	-13.02 	-7.44 	6 	8 	8 	6 	4 	9 	1871 	1962 	0.0	650 	1518 	.428 	145 	425 	.341 	426 	596 	.715 	0.0	914 	326 	162 	74 	412 	
18 	518	28 	12 	16 	.429 	6.89 	7.96 	4 	12 	12 	5 	0 	9 	1835 	1865 	0.0	659 	1575 	.418 	163 	517 	.315 	354 	597 	.593 	0.0	1011 	371 	229 	151 	503 	
19 	519	32 	14 	18 	.438 	-4.02 	-1.02 	8 	8 	9 	4 	3 	11 	2255 	2253 	0.0	803 	1785 	.450 	200 	604 	.331 	449 	702 	.640 	0.0	1098 	383 	233 	134 	469 	
20 	520	35 	23 	12 	.657 	8.87 	3.29 	12 	6 	12 	2 	8 	7 	2731 	2517 	0.0	927 	2061 	.450 	310 	815 	.380 	567 	752 	.754 	0.0	1253 	422 	218 	138 	443 	
21 	521	30 	14 	16 	.467 	6.23 	5.08 	4 	12 	12 	4 	1 	10 	2296 	2166 	0.0	800 	1821 	.439 	273 	746 	.366 	423 	589 	.718 	0.0	1083 	514 	278 	116 	428 	
22 	522	28 	11 	17 	.393 	-7.11 	-3.39 	8 	12 	7 	5 	3 	11 	2020 	2124 	0.0	698 	1484 	.470 	264 	711 	.371 	360 	477 	.755 	0.0	868 	506 	173 	37 	457 	
23 	523	29 	12 	17 	.414 	-14.33 	-8.26 	8 	10 	6 	7 	5 	9 	1983 	2140 	0.0	672 	1567 	.429 	149 	431 	.346 	490 	711 	.689 	0.0	1030 	259 	210 	70 	504 	
24 	524	28 	9 	19 	.321 	-13.87 	-9.40 	6 	10 	3 	8 	4 	8 	1811 	1936 	0.0	621 	1535 	.405 	194 	569 	.341 	375 	529 	.709 	0.0	944 	320 	177 	125 	442 	
25 	526	30 	13 	17 	.433 	-1.64 	2.09 	6 	12 	9 	6 	3 	11 	1877 	1973 	0.0	675 	1631 	.414 	164 	531 	.309 	363 	523 	.694 	0.0	907 	366 	184 	83 	426 	
26 	527	32 	20 	12 	.625 	8.95 	5.91 	8 	8 	11 	5 	5 	4 	2354 	2257 	0.0	801 	1913 	.419 	212 	629 	.337 	540 	776 	.696 	0.0	1192 	431 	259 	106 	449 	
27 	528	32 	22 	10 	.688 	-4.68 	-7.81 	13 	3 	11 	2 	9 	6 	2147 	2047 	0.0	748 	1767 	.423 	203 	567 	.358 	448 	651 	.688 	0.0	1200 	399 	192 	84 	415 	
28 	529	33 	24 	9 	.727 	7.68 	1.46 	12 	6 	13 	1 	7 	6 	2464 	2238 	0.0	834 	1709 	.488 	203 	520 	.390 	593 	791 	.750 	0.0	1063 	473 	209 	93 	462 	
29 	530	29 	9 	20 	.310 	-3.55 	0.73 	5 	13 	6 	7 	2 	10 	1759 	1883 	0.0	587 	1508 	.389 	134 	431 	.311 	451 	630 	.716 	0.0	1019 	311 	176 	100 	415 	
30 	536	30 	18 	12 	.600 	9.35 	5.35 	7 	7 	17 	0 	1 	11 	2115 	1951 	0.0	711 	1514 	.470 	170 	428 	.397 	523 	688 	.760 	0.0	1000 	420 	158 	92 	412 	
31 	531	27 	17 	10 	.630 	-3.54 	-5.89 	8 	6 	9 	4 	7 	6 	2090 	1997 	0.0	716 	1568 	.457 	164 	441 	.372 	494 	656 	.753 	0.0	947 	448 	245 	80 	385 	
32 	533	29 	13 	16 	.448 	-10.24 	-7.07 	8 	6 	7 	3 	4 	11 	1791 	1883 	0.0	626 	1461 	.428 	157 	457 	.344 	382 	614 	.622 	0.0	959 	361 	205 	84 	480 	
33 	534	30 	12 	18 	.400 	-2.78 	-0.48 	7 	11 	7 	5 	4 	11 	2018 	2087 	0.0	697 	1672 	.417 	198 	580 	.341 	426 	652 	.653 	0.0	1074 	391 	191 	67 	465 	
34 	535	32 	26 	6 	.813 	11.14 	-0.40 	12 	4 	11 	2 	10 	3 	2251 	1849 	0.0	788 	1743 	.452 	280 	731 	.383 	395 	578 	.683 	0.0	983 	468 	250 	74 	322 	
35 	538	27 	15 	12 	.556 	-1.28 	-1.48 	9 	9 	11 	2 	4 	9 	1870 	1833 	0.0	666 	1564 	.426 	190 	562 	.338 	348 	512 	.680 	0.0	937 	368 	193 	71 	376 	
36 	564	27 	5 	22 	.185 	-11.41 	-1.06 	2 	16 	4 	9 	1 	13 	1689 	1922 	0.0	579 	1448 	.400 	163 	513 	.318 	368 	560 	.657 	0.0	873 	329 	160 	90 	409 	
37 	565	28 	12 	16 	.429 	-2.89 	0.41 	11 	7 	7 	6 	5 	9 	1911 	1946 	0.0	661 	1589 	.416 	158 	476 	.332 	431 	647 	.666 	0.0	1006 	389 	289 	58 	457 	
38 	807	32 	21 	11 	.656 	3.44 	-0.19 	13 	5 	10 	2 	7 	6 	2220 	2089 	0.0	783 	1652 	.474 	177 	477 	.371 	477 	698 	.683 	0.0	1121 	405 	206 	76 	457 	
39 	808	26 	8 	18 	.308 	-7.18 	-0.62 	5 	13 	4 	7 	4 	10 	1678 	1835 	0.0	601 	1398 	.430 	153 	482 	.317 	323 	501 	.645 	0.0	918 	330 	127 	116 	421 	
40 	757	31 	20 	11 	.645 	5.55 	-0.05 	11 	7 	11 	2 	5 	8 	2066 	1889 	0.0	693 	1544 	.449 	201 	499 	.403 	479 	634 	.756 	0.0	1078 	454 	171 	87 	423 	
41 	539	32 	23 	9 	.719 	13.08 	7.45 	12 	6 	18 	1 	4 	7 	2310 	2130 	0.0	835 	1849 	.452 	187 	595 	.314 	453 	669 	.677 	0.0	1087 	487 	254 	132 	423 	
42 	540	27 	8 	19 	.296 	-15.39 	-5.20 	6 	14 	7 	6 	1 	13 	1909 	2158 	0.0	680 	1542 	.441 	169 	463 	.365 	380 	541 	.702 	0.0	897 	376 	148 	73 	404 	
43 	541	30 	10 	20 	.333 	-8.16 	-4.83 	5 	13 	6 	7 	2 	12 	1965 	2065 	0.0	691 	1806 	.383 	204 	636 	.321 	379 	552 	.687 	0.0	1079 	395 	226 	93 	387 	
44 	543	27 	14 	13 	.519 	-5.98 	-1.48 	0.0	0.0	11 	2 	2 	11 	1947 	1872 	0.0	684 	1526 	.448 	169 	438 	.386 	410 	600 	.683 	0.0	896 	349 	214 	70 	392 	
45 	544	32 	27 	5 	.844 	-1.10 	-9.29 	19 	1 	13 	2 	11 	2 	2280 	2018 	0.0	814 	1777 	.458 	139 	397 	.350 	513 	697 	.736 	0.0	1247 	426 	215 	107 	480 	
46 	809	29 	17 	12 	.586 	-1.20 	-6.38 	12 	8 	12 	4 	5 	8 	2249 	2070 	0.0	817 	1739 	.470 	200 	492 	.407 	415 	587 	.707 	0.0	1068 	429 	248 	105 	443 	
47 	537	28 	9 	19 	.321 	-3.59 	1.33 	5 	13 	7 	6 	2 	12 	1960 	2071 	0.0	677 	1475 	.459 	122 	408 	.299 	484 	699 	.692 	0.0	940 	334 	197 	65 	443 	
48 	545	29 	12 	17 	.414 	-14.19 	-6.23 	8 	6 	9 	4 	3 	12 	1823 	1981 	0.0	651 	1513 	.430 	136 	441 	.308 	385 	574 	.671 	0.0	1003 	335 	242 	84 	533 	
49 	546	30 	18 	12 	.600 	13.61 	8.68 	11 	5 	11 	3 	6 	7 	2205 	2057 	0.0	761 	1730 	.440 	247 	676 	.365 	436 	616 	.708 	0.0	1136 	416 	203 	72 	408 	
50 	547	30 	16 	14 	.533 	1.20 	0.56 	9 	7 	12 	2 	3 	9 	2195 	2115 	0.0	792 	1798 	.440 	175 	507 	.345 	436 	606 	.719 	0.0	1185 	382 	211 	175 	465 	
51 	548	28 	2 	26 	.071 	-20.25 	0.51 	0 	14 	2 	10 	0 	15 	1766 	2275 	0.0	648 	1620 	.400 	118 	426 	.277 	352 	571 	.616 	0.0	1003 	410 	184 	57 	520 	
52 	549	35 	31 	4 	.886 	24.38 	6.58 	14 	2 	18 	0 	7 	3 	2738 	2115 	0.0	967 	2071 	.467 	209 	577 	.362 	595 	839 	.709 	0.0	1396 	480 	167 	154 	416 	
53 	550	29 	17 	12 	.586 	-0.49 	-2.25 	8 	8 	12 	2 	4 	9 	2115 	1980 	0.0	694 	1673 	.415 	208 	611 	.340 	519 	731 	.710 	0.0	1126 	363 	212 	88 	440 	
54 	551	30 	13 	17 	.433 	3.56 	5.16 	4 	12 	8 	8 	3 	7 	2257 	2305 	0.0	823 	1876 	.439 	182 	572 	.318 	429 	685 	.626 	0.0	1246 	440 	220 	105 	466 	
55 	552	28 	12 	16 	.429 	-2.30 	-1.47 	6 	10 	9 	6 	3 	9 	1882 	1905 	0.0	673 	1513 	.445 	150 	457 	.328 	386 	603 	.640 	0.0	993 	325 	222 	125 	460 	
56 	553	28 	8 	20 	.286 	-16.42 	-6.92 	5 	9 	6 	6 	2 	13 	1947 	2195 	0.0	633 	1589 	.398 	188 	564 	.333 	493 	712 	.692 	0.0	942 	348 	238 	42 	490 	
57 	555	28 	17 	11 	.607 	-5.84 	-7.15 	8 	6 	9 	4 	8 	6 	2037 	1935 	0.0	718 	1582 	.454 	143 	434 	.329 	458 	655 	.699 	0.0	951 	392 	210 	62 	370 	
58 	554	30 	21 	9 	.700 	4.90 	-3.13 	9 	7 	10 	4 	7 	4 	2082 	1824 	0.0	730 	1680 	.435 	169 	456 	.371 	453 	633 	.716 	0.0	1181 	379 	213 	146 	399 	
59 	557	30 	12 	18 	.400 	3.09 	4.28 	3 	11 	7 	7 	3 	9 	2064 	2047 	0.0	731 	1533 	.477 	140 	372 	.376 	462 	684 	.675 	0.0	1058 	455 	185 	99 	524 	
60 	556	29 	15 	14 	.517 	6.16 	4.99 	5 	11 	12 	4 	2 	9 	2312 	2258 	0.0	834 	1842 	.453 	192 	538 	.357 	452 	668 	.677 	0.0	1249 	508 	178 	137 	425 	
61 	558	28 	11 	17 	.393 	-6.14 	-3.72 	4 	10 	5 	6 	4 	10 	1543 	1596 	0.0	508 	1219 	.417 	181 	538 	.336 	346 	499 	.693 	0.0	873 	331 	130 	124 	466 	
62 	559	34 	27 	7 	.794 	16.02 	7.43 	13 	3 	13 	1 	7 	3 	2646 	2354 	0.0	972 	2012 	.483 	154 	391 	.394 	548 	787 	.696 	0.0	1381 	494 	256 	236 	545 	
63 	560	31 	6 	25 	.194 	-18.76 	-7.83 	3 	15 	3 	7 	2 	12 	1803 	2130 	0.0	640 	1695 	.378 	125 	461 	.271 	398 	559 	.712 	0.0	1102 	274 	202 	96 	505 	
64 	561	27 	5 	22 	.185 	-13.00 	-2.58 	2 	12 	4 	8 	1 	13 	1558 	1797 	0.0	549 	1446 	.380 	200 	641 	.312 	260 	375 	.693 	0.0	884 	344 	190 	67 	395 	
65 	562	32 	23 	9 	.719 	8.38 	1.38 	14 	4 	12 	3 	7 	5 	2421 	2197 	0.0	849 	1829 	.464 	230 	619 	.372 	493 	675 	.730 	0.0	1142 	488 	261 	125 	458 	
66 	567	27 	9 	18 	.333 	-14.02 	-5.71 	2 	12 	4 	9 	4 	8 	1698 	1887 	0.0	582 	1359 	.428 	263 	671 	.392 	271 	391 	.693 	0.0	736 	362 	154 	64 	344 	
67 	568	31 	21 	10 	.677 	0.60 	0.71 	11 	5 	11 	2 	7 	6 	2192 	2046 	0.0	776 	1778 	.436 	249 	705 	.353 	391 	574 	.681 	0.0	1193 	484 	210 	116 	486 	
68 	569	32 	21 	11 	.656 	12.73 	3.38 	10 	6 	13 	4 	6 	6 	2339 	2040 	0.0	814 	1816 	.448 	224 	629 	.356 	487 	715 	.681 	0.0	1278 	546 	185 	106 	433 	
69 	571	29 	16 	13 	.552 	-9.37 	-10.54 	12 	6 	7 	3 	8 	9 	1880 	1846 	0.0	644 	1577 	.408 	221 	667 	.331 	371 	503 	.738 	0.0	907 	395 	181 	64 	372 	
70 	570	30 	14 	16 	.467 	-1.57 	-1.40 	9 	9 	8 	4 	4 	9 	2002 	2007 	0.0	705 	1715 	.411 	214 	635 	.337 	378 	521 	.726 	0.0	1096 	403 	214 	80 	401 	
71 	572	28 	8 	20 	.286 	-8.16 	-1.60 	3 	12 	6 	7 	2 	12 	1820 	1958 	0.0	681 	1561 	.436 	162 	428 	.379 	296 	423 	.700 	0.0	864 	374 	177 	46 	349 	
72 	573	28 	9 	19 	.321 	0.60 	6.21 	2 	14 	5 	8 	2 	9 	1981 	2138 	0.0	708 	1715 	.413 	165 	528 	.313 	400 	610 	.656 	0.0	1121 	463 	198 	71 	472 	
73 	574	31 	18 	13 	.581 	2.39 	1.04 	11 	5 	11 	1 	7 	9 	2037 	1995 	0.0	756 	1765 	.428 	167 	513 	.326 	358 	568 	.630 	0.0	1156 	385 	162 	106 	364 	
74 	575	29 	14 	15 	.483 	-2.16 	-0.54 	9 	9 	9 	4 	4 	10 	2007 	2054 	0.0	669 	1499 	.446 	232 	595 	.390 	437 	606 	.721 	0.0	923 	399 	144 	37 	389 	
75 	576	28 	14 	14 	.500 	-2.84 	-2.41 	11 	7 	10 	2 	3 	10 	2040 	2052 	0.0	706 	1721 	.410 	188 	583 	.322 	440 	648 	.679 	0.0	1103 	440 	182 	135 	363 	
76 	577	35 	31 	4 	.886 	28.91 	9.16 	13 	3 	13 	0 	7 	3 	3112 	2421 	0.0	1093 	2209 	.495 	301 	830 	.363 	625 	906 	.690 	0.0	1303 	625 	351 	113 	501 	
77 	578	28 	9 	19 	.321 	-4.72 	3.43 	4 	12 	7 	6 	2 	12 	1792 	2020 	0.0	624 	1482 	.421 	152 	436 	.349 	392 	541 	.725 	0.0	940 	324 	162 	69 	447 	
78 	583	30 	12 	18 	.400 	-0.82 	6.63 	5 	11 	10 	5 	0 	12 	1932 	2068 	0.0	646 	1663 	.388 	209 	675 	.310 	431 	625 	.690 	0.0	1060 	346 	176 	138 	442 	
79 	586	28 	18 	10 	.643 	3.23 	-1.57 	11 	5 	12 	1 	6 	8 	2281 	2039 	0.0	822 	1790 	.459 	139 	440 	.316 	498 	707 	.704 	0.0	1129 	392 	252 	119 	480 	
80 	579	31 	15 	16 	.484 	-8.06 	-1.71 	7 	9 	10 	3 	4 	11 	2305 	2397 	0.0	802 	1867 	.430 	205 	598 	.343 	496 	712 	.697 	0.0	1119 	443 	203 	91 	473 	
81 	580	27 	7 	20 	.259 	-14.13 	-2.34 	3 	13 	7 	6 	0 	14 	1971 	2158 	0.0	708 	1739 	.407 	177 	592 	.299 	378 	523 	.723 	0.0	1056 	409 	223 	76 	440 	
82 	581	30 	6 	24 	.200 	-14.73 	-0.70 	2 	16 	4 	11 	1 	11 	1994 	2370 	0.0	667 	1581 	.422 	146 	433 	.337 	514 	745 	.690 	0.0	1017 	347 	129 	85 	495 	
83 	582	30 	17 	13 	.567 	-2.11 	-1.32 	10 	4 	8 	3 	6 	8 	2094 	2068 	0.0	706 	1496 	.472 	177 	460 	.385 	505 	713 	.708 	0.0	901 	444 	213 	82 	521 	
84 	585	29 	13 	16 	.448 	-13.43 	-7.07 	7 	7 	10 	2 	1 	13 	2016 	2117 	0.0	737 	1784 	.413 	122 	389 	.314 	420 	624 	.673 	0.0	1051 	354 	260 	98 	501 	
85 	587	28 	7 	21 	.250 	-8.36 	0.68 	4 	14 	6 	8 	1 	12 	1893 	2146 	0.0	662 	1472 	.450 	164 	473 	.347 	405 	562 	.721 	0.0	895 	413 	154 	75 	470 	
86 	589	29 	12 	17 	.414 	-5.63 	-4.28 	9 	9 	7 	5 	4 	11 	2078 	2117 	0.0	698 	1616 	.432 	157 	463 	.339 	525 	719 	.730 	0.0	1075 	394 	239 	199 	523 	
87 	588	29 	4 	25 	.138 	-19.56 	-10.28 	4 	16 	2 	10 	2 	12 	2073 	2342 	0.0	713 	1650 	.432 	195 	610 	.320 	452 	661 	.684 	0.0	956 	390 	195 	79 	525 	
88 	593	28 	9 	19 	.321 	-14.55 	-7.48 	9 	9 	6 	3 	3 	15 	1863 	2061 	0.0	638 	1584 	.403 	173 	538 	.322 	414 	631 	.656 	0.0	991 	298 	223 	90 	500 	
89 	590	31 	19 	12 	.613 	-3.95 	-5.33 	13 	7 	10 	3 	6 	8 	2303 	2235 	0.0	859 	2011 	.427 	178 	527 	.338 	407 	611 	.666 	0.0	1212 	483 	294 	108 	474 	
90 	594	30 	10 	20 	.333 	-5.43 	-0.50 	4 	10 	8 	6 	1 	11 	1908 	2027 	0.0	738 	1690 	.437 	111 	361 	.307 	321 	527 	.609 	0.0	1015 	306 	286 	82 	474 	
91 	595	29 	12 	17 	.414 	4.28 	9.13 	4 	12 	10 	6 	1 	10 	2082 	2145 	0.0	759 	1765 	.430 	169 	503 	.336 	395 	602 	.656 	0.0	1122 	382 	222 	101 	476 	
92 	592	31 	22 	9 	.710 	22.27 	8.37 	10 	6 	13 	2 	6 	4 	2495 	2064 	0.0	892 	1899 	.470 	232 	658 	.353 	479 	687 	.697 	0.0	1203 	519 	307 	141 	463 	
93 	596	28 	8 	20 	.286 	-4.35 	3.47 	4 	12 	5 	5 	2 	12 	1980 	2199 	0.0	761 	1689 	.451 	117 	407 	.287 	341 	596 	.572 	0.0	1104 	411 	248 	91 	546 	
94 	597	34 	19 	15 	.559 	6.78 	5.20 	9 	9 	12 	5 	5 	8 	2481 	2390 	0.0	882 	1998 	.441 	229 	700 	.327 	488 	732 	.667 	0.0	1329 	549 	226 	187 	519 	
95 	598	31 	17 	14 	.548 	-1.62 	-1.24 	7 	9 	11 	4 	3 	9 	2143 	2046 	0.0	783 	1802 	.435 	207 	564 	.367 	370 	565 	.655 	0.0	1113 	476 	271 	66 	433 	
96 	602	29 	19 	10 	.655 	0.81 	-2.30 	13 	5 	11 	3 	7 	6 	2024 	1934 	0.0	710 	1648 	.431 	166 	477 	.348 	438 	622 	.704 	0.0	1047 	412 	214 	92 	403 	
97 	599	28 	12 	16 	.429 	-2.22 	3.50 	5 	11 	6 	5 	3 	8 	1946 	2106 	0.0	637 	1570 	.406 	182 	540 	.337 	490 	684 	.716 	0.0	974 	365 	177 	107 	447 	
98 	603	30 	19 	11 	.633 	13.18 	4.22 	9 	7 	12 	5 	6 	4 	2433 	2112 	0.0	834 	1864 	.447 	165 	476 	.347 	600 	828 	.725 	0.0	1252 	484 	303 	191 	480 	
99 	600	28 	16 	12 	.571 	0.74 	-0.80 	9 	7 	12 	2 	4 	9 	2230 	2088 	0.0	814 	1797 	.453 	175 	514 	.340 	427 	677 	.631 	0.0	1168 	422 	254 	98 	450 	
100 	605	31 	20 	11 	.645 	-0.80 	-4.43 	14 	6 	11 	3 	7 	6 	2388 	2268 	0.0	848 	1831 	.463 	219 	603 	.363 	473 	659 	.718 	0.0	1139 	435 	205 	128 	450 	
101 	606	31 	15 	16 	.484 	8.47 	8.66 	7 	9 	10 	7 	4 	6 	2370 	2376 	0.0	834 	1937 	.431 	261 	695 	.376 	441 	637 	.692 	0.0	1183 	481 	269 	101 	478 	
102 	604	32 	22 	10 	.688 	14.68 	9.24 	10 	6 	12 	2 	6 	6 	2444 	2271 	0.0	871 	1947 	.447 	189 	588 	.321 	513 	696 	.737 	0.0	1226 	495 	281 	114 	455 	
103 	607	33 	29 	4 	.879 	13.90 	0.74 	13 	1 	13 	0 	11 	2 	2677 	2197 	0.0	907 	1931 	.470 	237 	606 	.391 	626 	855 	.732 	0.0	1370 	522 	189 	113 	458 	
104 	608	28 	9 	19 	.321 	-19.77 	-9.92 	7 	11 	8 	4 	1 	15 	2188 	2427 	0.0	815 	1845 	.442 	159 	458 	.347 	399 	593 	.673 	0.0	1147 	426 	180 	136 	482 	
105 	844	30 	9 	21 	.300 	-4.42 	-0.73 	4 	12 	5 	8 	2 	12 	1970 	2044 	0.0	684 	1434 	.477 	189 	477 	.396 	413 	582 	.710 	0.0	855 	406 	169 	60 	430 	
106 	610	33 	26 	7 	.788 	-0.40 	-8.90 	17 	1 	10 	0 	11 	4 	2623 	2344 	0.0	933 	1940 	.481 	218 	615 	.354 	539 	805 	.670 	0.0	1241 	470 	265 	115 	489 	
107 	611	32 	14 	18 	.438 	-12.82 	-8.20 	10 	6 	8 	5 	5 	10 	1949 	2097 	0.0	699 	1739 	.402 	152 	511 	.297 	399 	638 	.625 	0.0	1232 	321 	167 	102 	521 	
108 	612	26 	14 	12 	.538 	-6.63 	-6.10 	7 	7 	9 	3 	4 	9 	1666 	1680 	0.0	629 	1499 	.420 	152 	472 	.322 	256 	405 	.632 	0.0	925 	360 	236 	58 	418 	
109 	613	33 	27 	6 	.818 	9.81 	1.15 	15 	3 	16 	1 	7 	3 	2367 	2081 	0.0	818 	1818 	.450 	241 	634 	.380 	490 	716 	.684 	0.0	1103 	546 	230 	116 	407 	
110 	614	30 	11 	19 	.367 	-14.09 	-6.28 	5 	9 	8 	8 	1 	10 	2077 	2218 	0.0	741 	1789 	.414 	170 	547 	.311 	425 	600 	.708 	0.0	1105 	378 	258 	78 	474 	
111 	615	32 	12 	20 	.375 	-5.89 	-1.39 	5 	13 	6 	5 	1 	12 	2106 	2250 	0.0	726 	1856 	.391 	155 	528 	.294 	499 	741 	.673 	0.0	1322 	411 	206 	154 	568 	
112 	616	33 	18 	15 	.545 	-1.62 	-5.10 	9 	5 	9 	3 	6 	8 	2083 	1968 	0.0	694 	1711 	.406 	148 	439 	.337 	547 	791 	.692 	0.0	1176 	438 	258 	103 	470 	
113 	617	33 	18 	15 	.545 	4.42 	5.45 	9 	7 	9 	5 	6 	7 	2371 	2401 	0.0	828 	1749 	.473 	149 	389 	.383 	566 	831 	.681 	0.0	1199 	442 	200 	146 	525 	
114 	619	31 	18 	13 	.581 	-7.43 	-9.23 	11 	7 	10 	2 	5 	10 	2323 	2267 	0.0	813 	1926 	.422 	226 	640 	.353 	471 	674 	.699 	0.0	1093 	381 	232 	78 	406 	
115 	621	27 	10 	17 	.370 	-9.98 	-4.06 	3 	11 	8 	4 	1 	12 	1892 	2002 	0.0	666 	1586 	.420 	185 	579 	.320 	375 	557 	.673 	0.0	901 	367 	234 	89 	399 	
116 	620	28 	9 	19 	.321 	-9.91 	-1.24 	6 	12 	5 	9 	4 	9 	1544 	1764 	0.0	546 	1445 	.378 	137 	471 	.291 	315 	468 	.673 	0.0	894 	278 	180 	47 	362 	
117 	622	34 	20 	14 	.588 	1.45 	1.42 	8 	8 	11 	2 	3 	10 	2503 	2400 	0.0	862 	1953 	.441 	251 	619 	.405 	528 	802 	.658 	0.0	1180 	462 	195 	48 	435 	
118 	624	31 	17 	14 	.548 	0.73 	1.51 	12 	6 	11 	2 	4 	9 	2081 	2105 	0.0	745 	1686 	.442 	164 	442 	.371 	427 	551 	.775 	0.0	969 	436 	207 	67 	442 	
119 	623	35 	26 	9 	.743 	19.20 	9.94 	11 	5 	13 	1 	5 	6 	2708 	2369 	0.0	908 	1932 	.470 	254 	692 	.367 	638 	862 	.740 	0.0	1264 	590 	258 	141 	511 	
120 	626	28 	6 	22 	.214 	-4.46 	1.72 	4 	14 	4 	10 	2 	11 	1730 	1903 	0.0	607 	1463 	.415 	167 	479 	.349 	349 	548 	.637 	0.0	880 	345 	153 	87 	365 	
121 	625	37 	25 	12 	.676 	19.19 	12.08 	11 	5 	10 	1 	6 	5 	2607 	2316 	0.0	916 	1990 	.460 	270 	659 	.410 	505 	726 	.696 	0.0	1303 	546 	254 	192 	508 	
122 	627	30 	13 	17 	.433 	-5.59 	-4.25 	10 	8 	5 	6 	5 	8 	2132 	2172 	0.0	728 	1674 	.435 	148 	441 	.336 	528 	761 	.694 	0.0	1098 	417 	238 	153 	555 	
123 	629	31 	12 	19 	.387 	4.02 	4.89 	4 	12 	11 	6 	0 	10 	2161 	2162 	0.0	742 	1611 	.461 	102 	268 	.381 	575 	769 	.748 	0.0	1104 	344 	155 	130 	455 	
124 	628	35 	19 	16 	.543 	12.39 	7.90 	5 	11 	13 	4 	3 	9 	2541 	2384 	0.0	872 	1910 	.457 	208 	552 	.377 	589 	850 	.693 	0.0	1295 	507 	253 	120 	540 	
125 	631	30 	15 	15 	.500 	-2.08 	-0.31 	6 	8 	8 	5 	4 	8 	2256 	2230 	0.0	800 	1786 	.448 	213 	568 	.375 	443 	670 	.661 	0.0	1133 	472 	217 	88 	451 	
126 	632	28 	9 	19 	.321 	-16.20 	-10.81 	8 	10 	6 	7 	3 	12 	2047 	2199 	0.0	738 	1696 	.435 	157 	487 	.322 	414 	676 	.612 	0.0	983 	471 	187 	74 	418 	
127 	634	29 	13 	16 	.448 	-9.36 	-6.43 	8 	12 	7 	5 	5 	10 	2037 	2073 	0.0	710 	1627 	.436 	175 	522 	.335 	442 	649 	.681 	0.0	1024 	367 	235 	66 	459 	
128 	633	30 	18 	12 	.600 	-3.26 	-5.26 	12 	8 	10 	3 	8 	6 	2130 	1981 	0.0	762 	1764 	.432 	200 	629 	.318 	406 	610 	.666 	0.0	1187 	348 	245 	152 	500 	
129 	635	29 	14 	15 	.483 	-3.17 	-3.35 	6 	12 	7 	5 	4 	9 	2031 	2008 	0.0	707 	1679 	.421 	174 	514 	.339 	443 	640 	.692 	0.0	1121 	313 	155 	105 	380 	
130 	637	29 	13 	16 	.448 	3.81 	6.77 	6 	10 	12 	5 	0 	10 	1985 	2050 	0.0	713 	1616 	.441 	151 	434 	.348 	408 	614 	.664 	0.0	1016 	408 	169 	117 	418 	
131 	636	37 	33 	4 	.892 	24.38 	9.35 	16 	0 	13 	0 	11 	1 	3365 	2765 	0.0	1259 	2487 	.506 	224 	536 	.418 	623 	867 	.719 	0.0	1638 	767 	357 	210 	602 	
132 	639	36 	30 	6 	.833 	13.67 	2.10 	17 	1 	12 	0 	10 	3 	2732 	2305 	0.0	986 	2102 	.469 	224 	614 	.365 	536 	736 	.728 	0.0	1322 	483 	229 	72 	391 	
133 	640	32 	22 	10 	.688 	19.15 	11.99 	10 	6 	12 	3 	5 	4 	2460 	2183 	0.0	905 	2021 	.448 	219 	692 	.316 	431 	638 	.676 	0.0	1283 	471 	252 	153 	460 	
134 	641	32 	15 	17 	.469 	0.76 	2.64 	6 	10 	7 	6 	4 	7 	2128 	2188 	0.0	754 	1833 	.411 	176 	542 	.325 	444 	604 	.735 	0.0	1193 	398 	209 	102 	475 	
135 	642	29 	15 	14 	.517 	-6.43 	-6.15 	8 	6 	9 	4 	5 	9 	2106 	2071 	0.0	713 	1536 	.464 	222 	620 	.358 	458 	613 	.747 	0.0	901 	423 	244 	95 	445 	
136 	643	29 	15 	14 	.517 	-9.36 	-7.90 	11 	9 	6 	6 	7 	8 	2032 	2071 	0.0	691 	1635 	.423 	195 	595 	.328 	455 	663 	.686 	0.0	1114 	316 	180 	120 	446 	
137 	644	28 	5 	23 	.179 	-14.16 	-6.50 	2 	12 	4 	8 	1 	14 	1853 	2025 	0.0	655 	1531 	.428 	160 	485 	.330 	383 	548 	.699 	0.0	941 	414 	213 	94 	474 	
138 	645	30 	5 	25 	.167 	-22.02 	-7.26 	2 	12 	4 	9 	1 	12 	1907 	2307 	0.0	689 	1692 	.407 	125 	445 	.281 	404 	653 	.619 	0.0	1091 	326 	264 	90 	613 	
139 	647	30 	13 	17 	.433 	-2.66 	0.91 	9 	9 	7 	7 	4 	9 	2135 	2165 	0.0	781 	1701 	.459 	193 	570 	.339 	380 	594 	.640 	0.0	1005 	428 	231 	87 	490 	
140 	648	27 	5 	22 	.185 	-23.18 	-7.69 	5 	15 	3 	10 	2 	11 	2055 	2473 	0.0	763 	1763 	.433 	168 	553 	.304 	361 	528 	.684 	0.0	906 	388 	206 	54 	413 	
141 	811	31 	20 	11 	.645 	2.15 	0.15 	11 	4 	13 	1 	5 	8 	2146 	2056 	0.0	775 	1790 	.433 	140 	466 	.300 	456 	710 	.642 	0.0	1202 	459 	227 	159 	502 	
142 	812	32 	20 	12 	.625 	-5.47 	-4.43 	15 	5 	14 	0 	5 	10 	2274 	2268 	0.0	835 	1917 	.436 	182 	546 	.333 	422 	649 	.650 	0.0	1204 	440 	252 	217 	498 	
143 	655	34 	19 	15 	.559 	10.24 	5.82 	6 	10 	12 	5 	3 	7 	2324 	2176 	0.0	850 	1860 	.457 	204 	561 	.364 	420 	626 	.671 	0.0	1217 	468 	280 	79 	518 	
144 	650	32 	22 	10 	.688 	7.59 	2.52 	14 	4 	13 	2 	9 	7 	2340 	2154 	0.0	821 	1826 	.450 	162 	489 	.331 	536 	767 	.699 	0.0	1310 	410 	190 	90 	447 	
145 	651	32 	19 	13 	.594 	11.70 	7.35 	8 	8 	16 	3 	2 	8 	2431 	2292 	0.0	853 	2022 	.422 	261 	776 	.336 	464 	734 	.632 	0.0	1255 	475 	248 	124 	476 	
146 	654	30 	17 	13 	.567 	0.46 	-0.54 	9 	7 	11 	2 	4 	10 	2170 	2111 	0.0	765 	1829 	.418 	147 	509 	.289 	493 	707 	.697 	0.0	1191 	418 	223 	86 	436 	
147 	652	29 	9 	20 	.310 	-7.46 	-0.10 	2 	12 	5 	9 	3 	9 	2002 	2182 	0.0	696 	1673 	.416 	144 	487 	.296 	466 	600 	.777 	0.0	1015 	407 	177 	67 	430 	
148 	653	28 	5 	23 	.179 	-17.18 	-6.18 	4 	14 	3 	9 	2 	13 	1649 	1957 	0.0	542 	1461 	.371 	129 	478 	.270 	436 	667 	.654 	0.0	945 	257 	209 	40 	459 	
149 	657	30 	12 	18 	.400 	-12.93 	-9.55 	7 	9 	4 	7 	5 	8 	1908 	1998 	0.0	670 	1516 	.442 	167 	498 	.335 	401 	597 	.672 	0.0	1082 	386 	186 	182 	499 	
150 	658	29 	20 	9 	.690 	2.65 	-5.39 	12 	6 	12 	1 	6 	7 	2176 	1943 	0.0	747 	1667 	.448 	141 	404 	.349 	541 	733 	.738 	0.0	1036 	374 	286 	105 	448 	
151 	659	28 	19 	9 	.679 	1.63 	-5.20 	13 	5 	10 	4 	9 	5 	2079 	1888 	0.0	702 	1614 	.435 	207 	583 	.355 	468 	627 	.746 	0.0	951 	427 	230 	113 	329 	
152 	660	33 	26 	7 	.788 	17.16 	4.77 	13 	3 	16 	0 	5 	6 	2413 	2004 	0.0	871 	1841 	.473 	173 	456 	.379 	498 	720 	.692 	0.0	1170 	462 	279 	113 	455 	
153 	661	30 	15 	15 	.500 	-1.42 	1.22 	8 	10 	10 	4 	4 	9 	2328 	2322 	0.0	824 	1751 	.471 	252 	595 	.424 	428 	620 	.690 	0.0	1065 	461 	193 	98 	440 	
154 	813	29 	20 	9 	.690 	-8.07 	-11.62 	15 	5 	9 	2 	8 	6 	2140 	2037 	0.0	764 	1740 	.439 	129 	379 	.340 	483 	716 	.675 	0.0	1127 	430 	251 	93 	438 	
155 	665	29 	11 	18 	.379 	-15.59 	-9.08 	7 	11 	5 	5 	5 	12 	1910 	2099 	0.0	664 	1715 	.387 	208 	619 	.336 	374 	573 	.653 	0.0	1020 	327 	174 	65 	379 	
156 	662	36 	32 	4 	.889 	23.50 	9.38 	15 	1 	15 	0 	7 	2 	3060 	2552 	0.0	1083 	2248 	.482 	217 	580 	.374 	677 	933 	.726 	0.0	1479 	714 	302 	216 	495 	
157 	663	29 	13 	16 	.448 	2.90 	4.45 	6 	10 	8 	6 	3 	9 	1865 	1910 	0.0	677 	1624 	.417 	204 	587 	.348 	307 	459 	.669 	0.0	1024 	424 	170 	107 	426 	
158 	664	30 	21 	9 	.700 	-0.59 	-5.80 	17 	3 	13 	0 	8 	8 	2102 	1909 	0.0	743 	1687 	.440 	171 	466 	.367 	445 	681 	.653 	0.0	1139 	387 	260 	153 	480 	
159 	666	36 	27 	9 	.750 	15.29 	4.72 	12 	4 	19 	2 	6 	4 	2879 	2477 	0.0	1045 	2276 	.459 	181 	501 	.361 	608 	912 	.667 	0.0	1539 	555 	266 	157 	519 	
160 	667	29 	6 	23 	.207 	-14.51 	-2.76 	4 	16 	5 	7 	0 	14 	1912 	2232 	0.0	705 	1668 	.423 	149 	485 	.307 	353 	532 	.664 	0.0	1062 	362 	161 	95 	476 	
161 	668	32 	24 	8 	.750 	12.99 	5.52 	10 	6 	13 	2 	5 	4 	2395 	2156 	0.0	818 	1902 	.430 	236 	684 	.345 	523 	678 	.771 	0.0	1174 	525 	285 	190 	460 	
162 	669	31 	13 	18 	.419 	1.20 	3.68 	9 	9 	10 	4 	2 	11 	1981 	2058 	0.0	707 	1676 	.422 	149 	430 	.347 	418 	563 	.742 	0.0	1021 	325 	168 	98 	377 	
163 	671	31 	19 	12 	.613 	14.90 	9.60 	10 	6 	15 	2 	4 	5 	2150 	1978 	0.0	764 	1654 	.462 	180 	458 	.393 	442 	573 	.771 	0.0	1163 	438 	155 	93 	461 	
164 	670	29 	11 	18 	.379 	3.53 	8.17 	5 	11 	9 	6 	1 	10 	1951 	2052 	0.0	691 	1595 	.433 	185 	542 	.341 	384 	509 	.754 	0.0	908 	370 	154 	89 	411 	
165 	672	29 	14 	15 	.483 	-3.50 	-0.79 	6 	8 	11 	2 	2 	12 	1941 	1948 	0.0	713 	1598 	.446 	205 	607 	.338 	310 	451 	.687 	0.0	1009 	378 	229 	98 	500 	
166 	845	29 	16 	13 	.552 	4.28 	0.78 	11 	5 	10 	4 	4 	8 	2193 	2036 	0.0	784 	1772 	.442 	257 	725 	.354 	368 	551 	.668 	0.0	1002 	476 	264 	75 	416 	
167 	673	31 	18 	13 	.581 	12.82 	7.05 	9 	7 	14 	4 	3 	8 	2330 	2151 	0.0	842 	1799 	.468 	205 	591 	.347 	441 	625 	.706 	0.0	1118 	490 	252 	150 	448 	
168 	675	35 	27 	8 	.771 	14.42 	7.33 	10 	6 	14 	1 	7 	5 	2582 	2334 	0.0	943 	1965 	.480 	192 	551 	.348 	504 	772 	.653 	0.0	1359 	566 	294 	123 	583 	
169 	685	29 	12 	17 	.414 	-15.16 	-12.75 	9 	9 	8 	3 	4 	12 	2206 	2279 	0.0	807 	1920 	.420 	258 	787 	.328 	334 	488 	.684 	0.0	1047 	398 	261 	69 	393 	
170 	674	31 	20 	11 	.645 	13.61 	6.85 	9 	7 	13 	1 	4 	7 	2232 	1993 	0.0	745 	1618 	.460 	235 	618 	.380 	507 	687 	.738 	0.0	1031 	427 	226 	57 	476 	
171 	677	29 	18 	11 	.621 	-0.84 	-1.80 	7 	7 	10 	5 	6 	4 	1852 	1796 	0.0	653 	1602 	.408 	185 	545 	.339 	361 	475 	.760 	0.0	960 	329 	214 	102 	314 	
172 	678	32 	17 	15 	.531 	2.64 	0.02 	11 	7 	12 	3 	4 	8 	2267 	2183 	0.0	788 	1758 	.448 	201 	495 	.406 	490 	651 	.753 	0.0	1162 	368 	183 	80 	447 	
173 	676	36 	24 	12 	.667 	14.22 	6.81 	9 	7 	14 	3 	4 	6 	2877 	2610 	0.0	1031 	2253 	.458 	326 	834 	.391 	489 	709 	.690 	0.0	1415 	539 	264 	154 	511 	
174 	679	30 	18 	12 	.600 	-7.02 	-7.32 	14 	6 	8 	4 	8 	6 	2052 	2043 	0.0	746 	1606 	.465 	181 	561 	.323 	379 	584 	.649 	0.0	995 	447 	254 	102 	482 	
175 	681	30 	20 	10 	.667 	0.91 	-1.94 	12 	2 	11 	3 	8 	6 	2083 	1979 	0.0	710 	1519 	.467 	219 	591 	.371 	444 	626 	.709 	0.0	890 	388 	178 	58 	419 	
176 	680	31 	16 	15 	.516 	-4.20 	-1.71 	7 	7 	9 	4 	4 	8 	2218 	2263 	0.0	760 	1670 	.455 	213 	596 	.357 	485 	721 	.673 	0.0	1047 	452 	164 	120 	464 	
177 	682	29 	18 	11 	.621 	-3.17 	-3.13 	11 	5 	12 	2 	6 	8 	2236 	2182 	0.0	796 	1647 	.483 	159 	461 	.345 	485 	619 	.784 	0.0	941 	476 	222 	46 	431 	
178 	683	28 	3 	25 	.107 	-19.34 	-7.69 	2 	16 	1 	8 	1 	16 	1830 	2156 	0.0	671 	1591 	.422 	129 	378 	.341 	359 	528 	.680 	0.0	912 	291 	185 	73 	502 	
179 	684	29 	5 	24 	.172 	-26.38 	-1.84 	0.0	0.0	5 	4 	0 	17 	1596 	2188 	0.0	566 	1522 	.372 	127 	454 	.280 	337 	579 	.582 	0.0	958 	228 	202 	66 	567 	
180 	686	27 	3 	24 	.111 	-23.99 	-8.88 	2 	18 	2 	11 	1 	13 	1640 	2048 	0.0	565 	1555 	.363 	142 	482 	.295 	368 	560 	.657 	0.0	878 	335 	190 	54 	430 	
181 	687	32 	19 	13 	.594 	0.65 	-1.94 	10 	6 	11 	4 	5 	8 	2514 	2349 	0.0	941 	2093 	.450 	210 	652 	.322 	422 	584 	.723 	0.0	1281 	465 	258 	158 	456 	
182 	692	30 	10 	20 	.333 	-8.92 	-5.51 	5 	9 	8 	6 	2 	10 	2082 	2163 	0.0	695 	1695 	.410 	178 	511 	.348 	514 	717 	.717 	0.0	1072 	381 	259 	64 	551 	
183 	698	28 	13 	15 	.464 	4.41 	6.08 	6 	10 	12 	4 	1 	10 	1954 	1980 	0.0	656 	1668 	.393 	267 	729 	.366 	375 	555 	.676 	0.0	998 	396 	203 	88 	317 	
184 	817	32 	21 	11 	.656 	7.69 	4.88 	9 	5 	17 	3 	4 	8 	2505 	2415 	0.0	869 	1882 	.462 	174 	500 	.348 	593 	830 	.714 	0.0	1067 	472 	315 	122 	457 	
185 	699	30 	17 	13 	.567 	2.77 	1.87 	9 	9 	10 	4 	6 	8 	2210 	2153 	0.0	720 	1702 	.423 	126 	388 	.325 	644 	952 	.676 	0.0	1199 	321 	218 	94 	460 	
186 	700	28 	11 	17 	.393 	-14.62 	-7.33 	8 	8 	7 	7 	4 	9 	1935 	2087 	0.0	615 	1558 	.395 	216 	625 	.346 	489 	685 	.714 	0.0	1089 	368 	185 	64 	472 	
187 	702	32 	20 	12 	.625 	3.67 	-0.19 	11 	4 	12 	4 	5 	7 	2492 	2343 	0.0	896 	1938 	.462 	197 	541 	.364 	503 	707 	.711 	0.0	1197 	425 	229 	114 	486 	
188 	701	30 	16 	14 	.533 	6.30 	3.86 	6 	8 	14 	5 	2 	9 	2206 	2133 	0.0	776 	1718 	.452 	180 	477 	.377 	474 	712 	.666 	0.0	1100 	383 	179 	119 	391 	
189 	703	29 	15 	14 	.517 	-3.96 	-1.33 	9 	6 	8 	4 	7 	8 	1920 	1962 	0.0	653 	1486 	.439 	128 	384 	.333 	486 	753 	.645 	0.0	1082 	351 	186 	96 	516 	
190 	704	32 	18 	14 	.563 	-3.59 	-4.68 	12 	6 	8 	4 	5 	8 	2369 	2334 	0.0	805 	1856 	.434 	213 	623 	.342 	546 	769 	.710 	0.0	1182 	402 	250 	86 	504 	
191 	705	27 	2 	25 	.074 	-24.40 	-4.40 	1 	19 	2 	10 	0 	15 	1602 	2113 	0.0	581 	1602 	.363 	156 	542 	.288 	284 	465 	.611 	0.0	840 	284 	174 	52 	408 	
192 	707	29 	10 	19 	.345 	-14.14 	-7.00 	9 	9 	5 	5 	5 	12 	1997 	2204 	0.0	722 	1732 	.417 	167 	524 	.319 	386 	618 	.625 	0.0	1087 	376 	203 	117 	485 	
193 	814	28 	13 	15 	.464 	-10.76 	-6.68 	10 	4 	8 	4 	5 	10 	1955 	2059 	0.0	690 	1529 	.451 	129 	377 	.342 	446 	671 	.665 	0.0	980 	364 	198 	115 	465 	
194 	693	28 	11 	17 	.393 	-12.95 	-7.17 	10 	8 	6 	4 	4 	12 	1881 	2031 	0.0	640 	1613 	.397 	154 	493 	.312 	447 	695 	.643 	0.0	1076 	306 	203 	58 	509 	
195 	815	31 	20 	11 	.645 	1.39 	-2.35 	11 	5 	12 	1 	6 	9 	2238 	2122 	0.0	763 	1705 	.448 	188 	519 	.362 	524 	702 	.746 	0.0	1097 	448 	253 	116 	501 	
196 	695	34 	23 	11 	.676 	15.85 	8.17 	9 	7 	14 	4 	6 	5 	2565 	2304 	0.0	863 	1910 	.452 	278 	773 	.360 	561 	743 	.755 	0.0	1119 	547 	269 	72 	452 	
197 	816	33 	23 	10 	.697 	6.15 	-0.09 	14 	4 	11 	2 	9 	7 	2240 	2034 	0.0	784 	1803 	.435 	221 	592 	.373 	451 	655 	.689 	0.0	1136 	453 	274 	104 	403 	
198 	708	28 	8 	20 	.286 	3.88 	10.52 	4 	12 	6 	9 	1 	9 	2022 	2208 	0.0	707 	1612 	.439 	212 	606 	.350 	396 	574 	.690 	0.0	966 	476 	167 	100 	461 	
199 	711	29 	15 	14 	.517 	-0.86 	1.14 	8 	7 	10 	3 	4 	10 	2274 	2269 	0.0	771 	1722 	.448 	179 	523 	.342 	553 	781 	.708 	0.0	1063 	352 	218 	99 	448 	
200 	712	28 	7 	21 	.250 	-12.42 	-8.34 	5 	11 	4 	7 	3 	11 	1989 	2103 	0.0	726 	1745 	.416 	206 	609 	.338 	331 	525 	.630 	0.0	919 	386 	272 	70 	417 	
201 	713	28 	14 	14 	.500 	-5.52 	-3.04 	7 	7 	9 	3 	5 	10 	1893 	1895 	0.0	675 	1496 	.451 	129 	438 	.295 	414 	604 	.685 	0.0	1000 	362 	148 	61 	458 	
202 	690	28 	12 	16 	.429 	-3.24 	-0.86 	8 	10 	6 	6 	5 	9 	2172 	2231 	0.0	781 	1700 	.459 	181 	481 	.376 	429 	633 	.678 	0.0	1041 	432 	232 	100 	476 	
203 	714	29 	14 	15 	.483 	-1.24 	0.90 	8 	10 	8 	4 	4 	9 	2056 	2118 	0.0	699 	1573 	.444 	217 	601 	.361 	441 	602 	.733 	0.0	853 	383 	205 	50 	364 	
204 	716	31 	13 	18 	.419 	-9.42 	-5.56 	9 	11 	6 	4 	5 	12 	2266 	2361 	0.0	776 	1846 	.420 	202 	609 	.332 	512 	741 	.691 	0.0	1155 	414 	279 	175 	503 	
205 	715	29 	16 	13 	.552 	5.57 	5.09 	7 	9 	10 	3 	3 	7 	1729 	1715 	0.0	596 	1425 	.418 	209 	622 	.336 	328 	542 	.605 	0.0	891 	420 	219 	92 	385 	
206 	717	33 	22 	11 	.667 	15.70 	6.17 	10 	6 	9 	4 	7 	4 	2601 	2256 	0.0	934 	2037 	.459 	244 	644 	.379 	489 	690 	.709 	0.0	1351 	629 	259 	163 	435 	
207 	718	30 	17 	13 	.567 	0.53 	-0.57 	10 	4 	10 	1 	6 	9 	2266 	2220 	0.0	784 	1761 	.445 	219 	657 	.333 	479 	726 	.660 	0.0	1003 	466 	287 	69 	417 	
208 	720	32 	24 	8 	.750 	16.14 	7.26 	11 	5 	15 	2 	5 	5 	2362 	2078 	0.0	825 	1702 	.485 	175 	466 	.376 	537 	795 	.675 	0.0	1052 	483 	193 	75 	421 	
209 	719	28 	17 	11 	.607 	3.02 	-0.19 	11 	7 	8 	5 	8 	5 	2104 	2014 	0.0	741 	1531 	.484 	168 	451 	.373 	454 	666 	.682 	0.0	939 	399 	216 	109 	395 	
210 	722	32 	23 	9 	.719 	14.39 	6.80 	10 	6 	13 	2 	5 	5 	2293 	2050 	0.0	835 	1863 	.448 	167 	510 	.327 	456 	708 	.644 	0.0	1279 	460 	247 	110 	486 	
211 	721	36 	31 	5 	.861 	21.04 	7.70 	13 	3 	16 	0 	7 	4 	2807 	2327 	0.0	1011 	2281 	.443 	236 	674 	.350 	549 	716 	.767 	0.0	1439 	517 	325 	134 	427 	
212 	723	29 	13 	16 	.448 	-1.59 	-2.18 	7 	11 	9 	6 	3 	10 	1947 	1930 	0.0	681 	1679 	.406 	181 	541 	.335 	404 	559 	.723 	0.0	1079 	422 	200 	107 	390 	
213 	724	31 	17 	14 	.548 	3.07 	-3.27 	10 	4 	9 	4 	5 	8 	2359 	2173 	0.0	799 	1772 	.451 	218 	560 	.389 	543 	767 	.708 	0.0	1116 	503 	194 	156 	445 	
214 	726	29 	12 	17 	.414 	4.04 	7.92 	4 	14 	8 	7 	4 	8 	1866 	1928 	0.0	643 	1431 	.449 	187 	528 	.354 	393 	542 	.725 	0.0	876 	401 	129 	71 	414 	
215 	725	35 	26 	9 	.743 	19.67 	6.93 	14 	4 	17 	0 	5 	7 	2994 	2538 	0.0	1014 	2082 	.487 	304 	721 	.422 	662 	861 	.769 	0.0	1280 	580 	261 	114 	482 	
216 	727	30 	20 	10 	.667 	2.91 	-1.30 	11 	7 	12 	2 	6 	7 	2102 	1948 	0.0	705 	1555 	.453 	228 	625 	.365 	464 	624 	.744 	0.0	1017 	418 	161 	41 	391 	
217 	729	28 	7 	21 	.250 	-1.89 	7.11 	3 	13 	6 	8 	0 	12 	1777 	2029 	0.0	614 	1559 	.394 	213 	619 	.344 	336 	483 	.696 	0.0	840 	362 	152 	101 	431 	
218 	728	32 	25 	7 	.781 	7.96 	-1.51 	11 	3 	13 	3 	10 	2 	2342 	2039 	0.0	815 	1701 	.479 	266 	668 	.398 	446 	609 	.732 	0.0	1035 	561 	209 	108 	421 	
219 	730	31 	22 	9 	.710 	8.59 	3.36 	13 	1 	11 	1 	7 	6 	2519 	2319 	0.0	906 	1990 	.455 	233 	635 	.367 	474 	661 	.717 	0.0	1176 	445 	229 	159 	449 	
220 	731	35 	29 	6 	.829 	14.69 	4.55 	13 	3 	16 	1 	7 	2 	2530 	2133 	0.0	928 	1974 	.470 	220 	682 	.323 	454 	751 	.605 	0.0	1345 	590 	235 	156 	498 	
221 	733	28 	12 	16 	.429 	-7.99 	-1.03 	6 	8 	5 	6 	5 	9 	2040 	2212 	0.0	723 	1513 	.478 	233 	570 	.409 	361 	486 	.743 	0.0	791 	468 	196 	74 	446 	
222 	732	30 	6 	24 	.200 	-7.44 	1.03 	2 	12 	5 	9 	1 	11 	2154 	2408 	0.0	711 	1775 	.401 	242 	684 	.354 	490 	712 	.688 	0.0	1057 	441 	188 	65 	528 	
223 	734	30 	10 	20 	.333 	-23.99 	-11.06 	8 	10 	7 	6 	2 	13 	2192 	2529 	0.0	785 	1821 	.431 	184 	568 	.324 	438 	682 	.642 	0.0	1217 	352 	198 	103 	621 	
224 	736	28 	16 	12 	.571 	0.29 	-0.41 	11 	3 	11 	2 	5 	7 	1679 	1606 	0.0	576 	1285 	.448 	219 	631 	.347 	308 	425 	.725 	0.0	780 	384 	214 	70 	376 	
225 	737	31 	15 	16 	.484 	6.18 	4.54 	6 	10 	11 	5 	2 	9 	2213 	2162 	0.0	756 	1863 	.406 	219 	696 	.315 	482 	712 	.677 	0.0	1074 	465 	342 	126 	496 	
226 	738	31 	13 	18 	.419 	8.24 	8.57 	5 	11 	11 	5 	1 	8 	2205 	2215 	0.0	746 	1685 	.443 	229 	635 	.361 	484 	688 	.703 	0.0	989 	433 	192 	98 	464 	
227 	739	30 	14 	16 	.467 	-9.61 	-9.85 	10 	10 	8 	4 	5 	12 	2370 	2363 	0.0	867 	1876 	.462 	195 	529 	.369 	441 	692 	.637 	0.0	1139 	530 	203 	67 	462 	
228 	740	31 	15 	16 	.484 	-3.73 	-6.13 	9 	5 	9 	3 	4 	10 	2204 	2093 	0.0	767 	1778 	.431 	204 	562 	.363 	466 	721 	.646 	0.0	1235 	396 	253 	160 	530 	
229 	741	28 	8 	20 	.286 	-5.52 	3.66 	4 	12 	5 	7 	3 	12 	1731 	1988 	0.0	602 	1578 	.381 	156 	504 	.310 	371 	538 	.690 	0.0	983 	337 	174 	74 	386 	
230 	742	29 	10 	19 	.345 	-3.01 	1.30 	5 	13 	8 	7 	2 	11 	1907 	2032 	0.0	663 	1581 	.419 	153 	446 	.343 	428 	608 	.704 	0.0	1085 	344 	168 	115 	486 	
231 	743	36 	22 	14 	.611 	5.52 	4.21 	11 	5 	11 	5 	8 	7 	2260 	2213 	0.0	773 	1934 	.400 	279 	893 	.312 	435 	617 	.705 	0.0	1090 	506 	262 	132 	370 	
232 	744	28 	17 	11 	.607 	-1.52 	-5.95 	13 	5 	10 	3 	7 	7 	1979 	1855 	0.0	703 	1663 	.423 	202 	610 	.331 	371 	530 	.700 	0.0	1050 	414 	237 	101 	418 	
233 	745	30 	12 	18 	.400 	-13.51 	-8.44 	11 	9 	8 	7 	4 	10 	2076 	2228 	0.0	735 	1679 	.438 	211 	585 	.361 	395 	561 	.704 	0.0	1022 	457 	191 	64 	467 	
234 	746	31 	18 	13 	.581 	4.52 	2.91 	8 	8 	15 	2 	2 	8 	2097 	2047 	0.0	749 	1852 	.404 	178 	562 	.317 	421 	722 	.583 	0.0	1224 	419 	324 	215 	526 	
235 	566	28 	9 	19 	.321 	-12.71 	-5.34 	3 	11 	9 	5 	0 	12 	2054 	2174 	0.0	711 	1682 	.423 	175 	517 	.338 	457 	694 	.659 	0.0	979 	385 	252 	81 	466 	
236 	750	28 	8 	20 	.286 	-14.74 	-9.84 	7 	13 	4 	7 	3 	11 	2108 	2245 	0.0	786 	1815 	.433 	144 	449 	.321 	392 	610 	.643 	0.0	1145 	406 	199 	88 	473 	
237 	777	27 	6 	21 	.222 	-14.69 	-7.84 	5 	15 	4 	9 	2 	12 	1702 	1887 	0.0	598 	1468 	.407 	137 	481 	.285 	369 	539 	.685 	0.0	907 	339 	180 	41 	421 	
238 	779	31 	19 	12 	.613 	7.01 	3.33 	12 	4 	9 	3 	8 	5 	2361 	2247 	0.0	841 	1831 	.459 	243 	686 	.354 	436 	633 	.689 	0.0	1140 	473 	163 	95 	381 	
239 	780	31 	15 	16 	.484 	6.85 	6.34 	9 	7 	10 	6 	3 	8 	1955 	1939 	0.0	701 	1651 	.425 	169 	473 	.357 	384 	567 	.677 	0.0	1008 	384 	217 	85 	476 	
240 	781	29 	9 	20 	.310 	-4.56 	0.66 	3 	11 	5 	8 	2 	11 	1770 	1860 	0.0	616 	1543 	.399 	121 	440 	.275 	417 	616 	.677 	0.0	958 	313 	210 	80 	479 	
241 	782	28 	4 	24 	.143 	-16.75 	-4.14 	3 	15 	0 	9 	3 	15 	1824 	2177 	0.0	676 	1612 	.419 	120 	387 	.310 	352 	565 	.623 	0.0	994 	368 	234 	103 	530 	
242 	751	28 	14 	14 	.500 	-4.96 	-6.39 	9 	11 	6 	4 	5 	9 	2090 	2050 	0.0	707 	1640 	.431 	188 	541 	.348 	488 	725 	.673 	0.0	1138 	477 	183 	136 	498 	
243 	752	29 	15 	14 	.517 	-3.84 	-4.08 	12 	8 	9 	3 	5 	9 	1755 	1748 	0.0	614 	1285 	.478 	249 	680 	.366 	278 	396 	.702 	0.0	782 	441 	180 	70 	431 	
244 	754	33 	21 	12 	.636 	7.69 	6.02 	7 	7 	12 	3 	6 	8 	2455 	2339 	0.0	906 	1902 	.476 	147 	409 	.359 	496 	752 	.660 	0.0	1219 	472 	225 	123 	508 	
245 	753	29 	16 	13 	.552 	4.45 	1.56 	7 	7 	10 	7 	5 	6 	2189 	2048 	0.0	753 	1672 	.450 	153 	485 	.315 	530 	775 	.684 	0.0	1102 	404 	184 	52 	419 	
246 	755	28 	13 	15 	.464 	0.11 	1.11 	8 	6 	7 	6 	5 	9 	1992 	1985 	0.0	704 	1621 	.434 	161 	487 	.331 	423 	586 	.722 	0.0	1037 	383 	157 	125 	399 	
247 	756	32 	10 	22 	.313 	-5.81 	1.53 	4 	14 	6 	8 	2 	11 	1986 	2194 	0.0	695 	1706 	.407 	183 	561 	.326 	413 	627 	.659 	0.0	1062 	365 	146 	67 	443 	
248 	758	28 	13 	15 	.464 	-4.47 	0.38 	8 	6 	9 	4 	4 	8 	1883 	1989 	0.0	628 	1550 	.405 	207 	580 	.357 	420 	610 	.689 	0.0	1033 	333 	146 	61 	403 	
249 	764	30 	12 	18 	.400 	5.93 	6.65 	5 	11 	6 	7 	4 	7 	2115 	2124 	0.0	744 	1873 	.397 	247 	722 	.342 	380 	554 	.686 	0.0	1146 	394 	243 	113 	454 	
250 	766	36 	17 	19 	.472 	-2.74 	-3.71 	9 	9 	12 	5 	3 	11 	2517 	2482 	0.0	853 	2044 	.417 	250 	722 	.346 	561 	754 	.744 	0.0	1361 	465 	199 	149 	550 	
251 	768	28 	7 	21 	.250 	-7.45 	-0.25 	2 	13 	6 	9 	1 	11 	1806 	1974 	0.0	654 	1499 	.436 	181 	486 	.372 	317 	494 	.642 	0.0	888 	353 	230 	66 	513 	
252 	747	31 	15 	16 	.484 	-11.22 	-7.01 	11 	7 	6 	4 	7 	9 	2160 	2271 	0.0	777 	1818 	.427 	118 	416 	.284 	488 	739 	.660 	0.0	1197 	320 	269 	90 	483 	
253 	769	37 	22 	15 	.595 	16.31 	9.79 	6 	10 	12 	6 	6 	5 	2527 	2279 	0.0	902 	2098 	.430 	259 	760 	.341 	464 	699 	.664 	0.0	1225 	558 	356 	104 	514 	
254 	771	32 	19 	13 	.594 	7.86 	4.95 	8 	8 	10 	5 	6 	8 	2466 	2373 	0.0	901 	1970 	.457 	211 	566 	.373 	453 	745 	.608 	0.0	1262 	555 	293 	141 	532 	
255 	762	28 	6 	22 	.214 	-10.68 	-3.08 	4 	12 	5 	9 	1 	13 	1991 	2176 	0.0	690 	1516 	.455 	183 	512 	.357 	428 	560 	.764 	0.0	852 	383 	159 	75 	419 	
256 	761	27 	7 	20 	.259 	-14.57 	-7.38 	6 	14 	3 	9 	4 	9 	1543 	1697 	0.0	541 	1325 	.408 	141 	429 	.329 	320 	481 	.665 	0.0	851 	276 	171 	75 	414 	
257 	818	32 	22 	10 	.688 	16.49 	8.31 	12 	6 	13 	2 	9 	6 	2494 	2232 	0.0	909 	2063 	.441 	201 	580 	.347 	475 	686 	.692 	0.0	1231 	504 	287 	129 	389 	
258 	749	36 	28 	8 	.778 	9.79 	1.67 	14 	4 	13 	0 	9 	5 	2717 	2425 	0.0	976 	2115 	.461 	220 	601 	.366 	545 	880 	.619 	0.0	1396 	547 	262 	171 	493 	
259 	767	29 	15 	14 	.517 	4.22 	3.58 	10 	8 	8 	6 	6 	7 	2101 	2063 	0.0	716 	1634 	.438 	163 	515 	.317 	506 	765 	.661 	0.0	1131 	300 	177 	119 	397 	
260 	772	27 	10 	17 	.370 	-0.85 	3.53 	4 	12 	8 	5 	2 	10 	1676 	1777 	0.0	592 	1457 	.406 	120 	392 	.306 	372 	556 	.669 	0.0	923 	322 	187 	107 	414 	
261 	774	27 	11 	16 	.407 	-4.69 	-1.45 	8 	6 	8 	3 	3 	12 	1747 	1801 	0.0	617 	1371 	.450 	195 	496 	.393 	318 	455 	.699 	0.0	795 	370 	252 	64 	427 	
262 	773	27 	7 	20 	.259 	-21.98 	-12.56 	6 	12 	3 	8 	4 	12 	1995 	2249 	0.0	736 	1796 	.410 	230 	702 	.328 	293 	475 	.617 	0.0	983 	389 	239 	85 	431 	
263 	775	30 	17 	13 	.567 	6.09 	3.63 	8 	8 	9 	3 	6 	8 	2416 	2342 	0.0	794 	1853 	.428 	314 	898 	.350 	514 	677 	.759 	0.0	949 	392 	291 	24 	347 	
264 	776	29 	18 	11 	.621 	-8.35 	-10.83 	13 	7 	11 	3 	6 	7 	2327 	2255 	0.0	818 	1746 	.468 	198 	565 	.350 	493 	733 	.673 	0.0	1060 	424 	278 	103 	505 	
265 	778	32 	20 	12 	.625 	7.80 	6.30 	9 	7 	14 	2 	3 	7 	2250 	2202 	0.0	784 	1953 	.401 	139 	484 	.287 	543 	811 	.670 	0.0	1206 	368 	323 	120 	484 	
266 	783	30 	20 	10 	.667 	17.03 	9.03 	12 	6 	10 	3 	7 	5 	2420 	2180 	0.0	822 	1823 	.451 	207 	608 	.340 	569 	813 	.700 	0.0	1254 	480 	152 	130 	409 	
267 	765	28 	13 	15 	.464 	-10.32 	-8.32 	10 	10 	9 	4 	4 	11 	1776 	1811 	0.0	645 	1494 	.432 	125 	380 	.329 	361 	572 	.631 	0.0	982 	342 	211 	54 	451 	
268 	784	26 	10 	16 	.385 	-12.46 	-3.79 	7 	13 	7 	5 	3 	11 	1893 	2058 	0.0	685 	1609 	.426 	138 	460 	.300 	385 	549 	.701 	0.0	919 	322 	259 	61 	433 	
269 	785	28 	6 	22 	.214 	-18.25 	-8.03 	5 	11 	3 	6 	3 	12 	1705 	1991 	0.0	615 	1498 	.411 	117 	356 	.329 	358 	506 	.708 	0.0	906 	342 	191 	73 	483 	
270 	786	36 	23 	13 	.639 	11.43 	5.90 	9 	7 	15 	4 	6 	6 	2603 	2404 	0.0	982 	2202 	.446 	217 	651 	.333 	422 	649 	.650 	0.0	1324 	552 	394 	201 	543 	
271 	789	34 	19 	15 	.559 	10.58 	7.61 	12 	4 	10 	4 	7 	5 	2382 	2281 	0.0	843 	2012 	.419 	298 	869 	.343 	398 	578 	.689 	0.0	1245 	375 	274 	109 	356 	
272 	797	29 	15 	14 	.517 	-7.58 	-2.62 	7 	9 	10 	4 	3 	9 	2262 	2225 	0.0	813 	1843 	.441 	144 	462 	.312 	492 	740 	.665 	0.0	1096 	472 	310 	122 	427 	
273 	791	28 	11 	17 	.393 	-8.25 	-2.73 	7 	9 	9 	3 	2 	14 	2172 	2270 	0.0	792 	1724 	.459 	207 	602 	.344 	381 	547 	.697 	0.0	896 	433 	286 	102 	478 	
274 	792	34 	27 	7 	.794 	4.50 	-3.08 	15 	1 	15 	0 	11 	6 	2675 	2307 	0.0	915 	1906 	.480 	258 	697 	.370 	587 	807 	.727 	0.0	1309 	569 	271 	108 	541 	
275 	790	31 	15 	16 	.484 	11.19 	10.93 	7 	9 	10 	4 	4 	9 	2223 	2195 	0.0	792 	1759 	.450 	198 	574 	.345 	441 	644 	.685 	0.0	1176 	463 	185 	113 	500 	
276 	794	31 	9 	22 	.290 	-3.03 	6.91 	3 	13 	5 	9 	3 	9 	2015 	2292 	0.0	730 	1781 	.410 	179 	550 	.325 	376 	577 	.652 	0.0	1137 	458 	163 	113 	533 	
277 	819	27 	12 	15 	.444 	-10.36 	-6.51 	9 	11 	8 	5 	4 	10 	2059 	2101 	0.0	727 	1616 	.450 	136 	414 	.329 	469 	707 	.663 	0.0	1034 	307 	215 	71 	411 	
278 	788	31 	16 	15 	.516 	4.42 	4.22 	6 	10 	12 	6 	2 	7 	2645 	2558 	0.0	928 	2152 	.431 	229 	670 	.342 	560 	790 	.709 	0.0	1322 	517 	249 	143 	405 	
279 	824	32 	10 	22 	.313 	-1.92 	3.12 	3 	15 	9 	7 	0 	12 	2213 	2305 	0.0	770 	1718 	.448 	150 	482 	.311 	523 	725 	.721 	0.0	1086 	477 	200 	108 	504 	
280 	803	30 	20 	10 	.667 	-1.34 	-2.24 	0.0	0.0	12 	2 	5 	8 	2389 	2197 	0.0	847 	1776 	.477 	211 	574 	.368 	484 	704 	.688 	0.0	1099 	489 	284 	106 	524 	
281 	820	29 	19 	10 	.655 	-3.25 	-7.84 	13 	7 	10 	2 	7 	8 	2229 	2096 	0.0	734 	1750 	.419 	191 	587 	.325 	570 	887 	.643 	0.0	1196 	420 	187 	82 	427 	
282 	804	28 	11 	17 	.393 	-20.35 	-11.52 	10 	8 	8 	3 	3 	11 	1942 	2189 	0.0	670 	1637 	.409 	189 	556 	.340 	413 	601 	.687 	0.0	1024 	345 	166 	43 	490 	
283 	795	28 	12 	16 	.429 	-8.93 	-6.55 	10 	10 	7 	5 	5 	11 	2089 	2104 	0.0	707 	1580 	.447 	215 	541 	.397 	460 	688 	.669 	0.0	978 	426 	254 	68 	509 	
284 	796	32 	23 	9 	.719 	14.72 	7.22 	10 	6 	15 	2 	6 	5 	2532 	2292 	0.0	931 	1999 	.466 	146 	388 	.376 	524 	768 	.682 	0.0	1230 	588 	243 	134 	397 	
285 	793	34 	22 	12 	.647 	14.31 	9.98 	10 	6 	10 	5 	7 	3 	2657 	2489 	0.0	949 	2096 	.453 	200 	544 	.368 	559 	814 	.687 	0.0	1356 	516 	211 	131 	466 	
286 	798	30 	16 	14 	.533 	-0.90 	0.93 	11 	7 	11 	2 	4 	11 	2008 	2052 	0.0	697 	1587 	.439 	185 	508 	.364 	429 	644 	.666 	0.0	1005 	352 	235 	69 	507 	
287 	799	29 	11 	18 	.379 	-13.30 	-3.33 	7 	11 	6 	6 	4 	9 	1694 	1983 	0.0	641 	1503 	.426 	94 	327 	.287 	318 	514 	.619 	0.0	992 	384 	209 	95 	527 	
288 	800	28 	18 	10 	.643 	-3.12 	-6.19 	14 	6 	9 	2 	8 	6 	2109 	2023 	0.0	753 	1687 	.446 	258 	729 	.354 	345 	506 	.682 	0.0	952 	404 	265 	103 	371 	
289 	801	29 	14 	15 	.483 	3.41 	6.67 	5 	11 	8 	7 	5 	6 	2094 	2129 	0.0	797 	1744 	.457 	134 	443 	.302 	366 	546 	.670 	0.0	1049 	449 	238 	100 	482 	
290 	802	34 	27 	7 	.794 	12.66 	2.30 	15 	3 	13 	3 	10 	2 	2726 	2363 	0.0	961 	2016 	.477 	259 	639 	.405 	545 	724 	.753 	0.0	1214 	586 	269 	153 	436 	
291 	810	33 	21 	12 	.636 	13.14 	10.77 	11 	7 	11 	4 	5 	6 	2476 	2398 	0.0	902 	1912 	.472 	223 	572 	.390 	449 	649 	.692 	0.0	1209 	475 	182 	93 	496 	
292 	822	31 	23 	8 	.742 	5.63 	-1.70 	13 	5 	14 	2 	7 	5 	2076 	1800 	0.0	751 	1596 	.471 	144 	415 	.347 	430 	599 	.718 	0.0	1116 	443 	155 	93 	424 	
293 	821	30 	21 	9 	.700 	10.68 	5.18 	10 	4 	14 	2 	6 	6 	2018 	1839 	0.0	688 	1467 	.469 	236 	582 	.405 	406 	603 	.673 	0.0	917 	439 	180 	82 	397 	
294 	826	33 	25 	8 	.758 	9.38 	-1.24 	12 	2 	11 	1 	8 	5 	2564 	2180 	0.0	893 	1989 	.449 	275 	785 	.350 	503 	754 	.667 	0.0	1242 	570 	334 	136 	437 	
295 	827	32 	17 	15 	.531 	6.67 	7.58 	6 	10 	13 	4 	2 	9 	2290 	2318 	0.0	791 	1781 	.444 	282 	763 	.370 	426 	582 	.732 	0.0	1021 	491 	209 	59 	508 	
296 	828	29 	21 	8 	.724 	-3.74 	-10.81 	13 	3 	10 	1 	7 	5 	2186 	1981 	0.0	790 	1769 	.447 	183 	525 	.349 	423 	579 	.731 	0.0	1122 	407 	223 	73 	404 	
297 	829	32 	19 	13 	.594 	10.71 	6.18 	7 	9 	15 	4 	2 	8 	2266 	2121 	0.0	785 	1699 	.462 	187 	477 	.392 	509 	686 	.742 	0.0	1219 	459 	213 	126 	581 	
298 	825	32 	21 	11 	.656 	1.20 	-2.38 	11 	7 	15 	2 	4 	8 	2326 	2208 	0.0	811 	1890 	.429 	211 	624 	.338 	493 	734 	.672 	0.0	1283 	393 	190 	176 	490 	
299 	832	28 	10 	18 	.357 	-9.14 	0.30 	5 	11 	7 	5 	3 	11 	2141 	2300 	0.0	775 	1849 	.419 	205 	646 	.317 	386 	555 	.695 	0.0	1021 	436 	287 	81 	521 	
300 	831	28 	10 	18 	.357 	2.56 	3.99 	4 	12 	9 	6 	1 	10 	1943 	1983 	0.0	681 	1600 	.426 	194 	564 	.344 	387 	565 	.685 	0.0	1115 	355 	181 	139 	536 	
301 	830	29 	17 	12 	.586 	13.21 	7.90 	7 	9 	13 	4 	3 	7 	2308 	2154 	0.0	819 	1770 	.463 	162 	487 	.333 	508 	707 	.719 	0.0	1110 	416 	189 	131 	454 	
302 	838	29 	19 	10 	.655 	-4.45 	-9.24 	15 	5 	11 	2 	8 	8 	2362 	2223 	0.0	867 	1861 	.466 	209 	570 	.367 	419 	591 	.709 	0.0	1056 	498 	259 	96 	455 	
303 	839	34 	21 	13 	.618 	15.25 	10.28 	9 	7 	13 	3 	5 	7 	2789 	2620 	0.0	1001 	2094 	.478 	240 	655 	.366 	547 	741 	.738 	0.0	1309 	553 	220 	140 	497 	
304 	841	27 	6 	21 	.222 	-3.06 	6.94 	1 	17 	6 	9 	0 	12 	1900 	2170 	0.0	649 	1565 	.415 	175 	545 	.321 	427 	605 	.706 	0.0	913 	294 	166 	63 	416 	
305 	840	29 	11 	18 	.379 	4.39 	10.10 	5 	13 	6 	6 	4 	11 	2088 	2236 	0.0	732 	1663 	.440 	177 	480 	.369 	447 	667 	.670 	0.0	1052 	388 	162 	139 	502 	
306 	842	29 	18 	11 	.621 	0.36 	-1.94 	8 	6 	10 	3 	3 	7 	2172 	2027 	0.0	741 	1633 	.454 	191 	486 	.393 	499 	700 	.713 	0.0	1041 	409 	189 	29 	413 	
307 	843	28 	8 	20 	.286 	-1.37 	5.89 	1 	15 	5 	8 	2 	9 	2045 	2209 	0.0	741 	1725 	.430 	163 	494 	.330 	400 	587 	.681 	0.0	1090 	396 	235 	103 	496 	
308 	833	28 	12 	16 	.429 	-7.89 	-3.01 	6 	10 	6 	7 	6 	8 	2180 	2177 	0.0	780 	1737 	.449 	177 	555 	.319 	443 	602 	.736 	0.0	1049 	438 	212 	116 	500 	
309 	834	28 	12 	16 	.429 	-7.45 	-3.07 	3 	11 	9 	7 	3 	8 	2061 	2086 	0.0	714 	1653 	.432 	206 	582 	.354 	427 	583 	.732 	0.0	1009 	442 	157 	60 	401 	
310 	835	32 	28 	4 	.875 	10.46 	-0.28 	13 	1 	14 	0 	10 	3 	2491 	2069 	0.0	876 	1884 	.465 	279 	734 	.380 	460 	658 	.699 	0.0	1229 	501 	228 	106 	456 	
311 	836	30 	17 	13 	.567 	0.72 	-0.42 	10 	8 	11 	4 	6 	8 	2206 	2172 	0.0	766 	1792 	.427 	240 	660 	.364 	434 	606 	.716 	0.0	1033 	380 	239 	57 	399 	
312 	846	30 	15 	15 	.500 	0.81 	0.15 	9 	9 	11 	3 	3 	9 	2186 	2166 	0.0	724 	1593 	.454 	199 	523 	.380 	539 	739 	.729 	0.0	1065 	433 	153 	83 	468 	
313 	847	29 	10 	19 	.345 	-6.08 	-1.16 	7 	11 	7 	4 	2 	13 	1827 	1950 	0.0	632 	1617 	.391 	185 	579 	.320 	378 	590 	.641 	0.0	1108 	357 	175 	44 	424 	
314 	848	31 	19 	12 	.613 	-6.54 	-8.21 	10 	4 	9 	4 	7 	5 	2092 	2018 	0.0	725 	1735 	.418 	194 	630 	.308 	448 	684 	.655 	0.0	1178 	359 	236 	129 	459 	
315 	849	32 	19 	13 	.594 	10.09 	9.22 	11 	5 	12 	1 	6 	8 	2144 	2101 	0.0	731 	1675 	.436 	211 	593 	.356 	471 	655 	.719 	0.0	1032 	407 	188 	60 	414 	
316 	850	29 	11 	18 	.379 	-7.03 	1.13 	5 	11 	9 	5 	1 	12 	1939 	2002 	0.0	711 	1802 	.395 	178 	604 	.295 	339 	509 	.666 	0.0	1064 	379 	198 	100 	371 	
317 	851	28 	17 	11 	.607 	0.99 	-1.60 	9 	7 	11 	3 	6 	7 	2064 	1981 	0.0	698 	1455 	.480 	222 	548 	.405 	446 	657 	.679 	0.0	868 	404 	163 	70 	375 	
318 	852	31 	22 	9 	.710 	8.62 	2.72 	11 	3 	14 	1 	6 	6 	2324 	2129 	0.0	795 	1745 	.456 	132 	440 	.300 	602 	862 	.698 	0.0	1245 	418 	212 	136 	449 	
319 	853	32 	26 	6 	.813 	13.90 	4.09 	14 	2 	13 	1 	9 	4 	2317 	2003 	0.0	777 	1732 	.449 	197 	552 	.357 	566 	785 	.721 	0.0	1188 	400 	215 	143 	435 	
320 	854	32 	21 	11 	.656 	-0.08 	-5.32 	11 	3 	11 	2 	9 	5 	2394 	2255 	0.0	804 	1877 	.428 	228 	671 	.340 	558 	796 	.701 	0.0	1262 	456 	229 	93 	488 	
321 	855	28 	5 	23 	.179 	-12.89 	-0.16 	2 	14 	5 	7 	0 	15 	1808 	2100 	0.0	620 	1550 	.400 	143 	442 	.324 	425 	575 	.739 	0.0	907 	364 	181 	78 	404