-2.5712572412 28.2331791094 0.00572768652425
0.813437108288 0.0667741028139 0.597245807407
0.0966873330398 0.0453533554367 0.0428626924616
-0.0473594726212 0.195402939383 0.00486297770444
0.00382870406399 0.0291253395398 0.00103260454642
-0.0158230660473 0.0265796363278 0.00834624568584
0.0492729736353 0.0377884024945 0.0601791028697
0.0963342564695 0.404028525601 0.0207051578094
0.46585051458 0.541516872441 0.117198535462
2.2171415713 -0.22661721172 0.155322368024
40.7280820053 6.85445798867 0.265731359846
24.5031572054 4.12013339823 0.292135184894
5.16383651441 -1.14948404413 0.182830620037
10.9864618439 -5.46404024835 0.119127492739
7.37804149752 26.6611669134 0.0100594443604
0.454859248547 0.337477724779 0.0398348171238
0.896808831403 0.00905353903129 0.786581375214
-0.704796441318 0.234758014716 0.229730992351
0.0864989428098 0.0235450545797 0.112423125131
-0.145050333141 0.0323808894506 0.149606672765
0.157761249487 0.0436059496243 0.131592900102
-0.208588737988 0.457413321922 0.0207062941247
0.685063192854 0.662049278273 0.0540622248459
3.94497822834 0.291416831157 0.104891427223
49.9118762959 18.2033180468 0.0851267995253
18.6885787899 11.8693326476 0.0362489929677
6.80172789634 0.250942987439 0.0676621964687
13.879630733 -2.43645568007 0.0405560585928
-1.98651325359 27.613727257 0.00149320393355
-0.0898005724578 0.390397222365 0.0031791525279
-0.332808973894 0.141073255347 0.221808583422
0.897452363514 0.0179858219992 0.762709894624
-0.0375811715927 0.0372527696662 0.0434529304542
0.150020298168 -0.00606821828729 0.327686038095
-0.00164378382227 0.0567168583782 2.92526741314e-05
0.379408182913 0.373032258933 0.140274405914
-0.592095071002 0.822946795599 0.0826913196946
-4.00105083423 1.32307101305 0.220924203267
-6.69867399429 23.4494236836 0.00313964527963
12.3122890513 11.1995897155 0.0322155377769
1.8328759966 0.477853958988 0.0100604669145
4.18807508337 -2.05302605293 0.00756089526091
-14.6451179868 27.7119598982 0.00246996709078
0.489106701134 0.359364873287 0.00287031530064
1.42004459975 0.0381636299943 0.12290271782
-1.27031139469 0.216635628878 0.0465078413501
0.565688014841 0.0131415041962 0.299641264331
-0.316230527272 0.0303397424802 0.0443133618245
0.260715438364 0.04839063578 0.02239643493
-0.642599331762 0.460266627483 0.0122465797852
0.933440987191 0.688949079976 0.00625489452486
7.4785831207 0.381506584528 0.0234910827436
82.5995684455 19.7135201923 0.0145287309442
33.7207143278 12.3487373783 0.00735445572238
21.2340761438 0.149273379001 0.0410949007671
51.0958982361 -2.88322269566 0.0342519740123
-13.6251712338 27.5491649498 0.00495402455108
-0.530803663092 0.385676250036 0.00783355689553
-1.02515780699 0.103629837803 0.148425241357
2.23660494736 0.130132156639 0.334082061438
-0.131512649209 0.0333581226484 0.0375276628368
0.813979504704 0.00335962037779 0.680335062497
-0.0463812321577 0.0574067913054 0.00164247496352
1.22641347727 0.414496353379 0.103365808364
-2.02274028241 0.760543324883 0.0680605263659
-12.2678320503 0.871723675955 0.146476794613
-28.6776341075 22.8660904029 0.00405814502114
36.5048150246 12.6148990017 0.0199722093373
6.40389743604 0.668014605433 0.00866121322256
24.21996177 -1.8215150334 0.0178331981645
-23.0736051532 28.5830470192 0.0173203004284
1.35585353861 0.296730897977 0.0623113310591
0.883429087185 0.0312923221402 0.134375470266
-0.0937370777235 0.182862584031 0.000715397973912
0.0952896648105 0.0251122577997 0.0240191898651
-0.0459684892922 0.0232294701469 0.00264524966423
0.557460020061 0.024475823856 0.28926236849
0.0324170728452 0.438606746502 8.80442425519e-05
0.309663976688 0.699966200357 0.00194467361228
0.228510353108 0.598866462061 6.19576929625e-05
50.9079008589 19.3412563651 0.01559055568
37.0563619489 11.2641008571 0.0250900574504
7.74634566772 0.359656813319 0.015450197362
2.99952549836 -1.48058527089 0.000333455385862
0.677875564109 26.9597497916 0.000147438618251
0.261681400883 0.25827472426 0.0228914851413
-0.124850640325 0.137345065436 0.0264694515683
0.41028092336 -0.00463620923587 0.135168134719
-0.0243878841956 0.0413994066393 0.0155167867476
0.0889341583039 -0.0188835504874 0.0976495373985
0.00322916561013 0.0549912588055 9.57264403726e-05
0.545813583006 0.198174142234 0.246166433092
-0.0333357902479 0.732511506287 0.000222266312382
-1.64936630065 1.34412800349 0.0318349737333
23.1800722913 11.9690692233 0.0318792117244
22.7388892404 3.29390513803 0.0931754235266
3.86184054997 -0.910686394042 0.0378717827677
13.4732809774 -7.28956177491 0.0663538521059
3.30048575399 24.8835980027 0.0150189138117
0.271998267472 0.178539193127 0.106275226292
0.0897985618573 0.0172485521272 0.0588401353761
-0.181387057515 0.308128387108 0.113526113182
0.00570767661183 0.026462688904 0.00365210929627
-0.0409370093081 0.0500784704235 0.0889071565657
0.00495976737785 0.0528525999449 0.000970387946634
-0.0237091389241 0.457540340121 0.00199592042621
0.550989559938 0.320881541498 0.260921808484
1.65959991995 -0.583309113319 0.138499618751
19.0924337661 8.50817302597 0.0929334570383
6.95275611938 8.38036527417 0.037432460974
1.46613021404 -0.252320005915 0.0234554444021
4.87610740247 -4.8205326778 0.0373454277527
0.637675816195 26.8823098842 0.0106533281205
0.0664267786305 0.335023783132 0.120444994614
0.0271909752643 0.065789708509 0.102514920691
-0.059398926826 0.212733667637 0.231335873681
0.00275092348822 0.0289412422568 0.0161207291655
-0.0121378793383 0.0277967410798 0.148522667018
-8.20715453749e-05 0.0564734037535 5.04906091254e-06
-0.0244352919269 0.454962864989 0.0402855533803
0.0844599117779 0.667600726311 0.116500421581
0.881153526965 0.0891459396963 0.741903714221
5.76560103692 18.8379488275 0.161042792185
1.25001418746 12.6461837704 0.0229914775916
0.654794799098 0.415100833861 0.0889020203545
1.49795069079 -2.19746033306 0.0669712735163
0.0574862237231 25.9617191134 0.0177631146083
0.00639795866411 0.22987025225 0.229240516924
0.00179441171912 0.0413769105861 0.0915983922116
-0.000744259942112 0.194307481389 0.00745145741575
0.00013443001602 0.0275359067019 0.00789816688601
-0.00020076575586 0.0251313989132 0.00833666845806
0.000291160573651 0.0498457162537 0.0130375704174
0.00124750285308 0.412276354637 0.0215428675565
0.0051226305304 0.601963831659 0.0879262322645
0.029877249714 -0.0631361542905 0.174997465109
0.805961935385 4.04755066892 0.645635387381
0.268784049496 7.31448005408 0.218097220301
0.0851362446539 -1.12010567888 0.308344576426
0.203574704976 -5.9086012198 0.253774100405
