14.5 0.374
18.4 0.466
40.0 0.461
38.7 0.478
38.1 0.475
31.6 0.503
34.6 0.525
27.2 0.474
25.2 0.214
21.3 0.47
23.7 0.382
38.2 0.462
36.6 0.439
37.9 0.44
38.4 0.428
39.3 0.454
38.7 0.438
40.3 0.445
35.9 0.48
36.4 0.477
35.2 0.491
36.1 0.458
34.0 0.449
25.8 0.442
7.8 0.346
12.0 0.415
20.9 0.376
31.5 0.414
34.0 0.379
38.6 0.375
37.1 0.394
34.1 0.385
31.8 0.348
20.9 0.325
10.9 0.314
34.9 0.404
26.6 0.427
33.6 0.376
35.5 0.389
26.4 0.356
24.3 0.429
23.8 0.376
25.7 0.436
32.0 0.427
18.6 0.441
20.6 0.423
8.0 0.276
29.2 0.399
19.5 0.462
21.1 0.422
24.7 0.452
17.7 0.429
14.8 0.385
36.9 0.419
33.3 0.409
28.7 0.395
28.4 0.321
15.0 0.336
10.0 0.414
15.7 0.364
29.2 0.466
28.9 0.361
21.5 0.397
24.1 0.426
35.4 0.394
24.1 0.434
27.5 0.344
14.7 0.301
12.5 0.363
17.9 0.427
17.1 0.411
12.3 0.412
20.5 0.407
12.1 0.342
16.3 0.391
8.4 0.289
7.4 0.404
12.8 0.308
28.0 0.485
31.1 0.478
18.1 0.481
24.3 0.31
7.6 0.467
4.8 0.353
18.0 0.385
26.5 0.508
37.5 0.458
33.1 0.504
30.6 0.423
21.5 0.452
17.0 0.475
21.7 0.481
17.9 0.407
16.3 0.489
24.2 0.45
18.4 0.404
19.3 0.438
21.8 0.385
21.1 0.541
24.6 0.539
25.1 0.443
20.2 0.46
23.4 0.507
27.0 0.489
6.0 0.429
12.0 0.441
15.6 0.409
24.6 0.454
28.4 0.457
37.5 0.432
37.4 0.421
35.3 0.437
34.6 0.459
30.0 0.409
30.8 0.466
9.7 0.43
21.1 0.441
17.8 0.472
12.9 0.4
13.3 0.8
31.9 0.44
23.6 0.396
25.1 0.372
12.5 0.42
38.9 0.453
33.2 0.47
33.4 0.45
36.3 0.443
38.6 0.432
38.6 0.404
34.0 0.411
32.8 0.435
34.7 0.416
27.4 0.431
28.6 0.282
23.2 0.423
28.7 0.421
31.4 0.394
35.4 0.442
35.8 0.418
36.1 0.427
36.2 0.448
32.3 0.418
35.3 0.418
34.1 0.427
32.1 0.364
30.4 0.402
19.0 0.304
34.1 0.342
19.2 0.458
19.8 0.485
16.7 0.455
17.2 0.421
9.4 0.432
17.3 0.566
29.3 0.529
26.0 0.508
27.7 0.509
31.0 0.462
22.3 0.385
17.0 0.427
18.6 0.437
12.2 0.466
17.0 0.454
8.8 0.426
7.6 0.47
8.6 0.333
6.6 0.5
8.5 0.351
32.7 0.389
28.8 0.466
31.3 0.42
32.0 0.42
32.0 0.433
33.6 0.405
30.0 0.407
30.2 0.422
12.2 0.479
22.5 0.492
16.1 0.34
7.5 0.423
9.2 0.298
6.3 0.714
14.9 0.4
11.2 0.429
19.4 0.419
22.5 0.413
26.4 0.41
25.7 0.42
30.8 0.355
24.4 0.479
14.3 0.536
21.4 0.473
11.7 0.452
39.3 0.527
37.8 0.502
39.6 0.493
38.7 0.503
37.0 0.527
39.2 0.533
38.5 0.456
34.3 0.447
31.7 0.48
30.2 0.512
34.7 0.494
28.9 0.473
21.2 0.539
19.4 0.442
13.5 0.442
13.5 0.431
36.2 0.425
13.0 0.37
22.1 0.15
35.1 0.474
32.0 0.531
33.4 0.476
34.4 0.446
34.4 0.461
31.7 0.407
20.2 0.341
22.9 0.0
6.0 0.372
9.5 0.398
8.8 0.46
11.5 0.381
10.3 0.376
24.3 0.389
40.9 0.469
38.3 0.451
41.5 0.438
37.6 0.433
40.7 0.45
41.0 0.463
40.8 0.459
38.9 0.467
36.1 0.456
38.8 0.451
33.9 0.43
38.5 0.463
38.6 0.425
29.5 0.373
34.5 0.373
34.5 0.358
5.6 0.455
6.9 0.263
22.2 0.525
20.1 0.465
20.2 0.377
13.3 0.528
21.7 0.434
24.1 0.411
18.1 0.385
16.8 0.384
12.9 0.373
12.2 0.435
16.4 0.339
20.9 0.5
12.3 0.456
33.8 0.448
34.7 0.41
21.2 0.477
30.0 0.465
30.5 0.465
33.2 0.473
33.8 0.45
34.9 0.512
31.0 0.475
31.3 0.398
26.1 0.446
22.9 0.321
30.0 0.484
28.0 0.397
15.5 0.439
13.7 0.317
8.4 0.462
5.4 0.25
3.0 0.472
21.5 0.37
24.7 0.414
11.2 0.494
11.2 0.341
11.9 0.385
14.2 0.389
9.2 0.43
11.0 0.255
22.6 0.342
22.8 0.356
18.6 0.297
17.4 0.407
11.2 0.387
13.1 0.375
18.5 0.458
28.0 0.433
22.9 0.42
15.9 0.425
14.0 0.321
39.7 0.428
39.8 0.467
34.2 0.417
38.2 0.452
36.7 0.43
36.8 0.454
38.1 0.456
38.9 0.437
36.8 0.428
30.8 0.437
28.1 0.411
25.3 0.435
25.8 0.407
24.4 0.333
16.5 0.333
16.5 0.388
16.8 0.394
35.6 0.463
35.2 0.47
34.6 0.488
35.0 0.464
25.8 0.443
34.0 0.418
24.3 0.438
17.8 0.583
25.6 0.52
17.1 0.447
25.3 0.539
24.6 0.429
12.3 0.318
17.0 0.481
24.0 0.499
29.0 0.481
26.2 0.426
17.3 0.389
24.1 0.328
22.8 0.3
36.3 0.46
34.5 0.479
33.9 0.461
33.9 0.392
29.3 0.346
26.4 0.294
21.2 0.49
27.0 0.501
22.3 0.333
16.3 0.441
4.8 0.261
4.6 0.304
23.0 0.357
4.6 0.352
20.1 0.45
35.9 0.448
27.2 0.413
24.8 0.214
17.1 0.384
14.7 0.333
19.7 0.353
9.7 0.432
14.6 0.472
8.0 0.479
27.3 0.463
19.2 0.467
18.7 0.615
7.6 0.448
17.2 0.476
20.9 0.413
24.9 0.386
35.1 0.398
38.4 0.416
32.3 0.4
37.3 0.41
39.9 0.41
38.1 0.449
31.1 0.421
30.2 0.384
26.9 0.438
29.3 0.416
30.3 0.396
26.6 0.396
26.6 0.404
26.9 0.413
23.1 0.413
16.9 0.411
12.9 0.388
13.6 0.378
25.0 0.463
23.0 0.351
11.9 0.445
10.4 0.359
8.5 0.471
19.6 0.341
22.7 0.417
13.5 0.406
21.8 0.453
23.3 0.402
19.9 0.388
17.6 0.448
24.1 0.435
23.8 0.496
24.1 0.535
32.5 0.55
27.3 0.493
23.6 0.626
25.2 0.643
24.4 0.65
23.0 0.624
23.3 0.584
16.0 0.125
26.1 0.44
26.5 0.452
13.0 0.47
21.3 0.438
27.0 0.418
28.5 0.442
22.0 0.459
30.4 0.419
35.0 0.426
38.7 0.407
35.7 0.403
32.1 0.461
25.6 0.432
38.9 0.417
40.5 0.416
37.8 0.395
40.1 0.387
34.4 0.389
36.5 0.439
35.3 0.426
39.0 0.37
34.6 0.406
33.6 0.417
28.4 0.37
26.7 0.51
31.4 0.541
29.3 0.473
22.1 0.479
21.4 0.375
6.4 0.446
20.8 0.354
27.6 0.364
25.6 0.448
24.1 0.392
7.6 0.091
10.0 0.481
23.8 0.41
39.6 0.469
31.3 0.462
32.9 0.448
41.1 0.465
37.3 0.433
36.1 0.339
21.8 0.434
13.5 0.45
10.4 0.534
17.2 0.477
17.1 0.444
14.2 0.25
27.9 0.384
23.0 0.416
28.0 0.38
15.4 0.416
23.9 0.441
6.3 0.342
37.4 0.313
31.0 0.417
29.9 0.472
30.3 0.466
29.8 0.47
28.6 0.419
18.2 0.417
16.8 0.426
13.9 0.435
14.3 0.447
14.7 0.42
12.0 0.469
12.5 0.444
16.3 0.386
11.1 0.389
17.6 0.389
19.6 0.403
16.0 0.44
22.7 0.41
21.7 0.468
18.5 0.436
26.9 0.398
18.3 0.397
22.0 0.405
14.4 0.476
27.2 0.429
12.7 0.296
6.1 0.222
11.6 0.4
7.6 0.0
38.7 0.508
40.6 0.513
39.3 0.501
36.6 0.496
33.4 0.484
34.8 0.546
34.1 0.497
34.0 0.504
33.7 0.518
31.3 0.5
28.4 0.492
28.2 0.502
30.1 0.49
29.2 0.512
28.9 0.512
28.9 0.488
29.6 0.337
15.6 0.417
27.4 0.368
21.7 0.398
19.3 0.33
8.5 0.333
23.8 0.418
25.5 0.382
18.0 0.42
9.6 0.368
26.7 0.444
21.1 0.429
16.0 0.355
42.0 0.463
39.9 0.425
38.3 0.443
38.6 0.427
36.8 0.412
26.5 0.412
22.2 0.414
26.9 0.437
28.8 0.44
35.5 0.411
28.2 0.437
34.5 0.352
21.6 0.393
30.0 0.41
31.6 0.382
27.9 0.436
27.4 0.424
29.8 0.38
27.2 0.389
28.0 0.371
23.9 0.342
17.4 0.391
21.9 0.438
25.8 0.465
21.3 0.383
16.0 0.455
16.7 0.529
33.8 0.428
28.8 0.37
13.1 0.511
11.2 0.522
16.9 0.529
12.0 0.5
7.3 0.222
4.0 0.385
16.2 0.449
21.8 0.36
10.4 0.544
23.9 0.519
26.1 0.552
25.1 0.469
23.2 0.55
24.5 0.501
24.7 0.478
15.9 0.479
16.8 0.5
27.9 0.421
27.9 0.422
28.7 0.392
25.1 0.444
18.8 0.536
21.8 0.454
13.0 0.502
21.8 0.507
23.7 0.565
9.9 0.458
9.4 0.636
39.9 0.417
41.1 0.435
41.0 0.403
40.4 0.423
38.2 0.435
34.2 0.408
28.1 0.333
11.8 0.469
12.9 0.444
39.5 0.47
39.2 0.502
40.5 0.499
39.4 0.502
38.1 0.526
38.9 0.476
39.4 0.539
32.8 0.531
31.1 0.521
29.9 0.528
31.3 0.503
31.1 0.496
29.7 0.441
20.5 0.467
20.3 0.467
20.3 0.47
11.9 0.327
20.8 0.426
30.1 0.419
31.9 0.333
11.0 0.402
13.5 0.417
16.5 0.314
8.4 0.338
22.6 0.447
15.5 0.125
10.1 0.411
21.5 0.39
22.7 0.408
23.8 0.356
20.4 0.4
21.7 0.395
21.4 0.357
15.5 0.38
16.5 0.432
19.0 0.424
28.8 0.384
21.7 0.422
25.2 0.392
25.2 0.4
16.3 0.421
21.0 0.427
24.9 0.39
23.8 0.364
11.1 0.2
33.8 0.469
31.3 0.509
32.2 0.471
30.3 0.493
16.5 0.415
31.0 0.513
29.1 0.52
17.0 0.411
8.6 0.499
23.8 0.433
18.6 0.278
7.0 0.36
9.7 0.48
23.9 0.473
10.8 0.395
20.3 0.422
25.7 0.455
16.6 0.345
14.9 0.411
19.1 0.361
13.5 0.0
18.6 0.569
17.3 0.447
12.3 0.493
9.0 0.459
32.3 0.435
35.0 0.443
32.2 0.455
35.5 0.44
38.5 0.491
35.3 0.468
36.8 0.484
33.7 0.447
34.0 0.409
33.7 0.429
27.2 0.452
24.9 0.429
6.3 0.42
15.7 0.4
4.0 0.537
10.3 0.344
9.9 0.5
28.0 0.418
30.8 0.447
30.6 0.411
27.6 0.423
24.2 0.286
33.9 0.365
23.5 0.367
28.8 0.461
31.4 0.511
32.8 0.471
36.6 0.489
33.1 0.475
27.4 0.491
25.5 0.5
18.1 0.461
24.3 0.475
29.8 0.434
30.1 0.463
30.9 0.459
38.6 0.452
36.6 0.457
32.9 0.434
27.0 0.439
34.9 0.435
30.5 0.416
22.8 0.446
27.5 0.351
11.9 0.396
24.5 0.527
20.3 0.508
25.0 0.495
15.6 0.512
18.2 0.495
11.4 0.446
8.5 0.429
28.4 0.464
21.0 0.413
25.6 0.404
21.8 0.395
10.0 0.526
6.0 0.333
9.4 0.4
3.6 0.498
17.9 0.446
20.9 0.443
13.1 1.0
24.8 0.509
16.2 0.468
18.2 0.476
11.3 0.527
15.4 0.516
10.4 0.642
17.5 0.484
33.3 0.426
36.6 0.492
31.1 0.39
31.2 0.422
24.1 0.6
30.4 0.416
17.8 0.389
12.4 0.465
22.8 0.489
20.1 0.398
26.4 0.387
29.3 0.405
15.9 0.419
18.6 0.384
18.8 0.359
16.5 0.319
11.0 0.399
19.2 0.387
18.6 0.359
19.8 0.451
13.1 0.422
17.5 0.428
16.9 0.409
19.0 0.445
18.3 0.38
17.9 0.399
36.6 0.437
37.8 0.445
37.9 0.435
36.0 0.415
36.7 0.46
32.5 0.45
35.5 0.453
35.5 0.451
26.6 0.459
31.7 0.465
26.5 0.359
7.1 0.51
11.2 0.509
22.4 0.44
10.4 0.309
6.8 0.526
13.4 0.434
22.9 0.428
32.9 0.386
17.3 0.401
21.9 0.381
22.2 0.379
16.3 0.29
36.9 0.423
28.1 0.467
31.9 0.397
33.8 0.43
38.7 0.409
35.6 0.4
37.1 0.381
29.7 0.402
26.9 0.355
24.4 0.382
19.7 0.351
23.2 0.343
20.0 0.358
15.1 0.37
11.8 0.385
14.3 0.344
9.0 0.329
9.5 0.167
25.7 0.425
21.4 0.441
30.0 0.483
31.3 0.468
33.5 0.506
29.3 0.485
27.3 0.474
30.4 0.472
27.2 0.443
20.9 0.508
42.0 0.398
43.7 0.414
42.5 0.387
42.5 0.424
42.3 0.447
43.1 0.442
42.5 0.458
41.8 0.417
36.7 0.43
20.9 0.443
21.6 0.464
28.4 0.444
23.7 0.427
21.4 0.382
25.0 0.394
23.8 0.403
19.3 0.398
7.1 0.405
30.2 0.442
33.2 0.442
20.8 0.424
39.0 0.426
31.0 0.294
29.4 0.366
12.7 0.438
13.5 0.415
27.2 0.465
24.4 0.472
16.0 0.41
31.2 0.439
28.9 0.398
17.9 0.34
21.6 0.374
9.9 0.435
28.2 0.425
36.8 0.403
35.4 0.411
35.9 0.433
33.1 0.405
39.1 0.414
39.6 0.423
38.6 0.411
35.9 0.374
25.8 0.373
19.5 0.231
6.6 0.385
41.4 0.447
37.0 0.47
39.3 0.535
29.0 0.437
38.3 0.442
40.1 0.45
38.0 0.436
38.7 0.468
38.2 0.461
36.5 0.427
32.9 0.403
33.1 0.464
21.5 0.315
9.6 0.411
10.8 0.446
12.8 0.406
21.9 0.445
27.7 0.443
26.4 0.414
19.4 0.437
22.2 0.404
18.5 0.441
23.5 0.479
19.9 0.42
9.0 0.402
16.8 0.396
24.2 0.461
20.5 0.452
17.0 0.534
14.6 0.519
8.9 0.412
19.9 0.401
16.2 0.381
14.5 0.401
24.6 0.456
31.4 0.387
25.5 0.386
19.6 0.416
19.9 0.324
36.2 0.432
39.0 0.423
38.1 0.409
37.0 0.428
35.5 0.404
32.5 0.422
24.9 0.367
13.3 0.448
26.4 0.434
27.6 0.344
8.9 0.432
24.1 0.405
27.5 0.275
14.2 0.437
24.3 0.387
8.5 0.0
15.9 0.43
16.4 0.418
11.8 0.47
11.9 0.43
39.8 0.391
37.3 0.414
37.4 0.384
36.6 0.398
36.9 0.404
37.2 0.406
36.7 0.385
36.3 0.416
35.6 0.423
36.0 0.361
33.2 0.363
28.7 0.372
27.5 0.422
21.7 0.425
16.9 0.427
18.5 0.422
29.5 0.399
34.1 0.419
28.3 0.404
22.6 0.349
5.7 0.363
8.8 0.385
24.6 0.419
25.3 0.432
27.0 0.417
20.8 0.41
20.7 0.389
21.3 0.464
25.3 0.494
29.1 0.465
20.5 0.582
31.5 0.458
31.5 0.518
23.3 0.46
19.3 0.496
27.5 0.431
24.8 0.382
13.0 0.443
17.2 0.398
7.3 0.392
12.8 0.401
9.0 0.357
29.1 0.41
23.5 0.402
30.6 0.422
30.6 0.385
18.0 0.393
11.5 0.448
34.9 0.468
36.4 0.452
39.5 0.435
36.6 0.462
38.0 0.467
36.9 0.461
39.1 0.455
38.0 0.439
36.2 0.435
32.9 0.433
32.0 0.385
26.0 0.414
14.4 0.415
3.5 0.278
13.5 0.5
6.0 0.2
12.0 0.423
13.4 0.0
4.4 0.0
2.2 0.492
15.7 0.373
22.8 0.426
28.3 0.386
22.4 0.378
12.3 0.427
20.5 0.433
26.5 0.433
30.7 0.451
28.7 0.459
24.2 0.416
26.6 0.447
14.7 0.438
32.3 0.369
19.8 0.409
18.5 0.397
21.8 0.36
9.5 0.531
24.2 0.517
9.2 0.452
11.0 0.423
14.5 0.495
17.3 0.515
14.7 0.409
10.9 0.535
8.4 0.158
7.6 0.214
19.7 0.443
25.6 0.444
31.3 0.447
36.0 0.431
36.9 0.445
29.5 0.454
30.5 0.458
35.7 0.461
31.1 0.516
29.7 0.453
20.9 0.373
27.5 0.355
14.8 0.551
18.9 0.48
29.8 0.473
33.9 0.432
30.6 0.467
30.1 0.504
21.0 0.327
9.2 0.496
12.9 0.5
10.0 0.591
8.8 0.378
24.6 0.343
35.7 0.454
38.0 0.462
36.2 0.483
15.9 0.477
13.5 0.406
38.2 0.442
38.9 0.439
40.0 0.431
40.2 0.462
40.0 0.451
36.6 0.415
37.1 0.419
33.5 0.342
36.2 0.469
38.4 0.452
41.6 0.44
40.7 0.476
38.8 0.525
40.3 0.524
37.6 0.508
36.7 0.485
35.8 0.508
31.8 0.52
28.2 0.446
30.5 0.514
30.0 0.482
31.7 0.446
19.3 0.446
28.7 0.519
30.2 0.459
30.5 0.461
36.4 0.443
25.3 0.395
25.6 0.424
16.8 0.327
13.1 0.452
5.7 0.0
33.4 0.463
34.3 0.47
34.1 0.488
34.6 0.49
32.5 0.495
27.6 0.5
31.5 0.538
30.4 0.491
32.0 0.456
34.2 0.511
25.7 0.441
22.4 0.602
23.9 0.512
19.8 0.409
9.5 0.409
39.3 0.407
40.0 0.422
40.5 0.392
40.7 0.505
38.3 0.486
19.5 0.464
32.3 0.449
34.5 0.472
30.9 0.443
36.2 0.399
30.0 0.452
34.3 0.482
28.8 0.435
27.3 0.417
15.8 0.456
17.1 0.448
13.7 0.475
13.4 0.407
8.0 0.444
12.8 0.414
23.8 0.388
24.7 0.404
12.6 0.333
26.4 0.358
16.3 0.571
5.0 0.491
20.4 0.0
6.0 0.538
36.5 0.573
40.1 0.451
38.3 0.457
39.4 0.417
39.9 0.431
40.8 0.406
37.1 0.431
35.8 0.419
37.0 0.388
33.7 0.387
22.4 0.442
23.4 0.437
35.0 0.413
37.4 0.444
17.5 0.447
33.8 0.412
34.9 0.441
17.4 0.392
18.5 0.434
15.0 0.426
31.5 0.449
30.6 0.429
29.7 0.459
28.2 0.43
16.4 0.25
8.6 0.647
5.6 0.477
10.3 0.434
10.7 0.441
21.2 0.455
9.8 0.5
3.0 0.414
41.6 0.397
32.4 0.409
23.2 0.427
13.2 0.411
19.8 0.42
22.4 0.404
15.6 0.488
17.5 0.507
24.9 0.501
26.3 0.481
27.2 0.41
30.0 0.485
26.3 0.482
27.0 0.461
34.7 0.454
37.3 0.406
36.4 0.457
34.6 0.477
34.8 0.463
35.8 0.466
37.1 0.492
36.8 0.473
36.3 0.445
30.5 0.46
32.7 0.438
27.4 0.479
26.2 0.459
16.9 0.5
15.5 0.5
15.5 0.557
25.2 0.499
29.8 0.493
31.1 0.51
36.4 0.524
37.3 0.495
37.0 0.453
28.3 0.463
34.9 0.476
30.0 0.43
23.8 0.446
16.9 0.333
29.1 0.438
33.7 0.434
33.6 0.438
27.2 0.505
30.0 0.466
30.6 0.46
39.1 0.502
35.3 0.482
32.3 0.501
33.4 0.401
20.4 0.435
19.3 0.433
15.3 0.481
20.8 0.325
13.5 0.325
13.5 0.355
7.9 0.391
39.3 0.453
36.6 0.441
30.2 0.438
28.2 0.437
32.9 0.417
18.7 0.368
12.0 0.432
38.0 0.438
42.1 0.434
41.7 0.426
40.4 0.438
36.2 0.426
37.7 0.44
36.4 0.433
35.1 0.432
15.7 0.461
26.4 0.421
12.7 0.521
20.1 0.48
25.1 0.504
17.4 0.532
15.2 0.515
20.1 0.406
8.7 0.553
17.0 0.522
17.1 0.467
11.0 0.367
11.0 0.429
7.0 0.433
5.6 0.433
5.6 0.6
5.6 0.4
5.1 0.52
12.6 0.476
11.9 0.5
12.0 0.402
14.2 0.475
7.2 0.385
5.4 0.505
12.3 0.502
15.9 0.435
12.4 0.609
26.4 0.577
29.1 0.553
17.2 0.6
13.5 0.44
23.5 0.516
28.5 0.436
11.5 0.411
11.8 0.324
6.2 0.25
34.5 0.501
36.3 0.374
21.4 0.478
23.0 0.498
15.2 0.526
14.9 0.556
17.2 0.538
15.9 0.385
3.3 0.6
9.2 0.448
16.5 0.391
13.1 0.4
11.2 0.483
24.2 0.442
10.7 0.45
13.7 0.478
29.7 0.5
10.8 0.5
21.9 0.558
23.0 0.444
12.4 0.45
17.4 0.422
22.6 0.576
22.1 0.473
21.3 0.446
11.8 0.425
14.9 0.361
12.0 0.375
34.1 0.483
34.6 0.465
33.1 0.47
33.5 0.502
34.3 0.512
35.4 0.532
35.3 0.504
34.3 0.503
33.6 0.507
32.8 0.492
33.3 0.532
31.6 0.497
32.5 0.383
25.1 0.435
16.9 0.493
27.0 0.525
30.4 0.469
28.7 0.46
25.5 0.515
18.9 0.546
21.0 0.55
20.9 0.513
17.3 0.544
6.8 0.498
30.3 0.495
26.5 0.391
19.5 0.429
24.8 0.298
9.8 0.432
8.6 0.437
25.0 0.453
20.2 0.398
27.4 0.406
16.8 0.369
12.8 0.321
9.5 0.411
38.1 0.477
38.0 0.463
39.0 0.462
37.9 0.459
38.7 0.48
38.1 0.502
36.2 0.479
36.0 0.479
37.7 0.481
37.5 0.517
34.3 0.457
33.5 0.471
31.3 0.497
32.9 0.459
29.6 0.459
29.6 0.448
31.5 0.437
32.6 0.479
37.6 0.484
37.2 0.434
35.7 0.452
34.8 0.472
35.3 0.436
35.6 0.439
28.7 0.474
29.8 0.529
28.4 0.459
18.0 0.433
22.8 0.482
18.7 0.504
39.5 0.579
36.1 0.574
37.8 0.584
36.8 0.601
34.1 0.6
30.6 0.591
28.4 0.593
28.7 0.609
30.0 0.566
23.4 0.667
35.5 0.369
24.3 0.418
12.2 0.333
37.3 0.419
34.4 0.439
34.3 0.43
37.5 0.473
36.3 0.481
40.3 0.468
39.3 0.525
37.9 0.492
29.7 0.463
31.5 0.53
32.2 0.352
20.5 0.399
26.6 0.464
13.2 0.388
21.3 0.451
23.1 0.37
17.1 0.355
6.1 0.431
15.3 0.433
17.3 0.42
7.5 0.407
17.0 0.4
25.9 0.433
32.1 0.427
38.0 0.425
21.5 0.456
19.6 0.446
19.1 0.413
18.4 0.453
15.0 0.518
23.8 0.476
27.6 0.44
9.9 0.492
31.7 0.555
23.2 0.55
22.5 0.51
19.6 0.353
5.5 0.603
11.1 0.667
11.2 0.667
22.6 0.318
7.4 0.537
6.1 0.435
17.0 0.368
15.8 0.403
15.7 0.423
4.7 0.476
17.3 0.402
16.1 0.443
9.4 0.421
14.3 0.353
11.6 0.286
19.7 0.383
11.4 0.418
24.7 0.349
20.5 0.446
19.2 0.424
16.2 0.361
5.6 0.503
21.6 0.4
27.1 0.515
23.5 0.492
21.2 0.506
22.6 0.531
28.0 0.515
25.2 0.548
31.0 0.453
41.1 0.467
40.3 0.454
40.1 0.471
34.5 0.468
33.0 0.42
28.5 0.393
28.3 0.421
25.1 0.414
27.4 0.448
18.5 0.373
16.1 0.5
10.2 0.5
21.8 0.495
35.8 0.456
29.4 0.401
17.9 0.473
22.6 0.438
31.6 0.392
36.0 0.405
26.2 0.42
30.6 0.436
38.3 0.429
21.3 0.417
23.6 0.399
12.0 0.385
21.2 0.4
26.5 0.439
24.2 0.471
21.9 0.377
14.3 0.43
12.4 0.393
7.9 0.36
6.6 0.364
38.0 0.442
40.3 0.416
39.2 0.402
38.7 0.455
36.1 0.471
39.0 0.439
37.0 0.464
35.9 0.457
37.5 0.472
34.0 0.497
34.7 0.443
34.0 0.436
33.4 0.451
28.0 0.447
26.2 0.447
26.2 0.363
18.1 0.4
33.3 0.411
32.2 0.444
29.9 0.379
21.5 0.55
23.5 0.46
14.1 0.412
11.1 0.473
17.7 0.455
17.1 0.423
4.5 0.522
15.0 0.396
21.0 0.424
27.5 0.376
30.7 0.411
30.3 0.478
29.9 0.357
27.6 0.403
28.6 0.431
27.0 0.418
24.6 0.412
28.5 0.365
22.5 0.336
6.5 0.333
7.8 0.368
23.2 0.455
17.0 0.441
15.5 0.489
21.8 0.517
10.2 0.521
10.7 0.0
5.0 0.333
8.2 0.535
15.9 0.391
17.1 0.36
20.4 0.598
24.4 0.548
24.9 0.474
16.3 0.576
23.6 0.625
23.8 0.523
22.7 0.568
14.4 0.458
16.6 0.25
36.0 0.5
27.3 0.464
31.1 0.485
31.3 0.447
27.5 0.571
23.7 0.333
22.0 0.482
16.8 0.531
12.6 0.461
16.5 0.167
9.4 0.333
5.8 0.483
21.1 0.469
28.2 0.44
36.8 0.441
38.0 0.45
39.1 0.465
38.4 0.442
37.5 0.455
36.5 0.352
27.3 0.4
13.4 0.4
11.8 0.474
10.5 0.0
29.5 0.389
30.3 0.429
24.7 0.289
17.9 0.432
26.6 0.372
23.2 0.398
36.0 0.389
35.9 0.355
26.2 0.418
33.1 0.359
28.3 0.393
26.3 0.431
27.4 0.341
16.8 0.376
18.0 0.091
32.9 0.405
18.0 0.457
33.5 0.425
35.7 0.398
34.9 0.387
34.7 0.386
23.8 0.427
23.3 0.372
29.6 0.507
29.5 0.469
17.9 0.453
22.5 0.492
21.2 0.482
37.0 0.467
35.5 0.432
37.6 0.448
31.8 0.442
18.6 0.25
13.9 0.558
26.6 0.471
24.4 0.402
19.2 0.41
20.4 0.382
18.9 0.418
11.9 0.421
19.2 0.358
40.9 0.455
38.0 0.406
40.9 0.402
37.8 0.455
33.5 0.423
27.5 0.442
21.4 0.463
21.0 0.459
24.5 0.428
18.7 0.449
19.4 0.374
15.5 0.398
12.5 0.367
10.1 0.344
19.5 0.269
31.7 0.38
30.3 0.353
19.8 0.402
13.1 0.377
14.7 0.0
10.8 0.5
5.3 0.493
22.9 0.353
10.9 0.387
15.0 0.543
17.0 0.55
17.9 0.497
28.2 0.507
19.2 0.513
14.5 0.49
22.7 0.465
12.8 0.449
16.5 0.4
7.7 0.0
3.0 0.0
12.5 0.467
5.9 0.54
7.3 0.413
28.1 0.511
26.7 0.46
20.7 0.439
29.7 0.514
30.6 0.475
20.2 0.449
23.1 0.478
22.4 0.468
19.3 0.399
9.3 0.188
31.4 0.455
28.7 0.388
19.5 0.406
13.1 0.411
34.8 0.442
36.5 0.452
37.9 0.413
36.2 0.382
22.8 0.409
28.7 0.417
23.5 0.158
6.3 0.231
39.2 0.404
41.1 0.403
38.6 0.409
37.8 0.414
40.2 0.397
35.3 0.409
39.2 0.399
29.8 0.414
28.9 0.401
27.7 0.428
24.1 0.405
24.3 0.267
16.2 0.408
20.4 0.25
7.1 0.37
9.1 0.384
28.3 0.368
9.7 0.47
13.2 0.433
20.2 0.417
7.3 0.385
16.9 0.401
12.5 0.432
30.6 0.408
19.8 0.46
32.3 0.461
29.5 0.386
31.3 0.312
27.7 0.282
13.8 0.388
16.1 0.285
18.8 0.374
4.7 0.348
8.5 0.378
5.3 0.417
5.9 0.524
32.1 0.372
29.2 0.517
31.3 0.483
38.7 0.484
37.3 0.481
34.0 0.48
40.3 0.444
38.4 0.437
36.6 0.423
32.7 0.44
35.2 0.399
34.2 0.404
31.4 0.441
32.4 0.402
37.3 0.376
22.3 0.401
38.0 0.392
34.1 0.397
31.9 0.391
24.2 0.356
16.6 0.389
20.8 0.429
18.0 0.403
13.3 0.375
13.1 0.446
14.2 0.4
25.4 0.443
30.2 0.432
20.3 0.425
19.6 0.209
10.9 0.4
4.0 0.25
5.3 0.4
6.6 0.297
31.8 0.424
22.8 0.412
20.5 0.416
20.8 0.427
16.4 0.48
26.5 0.481
22.1 0.469
19.8 0.449
21.3 0.491
20.4 0.465
19.1 0.509
15.1 0.429
34.8 0.508
38.0 0.481
35.3 0.449
22.2 0.506
31.6 0.487
37.9 0.415
28.1 0.431
23.1 0.45
37.7 0.43
38.0 0.428
38.0 0.417
37.3 0.501
30.0 0.47
35.0 0.484
35.1 0.467
31.5 0.463
33.7 0.438
33.0 0.451
31.3 0.43
31.7 0.434
26.9 0.362
16.3 0.422
21.3 0.422
21.3 0.402
17.5 0.432
24.6 0.478
34.5 0.465
30.0 0.469
36.5 0.47
29.7 0.505
28.0 0.482
22.8 0.421
12.2 0.375
7.8 0.486
27.6 0.494
33.8 0.483
31.8 0.473
31.9 0.471
35.7 0.486
26.6 0.486
18.0 0.492
22.6 0.503
17.8 0.476
15.0 0.511
22.7 0.465
15.2 0.542
27.4 0.42
26.9 0.443
29.5 0.446
31.7 0.439
27.3 0.431
23.0 0.414
27.0 0.413
30.8 0.432
19.5 0.462
17.3 0.426
11.1 0.443
12.3 0.505
13.3 0.444
9.7 0.507
17.8 0.535
15.3 0.473
16.6 0.475
23.6 0.452
16.5 0.504
13.3 0.5
9.0 0.606
14.4 0.403
16.8 0.422
24.6 0.422
17.5 0.406
25.9 0.419
26.2 0.454
33.5 0.419
31.1 0.456
36.9 0.413
36.6 0.409
30.7 0.446
31.4 0.415
31.2 0.264
17.2 0.385
10.3 0.441
11.4 0.441
37.9 0.409
34.7 0.412
27.8 0.39
32.2 0.381
30.5 0.397
35.4 0.433
30.4 0.482
31.6 0.454
32.5 0.456
24.2 0.424
19.8 0.47
22.6 0.448
21.1 0.386
17.9 0.449
19.9 0.437
15.4 0.425
11.9 0.428
15.4 0.32
8.9 0.554
15.3 0.564
14.6 0.507
24.3 0.458
9.5 0.437
16.0 0.475
14.3 0.463
8.8 0.267
41.9 0.394
42.0 0.388
41.5 0.428
34.6 0.422
38.4 0.435
26.8 0.397
23.3 0.363
15.8 0.512
24.0 0.42
18.6 0.384
12.7 0.355
9.6 0.0
34.5 0.531
36.5 0.481
39.4 0.421
37.7 0.453
36.1 0.51
35.2 0.453
35.0 0.392
30.6 0.445
23.5 0.541
28.6 0.45
22.9 0.395
13.2 0.435
38.2 0.469
37.5 0.471
36.3 0.436
35.1 0.44
34.0 0.43
34.8 0.423
32.3 0.432
30.5 0.419
32.2 0.409
24.5 0.373
16.8 0.399
22.2 0.41
17.6 0.312
33.8 0.418
30.9 0.449
25.6 0.493
16.7 0.412
40.5 0.495
38.4 0.461
39.1 0.413
36.1 0.433
35.4 0.434
38.6 0.452
29.9 0.484
26.6 0.469
31.7 0.441
31.9 0.427
26.0 0.441
21.6 0.463
32.4 0.411
21.1 0.443
37.9 0.4
37.1 0.433
37.1 0.389
32.8 0.398
34.7 0.403
33.4 0.293
23.7 0.538
19.0 0.472
14.4 0.521
14.0 0.452
26.0 0.418
26.5 0.355
20.6 0.378
28.5 0.526
18.9 0.453
19.7 0.503
18.6 0.46
7.5 0.517
16.5 0.547
9.8 0.491
29.2 0.415
35.7 0.438
33.8 0.405
21.5 0.374
23.6 0.442
28.7 0.386
26.6 0.43
24.0 0.387
12.6 0.404
29.7 0.382
34.4 0.388
31.7 0.407
29.4 0.413
27.5 0.442
31.8 0.413
30.6 0.384
20.0 0.49
24.1 0.499
33.0 0.47
24.1 0.502
14.8 0.547
18.9 0.425
19.3 0.396
18.0 0.411
12.6 0.484
12.3 0.293
17.9 0.42
12.1 0.394
24.1 0.375
22.0 0.419
23.3 0.393
24.4 0.51
21.8 0.453
25.1 0.505
19.9 0.467
21.2 0.417
9.8 0.51
23.5 0.44
16.6 0.479
11.8 0.467
7.8 0.389
31.1 0.423
29.9 0.428
33.6 0.421
37.2 0.496
41.6 0.404
39.4 0.44
37.7 0.453
38.1 0.401
35.5 0.414
33.8 0.397
29.4 0.394
26.9 0.403
33.7 0.397
28.0 0.459
29.1 0.454
28.3 0.439
25.8 0.469
28.6 0.478
21.7 0.448
15.4 0.286
8.9 0.37
7.6 0.44
10.9 0.383
10.0 0.37
7.1 0.472
13.4 0.424
29.0 0.419
13.7 0.475
14.4 0.49
13.0 0.415
10.6 0.48
15.0 0.429
11.8 0.397
8.9 0.355
10.9 0.4
15.4 0.443
14.5 0.534
21.3 0.571
24.6 0.431
35.0 0.392
37.6 0.431
40.9 0.447
42.3 0.418
39.8 0.398
32.7 0.261
31.5 0.411
36.5 0.366
25.7 0.406
5.6 0.333
4.1 0.371
10.0 0.459
6.5 0.441
28.3 0.389
20.7 0.444
15.5 0.425
18.1 0.451
15.1 0.235
3.8 0.571
39.7 0.483
30.6 0.446
24.6 0.442
31.5 0.488
35.0 0.446
36.4 0.428
36.3 0.41
33.9 0.398
32.4 0.45
29.0 0.387
23.1 0.42
24.8 0.382
7.4 0.0
2.5 0.2
4.5 0.481
19.6 0.467
6.1 0.625
6.6 0.405
3.3 0.529
8.0 0.371
12.3 0.297
7.3 0.395
5.0 0.462
4.0 0.512
31.6 0.517
27.4 0.445
14.4 0.468
3.9 0.314
23.0 0.1
5.7 0.371
8.4 0.357
13.1 0.461
17.6 0.333
14.3 0.446
22.2 0.489
30.3 0.46
21.6 0.526
27.5 0.591
27.6 0.507
18.8 0.533
17.2 0.5
13.8 0.517
26.0 0.525
20.8 0.459
10.1 0.458
11.2 0.5
5.7 0.356
19.6 0.531
24.4 0.424
22.3 0.494
27.4 0.565
26.8 0.624
34.6 0.623
35.2 0.565
32.1 0.574
22.8 0.654
27.8 0.679
33.2 0.638
32.8 0.593
30.2 0.666
30.5 0.666
30.5 0.583
24.5 0.671
22.8 0.462
15.7 0.427
26.6 0.421
30.1 0.413
28.4 0.327
20.6 0.442
19.1 0.498
21.4 0.414
19.2 0.461
21.9 0.441
11.1 0.439
10.0 0.457
7.7 0.387
7.7 0.286
18.3 0.414
23.5 0.424
28.5 0.412
31.8 0.397
26.7 0.364
23.1 0.469
15.8 0.314
13.6 0.348
4.8 0.479
12.1 0.4
10.3 0.31
10.1 0.458
16.0 0.585
19.4 0.496
29.5 0.538
28.7 0.563
25.9 0.576
35.2 0.546
25.9 1.0
4.0 0.381
6.1 0.351
11.8 0.388
13.0 0.29
7.8 0.487
18.6 0.47
18.3 0.522
16.4 0.433
13.8 0.517
9.7 0.333
11.3 0.357
12.0 0.296
18.3 0.412
24.2 0.393
15.6 0.438
8.5 0.333
2.8 0.545
4.9 0.286
15.6 0.438
15.5 0.313
7.3 0.529
36.7 0.51
36.0 0.482
31.5 0.514
32.0 0.503
39.2 0.538
36.2 0.534
35.6 0.567
37.0 0.536
37.0 0.529
37.0 0.501
37.4 0.466
33.8 0.48
31.4 0.494
34.4 0.494
34.4 0.469
31.8 0.502
26.0 0.4
28.7 0.367
24.4 0.465
28.0 0.474
25.2 0.464
32.6 0.49
29.3 0.422
12.3 0.45
20.6 0.411
5.1 0.118
20.4 0.51
23.8 0.515
19.3 0.56
27.4 0.514
23.8 0.558
22.6 0.528
27.9 0.48
29.2 0.562
30.6 0.574
18.5 0.518
21.2 0.431
9.7 0.544
13.5 0.529
13.4 0.614
13.8 0.601
19.0 0.577
22.9 0.536
11.7 0.364
16.9 0.478
15.0 0.498
15.2 0.509
16.6 0.463
9.0 0.418
6.7 1.0
2.5 0.375
7.9 0.373
22.1 0.414
27.1 0.441
25.1 0.469
37.0 0.422
25.2 0.348
13.3 0.383
27.0 0.3
24.3 0.501
36.0 0.498
38.2 0.422
41.1 0.493
39.2 0.456
35.6 0.466
39.0 0.439
35.8 0.467
31.1 0.474
30.4 0.416
27.7 0.456
10.1 0.45
27.0 0.444
16.8 0.444
16.8 0.458
17.9 0.446
24.9 0.397
27.5 0.43
40.6 0.461
39.5 0.453
40.7 0.471
41.4 0.432
40.8 0.437
39.5 0.458
38.0 0.443
35.5 0.454
35.5 0.423
36.7 0.454
32.6 0.435
34.9 0.435
34.9 0.439
33.4 0.436
34.9 0.445
26.2 0.491
27.7 0.443
37.1 0.493
32.9 0.46
37.7 0.471
29.3 0.506
30.8 0.449
27.3 0.506
29.0 0.467
31.7 0.467
30.0 0.453
34.7 0.384
15.2 0.373
5.9 0.0
5.7 0.235
6.4 0.402
16.3 0.466
17.7 0.451
31.8 0.44
21.8 0.414
33.9 0.433
34.0 0.458
27.2 0.455
28.1 0.475
34.0 0.472
32.6 0.368
13.3 0.45
16.2 0.361
7.0 0.241
29.4 0.464
33.8 0.447
34.4 0.482
34.2 0.548
33.9 0.52
32.5 0.494
33.5 0.506
34.1 0.487
30.9 0.519
32.4 0.48
32.1 0.522
32.9 0.499
29.4 0.486
28.7 0.486
28.7 0.493
27.5 0.466
20.2 0.41
26.5 0.425
30.1 0.409
29.5 0.407
25.6 0.424
17.9 0.453
22.8 0.421
18.5 0.377
21.7 0.431
15.8 0.376
15.4 0.302
5.8 0.513
16.9 0.485
37.9 0.448
34.8 0.436
34.4 0.467
35.7 0.459
32.5 0.475
35.1 0.488
37.7 0.503
36.3 0.463
26.3 0.46
34.3 0.467
34.2 0.487
32.5 0.487
32.5 0.475
29.6 0.449
15.9 0.552
16.3 0.442
11.4 0.568
16.0 0.542
32.9 0.41
32.9 0.438
37.6 0.446
37.8 0.446
38.4 0.417
32.8 0.441
38.4 0.477
33.5 0.474
31.5 0.447
33.9 0.408
29.5 0.402
5.1 0.309
15.6 0.301
10.4 0.402
12.3 0.394
13.4 0.398
21.6 0.383
13.2 0.403
19.0 0.309
10.7 0.421
12.9 0.341
9.1 0.526
4.9 0.467
15.8 0.383
10.0 0.455
10.2 0.405
11.4 0.393
10.5 0.394
24.6 0.466
37.3 0.453
19.0 0.25
13.1 0.492
13.5 0.489
24.1 0.502
20.8 0.533
15.8 0.574
30.5 0.396
30.6 0.414
26.5 0.418
32.5 0.409
26.7 0.389
31.2 0.38
16.5 0.444
6.4 0.425
12.1 0.263
8.0 0.492
12.1 0.36
9.1 0.449
30.7 0.538
34.5 0.502
36.7 0.449
38.3 0.48
37.6 0.484
41.0 0.454
37.9 0.454
35.8 0.397
30.1 0.504
24.4 0.412
8.9 0.412
15.1 0.435
17.3 0.371
20.6 0.426
22.6 0.43
22.5 0.383
27.9 0.454
29.1 0.384
26.1 0.426
29.4 0.41
19.6 0.338
20.7 0.308
17.3 0.273
8.1 0.408
21.7 0.459
13.7 0.419
8.6 0.382
9.3 0.458
13.3 0.433
15.8 0.475
6.0 0.273
12.4 0.493
12.4 0.273
9.0 0.433
25.3 0.523
34.6 0.521
34.7 0.549
31.1 0.561
34.6 0.547
34.9 0.49
32.4 0.562
34.3 0.51
31.9 0.532
29.5 0.477
32.2 0.456
28.2 0.499
23.8 0.499
23.5 0.272
9.3 0.434
10.8 0.423
18.5 0.393
21.1 0.42
28.7 0.409
22.6 0.355
13.8 0.377
36.6 0.38
29.9 0.445
35.7 0.455
36.1 0.463
39.3 0.466
39.9 0.453
38.6 0.428
37.6 0.45
29.9 0.407
29.7 0.424
24.1 0.394
25.3 0.407
20.8 0.407
20.8 0.424
21.0 0.476
15.0 0.399
18.5 0.406
23.7 0.398
27.4 0.35
17.2 0.433
31.9 0.409
33.0 0.333
16.4 0.308
10.3 0.378
6.8 0.405
29.4 0.37
12.3 0.358
8.9 0.419
15.4 0.388
20.8 0.416
16.7 0.435
25.3 0.425
23.8 0.411
12.6 0.395
15.9 0.449
31.1 0.451
32.5 0.406
31.8 0.452
31.5 0.476
36.0 0.401
27.5 0.41
22.2 0.462
27.6 0.474
26.3 0.442
25.9 0.43
31.5 0.435
29.2 0.435
29.2 0.41
22.7 0.423
15.4 0.431
12.1 0.432
20.9 0.508
23.6 0.363
10.3 0.472
11.9 0.389
20.4 0.406
17.1 0.476
23.8 0.489
20.8 0.544
17.1 0.439
23.2 0.444
14.4 0.493
11.1 0.408
26.6 0.472
13.8 0.479
24.6 0.473
16.6 0.423
16.3 0.423
15.5 0.524
16.8 0.539
22.0 0.553
12.0 0.474
15.6 0.416
10.5 0.48
14.0 0.438
9.8 0.419
11.0 0.0
20.7 0.418
29.4 0.471
29.6 0.462
27.9 0.464
27.5 0.46
31.1 0.454
26.8 0.441
28.7 0.433
30.3 0.526
23.3 0.425
23.2 0.469
22.8 0.426
22.7 0.426
22.7 0.453
19.6 0.39
28.3 0.436
28.0 0.448
20.5 0.433
25.8 0.462
19.5 0.44
26.8 0.445
27.0 0.492
30.8 0.512
27.5 0.473
28.0 0.449
30.8 0.468
24.8 0.478
25.1 0.431
24.6 0.437
26.2 0.328
9.4 0.531
18.0 0.399
16.9 0.399
16.9 0.32
11.3 0.486
8.5 0.342
28.2 0.53
32.5 0.503
23.9 0.0
3.0 0.57
26.8 0.408
16.6 0.604
32.6 0.587
33.6 0.615
30.5 0.537
28.5 0.48
27.2 0.503
29.4 0.511
25.3 0.511
25.3 0.544
19.2 0.617
9.3 0.25
5.5 0.408
15.9 0.417
23.4 0.404
20.9 0.388
30.3 0.414
33.1 0.399
28.0 0.418
22.2 0.43
29.2 0.331
13.1 0.375
14.6 0.377
23.3 0.468
26.1 0.451
25.3 0.461
23.8 0.4
18.2 0.44
23.4 0.439
25.6 0.349
14.3 0.41
18.7 0.296
6.1 0.395
18.6 0.425
29.5 0.417
27.0 0.385
20.9 0.421
25.1 0.407
13.9 0.65
6.6 0.327
29.0 0.522
32.8 0.552
30.6 0.519
34.2 0.516
33.8 0.507
37.2 0.548
4.4 0.425
24.6 0.361
18.0 0.418
27.8 0.404
21.4 0.42
20.8 0.447
24.7 0.392
5.5 0.356
11.5 0.392
18.9 0.346
13.9 0.457
20.2 0.402
19.0 0.463
22.3 0.468
28.1 0.46
35.9 0.462
33.3 0.445
33.2 0.485
33.5 0.458
29.4 0.355
12.9 0.374
10.1 0.407
15.5 0.385
14.2 0.373
11.3 0.409
20.9 0.39
10.4 0.467
32.9 0.487
37.1 0.455
35.3 0.46
36.6 0.448
32.9 0.45
37.3 0.486
34.0 0.473
32.8 0.421
33.1 0.438
32.1 0.407
25.6 0.44
24.1 0.44
24.1 0.445
11.5 0.44
17.3 0.387
20.2 0.386
7.9 0.387
20.8 0.405
17.1 0.42
25.1 0.456
27.0 0.477
31.1 0.472
37.5 0.441
34.9 0.415
35.0 0.409
27.2 0.399
30.0 0.363
22.1 0.333
12.9 0.333
1.6 0.478
13.0 0.452
14.3 0.714
3.3 0.643
2.5 0.435
12.3 0.455
7.6 0.35
7.5 0.333
31.3 0.475
36.8 0.559
36.1 0.333
16.7 0.575
32.8 0.59
33.9 0.539
36.8 0.557
34.6 0.502
36.8 0.483
32.8 0.577
23.5 0.557
22.6 0.557
21.1 0.557
21.1 0.566
5.7 0.0
16.3 0.328
7.9 0.297
6.3 0.351
29.5 0.366
16.1 0.327
6.3 0.428
26.9 0.402
18.5 0.387
10.4 0.521
20.6 0.514
18.6 0.571
19.9 0.529
31.5 0.524
28.0 0.497
16.9 0.525
13.0 0.581
17.5 0.598
17.2 0.719
15.0 0.472
5.6 0.416
5.8 0.322
7.4 0.468
11.4 0.472
8.0 0.385
12.8 0.15
6.3 0.371
10.9 0.417
13.3 0.508
36.5 0.431
34.8 0.481
36.8 0.476
38.2 0.492
36.4 0.443
34.5 0.458
38.2 0.455
35.7 0.43
34.1 0.449
37.0 0.452
38.7 0.444
35.7 0.444
35.7 0.434
35.1 0.433
17.1 0.402
14.1 0.468
25.8 0.429
11.2 0.45
15.8 0.368
9.4 0.534
11.1 0.0
21.4 0.475
17.3 0.481
27.9 0.476
32.7 0.462
29.5 0.482
24.4 0.425
17.9 0.45
24.1 0.425
21.6 0.43
12.5 0.427
18.4 0.474
14.9 0.474
14.9 0.462
15.9 0.439
19.1 0.411
16.6 0.5
11.3 0.438
23.9 0.423
19.4 0.423
27.0 0.487
25.9 0.47
19.2 0.452
22.9 0.462
25.7 0.438
27.5 0.444
29.9 0.444
29.9 0.381
28.8 0.391
18.6 0.328
14.7 0.438
26.2 0.411
27.1 0.408
29.9 0.428
31.7 0.416
27.0 0.359
20.0 0.377
23.3 0.422
26.1 0.377
27.2 0.373
18.9 0.373
18.9 0.388
24.5 0.381
24.2 0.395
26.6 0.404
16.8 0.41
26.8 0.367
19.6 0.403
19.7 0.404
17.8 0.381
18.8 0.38
19.0 0.5
16.1 0.43
33.5 0.471
37.2 0.505
39.3 0.496
38.5 0.494
36.2 0.487
38.0 0.518
36.1 0.496
36.3 0.487
35.2 0.535
33.2 0.516
32.0 0.46
35.4 0.46
35.4 0.467
10.3 0.429
11.6 0.486
11.9 0.385
4.4 0.389
17.2 0.403
16.3 0.433
26.1 0.428
25.2 0.38
11.2 0.36
4.8 0.447
10.8 0.331
11.2 0.0
12.6 0.417
15.1 0.511
19.0 0.453
15.7 0.376
12.3 0.368
5.7 0.304
2.9 0.424
11.2 0.316
8.2 0.417
18.6 0.437
23.5 0.48
28.5 0.459
17.8 0.43
20.9 0.451
31.5 0.498
18.4 0.491
19.1 0.364
12.7 0.376
5.8 0.378
7.8 0.286
25.3 0.422
18.2 0.526
35.5 0.538
31.1 0.477
28.1 0.507
34.0 0.483
35.4 0.492
33.9 0.444
25.0 0.539
22.8 0.521
25.0 0.46
24.5 0.46
24.5 0.527
18.2 0.446
4.0 0.286
19.0 0.48
10.0 0.524
7.4 0.355
4.9 0.333
1.9 0.524
14.1 0.468
14.0 0.532
21.9 0.511
19.0 0.39
12.9 0.491
16.6 0.333
5.5 0.478
9.8 0.333
8.7 0.4
11.6 0.39
9.6 0.34
8.9 0.5
6.5 0.346
14.5 0.366
18.7 0.424
15.3 0.411
24.9 0.436
26.6 0.435
22.6 0.457
21.3 0.443
21.7 0.471
17.4 0.461
16.5 0.376
15.8 0.386
18.3 0.386
10.1 0.518
23.9 0.54
33.4 0.508
30.8 0.492
31.4 0.467
36.8 0.518
34.1 0.494
27.9 0.512
26.5 0.423
24.8 0.514
18.9 0.507
14.2 0.448
16.0 0.448
16.0 0.377
7.0 0.478
29.2 0.389
28.9 0.421
24.6 0.41
20.1 0.431
15.7 0.445
24.8 0.421
35.6 0.397
36.4 0.418
36.5 0.448
35.5 0.414
31.7 0.437
26.3 0.409
33.5 0.446
30.0 0.414
25.8 0.377
29.4 0.393
29.0 0.373
24.4 0.373
24.4 0.38
23.7 0.475
32.2 0.471
32.5 0.459
35.1 0.455
36.3 0.451
32.0 0.405
26.2 0.358
22.7 0.399
23.0 0.403
11.3 0.507
39.5 0.472
42.4 0.48
42.5 0.476
40.9 0.484
40.4 0.489
37.7 0.503
39.0 0.51
38.8 0.531
37.5 0.565
37.9 0.567
37.7 0.488
36.1 0.488
36.1 0.52
35.6 0.548
14.5 0.273
17.9 0.0
7.5 0.409
14.6 0.489
13.3 0.474
7.9 0.364
7.7 0.437
12.5 0.414
13.6 0.477
21.4 0.434
8.2 0.458
18.1 0.461
24.9 0.467
13.1 0.409
16.2 0.369
4.3 0.396
17.7 0.418
23.6 0.368
18.1 0.437
22.0 0.369
15.8 0.361
14.0 0.422
19.1 0.38
13.1 0.344
5.8 0.456
11.8 0.368
11.7 0.368
11.7 0.408
9.6 0.478
22.5 0.497
25.9 0.523
32.8 0.451
29.0 0.483
37.2 0.528
29.7 0.49
34.3 0.471
26.2 0.446
29.2 0.507
20.7 0.509
18.9 0.515
18.9 0.515
18.9 0.465
10.4 0.401
18.4 0.446
13.0 0.494
26.4 0.488
18.9 0.432
22.9 0.419
17.1 0.25
4.7 0.382
11.9 0.418
32.5 0.43
31.3 0.44
30.9 0.443
23.1 0.438
24.0 0.493
18.3 0.434
20.1 0.432
22.6 0.461
30.5 0.475
33.9 0.487
32.2 0.487
32.2 0.435
30.0 0.464
10.7 0.371
10.3 0.182
19.7 0.422
11.8 0.35
26.1 0.353
18.7 0.388
4.7 0.329
6.9 0.509
13.9 0.454
23.9 0.438
23.8 0.515
17.0 0.49
21.4 0.469
24.4 0.454
16.3 0.0
2.4 0.498
13.4 0.44
16.7 0.434
22.9 0.433
26.7 0.453
27.7 0.391
21.5 0.375
28.8 0.343
12.8 0.418
11.7 0.399
11.3 0.452
18.9 0.451
31.4 0.474
28.1 0.437
15.2 0.497
19.1 0.488
14.0 0.461
15.7 0.499
28.3 0.473
21.8 0.427
25.0 0.454
23.7 0.454
23.7 0.466
26.4 0.534
14.5 0.435
13.3 0.41
15.3 0.453
22.9 0.362
23.3 0.422
16.0 0.363
12.4 0.403
11.7 0.391
11.7 0.353
9.0 0.333
3.5 0.471
9.1 0.515
19.6 0.491
21.9 0.615
24.5 0.577
29.6 0.602
27.6 0.515
25.6 0.489
26.8 0.457
25.1 0.451
19.5 0.449
16.9 0.449
16.9 0.533
14.1 0.427
20.0 0.404
22.7 0.488
26.9 0.439
19.9 0.413
24.6 0.432
22.5 0.392
19.4 0.385
21.9 0.347
9.7 0.448
12.0 0.361
16.1 0.405
31.4 0.418
33.2 0.433
29.5 0.399
20.0 0.403
28.2 0.478
21.5 0.468
30.4 0.44
33.0 0.453
30.2 0.385
18.7 0.426
14.5 0.426
8.9 0.324
13.4 0.527
20.6 0.481
21.4 0.524
18.9 0.458
19.4 0.532
19.8 0.494
18.8 0.467
11.8 0.531
19.6 0.45
18.5 0.433
34.9 0.478
38.6 0.495
38.6 0.491
37.9 0.469
38.3 0.491
38.6 0.476
36.3 0.5
37.1 0.497
33.2 0.521
34.7 0.545
32.9 0.47
31.8 0.47
31.8 0.456
30.5 0.434
10.1 0.411
12.6 0.412
19.3 0.474
33.0 0.45
23.4 0.436
17.9 0.357
9.4 0.328
9.0 0.369
12.1 0.392
13.1 0.436
18.4 0.512
34.1 0.476
36.5 0.482
37.8 0.472
39.2 0.505
36.4 0.508
35.0 0.487
29.2 0.498
33.4 0.488
30.9 0.471
28.7 0.471
28.7 0.545
18.0 0.536
13.5 0.438
28.2 0.424
26.4 0.446
36.4 0.48
36.5 0.467
35.0 0.442
34.2 0.399
30.8 0.426
28.3 0.43
30.8 0.417
24.8 0.397
29.1 0.397
29.1 0.437
16.4 0.471
19.2 0.514
24.4 0.434
18.3 0.482
19.3 0.51
16.5 0.51
20.8 0.469
26.3 0.445
26.7 0.494
23.2 0.495
26.2 0.495
26.2 0.458
25.3 0.461
12.5 0.366
11.6 0.415
17.3 0.412
17.5 0.539
22.4 0.507
15.6 0.46
24.4 0.394
36.5 0.398
34.7 0.417
32.9 0.417
26.3 0.456
35.4 0.402
35.7 0.402
35.7 0.416
35.3 0.409
12.7 0.365
14.8 0.5
4.8 0.4
12.8 0.638
14.7 0.599
29.0 0.626
27.3 0.578
30.0 0.591
23.1 0.534
23.7 0.609
15.7 0.476
9.3 1.0
18.9 0.448
21.9 0.447
11.7 0.416
12.5 0.496
23.8 0.446
17.9 0.464
21.7 0.44
20.4 0.487
13.4 0.445
11.3 0.409
13.0 0.409
13.0 0.509
9.1 0.354
1.7 0.544
13.5 0.457
29.7 0.552
30.4 0.504
36.8 0.571
17.0 0.525
21.9 0.5
29.0 0.502
28.5 0.568
25.8 0.589
20.8 0.566
21.5 0.597
20.7 0.595
19.5 0.556
16.7 0.419
16.7 0.419
16.7 0.459
11.8 0.609
15.3 0.403
10.7 0.415
16.7 0.397
27.3 0.463
33.4 0.517
37.5 0.479
33.8 0.448
34.0 0.466
37.9 0.46
39.1 0.412
39.4 0.426
38.7 0.431
35.1 0.469
33.6 0.469
33.6 0.455
32.4 0.387
26.5 0.4
29.1 0.408
24.4 0.387
22.6 0.421
36.8 0.373
30.9 0.38
15.2 0.419
19.5 0.382
5.6 0.484
24.4 0.422
31.0 0.455
33.0 0.434
31.8 0.455
36.6 0.416
27.9 0.44
26.0 0.442
26.9 0.408
20.8 0.343
14.7 0.437
14.1 0.437
15.4 0.469
22.8 0.492
26.0 0.463
31.6 0.438
36.1 0.403
34.7 0.422
31.7 0.445
27.6 0.438
24.5 0.378
20.5 0.418
22.2 0.418
22.2 0.447
20.0 0.399
17.7 0.503
15.4 0.517
7.9 0.529
32.6 0.531
36.8 0.603
36.9 0.599
37.7 0.572
35.7 0.612
34.7 0.593
37.6 0.573
38.3 0.578
35.8 0.591
33.7 0.593
29.8 0.593
29.8 0.62
32.1 0.633
13.0 0.379
10.0 0.47
11.2 0.483
13.2 0.422
9.1 0.441
17.7 0.527
27.9 0.481
34.9 0.448
18.3 0.501
19.9 0.473
21.0 0.473
21.0 0.41
15.8 0.407
32.8 0.5
37.6 0.447
40.3 0.456
39.5 0.473
39.9 0.443
38.9 0.445
36.9 0.454
35.6 0.451
34.7 0.48
32.4 0.466
26.9 0.466
26.9 0.478
26.6 0.528
3.9 0.533
5.5 0.313
3.8 0.464
7.8 0.474
7.9 0.466
7.2 0.469
13.0 0.439
13.4 0.448
10.2 0.394
19.2 0.332
12.1 0.422
7.4 0.421
6.2 0.356
10.4 0.431
13.2 0.0
4.3 0.341
8.8 0.442
10.6 0.325
14.8 0.499
18.0 0.514
33.6 0.5
35.6 0.497
36.7 0.498
32.4 0.496
35.9 0.492
34.0 0.494
33.1 0.509
35.0 0.481
30.6 0.481
30.6 0.485
23.3 0.499
7.9 0.449
16.3 0.462
21.6 0.386
7.0 0.387
26.2 0.507
30.9 0.526
32.6 0.41
18.0 0.469
24.8 0.502
22.9 0.511
27.1 0.427
25.0 0.463
10.1 0.48
26.6 0.473
35.2 0.456
36.3 0.42
38.2 0.417
35.5 0.436
32.5 0.413
31.6 0.45
27.7 0.43
32.0 0.427
33.4 0.427
33.4 0.372
20.4 0.483
28.8 0.43
30.3 0.469
28.4 0.503
31.2 0.449
28.6 0.446
30.5 0.427
29.9 0.392
35.3 0.394
32.0 0.407
22.3 0.407
22.3 0.368
26.6 0.444
23.4 0.461
27.3 0.467
26.5 0.432
24.6 0.427
26.2 0.399
19.7 0.426
17.2 0.25
35.6 0.415
33.6 0.532
34.8 0.535
33.1 0.561
32.8 0.53
28.9 0.573
31.8 0.533
28.9 0.477
2.0 0.0
5.3 0.403
13.8 0.374
10.6 0.43
19.7 0.306
21.3 0.422
22.6 0.467
21.0 0.391
19.8 0.382
17.1 0.36
10.8 0.441
5.5 0.581
11.4 0.556
24.5 0.393
18.0 0.441
23.3 0.461
19.2 0.446
27.7 0.414
27.8 0.435
24.9 0.407
27.6 0.422
33.5 0.415
32.7 0.417
29.7 0.417
29.7 0.415
30.7 0.346
27.7 0.425
32.0 0.439
36.8 0.457
35.5 0.492
35.1 0.505
35.4 0.477
34.4 0.458
35.3 0.465
35.3 0.419
35.5 0.419
27.7 0.419
27.7 0.364
13.3 0.453
19.3 0.452
14.4 0.508
9.4 0.431
14.0 0.333
3.6 0.39
4.5 0.515
19.6 0.394
24.1 0.371
20.2 0.401
32.2 0.383
27.9 0.413
15.3 0.402
19.2 0.412
14.9 0.362
14.2 0.325
10.6 0.526
11.8 0.4
14.4 0.455
10.9 0.369
13.0 0.463
32.0 0.461
31.1 0.493
31.4 0.5
34.6 0.44
18.3 0.441
22.1 0.438
15.7 0.487
18.9 0.487
18.9 0.434
16.1 0.467
16.0 0.527
15.8 0.476
23.9 0.461
27.5 0.536
28.5 0.572
28.5 0.528
32.1 0.514
31.4 0.478
36.0 0.495
27.7 0.555
24.5 0.555
24.5 0.427
9.4 0.357
15.3 0.394
11.5 0.346
17.7 0.392
12.8 0.454
17.8 0.387
16.2 0.402
8.6 0.402
13.0 0.487
34.1 0.427
32.2 0.413
25.1 0.457
33.6 0.445
25.0 0.458
18.9 0.461
17.9 0.444
18.6 0.435
24.8 0.403
24.3 0.362
15.5 0.433
19.8 0.504
13.0 0.394
15.4 0.459
9.0 0.465
6.6 0.445
19.6 0.488
25.1 0.4
12.2 0.463
20.8 0.423
38.4 0.422
27.0 0.396
22.6 0.374
14.5 0.379
12.3 0.379
15.7 0.457
5.6 0.289
7.3 0.404
9.2 0.341
7.7 0.499
19.7 0.496
19.4 0.511
13.0 0.515
26.1 0.479
31.7 0.486
27.6 0.486
27.6 0.504
23.5 0.504
23.5 0.549
20.3 0.575
8.7 0.5
6.0 0.437
12.2 0.474
20.4 0.471
24.0 0.478
27.9 0.445
33.9 0.38
24.1 0.512
19.0 0.476
28.6 0.553
34.2 0.511
34.9 0.577
31.2 0.52
32.3 0.495
35.3 0.449
30.3 0.451
24.6 0.627
26.4 0.563
23.6 0.563
23.6 0.627
20.7 0.469
7.3 0.558
21.9 0.636
28.8 0.56
28.9 0.57
30.4 0.574
27.8 0.558
23.2 0.521
21.0 0.519
30.3 0.497
34.3 0.482
26.7 0.44
30.9 0.457
33.9 0.491
29.6 0.456
30.5 0.415
30.2 0.415
30.2 0.459
28.1 0.41
10.7 0.425
11.1 0.37
20.5 0.413
13.1 0.2
14.9 0.477
12.9 0.478
10.2 0.527
18.1 0.475
34.3 0.531
37.9 0.451
35.7 0.449
41.4 0.451
40.3 0.433
36.6 0.416
37.5 0.451
36.9 0.445
33.7 0.445
33.7 0.427
33.8 0.443
14.7 0.404
30.1 0.384
36.3 0.413
37.6 0.408
37.6 0.459
33.0 0.425
36.5 0.407
31.8 0.427
34.0 0.395
31.0 0.406
9.7 0.406
9.7 0.406
27.4 0.43
24.2 0.433
26.3 0.488
17.2 0.423
11.8 0.451
27.0 0.432
33.0 0.416
19.4 0.429
17.8 0.463
26.5 0.444
30.4 0.466
23.0 0.436
23.9 0.376
16.3 0.393
17.7 0.401
19.7 0.27
14.3 0.27
22.6 0.467
31.2 0.457
29.7 0.431
31.9 0.447
29.1 0.41
27.6 0.326
19.8 0.495
16.7 0.434
8.7 0.481
19.8 0.52
12.0 0.458
8.0 0.425
11.8 0.586
5.8 0.414
13.2 0.496
11.5 0.405
22.6 0.459
34.0 0.446
36.0 0.447
36.2 0.428
36.7 0.425
35.0 0.416
33.3 0.286
14.8 0.378
20.7 0.401
20.4 0.401
11.7 0.419
22.0 0.344
12.1 0.439
15.4 0.371
6.2 0.273
13.4 0.573
22.0 0.511
19.9 0.372
12.1 0.489
21.6 0.527
28.1 0.429
19.2 0.442
16.3 0.431
12.4 0.478
8.8 0.478
8.8 0.5
28.9 0.437
27.6 0.432
18.9 0.382
15.6 0.437
17.3 0.415
2.4 0.5
20.2 0.454
33.6 0.431
27.2 0.453
33.1 0.481
27.4 0.408
20.7 0.456
34.0 0.452
29.7 0.41
28.2 0.439
28.0 0.439
28.0 0.391
32.1 0.667
20.8 0.398
13.0 0.545
15.5 0.558
12.3 0.595
14.7 0.623
17.7 0.568
25.7 0.576
24.3 0.554
28.7 0.562
28.8 0.574
26.4 0.574
26.4 0.585
22.8 0.576
6.2 0.0
4.5 0.532
8.4 0.571
8.7 0.0
8.5 0.422
18.8 0.472
23.9 0.447
5.3 0.25
16.9 0.6
29.8 0.552
29.1 0.549
34.9 0.545
37.3 0.507
36.1 0.503
37.2 0.519
36.8 0.523
33.2 0.511
18.4 0.511
18.4 0.531
16.4 0.59
8.2 0.397
10.5 0.36
6.1 0.5
14.1 0.538
21.6 0.575
18.1 0.511
20.4 0.492
16.3 0.478
22.6 0.446
24.8 0.448
14.4 0.422
14.4 0.422
17.3 0.5
17.2 0.35
15.0 0.453
26.9 0.393
8.8 0.345
10.1 0.479
11.5 0.459
22.5 0.429
23.8 0.407
25.2 0.381
20.4 0.415
21.0 0.435
19.3 0.398
26.3 0.398
26.3 0.409
22.9 0.434
8.3 0.562
17.3 0.608
20.0 0.587
12.5 0.625
11.4 0.6
36.0 0.437
36.8 0.488
37.6 0.503
38.5 0.493
38.0 0.463
36.0 0.478
36.4 0.481
33.4 0.467
35.0 0.485
34.8 0.485
34.8 0.462
32.7 0.476
18.9 0.516
18.6 0.419
18.2 0.415
11.4 0.535
12.1 0.445
11.6 0.419
15.6 0.436
11.6 0.462
9.5 0.46
19.2 0.444
11.7 0.366
9.2 0.452
5.2 0.39
9.7 0.431
9.6 0.379
14.2 0.405
13.4 0.352
12.2 0.377
14.4 0.325
13.1 0.304
12.2 0.345
22.8 0.345
22.8 0.384
19.5 0.167
8.5 0.479
13.8 0.286
3.0 0.615
3.7 0.333
5.5 0.423
5.5 0.452
21.4 0.434
21.2 0.423
26.2 0.437
29.9 0.436
19.9 0.399
17.2 0.424
23.4 0.433
25.4 0.428
19.7 0.345
14.1 0.345
14.1 0.0
7.5 0.304
9.6 0.391
12.8 0.366
20.3 0.416
17.0 0.361
9.1 0.4
4.3 0.4
7.0 0.549
15.1 0.474
18.7 0.508
21.5 0.582
20.8 0.632
17.8 0.576
16.4 0.505
10.8 0.598
19.5 0.0
9.5 0.0
29.1 0.47
25.2 0.435
24.1 0.447
26.9 0.439
23.7 0.442
21.9 0.385
13.8 0.377
15.8 0.38
9.0 0.414
10.6 0.414
10.6 0.382
4.6 0.0
1.0 0.279
5.3 0.447
10.6 0.524
26.2 0.502
23.4 0.491
24.7 0.482
20.5 0.511
17.7 0.411
14.4 0.406
17.5 0.396
21.5 0.422
28.4 0.0
5.0 0.405
24.5 0.447
23.8 0.423
24.3 0.442
28.9 0.433
27.7 0.264
11.0 0.264
28.8 0.456
36.9 0.507
37.3 0.471
36.8 0.469
36.9 0.439
37.9 0.407
36.3 0.44
36.4 0.45
32.2 0.387
31.1 0.387
31.1 0.414
32.4 0.438
4.8 0.441
11.3 0.424
23.3 0.398
23.7 0.47
29.9 0.406
23.3 0.407
26.3 0.422
28.7 0.4
24.1 0.404
25.2 0.404
25.2 0.408
28.5 0.429
24.7 0.433
34.0 0.462
34.6 0.458
34.3 0.455
30.5 0.458
28.7 0.432
26.3 0.423
23.7 0.439
25.4 0.424
26.1 0.424
26.1 0.452
28.9 0.422
9.5 0.438
18.0 0.413
22.0 0.415
23.9 0.406
20.8 0.125
19.3 0.4
6.7 0.323
6.3 0.349
22.1 0.484
34.9 0.484
37.1 0.495
37.5 0.5
39.6 0.512
36.3 0.484
37.7 0.458
36.2 0.466
35.4 0.466
35.4 0.513
30.6 0.477
8.1 0.5
4.0 0.536
13.7 0.551
14.8 0.454
15.0 0.43
12.6 0.395
9.5 0.5
9.7 0.427
17.7 0.427
17.7 0.358
11.3 0.453
11.3 0.561
15.6 0.354
10.2 0.487
3.5 0.529
16.3 0.445
21.4 0.464
32.1 0.545
15.6 0.489
14.6 0.558
14.7 0.333
7.0 0.462
7.8 0.5
5.8 0.418
10.5 0.442
20.3 0.44
19.8 0.439
20.6 0.4
25.2 0.417
25.1 0.386
23.9 0.45
31.4 0.47
35.0 0.448
35.7 0.432
33.3 0.399
28.7 0.442
29.9 0.454
27.1 0.454
27.1 0.455
11.0 0.548
25.3 0.528
16.0 0.525
12.1 0.558
27.5 0.508
32.2 0.487
30.0 0.48
22.0 0.427
24.8 0.354
14.2 0.2
7.1 0.5
8.7 0.143
8.8 0.349
11.4 0.473
9.9 0.427
20.7 0.425
19.1 0.42
23.7 0.42
23.8 0.364
8.7 0.368
17.8 0.368
17.4 0.403
14.8 0.416
17.9 0.401
12.6 0.418
14.9 0.326
13.8 0.425
18.5 0.367
5.8 0.369
8.8 0.408
11.9 0.5
18.4 0.41
10.0 0.35
13.5 0.2
8.5 0.394
11.8 0.382
15.1 0.461
20.6 0.391
18.3 0.435
18.0 0.392
24.6 0.467
22.9 0.429
32.3 0.407
35.6 0.414
23.8 0.388
24.6 0.398
25.9 0.397
27.4 0.413
30.7 0.368
21.7 0.368
21.7 0.351
20.3 0.363
28.5 0.32
27.0 0.461
37.0 0.453
37.3 0.466
39.7 0.471
39.9 0.455
37.3 0.416
35.8 0.455
34.7 0.455
35.4 0.455
35.4 0.463
34.0 0.455
17.7 0.439
16.5 0.432
30.4 0.391
23.9 0.466
19.1 0.4
27.8 0.351
26.2 0.34
19.5 0.389
8.3 0.396
6.9 0.489
8.9 0.532
9.9 0.558
16.8 0.598
16.9 0.548
13.4 0.614
11.1 0.736
7.9 0.646
9.6 0.646
9.6 0.62
12.8 0.488
7.6 0.429
11.5 0.4
4.1 0.604
10.7 0.443
13.0 0.405
13.5 0.393
13.9 0.0
13.0 0.353
20.1 0.421
8.7 0.449
17.5 0.432
25.5 0.435
21.8 0.397
24.3 0.426
34.2 0.409
32.1 0.401
29.7 0.423
36.2 0.412
34.5 0.412
34.5 0.427
37.0 0.464
18.0 0.504
20.8 0.534
30.1 0.538
27.8 0.531
34.3 0.495
32.8 0.49
30.4 0.461
33.5 0.476
32.7 0.476
32.7 0.47
32.7 0.442
8.8 0.362
10.1 0.412
3.9 0.561
5.5 0.48
7.5 0.444
16.4 0.389
6.7 0.522
7.2 0.478
18.9 0.414
20.3 0.411
10.0 0.393
5.6 0.393
5.6 0.444
4.4 0.286
7.4 0.552
4.1 0.536
6.5 0.533
33.4 0.476
32.1 0.426
33.0 0.434
28.3 0.399
29.0 0.433
11.4 0.572
14.4 0.524
17.5 0.429
11.8 0.496
9.7 0.424
22.3 0.408
14.6 0.357
8.9 0.363
14.8 0.444
8.1 0.391
17.4 0.439
22.0 0.441
25.6 0.425
27.2 0.434
30.5 0.455
28.2 0.477
30.9 0.477
30.9 0.48
28.0 0.445
3.3 0.364
4.9 0.286
12.9 0.352
8.7 0.392
15.3 0.476
23.5 0.492
29.9 0.505
33.0 0.508
36.6 0.475
37.2 0.448
36.9 0.484
37.4 0.403
33.3 0.426
29.7 0.426
29.7 0.454
35.2 0.408
35.4 0.454
37.7 0.48
37.2 0.473
37.2 0.4
12.2 0.428
20.8 0.426
22.0 0.44
28.6 0.471
25.9 0.432
21.8 0.481
27.5 0.415
26.0 0.418
18.8 0.418
18.8 0.505
23.4 0.441
6.0 0.458
4.8 0.667
12.4 0.286
6.2 0.44
18.7 0.563
20.1 0.562
19.7 0.569
16.4 0.553
12.2 0.504
13.4 0.423
18.0 0.451
27.5 0.462
22.6 0.471
21.0 0.367
18.8 0.353
7.9 0.45
12.8 0.448
16.6 0.379
16.1 0.235
6.0 0.384
12.1 0.427
14.9 0.286
18.7 0.434
12.1 0.446
11.4 0.521
11.1 0.468
15.4 0.478
12.9 0.437
16.7 0.465
27.1 0.498
33.7 0.471
33.6 0.439
36.0 0.459
35.0 0.424
32.1 0.424
32.1 0.443
33.4 0.44
14.8 0.333
4.3 0.407
20.8 0.483
16.1 0.478
16.5 0.535
19.5 0.559
21.1 0.515
9.1 0.375
5.6 0.581
8.3 0.581
8.3 0.6
5.1 0.625
7.3 0.442
21.0 0.406
17.0 0.437
24.5 0.417
29.8 0.395
25.8 0.485
25.2 0.423
22.4 0.423
22.4 0.386
24.6 0.429
22.8 0.411
20.5 0.431
30.3 0.395
21.9 0.434
21.8 0.425
24.4 0.481
32.2 0.426
26.1 0.426
26.1 0.384
20.4 0.422
11.9 0.404
25.0 0.432
35.6 0.375
19.6 0.432
33.4 0.479
35.7 0.45
33.3 0.392
26.9 0.462
25.1 0.416
31.1 0.429
31.7 0.429
26.1 0.442
30.6 0.445
32.1 0.444
35.5 0.433
35.1 0.44
34.5 0.45
33.5 0.446
31.8 0.446
31.8 0.422
31.4 0.46
24.4 0.375
24.4 0.32
15.4 0.436
13.9 0.368
17.4 0.305
13.6 0.46
8.5 0.486
13.6 0.442
21.5 0.437
17.3 0.448
29.5 0.421
23.4 0.448
31.3 0.457
24.4 0.459
12.2 0.459
19.0 0.477
17.0 0.459
24.3 0.477
26.1 0.485
31.1 0.468
27.5 0.438
23.4 0.468
23.8 0.468
23.8 0.478
25.9 0.454
34.6 0.476
39.0 0.476
39.5 0.462
38.9 0.496
38.6 0.51
38.5 0.503
38.5 0.51
33.8 0.51
33.8 0.505
35.8 0.537
7.8 0.583
7.4 0.547
8.3 0.44
8.6 0.4
11.3 0.25
6.8 0.567
12.6 0.533
13.4 0.561
25.4 0.555
32.0 0.521
30.8 0.542
32.8 0.566
29.9 0.566
29.9 0.567
30.1 0.579
10.0 0.485
12.8 0.512
9.7 0.566
13.0 0.516
16.6 0.533
12.2 0.443
28.2 0.446
36.8 0.453
37.1 0.449
13.1 0.466
29.3 0.468
26.4 0.465
21.2 0.489
24.9 0.464
27.2 0.456
30.9 0.393
17.5 0.393
17.5 0.405
18.2 0.484
31.4 0.525
33.5 0.551
35.1 0.557
35.1 0.553
31.6 0.543
37.2 0.567
33.0 0.538
30.5 0.538
30.5 0.505
32.1 0.473
25.0 0.382
23.3 0.403
31.8 0.418
17.7 0.378
16.9 0.574
21.3 0.536
30.9 0.502
26.4 0.503
24.4 0.54
23.2 0.517
12.9 0.515
17.0 0.515
17.0 0.556
15.4 0.374
10.2 0.467
9.0 0.435
9.9 0.432
26.2 0.365
6.0 0.396
14.6 0.448
17.6 0.429
3.5 0.422
8.5 0.521
12.5 0.547
22.2 0.475
14.4 0.455
22.2 0.436
30.3 0.528
17.4 0.528
17.4 0.372
14.2 0.373
27.8 0.468
25.9 0.462
17.2 0.407
17.7 0.292
3.1 0.333
20.7 0.556
24.2 0.504
30.1 0.525
32.8 0.508
30.4 0.481
36.8 0.475
35.3 0.445
30.6 0.445
30.6 0.383
21.9 0.49
9.1 0.386
8.7 0.41
6.3 0.307
7.8 0.188
24.7 0.531
30.3 0.514
32.6 0.504
32.6 0.491
31.3 0.472
26.6 0.47
17.1 0.467
20.5 0.467
20.5 0.45
21.5 0.47
26.5 0.445
27.5 0.456
21.1 0.466
26.3 0.428
26.7 0.408
27.1 0.429
26.7 0.374
18.6 0.374
18.6 0.473
20.3 0.38
3.7 0.5
19.0 0.439
31.9 0.405
34.2 0.439
31.2 0.429
29.9 0.406
28.6 0.436
26.7 0.44
26.4 0.44
26.4 0.413
22.0 0.373
27.3 0.446
37.4 0.473
27.7 0.476
8.0 0.43
9.4 0.436
11.5 0.457
24.5 0.468
27.5 0.371
13.3 0.368
23.7 0.418
19.0 0.437
18.9 0.434
24.9 0.434
24.9 0.343
19.9 0.387
4.2 0.412
5.1 0.571
3.6 0.429
17.5 0.417
11.1 0.429
9.9 0.528
11.2 0.466
14.3 0.5
12.8 0.513
15.4 0.444
22.4 0.418
19.2 0.441
31.8 0.403
27.9 0.413
23.9 0.435
28.3 0.366
23.8 0.366
23.8 0.339
19.1 0.43
21.0 0.495
34.4 0.47
32.0 0.541
26.0 0.507
27.9 0.531
34.6 0.454
34.4 0.466
32.0 0.466
32.0 0.514
33.0 0.527
5.9 0.5
5.0 0.444
12.1 0.167
19.9 0.436
14.5 0.43
22.3 0.439
32.2 0.423
30.9 0.438
36.1 0.399
27.5 0.399
27.5 0.427
30.4 0.418
19.3 0.432
14.3 0.497
26.5 0.386
18.4 0.416
33.6 0.376
29.3 0.35
16.1 0.415
27.3 0.399
24.0 0.399
24.0 0.423
19.0 0.377
18.4 0.519
24.8 0.455
31.5 0.451
30.4 0.423
38.5 0.465
36.0 0.4
33.5 0.4
33.5 0.426
35.0 0.403
12.4 0.414
17.6 0.422
21.1 0.424
22.7 0.419
22.1 0.402
23.4 0.426
22.3 0.426
22.3 0.423
28.9 0.344
24.8 0.45
29.8 0.45
32.3 0.445
23.1 0.405
20.7 0.499
15.1 0.434
21.0 0.434
21.0 0.522
18.2 0.532
13.7 0.371
32.0 0.401
24.8 0.399
22.6 0.448
28.5 0.429
26.9 0.454
29.8 0.403
29.6 0.403
29.6 0.41
2.0 0.45
7.1 0.525
13.3 0.445
25.8 0.429
13.2 0.452
18.0 0.435
17.6 0.462
26.5 0.443
33.5 0.505
35.1 0.501
33.8 0.501
33.8 0.477
32.8 0.475
25.6 0.378
23.2 0.37
23.3 0.44
14.7 0.423
33.9 0.414
33.9 0.414
31.4 0.418
30.7 0.581
35.8 0.527
31.9 0.482
36.5 0.494
35.0 0.473
33.4 0.494
33.2 0.494
33.2 0.464
34.4 0.459
1.3 0.467
34.3 0.449
36.0 0.45
37.7 0.45
34.4 0.402
30.1 0.436
32.1 0.411
33.1 0.411
33.1 0.418
32.9 0.406
13.2 0.441
21.4 0.404
16.3 0.406
6.3 0.387
6.7 0.517
5.4 0.542
5.9 0.427
10.3 0.526
14.4 0.495
25.1 0.461
27.7 0.497
29.8 0.448
28.7 0.439
29.7 0.446
25.3 0.446
25.3 0.443
23.2 0.544
11.4 0.554
20.9 0.458
28.2 0.467
23.0 0.562
29.0 0.508
26.9 0.475
19.3 0.475
19.3 0.516
16.5 0.478
29.2 0.453
28.3 0.442
25.5 0.443
34.5 0.442
32.0 0.477
29.5 0.477
29.5 0.441
34.1 0.477
5.8 0.333
8.4 0.3
4.4 0.487
3.2 0.441
14.5 0.605
16.2 0.686
25.6 0.632
27.2 0.643
24.5 0.676
35.0 0.71
34.4 0.71
34.4 0.703
33.7 0.714
11.8 0.468
4.8 0.453
8.7 0.599
16.5 0.581
22.4 0.495
16.9 0.508
16.6 0.508
16.6 0.532
19.0 0.551
25.2 0.436
33.5 0.439
21.3 0.433
30.3 0.464
24.9 0.48
25.0 0.448
30.6 0.448
30.6 0.454
29.5 0.456
30.5 0.499
36.9 0.492
35.2 0.494
27.2 0.521
30.4 0.563
31.4 0.513
29.2 0.513
29.2 0.511
33.7 0.474
10.2 0.588
19.3 0.501
14.8 0.461
14.0 0.534
26.0 0.551
31.7 0.535
27.8 0.535
27.8 0.539
27.1 0.493
25.3 0.45
28.6 0.47
35.8 0.448
39.0 0.352
34.3 0.457
36.3 0.434
33.8 0.434
33.8 0.419
31.5 0.427
8.1 0.368
21.7 0.39
10.4 0.44
23.0 0.381
16.9 0.42
14.7 0.283
8.6 0.283
38.0 0.458
38.0 0.407
26.3 0.408
26.8 0.449
35.5 0.407
25.9 0.422
23.9 0.422
23.9 0.371
25.8 0.48
25.6 0.463
26.5 0.51
23.5 0.401
22.9 0.451
15.7 0.395
28.6 0.395
28.6 0.454
17.0 0.505
15.2 0.508
16.1 0.55
27.8 0.556
25.2 0.575
18.1 0.447
15.8 0.532
11.1 0.532
11.1 0.575
10.9 0.652
22.6 0.468
29.2 0.45
32.0 0.413
26.4 0.441
9.3 0.458
18.8 0.463
24.4 0.463
24.4 0.408
13.6 0.389
21.5 0.605
17.9 0.443
22.7 0.466
14.8 0.47
15.2 0.491
8.4 0.386
37.0 0.489
36.8 0.445
37.4 0.435
24.0 0.423
30.4 0.421
26.2 0.501
26.4 0.667
12.5 0.333
11.0 0.204
8.2 0.204
8.2 0.427
14.7 0.374
16.0 0.477
16.4 0.495
11.5 0.453
22.4 0.445
16.5 0.441
12.4 0.492
15.9 0.492
15.9 0.432
11.6 0.445
28.1 0.472
31.4 0.507
23.3 0.535
25.9 0.502
27.9 0.506
24.5 0.47
24.6 0.47
24.6 0.481
10.9 0.43
31.0 0.45
21.0 0.39
17.3 0.38
15.5 0.42
20.3 0.41
18.8 0.41
18.8 0.386
18.6 0.442
12.4 0.467
7.4 0.517
21.9 0.441
12.9 0.398
20.8 0.364
12.0 0.36
4.6 0.515
19.8 0.444
32.5 0.418
34.3 0.442
34.7 0.457
35.3 0.438
34.9 0.437
30.7 0.426
34.4 0.426
34.4 0.454
34.4 0.425
18.6 0.61
8.5 0.507
14.6 0.493
18.9 0.522
7.2 0.0
2.0 0.393
13.7 0.325
14.1 0.463
12.5 0.422
17.7 0.422
21.7 0.369
18.2 0.501
21.4 0.534
21.3 0.524
14.0 0.534
15.6 0.456
6.2 0.456
6.2 0.412
12.6 0.511
10.7 0.333
9.4 0.565
11.8 0.518
20.1 0.425
22.3 0.442
22.4 0.414
22.1 0.394
18.3 0.433
19.2 0.433
19.2 0.435
11.2 0.333
4.2 0.41
14.5 0.46
16.8 0.47
32.1 0.487
31.3 0.487
31.3 0.389
30.2 0.4
25.1 0.412
24.0 0.403
20.6 0.394
11.7 0.422
18.1 0.489
21.1 0.489
21.1 0.481
27.2 0.47
7.5 0.43
11.0 0.367
12.4 0.44
23.1 0.372
14.2 0.367
9.3 0.367
27.8 0.457
29.9 0.44
31.3 0.471
29.3 0.467
25.9 0.473
34.8 0.473
34.8 0.486
30.0 0.476
11.2 0.462
21.0 0.516
17.6 0.468
25.1 0.464
20.2 0.457
25.0 0.457
25.0 0.451
24.6 0.485
36.2 0.48
33.6 0.49
28.2 0.451
38.2 0.471
36.5 0.487
32.7 0.487
32.7 0.504
34.2 0.468
13.3 0.41
20.1 0.322
14.7 0.433
12.3 0.353
6.7 0.355
10.1 0.355
21.6 0.467
34.8 0.422
35.0 0.445
36.7 0.429
38.2 0.413
35.0 0.413
35.0 0.446
35.9 0.467
19.4 0.416
24.3 0.324
17.3 0.403
18.2 0.384
13.2 0.373
14.8 0.373
14.8 0.411
20.7 0.368
18.2 0.403
19.0 0.404
19.1 0.427
21.3 0.437
8.7 0.412
25.8 0.412
25.8 0.389
21.3 0.416
37.2 0.409
37.0 0.453
34.3 0.478
31.0 0.436
28.2 0.447
34.1 0.447
34.1 0.433
30.6 0.405
28.9 0.365
18.5 0.351
6.8 0.4
12.5 0.376
16.5 0.458
20.0 0.412
29.0 0.41
31.0 0.415
15.7 0.468
12.3 0.468
12.3 0.518
22.4 0.214
26.9 0.466
21.8 0.495
20.4 0.485
22.4 0.479
28.7 0.502
27.3 0.502
27.3 0.526
26.5 0.515
5.8 0.486
11.5 0.442
23.1 0.448
27.5 0.432
24.3 0.436
28.5 0.436
28.5 0.376
26.1 0.392
17.6 0.465
21.9 0.405
21.8 0.432
16.9 0.474
15.3 0.521
14.3 0.521
14.3 0.451
22.9 0.436
26.7 0.491
31.4 0.438
38.3 0.456
38.0 0.44
36.8 0.44
36.8 0.439
38.1 0.44
8.3 0.454
24.4 0.459
33.3 0.447
31.4 0.433
32.0 0.437
28.9 0.437
28.9 0.439
19.9 0.423
13.3 0.491
15.6 0.497
14.1 0.497
15.8 0.549
20.8 0.459
26.8 0.459
26.8 0.506
20.7 0.385
24.2 0.446
35.4 0.432
33.8 0.431
37.5 0.447
33.6 0.446
32.6 0.446
32.6 0.439
28.2 0.454
5.2 0.25
6.6 0.383
18.1 0.543
27.0 0.535
27.2 0.573
31.1 0.536
32.9 0.476
33.1 0.476
33.1 0.479
32.1 0.48
5.2 0.477
32.6 0.39
34.4 0.418
35.3 0.399
36.2 0.373
34.1 0.401
28.6 0.401
28.6 0.368
18.1 0.359
11.6 0.456
21.6 0.45
25.2 0.413
16.3 0.464
18.4 0.589
19.6 0.589
19.6 0.475
16.2 0.479
20.3 0.503
26.3 0.488
34.8 0.461
34.4 0.431
35.8 0.436
35.5 0.436
35.5 0.393
21.4 0.454
24.7 0.449
33.6 0.412
33.8 0.436
34.8 0.441
33.9 0.448
33.7 0.448
33.7 0.388
33.9 0.393
15.7 0.402
14.6 0.359
15.2 0.377
15.0 0.317
12.0 0.425
27.9 0.409
24.9 0.387
21.3 0.463
33.2 0.416
24.4 0.416
24.4 0.35
14.3 0.402
3.8 0.412
12.2 0.485
16.3 0.469
11.3 0.464
18.9 0.381
4.2 0.321
6.5 0.425
22.5 0.385
26.9 0.442
15.4 0.356
15.9 0.339
12.9 0.39
22.4 0.413
3.5 0.372
12.5 0.372
9.2 0.406
9.0 0.431
13.9 0.25
9.8 0.48
10.1 0.438
13.8 0.476
33.1 0.451
32.9 0.438
32.2 0.46
30.5 0.46
30.5 0.439
28.5 0.442
12.4 0.294
13.0 0.425
7.9 0.524
7.0 0.604
11.7 0.565
25.6 0.434
24.3 0.438
34.9 0.429
24.0 0.394
24.2 0.406
15.0 0.406
15.0 0.399
18.2 0.4
32.6 0.469
20.3 0.416
22.6 0.432
9.5 0.556
5.7 0.385
5.3 0.385
22.6 0.374
13.8 0.429
18.3 0.495
16.5 0.472
20.2 0.354
10.7 0.392
8.5 0.438
7.9 0.429
13.7 0.52
18.1 0.432
12.6 0.432
4.9 0.361
7.9 0.524
6.7 0.55
8.6 0.541
7.2 0.478
16.0 0.478
16.0 0.596
13.3 0.523
17.9 0.411
22.4 0.475
27.2 0.474
25.6 0.412
18.5 0.412
18.5 0.416
28.5 0.393
11.0 0.379
11.8 0.413
10.3 0.431
12.1 0.506
14.7 0.541
30.0 0.532
20.2 0.517
26.1 0.517
26.1 0.533
17.3 0.477
5.7 0.41
13.4 0.368
11.8 0.39
17.5 0.479
13.2 0.479
13.2 0.422
18.0 0.402
22.7 0.389
11.6 0.445
20.4 0.477
32.9 0.447
34.6 0.447
34.6 0.453
34.2 0.434
16.4 0.531
25.2 0.491
18.5 0.551
21.6 0.487
19.8 0.487
19.8 0.49
20.7 0.516
11.0 0.273
5.2 0.498
21.4 0.402
28.7 0.438
30.9 0.429
31.5 0.429
31.5 0.447
33.4 0.463
28.5 0.448
30.5 0.465
30.5 0.496
32.4 0.467
34.1 0.467
34.1 0.451
34.6 0.452
24.5 0.4
27.4 0.415
24.4 0.415
24.6 0.513
23.2 0.539
20.1 0.534
15.2 0.601
23.3 0.601
23.3 0.611
20.8 0.528
5.9 0.416
16.5 0.329
14.5 0.527
9.4 0.643
7.5 0.614
5.8 0.527
18.3 0.552
7.0 0.552
7.0 0.542
21.5 0.24
19.7 0.499
21.2 0.482
23.2 0.522
30.2 0.525
30.8 0.525
30.8 0.515
32.0 0.487
31.0 0.46
28.7 0.457
20.3 0.403
10.7 0.488
8.3 0.488
12.6 0.413
20.7 0.44
29.7 0.419
37.6 0.424
36.2 0.367
15.2 0.367
15.2 0.418
34.8 0.461
38.0 0.549
36.2 0.538
32.5 0.528
35.8 0.502
35.2 0.502
35.2 0.499
33.4 0.493
13.1 0.354
17.3 0.4
16.9 0.456
30.5 0.435
29.2 0.413
36.4 0.445
34.4 0.445
34.4 0.433
36.2 0.471
10.0 0.342
5.4 0.2
13.9 0.395
16.9 0.41
12.5 0.417
21.1 0.231
9.6 0.231
16.1 0.371
24.3 0.0
0.0 0.222
7.3 0.465
9.9 0.488
6.5 0.64
9.5 0.397
19.7 0.403
18.1 0.403
18.1 0.371
26.2 0.398
22.6 0.407
19.1 0.425
28.4 0.414
29.5 0.414
29.5 0.404
20.8 0.365
7.5 0.397
8.1 0.367
9.8 0.446
26.9 0.441
32.2 0.446
28.9 0.424
25.8 0.424
25.8 0.412
26.3 0.438
27.8 0.521
31.5 0.486
33.2 0.497
32.8 0.496
31.0 0.496
31.0 0.522
29.3 0.533
11.6 0.526
15.6 0.506
8.9 0.523
21.6 0.555
25.2 0.555
25.2 0.565
17.4 0.515
5.0 0.0
21.1 0.436
21.5 0.412
21.8 0.41
21.4 0.374
22.1 0.374
22.1 0.465
20.2 0.0
11.9 0.364
16.7 0.44
23.2 0.512
25.0 0.46
23.6 0.449
26.6 0.449
26.6 0.414
25.6 0.401
13.6 0.564
26.9 0.52
31.6 0.541
30.8 0.424
26.3 0.424
26.3 0.38
5.5 0.468
8.6 0.364
2.9 0.0
11.1 0.452
15.7 0.428
21.1 0.392
18.0 0.421
23.9 0.421
18.9 0.455
15.3 0.367
14.5 0.457
12.4 0.506
27.3 0.469
25.4 0.5
21.7 0.5
10.9 0.531
20.6 0.461
21.8 0.505
10.9 0.513
15.6 0.513
15.6 0.41
11.0 0.551
10.3 0.383
9.0 0.352
9.9 0.423
14.4 0.39
15.1 0.39
15.1 0.411
29.1 0.439
12.3 0.618
19.0 0.56
24.7 0.523
21.5 0.558
19.8 0.558
19.8 0.523
16.1 0.452
9.6 0.376
10.5 0.46
29.2 0.491
35.3 0.376
25.8 0.376
25.8 0.481
19.9 0.45
23.0 0.446
26.4 0.419
35.3 0.425
30.3 0.429
27.6 0.429
27.6 0.456
28.0 0.426
17.8 0.431
21.1 0.435
17.3 0.399
19.1 0.458
3.9 0.458
10.4 0.354
12.3 0.43
25.8 0.433
34.4 0.421
22.5 0.408
24.3 0.408
24.3 0.326
20.0 0.25
37.8 0.423
36.2 0.441
32.7 0.433
36.3 0.445
35.9 0.445
35.9 0.424
36.2 0.451
2.0 0.444
15.2 0.454
21.1 0.447
16.5 0.472
17.0 0.472
17.0 0.516
20.2 0.458
20.1 0.551
13.3 0.51
23.1 0.451
27.3 0.611
13.9 0.543
19.4 0.543
19.4 0.542
22.0 0.528
29.4 0.463
12.5 0.456
15.9 0.42
17.8 0.457
28.1 0.403
33.3 0.403
33.3 0.41
25.7 0.399
8.5 0.467
26.0 0.397
38.7 0.462
38.7 0.462
38.7 0.454
36.9 0.455
19.4 0.421
19.9 0.414
24.6 0.412
24.4 0.412
24.4 0.405
26.6 0.308
15.2 0.0
22.5 0.552
28.1 0.545
27.2 0.507
27.8 0.507
27.8 0.558
25.3 0.548
18.6 0.421
14.0 0.471
10.6 0.38
10.2 0.38
10.2 0.4
10.5 0.0
9.9 0.418
9.9 0.391
17.0 0.4
8.7 0.4
8.7 0.422
14.6 0.444
5.2 0.463
14.5 0.148
11.4 0.455
23.6 0.464
30.3 0.466
34.8 0.466
34.8 0.469
33.1 0.481
11.1 0.316
5.9 0.273
30.5 0.452
34.7 0.43
35.2 0.468
36.4 0.468
36.4 0.448
31.5 0.473
11.1 0.458
14.2 0.44
28.5 0.434
29.5 0.434
29.5 0.434
30.7 0.419
17.5 0.405
16.7 0.52
9.2 0.464
13.9 0.475
13.8 0.504
18.3 0.504
18.3 0.439
25.6 0.452
13.2 0.544
15.4 0.491
26.7 0.519
28.5 0.519
28.5 0.576
21.0 0.545
32.3 0.407
31.5 0.422
33.3 0.422
32.3 0.422
32.3 0.415
36.0 0.398
12.8 0.382
24.0 0.494
31.2 0.522
29.1 0.479
31.8 0.479
31.8 0.506
33.1 0.485
12.1 0.481
6.7 0.492
13.1 0.443
13.1 0.443
13.1 0.481
18.7 0.48
6.8 0.447
7.4 1.0
12.2 0.46
13.4 0.417
20.4 0.401
15.1 0.401
15.1 0.439
20.3 0.446
8.7 0.396
22.4 0.428
19.1 0.446
9.0 0.446
9.0 0.481
21.4 0.457
8.9 0.388
14.2 0.406
11.6 0.34
7.9 0.34
7.4 0.422
19.8 0.442
22.0 0.434
25.2 0.434
25.2 0.434
35.7 0.418
19.5 0.407
22.4 0.486
26.6 0.465
31.5 0.465
31.5 0.425
25.5 0.457
11.7 0.462
8.0 0.447
9.6 0.396
28.6 0.486
36.3 0.472
37.6 0.462
33.1 0.462
33.1 0.492
29.5 0.338
34.2 0.36
29.7 0.381
32.2 0.356
31.5 0.356
31.5 0.374
30.6 0.402
8.5 0.273
28.9 0.396
22.1 0.378
26.5 0.41
24.9 0.41
24.9 0.374
24.4 0.411
21.7 0.382
16.2 0.373
20.3 0.346
11.4 0.376
8.2 0.408
20.9 0.408
20.9 0.44
8.6 0.62
15.9 0.643
9.1 0.612
8.6 0.612
8.6 0.563
12.3 0.368
13.9 0.457
15.9 0.574
18.3 0.75
3.9 0.75
8.1 1.0
7.0 0.412
25.5 0.44
26.9 0.453
34.7 0.42
25.8 0.42
25.8 0.428
32.2 0.463
15.0 0.5
10.9 0.222
8.4 0.412
24.0 0.412
24.0 0.442
22.3 0.398
5.0 0.5
4.8 0.438
7.9 0.45
11.4 0.45
24.4 0.422
35.8 0.444
35.4 0.463
31.9 0.463
31.9 0.47
33.3 0.468
23.7 0.488
31.3 0.477
31.6 0.547
26.8 0.547
26.8 0.588
27.7 0.6
13.5 0.375
3.2 0.517
18.9 0.5
11.8 0.514
15.9 0.519
33.2 0.507
31.8 0.523
34.2 0.523
34.2 0.51
31.3 0.468
27.2 0.423
34.9 0.393
35.8 0.385
34.2 0.385
34.2 0.427
35.6 0.444
21.5 0.43
24.6 0.427
23.3 0.447
19.8 0.447
19.8 0.45
17.9 0.443
7.8 0.5
1.3 0.6
11.8 0.468
13.4 0.459
18.9 0.459
18.9 0.556
14.8 0.412
25.4 0.399
28.3 0.482
28.3 0.482
28.3 0.466
30.9 0.468
12.2 0.417
9.4 0.425
16.9 0.425
16.9 0.432
28.7 0.443
8.8 0.436
9.3 0.566
16.0 0.566
16.0 0.505
15.2 0.513
4.4 0.429
13.6 0.426
17.7 0.426
17.7 0.441
27.8 0.409
31.2 0.419
34.7 0.427
33.4 0.427
33.4 0.449
31.1 0.482
17.4 0.414
31.3 0.383
30.8 0.383
30.8 0.434
28.7 0.42
16.6 0.405
8.8 0.45
7.6 0.45
15.4 0.47
6.5 0.361
16.6 0.361
16.6 0.333
17.3 0.439
16.1 0.42
20.1 0.42
20.1 0.443
31.6 0.463
3.3 0.286
6.2 0.364
4.7 0.364
4.7 0.343
28.8 0.519
35.2 0.535
36.1 0.535
36.1 0.493
35.5 0.505
12.8 0.418
20.7 0.623
32.3 0.514
30.5 0.514
30.5 0.521
32.9 0.53
11.3 0.419
19.8 0.44
28.6 0.44
28.6 0.462
32.5 0.439
9.4 0.475
14.0 0.49
12.9 0.49
7.8 0.381
13.4 0.407
21.9 0.443
31.5 0.443
31.5 0.49
34.7 0.418
26.0 0.464
24.4 0.399
15.0 0.399
15.0 0.474
18.7 0.503
13.1 0.538
26.5 0.566
18.3 0.566
18.3 0.564
16.8 0.515
9.9 0.478
4.9 0.444
9.9 0.444
14.8 0.381
12.2 0.495
12.4 0.495
12.4 0.444
11.2 0.4
12.1 0.319
1.5 0.0
7.4 0.459
12.3 0.397
14.7 0.397
14.5 0.542
27.3 0.528
26.9 0.528
26.9 0.452
20.9 0.47
26.0 0.473
24.2 0.465
28.9 0.465
28.9 0.541
29.3 0.477
9.0 0.533
12.3 0.394
6.4 0.432
19.7 0.416
13.5 0.416
13.5 0.451
18.6 0.46
17.5 0.451
8.9 0.51
15.4 0.51
15.4 0.448
21.9 0.386
38.6 0.424
35.8 0.434
35.7 0.434
35.7 0.419
35.7 0.444
14.6 0.406
29.0 0.455
14.9 0.455
14.9 0.364
17.6 0.44
30.0 0.467
30.1 0.467
30.1 0.444
36.1 0.45
13.3 0.44
16.1 0.143
8.6 0.143
3.7 0.367
15.2 0.237
11.9 0.237
12.2 0.443
15.4 0.504
28.7 0.504
28.7 0.439
14.8 0.413
11.5 0.421
16.7 0.429
15.4 0.437
12.3 0.437
12.3 0.471
14.7 0.387
11.2 0.501
17.2 0.492
16.2 0.492
16.2 0.476
11.8 0.521
3.9 0.517
24.6 0.535
16.4 0.535
16.4 0.601
14.3 0.478
16.2 0.461
19.4 0.399
17.9 0.399
17.9 0.374
23.2 0.405
19.4 0.409
20.6 0.409
20.6 0.438
21.9 0.442
17.0 0.42
23.2 0.389
18.5 0.389
18.5 0.448
9.2 0.377
15.1 0.481
12.5 0.485
14.8 0.485
14.8 0.447
12.9 0.536
17.0 0.423
26.7 0.41
25.5 0.41
25.5 0.431
23.9 0.437
6.3 0.477
16.8 0.412
16.9 0.412
16.9 0.413
9.4 0.479
18.5 0.444
16.5 0.444
16.5 0.468
15.3 0.288
4.9 0.464
23.9 0.321
10.5 0.397
18.3 0.397
2.5 0.474
19.0 0.474
19.2 0.474
19.2 0.429
28.0 0.447
28.5 0.386
21.8 0.386
21.8 0.389
14.4 0.41
19.8 0.427
27.6 0.439
27.0 0.439
27.0 0.435
23.6 0.319
19.6 0.376
24.2 0.395
14.8 0.395
5.8 0.341
8.2 0.319
9.4 0.418
19.4 0.382
22.3 0.382
22.3 0.427
21.3 0.373
23.9 0.531
28.2 0.572
26.2 0.572
26.2 0.565
26.0 0.557
4.5 0.6
28.8 0.433
29.6 0.396
27.6 0.396
27.6 0.399
27.6 0.424
7.5 0.5
7.8 0.427
24.5 0.403
29.8 0.403
29.8 0.338
26.4 0.538
15.0 0.549
21.1 0.549
21.1 0.476
11.8 0.494
14.8 0.544
25.3 0.544
25.3 0.613
25.2 0.571
24.6 0.491
31.4 0.491
31.4 0.506
35.3 0.521
18.5 0.365
16.5 0.365
18.6 0.42
17.7 0.42
17.7 0.446
22.5 0.414
12.8 0.421
15.7 0.421
15.7 0.296
4.4 0.413
5.0 0.3
37.0 0.3
8.6 0.426
18.9 0.426
18.9 0.32
9.2 0.343
9.4 0.343
9.4 0.439
11.6 0.422
32.3 0.368
30.1 0.368
30.1 0.413
21.3 0.455
10.4 0.45
20.5 0.45
16.5 0.421
14.4 0.421
19.8 0.401
31.5 0.401
31.5 0.42
36.7 0.399
11.5 0.386
20.0 0.386
20.0 0.36
25.5 0.364
34.5 0.396
32.6 0.396
32.6 0.452
30.5 0.366
7.5 0.345
6.4 0.345
6.4 0.441
8.8 0.487
4.9 0.396
27.9 0.396
27.9 0.385
28.4 0.399
6.7 0.412
13.4 0.412
13.4 0.459
26.0 0.468
6.5 0.0
4.0 0.0
4.0 0.455
15.7 0.481
15.0 0.37
8.4 0.37
8.4 0.476
11.1 0.374
7.0 0.483
10.0 0.483
11.3 0.401
15.7 0.401
12.6 0.562
14.3 0.562
14.3 0.559
12.2 0.622
17.7 0.362
20.6 0.362
20.6 0.405
24.6 0.39
13.6 0.506
30.0 0.506
30.0 0.532
27.1 0.502
7.7 0.5
4.3 0.5
9.6 0.604
26.3 0.604
26.3 0.559
31.7 0.661
10.3 0.393
13.0 0.393
13.0 0.417
19.5 0.545
16.3 0.537
8.8 0.537
8.8 0.545
9.0 0.478
17.4 0.478
8.1 0.396
29.0 0.396
29.0 0.447
14.7 0.383
12.4 0.459
16.5 0.459
7.1 0.403
16.8 0.403
16.8 0.405
22.2 0.337
23.7 0.337
23.7 0.369
13.1 0.286
4.4 0.667
4.5 0.667
10.2 0.433
24.5 0.433
24.5 0.442
3.0 0.333
14.4 0.333
8.6 0.507
22.0 0.507
22.0 0.423
23.3 0.497
14.1 0.404
13.0 0.404
19.9 0.438
21.1 0.438
21.1 0.377
12.5 0.436
15.7 0.436
15.7 0.448
34.8 0.48
26.7 0.437
32.6 0.437
32.6 0.429
21.2 0.43
9.4 0.15
10.8 0.15
7.8 0.489
22.8 0.489
22.8 0.465
20.5 0.482
7.3 0.4
3.6 0.4
10.8 0.55
12.6 0.55
12.6 0.5
9.4 0.504
31.1 0.436
35.7 0.436
35.7 0.438
33.0 0.442
20.0 0.475
22.2 0.475
22.2 0.455
20.2 0.512
6.0 0.857
11.3 0.857
18.2 0.573
21.3 0.573
21.3 0.516
25.4 0.536
8.6 0.45
19.4 0.45
19.4 0.473
30.3 0.516
15.1 0.368
12.0 0.368
12.0 0.385
9.7 0.375
4.6 0.375
10.0 0.458
19.2 0.458
19.2 0.496
22.2 0.464
13.1 0.427
19.7 0.427
19.7 0.421
20.3 0.451
16.0 0.429
19.6 0.429
19.6 0.372
20.3 0.455
22.6 0.413
25.0 0.413
25.0 0.397
28.0 0.385
11.8 0.5
7.0 0.5
7.0 0.537
12.9 0.534
22.6 0.351
11.8 0.351
17.3 0.461
24.0 0.461
24.0 0.529
24.3 0.571
8.3 0.407
8.3 0.333
13.2 0.513
10.8 0.348
10.8 0.468
16.0 0.445
3.6 0.214
3.6 0.325
1.5 0.0
1.0 0.5
19.0 0.575
19.0 0.548
12.7 0.51
23.8 0.453
23.8 0.433
26.8 0.445
29.9 0.412
16.6 0.362
16.6 0.394
2.9 0.333
2.9 0.083
7.2 0.375
7.5 0.483
7.5 0.582
19.1 0.643
8.6 0.263
7.3 0.25
25.0 0.448
25.0 0.433
32.3 0.445
5.4 0.409
10.6 0.42
10.6 0.4
5.5 0.167
13.4 0.302
13.4 0.352
13.3 0.444
4.7 0.367
18.3 0.345
16.6 0.355
16.6 0.3
17.0 0.409
17.0 0.478
15.0 0.455
12.5 0.361
12.5 0.449
14.2 0.433
22.2 0.349
21.7 0.344
21.7 0.419
14.5 0.403
32.4 0.399
32.4 0.393
24.8 0.38
17.0 0.447
17.0 0.473
23.9 0.454
7.9 0.421
21.2 0.352
21.2 0.419
26.8 0.463
9.5 0.377
9.5 0.385
6.8 0.574
6.8 0.465
18.5 0.5
15.3 0.323
15.3 0.355
13.1 0.304
13.1 0.469
32.1 0.502
9.7 0.4
9.7 0.25
3.0 0.425
21.3 0.414
21.3 0.42
32.2 0.408
21.2 0.415
21.2 0.426
15.3 0.452
10.6 0.449
10.6 0.409
6.4 0.269
9.4 0.347
18.8 0.419
18.8 0.486
24.0 0.433
18.0 0.35
18.0 0.456
19.9 0.415
2.8 0.25
11.2 0.404
11.2 0.513
17.6 0.44
24.7 0.422
24.7 0.452
28.0 0.459
6.0 0.0
13.0 0.318
13.0 0.296
9.1 0.545
9.1 0.536
6.4 0.53
21.8 0.396
21.8 0.403
6.4 0.456
8.9 0.402
8.9 0.452
23.0 0.447
15.2 0.533
15.2 0.478
6.0 0.273
19.7 0.34
19.7 0.282
8.7 0.143
20.2 0.405
20.2 0.407
24.9 0.413
0.7 1.0
0.7 0.5
19.8 0.382
19.8 0.338
10.9 0.399
30.8 0.462
30.8 0.521
29.3 0.595
3.8 0.25
3.8 0.636
7.8 0.66
17.8 0.446
17.8 0.417
17.1 0.507
10.8 0.367
10.8 0.411
13.0 0.5
18.5 0.35
18.5 0.364
29.5 0.49
29.5 0.493
31.7 0.49
23.1 0.414
23.1 0.366
9.3 0.426
30.4 0.425
30.4 0.436
29.4 0.471
8.1 0.463
8.1 0.493
14.4 0.515
14.0 0.333
14.0 0.429
28.2 0.488
15.4 0.452
15.4 0.403
8.4 0.352
15.3 0.422
15.3 0.442
27.0 0.367
27.0 0.348
27.3 0.359
5.4 0.32
5.4 0.318
15.4 0.365
15.4 0.385
24.8 0.396
11.0 0.333
6.6 0.568
6.6 0.6
2.6 1.0
10.4 0.395
10.4 0.421
15.1 0.481
15.4 0.528
15.4 0.501
22.8 0.495
3.5 0.0
13.2 0.402
5.4 0.452
5.4 0.455
36.2 0.437
36.2 0.459
35.1 0.452
4.8 0.421
4.8 0.394
7.3 0.258
10.7 0.353
10.7 0.306
6.9 0.431
15.7 0.425
20.5 0.44
11.8 0.424
17.9 0.424
27.7 0.423
20.7 0.36
21.4 0.53
6.0 0.442
4.2 0.514
2.0 0.473
5.7 0.316
10.4 0.579
16.6 0.425
9.7 0.652
4.4 0.0
17.9 0.355
10.1 0.373
21.2 0.434
13.8 0.558
16.4 0.368
11.0 0.545
8.8 0.0
23.1 0.353
21.7 0.578
15.5 0.414
21.1 0.399
4.2 0.523
17.3 0.362
9.4 0.545
14.1 0.384
19.8 0.461
15.1 0.5
8.9 0.387
11.7 0.642
3.6 0.441
30.4 0.377
20.1 0.526
18.5 0.451
30.0 0.514
10.7 0.421
11.3 0.2
12.2 0.332
17.8 0.488
28.4 0.45
14.8 0.449
10.9 0.568
21.3 0.394
8.0 0.367
28.2 0.405
14.8 0.42
6.6 0.8
14.5 0.556
32.0 0.542
22.8 0.511
14.3 0.365
24.1 0.417
6.8 0.517
28.6 0.356
8.5 0.522
8.5 0.422
9.4 0.361
