14.5 0.727
18.4 0.5
40.0 0.801
38.7 0.841
38.1 0.869
31.6 0.866
34.6 0.784
27.2 0.726
25.2 1.0
21.3 0.81
23.7 0.808
38.2 0.873
36.6 0.916
37.9 0.904
38.4 0.883
39.3 0.903
38.7 0.903
40.3 0.907
35.9 0.952
36.4 0.913
35.2 0.881
36.1 0.915
34.0 0.886
25.8 0.905
7.8 0.621
12.0 0.685
20.9 0.769
31.5 0.74
34.0 0.692
38.6 0.734
37.1 0.715
34.1 0.75
31.8 0.728
20.9 0.638
10.9 0.481
34.9 0.856
26.6 0.859
33.6 0.824
35.5 0.805
26.4 0.838
24.3 0.877
23.8 0.737
25.7 0.742
32.0 0.789
18.6 0.729
20.6 0.73
8.0 0.556
29.2 0.692
19.5 0.732
21.1 0.764
24.7 0.818
17.7 0.722
14.8 0.659
36.9 0.888
33.3 0.878
28.7 0.854
28.4 0.853
15.0 0.786
10.0 0.785
15.7 0.667
29.2 0.692
28.9 0.816
21.5 0.753
24.1 0.803
35.4 0.791
24.1 0.81
27.5 0.444
14.7 0.938
12.5 0.926
17.9 0.762
17.1 0.75
12.3 0.791
20.5 0.74
12.1 0.7
16.3 1.0
8.4 0.684
7.4 0.586
12.8 0.75
28.0 0.633
31.1 0.673
18.1 0.726
24.3 0.529
7.6 0.722
4.8 0.9
18.0 0.778
26.5 0.846
37.5 0.795
33.1 0.827
30.6 0.837
21.5 0.661
17.0 0.88
21.7 0.95
17.9 0.95
16.3 0.931
24.2 0.86
18.4 0.845
19.3 0.873
21.8 0.828
21.1 0.677
24.6 0.746
25.1 0.742
20.2 0.723
23.4 0.664
27.0 0.675
6.0 0.75
12.0 0.676
15.6 0.786
24.6 0.747
28.4 0.788
37.5 0.776
37.4 0.868
35.3 0.853
34.6 1.0
30.0 0.892
30.8 0.84
9.7 0.773
21.1 0.714
17.8 0.83
12.9 0.5
13.3 1.0
31.9 0.897
23.6 0.854
25.1 0.87
12.5 0.885
38.9 0.803
33.2 0.861
33.4 0.815
36.3 0.775
38.6 0.849
38.6 0.83
34.0 0.78
32.8 0.789
34.7 0.861
27.4 0.629
28.6 0.75
23.2 0.885
28.7 0.878
31.4 0.878
35.4 0.898
35.8 0.894
36.1 0.883
36.2 0.918
32.3 0.913
35.3 0.91
34.1 0.916
32.1 0.895
30.4 0.938
19.0 0.833
34.1 0.5
19.2 0.644
19.8 0.571
16.7 0.556
17.2 0.811
9.4 0.727
17.3 0.719
29.3 0.713
26.0 0.757
27.7 0.754
31.0 0.638
22.3 0.615
17.0 0.958
18.6 0.723
12.2 0.798
17.0 0.813
8.8 0.556
7.6 0.6
8.6 0.6
6.6 0.75
8.5 0.83
32.7 0.479
28.8 0.404
31.3 0.579
32.0 0.634
32.0 0.607
33.6 0.589
30.0 0.652
30.2 0.538
12.2 0.75
22.5 0.659
16.1 0.833
7.5 0.667
9.2 0.786
6.3 0.0
14.9 0.77
11.2 0.865
19.4 0.877
22.5 0.921
26.4 0.874
25.7 0.898
30.8 0.831
24.4 0.922
14.3 0.806
21.4 0.837
11.7 0.683
39.3 0.742
37.8 0.685
39.6 0.773
38.7 0.752
37.0 0.775
39.2 0.761
38.5 0.787
34.3 0.676
31.7 0.738
30.2 0.78
34.7 0.733
28.9 0.71
21.2 0.649
19.4 0.522
13.5 0.522
13.5 0.889
36.2 0.988
13.0 0.5
22.1 0.0
35.1 0.858
32.0 0.836
33.4 0.854
34.4 0.864
34.4 0.827
31.7 0.787
20.2 0.688
22.9 0.0
6.0 0.75
9.5 0.707
8.8 0.833
11.5 0.871
10.3 0.77
24.3 0.583
40.9 0.829
38.3 0.843
41.5 0.852
37.6 0.816
40.7 0.85
41.0 0.868
40.8 0.84
38.9 0.856
36.1 0.811
38.8 0.828
33.9 0.845
38.5 0.839
38.6 0.857
29.5 0.813
34.5 0.813
34.5 0.826
5.6 0.75
6.9 0.75
22.2 0.69
20.1 0.802
20.2 0.741
13.3 0.778
21.7 0.782
24.1 0.794
18.1 0.864
16.8 0.8
12.9 0.5
12.2 0.725
16.4 0.917
20.9 0.628
12.3 0.651
33.8 0.626
34.7 0.66
21.2 0.721
30.0 0.723
30.5 0.712
33.2 0.729
33.8 0.708
34.9 0.725
31.0 0.639
31.3 0.614
26.1 0.453
22.9 0.421
30.0 0.797
28.0 0.801
15.5 0.685
13.7 0.764
8.4 1.0
5.4 1.0
3.0 0.878
21.5 0.873
24.7 0.704
11.2 0.926
11.2 0.684
11.9 0.857
14.2 0.944
9.2 0.944
11.0 0.833
22.6 0.528
22.8 0.66
18.6 0.0
17.4 0.686
11.2 0.727
13.1 0.0
18.5 0.753
28.0 0.731
22.9 0.846
15.9 1.0
14.0 0.8
39.7 0.798
39.8 0.806
34.2 0.806
38.2 0.798
36.7 0.799
36.8 0.802
38.1 0.816
38.9 0.817
36.8 0.84
30.8 0.74
28.1 0.826
25.3 0.816
25.8 0.821
24.4 0.789
16.5 0.789
16.5 0.833
16.8 0.765
35.6 0.86
35.2 0.861
34.6 0.873
35.0 0.865
25.8 0.863
34.0 0.879
24.3 0.882
17.8 0.582
25.6 0.532
17.1 0.676
25.3 0.783
24.6 0.743
12.3 0.667
17.0 0.687
24.0 0.58
29.0 0.61
26.2 0.649
17.3 1.0
24.1 0.817
22.8 0.667
36.3 0.851
34.5 0.81
33.9 0.86
33.9 0.897
29.3 0.667
26.4 0.667
21.2 0.674
27.0 0.656
22.3 0.0
16.3 0.889
4.8 0.75
4.6 0.5
23.0 0.75
4.6 0.792
20.1 0.815
35.9 0.784
27.2 0.754
24.8 1.0
17.1 0.892
14.7 0.833
19.7 0.667
9.7 0.75
14.6 1.0
8.0 0.788
27.3 0.676
19.2 0.733
18.7 0.875
7.6 0.866
17.2 0.769
20.9 0.806
24.9 0.833
35.1 0.843
38.4 0.826
32.3 0.838
37.3 0.864
39.9 0.872
38.1 0.857
31.1 0.854
30.2 0.927
26.9 0.871
29.3 0.866
30.3 0.901
26.6 0.901
26.6 0.904
26.9 0.857
23.1 0.851
16.9 0.815
12.9 0.894
13.6 0.883
25.0 0.882
23.0 0.865
11.9 0.906
10.4 0.583
8.5 0.864
19.6 0.6
22.7 0.75
13.5 0.892
21.8 0.791
23.3 0.8
19.9 0.845
17.6 0.5
24.1 0.645
23.8 0.698
24.1 0.654
32.5 0.605
27.3 0.591
23.6 0.623
25.2 0.575
24.4 0.638
23.0 0.604
23.3 0.545
16.0 0.0
26.1 0.752
26.5 0.855
13.0 0.842
21.3 0.816
27.0 0.845
28.5 0.832
22.0 0.776
30.4 0.8
35.0 0.818
38.7 0.771
35.7 0.765
32.1 0.757
25.6 0.642
38.9 0.58
40.5 0.71
37.8 0.673
40.1 0.761
34.4 0.675
36.5 0.745
35.3 0.75
39.0 0.757
34.6 0.821
33.6 0.771
28.4 0.667
26.7 0.708
31.4 0.633
29.3 0.613
22.1 0.606
21.4 0.533
6.4 0.654
20.8 0.889
27.6 0.773
25.6 0.762
24.1 0.833
7.6 1.0
10.0 0.79
23.8 0.748
39.6 0.718
31.3 0.815
32.9 0.797
41.1 0.839
37.3 0.787
36.1 0.861
21.8 0.581
13.5 0.56
10.4 0.644
17.2 0.815
17.1 0.333
14.2 0.0
27.9 0.804
23.0 0.782
28.0 0.841
15.4 0.757
23.9 0.741
6.3 0.75
37.4 0.833
31.0 1.0
29.9 0.615
30.3 0.713
29.8 0.654
28.6 0.667
18.2 0.826
16.8 0.783
13.9 0.865
14.3 0.61
14.7 0.8
12.0 0.878
12.5 0.5
16.3 0.833
11.1 0.772
17.6 0.83
19.6 0.78
16.0 0.835
22.7 0.809
21.7 0.845
18.5 0.825
26.9 0.77
18.3 0.83
22.0 0.742
14.4 0.857
27.2 0.793
12.7 0.0
6.1 1.0
11.6 0.533
7.6 0.0
38.7 0.799
40.6 0.71
39.3 0.599
36.6 0.67
33.4 0.629
34.8 0.637
34.1 0.73
34.0 0.692
33.7 0.725
31.3 0.716
28.4 0.695
28.2 0.817
30.1 0.731
29.2 0.74
28.9 0.74
28.9 0.702
29.6 0.796
15.6 0.848
27.4 0.854
21.7 0.795
19.3 0.833
8.5 0.7
23.8 0.631
25.5 0.758
18.0 0.606
9.6 0.75
26.7 0.701
21.1 0.944
16.0 0.769
42.0 0.837
39.9 0.861
38.3 0.85
38.6 0.831
36.8 0.852
26.5 0.918
22.2 0.8
26.9 0.823
28.8 0.533
35.5 0.847
28.2 0.8
34.5 0.797
21.6 0.862
30.0 0.833
31.6 0.853
27.9 0.883
27.4 0.846
29.8 0.856
27.2 0.806
28.0 0.851
23.9 0.921
17.4 0.775
21.9 0.668
25.8 0.657
21.3 0.75
16.0 0.68
16.7 0.5
33.8 0.795
28.8 0.655
13.1 0.815
11.2 0.88
16.9 0.767
12.0 0.769
7.3 0.75
4.0 0.813
16.2 0.61
21.8 0.54
10.4 0.669
23.9 0.634
26.1 0.604
25.1 0.639
23.2 0.593
24.5 0.658
24.7 0.556
15.9 0.563
16.8 0.667
27.9 0.824
27.9 0.754
28.7 0.733
25.1 0.398
18.8 0.673
21.8 0.543
13.0 0.556
21.8 0.612
23.7 0.44
9.9 0.471
9.4 0.5
39.9 0.773
41.1 0.8
41.0 0.775
40.4 0.823
38.2 0.787
34.2 0.829
28.1 0.565
11.8 0.607
12.9 0.588
39.5 0.801
39.2 0.751
40.5 0.791
39.4 0.811
38.1 0.81
38.9 0.835
39.4 0.801
32.8 0.841
31.1 0.837
29.9 0.862
31.3 0.857
31.1 0.786
29.7 0.809
20.5 0.8
20.3 0.8
20.3 0.667
11.9 0.0
20.8 0.836
30.1 0.83
31.9 0.0
11.0 0.879
13.5 0.811
16.5 0.889
8.4 0.8
22.6 0.701
15.5 0.5
10.1 0.675
21.5 0.79
22.7 0.76
23.8 0.75
20.4 0.674
21.7 0.75
21.4 0.706
15.5 0.773
16.5 0.696
19.0 0.795
28.8 0.677
21.7 0.764
25.2 0.735
25.2 0.9
16.3 0.757
21.0 0.784
24.9 0.769
23.8 0.8
11.1 0.5
33.8 0.849
31.3 0.771
32.2 0.782
30.3 0.722
16.5 0.875
31.0 0.721
29.1 0.0
17.0 0.722
8.6 0.837
23.8 0.844
18.6 0.0
7.0 0.75
9.7 0.774
23.9 0.789
10.8 0.556
20.3 0.757
25.7 1.0
16.6 0.714
14.9 0.767
19.1 0.815
13.5 0.0
18.6 0.504
17.3 0.481
12.3 0.6
9.0 0.387
32.3 0.89
35.0 0.833
32.2 0.868
35.5 0.858
38.5 0.845
35.3 0.861
36.8 0.833
33.7 0.848
34.0 0.846
33.7 0.849
27.2 0.784
24.9 0.857
6.3 0.652
15.7 1.0
4.0 0.698
10.3 0.604
9.9 0.667
28.0 0.81
30.8 0.794
30.6 0.804
27.6 0.739
24.2 1.0
33.9 0.794
23.5 0.5
28.8 0.743
31.4 0.792
32.8 0.688
36.6 0.778
33.1 0.725
27.4 0.767
25.5 0.712
18.1 0.764
24.3 0.799
29.8 0.77
30.1 0.734
30.9 0.672
38.6 0.694
36.6 0.694
32.9 0.774
27.0 0.793
34.9 0.757
30.5 0.735
22.8 0.676
27.5 0.75
11.9 0.771
24.5 0.709
20.3 0.82
25.0 0.744
15.6 0.718
18.2 0.626
11.4 0.773
8.5 0.625
28.4 0.842
21.0 0.804
25.6 0.846
21.8 0.812
10.0 1.0
6.0 0.5
9.4 0.0
3.6 0.6
17.9 0.67
20.9 0.735
13.1 1.0
24.8 0.533
16.2 0.638
18.2 0.667
11.3 0.539
15.4 0.673
10.4 0.702
17.5 0.571
33.3 0.863
36.6 0.819
31.1 0.65
31.2 0.675
24.1 0.75
30.4 0.84
17.8 0.82
12.4 0.845
22.8 0.873
20.1 0.783
26.4 0.769
29.3 0.645
15.9 0.789
18.6 0.647
18.8 0.594
16.5 0.643
11.0 0.857
19.2 0.861
18.6 0.8
19.8 0.852
13.1 0.805
17.5 0.917
16.9 0.917
19.0 0.792
18.3 0.923
17.9 0.95
36.6 0.87
37.8 0.919
37.9 0.913
36.0 0.837
36.7 0.761
32.5 0.803
35.5 0.809
35.5 0.843
26.6 0.806
31.7 0.824
26.5 0.786
7.1 0.676
11.2 0.786
22.4 0.829
10.4 0.8
6.8 1.0
13.4 0.876
22.9 0.9
32.9 0.818
17.3 0.778
21.9 0.923
22.2 0.813
16.3 1.0
36.9 0.737
28.1 0.731
31.9 0.797
33.8 0.777
38.7 0.756
35.6 0.676
37.1 0.798
29.7 0.807
26.9 0.832
24.4 0.5
19.7 0.723
23.2 0.625
20.0 0.793
15.1 0.5
11.8 0.909
14.3 0.778
9.0 0.6
9.5 1.0
25.7 0.754
21.4 0.781
30.0 0.746
31.3 0.799
33.5 0.834
29.3 0.807
27.3 0.802
30.4 0.799
27.2 0.743
20.9 0.783
42.0 0.812
43.7 0.774
42.5 0.745
42.5 0.835
42.3 0.814
43.1 0.795
42.5 0.809
41.8 0.781
36.7 0.794
20.9 0.81
21.6 0.846
28.4 0.752
23.7 0.862
21.4 0.733
25.0 0.774
23.8 0.79
19.3 0.851
7.1 0.5
30.2 0.862
33.2 0.855
20.8 0.843
39.0 0.931
31.0 0.692
29.4 0.825
12.7 0.765
13.5 0.79
27.2 0.828
24.4 0.805
16.0 0.874
31.2 0.791
28.9 0.763
17.9 0.718
21.6 0.706
9.9 0.76
28.2 0.785
36.8 0.83
35.4 0.786
35.9 0.813
33.1 0.832
39.1 0.826
39.6 0.779
38.6 0.816
35.9 0.825
25.8 0.7
19.5 0.5
6.6 0.333
41.4 0.734
37.0 0.789
39.3 0.748
29.0 0.76
38.3 0.731
40.1 0.736
38.0 0.76
38.7 0.754
38.2 0.647
36.5 0.731
32.9 0.683
33.1 0.691
21.5 0.72
9.6 0.64
10.8 0.689
12.8 0.798
21.9 0.752
27.7 0.752
26.4 0.754
19.4 0.814
22.2 0.753
18.5 0.95
23.5 0.742
19.9 0.769
9.0 0.667
16.8 0.81
24.2 0.455
20.5 0.682
17.0 0.607
14.6 0.64
8.9 0.5
19.9 0.729
16.2 0.741
14.5 0.764
24.6 0.791
31.4 0.64
25.5 0.682
19.6 0.714
19.9 0.0
36.2 0.837
39.0 0.822
38.1 0.835
37.0 0.806
35.5 0.781
32.5 0.787
24.9 0.714
13.3 0.662
26.4 0.687
27.6 0.609
8.9 0.733
24.1 0.727
27.5 1.0
14.2 0.815
24.3 0.455
8.5 0.0
15.9 0.794
16.4 0.742
11.8 0.975
11.9 0.882
39.8 0.814
37.3 0.841
37.4 0.827
36.6 0.74
36.9 0.795
37.2 0.778
36.7 0.818
36.3 0.819
35.6 0.808
36.0 0.87
33.2 0.786
28.7 0.833
27.5 0.757
21.7 0.541
16.9 0.754
18.5 0.852
29.5 0.803
34.1 0.805
28.3 0.873
22.6 0.75
5.7 0.762
8.8 0.769
24.6 0.712
25.3 0.706
27.0 0.729
20.8 0.721
20.7 0.714
21.3 0.868
25.3 0.833
29.1 0.8
20.5 0.763
31.5 0.695
31.5 0.682
23.3 0.769
19.3 0.811
27.5 0.68
24.8 0.769
13.0 0.579
17.2 0.913
7.3 0.727
12.8 0.6
9.0 1.0
29.1 0.783
23.5 0.804
30.6 0.791
30.6 0.625
18.0 0.516
11.5 0.65
34.9 0.81
36.4 0.82
39.5 0.763
36.6 0.777
38.0 0.818
36.9 0.841
39.1 0.838
38.0 0.836
36.2 0.806
32.9 0.802
32.0 0.838
26.0 0.622
14.4 0.788
3.5 0.909
13.5 1.0
6.0 0.667
12.0 0.882
13.4 0.0
4.4 0.0
2.2 0.529
15.7 0.2
22.8 0.699
28.3 0.783
22.4 0.673
12.3 0.762
20.5 0.875
26.5 0.771
30.7 0.861
28.7 0.855
24.2 0.883
26.6 0.781
14.7 0.737
32.3 0.625
19.8 0.554
18.5 0.667
21.8 0.739
9.5 0.671
24.2 0.671
9.2 0.648
11.0 0.59
14.5 0.483
17.3 0.5
14.7 0.426
10.9 0.517
8.4 0.25
7.6 0.0
19.7 0.801
25.6 0.802
31.3 0.848
36.0 0.857
36.9 0.828
29.5 0.82
30.5 0.812
35.7 0.824
31.1 0.835
29.7 0.834
20.9 0.856
27.5 0.75
14.8 0.73
18.9 0.717
29.8 0.751
33.9 0.602
30.6 0.535
30.1 0.541
21.0 0.455
9.2 0.483
12.9 0.356
10.0 0.5
8.8 0.259
24.6 0.59
35.7 0.797
38.0 0.763
36.2 0.747
15.9 0.667
13.5 0.833
38.2 0.781
38.9 0.803
40.0 0.817
40.2 0.834
40.0 0.755
36.6 0.769
37.1 0.716
33.5 0.462
36.2 0.845
38.4 0.851
41.6 0.851
40.7 0.833
38.8 0.809
40.3 0.81
37.6 0.707
36.7 0.796
35.8 0.755
31.8 0.768
28.2 0.796
30.5 0.782
30.0 0.785
31.7 0.765
19.3 0.765
28.7 0.708
30.2 0.756
30.5 0.736
36.4 0.791
25.3 0.748
25.6 0.663
16.8 0.864
13.1 0.5
5.7 0.5
33.4 0.678
34.3 0.653
34.1 0.684
34.6 0.646
32.5 0.712
27.6 0.25
31.5 0.58
30.4 0.604
32.0 0.557
34.2 0.583
25.7 0.37
22.4 0.425
23.9 0.579
19.8 1.0
9.5 1.0
39.3 0.876
40.0 0.848
40.5 0.813
40.7 0.697
38.3 0.718
19.5 0.848
32.3 0.749
34.5 0.769
30.9 0.802
36.2 0.682
30.0 0.663
34.3 0.659
28.8 0.541
27.3 0.75
15.8 0.718
17.1 0.774
13.7 0.683
13.4 0.762
8.0 0.684
12.8 0.622
23.8 0.756
24.7 0.517
12.6 0.571
26.4 0.81
16.3 0.25
5.0 0.548
20.4 0.0
6.0 0.2
36.5 0.818
40.1 0.748
38.3 0.793
39.4 0.796
39.9 0.774
40.8 0.747
37.1 0.707
35.8 0.684
37.0 0.801
33.7 0.746
22.4 0.698
23.4 0.675
35.0 0.836
37.4 0.746
17.5 0.797
33.8 0.813
34.9 0.69
17.4 0.688
18.5 0.767
15.0 0.714
31.5 0.787
30.6 0.836
29.7 0.757
28.2 0.625
16.4 0.5
8.6 0.0
5.6 0.661
10.3 0.721
10.7 0.767
21.2 0.821
9.8 0.0
3.0 0.85
41.6 0.798
32.4 0.802
23.2 0.765
13.2 0.7
19.8 0.693
22.4 0.724
15.6 0.663
17.5 0.678
24.9 0.716
26.3 0.62
27.2 0.594
30.0 0.642
26.3 0.6
27.0 0.534
34.7 0.817
37.3 0.795
36.4 0.832
34.6 0.838
34.8 0.738
35.8 0.784
37.1 0.772
36.8 0.826
36.3 0.821
30.5 0.853
32.7 0.811
27.4 0.84
26.2 0.779
16.9 0.753
15.5 0.753
15.5 0.75
25.2 0.775
29.8 0.818
31.1 0.778
36.4 0.812
37.3 0.828
37.0 0.772
28.3 0.848
34.9 0.824
30.0 0.827
23.8 0.83
16.9 0.833
29.1 0.762
33.7 0.839
33.6 0.723
27.2 0.72
30.0 0.8
30.6 0.793
39.1 0.774
35.3 0.732
32.3 0.824
33.4 0.676
20.4 0.4
19.3 0.727
15.3 0.821
20.8 0.75
13.5 0.75
13.5 0.0
7.9 1.0
39.3 0.911
36.6 0.9
30.2 0.885
28.2 0.933
32.9 0.794
18.7 0.889
12.0 0.776
38.0 0.85
42.1 0.858
41.7 0.811
40.4 0.82
36.2 0.839
37.7 0.837
36.4 0.819
35.1 0.722
15.7 0.617
26.4 0.634
12.7 0.592
20.1 0.674
25.1 0.785
17.4 0.61
15.2 0.583
20.1 0.55
8.7 0.648
17.0 0.598
17.1 0.565
11.0 0.723
11.0 0.533
7.0 0.333
5.6 0.333
5.6 1.0
5.6 0.0
5.1 0.659
12.6 0.579
11.9 0.769
12.0 0.323
14.2 0.769
7.2 0.8
5.4 0.857
12.3 0.787
15.9 0.742
12.4 0.681
26.4 0.736
29.1 0.787
17.2 0.636
13.5 0.75
23.5 0.657
28.5 0.817
11.5 0.81
11.8 0.778
6.2 0.0
34.5 0.764
36.3 0.727
21.4 0.681
23.0 0.741
15.2 0.758
14.9 0.69
17.2 0.711
15.9 0.667
3.3 0.8
9.2 0.723
16.5 0.746
13.1 0.571
11.2 0.747
24.2 0.824
10.7 0.81
13.7 0.806
29.7 0.867
10.8 0.676
21.9 0.681
23.0 0.652
12.4 0.637
17.4 0.781
22.6 0.715
22.1 0.708
21.3 0.364
11.8 0.583
14.9 0.545
12.0 0.5
34.1 0.887
34.6 0.909
33.1 0.916
33.5 0.887
34.3 0.921
35.4 0.899
35.3 0.906
34.3 0.933
33.6 0.938
32.8 0.912
33.3 0.894
31.6 0.922
32.5 0.917
25.1 0.688
16.9 0.549
27.0 0.642
30.4 0.474
28.7 0.467
25.5 0.6
18.9 0.68
21.0 0.755
20.9 0.781
17.3 0.2
6.8 0.852
30.3 0.778
26.5 0.783
19.5 0.797
24.8 0.688
9.8 0.6
8.6 0.769
25.0 0.724
20.2 0.751
27.4 0.684
16.8 0.761
12.8 0.833
9.5 0.69
38.1 0.853
38.0 0.881
39.0 0.877
37.9 0.869
38.7 0.901
38.1 0.904
36.2 0.879
36.0 0.89
37.7 0.915
37.5 0.892
34.3 0.896
33.5 0.86
31.3 0.899
32.9 0.882
29.6 0.882
29.6 0.893
31.5 0.875
32.6 0.688
37.6 0.731
37.2 0.757
35.7 0.754
34.8 0.709
35.3 0.767
35.6 0.742
28.7 0.788
29.8 0.72
28.4 0.674
18.0 0.677
22.8 0.835
18.7 0.75
39.5 0.555
36.1 0.622
37.8 0.49
36.8 0.461
34.1 0.469
30.6 0.422
28.4 0.503
28.7 0.595
30.0 0.496
23.4 0.557
35.5 0.75
24.3 0.824
12.2 0.833
37.3 0.656
34.4 0.777
34.3 0.742
37.5 0.695
36.3 0.69
40.3 0.7
39.3 0.698
37.9 0.623
29.7 0.693
31.5 0.675
32.2 0.592
20.5 0.476
26.6 0.56
13.2 0.824
21.3 0.753
23.1 0.835
17.1 0.667
6.1 0.837
15.3 0.822
17.3 0.8
7.5 0.833
17.0 1.0
25.9 0.622
32.1 0.657
38.0 0.59
21.5 0.667
19.6 0.511
19.1 0.667
18.4 0.485
15.0 0.51
23.8 0.579
27.6 0.342
9.9 0.5
31.7 0.422
23.2 0.621
22.5 0.526
19.6 0.556
5.5 0.625
11.1 0.591
11.2 0.0
22.6 0.571
7.4 0.611
6.1 0.636
17.0 0.733
15.8 0.745
15.7 0.833
4.7 0.735
17.3 0.757
16.1 0.75
9.4 0.725
14.3 0.794
11.6 0.462
19.7 0.73
11.4 0.747
24.7 0.662
20.5 0.742
19.2 0.653
16.2 0.375
5.6 0.605
21.6 0.667
27.1 0.701
23.5 0.627
21.2 0.553
22.6 0.599
28.0 0.601
25.2 0.641
31.0 0.558
41.1 0.797
40.3 0.71
40.1 0.714
34.5 0.761
33.0 0.794
28.5 0.667
28.3 0.862
25.1 0.78
27.4 0.836
18.5 0.889
16.1 0.75
10.2 0.5
21.8 0.798
35.8 0.814
29.4 0.795
17.9 0.692
22.6 0.751
31.6 0.789
36.0 0.809
26.2 0.832
30.6 0.82
38.3 0.683
21.3 0.765
23.6 0.632
12.0 0.611
21.2 0.0
26.5 0.894
24.2 0.828
21.9 0.875
14.3 0.804
12.4 0.4
7.9 1.0
6.6 1.0
38.0 0.809
40.3 0.802
39.2 0.819
38.7 0.822
36.1 0.772
39.0 0.796
37.0 0.843
35.9 0.83
37.5 0.852
34.0 0.86
34.7 0.852
34.0 0.787
33.4 0.826
28.0 0.781
26.2 0.781
26.2 0.818
18.1 0.769
33.3 0.774
32.2 0.818
29.9 0.63
21.5 0.693
23.5 0.605
14.1 0.571
11.1 0.673
17.7 0.763
17.1 0.5
4.5 0.682
15.0 0.524
21.0 0.819
27.5 0.793
30.7 0.833
30.3 0.83
29.9 0.865
27.6 0.787
28.6 0.827
27.0 0.809
24.6 0.822
28.5 0.825
22.5 0.733
6.5 0.756
7.8 0.867
23.2 0.742
17.0 0.759
15.5 0.641
21.8 0.871
10.2 0.588
10.7 0.0
5.0 0.692
8.2 0.422
15.9 0.5
17.1 0.419
20.4 0.517
24.4 0.532
24.9 0.37
16.3 0.68
23.6 0.663
23.8 0.647
22.7 0.519
14.4 0.611
16.6 0.0
36.0 0.545
27.3 0.72
31.1 0.645
31.3 0.692
27.5 0.651
23.7 0.75
22.0 0.674
16.8 0.6
12.6 0.76
16.5 0.0
9.4 1.0
5.8 0.791
21.1 0.805
28.2 0.868
36.8 0.854
38.0 0.877
39.1 0.829
38.4 0.82
37.5 0.814
36.5 0.712
27.3 1.0
13.4 0.793
11.8 0.647
10.5 0.5
29.5 0.8
30.3 0.759
24.7 1.0
17.9 0.765
26.6 0.685
23.2 0.74
36.0 0.739
35.9 0.67
26.2 0.692
33.1 0.682
28.3 0.761
26.3 0.732
27.4 0.75
16.8 0.833
18.0 1.0
32.9 0.955
18.0 0.765
33.5 0.694
35.7 0.676
34.9 0.711
34.7 0.639
23.8 0.658
23.3 0.444
29.6 0.681
29.5 0.71
17.9 0.75
22.5 0.81
21.2 0.651
37.0 0.837
35.5 0.876
37.6 0.832
31.8 0.87
18.6 0.0
13.9 0.526
26.6 0.785
24.4 0.756
19.2 0.765
20.4 0.743
18.9 0.724
11.9 0.81
19.2 0.892
40.9 0.839
38.0 0.854
40.9 0.81
37.8 0.854
33.5 0.78
27.5 0.917
21.4 0.72
21.0 0.791
24.5 0.813
18.7 0.737
19.4 0.781
15.5 0.808
12.5 0.725
10.1 0.784
19.5 0.25
31.7 0.821
30.3 0.768
19.8 0.769
13.1 0.792
14.7 0.0
10.8 0.0
5.3 0.4
22.9 0.692
10.9 0.667
15.0 0.608
17.0 0.602
17.9 0.572
28.2 0.357
19.2 0.482
14.5 0.582
22.7 0.524
12.8 0.638
16.5 0.75
7.7 0.0
3.0 0.0
12.5 0.7
5.9 0.6
7.3 0.656
28.1 0.83
26.7 0.779
20.7 0.859
29.7 0.768
30.6 0.774
20.2 0.845
23.1 0.755
22.4 0.72
19.3 0.813
9.3 1.0
31.4 0.878
28.7 0.833
19.5 0.928
13.1 0.863
34.8 0.806
36.5 0.858
37.9 0.797
36.2 0.738
22.8 0.688
28.7 0.637
23.5 0.455
6.3 0.515
39.2 0.821
41.1 0.794
38.6 0.814
37.8 0.83
40.2 0.858
35.3 0.878
39.2 0.806
29.8 0.849
28.9 0.882
27.7 0.847
24.1 0.892
24.3 1.0
16.2 0.797
20.4 0.714
7.1 0.913
9.1 0.87
28.3 0.805
9.7 0.481
13.2 0.53
20.2 0.611
7.3 0.698
16.9 0.691
12.5 0.676
30.6 0.554
19.8 0.744
32.3 0.704
29.5 0.797
31.3 0.533
27.7 0.714
13.8 0.767
16.1 0.563
18.8 0.522
4.7 0.545
8.5 0.667
5.3 0.75
5.9 0.429
32.1 0.846
29.2 0.857
31.3 0.826
38.7 0.876
37.3 0.875
34.0 0.927
40.3 0.92
38.4 0.915
36.6 0.816
32.7 0.929
35.2 0.894
34.2 0.897
31.4 0.92
32.4 0.888
37.3 0.791
22.3 0.876
38.0 0.915
34.1 0.855
31.9 0.795
24.2 0.794
16.6 0.845
20.8 0.805
18.0 0.863
13.3 0.813
13.1 0.568
14.2 0.0
25.4 0.766
30.2 0.738
20.3 0.735
19.6 0.9
10.9 0.0
4.0 0.0
5.3 0.5
6.6 1.0
31.8 0.72
22.8 0.696
20.5 0.757
20.8 0.75
16.4 0.711
26.5 0.722
22.1 0.725
19.8 0.758
21.3 0.651
20.4 0.724
19.1 0.67
15.1 0.5
34.8 0.831
38.0 0.867
35.3 0.828
22.2 0.855
31.6 0.897
37.9 0.897
28.1 0.851
23.1 0.849
37.7 0.835
38.0 0.887
38.0 0.827
37.3 0.844
30.0 0.8
35.0 0.804
35.1 0.857
31.5 0.88
33.7 0.866
33.0 0.85
31.3 0.883
31.7 0.87
26.9 0.667
16.3 0.813
21.3 0.813
21.3 0.818
17.5 0.828
24.6 0.664
34.5 0.746
30.0 0.752
36.5 0.762
29.7 0.676
28.0 0.513
22.8 0.0
12.2 0.0
7.8 0.583
27.6 0.815
33.8 0.75
31.8 0.835
31.9 0.786
35.7 0.815
26.6 0.789
18.0 0.663
22.6 0.822
17.8 0.8
15.0 0.625
22.7 0.7
15.2 0.462
27.4 0.793
26.9 0.78
29.5 0.784
31.7 0.786
27.3 0.667
23.0 0.708
27.0 0.752
30.8 0.736
19.5 0.875
17.3 0.631
11.1 0.648
12.3 0.547
13.3 0.539
9.7 0.639
17.8 0.594
15.3 0.758
16.6 0.698
23.6 0.672
16.5 0.59
13.3 0.778
9.0 0.655
14.4 0.667
16.8 0.726
24.6 0.8
17.5 0.708
25.9 0.836
26.2 0.861
33.5 0.781
31.1 0.829
36.9 0.807
36.6 0.774
30.7 0.679
31.4 0.705
31.2 0.5
17.2 0.5
10.3 0.545
11.4 0.545
37.9 0.801
34.7 0.764
27.8 0.707
32.2 0.784
30.5 0.683
35.4 0.8
30.4 0.804
31.6 0.859
32.5 0.815
24.2 0.832
19.8 0.825
22.6 0.776
21.1 0.779
17.9 0.835
19.9 0.728
15.4 0.754
11.9 0.763
15.4 0.889
8.9 0.752
15.3 0.667
14.6 0.74
24.3 0.684
9.5 0.683
16.0 0.681
14.3 0.828
8.8 0.786
41.9 0.741
42.0 0.615
41.5 0.554
34.6 0.539
38.4 0.628
26.8 0.438
23.3 0.53
15.8 0.667
24.0 0.653
18.6 0.659
12.7 0.667
9.6 1.0
34.5 0.423
36.5 0.45
39.4 0.49
37.7 0.428
36.1 0.416
35.2 0.408
35.0 0.426
30.6 0.422
23.5 0.406
28.6 0.333
22.9 0.34
13.2 0.87
38.2 0.734
37.5 0.735
36.3 0.736
35.1 0.697
34.0 0.743
34.8 0.788
32.3 0.767
30.5 0.772
32.2 0.768
24.5 0.81
16.8 0.774
22.2 0.741
17.6 0.846
33.8 0.795
30.9 0.768
25.6 0.736
16.7 0.829
40.5 0.749
38.4 0.607
39.1 0.711
36.1 0.794
35.4 0.756
38.6 0.638
29.9 0.417
26.6 0.741
31.7 0.722
31.9 0.754
26.0 0.75
21.6 0.679
32.4 0.561
21.1 0.643
37.9 0.734
37.1 0.781
37.1 0.753
32.8 0.857
34.7 0.807
33.4 0.714
23.7 0.539
19.0 0.68
14.4 0.5
14.0 0.35
26.0 0.88
26.5 0.826
20.6 1.0
28.5 0.699
18.9 0.785
19.7 0.677
18.6 0.882
7.5 0.69
16.5 0.818
9.8 0.778
29.2 0.736
35.7 0.782
33.8 0.776
21.5 0.731
23.6 0.75
28.7 0.76
26.6 0.696
24.0 0.737
12.6 0.571
29.7 0.792
34.4 0.84
31.7 0.837
29.4 0.792
27.5 0.867
31.8 0.913
30.6 0.863
20.0 0.676
24.1 0.555
33.0 0.684
24.1 0.669
14.8 0.657
18.9 0.75
19.3 0.732
18.0 0.786
12.6 0.593
12.3 0.818
17.9 0.795
12.1 0.765
24.1 0.879
22.0 0.784
23.3 0.62
24.4 0.805
21.8 0.79
25.1 0.731
19.9 0.799
21.2 0.776
9.8 0.715
23.5 0.747
16.6 0.614
11.8 0.615
7.8 0.739
31.1 0.667
29.9 0.736
33.6 0.733
37.2 0.922
41.6 0.675
39.4 0.74
37.7 0.719
38.1 0.748
35.5 0.688
33.8 0.676
29.4 0.617
26.9 0.734
33.7 0.625
28.0 0.569
29.1 0.659
28.3 0.733
25.8 0.662
28.6 0.564
21.7 0.281
15.4 0.5
8.9 0.375
7.6 0.737
10.9 0.724
10.0 0.9
7.1 0.583
13.4 0.802
29.0 0.758
13.7 0.929
14.4 0.605
13.0 0.824
10.6 0.92
15.0 0.476
11.8 0.923
8.9 0.5
10.9 0.55
15.4 0.589
14.5 0.689
21.3 0.476
24.6 0.791
35.0 0.748
37.6 0.814
40.9 0.82
42.3 0.844
39.8 0.771
32.7 0.75
31.5 0.739
36.5 0.784
25.7 0.7
5.6 0.833
4.1 0.5
10.0 0.818
6.5 0.804
28.3 0.799
20.7 0.774
15.5 0.795
18.1 0.853
15.1 0.0
3.8 0.0
39.7 0.828
30.6 0.732
24.6 0.789
31.5 0.707
35.0 0.779
36.4 0.743
36.3 0.821
33.9 0.726
32.4 0.688
29.0 0.622
23.1 0.842
24.8 0.652
7.4 0.0
2.5 1.0
4.5 0.522
19.6 0.5
6.1 0.375
6.6 0.667
3.3 0.444
8.0 0.167
12.3 0.462
7.3 0.6
5.0 0.667
4.0 0.745
31.6 0.732
27.4 0.632
14.4 0.6
3.9 0.75
23.0 0.5
5.7 0.444
8.4 0.625
13.1 0.63
17.6 0.8
14.3 0.668
22.2 0.683
30.3 0.574
21.6 0.545
27.5 0.44
27.6 0.408
18.8 0.516
17.2 0.337
13.8 0.589
26.0 0.441
20.8 0.368
10.1 0.786
11.2 0.5
5.7 0.787
19.6 0.608
24.4 0.669
22.3 0.673
27.4 0.503
26.8 0.527
34.6 0.593
35.2 0.579
32.1 0.732
22.8 0.732
27.8 0.689
33.2 0.694
32.8 0.632
30.2 0.72
30.5 0.72
30.5 0.62
24.5 0.734
22.8 0.684
15.7 0.813
26.6 0.736
30.1 0.769
28.4 0.55
20.6 0.71
19.1 0.718
21.4 0.697
19.2 0.717
21.9 0.651
11.1 0.622
10.0 0.727
7.7 0.4
7.7 0.7
18.3 0.763
23.5 0.739
28.5 0.656
31.8 0.512
26.7 0.465
23.1 0.459
15.8 0.464
13.6 0.0
4.8 0.659
12.1 0.467
10.3 0.719
10.1 0.75
16.0 0.624
19.4 0.671
29.5 0.72
28.7 0.632
25.9 0.615
35.2 0.623
25.9 0.333
4.0 0.588
6.1 0.367
11.8 0.6
13.0 0.0
7.8 0.542
18.6 0.558
18.3 0.543
16.4 0.333
13.8 0.222
9.7 0.364
11.3 0.167
12.0 0.0
18.3 0.791
24.2 0.849
15.6 0.8
8.5 0.333
2.8 0.5
4.9 0.667
15.6 0.847
15.5 0.722
7.3 0.0
36.7 0.736
36.0 0.714
31.5 0.768
32.0 0.689
39.2 0.748
36.2 0.807
35.6 0.781
37.0 0.79
37.0 0.823
37.0 0.782
37.4 0.702
33.8 0.736
31.4 0.803
34.4 0.803
34.4 0.792
31.8 0.707
26.0 0.617
28.7 0.745
24.4 0.787
28.0 0.789
25.2 0.744
32.6 0.783
29.3 0.7
12.3 0.8
20.6 0.754
5.1 0.5
20.4 0.633
23.8 0.585
19.3 0.609
27.4 0.585
23.8 0.548
22.6 0.735
27.9 0.476
29.2 0.62
30.6 0.362
18.5 0.469
21.2 0.455
9.7 0.409
13.5 0.333
13.4 0.479
13.8 0.514
19.0 0.49
22.9 0.45
11.7 0.727
16.9 0.587
15.0 0.66
15.2 0.723
16.6 0.625
9.0 0.556
6.7 1.0
2.5 0.0
7.9 0.732
22.1 0.811
27.1 0.752
25.1 0.837
37.0 0.837
25.2 0.813
13.3 0.829
27.0 0.5
24.3 0.743
36.0 0.763
38.2 0.844
41.1 0.812
39.2 0.733
35.6 0.798
39.0 0.805
35.8 0.735
31.1 0.759
30.4 0.694
27.7 0.717
10.1 0.741
27.0 0.684
16.8 0.684
16.8 0.667
17.9 0.741
24.9 0.774
27.5 0.75
40.6 0.75
39.5 0.791
40.7 0.748
41.4 0.834
40.8 0.826
39.5 0.818
38.0 0.802
35.5 0.849
35.5 0.82
36.7 0.815
32.6 0.801
34.9 0.801
34.9 0.831
33.4 0.818
34.9 0.821
26.2 0.8
27.7 0.79
37.1 0.784
32.9 0.699
37.7 0.728
29.3 0.77
30.8 0.785
27.3 0.744
29.0 0.77
31.7 0.785
30.0 0.787
34.7 0.6
15.2 0.667
5.9 0.0
5.7 0.75
6.4 0.704
16.3 0.786
17.7 0.841
31.8 0.75
21.8 0.73
33.9 0.787
34.0 0.745
27.2 0.797
28.1 0.826
34.0 0.798
32.6 0.667
13.3 0.667
16.2 0.909
7.0 0.875
29.4 0.755
33.8 0.702
34.4 0.65
34.2 0.707
33.9 0.783
32.5 0.715
33.5 0.782
34.1 0.756
30.9 0.769
32.4 0.799
32.1 0.845
32.9 0.811
29.4 0.783
28.7 0.783
28.7 0.76
27.5 0.726
20.2 0.706
26.5 0.748
30.1 0.786
29.5 0.816
25.6 0.726
17.9 0.8
22.8 0.741
18.5 0.741
21.7 0.882
15.8 0.759
15.4 0.667
5.8 0.758
16.9 0.761
37.9 0.815
34.8 0.714
34.4 0.819
35.7 0.772
32.5 0.734
35.1 0.778
37.7 0.758
36.3 0.659
26.3 0.75
34.3 0.742
34.2 0.765
32.5 0.765
32.5 0.796
29.6 0.731
15.9 0.792
16.3 0.767
11.4 0.859
16.0 0.756
32.9 0.764
32.9 0.684
37.6 0.693
37.8 0.673
38.4 0.657
32.8 0.752
38.4 0.769
33.5 0.739
31.5 0.73
33.9 0.594
29.5 0.606
5.1 0.679
15.6 0.68
10.4 0.833
12.3 0.829
13.4 0.768
21.6 0.722
13.2 0.783
19.0 0.75
10.7 0.889
12.9 0.667
9.1 0.0
4.9 0.5
15.8 0.571
10.0 0.696
10.2 0.542
11.4 0.914
10.5 0.834
24.6 0.846
37.3 0.825
19.0 0.75
13.1 0.638
13.5 0.647
24.1 0.528
20.8 0.6
15.8 0.558
30.5 0.714
30.6 0.731
26.5 0.744
32.5 0.637
26.7 0.72
31.2 0.72
16.5 0.7
6.4 1.0
12.1 0.5
8.0 0.527
12.1 0.458
9.1 0.661
30.7 0.614
34.5 0.691
36.7 0.731
38.3 0.804
37.6 0.776
41.0 0.746
37.9 0.8
35.8 0.637
30.1 0.465
24.4 0.4
8.9 0.4
15.1 0.721
17.3 0.652
20.6 0.659
22.6 0.676
22.5 0.735
27.9 0.766
29.1 0.755
26.1 0.71
29.4 0.671
19.6 0.674
20.7 0.68
17.3 1.0
8.1 0.784
21.7 0.75
13.7 0.614
8.6 0.778
9.3 0.6
13.3 0.576
15.8 0.429
6.0 0.452
12.4 0.579
12.4 0.0
9.0 0.8
25.3 0.768
34.6 0.698
34.7 0.723
31.1 0.685
34.6 0.738
34.9 0.698
32.4 0.742
34.3 0.701
31.9 0.693
29.5 0.731
32.2 0.767
28.2 0.627
23.8 0.627
23.5 0.65
9.3 0.811
10.8 0.792
18.5 0.745
21.1 0.794
28.7 0.754
22.6 0.78
13.8 0.802
36.6 0.756
29.9 0.862
35.7 0.87
36.1 0.863
39.3 0.901
39.9 0.858
38.6 0.838
37.6 0.773
29.9 0.813
29.7 0.833
24.1 0.84
25.3 0.902
20.8 0.902
20.8 0.833
21.0 0.762
15.0 0.771
18.5 0.693
23.7 0.644
27.4 0.839
17.2 0.782
31.9 0.841
33.0 0.667
16.4 0.583
10.3 0.786
6.8 0.833
29.4 1.0
12.3 0.792
8.9 0.829
15.4 0.799
20.8 0.897
16.7 0.804
25.3 0.871
23.8 0.808
12.6 0.872
15.9 0.741
31.1 0.779
32.5 0.778
31.8 0.784
31.5 0.834
36.0 0.815
27.5 0.842
22.2 0.8
27.6 0.811
26.3 0.82
25.9 0.854
31.5 0.805
29.2 0.805
29.2 0.784
22.7 0.8
15.4 0.595
12.1 0.575
20.9 0.667
23.6 0.66
10.3 0.552
11.9 0.639
20.4 0.561
17.1 0.534
23.8 0.53
20.8 0.497
17.1 0.467
23.2 0.594
14.4 0.45
11.1 0.545
26.6 0.507
13.8 0.509
24.6 0.554
16.6 0.619
16.3 0.619
15.5 0.492
16.8 0.538
22.0 0.461
12.0 0.467
15.6 0.524
10.5 0.544
14.0 0.4
9.8 0.37
11.0 0.0
20.7 0.802
29.4 0.803
29.6 0.778
27.9 0.86
27.5 0.86
31.1 0.884
26.8 0.87
28.7 0.871
30.3 0.871
23.3 0.796
23.2 0.851
22.8 0.721
22.7 0.721
22.7 0.813
19.6 0.804
28.3 0.854
28.0 0.81
20.5 0.754
25.8 0.816
19.5 0.885
26.8 0.637
27.0 0.81
30.8 0.682
27.5 0.714
28.0 0.753
30.8 0.84
24.8 0.861
25.1 0.794
24.6 0.846
26.2 0.688
9.4 0.889
18.0 0.773
16.9 0.773
16.9 0.643
11.3 0.714
8.5 0.545
28.2 0.682
32.5 0.66
23.9 0.0
3.0 0.689
26.8 0.551
16.6 0.723
32.6 0.704
33.6 0.711
30.5 0.673
28.5 0.729
27.2 0.583
29.4 0.604
25.3 0.604
25.3 0.578
19.2 0.589
9.3 0.0
5.5 0.486
15.9 0.82
23.4 0.786
20.9 0.733
30.3 0.72
33.1 0.688
28.0 0.761
22.2 0.742
29.2 0.707
13.1 0.65
14.6 0.614
23.3 0.584
26.1 0.589
25.3 0.456
23.8 0.527
18.2 0.611
23.4 0.625
25.6 0.414
14.3 0.681
18.7 0.522
6.1 0.832
18.6 0.85
29.5 0.763
27.0 0.833
20.9 0.746
25.1 0.815
13.9 0.667
6.6 0.864
29.0 0.809
32.8 0.783
30.6 0.853
34.2 0.862
33.8 0.85
37.2 0.866
4.4 0.715
24.6 0.738
18.0 0.711
27.8 0.725
21.4 0.694
20.8 0.76
24.7 0.727
5.5 0.724
11.5 0.829
18.9 0.682
13.9 0.805
20.2 0.786
19.0 0.775
22.3 0.85
28.1 0.78
35.9 0.765
33.3 0.804
33.2 0.817
33.5 0.82
29.4 0.75
12.9 0.6
10.1 0.852
15.5 0.739
14.2 0.81
11.3 0.852
20.9 0.877
10.4 0.766
32.9 0.807
37.1 0.765
35.3 0.768
36.6 0.768
32.9 0.778
37.3 0.714
34.0 0.702
32.8 0.774
33.1 0.738
32.1 0.567
25.6 0.754
24.1 0.754
24.1 0.684
11.5 0.596
17.3 0.771
20.2 0.714
7.9 0.772
20.8 0.729
17.1 0.775
25.1 0.779
27.0 0.823
31.1 0.83
37.5 0.83
34.9 0.813
35.0 0.644
27.2 0.773
30.0 0.769
22.1 0.5
12.9 0.5
1.6 0.583
13.0 0.59
14.3 0.0
3.3 0.429
2.5 0.333
12.3 0.5
7.6 0.5
7.5 0.0
31.3 0.713
36.8 0.733
36.1 0.889
16.7 0.781
32.8 0.805
33.9 0.835
36.8 0.771
34.6 0.792
36.8 0.765
32.8 0.808
23.5 0.739
22.6 0.72
21.1 0.72
21.1 0.746
5.7 0.5
16.3 0.793
7.9 0.571
6.3 0.643
29.5 0.681
16.1 0.75
6.3 0.743
26.9 0.763
18.5 0.747
10.4 0.7
20.6 0.611
18.6 0.732
19.9 0.684
31.5 0.645
28.0 0.564
16.9 0.5
13.0 0.562
17.5 0.615
17.2 0.672
15.0 0.833
5.6 0.75
5.8 0.61
7.4 0.786
11.4 1.0
8.0 0.854
12.8 0.0
6.3 0.633
10.9 0.0
13.3 0.645
36.5 0.796
34.8 0.808
36.8 0.808
38.2 0.786
36.4 0.793
34.5 0.83
38.2 0.838
35.7 0.804
34.1 0.83
37.0 0.848
38.7 0.797
35.7 0.797
35.7 0.829
35.1 0.833
17.1 0.742
14.1 0.803
25.8 0.8
11.2 0.771
15.8 0.611
9.4 0.828
11.1 0.75
21.4 0.797
17.3 0.755
27.9 0.845
32.7 0.822
29.5 0.881
24.4 0.877
17.9 0.796
24.1 0.815
21.6 0.756
12.5 0.795
18.4 0.784
14.9 0.784
14.9 0.839
15.9 0.889
19.1 0.603
16.6 0.681
11.3 0.732
23.9 0.747
19.4 0.743
27.0 0.74
25.9 0.779
19.2 0.742
22.9 0.744
25.7 0.733
27.5 0.779
29.9 0.779
29.9 0.804
28.8 0.787
18.6 0.805
14.7 0.791
26.2 0.672
27.1 0.766
29.9 0.84
31.7 0.75
27.0 0.867
20.0 0.778
23.3 0.771
26.1 0.767
27.2 0.707
18.9 0.707
18.9 0.8
24.5 0.727
24.2 0.683
26.6 0.746
16.8 0.736
26.8 0.912
19.6 0.74
19.7 0.656
17.8 0.4
18.8 0.647
19.0 1.0
16.1 0.732
33.5 0.76
37.2 0.816
39.3 0.785
38.5 0.844
36.2 0.817
38.0 0.797
36.1 0.815
36.3 0.821
35.2 0.798
33.2 0.82
32.0 0.772
35.4 0.772
35.4 0.795
10.3 0.0
11.6 0.815
11.9 0.714
4.4 0.855
17.2 0.821
16.3 0.904
26.1 0.804
25.2 0.84
11.2 1.0
4.8 0.769
10.8 0.789
11.2 0.0
12.6 0.757
15.1 0.832
19.0 0.723
15.7 0.905
12.3 0.833
5.7 0.714
2.9 0.625
11.2 0.9
8.2 0.5
18.6 0.737
23.5 0.754
28.5 0.7
17.8 0.698
20.9 0.721
31.5 0.607
18.4 0.684
19.1 0.739
12.7 0.741
5.8 0.824
7.8 0.667
25.3 0.74
18.2 0.731
35.5 0.683
31.1 0.744
28.1 0.687
34.0 0.769
35.4 0.683
33.9 0.629
25.0 0.723
22.8 0.739
25.0 0.774
24.5 0.774
24.5 0.737
18.2 0.743
4.0 1.0
19.0 0.617
10.0 0.341
7.4 0.333
4.9 1.0
1.9 0.556
14.1 0.57
14.0 0.662
21.9 0.775
19.0 0.703
12.9 0.846
16.6 0.4
5.5 0.839
9.8 0.0
8.7 0.84
11.6 0.7
9.6 0.75
8.9 0.25
6.5 0.75
14.5 0.776
18.7 0.8
15.3 0.667
24.9 0.757
26.6 0.729
22.6 0.833
21.3 0.78
21.7 0.857
17.4 0.719
16.5 0.824
15.8 0.824
18.3 0.824
10.1 0.529
23.9 0.791
33.4 0.789
30.8 0.68
31.4 0.81
36.8 0.753
34.1 0.762
27.9 0.8
26.5 0.814
24.8 0.711
18.9 0.568
14.2 0.703
16.0 0.703
16.0 0.75
7.0 0.6
29.2 0.839
28.9 0.833
24.6 0.845
20.1 0.75
15.7 0.692
24.8 0.778
35.6 0.792
36.4 0.815
36.5 0.835
35.5 0.831
31.7 0.791
26.3 0.752
33.5 0.841
30.0 0.781
25.8 0.714
29.4 0.76
29.0 0.7
24.4 0.7
24.4 0.938
23.7 0.733
32.2 0.734
32.5 0.827
35.1 0.813
36.3 0.782
32.0 0.784
26.2 0.617
22.7 0.773
23.0 0.583
11.3 0.538
39.5 0.75
42.4 0.738
42.5 0.698
40.9 0.712
40.4 0.78
37.7 0.767
39.0 0.759
38.8 0.771
37.5 0.753
37.9 0.75
37.7 0.71
36.1 0.71
36.1 0.731
35.6 0.674
14.5 0.0
17.9 0.0
7.5 0.667
14.6 0.811
13.3 1.0
7.9 0.0
7.7 0.688
12.5 0.645
13.6 0.793
21.4 0.667
8.2 0.728
18.1 0.77
24.9 0.767
13.1 0.838
16.2 0.77
4.3 0.855
17.7 0.851
23.6 0.877
18.1 0.878
22.0 0.839
15.8 0.821
14.0 0.833
19.1 0.833
13.1 0.5
5.8 0.636
11.8 0.848
11.7 0.848
11.7 0.808
9.6 0.65
22.5 0.661
25.9 0.77
32.8 0.741
29.0 0.762
37.2 0.68
29.7 0.749
34.3 0.754
26.2 0.785
29.2 0.788
20.7 0.765
18.9 0.706
18.9 0.706
18.9 1.0
10.4 0.824
18.4 0.848
13.0 0.892
26.4 0.86
18.9 0.81
22.9 0.6
17.1 0.5
4.7 1.0
11.9 0.854
32.5 0.849
31.3 0.914
30.9 0.915
23.1 0.882
24.0 0.796
18.3 0.885
20.1 0.833
22.6 0.859
30.5 0.926
33.9 0.898
32.2 0.898
32.2 0.833
30.0 0.905
10.7 0.682
10.3 0.0
19.7 0.818
11.8 0.767
26.1 0.797
18.7 0.885
4.7 0.708
6.9 0.56
13.9 0.613
23.9 0.554
23.8 0.562
17.0 0.536
21.4 0.557
24.4 0.432
16.3 0.0
2.4 0.653
13.4 0.697
16.7 0.79
22.9 0.741
26.7 0.723
27.7 0.831
21.5 0.772
28.8 0.674
12.8 0.731
11.7 0.808
11.3 0.746
18.9 0.735
31.4 0.786
28.1 0.706
15.2 0.709
19.1 0.65
14.0 0.754
15.7 0.741
28.3 0.757
21.8 0.846
25.0 0.788
23.7 0.788
23.7 0.768
26.4 0.778
14.5 0.688
13.3 0.653
15.3 0.794
22.9 0.688
23.3 0.463
16.0 0.385
12.4 0.6
11.7 0.375
11.7 0.167
9.0 0.0
3.5 0.638
9.1 0.615
19.6 0.6
21.9 0.623
24.5 0.6
29.6 0.582
27.6 0.556
25.6 0.652
26.8 0.611
25.1 0.552
19.5 0.506
16.9 0.506
16.9 0.44
14.1 0.698
20.0 0.608
22.7 0.648
26.9 0.673
19.9 0.709
24.6 0.633
22.5 0.684
19.4 0.645
21.9 0.667
9.7 0.697
12.0 0.697
16.1 0.883
31.4 0.877
33.2 0.805
29.5 0.857
20.0 0.869
28.2 0.907
21.5 0.883
30.4 0.891
33.0 0.848
30.2 0.654
18.7 0.857
14.5 0.857
8.9 0.875
13.4 0.847
20.6 0.817
21.4 0.852
18.9 0.918
19.4 0.889
19.8 0.811
18.8 0.5
11.8 0.749
19.6 0.652
18.5 0.561
34.9 0.762
38.6 0.783
38.6 0.807
37.9 0.758
38.3 0.765
38.6 0.761
36.3 0.758
37.1 0.791
33.2 0.725
34.7 0.733
32.9 0.768
31.8 0.768
31.8 0.793
30.5 0.794
10.1 0.708
12.6 0.75
19.3 0.745
33.0 0.706
23.4 0.719
17.9 0.5
9.4 0.7
9.0 0.0
12.1 0.5
13.1 0.68
18.4 0.843
34.1 0.824
36.5 0.85
37.8 0.884
39.2 0.865
36.4 0.807
35.0 0.807
29.2 0.768
33.4 0.789
30.9 0.739
28.7 0.739
28.7 0.788
18.0 0.768
13.5 0.85
28.2 0.85
26.4 0.855
36.4 0.856
36.5 0.912
35.0 0.894
34.2 0.853
30.8 0.9
28.3 0.882
30.8 0.876
24.8 0.872
29.1 0.872
29.1 0.905
16.4 0.746
19.2 0.784
24.4 0.762
18.3 0.725
19.3 0.605
16.5 0.753
20.8 0.8
26.3 0.717
26.7 0.628
23.2 0.627
26.2 0.627
26.2 0.652
25.3 0.615
12.5 0.536
11.6 0.621
17.3 0.606
17.5 0.62
22.4 0.653
15.6 0.71
24.4 0.649
36.5 0.701
34.7 0.775
32.9 0.821
26.3 0.772
35.4 0.853
35.7 0.853
35.7 0.783
35.3 0.738
12.7 0.75
14.8 0.0
4.8 0.5
12.8 0.306
14.7 0.521
29.0 0.62
27.3 0.551
30.0 0.16
23.1 0.323
23.7 0.111
15.7 0.308
9.3 0.167
18.9 0.829
21.9 0.711
11.7 0.864
12.5 0.739
23.8 0.729
17.9 0.744
21.7 0.762
20.4 0.733
13.4 0.75
11.3 0.811
13.0 0.811
13.0 0.75
9.1 0.435
1.7 0.753
13.5 0.9
29.7 0.766
30.4 0.795
36.8 0.807
17.0 0.699
21.9 0.774
29.0 0.737
28.5 0.721
25.8 0.692
20.8 0.753
21.5 0.71
20.7 0.769
19.5 0.71
16.7 0.692
16.7 0.692
16.7 0.697
11.8 0.625
15.3 0.672
10.7 0.787
16.7 0.744
27.3 0.75
33.4 0.777
37.5 0.77
33.8 0.796
34.0 0.764
37.9 0.753
39.1 0.77
39.4 0.816
38.7 0.791
35.1 0.761
33.6 0.761
33.6 0.755
32.4 0.73
26.5 0.818
29.1 0.752
24.4 0.813
22.6 0.856
36.8 0.716
30.9 0.56
15.2 0.81
19.5 0.462
5.6 0.727
24.4 0.787
31.0 0.864
33.0 0.908
31.8 0.864
36.6 0.861
27.9 0.85
26.0 0.86
26.9 0.843
20.8 0.81
14.7 0.836
14.1 0.836
15.4 0.716
22.8 0.824
26.0 0.824
31.6 0.82
36.1 0.798
34.7 0.833
31.7 0.746
27.6 0.727
24.5 0.8
20.5 0.815
22.2 0.815
22.2 0.721
20.0 0.829
17.7 0.511
15.4 0.5
7.9 0.51
32.6 0.595
36.8 0.586
36.9 0.59
37.7 0.594
35.7 0.592
34.7 0.596
37.6 0.491
38.3 0.492
35.8 0.547
33.7 0.528
29.8 0.528
29.8 0.489
32.1 0.533
13.0 0.523
10.0 0.671
11.2 0.605
13.2 0.792
9.1 0.668
17.7 0.665
27.9 0.752
34.9 0.789
18.3 0.813
19.9 0.744
21.0 0.744
21.0 0.798
15.8 0.78
32.8 0.754
37.6 0.82
40.3 0.721
39.5 0.724
39.9 0.733
38.9 0.693
36.9 0.617
35.6 0.574
34.7 0.652
32.4 0.596
26.9 0.596
26.9 0.614
26.6 0.706
3.9 0.5
5.5 0.875
3.8 0.417
7.8 0.875
7.9 0.474
7.2 0.722
13.0 0.727
13.4 0.686
10.2 0.726
19.2 0.791
12.1 0.75
7.4 1.0
6.2 0.125
10.4 0.563
13.2 0.0
4.3 0.788
8.8 0.556
10.6 0.696
14.8 0.642
18.0 0.681
33.6 0.721
35.6 0.738
36.7 0.68
32.4 0.761
35.9 0.774
34.0 0.77
33.1 0.69
35.0 0.655
30.6 0.655
30.6 0.649
23.3 0.765
7.9 0.783
16.3 0.694
21.6 0.731
7.0 0.571
26.2 0.698
30.9 0.711
32.6 0.754
18.0 0.797
24.8 0.717
22.9 0.774
27.1 0.688
25.0 0.707
10.1 0.847
26.6 0.844
35.2 0.869
36.3 0.867
38.2 0.876
35.5 0.888
32.5 0.894
31.6 0.89
27.7 0.891
32.0 0.881
33.4 0.881
33.4 0.89
20.4 0.779
28.8 0.828
30.3 0.828
28.4 0.887
31.2 0.845
28.6 0.802
30.5 0.807
29.9 0.873
35.3 0.857
32.0 0.667
22.3 0.667
22.3 0.857
26.6 0.714
23.4 0.843
27.3 0.848
26.5 0.807
24.6 0.792
26.2 0.717
19.7 0.803
17.2 0.545
35.6 0.656
33.6 0.593
34.8 0.57
33.1 0.593
32.8 0.562
28.9 0.562
31.8 0.514
28.9 0.571
2.0 0.5
5.3 0.725
13.8 0.867
10.6 0.791
19.7 0.852
21.3 0.76
22.6 0.782
21.0 0.667
19.8 0.81
17.1 0.571
10.8 0.357
5.5 0.471
11.4 0.5
24.5 0.822
18.0 0.81
23.3 0.719
19.2 0.754
27.7 0.706
27.8 0.738
24.9 0.709
27.6 0.762
33.5 0.652
32.7 0.75
29.7 0.75
29.7 0.634
30.7 0.667
27.7 0.719
32.0 0.693
36.8 0.71
35.5 0.588
35.1 0.618
35.4 0.725
34.4 0.63
35.3 0.517
35.3 0.532
35.5 0.498
27.7 0.498
27.7 0.552
13.3 0.735
19.3 0.653
14.4 0.727
9.4 0.719
14.0 0.667
3.6 0.571
4.5 0.582
19.6 0.743
24.1 0.818
20.2 0.743
32.2 0.819
27.9 0.784
15.3 0.733
19.2 0.791
14.9 0.783
14.2 1.0
10.6 0.571
11.8 0.75
14.4 0.78
10.9 0.883
13.0 0.85
32.0 0.82
31.1 0.837
31.4 0.864
34.6 0.709
18.3 0.816
22.1 0.833
15.7 0.853
18.9 0.853
18.9 0.9
16.1 0.941
16.0 0.513
15.8 0.616
23.9 0.598
27.5 0.616
28.5 0.663
28.5 0.667
32.1 0.672
31.4 0.755
36.0 0.681
27.7 0.733
24.5 0.733
24.5 0.64
9.4 0.727
15.3 0.477
11.5 0.885
17.7 0.878
12.8 0.835
17.8 0.921
16.2 0.848
8.6 0.844
13.0 0.851
34.1 0.853
32.2 0.736
25.1 0.833
33.6 0.81
25.0 0.867
18.9 0.886
17.9 0.84
18.6 0.882
24.8 0.736
24.3 0.804
15.5 0.798
19.8 0.714
13.0 0.63
15.4 0.743
9.0 0.882
6.6 0.744
19.6 0.826
25.1 0.333
12.2 0.884
20.8 0.789
38.4 0.816
27.0 0.851
22.6 0.754
14.5 0.81
12.3 0.81
15.7 0.826
5.6 0.944
7.3 0.701
9.2 0.75
7.7 0.822
19.7 0.867
19.4 0.825
13.0 0.815
26.1 0.81
31.7 0.86
27.6 0.858
27.6 0.79
23.5 0.79
23.5 0.845
20.3 0.875
8.7 0.571
6.0 0.612
12.2 0.695
20.4 0.704
24.0 0.744
27.9 0.777
33.9 0.673
24.1 0.685
19.0 0.742
28.6 0.577
34.2 0.587
34.9 0.571
31.2 0.629
32.3 0.442
35.3 0.609
30.3 0.5
24.6 0.344
26.4 0.524
23.6 0.524
23.6 0.48
20.7 0.273
7.3 0.668
21.9 0.695
28.8 0.707
28.9 0.739
30.4 0.66
27.8 0.692
23.2 0.818
21.0 0.908
30.3 0.981
34.3 0.798
26.7 0.854
30.9 0.882
33.9 0.9
29.6 0.825
30.5 0.906
30.2 0.906
30.2 0.875
28.1 0.917
10.7 0.8
11.1 0.901
20.5 0.8
13.1 0.25
14.9 0.8
12.9 0.851
10.2 0.755
18.1 0.763
34.3 0.767
37.9 0.83
35.7 0.753
41.4 0.789
40.3 0.796
36.6 0.773
37.5 0.788
36.9 0.752
33.7 0.752
33.7 0.786
33.8 0.727
14.7 0.778
30.1 0.797
36.3 0.8
37.6 0.805
37.6 0.763
33.0 0.805
36.5 0.806
31.8 0.789
34.0 0.721
31.0 0.8
9.7 0.8
9.7 0.847
27.4 0.781
24.2 0.787
26.3 0.78
17.2 0.722
11.8 0.81
27.0 0.832
33.0 0.89
19.4 0.833
17.8 0.779
26.5 0.82
30.4 0.882
23.0 0.855
23.9 0.8
16.3 0.857
17.7 0.526
19.7 0.25
14.3 0.25
22.6 0.811
31.2 0.83
29.7 0.807
31.9 0.825
29.1 0.718
27.6 0.727
19.8 0.84
16.7 0.844
8.7 0.825
19.8 0.74
12.0 0.806
8.0 0.889
11.8 0.75
5.8 0.806
13.2 0.646
11.5 0.816
22.6 0.803
34.0 0.852
36.0 0.878
36.2 0.848
36.7 0.848
35.0 0.873
33.3 0.625
14.8 0.94
20.7 0.757
20.4 0.757
11.7 0.805
22.0 0.829
12.1 0.844
15.4 0.6
6.2 0.0
13.4 0.618
22.0 0.458
19.9 0.368
12.1 0.545
21.6 0.662
28.1 0.667
19.2 0.625
16.3 0.8
12.4 0.545
8.8 0.545
8.8 1.0
28.9 0.79
27.6 0.815
18.9 0.792
15.6 0.828
17.3 0.78
2.4 0.75
20.2 0.871
33.6 0.867
27.2 0.852
33.1 0.842
27.4 0.85
20.7 0.872
34.0 0.843
29.7 0.839
28.2 0.881
28.0 0.881
28.0 0.893
32.1 1.0
20.8 0.905
13.0 0.786
15.5 0.673
12.3 0.657
14.7 0.638
17.7 0.788
25.7 0.69
24.3 0.727
28.7 0.636
28.8 0.612
26.4 0.612
26.4 0.57
22.8 0.67
6.2 0.5
4.5 0.483
8.4 0.667
8.7 0.0
8.5 0.852
18.8 0.77
23.9 0.725
5.3 0.5
16.9 0.815
29.8 0.819
29.1 0.755
34.9 0.812
37.3 0.787
36.1 0.782
37.2 0.797
36.8 0.78
33.2 0.654
18.4 0.654
18.4 0.763
16.4 0.708
8.2 0.789
10.5 0.689
6.1 0.526
14.1 0.633
21.6 0.532
18.1 0.574
20.4 0.515
16.3 0.547
22.6 0.621
24.8 0.484
14.4 0.577
14.4 0.577
17.3 0.768
17.2 0.69
15.0 0.748
26.9 0.759
8.8 0.609
10.1 0.788
11.5 0.876
22.5 0.695
23.8 0.811
25.2 0.794
20.4 0.869
21.0 0.853
19.3 0.807
26.3 0.807
26.3 0.75
22.9 0.903
8.3 0.647
17.3 0.607
20.0 0.571
12.5 0.765
11.4 0.5
36.0 0.818
36.8 0.851
37.6 0.868
38.5 0.847
38.0 0.878
36.0 0.861
36.4 0.885
33.4 0.855
35.0 0.9
34.8 0.9
34.8 0.896
32.7 0.892
18.9 0.649
18.6 0.736
18.2 0.552
11.4 0.667
12.1 0.536
11.6 0.838
15.6 0.917
11.6 0.714
9.5 0.724
19.2 0.76
11.7 0.645
9.2 0.8
5.2 0.673
9.7 0.684
9.6 0.756
14.2 0.695
13.4 0.744
12.2 0.8
14.4 0.708
13.1 0.692
12.2 0.8
22.8 0.8
22.8 0.756
19.5 0.75
8.5 0.545
13.8 0.0
3.0 0.25
3.7 1.0
5.5 0.667
5.5 0.725
21.4 0.777
21.2 0.786
26.2 0.841
29.9 0.746
19.9 0.818
17.2 0.832
23.4 0.799
25.4 0.835
19.7 0.674
14.1 0.674
14.1 0.0
7.5 0.714
9.6 0.714
12.8 0.759
20.3 0.897
17.0 0.82
9.1 0.524
4.3 0.833
7.0 0.664
15.1 0.753
18.7 0.79
21.5 0.474
20.8 0.622
17.8 0.591
16.4 0.365
10.8 0.42
19.5 0.0
9.5 0.0
29.1 0.82
25.2 0.783
24.1 0.838
26.9 0.815
23.7 0.767
21.9 0.857
13.8 0.551
15.8 0.571
9.0 0.571
10.6 0.571
10.6 0.917
4.6 0.0
1.0 0.667
5.3 0.752
10.6 0.771
26.2 0.704
23.4 0.711
24.7 0.737
20.5 0.721
17.7 0.768
14.4 0.682
17.5 0.705
21.5 0.735
28.4 0.0
5.0 0.813
24.5 0.77
23.8 0.792
24.3 0.848
28.9 0.84
27.7 0.75
11.0 0.75
28.8 0.767
36.9 0.803
37.3 0.849
36.8 0.801
36.9 0.845
37.9 0.843
36.3 0.859
36.4 0.801
32.2 0.834
31.1 0.834
31.1 0.869
32.4 0.826
4.8 0.696
11.3 0.783
23.3 0.79
23.7 0.824
29.9 0.823
23.3 0.812
26.3 0.868
28.7 0.849
24.1 0.861
25.2 0.861
25.2 0.83
28.5 0.88
24.7 0.815
34.0 0.822
34.6 0.806
34.3 0.819
30.5 0.845
28.7 0.788
26.3 0.778
23.7 0.781
25.4 0.713
26.1 0.713
26.1 0.833
28.9 0.873
9.5 0.603
18.0 0.687
22.0 0.747
23.9 0.688
20.8 0.0
19.3 0.722
6.7 0.5
6.3 0.5
22.1 0.762
34.9 0.781
37.1 0.757
37.5 0.791
39.6 0.814
36.3 0.81
37.7 0.822
36.2 0.845
35.4 0.845
35.4 0.858
30.6 0.812
8.1 0.286
4.0 0.442
13.7 0.545
14.8 0.391
15.0 0.427
12.6 0.333
9.5 0.25
9.7 0.471
17.7 0.471
17.7 0.519
11.3 0.629
11.3 0.633
15.6 0.469
10.2 0.485
3.5 0.5
16.3 0.717
21.4 0.808
32.1 0.679
15.6 0.432
14.6 0.646
14.7 0.333
7.0 0.75
7.8 0.727
5.8 0.8
10.5 0.753
20.3 0.844
19.8 0.847
20.6 0.776
25.2 0.784
25.1 0.84
23.9 0.831
31.4 0.774
35.0 0.82
35.7 0.873
33.3 0.844
28.7 0.824
29.9 0.813
27.1 0.813
27.1 0.825
11.0 0.456
25.3 0.376
16.0 0.328
12.1 0.759
27.5 0.702
32.2 0.639
30.0 0.654
22.0 0.56
24.8 0.41
14.2 0.0
7.1 0.449
8.7 1.0
8.8 0.586
11.4 0.821
9.9 0.818
20.7 0.911
19.1 0.808
23.7 0.784
23.8 0.714
8.7 0.75
17.8 0.75
17.4 0.679
14.8 0.758
17.9 0.825
12.6 0.667
14.9 0.605
13.8 0.609
18.5 0.619
5.8 0.6
8.8 0.794
11.9 0.5
18.4 0.71
10.0 0.526
13.5 0.0
8.5 0.923
11.8 0.895
15.1 0.679
20.6 0.584
18.3 0.671
18.0 0.82
24.6 0.905
22.9 0.815
32.3 0.846
35.6 0.89
23.8 0.893
24.6 0.859
25.9 0.819
27.4 0.849
30.7 0.818
21.7 0.818
21.7 0.824
20.3 0.857
28.5 0.0
27.0 0.785
37.0 0.767
37.3 0.753
39.7 0.805
39.9 0.791
37.3 0.814
35.8 0.822
34.7 0.858
35.4 0.858
35.4 0.78
34.0 0.855
17.7 0.778
16.5 0.81
30.4 0.767
23.9 0.694
19.1 0.822
27.8 0.791
26.2 0.703
19.5 0.84
8.3 0.76
6.9 0.671
8.9 0.597
9.9 0.69
16.8 0.681
16.9 0.52
13.4 0.75
11.1 0.625
7.9 0.574
9.6 0.574
9.6 0.619
12.8 0.687
7.6 0.784
11.5 0.55
4.1 0.716
10.7 0.718
13.0 0.661
13.5 0.826
13.9 0.0
13.0 0.5
20.1 0.833
8.7 0.868
17.5 0.698
25.5 0.801
21.8 0.827
24.3 0.765
34.2 0.864
32.1 0.795
29.7 0.813
36.2 0.808
34.5 0.808
34.5 0.811
37.0 0.819
18.0 0.677
20.8 0.699
30.1 0.693
27.8 0.757
34.3 0.792
32.8 0.742
30.4 0.731
33.5 0.757
32.7 0.757
32.7 0.757
32.7 0.768
8.8 0.483
10.1 1.0
3.9 0.593
5.5 0.75
7.5 0.913
16.4 0.778
6.7 1.0
7.2 0.846
18.9 0.909
20.3 1.0
10.0 0.0
5.6 0.0
5.6 1.0
4.4 0.0
7.4 0.6
4.1 0.55
6.5 0.5
33.4 0.816
32.1 0.834
33.0 0.789
28.3 0.779
29.0 0.625
11.4 0.71
14.4 0.689
17.5 0.587
11.8 0.556
9.7 0.867
22.3 0.81
14.6 1.0
8.9 0.5
14.8 0.794
8.1 0.871
17.4 0.86
22.0 0.875
25.6 0.911
27.2 0.9
30.5 0.915
28.2 0.901
30.9 0.901
30.9 0.888
28.0 0.891
3.3 1.0
4.9 0.5
12.9 0.658
8.7 0.792
15.3 0.731
23.5 0.611
29.9 0.642
33.0 0.621
36.6 0.568
37.2 0.597
36.9 0.645
37.4 0.627
33.3 0.397
29.7 0.397
29.7 0.58
35.2 0.6
35.4 0.753
37.7 0.824
37.2 0.78
37.2 0.848
12.2 0.721
20.8 0.836
22.0 0.674
28.6 0.747
25.9 0.884
21.8 0.826
27.5 0.768
26.0 0.776
18.8 0.776
18.8 0.626
23.4 0.733
6.0 0.471
4.8 0.8
12.4 0.0
6.2 0.438
18.7 0.665
20.1 0.677
19.7 0.635
16.4 0.735
12.2 0.717
13.4 0.741
18.0 0.783
27.5 0.686
22.6 0.787
21.0 0.759
18.8 0.839
7.9 0.455
12.8 0.308
16.6 0.787
16.1 0.333
6.0 0.673
12.1 0.717
14.9 0.818
18.7 0.676
12.1 0.73
11.4 0.765
11.1 0.773
15.4 0.731
12.9 0.817
16.7 0.735
27.1 0.847
33.7 0.798
33.6 0.857
36.0 0.815
35.0 0.843
32.1 0.843
32.1 0.84
33.4 0.892
14.8 1.0
4.3 0.808
20.8 0.652
16.1 0.717
16.5 0.644
19.5 0.69
21.1 0.607
9.1 0.5
5.6 0.682
8.3 0.682
8.3 0.75
5.1 0.625
7.3 0.769
21.0 0.835
17.0 0.784
24.5 0.783
29.8 0.839
25.8 0.847
25.2 0.848
22.4 0.848
22.4 0.833
24.6 0.893
22.8 0.737
20.5 0.648
30.3 0.708
21.9 0.692
21.8 0.69
24.4 0.718
32.2 0.743
26.1 0.743
26.1 0.75
20.4 0.735
11.9 0.866
25.0 0.822
35.6 0.886
19.6 0.795
33.4 0.806
35.7 0.807
33.3 0.833
26.9 0.793
25.1 0.724
31.1 0.775
31.7 0.775
26.1 0.817
30.6 0.743
32.1 0.733
35.5 0.861
35.1 0.83
34.5 0.815
33.5 0.859
31.8 0.859
31.8 0.834
31.4 0.859
24.4 0.875
24.4 0.84
15.4 0.8
13.9 0.636
17.4 0.75
13.6 0.576
8.5 0.471
13.6 0.73
21.5 0.696
17.3 0.736
29.5 0.683
23.4 0.718
31.3 0.693
24.4 0.632
12.2 0.632
19.0 0.676
17.0 0.754
24.3 0.743
26.1 0.726
31.1 0.796
27.5 0.655
23.4 0.716
23.8 0.716
23.8 0.735
25.9 0.662
34.6 0.863
39.0 0.9
39.5 0.88
38.9 0.86
38.6 0.905
38.5 0.873
38.5 0.854
33.8 0.854
33.8 0.898
35.8 0.875
7.8 0.333
7.4 0.421
8.3 0.391
8.6 0.667
11.3 0.5
6.8 0.578
12.6 0.68
13.4 0.725
25.4 0.649
32.0 0.652
30.8 0.686
32.8 0.703
29.9 0.703
29.9 0.705
30.1 0.648
10.0 0.576
12.8 0.714
9.7 0.5
13.0 0.532
16.6 0.523
12.2 0.55
28.2 0.788
36.8 0.74
37.1 0.811
13.1 0.662
29.3 0.689
26.4 0.534
21.2 0.727
24.9 0.777
27.2 0.783
30.9 0.647
17.5 0.647
17.5 0.831
18.2 0.846
31.4 0.727
33.5 0.789
35.1 0.798
35.1 0.733
31.6 0.644
37.2 0.682
33.0 0.759
30.5 0.759
30.5 0.798
32.1 0.8
25.0 0.772
23.3 0.798
31.8 0.681
17.7 0.667
16.9 0.813
21.3 0.806
30.9 0.74
26.4 0.799
24.4 0.817
23.2 0.824
12.9 0.82
17.0 0.82
17.0 0.736
15.4 0.817
10.2 0.776
9.0 0.734
9.9 0.725
26.2 0.0
6.0 0.769
14.6 0.736
17.6 0.3
3.5 0.769
8.5 0.5
12.5 0.739
22.2 0.639
14.4 0.765
22.2 0.729
30.3 0.615
17.4 0.615
17.4 0.7
14.2 0.667
27.8 0.85
25.9 0.8
17.2 0.882
17.7 1.0
3.1 0.5
20.7 0.676
24.2 0.744
30.1 0.739
32.8 0.748
30.4 0.751
36.8 0.737
35.3 0.603
30.6 0.603
30.6 0.489
21.9 0.436
9.1 0.828
8.7 0.906
6.3 0.81
7.8 0.429
24.7 0.76
30.3 0.779
32.6 0.738
32.6 0.773
31.3 0.787
26.6 0.728
17.1 0.699
20.5 0.699
20.5 0.726
21.5 0.676
26.5 0.794
27.5 0.717
21.1 0.823
26.3 0.782
26.7 0.839
27.1 0.807
26.7 0.769
18.6 0.769
18.6 0.756
20.3 0.771
3.7 0.0
19.0 0.803
31.9 0.833
34.2 0.866
31.2 0.834
29.9 0.783
28.6 0.836
26.7 0.819
26.4 0.819
26.4 0.829
22.0 0.748
27.3 0.754
37.4 0.725
27.7 0.775
8.0 0.788
9.4 0.762
11.5 0.87
24.5 0.771
27.5 0.742
13.3 0.808
23.7 0.78
19.0 0.784
18.9 0.826
24.9 0.826
24.9 0.872
19.9 0.864
4.2 0.467
5.1 0.6
3.6 0.6
17.5 0.625
11.1 0.526
9.9 0.741
11.2 0.567
14.3 0.61
12.8 0.512
15.4 0.85
22.4 0.8
19.2 0.816
31.8 0.852
27.9 0.82
23.9 0.825
28.3 0.892
23.8 0.892
23.8 0.829
19.1 0.856
21.0 0.735
34.4 0.691
32.0 0.707
26.0 0.771
27.9 0.574
34.6 0.712
34.4 0.655
32.0 0.655
32.0 0.644
33.0 0.523
5.9 0.0
5.0 0.722
12.1 0.667
19.9 0.866
14.5 0.812
22.3 0.877
32.2 0.844
30.9 0.952
36.1 0.854
27.5 0.854
27.5 0.873
30.4 0.86
19.3 0.567
14.3 0.813
26.5 0.779
18.4 0.906
33.6 0.875
29.3 0.838
16.1 0.885
27.3 0.868
24.0 0.868
24.0 0.805
19.0 0.814
18.4 0.843
24.8 0.841
31.5 0.836
30.4 0.848
38.5 0.803
36.0 0.857
33.5 0.857
33.5 0.849
35.0 0.856
12.4 0.831
17.6 0.806
21.1 0.852
22.7 0.836
22.1 0.797
23.4 0.883
22.3 0.883
22.3 0.778
28.9 0.9
24.8 0.8
29.8 0.753
32.3 0.642
23.1 0.746
20.7 0.772
15.1 0.769
21.0 0.769
21.0 0.776
18.2 0.743
13.7 0.867
32.0 0.745
24.8 0.871
22.6 0.792
28.5 0.795
26.9 0.742
29.8 0.774
29.6 0.774
29.6 0.832
2.0 0.417
7.1 0.477
13.3 0.847
25.8 0.831
13.2 0.736
18.0 0.624
17.6 0.805
26.5 0.748
33.5 0.76
35.1 0.774
33.8 0.774
33.8 0.727
32.8 0.79
25.6 0.867
23.2 0.863
23.3 0.698
14.7 0.818
33.9 0.862
33.9 0.871
31.4 0.822
30.7 0.67
35.8 0.748
31.9 0.748
36.5 0.848
35.0 0.768
33.4 0.795
33.2 0.795
33.2 0.829
34.4 0.837
1.3 0.565
34.3 0.742
36.0 0.825
37.7 0.754
34.4 0.842
30.1 0.785
32.1 0.805
33.1 0.805
33.1 0.888
32.9 0.84
13.2 0.643
21.4 0.662
16.3 0.8
6.3 0.737
6.7 0.652
5.4 0.692
5.9 0.519
10.3 0.567
14.4 0.754
25.1 0.745
27.7 0.711
29.8 0.741
28.7 0.77
29.7 0.824
25.3 0.824
25.3 0.807
23.2 0.813
11.4 0.681
20.9 0.673
28.2 0.642
23.0 0.679
29.0 0.517
26.9 0.577
19.3 0.577
19.3 0.447
16.5 0.772
29.2 0.863
28.3 0.778
25.5 0.817
34.5 0.807
32.0 0.79
29.5 0.79
29.5 0.76
34.1 0.801
5.8 0.75
8.4 0.667
4.4 0.612
3.2 0.684
14.5 0.375
16.2 0.452
25.6 0.525
27.2 0.386
24.5 0.428
35.0 0.397
34.4 0.397
34.4 0.43
33.7 0.482
11.8 0.6
4.8 0.558
8.7 0.6
16.5 0.558
22.4 0.645
16.9 0.647
16.6 0.647
16.6 0.548
19.0 0.613
25.2 0.869
33.5 0.792
21.3 0.826
30.3 0.861
24.9 0.884
25.0 0.86
30.6 0.86
30.6 0.839
29.5 0.867
30.5 0.817
36.9 0.787
35.2 0.625
27.2 0.758
30.4 0.817
31.4 0.814
29.2 0.814
29.2 0.787
33.7 0.81
10.2 0.704
19.3 0.74
14.8 0.714
14.0 0.778
26.0 0.818
31.7 0.772
27.8 0.772
27.8 0.795
27.1 0.721
25.3 0.815
28.6 0.85
35.8 0.824
39.0 0.704
34.3 0.821
36.3 0.804
33.8 0.804
33.8 0.822
31.5 0.871
8.1 0.8
21.7 0.7
10.4 0.579
23.0 0.714
16.9 0.738
14.7 0.0
8.6 0.0
38.0 0.809
38.0 0.756
26.3 0.773
26.8 0.82
35.5 0.864
25.9 0.827
23.9 0.827
23.9 0.775
25.8 0.699
25.6 0.707
26.5 0.641
23.5 0.571
22.9 0.687
15.7 0.589
28.6 0.589
28.6 0.526
17.0 0.678
15.2 0.638
16.1 0.583
27.8 0.461
25.2 0.591
18.1 1.0
15.8 0.667
11.1 0.667
11.1 0.5
10.9 0.505
22.6 0.886
29.2 0.897
32.0 0.933
26.4 0.909
9.3 0.828
18.8 0.888
24.4 0.888
24.4 0.744
13.6 0.919
21.5 0.766
17.9 0.801
22.7 0.674
14.8 0.762
15.2 0.689
8.4 0.754
37.0 0.766
36.8 0.858
37.4 0.812
24.0 0.629
30.4 0.755
26.2 0.793
26.4 0.667
12.5 0.6
11.0 0.455
8.2 0.455
8.2 0.643
14.7 0.722
16.0 0.745
16.4 0.753
11.5 0.771
22.4 0.771
16.5 0.821
12.4 0.843
15.9 0.843
15.9 0.825
11.6 0.876
28.1 0.715
31.4 0.605
23.3 0.602
25.9 0.694
27.9 0.579
24.5 0.622
24.6 0.622
24.6 0.704
10.9 0.769
31.0 0.802
21.0 0.745
17.3 0.863
15.5 0.805
20.3 0.783
18.8 0.783
18.8 0.617
18.6 0.744
12.4 0.818
7.4 0.796
21.9 0.705
12.9 0.85
20.8 0.833
12.0 0.875
4.6 0.688
19.8 0.766
32.5 0.78
34.3 0.842
34.7 0.823
35.3 0.8
34.9 0.826
30.7 0.835
34.4 0.835
34.4 0.812
34.4 0.845
18.6 0.9
8.5 0.719
14.6 0.705
18.9 0.556
7.2 0.0
2.0 0.711
13.7 0.75
14.1 0.636
12.5 0.767
17.7 0.841
21.7 0.789
18.2 0.657
21.4 0.613
21.3 0.629
14.0 0.636
15.6 0.667
6.2 0.667
6.2 0.385
12.6 0.678
10.7 0.467
9.4 0.533
11.8 0.667
20.1 0.855
22.3 0.771
22.4 0.762
22.1 0.821
18.3 0.827
19.2 0.827
19.2 0.696
11.2 1.0
4.2 0.875
14.5 0.765
16.8 0.773
32.1 0.702
31.3 0.702
31.3 0.6
30.2 0.761
25.1 0.673
24.0 0.685
20.6 0.537
11.7 0.68
18.1 0.733
21.1 0.733
21.1 0.648
27.2 0.586
7.5 0.574
11.0 0.724
12.4 0.697
23.1 0.647
14.2 0.25
9.3 0.25
27.8 0.871
29.9 0.83
31.3 0.88
29.3 0.857
25.9 0.788
34.8 0.788
34.8 0.858
30.0 0.86
11.2 0.726
21.0 0.652
17.6 0.65
25.1 0.567
20.2 0.617
25.0 0.617
25.0 0.695
24.6 0.593
36.2 0.934
33.6 0.809
28.2 0.9
38.2 0.885
36.5 0.914
32.7 0.914
32.7 0.908
34.2 0.898
13.3 0.759
20.1 0.814
14.7 0.765
12.3 0.6
6.7 0.833
10.1 0.833
21.6 0.813
34.8 0.81
35.0 0.831
36.7 0.824
38.2 0.832
35.0 0.832
35.0 0.85
35.9 0.842
19.4 0.794
24.3 0.846
17.3 0.905
18.2 0.735
13.2 0.615
14.8 0.615
14.8 0.848
20.7 0.828
18.2 0.792
19.0 0.8
19.1 0.907
21.3 0.909
8.7 0.813
25.8 0.813
25.8 0.857
21.3 0.86
37.2 0.771
37.0 0.779
34.3 0.775
31.0 0.771
28.2 0.694
34.1 0.694
34.1 0.796
30.6 0.75
28.9 0.762
18.5 0.744
6.8 0.5
12.5 0.615
16.5 0.783
20.0 0.788
29.0 0.795
31.0 0.705
15.7 0.701
12.3 0.701
12.3 0.667
22.4 0.556
26.9 0.676
21.8 0.622
20.4 0.679
22.4 0.751
28.7 0.717
27.3 0.717
27.3 0.692
26.5 0.715
5.8 0.0
11.5 0.79
23.1 0.848
27.5 0.794
24.3 0.874
28.5 0.874
28.5 0.739
26.1 0.844
17.6 0.779
21.9 0.813
21.8 0.72
16.9 0.681
15.3 0.698
14.3 0.698
14.3 0.585
22.9 0.843
26.7 0.846
31.4 0.851
38.3 0.866
38.0 0.868
36.8 0.868
36.8 0.86
38.1 0.847
8.3 0.785
24.4 0.76
33.3 0.824
31.4 0.761
32.0 0.848
28.9 0.848
28.9 0.767
19.9 0.806
13.3 0.706
15.6 0.638
14.1 0.656
15.8 0.685
20.8 0.738
26.8 0.738
26.8 0.712
20.7 1.0
24.2 0.823
35.4 0.783
33.8 0.752
37.5 0.81
33.6 0.855
32.6 0.855
32.6 0.843
28.2 0.708
5.2 0.5
6.6 0.829
18.1 0.75
27.0 0.661
27.2 0.749
31.1 0.784
32.9 0.836
33.1 0.836
33.1 0.752
32.1 0.856
5.2 0.652
32.6 0.809
34.4 0.808
35.3 0.819
36.2 0.751
34.1 0.839
28.6 0.839
28.6 0.731
18.1 0.75
11.6 0.662
21.6 0.704
25.2 0.597
16.3 0.844
18.4 0.657
19.6 0.657
19.6 0.574
16.2 0.707
20.3 0.764
26.3 0.824
34.8 0.756
34.4 0.798
35.8 0.73
35.5 0.73
35.5 0.686
21.4 0.797
24.7 0.844
33.6 0.86
33.8 0.797
34.8 0.837
33.9 0.752
33.7 0.752
33.7 0.863
33.9 0.816
15.7 0.729
14.6 1.0
15.2 0.726
15.0 0.545
12.0 0.894
27.9 0.906
24.9 0.896
21.3 0.857
33.2 0.906
24.4 0.906
24.4 1.0
14.3 0.878
3.8 0.766
12.2 1.0
16.3 0.842
11.3 0.89
18.9 0.825
4.2 0.5
6.5 0.821
22.5 0.646
26.9 0.5
15.4 0.667
15.9 0.8
12.9 0.79
22.4 0.0
3.5 0.667
12.5 0.667
9.2 0.45
9.0 0.778
13.9 0.0
9.8 0.75
10.1 0.794
13.8 0.757
33.1 0.881
32.9 0.846
32.2 0.862
30.5 0.862
30.5 0.837
28.5 0.867
12.4 0.412
13.0 0.543
7.9 0.65
7.0 0.604
11.7 0.2
25.6 0.788
24.3 0.865
34.9 0.881
24.0 0.804
24.2 0.821
15.0 0.821
15.0 0.848
18.2 0.852
32.6 0.746
20.3 0.725
22.6 0.476
9.5 0.0
5.7 1.0
5.3 1.0
22.6 0.667
13.8 0.587
18.3 0.429
16.5 0.767
20.2 0.731
10.7 0.535
8.5 0.583
7.9 0.65
13.7 0.639
18.1 0.579
12.6 0.579
4.9 0.875
7.9 0.929
6.7 0.6
8.6 0.867
7.2 0.781
16.0 0.781
16.0 0.714
13.3 0.682
17.9 0.754
22.4 0.737
27.2 0.664
25.6 0.712
18.5 0.712
18.5 0.737
28.5 0.706
11.0 0.75
11.8 0.857
10.3 0.726
12.1 0.456
14.7 0.562
30.0 0.619
20.2 0.582
26.1 0.582
26.1 0.545
17.3 0.59
5.7 0.85
13.4 0.769
11.8 0.778
17.5 0.684
13.2 0.684
13.2 0.78
18.0 0.733
22.7 0.636
11.6 0.791
20.4 0.772
32.9 0.8
34.6 0.8
34.6 0.802
34.2 0.847
16.4 0.602
25.2 0.556
18.5 0.618
21.6 0.581
19.8 0.581
19.8 0.67
20.7 0.673
11.0 0.5
5.2 0.795
21.4 0.755
28.7 0.804
30.9 0.79
31.5 0.79
31.5 0.78
33.4 0.731
28.5 0.702
30.5 0.738
30.5 0.726
32.4 0.782
34.1 0.782
34.1 0.718
34.6 0.772
24.5 0.793
27.4 0.811
24.4 0.864
24.6 0.67
23.2 0.617
20.1 0.528
15.2 0.487
23.3 0.487
23.3 0.559
20.8 0.617
5.9 0.657
16.5 0.786
14.5 0.512
9.4 0.5
7.5 0.636
5.8 0.68
18.3 0.828
7.0 0.828
7.0 0.714
21.5 0.5
19.7 0.649
21.2 0.688
23.2 0.669
30.2 0.669
30.8 0.669
30.8 0.709
32.0 0.615
31.0 0.562
28.7 0.642
20.3 0.636
10.7 0.833
8.3 0.833
12.6 0.725
20.7 0.802
29.7 0.807
37.6 0.864
36.2 0.727
15.2 0.727
15.2 0.86
34.8 0.898
38.0 0.521
36.2 0.66
32.5 0.715
35.8 0.728
35.2 0.728
35.2 0.727
33.4 0.76
13.1 0.75
17.3 0.695
16.9 0.832
30.5 0.827
29.2 0.816
36.4 0.812
34.4 0.812
34.4 0.824
36.2 0.844
10.0 0.583
5.4 1.0
13.9 0.612
16.9 0.63
12.5 0.655
21.1 0.583
9.6 0.583
16.1 0.667
24.3 0.0
0.0 1.0
7.3 1.0
9.9 0.789
6.5 0.618
9.5 0.86
19.7 0.875
18.1 0.875
18.1 0.81
26.2 0.706
22.6 0.771
19.1 0.792
28.4 0.804
29.5 0.804
29.5 0.652
20.8 0.647
7.5 0.784
8.1 0.66
9.8 0.798
26.9 0.785
32.2 0.823
28.9 0.795
25.8 0.795
25.8 0.815
26.3 0.816
27.8 0.739
31.5 0.689
33.2 0.657
32.8 0.75
31.0 0.75
31.0 0.74
29.3 0.741
11.6 0.684
15.6 0.769
8.9 0.754
21.6 0.718
25.2 0.718
25.2 0.716
17.4 0.808
5.0 0.0
21.1 0.781
21.5 0.865
21.8 0.895
21.4 0.867
22.1 0.867
22.1 0.855
20.2 1.0
11.9 0.75
16.7 0.702
23.2 0.762
25.0 0.704
23.6 0.788
26.6 0.788
26.6 0.853
25.6 0.717
13.6 0.743
26.9 0.744
31.6 0.747
30.8 0.837
26.3 0.837
26.3 0.8
5.5 0.643
8.6 0.0
2.9 0.0
11.1 0.623
15.7 0.787
21.1 0.808
18.0 0.74
23.9 0.74
18.9 0.701
15.3 0.583
14.5 0.474
12.4 0.618
27.3 0.473
25.4 0.5
21.7 0.5
10.9 0.671
20.6 0.693
21.8 0.871
10.9 0.707
15.6 0.707
15.6 0.826
11.0 0.636
10.3 0.7
9.0 0.429
9.9 0.564
14.4 0.596
15.1 0.596
15.1 0.693
29.1 0.706
12.3 0.691
19.0 0.73
24.7 0.699
21.5 0.75
19.8 0.75
19.8 0.813
16.1 0.818
9.6 0.471
10.5 0.652
29.2 0.711
35.3 0.627
25.8 0.627
25.8 0.784
19.9 0.615
23.0 0.676
26.4 0.74
35.3 0.813
30.3 0.752
27.6 0.752
27.6 0.827
28.0 0.825
17.8 0.754
21.1 0.748
17.3 0.638
19.1 0.778
3.9 0.778
10.4 0.579
12.3 0.821
25.8 0.805
34.4 0.88
22.5 0.758
24.3 0.758
24.3 0.846
20.0 0.667
37.8 0.789
36.2 0.804
32.7 0.805
36.3 0.785
35.9 0.785
35.9 0.791
36.2 0.801
2.0 0.417
15.2 0.717
21.1 0.66
16.5 0.702
17.0 0.702
17.0 0.63
20.2 0.697
20.1 0.4
13.3 0.4
23.1 0.521
27.3 0.517
13.9 0.583
19.4 0.583
19.4 0.628
22.0 0.534
29.4 0.734
12.5 0.727
15.9 0.713
17.8 0.748
28.1 0.822
33.3 0.822
33.3 0.752
25.7 0.769
8.5 0.803
26.0 0.769
38.7 0.834
38.7 0.834
38.7 0.832
36.9 0.865
19.4 0.65
19.9 0.779
24.6 0.716
24.4 0.716
24.4 0.8
26.6 0.8
15.2 0.0
22.5 0.613
28.1 0.65
27.2 0.691
27.8 0.691
27.8 0.613
25.3 0.693
18.6 0.859
14.0 0.905
10.6 0.956
10.2 0.956
10.2 0.8
10.5 0.0
9.9 0.5
9.9 0.784
17.0 0.0
8.7 0.0
8.7 0.667
14.6 0.5
5.2 0.714
14.5 0.7
11.4 0.752
23.6 0.807
30.3 0.788
34.8 0.788
34.8 0.831
33.1 0.841
11.1 0.5
5.9 1.0
30.5 0.855
34.7 0.861
35.2 0.863
36.4 0.863
36.4 0.885
31.5 0.905
11.1 0.839
14.2 0.893
28.5 0.83
29.5 0.83
29.5 0.864
30.7 0.868
17.5 0.545
16.7 0.618
9.2 0.857
13.9 0.823
13.8 0.734
18.3 0.734
18.3 0.764
25.6 0.77
13.2 0.795
15.4 0.73
26.7 0.782
28.5 0.782
28.5 0.797
21.0 0.786
32.3 0.733
31.5 0.802
33.3 0.874
32.3 0.874
32.3 0.852
36.0 0.857
12.8 0.6
24.0 0.825
31.2 0.802
29.1 0.802
31.8 0.802
31.8 0.874
33.1 0.88
12.1 0.462
6.7 0.787
13.1 0.627
13.1 0.627
13.1 0.762
18.7 0.867
6.8 0.5
7.4 0.0
12.2 0.563
13.4 0.865
20.4 0.806
15.1 0.806
15.1 0.738
20.3 0.688
8.7 0.797
22.4 0.765
19.1 0.6
9.0 0.6
9.0 0.629
21.4 0.77
8.9 0.649
14.2 0.654
11.6 0.444
7.9 0.444
7.4 0.564
19.8 0.761
22.0 0.628
25.2 0.628
25.2 0.749
35.7 0.784
19.5 0.732
22.4 0.792
26.6 0.763
31.5 0.763
31.5 0.735
25.5 0.837
11.7 0.529
8.0 0.767
9.6 0.677
28.6 0.729
36.3 0.742
37.6 0.72
33.1 0.72
33.1 0.684
29.5 0.814
34.2 0.799
29.7 0.802
32.2 0.803
31.5 0.803
31.5 0.847
30.6 0.891
8.5 0.636
28.9 0.766
22.1 0.746
26.5 0.672
24.9 0.672
24.9 0.784
24.4 0.789
21.7 0.571
16.2 0.72
20.3 0.8
11.4 0.6
8.2 0.779
20.9 0.779
20.9 0.75
8.6 0.623
15.9 0.4
9.1 0.513
8.6 0.513
8.6 0.412
12.3 0.714
13.9 0.768
15.9 0.594
18.3 0.5
3.9 0.5
8.1 0.75
7.0 0.667
25.5 0.882
26.9 0.85
34.7 0.868
25.8 0.868
25.8 0.871
32.2 0.909
15.0 0.729
10.9 0.5
8.4 0.727
24.0 0.727
24.0 0.857
22.3 0.843
5.0 0.625
4.8 0.0
7.9 0.692
11.4 0.692
24.4 0.841
35.8 0.795
35.4 0.879
31.9 0.879
31.9 0.873
33.3 0.853
23.7 0.608
31.3 0.693
31.6 0.641
26.8 0.641
26.8 0.616
27.7 0.498
13.5 0.667
3.2 0.542
18.9 0.308
11.8 0.339
15.9 0.683
33.2 0.766
31.8 0.752
34.2 0.752
34.2 0.753
31.3 0.669
27.2 0.798
34.9 0.837
35.8 0.827
34.2 0.827
34.2 0.847
35.6 0.847
21.5 0.706
24.6 0.718
23.3 0.684
19.8 0.684
19.8 0.758
17.9 0.652
7.8 0.0
1.3 0.4
11.8 0.66
13.4 0.784
18.9 0.784
18.9 0.735
14.8 0.75
25.4 0.718
28.3 0.72
28.3 0.72
28.3 0.761
30.9 0.861
12.2 0.813
9.4 0.787
16.9 0.787
16.9 0.806
28.7 0.753
8.8 0.905
9.3 0.865
16.0 0.865
16.0 0.764
15.2 0.84
4.4 0.606
13.6 0.6
17.7 0.6
17.7 0.815
27.8 0.708
31.2 0.788
34.7 0.783
33.4 0.783
33.4 0.767
31.1 0.825
17.4 0.814
31.3 0.75
30.8 0.75
30.8 0.682
28.7 0.768
16.6 0.909
8.8 0.0
7.6 0.0
15.4 0.714
6.5 0.733
16.6 0.733
16.6 0.857
17.3 0.754
16.1 0.773
20.1 0.773
20.1 0.82
31.6 0.811
3.3 0.813
6.2 0.538
4.7 0.538
4.7 0.655
28.8 0.791
35.2 0.805
36.1 0.805
36.1 0.758
35.5 0.802
12.8 0.886
20.7 0.418
32.3 0.389
30.5 0.389
30.5 0.355
32.9 0.386
11.3 0.756
19.8 0.728
28.6 0.728
28.6 0.836
32.5 0.805
9.4 0.69
14.0 0.84
12.9 0.84
7.8 0.833
13.4 0.667
21.9 0.66
31.5 0.66
31.5 0.696
34.7 0.709
26.0 0.594
24.4 0.537
15.0 0.537
15.0 0.622
18.7 0.621
13.1 0.514
26.5 0.569
18.3 0.569
18.3 0.59
16.8 0.692
9.9 0.545
4.9 0.87
9.9 0.87
14.8 1.0
12.2 0.842
12.4 0.842
12.4 0.833
11.2 1.0
12.1 0.731
1.5 0.0
7.4 0.667
12.3 0.649
14.7 0.649
14.5 0.605
27.3 0.606
26.9 0.606
26.9 0.664
20.9 0.606
26.0 0.614
24.2 0.701
28.9 0.701
28.9 0.69
29.3 0.784
9.0 0.5
12.3 0.806
6.4 0.797
19.7 0.891
13.5 0.891
13.5 0.727
18.6 0.853
17.5 0.762
8.9 0.938
15.4 0.938
15.4 0.761
21.9 0.875
38.6 0.871
35.8 0.864
35.7 0.864
35.7 0.892
35.7 0.895
14.6 0.528
29.0 0.889
14.9 0.889
14.9 0.692
17.6 0.861
30.0 0.859
30.1 0.859
30.1 0.888
36.1 0.88
13.3 0.806
16.1 0.0
8.6 0.0
3.7 0.709
15.2 0.727
11.9 0.727
12.2 0.604
15.4 0.602
28.7 0.602
28.7 0.642
14.8 0.51
11.5 0.8
16.7 0.825
15.4 0.6
12.3 0.6
12.3 0.785
14.7 0.643
11.2 0.687
17.2 0.772
16.2 0.772
16.2 0.767
11.8 0.771
3.9 0.561
24.6 0.478
16.4 0.478
16.4 0.576
14.3 0.641
16.2 0.917
19.4 0.854
17.9 0.854
17.9 0.875
23.2 0.636
19.4 0.675
20.6 0.675
20.6 0.681
21.9 0.691
17.0 0.94
23.2 0.892
18.5 0.892
18.5 0.894
9.2 0.846
15.1 0.564
12.5 0.528
14.8 0.528
14.8 0.431
12.9 0.47
17.0 0.837
26.7 0.786
25.5 0.786
25.5 0.79
23.9 0.831
6.3 0.681
16.8 0.671
16.9 0.671
16.9 0.658
9.4 0.78
18.5 0.792
16.5 0.792
16.5 0.794
15.3 0.875
4.9 0.375
23.9 0.756
10.5 0.807
18.3 0.807
2.5 0.744
19.0 0.774
19.2 0.774
19.2 0.833
28.0 0.826
28.5 0.769
21.8 0.769
21.8 0.659
14.4 0.765
19.8 0.778
27.6 0.744
27.0 0.744
27.0 0.64
23.6 0.5
19.6 0.553
24.2 0.634
14.8 0.634
5.8 0.8
8.2 0.743
9.4 0.71
19.4 0.717
22.3 0.717
22.3 0.774
21.3 0.778
23.9 0.762
28.2 0.786
26.2 0.786
26.2 0.761
26.0 0.811
4.5 0.519
28.8 0.685
29.6 0.68
27.6 0.68
27.6 0.713
27.6 0.646
7.5 0.0
7.8 0.641
24.5 0.667
29.8 0.667
29.8 0.541
26.4 0.719
15.0 0.823
21.1 0.823
21.1 0.815
11.8 0.564
14.8 0.502
25.3 0.502
25.3 0.582
25.2 0.611
24.6 0.741
31.4 0.741
31.4 0.724
35.3 0.77
18.5 0.715
16.5 0.715
18.6 0.809
17.7 0.809
17.7 0.771
22.5 0.863
12.8 0.641
15.7 0.641
15.7 0.9
4.4 0.722
5.0 0.4
37.0 0.4
8.6 0.632
18.9 0.632
18.9 0.75
9.2 0.667
9.4 0.667
9.4 0.933
11.6 0.714
32.3 0.752
30.1 0.752
30.1 0.817
21.3 0.759
10.4 0.9
20.5 0.9
16.5 0.533
14.4 0.533
19.8 0.696
31.5 0.696
31.5 0.811
36.7 0.832
11.5 0.817
20.0 0.817
20.0 0.833
25.5 0.909
34.5 0.694
32.6 0.694
32.6 0.654
30.5 0.753
7.5 1.0
6.4 1.0
6.4 0.824
8.8 0.759
4.9 0.82
27.9 0.82
27.9 0.791
28.4 0.822
6.7 0.75
13.4 0.75
13.4 0.867
26.0 0.847
6.5 0.0
4.0 0.0
4.0 0.833
15.7 0.85
15.0 0.846
8.4 0.846
8.4 0.556
11.1 0.796
7.0 1.0
10.0 1.0
11.3 0.649
15.7 0.649
12.6 0.531
14.3 0.531
14.3 0.75
12.2 0.699
17.7 0.763
20.6 0.763
20.6 0.864
24.6 0.854
13.6 0.783
30.0 0.783
30.0 0.827
27.1 0.814
7.7 0.0
4.3 0.0
9.6 0.623
26.3 0.623
26.3 0.569
31.7 0.653
10.3 0.735
13.0 0.735
13.0 0.674
19.5 0.786
16.3 0.692
8.8 0.692
8.8 0.909
9.0 0.83
17.4 0.83
8.1 0.824
29.0 0.824
29.0 0.857
14.7 0.805
12.4 0.828
16.5 0.828
7.1 0.763
16.8 0.763
16.8 0.929
22.2 0.832
23.7 0.832
23.7 0.685
13.1 0.833
4.4 1.0
4.5 1.0
10.2 0.782
24.5 0.782
24.5 0.776
3.0 0.727
14.4 0.727
8.6 0.702
22.0 0.702
22.0 0.728
23.3 0.721
14.1 1.0
13.0 1.0
19.9 0.679
21.1 0.679
21.1 0.8
12.5 0.699
15.7 0.699
15.7 0.827
34.8 0.912
26.7 0.813
32.6 0.813
32.6 0.718
21.2 0.753
9.4 0.0
10.8 0.0
7.8 0.717
22.8 0.717
22.8 0.764
20.5 0.774
7.3 1.0
3.6 1.0
10.8 0.88
12.6 0.88
12.6 0.795
9.4 0.766
31.1 0.819
35.7 0.819
35.7 0.83
33.0 0.753
20.0 0.684
22.2 0.684
22.2 0.75
20.2 0.732
6.0 0.375
11.3 0.375
18.2 0.495
21.3 0.495
21.3 0.642
25.4 0.58
8.6 0.734
19.4 0.734
19.4 0.754
30.3 0.832
15.1 0.673
12.0 0.673
12.0 0.52
9.7 1.0
4.6 1.0
10.0 0.479
19.2 0.479
19.2 0.611
22.2 0.423
13.1 0.827
19.7 0.827
19.7 0.791
20.3 0.855
16.0 0.8
19.6 0.8
19.6 0.909
20.3 0.81
22.6 0.708
25.0 0.708
25.0 0.719
28.0 0.655
11.8 0.68
7.0 0.68
7.0 0.729
12.9 0.75
22.6 0.333
11.8 0.333
17.3 0.774
24.0 0.774
24.0 0.754
24.3 0.679
8.3 0.609
8.3 0.6
13.2 0.481
10.8 0.643
10.8 0.747
16.0 0.789
3.6 0.8
3.6 0.875
1.5 0.0
1.0 0.0
19.0 0.551
19.0 0.422
12.7 0.752
23.8 0.821
23.8 0.833
26.8 0.893
29.9 0.753
16.6 0.825
16.6 0.755
2.9 0.0
2.9 0.0
7.2 0.0
7.5 0.174
7.5 0.379
19.1 0.531
8.6 0.5
7.3 0.0
25.0 0.829
25.0 0.804
32.3 0.798
5.4 0.429
10.6 0.833
10.6 0.0
5.5 0.0
13.4 0.912
13.4 0.576
13.3 0.792
4.7 0.6
18.3 0.667
16.6 0.75
16.6 0.75
17.0 0.84
17.0 0.735
15.0 0.782
12.5 0.714
12.5 0.735
14.2 0.84
22.2 0.625
21.7 0.476
21.7 0.716
14.5 0.76
32.4 0.808
32.4 0.754
24.8 0.797
17.0 0.721
17.0 0.668
23.9 0.719
7.9 0.5
21.2 0.591
21.2 0.658
26.8 0.612
9.5 0.833
9.5 1.0
6.8 0.8
6.8 0.752
18.5 0.802
15.3 0.861
15.3 0.781
13.1 0.745
13.1 0.82
32.1 0.776
9.7 0.6
9.7 0.0
3.0 0.714
21.3 0.763
21.3 0.86
32.2 0.783
21.2 0.75
21.2 0.722
15.3 0.735
10.6 0.574
10.6 0.667
6.4 1.0
9.4 0.68
18.8 0.681
18.8 0.797
24.0 0.768
18.0 1.0
18.0 0.896
19.9 0.843
2.8 1.0
11.2 0.643
11.2 0.899
17.6 0.63
24.7 0.842
24.7 0.793
28.0 0.836
6.0 0.0
13.0 0.313
13.0 0.417
9.1 0.56
9.1 0.531
6.4 0.5
21.8 0.752
21.8 0.8
6.4 0.842
8.9 0.667
8.9 0.857
23.0 0.845
15.2 0.625
15.2 0.4
6.0 1.0
19.7 0.674
19.7 0.722
8.7 0.5
20.2 0.803
20.2 0.807
24.9 0.773
0.7 0.0
0.7 0.5
19.8 0.786
19.8 0.733
10.9 0.776
30.8 0.609
30.8 0.59
29.3 0.694
3.8 0.5
3.8 0.533
7.8 0.657
17.8 0.636
17.8 0.616
17.1 0.571
10.8 0.444
10.8 0.675
13.0 0.833
18.5 0.722
18.5 0.643
29.5 0.697
29.5 0.768
31.7 0.743
23.1 0.652
23.1 0.654
9.3 0.737
30.4 0.551
30.4 0.589
29.4 0.692
8.1 0.758
8.1 0.739
14.4 0.759
14.0 0.0
14.0 0.715
28.2 0.723
15.4 0.696
15.4 1.0
8.4 0.0
15.3 0.67
15.3 0.656
27.0 0.646
27.0 0.777
27.3 0.812
5.4 0.923
5.4 0.615
15.4 0.859
15.4 0.771
24.8 0.813
11.0 0.5
6.6 0.536
6.6 0.5
2.6 0.5
10.4 0.692
10.4 0.745
15.1 0.638
15.4 0.737
15.4 0.703
22.8 0.773
3.5 0.0
13.2 0.769
5.4 0.783
5.4 0.5
36.2 0.76
36.2 0.761
35.1 0.76
4.8 1.0
4.8 0.75
7.3 1.0
10.7 0.552
10.7 0.25
6.9 0.667
15.7 0.81
20.5 0.825
11.8 0.791
17.9 0.738
27.7 0.832
20.7 0.0
21.4 0.669
6.0 0.724
4.2 0.778
2.0 0.559
5.7 0.889
10.4 0.645
16.6 0.89
9.7 0.628
4.4 0.5
17.9 0.8
10.1 0.75
21.2 0.751
13.8 0.699
16.4 0.529
11.0 0.0
8.8 0.0
23.1 0.679
21.7 0.825
15.5 0.767
21.1 0.756
4.2 0.618
17.3 0.722
9.4 0.81
14.1 0.8
19.8 0.811
15.1 0.6
8.9 0.794
11.7 0.59
3.6 0.571
30.4 0.784
20.1 0.738
18.5 0.889
30.0 0.671
10.7 0.758
11.3 0.667
12.2 0.625
17.8 0.661
28.4 0.786
14.8 0.792
10.9 0.557
21.3 0.779
8.0 0.773
28.2 0.782
14.8 0.75
6.6 0.0
14.5 0.0
32.0 0.832
22.8 0.809
14.3 0.4
24.1 0.688
6.8 0.625
28.6 0.617
8.5 0.733
8.5 0.764
9.4 0.733
