0.1 0.727
0.0 0.5
0.1 0.801
0.3 0.841
0.3 0.869
0.1 0.866
0.3 0.784
0.1 0.726
0.0 1.0
0.3 0.81
0.1 0.808
2.5 0.873
3.3 0.916
2.6 0.904
2.6 0.883
2.7 0.903
3.4 0.903
3.0 0.907
2.5 0.952
2.5 0.913
1.8 0.881
2.1 0.915
2.3 0.886
1.8 0.905
0.2 0.621
0.5 0.685
1.1 0.769
2.0 0.74
1.7 0.692
1.6 0.734
2.3 0.715
1.9 0.75
1.5 0.728
0.0 0.638
0.0 0.481
1.2 0.856
1.2 0.859
1.5 0.824
1.5 0.805
1.2 0.838
0.9 0.877
1.1 0.737
0.3 0.742
0.1 0.789
0.0 0.729
0.0 0.73
0.5 0.556
0.6 0.692
0.5 0.732
0.6 0.764
0.5 0.818
0.1 0.722
1.1 0.659
1.9 0.888
1.7 0.878
1.0 0.854
1.7 0.853
0.4 0.786
0.2 0.785
0.9 0.667
1.5 0.692
1.7 0.816
1.3 0.753
1.3 0.803
2.1 0.791
1.4 0.81
1.5 0.444
1.0 0.938
0.5 0.926
0.0 0.762
0.0 0.75
0.0 0.791
0.0 0.74
0.0 0.7
0.1 1.0
0.3 0.684
0.0 0.586
0.0 0.75
0.0 0.633
0.0 0.673
0.0 0.726
0.0 0.529
0.0 0.722
0.4 0.9
0.7 0.778
1.6 0.846
2.0 0.795
1.6 0.827
1.9 0.837
1.2 0.661
1.1 0.88
1.7 0.95
1.5 0.95
0.7 0.931
1.5 0.86
1.1 0.845
0.9 0.873
1.0 0.828
0.0 0.677
0.0 0.746
0.0 0.742
0.0 0.723
0.0 0.664
0.0 0.675
0.2 0.75
0.2 0.676
0.3 0.786
0.8 0.747
0.9 0.788
2.5 0.776
2.6 0.868
2.3 0.853
1.7 1.0
2.0 0.892
1.0 0.84
0.2 0.773
0.6 0.714
0.4 0.83
0.4 0.5
0.1 1.0
0.5 0.897
0.3 0.854
0.5 0.87
0.0 0.885
1.3 0.803
0.6 0.861
1.0 0.815
1.8 0.775
1.6 0.849
2.3 0.83
2.1 0.78
1.9 0.789
2.1 0.861
1.6 0.629
1.9 0.75
0.9 0.885
1.5 0.878
2.0 0.878
1.7 0.898
2.1 0.894
2.3 0.883
1.6 0.918
1.8 0.913
2.1 0.91
2.2 0.916
2.0 0.895
2.4 0.938
1.5 0.833
1.1 0.5
0.0 0.644
0.0 0.571
0.0 0.556
0.0 0.811
0.0 0.727
0.0 0.719
0.0 0.713
0.0 0.757
0.0 0.754
0.1 0.638
0.2 0.615
0.0 0.958
0.0 0.723
0.0 0.798
0.0 0.813
0.0 0.556
0.0 0.6
0.0 0.6
0.0 0.75
0.0 0.83
1.3 0.479
0.9 0.404
1.2 0.579
0.9 0.634
1.2 0.607
1.3 0.589
1.1 0.652
1.1 0.538
0.1 0.75
0.0 0.659
0.0 0.833
0.0 0.667
0.0 0.786
0.0 0.0
0.1 0.77
0.2 0.865
0.4 0.877
0.7 0.921
0.7 0.874
1.0 0.898
1.4 0.831
0.0 0.922
0.0 0.806
0.0 0.837
0.0 0.683
0.0 0.742
0.0 0.685
0.0 0.773
0.0 0.752
0.0 0.775
0.0 0.761
0.0 0.787
0.0 0.676
0.0 0.738
0.0 0.78
0.0 0.733
0.0 0.71
0.0 0.649
0.0 0.522
0.0 0.522
0.0 0.889
0.4 0.988
0.0 0.5
1.7 0.0
0.0 0.858
0.0 0.836
0.0 0.854
0.0 0.864
0.0 0.827
0.0 0.787
0.0 0.688
0.0 0.0
0.0 0.75
0.1 0.707
0.1 0.833
0.2 0.871
0.3 0.77
0.6 0.583
0.9 0.829
0.4 0.843
1.5 0.852
1.1 0.816
2.0 0.85
2.3 0.868
1.8 0.84
1.8 0.856
1.4 0.811
1.4 0.828
1.4 0.845
1.5 0.839
1.7 0.857
0.5 0.813
1.5 0.813
1.5 0.826
0.0 0.75
0.0 0.75
0.1 0.69
0.1 0.802
0.2 0.741
0.2 0.778
0.7 0.782
1.2 0.794
0.4 0.864
0.5 0.8
0.6 0.5
0.3 0.725
1.4 0.917
0.0 0.628
0.0 0.651
0.0 0.626
0.0 0.66
0.1 0.721
0.0 0.723
0.0 0.712
0.0 0.729
0.0 0.708
0.1 0.725
0.0 0.639
0.0 0.614
0.0 0.453
0.0 0.421
0.0 0.797
0.0 0.801
0.0 0.685
0.0 0.764
0.0 1.0
0.4 1.0
0.0 0.878
0.7 0.873
0.8 0.704
0.4 0.926
0.6 0.684
0.7 0.857
0.5 0.944
0.1 0.944
0.8 0.833
0.1 0.528
0.0 0.66
0.0 0.0
0.0 0.686
0.0 0.727
0.1 0.0
0.0 0.753
0.6 0.731
0.3 0.846
0.3 1.0
0.4 0.8
2.2 0.798
2.0 0.806
1.0 0.806
1.3 0.798
1.6 0.799
1.6 0.802
1.9 0.816
1.3 0.817
1.9 0.84
1.6 0.74
1.6 0.826
1.2 0.816
2.0 0.821
1.8 0.789
1.0 0.789
1.0 0.833
1.0 0.765
0.4 0.86
1.0 0.861
0.8 0.873
0.9 0.865
0.5 0.863
0.9 0.879
0.6 0.882
0.0 0.582
0.0 0.532
0.0 0.676
0.0 0.783
0.0 0.743
0.0 0.667
0.0 0.687
0.0 0.58
0.1 0.61
0.0 0.649
0.0 1.0
0.4 0.817
0.5 0.667
1.2 0.851
1.1 0.81
0.9 0.86
0.6 0.897
0.3 0.667
0.0 0.667
0.0 0.674
0.0 0.656
0.0 0.0
0.1 0.889
0.1 0.75
0.1 0.5
0.0 0.75
0.0 0.792
0.6 0.815
0.5 0.784
0.3 0.754
0.2 1.0
0.0 0.892
0.1 0.833
0.2 0.667
0.0 0.75
0.0 1.0
0.0 0.788
0.1 0.676
0.1 0.733
0.0 0.875
0.2 0.866
0.7 0.769
1.1 0.806
1.1 0.833
2.1 0.843
2.6 0.826
1.3 0.838
1.7 0.864
2.2 0.872
2.2 0.857
2.1 0.854
1.6 0.927
1.3 0.871
2.0 0.866
2.3 0.901
1.9 0.901
1.9 0.904
1.5 0.857
0.9 0.851
0.6 0.815
0.6 0.894
0.7 0.883
0.6 0.882
1.1 0.865
0.4 0.906
0.5 0.583
0.1 0.864
0.8 0.6
0.7 0.75
0.9 0.892
0.1 0.791
0.1 0.8
0.2 0.845
0.0 0.5
0.0 0.645
0.0 0.698
0.0 0.654
0.0 0.605
0.0 0.591
0.0 0.623
0.0 0.575
0.0 0.638
0.0 0.604
0.0 0.545
0.0 0.0
0.9 0.752
0.7 0.855
0.3 0.842
0.6 0.816
0.7 0.845
0.3 0.832
0.2 0.776
0.2 0.8
0.0 0.818
0.0 0.771
0.0 0.765
0.0 0.757
0.0 0.642
1.0 0.58
2.1 0.71
2.0 0.673
2.8 0.761
2.6 0.675
1.9 0.745
1.3 0.75
2.1 0.757
1.5 0.821
1.1 0.771
1.4 0.667
0.0 0.708
0.0 0.633
0.0 0.613
0.0 0.606
0.0 0.533
0.0 0.654
0.8 0.889
1.0 0.773
1.2 0.762
1.1 0.833
0.3 1.0
0.1 0.79
0.1 0.748
0.9 0.718
0.7 0.815
0.7 0.797
0.9 0.839
1.5 0.787
1.6 0.861
1.0 0.581
0.0 0.56
0.0 0.644
0.0 0.815
0.0 0.333
0.0 0.0
0.7 0.804
1.1 0.782
1.8 0.841
0.6 0.757
1.3 0.741
0.1 0.75
1.2 0.833
2.0 1.0
0.0 0.615
0.0 0.713
0.1 0.654
0.0 0.667
0.0 0.826
0.0 0.783
0.0 0.865
0.0 0.61
0.0 0.8
0.0 0.878
0.0 0.5
0.4 0.833
0.3 0.772
0.9 0.83
0.1 0.78
0.3 0.835
0.3 0.809
0.5 0.845
0.3 0.825
1.3 0.77
1.1 0.83
1.0 0.742
0.6 0.857
0.8 0.793
0.5 0.0
0.2 1.0
0.0 0.533
0.0 0.0
0.1 0.799
0.0 0.71
0.1 0.599
0.0 0.67
0.0 0.629
0.0 0.637
0.0 0.73
0.0 0.692
0.0 0.725
0.0 0.716
0.0 0.695
0.0 0.817
0.0 0.731
0.0 0.74
0.0 0.74
0.0 0.702
1.3 0.796
0.4 0.848
1.6 0.854
0.8 0.795
0.4 0.833
0.0 0.7
0.1 0.631
0.6 0.758
0.0 0.606
0.0 0.75
0.0 0.701
0.9 0.944
0.9 0.769
1.1 0.837
1.1 0.861
1.7 0.85
2.1 0.831
1.8 0.852
1.4 0.918
1.3 0.8
1.6 0.823
1.6 0.533
1.3 0.847
2.1 0.8
1.0 0.797
0.6 0.862
1.5 0.833
1.4 0.853
0.6 0.883
1.4 0.846
1.5 0.856
1.0 0.806
0.8 0.851
0.6 0.921
0.9 0.775
0.1 0.668
0.1 0.657
0.0 0.75
0.0 0.68
0.0 0.5
0.0 0.795
0.0 0.655
0.0 0.815
0.0 0.88
0.0 0.767
0.0 0.769
0.0 0.75
0.0 0.813
0.0 0.61
0.0 0.54
0.0 0.669
0.0 0.634
0.0 0.604
0.0 0.639
0.0 0.593
0.0 0.658
0.0 0.556
0.0 0.563
0.0 0.667
1.4 0.824
0.8 0.754
1.4 0.733
0.0 0.398
0.0 0.673
0.0 0.543
0.0 0.556
0.0 0.612
0.0 0.44
0.0 0.471
0.0 0.5
1.7 0.773
1.2 0.8
1.0 0.775
0.9 0.823
0.5 0.787
0.4 0.829
1.0 0.565
0.0 0.607
0.0 0.588
0.2 0.801
0.5 0.751
0.2 0.791
0.1 0.811
0.1 0.81
0.1 0.835
0.2 0.801
0.0 0.841
0.0 0.837
0.0 0.862
0.0 0.857
0.1 0.786
0.0 0.809
0.0 0.8
0.0 0.8
0.0 0.667
0.0 0.0
1.3 0.836
2.1 0.83
2.0 0.0
0.0 0.879
0.7 0.811
0.9 0.889
0.3 0.8
0.4 0.701
0.0 0.5
0.3 0.675
0.8 0.79
0.7 0.76
0.8 0.75
1.4 0.674
0.7 0.75
0.9 0.706
0.4 0.773
0.5 0.696
0.4 0.795
0.1 0.677
0.1 0.764
0.2 0.735
0.2 0.9
0.2 0.757
0.5 0.784
0.7 0.769
0.6 0.8
0.1 0.5
0.0 0.849
0.0 0.771
0.0 0.782
0.0 0.722
0.0 0.875
0.0 0.721
0.0 0.0
0.0 0.722
0.2 0.837
0.3 0.844
0.1 0.0
0.1 0.75
0.0 0.774
0.0 0.789
0.0 0.556
0.1 0.757
0.1 1.0
0.0 0.714
0.0 0.767
0.8 0.815
1.0 0.0
0.1 0.504
0.0 0.481
0.0 0.6
0.0 0.387
0.5 0.89
0.3 0.833
0.4 0.868
0.2 0.858
0.5 0.845
0.7 0.861
0.6 0.833
0.9 0.848
1.0 0.846
0.9 0.849
1.0 0.784
0.6 0.857
0.0 0.652
0.0 1.0
0.0 0.698
0.0 0.604
0.0 0.667
0.5 0.81
0.3 0.794
0.4 0.804
0.4 0.739
0.4 1.0
2.5 0.794
1.8 0.5
0.2 0.743
0.3 0.792
0.8 0.688
0.3 0.778
0.1 0.725
0.2 0.767
0.2 0.712
0.0 0.764
0.0 0.799
0.0 0.77
0.2 0.734
0.3 0.672
0.2 0.694
0.9 0.694
1.6 0.774
1.9 0.793
2.3 0.757
1.9 0.735
1.6 0.676
1.6 0.75
0.8 0.771
0.0 0.709
0.0 0.82
0.0 0.744
0.0 0.718
0.0 0.626
0.0 0.773
0.0 0.625
0.6 0.842
0.6 0.804
0.6 0.846
0.6 0.812
0.0 1.0
0.0 0.5
0.0 0.0
0.0 0.6
0.0 0.67
0.0 0.735
0.0 1.0
0.0 0.533
0.0 0.638
0.0 0.667
0.0 0.539
0.0 0.673
0.0 0.702
0.0 0.571
0.3 0.863
0.0 0.819
0.0 0.65
0.0 0.675
0.0 0.75
1.4 0.84
0.3 0.82
0.1 0.845
1.0 0.873
0.7 0.783
0.9 0.769
0.6 0.645
0.5 0.789
0.7 0.647
0.8 0.594
0.7 0.643
0.4 0.857
0.8 0.861
0.7 0.8
0.9 0.852
0.6 0.805
1.5 0.917
1.3 0.917
1.5 0.792
1.9 0.923
1.2 0.95
1.2 0.87
1.8 0.919
2.2 0.913
1.7 0.837
0.0 0.761
0.0 0.803
0.0 0.809
0.0 0.843
0.0 0.806
0.0 0.824
0.0 0.786
0.0 0.676
0.0 0.786
0.0 0.829
0.0 0.8
0.0 1.0
0.3 0.876
0.8 0.9
1.2 0.818
1.1 0.778
1.1 0.923
1.1 0.813
0.8 1.0
0.3 0.737
0.2 0.731
0.4 0.797
1.3 0.777
1.0 0.756
0.8 0.676
1.1 0.798
1.0 0.807
1.4 0.832
1.9 0.5
1.0 0.723
1.2 0.625
0.4 0.793
0.3 0.5
0.4 0.909
0.7 0.778
0.3 0.6
0.6 1.0
0.0 0.754
0.0 0.781
0.0 0.746
0.0 0.799
0.0 0.834
0.0 0.807
0.0 0.802
0.0 0.799
0.2 0.743
0.2 0.783
1.4 0.812
1.3 0.774
1.0 0.745
1.2 0.835
1.4 0.814
1.0 0.795
1.0 0.809
1.2 0.781
0.5 0.794
0.5 0.81
1.0 0.846
1.5 0.752
1.6 0.862
1.3 0.733
1.8 0.774
1.0 0.79
1.1 0.851
0.4 0.5
0.5 0.862
0.7 0.855
0.5 0.843
2.0 0.931
1.9 0.692
0.1 0.825
0.0 0.765
0.0 0.79
0.0 0.828
0.0 0.805
0.0 0.874
0.8 0.791
1.0 0.763
0.3 0.718
0.7 0.706
0.4 0.76
1.2 0.785
1.8 0.83
2.0 0.786
1.4 0.813
1.3 0.832
2.5 0.826
1.7 0.779
1.6 0.816
1.8 0.825
1.0 0.7
0.8 0.5
0.0 0.333
0.8 0.734
0.8 0.789
0.8 0.748
0.2 0.76
1.0 0.731
1.8 0.736
2.0 0.76
1.5 0.754
1.4 0.647
1.3 0.731
1.6 0.683
1.4 0.691
1.1 0.72
0.0 0.64
0.1 0.689
0.2 0.798
0.6 0.752
0.7 0.752
0.7 0.754
0.4 0.814
0.6 0.753
0.7 0.95
0.0 0.742
0.0 0.769
0.0 0.667
0.5 0.81
0.0 0.455
0.0 0.682
0.0 0.607
0.0 0.64
0.0 0.5
1.2 0.729
1.0 0.741
0.9 0.764
1.2 0.791
2.7 0.64
1.7 0.682
1.5 0.714
1.7 0.0
1.4 0.837
1.8 0.822
2.1 0.835
2.2 0.806
1.8 0.781
1.8 0.787
1.2 0.714
0.3 0.662
0.6 0.687
1.4 0.609
0.3 0.733
1.3 0.727
1.5 1.0
0.0 0.815
0.1 0.455
0.0 0.0
0.1 0.794
0.0 0.742
0.6 0.975
0.4 0.882
0.9 0.814
1.4 0.841
1.6 0.827
1.4 0.74
2.0 0.795
1.7 0.778
1.6 0.818
1.5 0.819
1.6 0.808
2.2 0.87
1.7 0.786
1.6 0.833
0.0 0.757
0.0 0.541
0.0 0.754
0.0 0.852
0.0 0.803
0.0 0.805
0.0 0.873
0.0 0.75
0.0 0.762
0.0 0.769
1.1 0.712
0.9 0.706
1.5 0.729
0.7 0.721
0.8 0.714
0.1 0.868
0.0 0.833
0.0 0.8
0.1 0.763
0.7 0.695
1.3 0.682
0.7 0.769
0.5 0.811
1.0 0.68
1.4 0.769
0.1 0.579
0.8 0.913
0.0 0.727
0.0 0.6
0.2 1.0
1.8 0.783
1.3 0.804
1.5 0.791
1.5 0.625
1.3 0.516
0.3 0.65
1.6 0.81
1.7 0.82
1.0 0.763
1.8 0.777
2.4 0.818
1.8 0.841
2.5 0.838
2.8 0.836
2.8 0.806
2.3 0.802
1.5 0.838
0.6 0.622
0.9 0.788
0.0 0.909
0.1 1.0
0.0 0.667
0.0 0.882
0.3 0.0
0.0 0.0
0.0 0.529
0.0 0.2
0.1 0.699
0.0 0.783
0.3 0.673
0.3 0.762
0.9 0.875
0.8 0.771
1.1 0.861
0.8 0.855
1.1 0.883
1.0 0.781
0.8 0.737
0.2 0.625
0.0 0.554
0.3 0.667
0.6 0.739
0.0 0.671
0.0 0.671
0.0 0.648
0.0 0.59
0.0 0.483
0.0 0.5
0.0 0.426
0.0 0.517
0.0 0.25
0.0 0.0
0.2 0.801
0.7 0.802
1.0 0.848
1.0 0.857
0.8 0.828
0.8 0.82
0.2 0.812
1.1 0.824
0.5 0.835
0.2 0.834
0.4 0.856
0.8 0.75
0.0 0.73
0.0 0.717
0.0 0.751
0.0 0.602
0.0 0.535
0.0 0.541
0.0 0.455
0.0 0.483
0.0 0.356
0.0 0.5
0.0 0.259
1.1 0.59
0.0 0.797
0.1 0.763
0.0 0.747
0.1 0.667
0.0 0.833
1.6 0.781
0.9 0.803
1.1 0.817
1.1 0.834
1.4 0.755
0.6 0.769
1.7 0.716
1.2 0.462
0.3 0.845
0.6 0.851
1.7 0.851
1.1 0.833
1.4 0.809
1.2 0.81
1.0 0.707
1.0 0.796
0.1 0.755
0.0 0.768
0.1 0.796
0.3 0.782
0.3 0.785
0.8 0.765
0.2 0.765
0.5 0.708
0.2 0.756
0.4 0.736
1.6 0.791
2.3 0.748
1.6 0.663
1.2 0.864
0.6 0.5
0.5 0.5
0.0 0.678
0.2 0.653
0.1 0.684
0.1 0.646
0.0 0.712
0.1 0.25
0.0 0.58
0.0 0.604
0.2 0.557
0.1 0.583
0.0 0.37
0.1 0.425
0.0 0.579
0.0 1.0
0.0 1.0
1.4 0.876
1.0 0.848
1.5 0.813
0.0 0.697
0.0 0.718
0.2 0.848
0.2 0.749
0.3 0.769
0.1 0.802
0.0 0.682
0.0 0.663
0.0 0.659
0.0 0.541
0.0 0.75
0.0 0.718
0.0 0.774
0.0 0.683
0.0 0.762
0.3 0.684
0.7 0.622
1.1 0.756
1.8 0.517
0.8 0.571
1.0 0.81
0.0 0.25
0.0 0.548
0.0 0.0
0.0 0.2
0.0 0.818
0.8 0.748
1.4 0.793
2.3 0.796
2.6 0.774
1.8 0.747
1.6 0.707
1.8 0.684
1.3 0.801
1.3 0.746
0.5 0.698
0.4 0.675
0.6 0.836
0.9 0.746
0.1 0.797
0.7 0.813
1.2 0.69
0.1 0.688
0.0 0.767
0.1 0.714
0.7 0.787
1.1 0.836
0.5 0.757
1.0 0.625
0.3 0.5
0.0 0.0
0.1 0.661
0.0 0.721
0.0 0.767
0.0 0.821
0.0 0.0
0.0 0.85
0.2 0.798
0.3 0.802
0.0 0.765
0.1 0.7
0.0 0.693
0.0 0.724
0.0 0.663
0.0 0.678
0.0 0.716
0.0 0.62
0.0 0.594
0.0 0.642
0.1 0.6
0.1 0.534
0.2 0.817
0.3 0.795
0.3 0.832
0.1 0.838
0.1 0.738
0.1 0.784
0.1 0.772
0.0 0.826
0.2 0.821
0.2 0.853
0.0 0.811
0.3 0.84
0.2 0.779
0.2 0.753
0.1 0.753
0.1 0.75
0.0 0.775
0.0 0.818
0.1 0.778
0.2 0.812
0.1 0.828
0.4 0.772
0.1 0.848
0.4 0.824
0.3 0.827
0.5 0.83
0.7 0.833
1.8 0.762
1.8 0.839
1.7 0.723
1.2 0.72
1.8 0.8
1.9 0.793
2.9 0.774
2.2 0.732
1.2 0.824
1.5 0.676
1.0 0.4
1.4 0.727
1.2 0.821
1.3 0.75
0.6 0.75
0.6 0.0
0.4 1.0
2.1 0.911
2.3 0.9
1.6 0.885
1.7 0.933
0.5 0.794
0.7 0.889
0.1 0.776
1.1 0.85
2.0 0.858
1.5 0.811
2.1 0.82
2.3 0.839
1.1 0.837
1.3 0.819
0.9 0.722
0.0 0.617
0.0 0.634
0.0 0.592
0.0 0.674
0.0 0.785
0.0 0.61
0.0 0.583
0.0 0.55
0.0 0.648
0.0 0.598
0.0 0.565
0.0 0.723
0.0 0.533
0.0 0.333
0.0 0.333
0.0 1.0
0.0 0.0
0.0 0.659
0.0 0.579
0.0 0.769
0.0 0.323
0.0 0.769
0.0 0.8
0.0 0.857
0.0 0.787
0.0 0.742
0.0 0.681
0.0 0.736
0.0 0.787
0.0 0.636
0.0 0.75
0.0 0.657
0.8 0.817
0.7 0.81
1.0 0.778
0.3 0.0
0.0 0.764
0.0 0.727
0.0 0.681
0.0 0.741
0.0 0.758
0.0 0.69
0.0 0.711
0.0 0.667
0.0 0.8
0.0 0.723
0.0 0.746
0.0 0.571
0.0 0.747
0.0 0.824
0.0 0.81
0.0 0.806
0.0 0.867
0.0 0.676
0.0 0.681
0.0 0.652
0.0 0.637
0.1 0.781
0.1 0.715
0.0 0.708
0.7 0.364
0.2 0.583
0.4 0.545
0.4 0.5
1.3 0.887
1.9 0.909
1.4 0.916
1.3 0.887
1.3 0.921
1.9 0.899
2.1 0.906
2.2 0.933
1.5 0.938
1.5 0.912
1.1 0.894
0.9 0.922
1.1 0.917
0.8 0.688
0.0 0.549
0.0 0.642
0.0 0.474
0.0 0.467
0.0 0.6
0.0 0.68
0.0 0.755
0.0 0.781
0.0 0.2
0.1 0.852
0.0 0.778
0.4 0.783
0.0 0.797
0.3 0.688
0.1 0.6
0.5 0.769
0.7 0.724
0.3 0.751
0.4 0.684
0.1 0.761
0.3 0.833
0.0 0.69
1.8 0.853
1.8 0.881
1.9 0.877
1.3 0.869
1.2 0.901
1.4 0.904
0.9 0.879
1.0 0.89
0.8 0.915
0.6 0.892
0.9 0.896
1.3 0.86
1.2 0.899
1.6 0.882
1.4 0.882
1.4 0.893
1.7 0.875
0.0 0.688
0.0 0.731
0.1 0.757
0.0 0.754
0.0 0.709
0.1 0.767
0.0 0.742
0.0 0.788
0.0 0.72
0.0 0.674
0.0 0.677
0.0 0.835
0.0 0.75
0.0 0.555
0.0 0.622
0.0 0.49
0.0 0.461
0.0 0.469
0.0 0.422
0.0 0.503
0.0 0.595
0.0 0.496
0.0 0.557
0.1 0.75
0.0 0.824
0.0 0.833
1.1 0.656
0.6 0.777
0.9 0.742
0.8 0.695
0.6 0.69
1.0 0.7
1.0 0.698
0.4 0.623
0.4 0.693
0.7 0.675
0.8 0.592
0.6 0.476
0.0 0.56
0.0 0.824
0.0 0.753
0.0 0.835
0.0 0.667
0.0 0.837
0.0 0.822
0.0 0.8
0.0 0.833
0.0 1.0
0.0 0.622
0.0 0.657
0.0 0.59
0.0 0.667
0.0 0.511
0.0 0.667
0.0 0.485
0.0 0.51
0.0 0.579
0.0 0.342
0.0 0.5
0.0 0.422
0.0 0.621
0.0 0.526
0.0 0.556
0.0 0.625
0.0 0.591
0.0 0.0
0.5 0.571
0.0 0.611
0.0 0.636
0.2 0.733
0.1 0.745
0.0 0.833
0.2 0.735
0.7 0.757
0.5 0.75
0.5 0.725
0.8 0.794
0.7 0.462
0.2 0.73
0.2 0.747
0.1 0.662
0.1 0.742
0.0 0.653
0.0 0.375
0.0 0.605
0.0 0.667
0.0 0.701
0.1 0.627
0.0 0.553
0.0 0.599
0.0 0.601
0.0 0.641
0.0 0.558
1.3 0.797
0.9 0.71
0.7 0.714
0.7 0.761
0.5 0.794
0.8 0.667
1.3 0.862
1.4 0.78
1.1 0.836
0.9 0.889
1.0 0.75
0.0 0.5
0.8 0.798
1.8 0.814
1.5 0.795
0.9 0.692
0.8 0.751
1.3 0.789
1.4 0.809
1.5 0.832
1.6 0.82
2.2 0.683
1.5 0.765
1.5 0.632
0.8 0.611
1.3 0.0
1.5 0.894
1.6 0.828
1.3 0.875
0.9 0.804
0.8 0.4
0.3 1.0
0.6 1.0
1.8 0.809
2.6 0.802
1.5 0.819
1.4 0.822
1.3 0.772
1.4 0.796
2.3 0.843
1.8 0.83
1.5 0.852
1.5 0.86
1.4 0.852
1.6 0.787
1.9 0.826
1.5 0.781
1.6 0.781
1.6 0.818
1.1 0.769
1.0 0.774
0.9 0.818
0.6 0.63
0.0 0.693
0.0 0.605
0.0 0.571
0.0 0.673
0.0 0.763
0.0 0.5
0.0 0.682
0.1 0.524
1.1 0.819
0.8 0.793
0.9 0.833
0.8 0.83
1.4 0.865
1.1 0.787
1.7 0.827
1.4 0.809
1.4 0.822
1.5 0.825
1.1 0.733
0.1 0.756
0.3 0.867
0.0 0.742
0.0 0.759
0.0 0.641
0.0 0.871
0.0 0.588
0.0 0.0
0.2 0.692
0.0 0.422
0.0 0.5
0.0 0.419
0.0 0.517
0.0 0.532
0.0 0.37
0.0 0.68
0.0 0.663
0.0 0.647
0.0 0.519
0.0 0.611
0.0 0.0
0.0 0.545
0.0 0.72
0.0 0.645
0.0 0.692
0.0 0.651
0.0 0.75
0.0 0.674
0.0 0.6
0.0 0.76
0.0 0.0
0.3 1.0
0.0 0.791
1.3 0.805
2.2 0.868
1.5 0.854
1.4 0.877
2.0 0.829
2.2 0.82
1.8 0.814
2.1 0.712
1.0 1.0
0.4 0.793
0.0 0.647
0.0 0.5
1.1 0.8
0.9 0.759
1.6 1.0
0.7 0.765
1.6 0.685
1.0 0.74
1.8 0.739
2.9 0.67
1.2 0.692
2.0 0.682
1.1 0.761
1.7 0.732
1.9 0.75
0.7 0.833
0.9 1.0
1.2 0.955
0.5 0.765
1.1 0.694
1.4 0.676
1.1 0.711
1.4 0.639
0.9 0.658
0.8 0.444
0.0 0.681
0.0 0.71
0.0 0.75
0.1 0.81
0.0 0.651
0.7 0.837
0.9 0.876
1.3 0.832
0.8 0.87
1.3 0.0
0.0 0.526
0.7 0.785
1.1 0.756
0.6 0.765
0.7 0.743
0.0 0.724
0.0 0.81
0.0 0.892
0.8 0.839
1.1 0.854
1.6 0.81
1.0 0.854
1.3 0.78
0.8 0.917
0.1 0.72
0.0 0.791
0.0 0.813
0.0 0.737
0.0 0.781
0.0 0.808
0.0 0.725
0.0 0.784
0.0 0.25
1.2 0.821
1.2 0.768
0.7 0.769
0.6 0.792
0.8 0.0
0.0 0.0
0.0 0.4
0.5 0.692
0.5 0.667
0.0 0.608
0.0 0.602
0.0 0.572
0.0 0.357
0.0 0.482
0.0 0.582
0.0 0.524
0.0 0.638
0.0 0.75
0.0 0.0
0.0 0.0
0.0 0.7
0.0 0.6
0.0 0.656
0.0 0.83
0.0 0.779
0.0 0.859
0.0 0.768
0.0 0.774
0.0 0.845
0.0 0.755
0.0 0.72
0.1 0.813
0.0 1.0
1.0 0.878
1.5 0.833
0.7 0.928
0.6 0.863
0.1 0.806
0.0 0.858
0.1 0.797
0.0 0.738
0.2 0.688
0.0 0.637
0.0 0.455
0.0 0.515
0.5 0.821
1.8 0.794
1.8 0.814
1.2 0.83
2.1 0.858
1.1 0.878
1.0 0.806
0.9 0.849
0.6 0.882
0.7 0.847
0.9 0.892
1.0 1.0
0.3 0.797
1.1 0.714
0.1 0.913
0.4 0.87
0.9 0.805
0.0 0.481
0.0 0.53
0.0 0.611
0.0 0.698
0.0 0.691
0.1 0.676
0.2 0.554
0.5 0.744
0.0 0.704
0.9 0.797
1.9 0.533
1.1 0.714
0.3 0.767
1.3 0.563
0.8 0.522
0.0 0.545
0.0 0.667
0.0 0.75
0.0 0.429
1.2 0.846
0.7 0.857
0.3 0.826
1.9 0.876
1.8 0.875
2.2 0.927
3.0 0.92
2.6 0.915
2.3 0.816
2.6 0.929
3.0 0.894
2.4 0.897
2.1 0.92
1.0 0.888
1.4 0.791
0.7 0.876
1.9 0.915
2.2 0.855
1.3 0.795
1.0 0.794
0.6 0.845
1.2 0.805
0.9 0.863
0.7 0.813
0.0 0.568
0.0 0.0
0.1 0.766
0.1 0.738
0.0 0.735
0.2 0.9
0.0 0.0
0.0 0.0
0.2 0.5
0.0 1.0
0.9 0.72
0.5 0.696
0.5 0.757
0.3 0.75
0.0 0.711
0.0 0.722
0.0 0.725
0.0 0.758
0.0 0.651
0.0 0.724
0.0 0.67
0.0 0.5
0.3 0.831
1.1 0.867
1.2 0.828
0.7 0.855
0.8 0.897
1.4 0.897
1.4 0.851
1.2 0.849
1.5 0.835
2.2 0.887
2.0 0.827
1.8 0.844
1.3 0.8
2.1 0.804
2.0 0.857
1.7 0.88
2.3 0.866
1.8 0.85
1.5 0.883
2.2 0.87
1.6 0.667
1.1 0.813
1.6 0.813
1.6 0.818
1.3 0.828
0.3 0.664
0.0 0.746
0.0 0.752
0.0 0.762
0.0 0.676
0.0 0.513
0.0 0.0
0.0 0.0
0.0 0.583
0.0 0.815
0.0 0.75
0.0 0.835
0.0 0.786
0.0 0.815
0.0 0.789
0.0 0.663
0.0 0.822
0.0 0.8
0.0 0.625
0.0 0.7
0.0 0.462
1.4 0.793
1.3 0.78
1.2 0.784
1.1 0.786
1.2 0.667
1.6 0.708
1.8 0.752
1.3 0.736
1.2 0.875
0.0 0.631
0.0 0.648
0.0 0.547
0.0 0.539
0.0 0.639
0.0 0.594
0.0 0.758
0.0 0.698
0.0 0.672
0.0 0.59
0.0 0.778
0.0 0.655
0.0 0.667
0.4 0.726
0.8 0.8
0.4 0.708
1.3 0.836
1.4 0.861
1.5 0.781
1.5 0.829
2.0 0.807
1.7 0.774
1.5 0.679
1.6 0.705
1.7 0.5
0.1 0.5
0.6 0.545
1.0 0.545
1.9 0.801
1.7 0.764
1.6 0.707
1.2 0.784
1.9 0.683
1.3 0.8
1.2 0.804
0.9 0.859
1.3 0.815
0.9 0.832
0.4 0.825
0.3 0.776
0.1 0.779
0.0 0.835
0.1 0.728
0.0 0.754
0.0 0.763
0.0 0.889
0.0 0.752
0.0 0.667
0.0 0.74
0.0 0.684
0.0 0.683
0.0 0.681
0.0 0.828
0.0 0.786
2.7 0.741
2.7 0.615
2.4 0.554
1.0 0.539
1.4 0.628
1.7 0.438
1.1 0.53
0.0 0.667
0.0 0.653
0.0 0.659
0.0 0.667
0.0 1.0
0.0 0.423
0.0 0.45
0.0 0.49
0.0 0.428
0.0 0.416
0.0 0.408
0.0 0.426
0.0 0.422
0.0 0.406
0.0 0.333
0.0 0.34
0.1 0.87
0.7 0.734
1.4 0.735
1.5 0.736
1.2 0.697
0.9 0.743
1.9 0.788
1.4 0.767
1.5 0.772
1.7 0.768
1.1 0.81
0.8 0.774
1.5 0.741
1.2 0.846
0.0 0.795
0.0 0.768
0.0 0.736
0.0 0.829
0.0 0.749
0.1 0.607
0.1 0.711
0.0 0.794
0.2 0.756
0.3 0.638
0.1 0.417
0.2 0.741
0.9 0.722
0.5 0.754
0.3 0.75
0.5 0.679
0.2 0.561
0.0 0.643
1.2 0.734
1.3 0.781
1.8 0.753
1.5 0.857
1.5 0.807
1.4 0.714
0.0 0.539
0.0 0.68
0.0 0.5
0.0 0.35
1.6 0.88
1.6 0.826
1.0 1.0
0.0 0.699
0.0 0.785
0.0 0.677
0.0 0.882
0.0 0.69
0.0 0.818
0.0 0.778
0.4 0.736
0.8 0.782
0.6 0.776
0.6 0.731
0.3 0.75
0.5 0.76
0.5 0.696
0.5 0.737
0.2 0.571
1.3 0.792
2.0 0.84
1.9 0.837
1.7 0.792
1.5 0.867
1.8 0.913
1.6 0.863
0.0 0.676
0.0 0.555
0.0 0.684
0.0 0.669
0.0 0.657
0.0 0.75
0.0 0.732
0.0 0.786
0.0 0.593
0.0 0.818
0.9 0.795
0.6 0.765
1.2 0.879
1.4 0.784
1.6 0.62
0.0 0.805
0.0 0.79
0.0 0.731
0.0 0.799
0.0 0.776
0.1 0.715
0.0 0.747
0.0 0.614
0.0 0.615
0.0 0.739
0.6 0.667
1.0 0.736
1.0 0.733
1.0 0.922
1.0 0.675
1.4 0.74
1.3 0.719
1.5 0.748
2.2 0.688
1.4 0.676
1.0 0.617
0.9 0.734
1.9 0.625
0.0 0.569
0.0 0.659
0.0 0.733
0.0 0.662
0.0 0.564
0.0 0.281
0.0 0.5
0.0 0.375
0.0 0.737
0.9 0.724
0.4 0.9
0.3 0.583
0.0 0.802
0.0 0.758
0.0 0.929
0.0 0.605
0.0 0.824
0.0 0.92
0.0 0.476
0.0 0.923
0.0 0.5
0.0 0.55
0.0 0.589
0.0 0.689
0.0 0.476
0.8 0.791
1.3 0.748
2.3 0.814
2.6 0.82
2.5 0.844
2.8 0.771
1.7 0.75
1.0 0.739
2.0 0.784
1.4 0.7
0.1 0.833
0.1 0.5
0.0 0.818
0.1 0.804
0.5 0.799
0.1 0.774
0.1 0.795
0.2 0.853
0.1 0.0
0.1 0.0
1.3 0.828
1.1 0.732
0.8 0.789
0.9 0.707
0.8 0.779
1.9 0.743
1.7 0.821
1.5 0.726
1.5 0.688
1.2 0.622
1.0 0.842
1.9 0.652
0.0 0.0
0.0 1.0
0.0 0.522
0.0 0.5
0.0 0.375
0.0 0.667
0.0 0.444
0.0 0.167
0.4 0.462
0.0 0.6
0.0 0.667
0.0 0.745
0.0 0.732
0.0 0.632
0.0 0.6
0.0 0.75
0.0 0.5
0.0 0.444
0.2 0.625
0.1 0.63
0.7 0.8
0.0 0.668
0.0 0.683
0.0 0.574
0.0 0.545
0.0 0.44
0.0 0.408
0.0 0.516
0.0 0.337
0.0 0.589
0.0 0.441
0.0 0.368
0.1 0.786
0.0 0.5
0.0 0.787
0.0 0.608
0.0 0.669
0.0 0.673
0.0 0.503
0.0 0.527
0.0 0.593
0.0 0.579
0.0 0.732
0.0 0.732
0.0 0.689
0.0 0.694
0.0 0.632
0.0 0.72
0.0 0.72
0.0 0.62
0.0 0.734
0.1 0.684
0.0 0.813
0.1 0.736
0.2 0.769
0.2 0.55
0.0 0.71
0.0 0.718
0.0 0.697
0.0 0.717
0.0 0.651
0.0 0.622
0.0 0.727
0.0 0.4
0.0 0.7
0.0 0.763
0.0 0.739
0.0 0.656
0.0 0.512
0.0 0.465
0.0 0.459
0.0 0.464
0.0 0.0
0.0 0.659
0.0 0.467
0.0 0.719
0.0 0.75
0.0 0.624
0.0 0.671
0.0 0.72
0.0 0.632
0.0 0.615
0.0 0.623
0.0 0.333
0.0 0.588
0.0 0.367
0.0 0.6
0.0 0.0
0.0 0.542
0.0 0.558
0.0 0.543
0.0 0.333
0.0 0.222
0.0 0.364
0.0 0.167
0.0 0.0
0.0 0.791
0.4 0.849
0.2 0.8
0.0 0.333
0.0 0.5
0.0 0.667
0.0 0.847
0.1 0.722
0.0 0.0
0.0 0.736
0.0 0.714
0.1 0.768
0.0 0.689
0.0 0.748
0.1 0.807
0.1 0.781
0.0 0.79
0.0 0.823
0.0 0.782
0.1 0.702
0.2 0.736
0.1 0.803
0.2 0.803
0.2 0.792
0.3 0.707
1.2 0.617
0.8 0.745
0.2 0.787
0.0 0.789
0.0 0.744
0.1 0.783
0.1 0.7
0.0 0.8
0.0 0.754
0.0 0.5
0.0 0.633
0.0 0.585
0.0 0.609
0.0 0.585
0.0 0.548
0.0 0.735
0.0 0.476
0.0 0.62
0.0 0.362
0.0 0.469
0.0 0.455
0.0 0.409
0.0 0.333
0.0 0.479
0.0 0.514
0.0 0.49
0.0 0.45
0.0 0.727
0.0 0.587
0.0 0.66
0.0 0.723
0.0 0.625
0.0 0.556
0.0 1.0
0.0 0.0
0.5 0.732
0.9 0.811
1.3 0.752
1.4 0.837
2.1 0.837
1.0 0.813
0.6 0.829
1.1 0.5
0.2 0.743
0.1 0.763
0.6 0.844
0.9 0.812
0.8 0.733
0.9 0.798
0.9 0.805
1.4 0.735
0.7 0.759
1.7 0.694
1.8 0.717
0.3 0.741
1.5 0.684
0.9 0.684
0.9 0.667
0.9 0.741
0.5 0.774
0.9 0.75
1.0 0.75
2.2 0.791
1.6 0.748
2.1 0.834
2.1 0.826
1.9 0.818
1.7 0.802
1.2 0.849
2.1 0.82
2.1 0.815
2.1 0.801
1.5 0.801
1.5 0.831
1.5 0.818
0.2 0.821
0.3 0.8
0.5 0.79
0.9 0.784
0.6 0.699
0.5 0.728
0.2 0.77
0.6 0.785
0.3 0.744
0.4 0.77
1.2 0.785
1.2 0.787
1.2 0.6
0.0 0.667
0.1 0.0
0.0 0.75
0.0 0.704
0.2 0.786
0.0 0.841
0.0 0.75
0.2 0.73
0.8 0.787
0.8 0.745
0.9 0.797
1.3 0.826
2.2 0.798
1.8 0.667
0.1 0.667
0.5 0.909
0.1 0.875
0.8 0.755
1.0 0.702
0.8 0.65
0.5 0.707
0.1 0.783
0.2 0.715
0.2 0.782
0.3 0.756
0.2 0.769
0.3 0.799
0.2 0.845
0.4 0.811
0.4 0.783
0.6 0.783
0.6 0.76
0.4 0.726
1.1 0.706
1.4 0.748
1.8 0.786
2.0 0.816
1.8 0.726
0.7 0.8
1.5 0.741
1.3 0.741
0.7 0.882
0.9 0.759
1.0 0.667
0.0 0.758
0.0 0.761
0.0 0.815
0.0 0.714
0.2 0.819
0.2 0.772
0.3 0.734
0.6 0.778
0.2 0.758
0.1 0.659
0.1 0.75
0.0 0.742
0.0 0.765
0.1 0.765
0.1 0.796
0.1 0.731
0.0 0.792
0.0 0.767
0.0 0.859
0.0 0.756
1.0 0.764
1.5 0.684
1.0 0.693
1.7 0.673
2.4 0.657
2.2 0.752
3.0 0.769
1.8 0.739
2.0 0.73
2.4 0.594
1.9 0.606
0.0 0.679
0.2 0.68
0.1 0.833
0.2 0.829
0.1 0.768
0.4 0.722
0.4 0.783
0.8 0.75
0.3 0.889
0.6 0.667
0.3 0.0
0.0 0.5
0.0 0.571
0.0 0.696
0.1 0.542
0.1 0.914
0.0 0.834
0.0 0.846
0.7 0.825
0.6 0.75
0.0 0.638
0.0 0.647
0.0 0.528
0.0 0.6
0.0 0.558
0.5 0.714
0.6 0.731
1.5 0.744
1.5 0.637
0.4 0.72
0.8 0.72
0.6 0.7
0.0 1.0
0.5 0.5
0.0 0.527
0.0 0.458
0.0 0.661
0.2 0.614
0.3 0.691
0.5 0.731
1.1 0.804
0.5 0.776
0.7 0.746
0.9 0.8
0.8 0.637
0.7 0.465
0.3 0.4
0.0 0.4
0.3 0.721
0.4 0.652
0.3 0.659
0.7 0.676
1.6 0.735
1.2 0.766
0.6 0.755
0.3 0.71
0.7 0.671
0.5 0.674
0.2 0.68
0.1 1.0
0.1 0.784
0.4 0.75
0.5 0.614
0.0 0.778
0.0 0.6
0.0 0.576
0.0 0.429
0.0 0.452
0.0 0.579
0.0 0.0
0.0 0.8
0.0 0.768
0.0 0.698
0.0 0.723
0.0 0.685
0.0 0.738
0.0 0.698
0.0 0.742
0.0 0.701
0.0 0.693
0.0 0.731
0.0 0.767
0.0 0.627
0.0 0.627
1.6 0.65
0.0 0.811
0.1 0.792
0.7 0.745
0.5 0.794
1.4 0.754
0.6 0.78
0.4 0.802
0.4 0.756
0.1 0.862
0.5 0.87
0.5 0.863
0.3 0.901
1.1 0.858
1.0 0.838
0.6 0.773
1.0 0.813
1.5 0.833
1.6 0.84
1.8 0.902
1.1 0.902
1.1 0.833
0.7 0.762
1.1 0.771
0.9 0.693
1.2 0.644
1.7 0.839
0.9 0.782
1.7 0.841
1.8 0.667
1.0 0.583
0.4 0.786
0.2 0.833
1.2 1.0
0.5 0.792
0.3 0.829
0.6 0.799
0.8 0.897
0.8 0.804
0.9 0.871
1.0 0.808
0.6 0.872
0.6 0.741
1.3 0.779
1.4 0.778
0.9 0.784
0.9 0.834
2.0 0.815
1.8 0.842
1.1 0.8
1.7 0.811
1.5 0.82
1.7 0.854
1.5 0.805
1.7 0.805
1.7 0.784
1.3 0.8
0.0 0.595
0.0 0.575
0.0 0.667
0.0 0.66
0.0 0.552
0.0 0.639
0.0 0.561
0.0 0.534
0.0 0.53
0.0 0.497
0.0 0.467
0.0 0.594
0.0 0.45
0.0 0.545
0.0 0.507
0.0 0.509
0.0 0.554
0.0 0.619
0.0 0.619
0.0 0.492
0.0 0.538
0.0 0.461
0.0 0.467
0.0 0.524
0.0 0.544
0.0 0.4
0.0 0.37
0.0 0.0
0.7 0.802
1.1 0.803
1.3 0.778
1.3 0.86
1.7 0.86
2.1 0.884
1.6 0.87
1.8 0.871
1.9 0.871
1.5 0.796
1.4 0.851
1.3 0.721
1.3 0.721
1.3 0.813
1.2 0.804
1.1 0.854
0.8 0.81
0.5 0.754
0.5 0.816
0.9 0.885
0.2 0.637
0.1 0.81
0.1 0.682
0.0 0.714
0.0 0.753
0.0 0.84
0.0 0.861
0.0 0.794
0.1 0.846
0.3 0.688
0.1 0.889
0.3 0.773
0.5 0.773
0.5 0.643
0.1 0.714
0.0 0.545
0.0 0.682
0.0 0.66
0.0 0.0
0.0 0.689
0.0 0.551
0.0 0.723
0.0 0.704
0.0 0.711
0.0 0.673
0.0 0.729
0.0 0.583
0.0 0.604
0.0 0.604
0.0 0.578
0.0 0.589
0.0 0.0
0.0 0.486
0.7 0.82
1.0 0.786
0.8 0.733
0.9 0.72
1.1 0.688
0.5 0.761
0.5 0.742
0.6 0.707
0.4 0.65
0.2 0.614
0.1 0.584
0.2 0.589
0.2 0.456
0.0 0.527
0.1 0.611
0.0 0.625
0.3 0.414
0.0 0.681
0.1 0.522
0.1 0.832
0.3 0.85
1.1 0.763
0.9 0.833
0.6 0.746
1.1 0.815
0.0 0.667
0.4 0.864
0.0 0.809
0.0 0.783
0.0 0.853
0.0 0.862
0.0 0.85
0.0 0.866
0.0 0.715
0.8 0.738
0.5 0.711
0.5 0.725
0.3 0.694
0.5 0.76
1.1 0.727
0.1 0.724
0.5 0.829
1.1 0.682
0.5 0.805
1.5 0.786
0.5 0.775
0.3 0.85
0.2 0.78
1.0 0.765
1.6 0.804
1.6 0.817
1.3 0.82
1.1 0.75
0.4 0.6
0.2 0.852
0.7 0.739
0.7 0.81
0.7 0.852
1.0 0.877
0.5 0.766
0.7 0.807
0.6 0.765
0.8 0.768
1.0 0.768
0.6 0.778
0.7 0.714
0.6 0.702
0.4 0.774
0.6 0.738
0.5 0.567
0.3 0.754
0.5 0.754
0.5 0.684
0.3 0.596
0.7 0.771
1.1 0.714
0.2 0.772
0.6 0.729
0.5 0.775
0.3 0.779
0.5 0.823
0.5 0.83
1.6 0.83
1.5 0.813
1.1 0.644
0.7 0.773
1.3 0.769
0.8 0.5
0.4 0.5
0.0 0.583
0.0 0.59
0.0 0.0
0.0 0.429
0.0 0.333
0.0 0.5
0.2 0.5
0.2 0.0
0.0 0.713
0.0 0.733
0.0 0.889
0.0 0.781
0.0 0.805
0.1 0.835
0.1 0.771
0.0 0.792
0.1 0.765
0.1 0.808
0.0 0.739
0.0 0.72
0.0 0.72
0.0 0.746
0.0 0.5
0.5 0.793
0.1 0.571
0.1 0.643
1.2 0.681
0.7 0.75
0.0 0.743
0.9 0.763
0.5 0.747
0.0 0.7
0.0 0.611
0.0 0.732
0.0 0.684
0.0 0.645
0.0 0.564
0.0 0.5
0.0 0.562
0.0 0.615
0.0 0.672
0.2 0.833
0.2 0.75
0.1 0.61
0.1 0.786
0.1 1.0
0.3 0.854
0.3 0.0
0.1 0.633
0.2 0.0
0.0 0.645
0.8 0.796
0.6 0.808
0.5 0.808
0.6 0.786
0.8 0.793
1.0 0.83
0.9 0.838
1.2 0.804
1.2 0.83
2.3 0.848
2.2 0.797
1.5 0.797
1.5 0.829
1.5 0.833
0.3 0.742
0.3 0.803
0.4 0.8
0.1 0.771
1.1 0.611
0.1 0.828
0.3 0.75
1.2 0.797
0.8 0.755
1.5 0.845
2.4 0.822
2.0 0.881
1.3 0.877
1.0 0.796
1.2 0.815
1.0 0.756
0.4 0.795
0.4 0.784
0.7 0.784
0.7 0.839
0.6 0.889
0.1 0.603
0.1 0.681
0.1 0.732
1.4 0.747
0.7 0.743
1.5 0.74
0.8 0.779
0.6 0.742
0.7 0.744
1.4 0.733
1.5 0.779
1.8 0.779
1.8 0.804
1.6 0.787
1.0 0.805
0.8 0.791
1.1 0.672
0.8 0.766
1.5 0.84
2.0 0.75
1.5 0.867
0.9 0.778
1.0 0.771
1.6 0.767
1.4 0.707
1.0 0.707
1.0 0.8
0.9 0.727
0.8 0.683
0.9 0.746
0.9 0.736
1.8 0.912
1.1 0.74
0.9 0.656
1.1 0.4
0.6 0.647
1.1 1.0
0.0 0.732
0.1 0.76
0.0 0.816
0.0 0.785
0.2 0.844
0.1 0.817
0.2 0.797
0.1 0.815
0.1 0.821
0.2 0.798
0.3 0.82
0.9 0.772
1.4 0.772
1.4 0.795
0.0 0.0
0.1 0.815
0.3 0.714
0.1 0.855
0.5 0.821
0.9 0.904
1.5 0.804
1.3 0.84
0.2 1.0
0.2 0.769
0.3 0.789
0.2 0.0
0.0 0.757
1.1 0.832
0.4 0.723
0.7 0.905
0.8 0.833
0.4 0.714
0.1 0.625
0.9 0.9
0.0 0.5
0.2 0.737
0.1 0.754
0.1 0.7
0.1 0.698
0.4 0.721
0.3 0.607
0.1 0.684
0.1 0.739
0.0 0.741
0.0 0.824
0.5 0.667
0.1 0.74
0.1 0.731
0.1 0.683
0.2 0.744
0.2 0.687
0.9 0.769
0.8 0.683
1.0 0.629
0.5 0.723
0.4 0.739
0.6 0.774
0.7 0.774
0.7 0.737
0.3 0.743
0.0 1.0
0.1 0.617
0.0 0.341
0.0 0.333
0.0 1.0
0.0 0.556
0.0 0.57
0.0 0.662
0.0 0.775
0.0 0.703
0.0 0.846
0.0 0.4
0.0 0.839
0.0 0.0
0.6 0.84
0.7 0.7
0.1 0.75
0.2 0.25
0.0 0.75
0.4 0.776
0.5 0.8
1.0 0.667
0.7 0.757
0.7 0.729
0.6 0.833
0.6 0.78
0.7 0.857
0.9 0.719
1.0 0.824
0.7 0.824
0.8 0.824
0.0 0.529
0.0 0.791
0.0 0.789
0.0 0.68
0.0 0.81
0.0 0.753
0.0 0.762
0.0 0.8
0.0 0.814
0.0 0.711
0.0 0.568
0.0 0.703
0.0 0.703
0.0 0.75
0.0 0.6
0.6 0.839
0.8 0.833
0.8 0.845
0.8 0.75
0.9 0.692
1.3 0.778
1.9 0.792
1.9 0.815
1.6 0.835
1.8 0.831
1.1 0.791
1.4 0.752
1.4 0.841
1.0 0.781
1.0 0.714
1.2 0.76
1.2 0.7
0.9 0.7
0.9 0.938
0.3 0.733
0.4 0.734
0.5 0.827
1.3 0.813
0.9 0.782
1.1 0.784
0.7 0.617
0.4 0.773
0.2 0.583
0.0 0.538
0.8 0.75
1.4 0.738
1.6 0.698
1.3 0.712
1.5 0.78
1.6 0.767
1.7 0.759
1.2 0.771
0.9 0.753
1.4 0.75
1.5 0.71
1.7 0.71
1.7 0.731
1.1 0.674
0.1 0.0
0.2 0.0
0.0 0.667
0.4 0.811
0.2 1.0
0.1 0.0
0.1 0.688
0.4 0.645
0.0 0.793
0.1 0.667
0.0 0.728
0.1 0.77
0.1 0.767
0.3 0.838
0.5 0.77
0.2 0.855
0.9 0.851
1.5 0.877
1.2 0.878
1.6 0.839
0.8 0.821
1.0 0.833
1.5 0.833
0.9 0.5
0.4 0.636
1.4 0.848
1.1 0.848
1.1 0.808
0.9 0.65
0.0 0.661
0.0 0.77
0.0 0.741
0.0 0.762
0.0 0.68
0.0 0.749
0.0 0.754
0.0 0.785
0.0 0.788
0.0 0.765
0.0 0.706
0.0 0.706
0.0 1.0
0.5 0.824
1.0 0.848
0.4 0.892
1.6 0.86
0.7 0.81
1.2 0.6
1.1 0.5
0.0 1.0
1.1 0.854
2.8 0.849
2.2 0.914
1.8 0.915
1.5 0.882
1.3 0.796
1.1 0.885
1.5 0.833
1.8 0.859
2.6 0.926
2.6 0.898
2.9 0.898
2.9 0.833
2.0 0.905
0.0 0.682
0.1 0.0
0.3 0.818
0.0 0.767
0.3 0.797
0.4 0.885
0.0 0.708
0.0 0.56
0.0 0.613
0.0 0.554
0.0 0.562
0.0 0.536
0.0 0.557
0.0 0.432
0.0 0.0
0.0 0.653
0.1 0.697
0.2 0.79
0.1 0.741
0.5 0.723
1.1 0.831
1.2 0.772
0.9 0.674
0.4 0.731
0.4 0.808
0.0 0.746
0.0 0.735
0.0 0.786
0.0 0.706
0.0 0.709
0.0 0.65
0.0 0.754
0.0 0.741
0.0 0.757
0.0 0.846
0.0 0.788
0.0 0.788
0.0 0.768
0.0 0.778
0.2 0.688
0.5 0.653
0.7 0.794
0.9 0.688
0.7 0.463
0.7 0.385
0.5 0.6
0.4 0.375
0.4 0.167
0.5 0.0
0.0 0.638
0.0 0.615
0.0 0.6
0.0 0.623
0.0 0.6
0.0 0.582
0.0 0.556
0.0 0.652
0.0 0.611
0.0 0.552
0.0 0.506
0.0 0.506
0.0 0.44
0.7 0.698
1.0 0.608
1.1 0.648
1.3 0.673
1.0 0.709
1.5 0.633
1.5 0.684
1.5 0.645
1.5 0.667
0.2 0.697
0.3 0.697
0.4 0.883
0.8 0.877
0.5 0.805
0.7 0.857
0.3 0.869
0.8 0.907
0.8 0.883
1.1 0.891
0.9 0.848
0.8 0.654
0.6 0.857
0.4 0.857
0.3 0.875
0.0 0.847
0.0 0.817
0.0 0.852
0.0 0.918
0.0 0.889
0.0 0.811
0.0 0.5
0.0 0.749
0.0 0.652
0.0 0.561
0.3 0.762
0.2 0.783
0.2 0.807
0.4 0.758
0.4 0.765
1.1 0.761
0.9 0.758
0.8 0.791
0.3 0.725
0.2 0.733
0.2 0.768
0.5 0.768
0.5 0.793
0.1 0.794
0.2 0.708
0.3 0.75
0.3 0.745
0.8 0.706
0.4 0.719
0.3 0.5
0.2 0.7
0.1 0.0
0.2 0.5
0.0 0.68
0.1 0.843
0.0 0.824
0.2 0.85
0.1 0.884
0.1 0.865
0.1 0.807
0.0 0.807
0.0 0.768
0.1 0.789
0.1 0.739
0.1 0.739
0.1 0.788
0.0 0.768
0.2 0.85
0.4 0.85
1.3 0.855
1.2 0.856
1.3 0.912
2.3 0.894
2.3 0.853
1.4 0.9
1.8 0.882
1.3 0.876
1.1 0.872
1.8 0.872
1.8 0.905
0.2 0.746
0.2 0.784
0.2 0.762
0.2 0.725
0.1 0.605
0.0 0.753
0.1 0.8
0.1 0.717
0.0 0.628
0.2 0.627
0.2 0.627
0.2 0.652
0.2 0.615
0.0 0.536
0.0 0.621
0.0 0.606
0.0 0.62
0.0 0.653
0.1 0.71
0.7 0.649
1.9 0.701
1.1 0.775
0.7 0.821
1.4 0.772
2.3 0.853
2.4 0.853
2.4 0.783
2.3 0.738
0.4 0.75
0.1 0.0
0.0 0.5
0.0 0.306
0.0 0.521
0.0 0.62
0.0 0.551
0.0 0.16
0.0 0.323
0.0 0.111
0.0 0.308
0.0 0.167
0.5 0.829
1.3 0.711
0.6 0.864
0.7 0.739
1.5 0.729
1.4 0.744
1.6 0.762
1.6 0.733
0.8 0.75
0.7 0.811
0.6 0.811
0.6 0.75
0.1 0.435
0.0 0.753
0.0 0.9
0.2 0.766
0.4 0.795
0.5 0.807
0.0 0.699
0.0 0.774
0.0 0.737
0.0 0.721
0.0 0.692
0.0 0.753
0.0 0.71
0.0 0.769
0.0 0.71
0.0 0.692
0.2 0.692
0.2 0.697
0.0 0.625
0.3 0.672
0.3 0.787
0.6 0.744
0.5 0.75
0.3 0.777
0.0 0.77
0.1 0.796
0.2 0.764
0.5 0.753
1.4 0.77
1.5 0.816
1.0 0.791
0.9 0.761
1.1 0.761
1.1 0.755
1.2 0.73
1.1 0.818
1.4 0.752
1.1 0.813
0.8 0.856
1.6 0.716
1.3 0.56
0.3 0.81
0.8 0.462
0.0 0.727
1.6 0.787
2.1 0.864
1.9 0.908
2.0 0.864
2.1 0.861
1.2 0.85
1.3 0.86
1.2 0.843
1.5 0.81
0.4 0.836
0.6 0.836
0.6 0.716
0.1 0.824
0.2 0.824
0.9 0.82
0.9 0.798
0.9 0.833
0.8 0.746
1.2 0.727
1.3 0.8
0.8 0.815
1.3 0.815
1.3 0.721
0.8 0.829
0.0 0.511
0.0 0.5
0.0 0.51
0.0 0.595
0.0 0.586
0.0 0.59
0.0 0.594
0.0 0.592
0.0 0.596
0.0 0.491
0.0 0.492
0.0 0.547
0.0 0.528
0.0 0.528
0.0 0.489
0.0 0.533
0.0 0.523
0.0 0.671
0.0 0.605
0.0 0.792
0.0 0.668
0.0 0.665
0.0 0.752
0.0 0.789
0.0 0.813
0.0 0.744
0.0 0.744
0.0 0.798
0.6 0.78
0.6 0.754
0.7 0.82
0.6 0.721
1.2 0.724
1.0 0.733
1.1 0.693
0.9 0.617
1.2 0.574
1.1 0.652
1.0 0.596
1.0 0.596
1.0 0.614
0.8 0.706
0.0 0.5
0.0 0.875
0.0 0.417
0.0 0.875
0.0 0.474
0.0 0.722
0.0 0.727
0.1 0.686
0.1 0.726
0.5 0.791
0.5 0.75
0.3 1.0
0.3 0.125
0.5 0.563
0.7 0.0
0.4 0.788
0.3 0.556
0.4 0.696
0.0 0.642
0.0 0.681
0.0 0.721
0.0 0.738
0.0 0.68
0.0 0.761
0.0 0.774
0.0 0.77
0.0 0.69
0.0 0.655
0.0 0.655
0.0 0.649
0.0 0.765
0.0 0.783
0.1 0.694
0.1 0.731
0.0 0.571
0.0 0.698
0.0 0.711
0.0 0.754
0.0 0.797
0.0 0.717
0.0 0.774
0.0 0.688
0.0 0.707
0.1 0.847
0.9 0.844
1.6 0.869
1.8 0.867
2.3 0.876
1.5 0.888
2.2 0.894
2.0 0.89
2.1 0.891
1.7 0.881
1.9 0.881
1.9 0.89
0.6 0.779
1.1 0.828
0.8 0.828
0.9 0.887
2.0 0.845
1.3 0.802
1.6 0.807
1.5 0.873
2.2 0.857
2.0 0.667
1.4 0.667
1.4 0.857
1.1 0.714
0.3 0.843
1.1 0.848
1.5 0.807
1.5 0.792
1.6 0.717
1.3 0.803
0.8 0.545
0.0 0.656
0.0 0.593
0.0 0.57
0.0 0.593
0.0 0.562
0.0 0.562
0.0 0.514
0.0 0.571
0.0 0.5
0.0 0.725
0.0 0.867
0.1 0.791
0.0 0.852
0.0 0.76
0.0 0.782
0.0 0.667
0.1 0.81
0.5 0.571
0.1 0.357
0.0 0.471
0.2 0.5
1.1 0.822
0.9 0.81
2.4 0.719
2.1 0.754
2.2 0.706
2.1 0.738
1.6 0.709
1.9 0.762
1.9 0.652
2.6 0.75
2.3 0.75
2.3 0.634
2.6 0.667
0.1 0.719
0.4 0.693
0.5 0.71
0.3 0.588
0.4 0.618
0.0 0.725
0.7 0.63
0.4 0.517
0.8 0.532
0.9 0.498
0.9 0.498
0.9 0.552
0.4 0.735
0.7 0.653
0.3 0.727
0.0 0.719
0.0 0.667
0.1 0.571
0.0 0.582
0.3 0.743
0.8 0.818
0.5 0.743
0.5 0.819
1.0 0.784
0.3 0.733
0.8 0.791
0.6 0.783
0.7 1.0
0.0 0.571
0.0 0.75
0.7 0.78
0.4 0.883
0.5 0.85
0.8 0.82
0.5 0.837
0.9 0.864
0.8 0.709
0.3 0.816
0.5 0.833
0.5 0.853
0.3 0.853
0.3 0.9
0.3 0.941
0.0 0.513
0.0 0.616
0.0 0.598
0.0 0.616
0.0 0.663
0.0 0.667
0.0 0.672
0.0 0.755
0.0 0.681
0.0 0.733
0.0 0.733
0.0 0.64
0.0 0.727
0.0 0.477
0.5 0.885
0.7 0.878
0.8 0.835
1.6 0.921
1.0 0.848
0.4 0.844
0.6 0.851
1.2 0.853
0.9 0.736
0.8 0.833
1.4 0.81
0.4 0.867
0.5 0.886
0.6 0.84
0.2 0.882
0.6 0.736
0.7 0.804
0.7 0.798
0.2 0.714
0.0 0.63
0.1 0.743
0.0 0.882
0.2 0.744
0.1 0.826
0.1 0.333
0.0 0.884
0.8 0.789
2.4 0.816
1.7 0.851
1.7 0.754
1.0 0.81
0.9 0.81
0.7 0.826
0.0 0.944
0.0 0.701
0.0 0.75
0.0 0.822
0.0 0.867
0.0 0.825
0.0 0.815
0.0 0.81
0.0 0.86
0.0 0.858
0.0 0.79
0.1 0.79
0.1 0.845
0.0 0.875
0.0 0.571
0.1 0.612
0.1 0.695
0.0 0.704
0.1 0.744
0.2 0.777
0.1 0.673
0.1 0.685
0.0 0.742
0.0 0.577
0.0 0.587
0.0 0.571
0.0 0.629
0.0 0.442
0.0 0.609
0.0 0.5
0.0 0.344
0.0 0.524
0.0 0.524
0.0 0.48
0.0 0.273
0.0 0.668
0.0 0.695
0.0 0.707
0.0 0.739
0.0 0.66
0.0 0.692
0.1 0.818
0.3 0.908
1.0 0.981
1.2 0.798
1.0 0.854
0.8 0.882
1.1 0.9
1.8 0.825
2.4 0.906
1.4 0.906
1.4 0.875
1.2 0.917
1.1 0.8
0.7 0.901
1.1 0.8
0.8 0.25
0.0 0.8
0.0 0.851
0.0 0.755
0.6 0.763
0.5 0.767
0.1 0.83
0.3 0.753
1.2 0.789
1.7 0.796
1.1 0.773
1.1 0.788
0.8 0.752
1.0 0.752
1.0 0.786
1.1 0.727
0.3 0.778
1.2 0.797
1.3 0.8
0.7 0.805
0.7 0.763
0.8 0.805
1.5 0.806
1.0 0.789
1.4 0.721
1.0 0.8
0.3 0.8
0.3 0.847
0.8 0.781
0.0 0.787
0.0 0.78
0.0 0.722
0.2 0.81
2.1 0.832
2.2 0.89
0.6 0.833
0.7 0.779
1.4 0.82
1.4 0.882
0.9 0.855
1.4 0.8
0.8 0.857
1.2 0.526
1.3 0.25
0.7 0.25
0.0 0.811
0.2 0.83
0.7 0.807
1.3 0.825
1.0 0.718
0.9 0.727
0.4 0.84
0.1 0.844
0.1 0.825
0.0 0.74
0.0 0.806
0.1 0.889
0.2 0.75
0.3 0.806
0.4 0.646
0.2 0.816
0.4 0.803
1.3 0.852
2.1 0.878
2.7 0.848
2.5 0.848
2.0 0.873
2.0 0.625
0.4 0.94
1.0 0.757
1.0 0.757
0.2 0.805
1.2 0.829
0.5 0.844
0.1 0.6
0.0 0.0
0.0 0.618
0.0 0.458
0.0 0.368
0.0 0.545
0.0 0.662
0.0 0.667
0.0 0.625
0.0 0.8
0.0 0.545
0.0 0.545
0.0 1.0
1.4 0.79
2.2 0.815
1.1 0.792
0.6 0.828
0.8 0.78
0.0 0.75
0.3 0.871
0.8 0.867
0.8 0.852
1.0 0.842
1.0 0.85
0.4 0.872
0.9 0.843
1.0 0.839
0.8 0.881
0.5 0.881
0.5 0.893
1.0 1.0
1.1 0.905
0.7 0.786
0.0 0.673
0.0 0.657
0.0 0.638
0.0 0.788
0.0 0.69
0.0 0.727
0.1 0.636
0.3 0.612
0.3 0.612
0.3 0.57
0.1 0.67
0.0 0.5
0.0 0.483
0.0 0.667
0.0 0.0
0.0 0.852
1.1 0.77
1.2 0.725
0.1 0.5
0.0 0.815
0.0 0.819
0.0 0.755
0.0 0.812
0.0 0.787
0.0 0.782
0.0 0.797
0.0 0.78
0.0 0.654
0.0 0.654
0.0 0.763
0.0 0.708
0.2 0.789
0.0 0.689
0.0 0.526
0.0 0.633
0.0 0.532
0.0 0.574
0.0 0.515
0.0 0.547
0.0 0.621
0.0 0.484
0.0 0.577
0.0 0.577
0.0 0.768
0.8 0.69
0.5 0.748
1.9 0.759
0.2 0.609
0.2 0.788
0.5 0.876
0.9 0.695
1.2 0.811
1.4 0.794
0.8 0.869
1.9 0.853
1.6 0.807
2.2 0.807
2.2 0.75
2.2 0.903
0.0 0.647
0.0 0.607
0.0 0.571
0.0 0.765
0.0 0.5
0.6 0.818
0.8 0.851
1.2 0.868
0.8 0.847
1.2 0.878
0.9 0.861
1.3 0.885
1.1 0.855
1.3 0.9
1.7 0.9
1.7 0.896
1.6 0.892
0.0 0.649
0.0 0.736
0.0 0.552
0.0 0.667
0.0 0.536
0.0 0.838
0.0 0.917
0.0 0.714
0.0 0.724
0.0 0.76
0.0 0.645
0.1 0.8
0.2 0.673
0.4 0.684
0.4 0.756
0.4 0.695
0.3 0.744
0.3 0.8
0.4 0.708
0.3 0.692
0.3 0.8
0.7 0.8
0.7 0.756
1.1 0.75
0.0 0.545
0.0 0.0
0.0 0.25
0.1 1.0
0.3 0.667
0.0 0.725
0.8 0.777
1.3 0.786
1.3 0.841
1.7 0.746
1.6 0.818
1.1 0.832
1.3 0.799
1.7 0.835
1.3 0.674
0.7 0.674
0.7 0.0
0.0 0.714
0.0 0.714
0.2 0.759
1.3 0.897
0.9 0.82
0.1 0.524
0.4 0.833
0.0 0.664
0.0 0.753
0.0 0.79
0.0 0.474
0.0 0.622
0.0 0.591
0.0 0.365
0.0 0.42
0.0 0.0
0.0 0.0
0.9 0.82
0.7 0.783
0.7 0.838
1.1 0.815
1.3 0.767
1.6 0.857
1.2 0.551
1.3 0.571
0.7 0.571
1.3 0.571
1.3 0.917
0.1 0.0
0.0 0.667
0.1 0.752
0.0 0.771
0.0 0.704
0.2 0.711
0.1 0.737
0.0 0.721
0.0 0.768
0.0 0.682
1.1 0.705
1.1 0.735
1.6 0.0
0.0 0.813
1.5 0.77
1.2 0.792
0.8 0.848
1.8 0.84
1.9 0.75
0.3 0.75
1.1 0.767
1.0 0.803
1.0 0.849
1.0 0.801
1.3 0.845
1.6 0.843
2.1 0.859
2.2 0.801
1.5 0.834
1.3 0.834
1.3 0.869
1.5 0.826
0.1 0.696
0.2 0.783
0.7 0.79
0.8 0.824
1.1 0.823
1.2 0.812
1.3 0.868
1.8 0.849
1.3 0.861
1.9 0.861
1.9 0.83
1.6 0.88
0.2 0.815
0.2 0.822
0.0 0.806
0.9 0.819
0.5 0.845
0.6 0.788
1.0 0.778
0.7 0.781
1.3 0.713
1.2 0.713
1.2 0.833
1.9 0.873
0.0 0.603
0.3 0.687
0.6 0.747
0.7 0.688
0.9 0.0
0.9 0.722
0.2 0.5
0.1 0.5
0.0 0.762
0.0 0.781
0.1 0.757
0.1 0.791
0.0 0.814
0.0 0.81
0.0 0.822
0.0 0.845
0.5 0.845
0.5 0.858
0.0 0.812
0.0 0.286
0.0 0.442
0.0 0.545
0.0 0.391
0.0 0.427
0.0 0.333
0.0 0.25
0.0 0.471
0.0 0.471
0.0 0.519
0.0 0.629
0.0 0.633
0.0 0.469
0.0 0.485
0.0 0.5
0.8 0.717
0.9 0.808
1.3 0.679
0.1 0.432
0.0 0.646
0.0 0.333
0.0 0.75
0.1 0.727
0.2 0.8
0.5 0.753
0.7 0.844
0.7 0.847
0.8 0.776
1.3 0.784
1.5 0.84
1.2 0.831
1.5 0.774
1.5 0.82
1.2 0.873
1.1 0.844
1.1 0.824
0.7 0.813
0.5 0.813
0.5 0.825
0.0 0.456
0.0 0.376
0.0 0.328
0.0 0.759
0.1 0.702
0.3 0.639
0.1 0.654
0.1 0.56
0.3 0.41
0.4 0.0
0.0 0.449
0.0 1.0
0.3 0.586
0.4 0.821
0.3 0.818
0.8 0.911
0.9 0.808
1.2 0.784
0.7 0.714
0.0 0.75
0.6 0.75
0.4 0.679
0.5 0.758
1.2 0.825
0.6 0.667
0.3 0.605
0.2 0.609
0.3 0.619
0.0 0.6
0.0 0.794
0.0 0.5
0.8 0.71
0.4 0.526
0.8 0.0
0.3 0.923
0.6 0.895
0.6 0.679
1.4 0.584
0.8 0.671
1.0 0.82
1.5 0.905
0.8 0.815
1.6 0.846
1.6 0.89
0.9 0.893
1.1 0.859
2.0 0.819
2.2 0.849
2.3 0.818
1.9 0.818
1.9 0.824
0.9 0.857
1.0 0.0
0.7 0.785
1.7 0.767
1.1 0.753
0.8 0.805
1.1 0.791
0.8 0.814
1.1 0.822
0.9 0.858
1.2 0.858
1.2 0.78
1.1 0.855
0.2 0.778
0.9 0.81
2.0 0.767
1.4 0.694
1.3 0.822
1.8 0.791
1.6 0.703
1.1 0.84
0.4 0.76
0.0 0.671
0.0 0.597
0.0 0.69
0.0 0.681
0.0 0.52
0.0 0.75
0.0 0.625
0.0 0.574
0.0 0.574
0.0 0.619
0.0 0.687
0.0 0.784
0.0 0.55
0.0 0.716
0.0 0.718
0.0 0.661
0.0 0.826
0.0 0.0
0.0 0.5
0.3 0.833
0.3 0.868
0.3 0.698
0.4 0.801
0.3 0.827
0.5 0.765
1.7 0.864
1.7 0.795
1.5 0.813
2.4 0.808
1.9 0.808
1.9 0.811
2.8 0.819
0.0 0.677
0.0 0.699
0.0 0.693
0.0 0.757
0.1 0.792
0.1 0.742
0.2 0.731
1.0 0.757
1.1 0.757
1.1 0.757
0.9 0.768
0.0 0.483
0.0 1.0
0.0 0.593
0.4 0.75
1.0 0.913
1.7 0.778
0.4 1.0
0.9 0.846
2.5 0.909
1.8 1.0
1.0 0.0
0.5 0.0
0.5 1.0
0.7 0.0
0.0 0.6
0.0 0.55
0.0 0.5
1.6 0.816
1.6 0.834
1.2 0.789
1.3 0.779
1.2 0.625
0.0 0.71
0.0 0.689
0.0 0.587
0.0 0.556
0.5 0.867
1.1 0.81
0.8 1.0
0.4 0.5
0.9 0.794
0.5 0.871
1.0 0.86
1.4 0.875
1.5 0.911
1.7 0.9
2.1 0.915
2.1 0.901
2.6 0.901
2.6 0.888
2.7 0.891
0.3 1.0
0.3 0.5
0.4 0.658
0.2 0.792
0.5 0.731
0.1 0.611
0.1 0.642
0.2 0.621
0.2 0.568
0.1 0.597
0.2 0.645
0.3 0.627
0.9 0.397
0.4 0.397
0.4 0.58
0.9 0.6
1.0 0.753
1.0 0.824
1.1 0.78
1.1 0.848
0.2 0.721
0.4 0.836
0.4 0.674
0.5 0.747
0.4 0.884
0.7 0.826
1.3 0.768
0.8 0.776
0.5 0.776
0.5 0.626
0.6 0.733
0.0 0.471
0.0 0.8
0.0 0.0
0.0 0.438
0.0 0.665
0.0 0.677
0.0 0.635
0.0 0.735
0.0 0.717
0.0 0.741
0.0 0.783
0.0 0.686
0.0 0.787
0.0 0.759
0.0 0.839
0.2 0.455
0.0 0.308
0.6 0.787
1.0 0.333
0.2 0.673
0.4 0.717
0.7 0.818
0.0 0.676
0.0 0.73
0.0 0.765
0.0 0.773
0.0 0.731
0.1 0.817
0.6 0.735
1.3 0.847
1.5 0.798
1.4 0.857
1.1 0.815
1.8 0.843
1.5 0.843
1.5 0.84
1.3 0.892
0.8 1.0
0.1 0.808
0.0 0.652
0.0 0.717
0.0 0.644
0.0 0.69
0.0 0.607
0.0 0.5
0.0 0.682
0.0 0.682
0.0 0.75
0.0 0.625
0.5 0.769
1.2 0.835
0.9 0.784
1.7 0.783
1.6 0.839
1.1 0.847
1.6 0.848
1.4 0.848
1.4 0.833
1.3 0.893
0.1 0.737
0.3 0.648
1.0 0.708
0.4 0.692
0.6 0.69
1.1 0.718
0.7 0.743
0.8 0.743
0.8 0.75
0.7 0.735
0.7 0.866
1.4 0.822
2.5 0.886
0.3 0.795
1.3 0.806
0.6 0.807
1.6 0.833
0.4 0.793
1.2 0.724
2.0 0.775
1.8 0.775
0.6 0.817
1.1 0.743
1.0 0.733
1.0 0.861
1.0 0.83
1.3 0.815
1.4 0.859
1.5 0.859
1.5 0.834
1.4 0.859
1.3 0.875
2.0 0.84
0.9 0.8
1.5 0.636
1.4 0.75
0.2 0.576
0.0 0.471
0.0 0.73
0.0 0.696
0.0 0.736
0.0 0.683
0.0 0.718
0.0 0.693
0.1 0.632
0.0 0.632
0.1 0.676
0.4 0.754
1.5 0.743
1.3 0.726
1.2 0.796
1.3 0.655
1.1 0.716
1.0 0.716
1.0 0.735
1.2 0.662
0.7 0.863
1.3 0.9
1.6 0.88
1.9 0.86
2.0 0.905
1.7 0.873
2.4 0.854
2.4 0.854
2.4 0.898
2.6 0.875
0.0 0.333
0.0 0.421
0.0 0.391
0.0 0.667
0.8 0.5
0.0 0.578
0.0 0.68
0.0 0.725
0.0 0.649
0.0 0.652
0.0 0.686
0.0 0.703
0.0 0.703
0.0 0.705
0.0 0.648
0.0 0.576
0.0 0.714
0.0 0.5
0.0 0.532
0.0 0.523
0.0 0.55
0.3 0.788
1.2 0.74
1.3 0.811
0.1 0.662
0.5 0.689
0.4 0.534
0.1 0.727
0.1 0.777
0.4 0.783
1.6 0.647
0.8 0.647
0.8 0.831
0.7 0.846
0.0 0.727
0.0 0.789
0.0 0.798
0.0 0.733
0.0 0.644
0.0 0.682
0.1 0.759
0.1 0.759
0.1 0.798
1.1 0.8
0.1 0.772
0.8 0.798
0.3 0.681
0.0 0.667
0.0 0.813
0.0 0.806
0.0 0.74
0.0 0.799
0.0 0.817
0.0 0.824
0.0 0.82
0.0 0.82
0.0 0.736
0.1 0.817
0.2 0.776
0.2 0.734
0.0 0.725
0.0 0.0
0.0 0.769
0.0 0.736
0.0 0.3
0.0 0.769
0.0 0.5
0.2 0.739
0.3 0.639
0.1 0.765
0.4 0.729
1.3 0.615
0.5 0.615
0.5 0.7
0.3 0.667
0.5 0.85
0.8 0.8
0.5 0.882
0.6 1.0
0.2 0.5
0.0 0.676
0.0 0.744
0.0 0.739
0.0 0.748
0.0 0.751
0.0 0.737
0.0 0.603
0.0 0.603
0.0 0.489
0.0 0.436
0.5 0.828
0.4 0.906
0.2 0.81
0.0 0.429
0.0 0.76
0.0 0.779
0.0 0.738
0.0 0.773
0.0 0.787
0.0 0.728
0.0 0.699
0.1 0.699
0.1 0.726
0.9 0.676
0.2 0.794
0.1 0.717
0.0 0.823
0.0 0.782
0.7 0.839
0.5 0.807
0.4 0.769
0.3 0.769
0.3 0.756
0.4 0.771
0.0 0.0
0.1 0.803
0.3 0.833
0.2 0.866
0.4 0.834
0.6 0.783
0.7 0.836
0.3 0.819
0.8 0.819
0.8 0.829
0.3 0.748
0.5 0.754
0.3 0.725
0.1 0.775
0.2 0.788
0.3 0.762
0.3 0.87
0.6 0.771
0.7 0.742
0.5 0.808
1.4 0.78
1.1 0.784
0.8 0.826
1.2 0.826
1.2 0.872
0.4 0.864
0.0 0.467
0.0 0.6
0.0 0.6
0.0 0.625
0.0 0.526
0.0 0.741
0.2 0.567
0.0 0.61
0.0 0.512
0.5 0.85
0.7 0.8
0.9 0.816
1.6 0.852
1.7 0.82
1.3 0.825
2.1 0.892
2.0 0.892
2.0 0.829
1.4 0.856
0.1 0.735
0.7 0.691
0.7 0.707
0.1 0.771
0.0 0.574
0.0 0.712
1.1 0.655
0.5 0.655
0.5 0.644
0.1 0.523
0.0 0.0
0.0 0.722
0.3 0.667
1.0 0.866
1.2 0.812
2.1 0.877
2.7 0.844
2.6 0.952
3.0 0.854
2.0 0.854
2.0 0.873
2.0 0.86
0.0 0.567
0.0 0.813
1.5 0.779
0.9 0.906
1.4 0.875
1.3 0.838
0.9 0.885
1.9 0.868
1.0 0.868
1.0 0.805
1.1 0.814
0.8 0.843
1.5 0.841
1.5 0.836
1.8 0.848
2.3 0.803
1.8 0.857
1.4 0.857
1.4 0.849
2.0 0.856
0.1 0.831
0.4 0.806
0.7 0.852
1.4 0.836
0.9 0.797
1.1 0.883
0.5 0.883
0.5 0.778
1.9 0.9
0.4 0.8
0.4 0.753
0.8 0.642
0.8 0.746
0.6 0.772
0.4 0.769
0.3 0.769
0.3 0.776
0.2 0.743
0.7 0.867
1.4 0.745
1.0 0.871
1.2 0.792
1.6 0.795
1.6 0.742
1.2 0.774
0.9 0.774
0.9 0.832
0.0 0.417
0.0 0.477
0.1 0.847
0.2 0.831
0.4 0.736
0.9 0.624
0.8 0.805
1.0 0.748
1.1 0.76
1.6 0.774
1.2 0.774
1.2 0.727
0.9 0.79
2.0 0.867
1.6 0.863
1.5 0.698
1.1 0.818
2.3 0.862
1.7 0.871
1.4 0.822
0.0 0.67
0.0 0.748
0.0 0.748
0.0 0.848
0.0 0.768
0.0 0.795
0.0 0.795
0.0 0.829
0.0 0.837
0.0 0.565
1.7 0.742
1.9 0.825
1.9 0.754
1.1 0.842
1.3 0.785
1.6 0.805
2.3 0.805
2.3 0.888
2.5 0.84
0.5 0.643
0.9 0.662
0.7 0.8
0.0 0.737
0.0 0.652
0.0 0.692
0.0 0.519
0.0 0.567
0.0 0.754
0.0 0.745
0.0 0.711
0.0 0.741
0.0 0.77
0.0 0.824
0.0 0.824
0.0 0.807
0.0 0.813
0.0 0.681
0.0 0.673
0.0 0.642
0.0 0.679
0.0 0.517
0.0 0.577
0.0 0.577
0.0 0.447
0.3 0.772
1.0 0.863
1.0 0.778
1.1 0.817
1.7 0.807
1.3 0.79
1.6 0.79
1.6 0.76
1.7 0.801
0.0 0.75
0.0 0.667
0.0 0.612
0.0 0.684
0.0 0.375
0.0 0.452
0.0 0.525
0.0 0.386
0.0 0.428
0.0 0.397
0.0 0.397
0.0 0.43
0.0 0.482
0.0 0.6
0.0 0.558
0.0 0.6
0.0 0.558
0.0 0.645
0.0 0.647
0.0 0.647
0.0 0.548
0.0 0.613
1.1 0.869
1.1 0.792
0.9 0.826
1.5 0.861
0.7 0.884
0.9 0.86
1.2 0.86
1.2 0.839
1.0 0.867
0.0 0.817
0.0 0.787
0.0 0.625
0.0 0.758
0.0 0.817
0.0 0.814
0.0 0.814
0.0 0.787
0.0 0.81
0.0 0.704
0.0 0.74
0.0 0.714
0.0 0.778
0.0 0.818
0.0 0.772
0.0 0.772
0.0 0.795
0.0 0.721
0.0 0.815
0.6 0.85
1.2 0.824
1.9 0.704
1.1 0.821
2.5 0.804
1.9 0.804
1.9 0.822
2.1 0.871
0.3 0.8
0.9 0.7
0.8 0.579
1.7 0.714
1.4 0.738
1.0 0.0
0.3 0.0
1.8 0.809
1.7 0.756
1.4 0.773
1.5 0.82
1.7 0.864
1.6 0.827
1.4 0.827
1.4 0.775
0.0 0.699
0.1 0.707
0.0 0.641
0.0 0.571
0.2 0.687
0.1 0.589
0.9 0.589
0.9 0.526
0.2 0.678
0.0 0.638
0.0 0.583
0.0 0.461
0.0 0.591
0.0 1.0
0.0 0.667
0.0 0.667
0.0 0.5
0.0 0.505
1.3 0.886
2.0 0.897
1.9 0.933
1.7 0.909
0.4 0.828
1.2 0.888
1.9 0.888
1.9 0.744
1.2 0.919
0.0 0.766
0.0 0.801
0.0 0.674
0.0 0.762
0.0 0.689
0.0 0.754
0.2 0.766
0.2 0.858
1.6 0.812
1.0 0.629
1.5 0.755
1.4 0.793
1.5 0.667
0.0 0.6
0.4 0.455
0.1 0.455
0.1 0.643
0.9 0.722
0.0 0.745
0.0 0.753
0.0 0.771
0.0 0.771
0.0 0.821
0.1 0.843
0.1 0.843
0.1 0.825
0.3 0.876
0.0 0.715
0.0 0.605
0.0 0.602
0.0 0.694
0.0 0.579
0.0 0.622
0.0 0.622
0.0 0.704
0.5 0.769
1.1 0.802
0.7 0.745
0.5 0.863
0.7 0.805
1.6 0.783
1.4 0.783
1.4 0.617
1.4 0.744
0.2 0.818
0.0 0.796
1.4 0.705
1.0 0.85
0.6 0.833
0.6 0.875
0.0 0.688
0.0 0.766
0.4 0.78
0.3 0.842
0.4 0.823
0.9 0.8
1.2 0.826
1.5 0.835
1.3 0.835
1.3 0.812
1.3 0.845
0.0 0.9
0.0 0.719
0.0 0.705
0.0 0.556
0.0 0.0
0.2 0.711
0.6 0.75
0.4 0.636
0.8 0.767
0.9 0.841
0.7 0.789
0.0 0.657
0.0 0.613
0.0 0.629
0.0 0.636
0.0 0.667
0.0 0.667
0.0 0.385
0.0 0.678
0.0 0.467
0.0 0.533
0.1 0.667
1.2 0.855
1.1 0.771
1.5 0.762
1.1 0.821
1.0 0.827
0.8 0.827
0.8 0.696
0.0 1.0
0.0 0.875
0.3 0.765
0.3 0.773
1.3 0.702
1.7 0.702
1.7 0.6
1.8 0.761
1.0 0.673
1.3 0.685
0.8 0.537
0.6 0.68
0.9 0.733
0.5 0.733
0.5 0.648
1.6 0.586
0.0 0.574
0.0 0.724
0.0 0.697
0.6 0.647
0.8 0.25
0.4 0.25
0.6 0.871
0.5 0.83
0.6 0.88
0.6 0.857
0.9 0.788
1.3 0.788
1.3 0.858
1.2 0.86
0.0 0.726
0.0 0.652
0.0 0.65
0.0 0.567
0.0 0.617
0.0 0.617
0.0 0.695
0.7 0.593
2.1 0.934
2.0 0.809
2.1 0.9
3.5 0.885
3.3 0.914
3.6 0.914
3.6 0.908
5.1 0.898
0.4 0.759
1.0 0.814
0.3 0.765
0.7 0.6
0.5 0.833
0.7 0.833
0.1 0.813
0.1 0.81
0.4 0.831
0.4 0.824
0.8 0.832
0.4 0.832
0.4 0.85
0.6 0.842
1.2 0.794
1.8 0.846
0.7 0.905
1.2 0.735
0.6 0.615
0.4 0.615
0.4 0.848
1.3 0.828
0.8 0.792
0.8 0.8
0.7 0.907
1.2 0.909
0.6 0.813
1.4 0.813
1.4 0.857
1.3 0.86
0.5 0.771
0.8 0.779
0.3 0.775
0.7 0.771
0.3 0.694
0.9 0.694
0.9 0.796
1.3 0.75
1.0 0.762
0.6 0.744
0.2 0.5
0.4 0.615
0.6 0.783
0.3 0.788
0.7 0.795
0.8 0.705
0.3 0.701
0.2 0.701
0.2 0.667
0.2 0.556
0.0 0.676
0.0 0.622
0.0 0.679
0.0 0.751
0.0 0.717
0.0 0.717
0.0 0.692
0.0 0.715
0.3 0.0
0.9 0.79
1.5 0.848
2.2 0.794
1.9 0.874
2.4 0.874
2.4 0.739
1.5 0.844
0.0 0.779
0.0 0.813
0.0 0.72
0.0 0.681
0.0 0.698
0.0 0.698
0.0 0.585
1.2 0.843
1.4 0.846
1.8 0.851
2.3 0.866
2.4 0.868
2.6 0.868
2.6 0.86
2.9 0.847
0.1 0.785
0.1 0.76
0.2 0.824
0.5 0.761
0.5 0.848
0.6 0.848
0.6 0.767
0.7 0.806
0.0 0.706
0.0 0.638
0.0 0.656
0.0 0.685
0.0 0.738
0.0 0.738
0.0 0.712
0.0 1.0
0.8 0.823
1.0 0.783
1.0 0.752
1.2 0.81
0.9 0.855
1.3 0.855
1.3 0.843
1.3 0.708
0.2 0.5
0.4 0.829
0.0 0.75
0.0 0.661
0.0 0.749
0.3 0.784
0.3 0.836
1.2 0.836
1.2 0.752
0.8 0.856
0.0 0.652
1.8 0.809
1.6 0.808
2.0 0.819
2.2 0.751
1.9 0.839
1.9 0.839
1.9 0.731
1.1 0.75
0.2 0.662
0.2 0.704
0.3 0.597
0.0 0.844
0.4 0.657
0.2 0.657
0.2 0.574
0.4 0.707
0.5 0.764
0.9 0.824
1.2 0.756
1.2 0.798
1.2 0.73
0.9 0.73
0.9 0.686
0.5 0.797
0.8 0.844
1.9 0.86
2.0 0.797
2.4 0.837
2.5 0.752
2.9 0.752
2.9 0.863
2.4 0.816
0.3 0.729
0.5 1.0
0.7 0.726
0.5 0.545
0.7 0.894
1.9 0.906
1.5 0.896
1.6 0.857
2.1 0.906
1.2 0.906
1.2 1.0
1.3 0.878
0.2 0.766
0.7 1.0
1.5 0.842
0.9 0.89
1.7 0.825
0.0 0.5
0.0 0.821
0.2 0.646
1.2 0.5
1.1 0.667
0.8 0.8
0.6 0.79
1.2 0.0
0.2 0.667
0.6 0.667
0.3 0.45
0.4 0.778
0.3 0.0
0.2 0.75
0.1 0.794
0.3 0.757
0.8 0.881
1.1 0.846
0.9 0.862
1.0 0.862
1.0 0.837
1.4 0.867
0.5 0.412
0.0 0.543
0.0 0.65
0.0 0.604
0.0 0.2
1.6 0.788
1.2 0.865
2.1 0.881
2.0 0.804
1.5 0.821
1.1 0.821
1.1 0.848
1.5 0.852
1.4 0.746
1.3 0.725
1.0 0.476
0.6 0.0
0.3 1.0
0.2 1.0
0.4 0.667
0.3 0.587
0.5 0.429
0.1 0.767
0.2 0.731
0.1 0.535
0.0 0.583
0.0 0.65
0.0 0.639
0.0 0.579
0.0 0.579
0.0 0.875
0.0 0.929
0.0 0.6
0.0 0.867
0.0 0.781
0.0 0.781
0.0 0.714
0.0 0.682
0.6 0.754
0.2 0.737
0.1 0.664
0.2 0.712
0.5 0.712
0.5 0.737
1.5 0.706
0.7 0.75
0.4 0.857
0.5 0.726
0.0 0.456
0.0 0.562
0.0 0.619
0.0 0.582
0.0 0.582
0.0 0.545
0.0 0.59
0.1 0.85
1.1 0.769
1.0 0.778
1.3 0.684
0.9 0.684
0.9 0.78
0.9 0.733
0.4 0.636
0.2 0.791
0.4 0.772
1.2 0.8
1.1 0.8
1.1 0.802
1.5 0.847
0.0 0.602
0.0 0.556
0.0 0.618
0.0 0.581
0.4 0.581
0.4 0.67
0.2 0.673
0.0 0.5
0.0 0.795
0.3 0.755
0.8 0.804
1.3 0.79
1.6 0.79
1.6 0.78
1.9 0.731
0.0 0.702
0.0 0.738
0.1 0.726
0.0 0.782
0.0 0.782
0.0 0.718
1.1 0.772
0.8 0.793
1.2 0.811
1.2 0.864
0.0 0.67
0.0 0.617
0.0 0.528
0.0 0.487
0.0 0.487
0.0 0.559
0.0 0.617
0.1 0.657
0.0 0.786
0.0 0.512
0.0 0.5
0.0 0.636
0.0 0.68
0.0 0.828
0.1 0.828
0.1 0.714
0.6 0.5
0.0 0.649
0.0 0.688
0.0 0.669
0.0 0.669
0.0 0.669
0.0 0.709
0.0 0.615
1.0 0.562
0.5 0.642
0.0 0.636
0.0 0.833
0.0 0.833
0.3 0.725
0.7 0.802
1.4 0.807
2.2 0.864
2.3 0.727
1.5 0.727
1.5 0.86
2.6 0.898
0.1 0.521
0.0 0.66
0.1 0.715
0.2 0.728
0.1 0.728
0.1 0.727
0.2 0.76
0.3 0.75
0.6 0.695
0.5 0.832
0.8 0.827
1.4 0.816
1.1 0.812
1.6 0.812
1.6 0.824
1.8 0.844
0.4 0.583
0.2 1.0
0.1 0.612
0.2 0.63
0.1 0.655
0.7 0.583
0.0 0.583
0.0 0.667
0.0 0.0
0.0 1.0
0.1 1.0
0.0 0.789
0.0 0.618
0.0 0.86
1.1 0.875
1.0 0.875
1.0 0.81
1.3 0.706
0.8 0.771
1.0 0.792
1.3 0.804
1.2 0.804
1.2 0.652
1.3 0.647
0.0 0.784
0.0 0.66
0.0 0.798
0.7 0.785
1.1 0.823
1.2 0.795
0.9 0.795
0.9 0.815
1.0 0.816
0.0 0.739
0.0 0.689
0.0 0.657
0.0 0.75
0.0 0.75
0.0 0.74
0.0 0.741
0.0 0.684
0.0 0.769
0.0 0.754
0.0 0.718
0.0 0.718
0.0 0.716
0.0 0.808
0.0 0.0
1.6 0.781
1.5 0.865
1.3 0.895
1.3 0.867
0.9 0.867
0.9 0.855
1.0 1.0
0.5 0.75
0.0 0.702
0.0 0.762
0.7 0.704
0.8 0.788
1.3 0.788
1.3 0.853
1.3 0.717
0.0 0.743
0.0 0.744
0.0 0.747
0.0 0.837
0.0 0.837
0.0 0.8
0.0 0.643
0.0 0.0
0.0 0.0
0.3 0.623
0.3 0.787
1.0 0.808
0.7 0.74
1.2 0.74
0.0 0.701
0.0 0.583
0.0 0.474
0.0 0.618
0.0 0.473
0.0 0.5
0.0 0.5
0.0 0.671
0.0 0.693
0.0 0.871
0.0 0.707
0.0 0.707
0.0 0.826
0.0 0.636
0.1 0.7
0.1 0.429
0.2 0.564
0.0 0.596
0.3 0.596
0.3 0.693
0.7 0.706
0.0 0.691
0.0 0.73
0.0 0.699
0.0 0.75
0.0 0.75
0.0 0.813
0.0 0.818
0.0 0.471
0.1 0.652
0.8 0.711
1.1 0.627
0.3 0.627
0.3 0.784
0.4 0.615
0.2 0.676
0.2 0.74
0.7 0.813
0.6 0.752
0.4 0.752
0.4 0.827
0.2 0.825
0.0 0.754
0.0 0.748
0.0 0.638
0.0 0.778
0.0 0.778
0.1 0.579
0.4 0.821
0.7 0.805
1.1 0.88
1.4 0.758
1.6 0.758
1.6 0.846
0.8 0.667
0.5 0.789
0.0 0.804
0.2 0.805
1.3 0.785
0.8 0.785
0.8 0.791
1.5 0.801
0.0 0.417
0.0 0.717
0.0 0.66
0.0 0.702
0.0 0.702
0.0 0.63
0.0 0.697
0.0 0.4
0.0 0.4
0.0 0.521
0.0 0.517
0.0 0.583
0.0 0.583
0.0 0.628
0.0 0.534
0.8 0.734
0.2 0.727
0.3 0.713
0.5 0.748
0.6 0.822
1.0 0.822
1.0 0.752
1.0 0.769
0.0 0.803
0.5 0.769
1.0 0.834
1.1 0.834
1.1 0.832
1.0 0.865
0.3 0.65
0.4 0.779
0.7 0.716
0.7 0.716
0.7 0.8
0.7 0.8
0.3 0.0
0.0 0.613
0.0 0.65
0.0 0.691
0.0 0.691
0.0 0.613
0.0 0.693
1.3 0.859
0.9 0.905
0.8 0.956
0.2 0.956
0.2 0.8
0.7 0.0
0.7 0.5
0.7 0.784
1.2 0.0
0.7 0.0
0.7 0.667
0.5 0.5
0.2 0.714
0.4 0.7
0.1 0.752
0.6 0.807
0.5 0.788
1.3 0.788
1.3 0.831
1.1 0.841
0.1 0.5
0.1 1.0
1.4 0.855
1.8 0.861
1.7 0.863
2.1 0.863
2.1 0.885
1.6 0.905
0.3 0.839
0.3 0.893
1.0 0.83
0.9 0.83
0.9 0.864
1.5 0.868
0.1 0.545
0.0 0.618
0.1 0.857
0.2 0.823
0.2 0.734
0.2 0.734
0.2 0.764
0.4 0.77
0.0 0.795
0.0 0.73
0.0 0.782
0.2 0.782
0.2 0.797
0.1 0.786
1.6 0.733
1.6 0.802
1.5 0.874
2.0 0.874
2.0 0.852
2.3 0.857
0.1 0.6
0.6 0.825
1.1 0.802
1.0 0.802
1.0 0.802
1.0 0.874
1.8 0.88
0.1 0.462
0.0 0.787
0.5 0.627
0.1 0.627
0.1 0.762
0.6 0.867
0.0 0.5
0.2 0.0
0.2 0.563
0.6 0.865
0.8 0.806
0.7 0.806
0.7 0.738
0.8 0.688
0.4 0.797
0.9 0.765
0.7 0.6
0.2 0.6
0.2 0.629
0.8 0.77
0.2 0.649
0.5 0.654
0.4 0.444
0.2 0.444
0.1 0.564
1.1 0.761
1.2 0.628
1.4 0.628
1.4 0.749
1.4 0.784
0.7 0.732
0.5 0.792
0.4 0.763
0.7 0.763
0.7 0.735
0.7 0.837
0.0 0.529
0.0 0.767
0.2 0.677
1.0 0.729
2.0 0.742
1.8 0.72
2.0 0.72
2.0 0.684
1.7 0.814
0.8 0.799
0.5 0.802
0.5 0.803
0.6 0.803
0.6 0.847
0.8 0.891
0.1 0.636
0.8 0.766
1.1 0.746
1.0 0.672
1.1 0.672
1.1 0.784
0.8 0.789
0.7 0.571
0.1 0.72
0.1 0.8
0.3 0.6
0.2 0.779
0.8 0.779
0.8 0.75
0.0 0.623
0.0 0.4
0.0 0.513
0.0 0.513
0.0 0.412
0.3 0.714
0.0 0.768
0.0 0.594
0.0 0.5
0.0 0.5
0.1 0.75
0.0 0.667
1.3 0.882
1.5 0.85
1.8 0.868
1.9 0.868
1.9 0.871
2.0 0.909
0.0 0.729
0.0 0.5
0.0 0.727
0.1 0.727
0.1 0.857
0.7 0.843
0.0 0.625
0.0 0.0
0.1 0.692
0.0 0.692
1.7 0.841
2.6 0.795
2.8 0.879
3.1 0.879
3.1 0.873
3.5 0.853
0.0 0.608
0.0 0.693
0.0 0.641
0.0 0.641
0.0 0.616
0.0 0.498
0.0 0.667
0.0 0.542
0.0 0.308
0.0 0.339
0.1 0.683
0.0 0.766
0.0 0.752
0.0 0.752
0.0 0.753
0.0 0.669
1.0 0.798
1.3 0.837
1.5 0.827
1.4 0.827
1.4 0.847
2.2 0.847
0.6 0.706
0.8 0.718
0.3 0.684
0.7 0.684
0.7 0.758
0.6 0.652
0.0 0.0
0.0 0.4
0.0 0.66
0.1 0.784
0.3 0.784
0.3 0.735
0.3 0.75
0.6 0.718
0.8 0.72
1.1 0.72
1.1 0.761
1.2 0.861
0.1 0.813
0.2 0.787
0.4 0.787
0.4 0.806
1.4 0.753
0.0 0.905
0.0 0.865
0.0 0.865
0.0 0.764
0.0 0.84
0.2 0.606
0.6 0.6
0.6 0.6
0.6 0.815
1.5 0.708
1.6 0.788
1.9 0.783
1.7 0.783
1.7 0.767
1.9 0.825
0.9 0.814
1.6 0.75
2.1 0.75
2.1 0.682
1.7 0.768
0.5 0.909
0.1 0.0
0.6 0.0
1.1 0.714
0.8 0.733
1.0 0.733
1.0 0.857
0.8 0.754
0.6 0.773
0.7 0.773
0.7 0.82
1.7 0.811
0.3 0.813
0.1 0.538
0.2 0.538
0.2 0.655
0.0 0.791
0.0 0.805
0.0 0.805
0.0 0.758
0.6 0.802
0.4 0.886
0.0 0.418
0.0 0.389
0.0 0.389
0.0 0.355
0.0 0.386
0.6 0.756
1.2 0.728
1.5 0.728
1.5 0.836
2.0 0.805
0.0 0.69
0.0 0.84
0.0 0.84
0.2 0.833
0.2 0.667
0.7 0.66
1.4 0.66
1.4 0.696
1.2 0.709
0.4 0.594
0.7 0.537
0.2 0.537
0.2 0.622
0.5 0.621
0.0 0.514
0.0 0.569
0.0 0.569
0.0 0.59
0.0 0.692
0.0 0.545
0.0 0.87
0.0 0.87
0.9 1.0
0.3 0.842
0.9 0.842
0.9 0.833
0.4 1.0
0.7 0.731
0.0 0.0
0.0 0.667
0.4 0.649
0.3 0.649
0.3 0.605
0.4 0.606
0.4 0.606
0.4 0.664
0.5 0.606
0.0 0.614
0.0 0.701
0.0 0.701
0.0 0.69
0.4 0.784
0.0 0.5
0.3 0.806
0.4 0.797
1.1 0.891
0.8 0.891
0.8 0.727
0.8 0.853
0.0 0.762
0.0 0.938
0.9 0.938
0.9 0.761
1.4 0.875
2.3 0.871
2.7 0.864
2.4 0.864
2.4 0.892
3.1 0.895
0.5 0.528
1.3 0.889
0.6 0.889
0.6 0.692
0.5 0.861
1.5 0.859
1.4 0.859
1.4 0.888
1.8 0.88
0.4 0.806
0.6 0.0
0.0 0.0
0.0 0.709
0.6 0.727
0.3 0.727
0.5 0.604
0.3 0.602
0.7 0.602
0.7 0.642
0.4 0.51
0.0 0.8
0.0 0.825
0.4 0.6
0.3 0.6
0.3 0.785
0.7 0.643
0.0 0.687
0.0 0.772
0.2 0.772
0.2 0.767
0.1 0.771
0.0 0.561
0.0 0.478
0.0 0.478
0.0 0.576
0.0 0.641
0.7 0.917
1.0 0.854
0.9 0.854
0.9 0.875
0.5 0.636
0.5 0.675
0.5 0.675
0.5 0.681
0.9 0.691
0.8 0.94
0.9 0.892
0.9 0.892
0.9 0.894
0.3 0.846
0.0 0.564
0.0 0.528
0.0 0.528
0.0 0.431
0.0 0.47
0.9 0.837
2.0 0.786
1.8 0.786
1.8 0.79
1.8 0.831
0.0 0.681
0.0 0.671
0.0 0.671
0.0 0.658
0.0 0.78
0.8 0.792
1.0 0.792
1.0 0.794
0.8 0.875
0.1 0.375
1.1 0.756
0.5 0.807
1.1 0.807
0.0 0.744
0.0 0.774
0.1 0.774
0.1 0.833
0.9 0.826
1.1 0.769
1.2 0.769
1.2 0.659
0.4 0.765
0.0 0.778
0.8 0.744
0.9 0.744
0.9 0.64
0.4 0.5
0.7 0.553
0.7 0.634
0.4 0.634
0.2 0.8
0.1 0.743
0.7 0.71
1.9 0.717
1.6 0.717
1.6 0.774
2.3 0.778
0.0 0.762
0.0 0.786
0.0 0.786
0.0 0.761
0.0 0.811
0.0 0.519
1.0 0.685
1.3 0.68
0.9 0.68
0.9 0.713
1.1 0.646
0.3 0.0
0.1 0.641
0.6 0.667
1.2 0.667
1.2 0.541
0.0 0.719
0.0 0.823
0.0 0.823
0.0 0.815
0.0 0.564
0.0 0.502
0.0 0.502
0.0 0.582
0.0 0.611
0.5 0.741
0.1 0.741
0.1 0.724
0.4 0.77
1.1 0.715
0.8 0.715
0.9 0.809
0.7 0.809
0.7 0.771
1.4 0.863
0.3 0.641
0.1 0.641
0.1 0.9
0.2 0.722
0.0 0.4
1.0 0.4
0.1 0.632
0.2 0.632
0.2 0.75
0.5 0.667
0.4 0.667
0.4 0.933
0.6 0.714
1.6 0.752
1.6 0.752
1.6 0.817
1.4 0.759
0.4 0.9
1.2 0.9
0.3 0.533
0.2 0.533
0.7 0.696
1.9 0.696
1.9 0.811
1.5 0.832
0.8 0.817
1.9 0.817
1.9 0.833
2.3 0.909
0.8 0.694
0.5 0.694
0.5 0.654
0.3 0.753
0.5 1.0
0.3 1.0
0.3 0.824
0.5 0.759
0.6 0.82
2.4 0.82
2.4 0.791
2.5 0.822
0.4 0.75
0.6 0.75
0.6 0.867
1.4 0.847
0.5 0.0
0.0 0.0
0.0 0.833
1.1 0.85
2.4 0.846
0.9 0.846
0.9 0.556
1.4 0.796
0.2 1.0
0.9 1.0
0.0 0.649
0.3 0.649
0.0 0.531
0.0 0.531
0.0 0.75
0.0 0.699
0.8 0.763
1.0 0.763
1.0 0.864
1.3 0.854
0.0 0.783
0.0 0.783
0.0 0.827
0.1 0.814
0.2 0.0
0.3 0.0
0.0 0.623
0.0 0.623
0.0 0.569
0.0 0.653
0.1 0.735
0.3 0.735
0.3 0.674
0.4 0.786
0.2 0.692
0.0 0.692
0.0 0.909
0.4 0.83
0.2 0.83
0.3 0.824
0.8 0.824
0.8 0.857
0.4 0.805
0.6 0.828
0.4 0.828
0.2 0.763
0.5 0.763
0.5 0.929
0.8 0.832
0.9 0.832
0.9 0.685
0.1 0.833
0.0 1.0
0.0 1.0
0.3 0.782
0.5 0.782
0.5 0.776
0.3 0.727
0.6 0.727
0.0 0.702
0.0 0.702
0.0 0.728
0.0 0.721
0.6 1.0
0.4 1.0
0.5 0.679
0.5 0.679
0.5 0.8
0.8 0.699
0.9 0.699
0.9 0.827
2.5 0.912
1.2 0.813
1.7 0.813
1.7 0.718
1.0 0.753
0.2 0.0
0.0 0.0
0.1 0.717
0.5 0.717
0.5 0.764
0.5 0.774
0.1 1.0
0.0 1.0
0.0 0.88
0.2 0.88
0.2 0.795
0.2 0.766
0.9 0.819
1.2 0.819
1.2 0.83
1.4 0.753
0.6 0.684
1.0 0.684
1.0 0.75
1.2 0.732
0.0 0.375
0.0 0.375
0.0 0.495
0.0 0.495
0.0 0.642
0.0 0.58
0.1 0.734
0.5 0.734
0.5 0.754
1.3 0.832
0.4 0.673
0.3 0.673
0.3 0.52
0.0 1.0
0.0 1.0
0.1 0.479
0.3 0.479
0.3 0.611
0.5 0.423
0.2 0.827
0.7 0.827
0.7 0.791
1.0 0.855
0.7 0.8
1.0 0.8
1.0 0.909
0.9 0.81
0.9 0.708
1.6 0.708
1.6 0.719
1.9 0.655
0.0 0.68
0.0 0.68
0.0 0.729
0.0 0.75
0.3 0.333
0.0 0.333
0.0 0.774
0.0 0.774
0.0 0.754
0.0 0.679
0.3 0.609
0.3 0.6
0.0 0.481
0.1 0.643
0.1 0.747
0.2 0.789
0.0 0.8
0.0 0.875
0.0 0.0
0.0 0.0
0.0 0.551
0.0 0.422
0.0 0.752
1.2 0.821
1.2 0.833
1.6 0.893
1.2 0.753
0.4 0.825
0.4 0.755
0.3 0.0
0.3 0.0
0.2 0.0
0.0 0.174
0.0 0.379
0.0 0.531
0.3 0.5
0.0 0.0
0.6 0.829
0.6 0.804
1.4 0.798
0.0 0.429
0.5 0.833
0.5 0.0
0.3 0.0
0.4 0.912
0.4 0.576
0.1 0.792
0.2 0.6
0.3 0.667
0.6 0.75
0.6 0.75
0.5 0.84
0.5 0.735
1.2 0.782
0.4 0.714
0.4 0.735
0.3 0.84
1.0 0.625
0.5 0.476
0.5 0.716
0.3 0.76
1.4 0.808
1.4 0.754
0.9 0.797
0.3 0.721
0.3 0.668
0.5 0.719
0.0 0.5
0.8 0.591
0.8 0.658
0.5 0.612
0.3 0.833
0.3 1.0
0.0 0.8
0.0 0.752
0.2 0.802
1.1 0.861
1.1 0.781
0.4 0.745
0.4 0.82
1.4 0.776
0.6 0.6
0.6 0.0
0.2 0.714
1.2 0.763
1.2 0.86
2.0 0.783
0.9 0.75
0.9 0.722
1.0 0.735
0.0 0.574
0.0 0.667
0.1 1.0
0.2 0.68
0.6 0.681
0.6 0.797
0.8 0.768
1.0 1.0
1.0 0.896
1.3 0.843
0.0 1.0
0.1 0.643
0.1 0.899
0.2 0.63
0.7 0.842
0.7 0.793
1.5 0.836
0.0 0.0
0.3 0.313
0.3 0.417
0.0 0.56
0.0 0.531
0.0 0.5
0.7 0.752
0.7 0.8
0.2 0.842
0.4 0.667
0.4 0.857
1.4 0.845
0.0 0.625
0.0 0.4
0.2 1.0
0.6 0.674
0.6 0.722
0.1 0.5
1.2 0.803
1.2 0.807
2.0 0.773
0.0 0.0
0.0 0.5
0.8 0.786
0.8 0.733
0.6 0.776
0.0 0.609
0.0 0.59
0.0 0.694
0.0 0.5
0.0 0.533
0.0 0.657
0.0 0.636
0.0 0.616
0.0 0.571
0.0 0.444
0.0 0.675
0.0 0.833
0.7 0.722
0.7 0.643
0.2 0.697
0.2 0.768
0.1 0.743
0.0 0.652
0.0 0.654
0.2 0.737
0.1 0.551
0.1 0.589
0.4 0.692
0.1 0.758
0.1 0.739
0.0 0.759
0.0 0.0
0.0 0.715
0.1 0.723
1.0 0.696
1.0 1.0
0.5 0.0
0.4 0.67
0.4 0.656
1.4 0.646
1.4 0.777
1.0 0.812
0.2 0.923
0.2 0.615
0.7 0.859
0.7 0.771
1.5 0.813
0.3 0.5
0.0 0.536
0.0 0.5
0.0 0.5
0.2 0.692
0.2 0.745
0.1 0.638
0.1 0.737
0.1 0.703
0.6 0.773
0.0 0.0
0.2 0.769
0.1 0.783
0.1 0.5
0.5 0.76
0.5 0.761
0.7 0.76
0.3 1.0
0.3 0.75
0.4 1.0
0.5 0.552
0.5 0.25
0.2 0.667
1.2 0.81
1.5 0.825
0.4 0.791
0.8 0.738
1.3 0.832
0.7 0.0
0.0 0.669
0.0 0.724
0.1 0.778
0.0 0.559
0.6 0.889
0.0 0.645
0.3 0.89
0.0 0.628
0.1 0.5
0.8 0.8
0.5 0.75
0.1 0.751
0.2 0.699
0.3 0.529
0.8 0.0
0.5 0.0
0.9 0.679
0.4 0.825
0.4 0.767
0.8 0.756
0.2 0.618
0.6 0.722
0.0 0.81
0.0 0.8
0.4 0.811
0.5 0.6
0.5 0.794
0.0 0.59
0.0 0.571
1.1 0.784
0.0 0.738
0.8 0.889
0.0 0.671
0.4 0.758
0.3 0.667
0.6 0.625
0.3 0.661
1.1 0.786
0.7 0.792
0.0 0.557
1.0 0.779
0.2 0.773
1.6 0.782
0.3 0.75
0.0 0.0
0.6 0.0
0.4 0.832
0.1 0.809
0.6 0.4
0.0 0.688
0.0 0.625
0.4 0.617
0.2 0.733
0.2 0.764
0.2 0.733
