0.387 -3.2
0.374 -0.5
0.472 2.0
0.461 1.7
0.478 0.3
0.475 0.8
0.503 0.9
0.525 -2.1
0.474 -5.7
0.417 -2.1
0.47 -5.5
0.48 4.3
0.462 3.7
0.439 4.0
0.44 3.7
0.428 3.6
0.454 3.4
0.438 3.1
0.445 3.9
0.48 1.7
0.477 3.6
0.491 2.6
0.458 0.2
0.449 0.1
0.357 -3.3
0.346 -1.5
0.415 1.2
0.376 1.5
0.414 0.8
0.379 1.3
0.375 1.0
0.394 1.0
0.385 -3.7
0.4 -8.3
0.325 -7.5
0.416 0.9
0.404 2.5
0.427 0.3
0.376 -2.1
0.389 -1.5
0.356 1.0
0.429 -3.7
0.388 -0.3
0.436 -2.1
0.427 -2.6
0.441 -4.4
0.246 -6.9
0.446 -2.9
0.399 -0.8
0.462 -1.7
0.422 -1.0
0.452 -3.3
0.383 -2.7
0.412 3.0
0.419 1.2
0.409 1.9
0.395 -1.6
0.321 -2.9
0.336 1.1
0.414 -3.0
0.399 -0.1
0.466 -2.8
0.361 -2.5
0.397 -0.9
0.426 -1.6
0.394 -0.6
0.434 -4.0
0.344 -7.2
0.301 -5.8
0.477 -1.3
0.427 -3.5
0.411 -3.3
0.412 -3.1
0.407 -3.1
0.356 -6.5
0.382 -7.6
0.262 -6.1
0.404 -6.3
0.422 -2.8
0.485 -3.4
0.478 -1.5
0.481 -7.7
0.31 -2.8
0.364 -3.3
0.444 -4.0
0.494 5.8
0.508 2.9
0.458 2.9
0.504 2.0
0.423 2.7
0.452 3.9
0.475 3.6
0.481 -0.5
0.404 3.2
0.489 3.0
0.45 0.7
0.404 0.8
0.438 -2.8
0.537 0.1
0.541 -0.1
0.539 -2.4
0.443 -2.9
0.46 -1.3
0.507 -2.3
0.286 -3.7
0.429 -0.5
0.441 -2.5
0.409 -2.1
0.454 1.8
0.457 1.8
0.432 1.3
0.421 -0.4
0.437 -0.1
0.459 -1.9
0.409 -1.1
0.355 -2.7
0.43 -0.8
0.441 -3.8
0.472 -10.0
0.4 4.8
0.44 -1.7
0.44 -2.8
0.396 -3.4
0.372 -2.9
0.454 -0.4
0.453 1.0
0.47 2.1
0.45 2.3
0.443 1.0
0.432 0.1
0.404 -1.0
0.411 1.7
0.435 -0.2
0.416 -0.6
0.431 -2.5
0.422 1.5
0.423 4.2
0.421 3.4
0.394 3.8
0.442 4.7
0.418 4.4
0.427 6.1
0.448 2.5
0.418 3.1
0.418 1.9
0.427 -0.4
0.364 -0.2
0.402 -6.3
0.396 -5.7
0.442 -0.5
0.458 -0.7
0.485 -0.8
0.505 -3.4
0.421 -3.0
0.432 0.8
0.566 -1.2
0.529 -3.6
0.508 -3.2
0.509 -5.4
0.462 -9.0
0.476 -2.2
0.427 -3.5
0.437 -1.6
0.466 -2.1
0.454 -1.4
0.426 -1.4
0.47 -1.2
0.333 -7.3
0.465 -5.8
0.363 -0.1
0.389 1.5
0.466 1.0
0.42 1.1
0.42 1.9
0.433 0.5
0.405 0.4
0.407 -1.3
0.556 0.3
0.479 1.1
0.492 0.3
0.34 -2.1
0.423 -4.4
0.0 1.2
0.397 -4.4
0.4 -2.3
0.429 -2.0
0.419 -0.9
0.413 -2.1
0.41 -1.2
0.42 -7.1
0.49 1.3
0.479 4.3
0.536 2.2
0.473 -1.0
0.476 6.2
0.527 4.5
0.502 5.1
0.493 4.4
0.503 6.3
0.527 5.1
0.533 -1.5
0.456 -2.8
0.447 -1.1
0.48 2.4
0.512 2.9
0.494 0.4
0.473 0.5
0.539 -1.4
0.442 -1.4
0.442 -4.0
0.451 2.1
0.421 -3.8
0.364 -11.4
0.444 1.8
0.474 3.4
0.531 1.6
0.476 1.3
0.446 -0.3
0.461 -3.0
0.407 -0.5
0.422 -16.8
0.0 -3.6
0.333 -3.2
0.398 -3.2
0.46 -3.9
0.381 -2.6
0.376 -7.0
0.464 4.4
0.469 6.4
0.451 5.7
0.438 4.6
0.433 5.8
0.45 4.7
0.463 5.4
0.459 4.5
0.467 3.6
0.456 3.8
0.451 2.3
0.43 4.7
0.463 -5.9
0.425 0.3
0.373 0.3
0.373 -2.5
0.4 -0.1
0.455 -9.7
0.438 1.6
0.525 0.0
0.465 -3.8
0.377 2.7
0.528 1.7
0.434 -0.4
0.411 -3.2
0.385 -3.2
0.463 -2.5
0.432 -4.3
0.423 -5.9
0.488 -4.8
0.5 -4.8
0.524 0.1
0.448 2.0
0.41 4.1
0.477 3.4
0.465 3.8
0.465 5.3
0.473 4.8
0.45 1.8
0.512 4.5
0.475 2.3
0.398 3.0
0.446 -3.2
0.44 1.3
0.484 -2.0
0.397 -1.9
0.439 -7.3
0.323 0.0
0.462 -4.2
0.25 3.4
0.472 1.9
0.37 -1.9
0.414 3.0
0.494 -4.3
0.341 -0.8
0.385 -2.9
0.389 2.4
0.43 -3.7
0.406 -3.8
0.342 -5.3
0.356 -9.5
0.297 -4.2
0.407 -3.8
0.387 -13.2
0.375 -0.6
0.458 -1.8
0.433 -2.2
0.42 -2.8
0.425 -3.3
0.46 4.1
0.428 2.7
0.467 2.9
0.417 5.3
0.452 4.4
0.43 4.1
0.454 3.0
0.456 2.5
0.437 1.7
0.428 0.3
0.437 0.6
0.411 2.9
0.435 1.1
0.407 -1.4
0.333 -1.4
0.333 -1.2
0.388 1.0
0.474 2.3
0.463 2.6
0.47 4.3
0.488 0.6
0.464 1.8
0.443 -0.9
0.418 -1.9
0.577 -0.6
0.583 -1.0
0.52 1.2
0.447 0.7
0.539 -6.5
0.429 -8.3
0.333 -3.1
0.481 -1.2
0.499 -1.6
0.481 -5.3
0.426 -5.5
0.403 -4.7
0.328 -4.2
0.395 3.9
0.46 4.2
0.479 1.5
0.461 -1.6
0.392 -1.6
0.346 -5.3
0.48 -0.5
0.49 1.1
0.501 -5.5
0.4 -9.8
0.441 -15.8
0.261 -7.2
0.304 -4.1
0.357 -8.1
0.38 0.7
0.45 1.1
0.448 -2.0
0.413 -17.4
0.381 -5.7
0.384 -6.3
0.333 -8.7
0.38 -5.3
0.432 -5.8
0.472 -3.0
0.479 -8.1
0.452 -5.0
0.467 4.8
0.615 -2.0
0.352 -2.2
0.476 -1.0
0.413 1.1
0.386 0.8
0.398 0.7
0.416 -0.6
0.4 -0.2
0.41 -1.7
0.41 0.8
0.449 -2.0
0.421 -1.7
0.384 -0.6
0.438 0.2
0.416 -1.0
0.396 -1.0
0.396 -2.6
0.404 -3.0
0.394 -1.1
0.413 0.0
0.411 0.1
0.388 -0.3
0.378 2.0
0.463 -2.4
0.351 -1.7
0.445 -2.9
0.338 -1.6
0.471 -7.0
0.344 -3.4
0.424 -3.4
0.455 -2.8
0.453 -2.3
0.402 -5.6
0.388 -2.5
0.401 -1.9
0.435 0.1
0.496 1.4
0.535 0.8
0.55 1.0
0.493 2.0
0.626 3.4
0.643 2.9
0.65 0.7
0.624 0.3
0.584 -2.8
0.468 0.2
0.44 -0.9
0.452 0.3
0.47 1.0
0.438 -1.5
0.418 -2.6
0.442 -1.2
0.459 -5.0
0.433 -0.1
0.426 -2.1
0.407 -2.1
0.403 -0.2
0.461 -3.6
0.427 4.2
0.417 2.7
0.416 5.6
0.395 4.7
0.387 3.2
0.389 3.4
0.439 3.6
0.426 -0.5
0.37 1.5
0.406 0.7
0.417 -3.3
0.497 2.4
0.51 2.4
0.541 0.6
0.473 0.8
0.479 -2.7
0.375 0.5
0.418 -3.3
0.354 -5.3
0.453 -2.0
0.448 -3.7
0.392 -9.1
0.414 -1.8
0.481 -0.3
0.41 -0.2
0.469 -1.1
0.462 0.0
0.448 0.9
0.465 -1.2
0.433 -5.7
0.339 -5.1
0.554 -2.4
0.45 -1.4
0.534 -1.2
0.477 -6.0
0.453 -19.9
0.415 -0.7
0.384 0.2
0.416 -1.3
0.38 -2.3
0.416 -0.9
0.434 -4.7
0.417 -6.4
0.313 -2.1
0.482 3.3
0.472 2.9
0.466 1.1
0.47 -2.4
0.417 -5.4
0.417 -5.6
0.426 -2.6
0.435 -3.4
0.447 -4.4
0.42 -3.6
0.469 -4.1
0.409 -7.9
0.386 -4.4
0.389 -4.8
0.389 -3.7
0.403 -3.3
0.44 -2.4
0.41 -1.8
0.468 -1.1
0.436 -4.2
0.398 -2.2
0.397 -3.9
0.405 -4.7
0.379 -1.5
0.429 -4.7
0.296 -9.9
0.397 -3.7
0.4 -6.9
0.499 7.6
0.508 7.4
0.513 7.3
0.501 6.4
0.496 4.6
0.484 7.1
0.546 4.7
0.497 4.6
0.504 5.6
0.518 3.8
0.5 2.4
0.492 4.1
0.502 3.2
0.49 5.5
0.512 5.5
0.512 4.1
0.393 -5.1
0.337 -0.2
0.417 -2.7
0.368 -5.3
0.398 -5.0
0.395 -7.4
0.464 -1.5
0.418 -4.0
0.46 -2.4
0.42 1.5
0.43 -5.1
0.475 0.6
0.429 -4.2
0.458 1.0
0.463 1.6
0.425 2.3
0.443 1.0
0.427 -0.4
0.412 -0.4
0.412 -1.0
0.414 -0.5
0.437 -2.6
0.412 0.8
0.411 -0.9
0.437 -1.4
0.352 -1.0
0.393 0.5
0.41 -1.6
0.382 -0.3
0.436 0.6
0.424 -0.8
0.38 -1.2
0.389 -3.0
0.371 -4.1
0.342 -0.5
0.43 -3.7
0.438 -2.4
0.465 -5.6
0.383 -3.5
0.455 -7.4
0.58 -1.8
0.428 -3.3
0.37 -2.8
0.511 -2.9
0.522 -7.4
0.529 -10.0
0.421 -13.2
0.222 -7.9
0.469 0.2
0.449 -0.5
0.36 3.1
0.544 0.6
0.519 2.0
0.552 0.9
0.469 2.5
0.55 1.6
0.501 -1.3
0.478 2.1
0.479 1.1
0.444 0.6
0.421 -0.4
0.422 -1.8
0.416 -1.2
0.444 1.5
0.536 -1.7
0.454 0.4
0.502 -0.6
0.507 0.8
0.565 -2.0
0.458 0.5
0.451 2.9
0.417 4.9
0.435 2.5
0.403 2.2
0.423 0.1
0.435 0.7
0.408 -2.0
0.496 -2.8
0.469 -4.3
0.477 6.7
0.47 8.7
0.502 9.9
0.499 9.7
0.502 7.9
0.526 5.0
0.476 7.4
0.539 4.0
0.531 2.6
0.521 4.0
0.528 3.6
0.503 1.0
0.496 -1.9
0.441 -0.2
0.467 -0.2
0.467 0.0
0.481 -6.7
0.387 0.1
0.426 -0.1
0.419 -11.6
0.333 -4.0
0.402 -2.2
0.417 -3.9
0.314 -6.0
0.449 -4.6
0.393 -13.7
0.309 0.7
0.411 -1.3
0.39 0.1
0.408 -3.2
0.356 -0.8
0.4 -0.6
0.395 -2.9
0.357 -1.8
0.38 -0.6
0.39 -5.8
0.331 -3.7
0.384 -2.5
0.422 -3.5
0.392 -0.2
0.42 -2.8
0.421 -1.7
0.427 -3.1
0.39 0.5
0.389 -8.6
0.479 0.3
0.469 0.9
0.509 -1.4
0.471 -2.6
0.493 -5.9
0.462 0.4
0.513 -3.3
0.52 -1.0
0.34 2.4
0.499 0.9
0.433 -3.0
0.278 0.3
0.36 2.3
0.48 0.3
0.473 -3.0
0.392 -1.5
0.422 -3.1
0.455 -2.5
0.345 -2.4
0.406 -4.7
0.361 -22.4
0.488 -2.1
0.569 -5.4
0.447 -1.6
0.493 -3.8
0.438 -1.8
0.435 -0.3
0.443 1.3
0.455 0.4
0.44 0.2
0.491 1.1
0.468 2.5
0.484 -0.1
0.447 -2.5
0.409 -2.5
0.429 -2.1
0.452 -5.5
0.222 -5.9
0.42 -12.6
0.4 -2.5
0.537 -4.4
0.344 -9.6
0.417 0.0
0.418 0.0
0.447 -1.9
0.411 -3.3
0.423 -7.8
0.392 -1.5
0.365 0.2
0.454 -0.6
0.461 2.4
0.511 0.1
0.471 0.7
0.489 -0.6
0.475 -0.8
0.491 -1.5
0.5 -3.0
0.444 -1.2
0.475 -1.8
0.434 0.4
0.463 -1.3
0.459 -1.1
0.452 -0.8
0.457 -0.1
0.434 -1.1
0.439 -1.9
0.435 -1.1
0.416 -0.5
0.446 -3.8
0.351 -4.6
0.487 -2.6
0.527 -2.0
0.508 -3.9
0.495 -0.8
0.512 -4.4
0.495 -8.1
0.446 -9.0
0.425 0.1
0.464 -1.4
0.413 -3.0
0.404 -4.1
1.0 1.9
0.464 -3.0
0.333 -8.8
0.571 -1.0
0.498 -2.5
0.446 -4.8
0.443 10.2
0.444 -3.3
0.509 -3.0
0.468 -3.3
0.476 -0.3
0.527 -2.4
0.516 0.6
0.389 -4.5
0.442 -0.8
0.426 1.6
0.474 -4.5
0.39 -3.4
0.422 -6.4
0.438 -1.3
0.416 -1.7
0.389 1.9
0.465 3.2
0.387 4.1
0.398 2.0
0.387 3.3
0.405 3.5
0.419 3.2
0.384 2.8
0.359 0.9
0.421 -2.7
0.399 -2.3
0.387 -2.1
0.359 -1.3
0.451 -2.4
0.422 -2.1
0.428 0.8
0.409 2.0
0.445 -3.2
0.38 -1.2
0.449 -0.7
0.437 0.2
0.445 -1.4
0.435 -3.5
0.479 -0.6
0.46 1.2
0.45 -2.8
0.453 -1.2
0.451 -2.3
0.459 -1.8
0.465 -4.9
0.359 -3.9
0.51 -1.7
0.509 -4.1
0.44 -8.9
0.309 -7.7
0.336 -3.1
0.434 -1.0
0.428 -4.2
0.386 -4.0
0.401 -4.6
0.381 -4.7
0.379 -8.7
0.383 -0.4
0.423 0.4
0.467 -0.1
0.397 4.1
0.43 -0.3
0.409 -0.5
0.4 -2.1
0.381 -1.1
0.402 -2.2
0.381 -1.9
0.382 -4.1
0.351 -0.7
0.343 -1.3
0.358 -1.7
0.37 -1.4
0.385 -2.7
0.344 -4.2
0.329 -10.1
0.487 -2.2
0.425 -0.9
0.441 1.7
0.483 1.0
0.468 1.8
0.506 2.0
0.485 -0.1
0.474 -0.9
0.472 -3.2
0.443 -1.5
0.42 3.8
0.398 2.8
0.414 2.5
0.387 4.3
0.424 3.5
0.447 0.8
0.442 1.6
0.458 -0.7
0.417 -4.2
0.439 1.3
0.443 2.4
0.464 1.0
0.444 -0.2
0.427 0.1
0.382 0.1
0.394 -0.1
0.403 -2.2
0.4 -4.4
0.378 -0.4
0.442 -1.3
0.442 1.6
0.424 0.3
0.426 -7.0
0.467 -6.2
0.366 -3.7
0.438 -2.9
0.415 -3.1
0.465 -4.4
0.472 -4.6
0.419 0.4
0.439 -3.7
0.398 -4.9
0.425 -4.5
0.374 1.7
0.435 0.8
0.425 0.4
0.403 0.2
0.411 -0.6
0.433 0.1
0.405 0.2
0.414 0.8
0.423 -0.2
0.411 -1.6
0.374 -2.4
0.373 -5.9
0.308 -9.4
0.442 -0.2
0.447 0.3
0.47 1.4
0.535 -1.2
0.437 0.0
0.442 0.9
0.45 0.3
0.436 0.7
0.468 -0.5
0.461 -0.9
0.427 -1.1
0.403 -1.1
0.464 -6.0
0.349 -1.4
0.411 -2.4
0.446 -0.5
0.406 0.1
0.445 -0.3
0.443 -4.1
0.414 -3.0
0.437 -1.3
0.404 -0.8
0.447 -4.2
0.479 -5.4
0.42 -6.6
0.374 -0.9
0.545 -2.5
0.461 -0.8
0.452 -0.2
0.534 -3.0
0.519 -8.3
0.409 -2.3
0.401 -1.4
0.381 -1.9
0.401 2.5
0.456 -1.1
0.387 -2.1
0.386 -2.2
0.416 -5.5
0.445 4.2
0.432 4.7
0.423 2.3
0.409 2.4
0.428 3.0
0.404 0.7
0.422 -0.3
0.444 0.0
0.448 -1.3
0.434 -4.1
0.344 -0.4
0.432 -1.2
0.405 -7.9
0.392 0.8
0.437 -5.6
0.387 -13.0
0.407 -3.3
0.43 -4.0
0.421 -3.0
0.47 -1.7
0.411 5.1
0.391 6.9
0.414 4.5
0.384 5.6
0.398 5.5
0.404 5.0
0.406 2.8
0.385 4.5
0.416 4.3
0.423 3.1
0.361 2.5
0.363 4.4
0.375 -3.3
0.422 -4.6
0.425 -1.4
0.427 -0.7
0.422 0.2
0.399 -2.4
0.419 -3.0
0.404 -3.4
0.189 -6.5
0.363 -3.2
0.473 -0.4
0.419 2.5
0.432 1.8
0.417 0.4
0.41 -1.1
0.503 1.2
0.464 2.6
0.494 0.1
0.465 1.6
0.477 2.6
0.458 2.7
0.518 1.5
0.46 2.5
0.496 0.3
0.431 -4.5
0.382 -0.7
0.431 -2.8
0.374 -6.3
0.392 -5.4
0.401 -14.6
0.397 -1.7
0.41 -1.5
0.402 -1.4
0.422 -3.5
0.385 -3.7
0.407 -4.1
0.48 2.9
0.468 0.9
0.452 1.4
0.435 2.8
0.462 2.5
0.467 3.3
0.461 4.0
0.455 4.2
0.439 2.7
0.435 0.2
0.433 -3.0
0.385 -3.2
0.414 0.1
0.0 -1.8
0.278 -8.2
0.5 -7.7
0.2 -3.7
0.423 -5.3
0.0 -11.8
0.0 -2.6
0.492 -9.1
0.439 -3.7
0.426 -5.6
0.441 -4.2
0.427 -2.0
0.427 -1.9
0.433 -2.7
0.433 -2.8
0.451 -2.8
0.459 -3.2
0.416 -3.8
0.447 -3.4
0.445 -1.4
0.369 1.0
0.409 -1.3
0.397 -2.6
0.589 2.0
0.531 -1.6
0.487 0.6
0.452 -2.5
0.423 -1.2
0.495 -1.6
0.515 -3.4
0.409 -3.5
0.535 -7.9
0.158 -6.4
0.462 -0.6
0.443 -0.2
0.444 1.8
0.447 1.7
0.431 -0.4
0.445 0.2
0.454 1.4
0.458 -2.6
0.461 -1.0
0.516 -2.7
0.453 -5.2
0.373 -5.9
0.45 -1.3
0.551 0.0
0.48 -1.6
0.473 -3.9
0.432 -4.3
0.467 -4.7
0.504 -12.2
0.327 -3.4
0.496 -7.0
0.5 -2.7
0.591 -7.3
0.336 0.4
0.498 3.7
0.454 4.5
0.462 2.4
0.494 -1.2
0.477 3.8
0.441 0.8
0.442 2.4
0.439 2.2
0.431 3.4
0.462 -0.3
0.451 0.1
0.415 -1.7
0.419 -7.3
0.48 2.6
0.469 5.5
0.452 3.8
0.44 4.9
0.476 5.3
0.525 5.5
0.524 4.5
0.508 1.1
0.485 0.4
0.508 1.2
0.52 1.1
0.446 2.8
0.514 1.1
0.482 -1.3
0.446 -1.3
0.503 1.9
0.519 1.8
0.459 3.2
0.461 3.9
0.443 -0.7
0.395 0.2
0.424 -3.5
0.327 3.3
0.382 -16.9
0.445 0.9
0.463 1.2
0.47 1.9
0.488 1.6
0.49 -0.2
0.495 -10.2
0.5 0.1
0.538 0.9
0.491 0.2
0.456 1.8
0.511 -1.5
0.441 0.5
0.602 1.1
0.512 -0.8
0.409 -0.8
0.413 0.3
0.407 2.0
0.422 -3.8
0.482 0.3
0.505 -0.9
0.431 -1.6
0.464 -1.1
0.449 -0.3
0.472 -1.4
0.443 -5.5
0.399 -3.5
0.452 -2.6
0.482 -4.9
0.435 -6.5
0.462 -5.3
0.456 -4.7
0.448 -4.8
0.475 -4.3
0.357 -1.1
0.444 -0.3
0.414 -0.3
0.388 -1.8
0.404 -4.3
0.382 -2.3
0.523 -3.5
0.571 -4.5
0.491 -13.3
0.0 -7.7
0.495 2.1
0.457 6.0
0.451 9.7
0.457 5.8
0.417 6.8
0.431 4.8
0.406 6.2
0.431 2.4
0.419 1.4
0.388 -3.3
0.387 -0.3
0.442 -1.7
0.463 -1.5
0.413 -5.1
0.444 -1.7
0.447 -2.5
0.412 -5.0
0.441 -6.5
0.392 -6.1
0.441 0.4
0.473 1.4
0.449 1.4
0.429 1.3
0.459 -0.9
0.43 -3.7
0.25 -4.2
0.48 -1.1
0.477 -7.6
0.434 -2.2
0.441 -6.2
0.455 -13.8
0.5 -8.1
0.446 -5.1
0.397 -4.2
0.409 -5.7
0.427 -6.2
0.442 -6.1
0.42 -4.9
0.404 -3.9
0.488 -2.2
0.507 -1.4
0.505 0.5
0.481 -3.6
0.41 -0.3
0.485 -1.1
0.482 -4.2
0.452 3.4
0.454 -0.5
0.406 2.8
0.457 1.0
0.477 0.5
0.463 0.5
0.466 1.7
0.492 2.8
0.473 1.6
0.445 1.1
0.46 -0.8
0.438 -0.1
0.479 -1.8
0.459 -3.0
0.5 -3.0
0.5 -2.9
0.435 2.9
0.499 3.8
0.493 4.3
0.51 4.5
0.524 2.8
0.495 -0.1
0.453 2.6
0.463 1.2
0.476 -0.8
0.43 1.7
0.446 -2.2
0.436 0.2
0.438 -0.7
0.434 1.1
0.438 3.0
0.505 2.6
0.466 2.1
0.46 1.4
0.502 1.4
0.482 2.0
0.501 -0.6
0.401 -0.6
0.435 0.6
0.433 0.1
0.481 -3.0
0.325 -3.0
0.325 -2.7
0.355 -4.1
0.44 2.9
0.453 1.9
0.441 2.9
0.438 1.0
0.372 -2.6
0.417 -2.8
0.408 -4.6
0.434 0.7
0.438 1.3
0.434 1.8
0.426 -0.1
0.438 0.3
0.426 -0.4
0.44 -1.5
0.433 -5.1
0.477 -4.1
0.461 -6.6
0.421 -1.9
0.521 -1.4
0.48 -1.0
0.504 -1.8
0.532 -0.9
0.515 -6.5
0.406 -0.7
0.553 -3.3
0.522 -2.2
0.467 -2.8
0.367 -3.3
0.429 -5.3
0.433 -5.3
0.433 -13.2
0.4 -7.1
0.4 -1.2
0.52 -3.5
0.476 -7.2
0.406 -5.6
0.493 -1.4
0.475 -0.2
0.385 -1.4
0.505 -1.5
0.502 -4.8
0.435 0.1
0.609 -0.8
0.577 -2.2
0.553 -1.9
0.444 -5.3
0.518 1.1
0.423 -0.1
0.379 -2.7
0.411 -7.8
0.324 -9.0
0.484 1.3
0.501 -2.7
0.374 -0.1
0.478 -1.0
0.498 -2.4
0.526 -0.5
0.556 -0.4
0.538 -6.7
0.25 -4.4
0.6 -3.3
0.448 -7.6
0.391 -3.2
0.485 -2.0
0.483 -5.4
0.442 -5.0
0.45 -2.5
0.478 -3.5
0.523 1.1
0.5 2.7
0.558 -0.8
0.444 -1.8
0.45 -0.3
0.422 1.8
0.576 1.4
0.473 -3.8
0.446 -1.3
0.425 -3.1
0.361 -1.8
0.487 2.3
0.483 3.3
0.465 1.0
0.47 1.7
0.502 3.7
0.512 3.8
0.532 1.6
0.504 0.0
0.503 1.8
0.507 0.6
0.492 -0.5
0.532 -1.1
0.497 -6.2
0.357 0.4
0.461 -0.1
0.493 0.6
0.525 2.9
0.469 1.4
0.46 -0.1
0.515 1.2
0.546 1.1
0.55 -0.8
0.513 -0.4
0.382 -0.3
0.498 -0.9
0.495 -4.0
0.391 -2.3
0.429 -4.5
0.298 -0.5
0.432 -3.3
0.419 -1.6
0.446 -2.1
0.398 -2.4
0.406 -3.4
0.369 -6.0
0.321 -3.5
0.474 4.7
0.477 5.7
0.463 3.4
0.462 5.7
0.459 5.7
0.48 6.7
0.502 5.2
0.479 1.2
0.479 2.6
0.481 3.8
0.517 1.8
0.457 1.7
0.471 3.3
0.497 0.7
0.459 0.7
0.459 0.9
0.448 -1.3
0.465 0.2
0.479 2.6
0.484 1.8
0.434 -0.6
0.452 1.9
0.472 0.4
0.436 -2.0
0.439 -1.1
0.474 0.0
0.529 -3.0
0.459 -1.7
0.433 -2.0
0.482 -1.3
0.572 7.0
0.579 6.3
0.574 5.4
0.584 5.6
0.601 2.6
0.6 0.9
0.591 -0.7
0.593 2.0
0.609 -0.5
0.566 1.5
0.388 -3.6
0.369 -1.3
0.418 -6.3
0.46 0.4
0.419 0.3
0.439 3.2
0.43 1.6
0.473 3.4
0.481 1.7
0.468 3.8
0.525 2.9
0.492 3.1
0.463 3.7
0.53 -3.1
0.352 1.2
0.498 0.1
0.396 -3.6
0.388 -2.4
0.451 -3.2
0.37 -6.3
0.355 -4.3
0.431 -5.1
0.433 -4.6
0.42 -3.8
0.407 -3.5
0.435 -3.1
0.433 -3.9
0.427 -3.1
0.425 -4.0
0.456 -5.2
0.446 -4.8
0.495 0.5
0.453 0.4
0.518 2.4
0.476 -1.8
0.44 0.3
0.614 1.7
0.555 1.9
0.55 2.0
0.51 -1.2
0.353 0.4
0.603 1.5
0.667 -11.6
0.374 -7.4
0.486 -5.7
0.537 -4.6
0.425 -4.5
0.368 -2.9
0.403 -5.7
0.419 0.9
0.476 -0.6
0.402 0.1
0.443 1.5
0.421 0.4
0.353 -5.2
0.472 -4.6
0.383 -4.3
0.418 -6.3
0.349 -4.0
0.446 -5.1
0.489 -5.3
0.361 -1.3
0.503 -5.2
0.494 1.9
0.515 -0.1
0.492 0.9
0.506 0.6
0.531 -1.0
0.515 1.5
0.548 -2.6
0.456 4.6
0.467 3.2
0.454 2.1
0.471 -0.3
0.468 -0.2
0.42 -3.5
0.421 -0.3
0.421 -0.4
0.414 -1.0
0.448 -3.6
0.414 10.3
0.464 -8.7
0.438 1.9
0.495 -0.3
0.456 -3.2
0.401 -1.2
0.431 1.2
0.438 -1.1
0.392 0.7
0.405 1.0
0.42 1.0
0.436 -0.7
0.429 -0.1
0.417 -4.3
0.399 -2.8
0.385 -7.3
0.433 0.9
0.439 0.2
0.471 -3.0
0.377 -0.1
0.43 -3.9
0.393 -4.4
0.36 -3.8
0.454 4.9
0.442 4.2
0.416 2.1
0.402 4.3
0.455 4.3
0.471 3.4
0.439 4.7
0.464 2.5
0.457 2.7
0.472 4.7
0.497 4.4
0.443 3.4
0.436 1.5
0.451 1.5
0.447 1.5
0.447 -2.8
0.363 -4.4
0.451 2.2
0.411 2.0
0.444 -0.8
0.468 2.0
0.55 -1.4
0.46 -1.6
0.412 -0.8
0.473 0.8
0.455 -3.0
0.423 -1.0
0.437 -4.7
0.448 0.8
0.412 0.7
0.376 0.7
0.411 4.6
0.478 0.5
0.357 1.4
0.403 1.8
0.431 2.9
0.418 -0.3
0.412 -0.7
0.365 -2.0
0.315 -8.9
0.333 -9.5
0.476 -3.1
0.455 -7.0
0.441 -3.6
0.489 -1.6
0.517 -5.7
0.521 -28.6
0.273 -5.2
0.343 -1.3
0.535 -1.3
0.391 -5.8
0.36 1.2
0.598 0.8
0.548 -1.0
0.474 -1.3
0.576 0.4
0.625 -1.9
0.523 -4.7
0.568 -5.3
0.458 -5.6
0.499 -5.2
0.5 0.0
0.464 1.4
0.485 -0.5
0.447 -0.5
0.571 -4.4
0.333 -0.2
0.482 1.0
0.531 -0.4
0.461 -1.8
0.333 -12.2
0.263 0.6
0.483 2.5
0.469 2.2
0.44 -0.1
0.441 2.4
0.45 0.5
0.465 0.5
0.442 1.1
0.455 -2.1
0.352 -5.1
0.4 -4.2
0.566 -3.2
0.474 -19.5
0.44 -4.2
0.389 -1.0
0.429 -5.5
0.442 1.4
0.432 -3.5
0.372 -0.8
0.398 1.9
0.389 -1.6
0.355 0.9
0.418 -2.7
0.359 -1.5
0.393 2.0
0.431 -1.6
0.341 -1.2
0.376 -13.2
0.407 -4.0
0.426 -3.4
0.422 0.2
0.425 0.8
0.398 -0.8
0.387 -1.6
0.386 -1.7
0.427 -4.2
0.486 3.9
0.507 2.1
0.531 -4.1
0.453 -0.6
0.492 -3.9
0.468 -0.4
0.467 -1.0
0.432 -2.5
0.448 -2.9
0.364 -14.9
0.682 -1.5
0.43 1.3
0.471 -0.6
0.402 0.8
0.41 -3.0
0.428 -4.7
0.418 -3.4
0.421 -6.3
0.457 0.6
0.455 -0.8
0.406 -2.1
0.402 -0.8
0.455 -2.5
0.423 -1.1
0.435 -1.2
0.463 -0.2
0.459 -1.0
0.428 -2.3
0.449 -2.7
0.374 -3.6
0.398 -7.2
0.367 -7.3
0.444 -3.8
0.44 -0.9
0.38 -1.2
0.353 -0.4
0.402 0.8
0.377 -3.9
0.478 -6.7
0.415 -3.3
0.399 -0.9
0.353 -3.7
0.398 -1.9
0.543 -1.3
0.55 -1.1
0.497 0.0
0.507 -2.1
0.513 -2.8
0.49 -2.6
0.465 -3.8
0.449 -10.4
0.4 -6.0
0.0 -16.1
0.514 -4.0
0.467 -1.9
0.5 -2.8
0.403 0.7
0.511 -0.9
0.46 0.7
0.439 -0.2
0.514 -2.1
0.475 -2.9
0.449 -2.1
0.478 -1.9
0.468 -4.9
0.399 -10.0
0.456 1.3
0.455 -1.0
0.388 -3.6
0.406 -1.4
0.418 0.1
0.442 0.9
0.452 -1.2
0.413 -3.6
0.382 -2.6
0.409 -3.0
0.417 -7.4
0.6 -6.1
0.43 -0.5
0.404 0.5
0.403 -0.5
0.409 -2.5
0.402 0.7
0.397 0.7
0.409 -3.5
0.399 -1.0
0.414 -1.8
0.401 0.1
0.428 -1.3
0.405 -8.3
0.267 -2.2
0.408 -6.6
0.25 -4.2
0.37 -4.1
0.398 -5.9
0.318 -3.3
0.47 -3.5
0.433 -2.1
0.341 -4.9
0.385 -6.7
0.401 -3.5
0.432 -5.9
0.408 -2.6
0.46 -1.7
0.461 -0.4
0.386 -4.7
0.312 -5.0
0.282 -0.3
0.388 -4.5
0.285 -1.5
0.324 -3.6
0.348 -6.2
0.378 -6.4
0.417 -0.8
0.401 -2.7
0.504 3.3
0.517 2.0
0.47 2.7
0.484 3.1
0.481 3.7
0.48 1.3
0.444 1.2
0.437 -1.9
0.423 1.8
0.44 -0.6
0.399 -1.0
0.404 0.6
0.434 0.6
0.402 -1.9
0.376 0.6
0.401 1.1
0.392 -0.6
0.397 -2.6
0.391 -4.1
0.303 -1.0
0.389 -1.0
0.429 -0.6
0.403 -4.4
0.431 -4.7
0.446 -12.4
0.424 -0.4
0.443 -2.2
0.432 -3.2
0.425 -7.7
0.488 -7.2
0.4 -10.2
0.25 -19.4
0.4 -12.9
0.39 1.0
0.424 -0.6
0.412 1.8
0.416 2.5
0.451 -1.5
0.48 -0.9
0.481 -0.1
0.469 -1.1
0.449 -3.4
0.491 -4.2
0.465 -3.4
0.509 -8.6
0.51 1.9
0.508 1.4
0.481 -2.0
0.449 0.8
0.506 1.0
0.487 -2.7
0.415 -2.6
0.431 -0.2
0.436 3.2
0.43 1.4
0.428 0.9
0.417 3.0
0.501 2.9
0.47 3.7
0.484 2.7
0.467 2.5
0.463 0.8
0.438 0.6
0.451 0.9
0.43 -0.6
0.434 -4.2
0.362 -0.4
0.422 -0.4
0.422 -2.8
0.402 -1.1
0.443 0.1
0.478 0.2
0.465 0.6
0.469 -1.1
0.47 0.7
0.505 -1.8
0.482 -5.9
0.421 -2.0
0.375 -1.1
0.511 -0.3
0.494 0.9
0.483 0.3
0.473 0.0
0.471 -1.2
0.486 -2.2
0.486 0.4
0.492 1.1
0.503 -0.8
0.476 1.1
0.511 -1.3
0.465 0.4
0.43 -2.4
0.42 -2.0
0.443 0.2
0.446 -2.2
0.439 -3.1
0.431 0.5
0.414 -0.6
0.413 -2.5
0.432 -0.4
0.497 -1.4
0.426 1.1
0.443 -0.6
0.505 -1.5
0.438 -0.9
0.507 -0.1
0.535 -2.9
0.47 -3.2
0.475 -3.8
0.452 -2.3
0.504 -1.5
0.5 -0.9
0.606 -5.7
0.412 0.1
0.422 -2.2
0.422 2.2
0.406 -0.8
0.419 2.3
0.454 1.1
0.419 3.3
0.456 2.1
0.413 1.0
0.409 2.7
0.446 0.1
0.415 -7.3
0.264 0.2
0.385 -0.9
0.441 -0.9
0.414 0.7
0.409 -0.3
0.412 -2.4
0.39 -1.8
0.381 -2.8
0.435 0.2
0.433 0.0
0.482 1.6
0.454 -0.2
0.456 -1.5
0.433 -2.8
0.47 -4.1
0.448 -6.2
0.386 -4.5
0.449 -4.6
0.437 -3.2
0.425 -4.8
0.428 -7.5
0.44 -2.3
0.554 -0.2
0.564 -1.1
0.507 -2.2
0.458 -2.7
0.437 -2.6
0.475 -4.7
0.463 -7.9
0.413 3.0
0.394 0.3
0.388 1.7
0.428 -0.4
0.422 0.0
0.435 -3.1
0.397 -2.9
0.48 0.6
0.512 -2.6
0.42 -5.3
0.384 -6.6
0.355 -12.3
0.49 5.9
0.531 5.1
0.481 5.1
0.421 3.8
0.453 5.8
0.51 5.7
0.453 1.5
0.392 3.0
0.445 3.9
0.541 1.8
0.45 0.8
0.424 -4.3
0.501 2.6
0.469 2.4
0.471 1.9
0.436 1.4
0.44 3.5
0.43 2.3
0.423 4.0
0.432 1.4
0.419 0.3
0.416 0.9
0.373 2.1
0.399 1.0
0.41 -0.6
0.501 -0.8
0.418 0.5
0.449 -0.7
0.493 -3.3
0.481 6.2
0.495 3.8
0.461 -0.3
0.413 1.0
0.433 -0.4
0.434 1.4
0.452 -3.5
0.533 2.0
0.469 0.7
0.441 -2.7
0.427 -0.3
0.441 1.8
0.463 -5.2
0.411 -1.0
0.422 -1.7
0.4 0.8
0.433 -2.0
0.389 0.4
0.398 -0.7
0.403 -3.6
0.498 -2.0
0.538 -4.0
0.472 -4.9
0.521 -8.5
0.387 1.0
0.418 -4.9
0.355 -4.0
0.457 0.1
0.526 -1.0
0.453 -0.9
0.503 -6.0
0.46 -2.0
0.517 -3.2
0.547 -2.3
0.43 0.2
0.415 0.1
0.438 -2.4
0.362 -2.4
0.374 -0.3
0.442 -2.1
0.386 -1.9
0.43 -5.3
0.387 -4.4
0.407 -0.5
0.382 0.1
0.388 0.3
0.407 -0.5
0.413 0.4
0.442 -0.3
0.413 -2.2
0.463 1.4
0.49 0.8
0.499 0.4
0.47 -0.9
0.445 -0.7
0.547 -2.0
0.474 -5.3
0.396 -4.4
0.411 -2.7
0.484 -4.3
0.438 -1.9
0.42 -2.1
0.394 -3.5
0.394 -1.5
0.419 0.6
0.502 -1.3
0.51 -1.6
0.453 -2.6
0.505 -3.4
0.467 -7.1
0.417 -5.1
0.441 -5.2
0.44 -3.7
0.479 -2.7
0.467 -6.8
0.401 2.9
0.423 4.3
0.428 4.2
0.421 4.0
0.496 1.6
0.404 3.3
0.44 2.7
0.453 2.3
0.401 1.5
0.414 1.1
0.397 0.5
0.394 1.4
0.403 -2.1
0.448 -3.8
0.459 -2.4
0.454 -1.3
0.439 -0.6
0.469 -1.3
0.478 -3.0
0.448 -6.9
0.286 -6.4
0.421 -1.7
0.44 -6.8
0.383 -6.7
0.37 -3.0
0.431 -3.9
0.424 -4.6
0.419 -2.3
0.475 -3.9
0.49 -5.2
0.415 -3.9
0.48 -4.6
0.429 -5.0
0.397 -3.9
0.338 -2.7
0.4 0.5
0.443 1.2
0.534 -1.5
0.453 2.2
0.431 1.1
0.392 4.0
0.431 5.5
0.447 5.0
0.418 0.7
0.398 -1.7
0.261 2.5
0.411 -1.5
0.366 -0.9
0.318 -9.5
0.333 -8.4
0.441 -3.7
0.459 -0.3
0.441 -4.8
0.389 -2.3
0.444 -2.0
0.425 -2.2
0.402 -14.4
0.235 -3.2
0.429 3.6
0.483 3.3
0.446 3.7
0.442 4.0
0.488 3.3
0.446 3.8
0.428 3.4
0.41 2.1
0.398 2.5
0.45 1.7
0.387 2.0
0.42 0.8
0.406 9.8
0.0 -8.8
0.52 -2.6
0.481 -9.8
0.467 -3.9
0.625 -5.4
0.4 -3.1
0.529 -4.1
0.371 -5.5
0.483 -5.3
0.395 -6.1
0.462 0.1
0.512 -2.9
0.517 -5.1
0.445 -6.3
0.381 -11.3
0.314 -22.7
0.1 -7.5
0.329 -4.4
0.357 -0.9
0.461 -3.2
0.387 -2.7
0.446 -0.5
0.489 -4.4
0.46 -1.7
0.526 0.7
0.591 -2.0
0.507 -1.9
0.533 -5.6
0.5 -2.3
0.517 -6.2
0.525 -3.5
0.426 -1.6
0.458 -24.3
0.5 -6.6
0.497 -0.3
0.531 -2.1
0.424 3.1
0.494 2.2
0.565 2.5
0.624 2.4
0.623 -0.9
0.565 -1.6
0.574 2.2
0.654 4.1
0.679 3.5
0.638 1.3
0.593 4.2
0.666 4.2
0.666 -0.5
0.583 -0.3
0.4 0.1
0.462 0.9
0.427 -0.5
0.421 0.1
0.413 -5.1
0.461 -2.8
0.442 -1.1
0.498 -2.6
0.414 -0.7
0.461 -2.2
0.441 -2.2
0.439 -3.9
0.457 -4.2
0.387 -6.2
0.421 -0.6
0.414 0.0
0.424 -1.1
0.412 -2.1
0.397 -3.5
0.364 -4.6
0.469 -4.8
0.314 -6.7
0.348 -3.9
0.479 -5.1
0.4 -3.4
0.31 -3.6
0.501 -3.0
0.585 -3.3
0.496 -1.9
0.538 -4.2
0.563 -2.9
0.576 -4.5
0.546 -17.3
1.0 -23.0
0.414 -3.5
0.351 -0.7
0.388 -3.0
0.29 3.4
0.487 2.4
0.47 1.1
0.522 -0.9
0.433 -2.0
0.517 -3.3
0.333 -4.1
0.357 -4.1
0.461 -3.3
0.412 -5.4
0.393 -5.0
0.517 -13.6
0.333 -3.2
0.083 -10.2
0.391 -1.3
0.438 -2.6
0.313 -9.9
0.518 2.1
0.51 2.7
0.482 3.8
0.514 5.1
0.503 4.2
0.538 2.9
0.534 5.0
0.567 5.4
0.536 5.3
0.529 3.7
0.501 1.5
0.466 0.6
0.48 2.8
0.494 2.8
0.494 4.0
0.469 3.7
0.366 0.4
0.425 -3.2
0.367 -0.3
0.465 -1.8
0.474 -2.3
0.464 -1.8
0.49 -4.7
0.422 -3.0
0.45 -5.2
0.282 -15.4
0.493 -0.1
0.51 -0.3
0.515 1.0
0.56 -0.6
0.514 -0.7
0.558 1.4
0.528 -1.7
0.48 0.7
0.562 -1.0
0.574 -0.5
0.518 -4.6
0.456 -2.3
0.544 -4.0
0.529 -0.5
0.614 -2.9
0.601 -1.9
0.577 -10.5
0.476 -5.3
0.491 -2.1
0.478 -3.2
0.498 -1.8
0.509 -6.5
0.463 -8.3
0.418 -7.6
1.0 -17.4
0.349 -1.5
0.373 0.2
0.414 1.3
0.441 1.9
0.469 -2.3
0.422 -4.8
0.348 -4.0
0.383 -8.5
0.457 1.9
0.501 2.5
0.498 0.1
0.422 3.0
0.493 -1.8
0.456 0.0
0.466 -0.2
0.439 0.3
0.467 1.2
0.474 0.1
0.416 -2.9
0.456 -1.4
0.45 -0.7
0.444 -0.7
0.444 -0.8
0.458 -2.4
0.43 -1.6
0.397 -0.8
0.43 2.3
0.461 0.7
0.453 1.6
0.471 1.1
0.432 1.7
0.437 2.2
0.458 -0.2
0.443 2.1
0.454 0.3
0.423 -0.1
0.454 0.2
0.435 0.2
0.435 -1.3
0.439 -0.3
0.416 1.0
0.45 6.6
0.491 8.2
0.443 9.1
0.493 6.4
0.46 4.0
0.471 5.4
0.506 2.4
0.449 4.5
0.506 2.2
0.466 3.9
0.467 1.5
0.453 -2.9
0.432 -8.3
0.276 -40.9
0.408 -4.5
0.235 -3.6
0.384 -3.0
0.421 -0.7
0.451 -3.4
0.44 -1.8
0.414 -0.7
0.433 0.4
0.458 1.1
0.455 3.0
0.475 2.6
0.472 -3.8
0.368 -1.0
0.45 -1.7
0.37 -3.1
0.419 0.3
0.464 0.8
0.447 2.3
0.482 2.6
0.548 2.7
0.52 1.7
0.494 3.1
0.506 -1.7
0.487 1.7
0.519 1.7
0.48 2.7
0.522 -0.5
0.499 -2.0
0.486 -2.0
0.486 0.1
0.493 -3.0
0.412 -0.8
0.41 1.2
0.425 1.3
0.409 0.7
0.407 -2.9
0.424 1.0
0.453 -1.4
0.421 -4.1
0.377 0.0
0.431 0.3
0.376 -2.2
0.449 -1.1
0.513 -0.9
0.485 -2.2
0.448 -2.9
0.436 -0.1
0.467 -1.5
0.459 -1.2
0.475 0.9
0.488 2.5
0.503 0.1
0.463 0.2
0.46 0.4
0.467 1.5
0.487 1.5
0.487 -0.8
0.475 -2.1
0.505 -3.1
0.552 -4.1
0.442 -1.6
0.568 -3.4
0.426 -0.4
0.41 0.9
0.438 2.4
0.446 2.8
0.446 0.8
0.417 2.8
0.441 1.1
0.477 2.2
0.474 2.2
0.447 0.6
0.408 -0.6
0.214 -2.7
0.367 -7.7
0.343 -2.6
0.402 -3.2
0.394 -1.7
0.398 -3.7
0.383 -1.7
0.403 -2.4
0.309 -1.4
0.421 -4.0
0.341 -2.4
0.526 0.9
0.5 -5.0
0.383 -2.6
0.455 -2.0
0.453 -2.6
0.393 -0.8
0.394 1.7
0.466 1.4
0.425 -10.0
0.536 -5.6
0.492 -0.9
0.489 -3.8
0.502 -2.4
0.533 -1.1
0.38 -0.3
0.396 2.8
0.414 3.7
0.418 -1.3
0.409 0.3
0.389 -2.0
0.396 -3.7
0.304 0.3
0.425 -10.7
0.429 -3.3
0.492 -2.2
0.36 1.3
0.449 5.8
0.538 3.9
0.502 2.3
0.449 4.1
0.48 3.5
0.484 1.7
0.454 1.9
0.454 1.9
0.397 -0.3
0.504 -3.2
0.412 -3.2
0.453 0.2
0.435 -1.9
0.371 -1.3
0.426 -0.1
0.43 -1.3
0.383 -1.6
0.454 -5.0
0.384 -1.5
0.426 -2.6
0.41 -1.5
0.338 -4.5
0.308 -5.6
0.35 -4.4
0.408 -2.6
0.459 -3.5
0.344 -3.2
0.382 -2.4
0.458 -3.9
0.433 -2.9
0.3 -3.1
0.466 -3.9
0.493 -20.6
0.273 -5.9
0.536 2.3
0.523 2.1
0.521 2.6
0.549 4.6
0.561 3.2
0.547 -0.1
0.49 3.5
0.562 0.7
0.51 2.0
0.532 -0.6
0.477 -3.4
0.456 -3.3
0.499 -3.3
0.369 -5.9
0.343 -2.4
0.434 0.4
0.423 -3.7
0.393 1.0
0.42 -2.2
0.409 -5.0
0.355 -3.0
0.416 -2.1
0.38 -0.2
0.445 0.8
0.455 1.9
0.463 4.7
0.466 1.8
0.453 -0.6
0.428 -1.4
0.45 -2.2
0.407 -1.6
0.424 -2.1
0.394 -1.5
0.407 -1.5
0.407 -2.6
0.362 -2.2
0.476 -2.9
0.399 -2.9
0.406 -1.7
0.398 -2.2
0.35 -0.5
0.433 -1.6
0.409 -5.3
0.333 -5.5
0.412 -5.2
0.378 -0.3
0.405 -3.4
0.37 -3.1
0.358 -2.9
0.384 -2.6
0.388 -2.1
0.416 -2.9
0.435 -2.0
0.425 -3.0
0.411 -5.6
0.403 1.8
0.449 0.3
0.451 -0.3
0.406 0.2
0.452 2.1
0.476 -2.1
0.401 -1.9
0.41 1.3
0.462 1.0
0.474 -0.1
0.442 0.7
0.43 0.4
0.435 0.4
0.435 -2.1
0.41 -2.2
0.495 -3.7
0.431 -3.3
0.432 -1.4
0.508 -7.2
0.363 -6.0
0.472 -6.2
0.471 -2.1
0.406 -0.2
0.476 -3.5
0.489 -1.6
0.544 -1.5
0.439 -3.1
0.444 -4.9
0.493 -0.4
0.408 -2.2
0.472 -1.8
0.479 -3.6
0.473 -2.7
0.423 -2.7
0.483 1.8
0.524 -0.1
0.539 -1.0
0.553 -3.8
0.474 -5.6
0.416 -0.6
0.48 -2.4
0.438 -4.0
0.419 -14.0
0.438 5.1
0.418 7.0
0.471 6.0
0.462 7.2
0.464 8.1
0.46 6.0
0.454 6.3
0.441 5.3
0.433 6.4
0.526 3.7
0.425 4.0
0.469 1.7
0.426 1.7
0.426 3.6
0.453 1.9
0.436 -2.5
0.436 -2.8
0.448 -6.3
0.433 -2.0
0.462 -3.5
0.457 -3.3
0.445 0.9
0.492 -0.8
0.512 0.0
0.473 -3.1
0.449 -3.5
0.468 -1.9
0.478 -1.5
0.431 1.0
0.437 -7.2
0.328 -0.9
0.531 -1.6
0.399 -1.6
0.399 -5.0
0.431 -2.4
0.486 -9.9
0.519 1.7
0.53 0.6
0.503 -47.7
0.0 1.5
0.57 -3.0
0.408 3.4
0.604 4.7
0.587 4.6
0.615 1.1
0.537 1.3
0.48 0.2
0.503 -0.6
0.511 -0.6
0.511 0.2
0.544 0.5
0.292 -5.8
0.25 -6.4
0.373 -1.3
0.417 -2.0
0.401 -0.7
0.388 0.6
0.414 -0.3
0.399 -0.8
0.418 -0.6
0.43 -4.5
0.387 -5.0
0.476 -3.5
0.377 -0.7
0.468 0.8
0.451 0.3
0.461 -2.8
0.4 -0.4
0.44 0.3
0.439 0.2
0.349 0.4
0.41 -6.0
0.375 -0.1
0.395 0.5
0.425 -1.1
0.417 -1.9
0.385 -1.2
0.421 -2.1
0.434 -3.2
0.355 -5.2
0.498 1.9
0.522 1.6
0.552 2.4
0.519 2.3
0.516 2.9
0.507 3.0
0.355 -2.2
0.425 -4.5
0.361 -3.7
0.418 -3.1
0.404 -3.2
0.42 -1.5
0.447 -3.0
0.355 -2.4
0.356 -2.6
0.392 -4.3
0.346 -1.0
0.457 -2.4
0.426 1.3
0.463 1.9
0.468 2.1
0.46 2.0
0.462 1.7
0.445 1.4
0.485 0.8
0.458 -3.0
0.355 -3.1
0.398 -4.3
0.407 -2.4
0.385 -4.2
0.373 -2.1
0.409 -3.1
0.449 2.1
0.467 2.4
0.487 0.4
0.455 2.0
0.46 1.6
0.448 0.8
0.45 0.7
0.486 -1.7
0.473 -2.2
0.421 -1.6
0.438 -2.6
0.407 -1.3
0.44 -1.3
0.44 -3.1
0.393 -3.0
0.44 -3.8
0.387 -4.3
0.414 -1.2
0.387 -2.3
0.405 -3.0
0.42 -0.4
0.456 -0.6
0.477 -0.1
0.472 1.0
0.441 -0.2
0.415 -2.9
0.409 -1.8
0.399 -2.1
0.363 -2.9
0.333 -2.9
0.0 0.3
0.478 -4.2
0.452 6.5
0.714 -1.9
0.0 -8.1
0.435 -7.8
0.379 -5.4
0.35 -8.8
0.472 -1.0
0.475 3.4
0.559 -6.6
0.333 1.6
0.575 3.9
0.59 1.0
0.539 0.3
0.557 0.7
0.502 -1.4
0.483 -1.4
0.577 -3.1
0.557 -1.4
0.557 -1.4
0.557 -0.4
0.25 -17.6
0.293 -8.2
0.328 -8.3
0.297 -9.7
0.369 -5.7
0.366 -10.1
0.253 -0.7
0.428 -2.7
0.402 -3.2
0.521 -2.1
0.521 -3.4
0.514 -0.9
0.571 -1.1
0.529 -0.9
0.524 -4.1
0.497 -4.5
0.525 -0.5
0.581 -1.6
0.598 1.2
0.338 -1.9
0.472 -2.2
0.416 -6.3
0.322 -3.2
0.468 -2.9
0.273 -4.6
0.385 -7.6
0.5 -5.3
0.371 -6.3
0.417 -0.7
0.426 -1.2
0.431 1.5
0.481 2.0
0.476 1.6
0.492 0.3
0.443 1.4
0.458 0.5
0.455 2.9
0.43 2.4
0.449 3.6
0.452 1.4
0.444 1.4
0.444 2.6
0.434 -0.7
0.4 -1.5
0.402 -1.6
0.468 -4.1
0.429 -2.1
0.45 -5.4
0.368 -0.7
0.534 -7.8
0.447 -0.8
0.475 0.3
0.481 2.9
0.476 0.6
0.462 1.2
0.482 -2.0
0.425 -2.1
0.45 -2.0
0.425 -2.9
0.43 -3.9
0.427 -0.8
0.474 -0.8
0.474 -2.1
0.462 -4.1
0.457 -2.5
0.411 -2.8
0.5 0.9
0.438 -0.2
0.423 0.5
0.423 2.7
0.487 1.8
0.47 2.6
0.452 3.4
0.462 1.5
0.438 1.6
0.444 1.6
0.444 0.4
0.381 -0.6
0.386 -5.1
0.328 -1.7
0.438 -3.1
0.411 -0.8
0.408 1.7
0.428 -1.5
0.416 -2.3
0.359 -2.9
0.377 0.0
0.422 -1.6
0.377 -2.1
0.373 -2.1
0.373 -3.5
0.403 -2.7
0.381 -1.1
0.395 -1.3
0.404 1.3
0.41 -0.1
0.367 0.1
0.403 0.0
0.404 -5.1
0.381 -1.3
0.38 -2.1
0.393 -2.2
0.459 0.4
0.471 2.5
0.505 2.6
0.496 3.7
0.494 2.4
0.487 2.3
0.518 0.4
0.496 0.0
0.487 1.2
0.535 0.5
0.516 -0.1
0.46 -0.1
0.46 2.1
0.485 -12.7
0.411 -2.5
0.486 -6.3
0.438 -3.6
0.389 -2.5
0.403 -0.3
0.433 -2.2
0.428 -5.4
0.38 -6.6
0.36 -4.3
0.447 -7.3
0.331 -15.4
0.475 -2.3
0.417 -0.7
0.511 -1.9
0.453 -3.7
0.376 -6.9
0.368 -15.8
0.304 -3.5
0.424 -6.9
0.259 -2.1
0.494 0.9
0.437 1.4
0.48 -3.7
0.459 -2.5
0.43 -1.9
0.451 -2.5
0.498 0.3
0.491 -3.6
0.364 -3.3
0.4 -3.7
0.378 -2.2
0.447 -3.8
0.422 3.1
0.526 1.0
0.538 -0.4
0.477 1.6
0.507 1.9
0.483 1.5
0.492 -1.1
0.444 1.8
0.539 1.6
0.521 0.1
0.46 0.1
0.46 1.2
0.527 -2.9
1.0 -5.3
0.394 -2.9
0.48 -3.1
0.524 -5.6
0.355 -2.1
0.429 -5.0
0.472 -1.7
0.468 -0.6
0.532 -0.3
0.511 -6.5
0.39 0.1
0.491 -6.8
0.333 -3.1
0.478 -4.3
0.453 -1.5
0.4 -3.4
0.291 -7.0
0.34 -9.5
0.143 -4.5
0.401 -5.3
0.366 -9.3
0.424 -5.5
0.411 -2.8
0.436 -2.7
0.435 -3.3
0.457 -3.1
0.443 -1.7
0.471 -1.5
0.461 -3.4
0.376 -4.9
0.386 -4.9
0.532 -3.1
0.459 1.8
0.54 0.0
0.508 -1.7
0.492 -2.7
0.467 -1.8
0.518 -2.6
0.494 -3.3
0.512 -2.8
0.423 -2.9
0.514 -4.9
0.507 -3.4
0.448 -3.4
0.448 -4.5
0.377 -3.2
0.4 -3.3
0.389 -2.5
0.421 -3.4
0.41 -0.8
0.431 -2.8
0.445 -2.9
0.386 3.3
0.397 1.9
0.418 2.9
0.448 -0.8
0.414 0.4
0.437 0.0
0.409 -1.5
0.446 -1.4
0.414 -1.2
0.377 -0.8
0.393 -2.8
0.373 -2.8
0.373 -3.7
0.43 2.5
0.475 2.3
0.471 2.8
0.459 0.8
0.455 -0.9
0.451 -3.3
0.405 -5.8
0.358 -3.4
0.399 -5.2
0.457 -8.1
0.417 8.3
0.472 9.3
0.48 7.4
0.476 11.2
0.484 13.0
0.489 12.5
0.503 8.6
0.51 11.0
0.531 11.6
0.565 8.9
0.567 7.4
0.488 7.4
0.488 9.1
0.52 8.4
0.288 -8.0
0.355 -11.5
0.0 -3.7
0.409 -0.4
0.489 -5.0
0.474 -6.1
0.283 -3.8
0.437 -4.8
0.414 -4.1
0.477 -3.0
0.434 -2.3
0.458 -3.6
0.461 -3.1
0.467 -2.0
0.409 -5.0
0.222 -0.6
0.396 -0.3
0.418 -1.0
0.368 1.2
0.437 -2.9
0.369 -1.5
0.361 0.9
0.422 -1.0
0.38 -3.7
0.344 0.0
0.456 -1.4
0.368 -1.4
0.368 -1.0
0.408 -1.6
0.46 -1.5
0.497 -0.4
0.523 -2.5
0.451 0.4
0.483 -2.5
0.528 -3.2
0.49 -2.5
0.471 -1.4
0.446 -3.7
0.507 -2.4
0.509 -1.4
0.515 -1.4
0.515 -5.1
0.403 -3.9
0.401 -3.3
0.446 -0.7
0.494 -2.3
0.488 -3.5
0.432 -4.1
0.419 -8.4
0.25 -5.2
0.352 2.3
0.418 -0.2
0.43 -0.5
0.44 0.1
0.443 0.2
0.438 0.4
0.493 0.0
0.434 2.5
0.432 2.7
0.461 2.2
0.475 3.3
0.487 3.3
0.487 -0.2
0.435 -0.2
0.489 -8.9
0.371 -20.6
0.431 -3.5
0.329 -3.1
0.35 -5.3
0.353 -5.2
0.262 -9.1
0.329 0.3
0.509 0.4
0.454 -3.5
0.438 -2.2
0.515 -0.7
0.49 -0.8
0.469 -3.1
0.454 -36.1
0.429 -1.9
0.498 -3.5
0.44 -1.2
0.434 -1.8
0.433 -0.4
0.453 -2.5
0.391 -3.6
0.375 -4.7
0.343 -4.7
0.418 -2.5
0.389 -0.6
0.452 -0.9
0.451 -0.1
0.474 -4.8
0.437 -1.3
0.497 -0.9
0.488 -1.5
0.461 1.4
0.499 0.0
0.473 -0.7
0.427 1.4
0.454 1.4
0.454 1.4
0.466 2.7
0.396 -4.4
0.435 -4.0
0.41 -0.7
0.453 -5.1
0.362 -1.8
0.422 -7.0
0.363 -2.5
0.403 -2.6
0.391 -3.1
0.167 -15.6
0.533 -3.2
0.471 0.0
0.515 -0.6
0.491 2.6
0.615 2.2
0.577 0.2
0.602 -2.5
0.515 -0.6
0.489 -0.4
0.457 -2.7
0.451 -4.2
0.449 -4.2
0.449 -4.3
0.416 -1.5
0.427 -3.4
0.404 -0.9
0.488 0.3
0.439 0.5
0.413 0.7
0.432 -1.4
0.392 -1.6
0.385 -3.6
0.411 -2.6
0.448 -5.5
0.414 0.4
0.405 -0.5
0.418 -1.8
0.433 -4.0
0.399 -0.3
0.403 0.9
0.478 -0.3
0.468 0.3
0.44 -0.4
0.453 -5.1
0.385 -4.0
0.426 -4.0
0.372 -6.2
0.487 -0.5
0.527 -1.1
0.481 -2.7
0.524 -2.2
0.458 -1.5
0.532 -3.1
0.494 -8.8
0.493 -2.1
0.531 -2.1
0.45 -3.5
0.465 4.4
0.478 7.5
0.495 8.4
0.491 3.0
0.469 10.7
0.491 9.4
0.476 5.9
0.5 6.3
0.497 3.9
0.521 2.3
0.545 1.2
0.47 1.2
0.47 0.8
0.456 1.0
0.425 -1.9
0.411 -1.3
0.412 0.6
0.474 -0.2
0.45 -1.5
0.436 -3.4
0.357 -6.2
0.328 -6.7
0.369 -1.3
0.474 -4.6
0.436 1.0
0.512 1.2
0.476 1.1
0.482 -0.5
0.472 1.2
0.505 2.7
0.508 1.7
0.487 3.3
0.498 2.0
0.488 1.7
0.471 1.7
0.471 3.4
0.545 2.2
0.38 -1.2
0.438 -0.6
0.424 -0.1
0.446 0.2
0.48 2.3
0.467 1.6
0.442 -2.3
0.399 -0.5
0.426 -1.4
0.43 -2.0
0.417 -1.3
0.397 -1.3
0.397 -3.3
0.475 -1.4
0.471 1.1
0.514 -1.4
0.434 -0.3
0.482 0.8
0.51 3.6
0.51 2.5
0.469 1.3
0.445 2.3
0.494 3.3
0.495 3.3
0.495 -0.1
0.458 0.6
0.434 -7.5
0.366 -5.2
0.442 -0.6
0.412 1.5
0.539 1.8
0.507 3.1
0.46 1.3
0.394 1.1
0.398 1.8
0.417 1.5
0.417 3.4
0.456 1.9
0.402 1.9
0.402 1.5
0.416 1.7
0.363 -5.7
0.365 -7.1
0.5 -10.5
0.577 0.2
0.638 1.4
0.599 1.8
0.626 2.6
0.578 0.7
0.591 -0.3
0.534 -0.2
0.609 0.7
0.476 -15.0
0.533 0.7
0.448 0.4
0.447 -1.6
0.416 2.6
0.496 2.5
0.446 2.0
0.464 2.0
0.44 0.5
0.487 0.3
0.445 -0.9
0.409 -0.9
0.409 1.6
0.467 -8.2
1.0 -1.6
0.544 -6.1
0.47 1.5
0.552 2.0
0.504 2.4
0.537 -1.1
0.525 -0.8
0.5 0.6
0.502 0.6
0.568 0.6
0.589 1.0
0.566 2.2
0.597 2.4
0.595 0.6
0.556 0.1
0.419 0.1
0.419 -1.2
0.459 -1.8
0.359 -3.1
0.403 -0.4
0.415 1.3
0.434 0.9
0.463 2.7
0.517 0.1
0.479 -0.8
0.448 0.2
0.466 2.2
0.46 2.1
0.412 1.1
0.426 0.2
0.431 0.5
0.469 0.5
0.469 1.9
0.455 -2.5
0.352 0.9
0.4 0.0
0.408 -2.9
0.387 -1.4
0.421 -2.9
0.373 -5.1
0.38 -2.3
0.419 -3.5
0.367 -5.9
0.411 0.2
0.422 1.4
0.455 -0.1
0.434 0.6
0.455 -2.1
0.416 -2.5
0.44 -2.4
0.442 -5.1
0.408 -6.8
0.343 -6.1
0.437 -6.1
0.429 0.6
0.469 1.9
0.492 1.0
0.463 2.5
0.438 -0.5
0.403 -1.3
0.422 0.3
0.445 -0.1
0.438 -1.6
0.378 1.2
0.418 1.2
0.418 0.3
0.447 -0.4
0.576 -4.2
0.503 -6.8
0.517 -3.6
0.52 1.2
0.531 3.6
0.603 2.2
0.599 4.4
0.572 5.5
0.612 4.8
0.593 3.8
0.573 1.3
0.578 1.9
0.591 -1.2
0.593 -1.2
0.593 0.6
0.62 2.3
0.404 -4.8
0.379 -2.7
0.47 -3.2
0.483 -3.1
0.422 -4.5
0.441 0.0
0.527 -0.2
0.481 -2.7
0.448 0.0
0.501 -1.3
0.473 -1.3
0.473 -2.9
0.41 -2.7
0.493 2.1
0.5 3.4
0.447 4.3
0.456 3.8
0.473 2.7
0.443 3.2
0.445 4.4
0.454 3.2
0.451 3.0
0.48 1.6
0.466 1.6
0.466 1.6
0.478 3.0
0.429 -2.2
0.533 -1.6
0.313 -2.6
0.464 1.2
0.474 -3.4
0.466 -1.3
0.429 -5.1
0.439 -4.4
0.448 -4.4
0.394 -2.2
0.332 -1.4
0.422 -3.0
0.421 -3.1
0.356 -2.6
0.431 -24.7
0.37 -4.2
0.341 -3.1
0.442 -5.0
0.528 -3.1
0.499 0.6
0.514 0.3
0.5 0.7
0.497 -0.4
0.498 0.1
0.496 3.0
0.492 1.5
0.494 1.8
0.509 0.2
0.481 0.2
0.481 -1.1
0.485 -3.1
0.48 -7.8
0.435 -1.0
0.462 -1.9
0.386 -4.2
0.493 -1.8
0.507 -1.5
0.526 -8.5
0.41 -3.4
0.469 -1.7
0.502 -2.7
0.414 -2.1
0.427 -0.9
0.385 0.1
0.48 2.4
0.473 1.1
0.456 -0.3
0.42 -0.7
0.417 1.6
0.436 0.2
0.413 0.5
0.45 -0.6
0.43 -2.1
0.427 -2.1
0.427 -4.5
0.455 2.2
0.483 -0.4
0.43 1.1
0.469 5.1
0.503 1.0
0.449 1.6
0.446 -0.2
0.427 -0.1
0.392 -1.1
0.394 -1.0
0.407 -1.0
0.407 -3.1
0.368 -2.0
0.401 1.0
0.461 -0.6
0.467 -2.4
0.432 -2.0
0.427 -3.4
0.399 -3.0
0.426 -14.5
0.447 -1.9
0.415 2.4
0.532 -1.3
0.535 0.0
0.561 -0.9
0.53 0.8
0.573 -0.6
0.533 -1.1
0.0 -19.8
0.517 -5.5
0.403 -8.6
0.444 -1.3
0.43 -4.1
0.432 -1.9
0.422 -0.9
0.467 -3.2
0.391 -3.6
0.382 -5.2
0.36 -5.8
0.435 -7.5
0.389 -1.9
0.394 -2.1
0.393 0.6
0.441 1.2
0.461 1.7
0.446 -0.3
0.414 1.9
0.435 2.3
0.407 1.3
0.422 0.1
0.415 0.7
0.417 0.7
0.417 1.3
0.415 -1.3
0.455 1.0
0.425 3.0
0.439 3.1
0.457 1.7
0.492 5.5
0.505 3.1
0.477 4.1
0.458 2.1
0.465 -0.6
0.419 1.0
0.419 1.0
0.419 -2.0
0.372 -0.5
0.453 -1.5
0.452 -1.2
0.397 -4.3
0.431 -0.5
0.3 -6.3
0.455 -4.3
0.393 -2.9
0.394 -4.9
0.371 -3.7
0.401 -3.4
0.383 -5.7
0.413 -4.5
0.402 -0.5
0.412 -3.0
0.362 0.0
0.6 -8.2
0.488 -8.0
0.444 -1.7
0.455 -3.8
0.369 -1.7
0.463 -2.8
0.461 0.2
0.493 1.0
0.5 -3.5
0.44 -3.2
0.441 -3.4
0.438 -0.8
0.487 -0.8
0.487 -4.8
0.434 -2.5
0.513 -0.6
0.527 1.7
0.476 -1.6
0.461 1.6
0.536 3.0
0.572 0.8
0.528 2.1
0.514 4.6
0.478 2.7
0.495 0.9
0.555 0.9
0.555 -2.4
0.427 -0.6
0.412 -3.9
0.282 -2.4
0.346 -1.3
0.392 -0.2
0.454 0.8
0.387 -0.9
0.402 -0.5
0.426 1.9
0.487 -0.3
0.427 -1.4
0.413 2.3
0.457 -0.3
0.445 -0.5
0.458 0.5
0.435 -1.5
0.444 -0.4
0.435 -1.9
0.403 -4.7
0.362 -1.2
0.433 -1.5
0.504 -3.9
0.394 -2.5
0.273 -5.6
0.465 -1.6
0.445 -0.8
0.488 -12.1
0.4 1.5
0.463 1.1
0.423 0.9
0.422 1.3
0.396 -0.4
0.374 0.7
0.379 0.7
0.414 -4.0
0.313 -10.4
0.289 -7.7
0.4 -8.7
0.341 -1.0
0.499 -2.1
0.496 -1.0
0.511 -0.5
0.515 -1.1
0.479 -1.2
0.486 -1.2
0.486 -0.5
0.504 -0.5
0.504 0.8
0.549 -0.7
0.425 -4.0
0.388 -2.4
0.437 0.5
0.474 -1.5
0.471 0.6
0.478 -0.5
0.445 -5.1
0.38 2.3
0.512 0.1
0.533 0.5
0.553 1.2
0.511 1.7
0.577 3.4
0.52 2.4
0.495 0.0
0.449 2.3
0.451 4.4
0.627 4.1
0.563 4.1
0.563 4.5
0.627 -0.3
0.402 -0.5
0.558 4.5
0.636 1.9
0.56 1.4
0.57 3.3
0.574 1.8
0.423 0.1
0.521 2.6
0.519 0.9
0.497 -0.6
0.482 -1.3
0.44 -0.4
0.457 0.4
0.491 1.3
0.456 -3.2
0.415 -3.2
0.415 -0.1
0.459 -4.7
0.42 -2.6
0.425 -2.5
0.37 -0.5
0.413 -3.9
0.524 -4.9
0.477 -5.0
0.478 -5.6
0.415 -1.0
0.475 1.7
0.531 -3.3
0.451 -1.5
0.449 0.2
0.451 -0.6
0.433 0.8
0.416 0.0
0.451 -0.1
0.445 -0.1
0.445 0.3
0.427 -2.3
0.38 -4.0
0.391 -0.7
0.384 -2.1
0.413 -0.1
0.408 1.6
0.459 0.3
0.425 -1.8
0.407 0.3
0.427 -0.9
0.395 -3.0
0.406 -3.0
0.406 -0.9
0.406 -1.0
0.477 -4.7
0.433 -1.4
0.488 -4.3
0.423 3.7
0.451 1.2
0.432 1.9
0.4 -0.6
0.429 0.6
0.463 -0.1
0.444 -1.1
0.466 0.7
0.436 -1.2
0.376 -0.4
0.393 -0.2
0.401 -5.3
0.27 -5.3
0.487 -1.2
0.467 -0.3
0.457 -1.3
0.431 -1.7
0.447 -1.1
0.41 -5.4
0.478 -2.6
0.495 -6.6
0.434 -3.5
0.481 -3.6
0.52 -7.1
0.389 -5.8
0.425 -0.4
0.586 -6.7
0.414 -3.7
0.496 -6.0
0.462 0.9
0.459 1.4
0.446 2.9
0.447 2.7
0.428 1.6
0.425 1.9
0.416 -9.6
0.286 -2.8
0.378 -3.2
0.401 -3.2
0.478 -3.1
0.419 -6.9
0.344 -6.4
0.395 -4.0
0.371 -9.8
0.562 1.6
0.573 2.8
0.511 0.0
0.372 1.2
0.489 3.8
0.527 -1.8
0.429 -0.7
0.442 -0.6
0.431 -0.4
0.478 -0.4
0.478 -9.4
0.403 1.5
0.437 -0.2
0.432 -3.0
0.382 -4.1
0.437 -2.5
0.385 -3.3
0.442 -0.1
0.454 -0.8
0.431 -0.7
0.453 0.1
0.481 -2.2
0.408 1.2
0.456 -0.4
0.452 -2.3
0.41 -1.5
0.439 -1.5
0.439 -1.4
0.391 -9.3
0.396 -4.5
0.7 2.7
0.545 4.3
0.558 1.1
0.595 2.1
0.623 2.7
0.568 2.2
0.576 3.5
0.554 2.6
0.562 1.8
0.574 1.8
0.574 3.0
0.585 2.2
0.4 -17.3
0.0 -1.2
0.532 -9.1
0.571 -8.2
0.445 -2.3
0.422 -0.6
0.472 -2.1
0.3 -6.8
0.596 3.8
0.6 0.8
0.552 1.5
0.549 2.9
0.545 0.3
0.507 0.4
0.503 2.5
0.519 0.8
0.523 1.4
0.511 1.4
0.511 1.4
0.531 3.2
0.389 -2.9
0.4 -6.0
0.426 -2.0
0.5 1.0
0.538 0.1
0.575 -2.4
0.511 -4.5
0.492 -2.5
0.478 -2.6
0.446 -5.0
0.448 -2.6
0.422 -2.6
0.409 0.9
0.45 -4.4
0.35 -1.1
0.453 -3.5
0.368 -6.7
0.345 0.4
0.479 -0.9
0.459 -1.1
0.429 -1.6
0.407 -1.7
0.381 -1.1
0.415 0.7
0.435 -0.3
0.398 -0.3
0.398 -0.2
0.409 -0.5
0.473 0.9
0.562 2.5
0.608 -0.1
0.587 -2.1
0.625 -10.0
0.43 4.6
0.437 9.2
0.488 11.2
0.503 4.9
0.493 6.4
0.463 7.9
0.478 7.5
0.481 7.4
0.467 7.5
0.485 7.5
0.485 7.8
0.462 8.8
0.51 -3.1
0.516 -5.5
0.419 -6.3
0.415 -2.9
0.535 -3.2
0.445 -4.3
0.419 -4.8
0.457 -5.3
0.462 -4.1
0.46 -5.5
0.444 -6.2
0.366 -8.0
0.362 -3.0
0.39 -1.3
0.431 -3.5
0.379 -2.2
0.405 -5.3
0.352 -1.0
0.377 -4.8
0.325 -3.8
0.304 -2.0
0.345 -2.0
0.345 -0.8
0.384 -2.4
0.454 -2.0
0.479 3.9
0.286 -12.2
0.615 -11.3
0.452 -4.1
0.455 -1.4
0.407 0.2
0.434 0.0
0.423 2.6
0.437 0.1
0.436 -1.7
0.399 0.0
0.424 1.7
0.433 -0.2
0.428 -3.3
0.345 -3.3
0.345 -10.8
0.615 -6.8
0.483 -6.1
0.51 -1.7
0.415 -5.4
0.416 -6.2
0.39 -5.2
0.44 -7.0
0.5 0.2
0.549 1.1
0.474 1.7
0.508 0.4
0.582 2.0
0.632 1.4
0.576 -0.5
0.505 1.7
0.598 -7.7
0.0 -7.7
0.463 -2.9
0.47 -4.0
0.435 0.7
0.447 -1.9
0.439 -1.8
0.442 -2.5
0.385 -1.5
0.377 -5.2
0.38 -1.8
0.414 -1.8
0.414 -4.6
0.158 -41.1
0.0 -12.1
0.279 -1.5
0.443 -2.8
0.524 -3.1
0.502 -2.4
0.491 -2.8
0.482 -1.9
0.511 -4.2
0.411 -6.9
0.399 -2.6
0.396 0.0
0.422 -11.7
0.0 -0.2
0.405 -1.5
0.447 -0.4
0.423 1.5
0.442 -0.1
0.433 -6.1
0.264 -6.1
0.421 0.8
0.456 2.1
0.507 1.8
0.471 3.3
0.469 2.8
0.439 2.1
0.407 3.5
0.44 1.2
0.45 0.1
0.387 0.1
0.387 -0.1
0.414 -2.3
0.442 -2.8
0.441 -0.2
0.424 -0.9
0.398 1.1
0.47 0.4
0.406 1.9
0.407 -0.5
0.422 -1.8
0.4 0.9
0.404 0.9
0.404 0.3
0.408 0.8
0.443 -2.7
0.433 -1.6
0.462 0.9
0.458 -0.2
0.455 -1.3
0.458 1.0
0.432 -1.4
0.423 0.2
0.439 1.0
0.424 1.0
0.424 2.7
0.452 0.2
0.358 -3.4
0.438 -2.8
0.413 -1.7
0.415 -2.7
0.406 -12.5
0.412 -2.0
0.314 -11.3
0.323 -12.8
0.503 0.8
0.484 1.9
0.484 1.6
0.495 2.4
0.5 2.4
0.512 0.8
0.484 0.3
0.458 0.3
0.466 0.3
0.466 1.8
0.513 1.0
0.4 -8.8
0.5 -0.5
0.536 0.4
0.551 -4.9
0.454 -2.7
0.43 -3.3
0.395 -1.3
0.5 -2.0
0.427 -2.0
0.427 -5.0
0.544 -3.3
0.453 -2.3
0.561 -4.0
0.354 -3.1
0.333 -2.6
0.445 -1.5
0.445 -0.7
0.464 0.0
0.505 -0.6
0.489 2.7
0.558 -1.1
0.333 -0.9
0.462 -1.0
0.359 -3.2
0.418 -1.9
0.442 -2.4
0.44 -1.1
0.439 -1.3
0.4 -1.0
0.427 -3.0
0.386 -0.8
0.45 -0.8
0.47 -2.7
0.448 -0.8
0.432 -4.2
0.399 -2.4
0.442 -3.7
0.454 -3.7
0.454 -7.9
0.579 -1.2
0.548 -1.3
0.528 -1.9
0.528 3.9
0.558 2.0
0.508 1.1
0.487 1.8
0.48 1.2
0.427 -0.8
0.354 -3.4
0.568 -5.1
0.5 -9.3
0.378 -9.6
0.349 -2.9
0.473 -1.4
0.427 -1.7
0.425 -1.3
0.42 -2.1
0.42 -7.0
0.364 -6.1
0.368 -6.1
0.464 -2.6
0.403 -1.5
0.416 -2.7
0.401 -4.9
0.382 -6.2
0.326 -4.2
0.425 -6.2
0.423 -4.4
0.369 -5.6
0.408 -4.7
0.342 -3.4
0.41 -4.2
0.35 -8.9
0.381 -5.4
0.394 -5.9
0.422 0.7
0.461 -2.9
0.391 -1.4
0.435 -0.9
0.392 -1.8
0.434 -1.4
0.429 -0.4
0.407 -2.5
0.414 -2.6
0.388 -0.3
0.398 -0.3
0.397 0.9
0.413 -1.1
0.368 -1.1
0.368 -3.6
0.351 -3.9
0.42 -2.7
0.422 0.8
0.461 -1.4
0.453 0.4
0.466 2.7
0.471 1.8
0.455 0.5
0.416 0.9
0.455 2.1
0.455 2.1
0.455 -0.4
0.463 0.7
0.462 -3.6
0.424 0.0
0.432 -0.7
0.391 -0.4
0.466 -1.0
0.4 -2.2
0.351 -3.4
0.527 -3.5
0.389 -3.2
0.556 -2.2
0.489 -2.0
0.532 -3.3
0.558 -2.7
0.598 -5.1
0.548 -1.9
0.614 -0.3
0.736 -1.4
0.646 -1.4
0.646 -1.8
0.538 -6.4
0.462 -3.1
0.508 -11.5
0.4 -1.4
0.604 -3.1
0.443 -2.6
0.405 -2.0
0.393 -10.5
0.0 -5.5
0.457 -7.2
0.421 -3.3
0.368 -0.6
0.432 -0.7
0.435 1.3
0.397 2.7
0.426 4.1
0.409 3.7
0.401 5.9
0.423 3.6
0.412 3.6
0.412 6.8
0.427 6.6
0.525 1.9
0.504 3.3
0.534 2.1
0.538 2.4
0.531 5.0
0.495 3.8
0.49 3.1
0.461 4.2
0.476 4.2
0.476 5.3
0.47 2.7
0.167 -10.8
0.362 -8.5
0.412 -6.6
0.36 -0.2
0.48 -1.9
0.444 -5.4
0.389 0.4
0.522 1.1
0.478 0.0
0.414 -0.5
0.411 -3.4
0.393 -3.4
0.393 -6.6
0.444 -13.6
0.313 -1.0
0.552 -3.1
0.536 -5.2
0.477 2.2
0.476 0.6
0.426 0.8
0.434 -1.6
0.399 -2.0
0.446 -0.9
0.572 0.5
0.524 -9.9
0.429 -5.5
0.366 -1.6
0.424 -2.9
0.408 -5.2
0.357 -5.3
0.41 -4.3
0.444 -1.3
0.391 1.4
0.439 0.6
0.441 0.3
0.425 -1.1
0.434 0.8
0.455 0.7
0.477 0.7
0.477 0.8
0.48 -0.1
0.5 -9.9
0.364 -12.7
0.423 -5.2
0.352 -1.6
0.392 -3.2
0.418 2.6
0.492 4.5
0.505 3.5
0.508 2.0
0.475 1.3
0.448 1.8
0.484 0.0
0.403 -0.5
0.426 -0.5
0.426 1.0
0.454 0.3
0.456 3.5
0.454 5.8
0.48 4.1
0.473 -2.1
0.426 -1.3
0.428 0.5
0.426 1.2
0.44 2.0
0.471 0.9
0.432 3.5
0.481 0.8
0.415 1.3
0.418 1.3
0.418 1.1
0.505 1.2
0.367 -3.7
0.458 -6.7
0.417 -12.6
0.286 -7.6
0.531 -1.8
0.563 -1.3
0.562 -0.5
0.569 -1.7
0.553 -2.6
0.475 -0.7
0.423 0.2
0.451 0.1
0.462 -1.2
0.471 -5.4
0.367 -6.2
0.467 -3.7
0.614 -10.3
0.395 -3.9
0.379 -11.7
0.235 -4.5
0.469 -2.3
0.427 -7.4
0.455 -5.0
0.434 -5.4
0.446 -1.1
0.521 -1.9
0.468 -1.1
0.411 -2.4
0.437 0.3
0.465 2.1
0.498 0.8
0.471 -2.3
0.439 -0.6
0.459 -1.8
0.424 -1.8
0.424 -2.4
0.443 -3.5
0.263 -1.1
0.267 -6.8
0.467 0.2
0.483 0.4
0.478 0.9
0.535 0.7
0.559 -0.3
0.515 -4.7
0.375 1.4
0.581 1.4
0.581 2.2
0.6 -0.6
0.387 -3.2
0.442 -2.2
0.406 -1.1
0.437 -1.4
0.417 -2.7
0.395 1.7
0.485 -0.5
0.423 -0.5
0.423 -4.2
0.386 -1.9
0.374 -0.8
0.411 -1.6
0.431 -1.3
0.395 0.3
0.434 0.3
0.425 1.7
0.481 -1.1
0.426 -1.1
0.426 -3.1
0.384 -2.7
0.413 -1.3
0.404 0.2
0.432 -3.5
0.438 -0.9
0.432 -1.8
0.479 -0.5
0.45 -4.0
0.392 0.7
0.462 0.2
0.416 0.2
0.429 0.2
0.428 -0.2
0.442 -0.7
0.445 1.3
0.444 1.9
0.433 4.1
0.44 3.4
0.45 2.7
0.446 2.7
0.446 1.7
0.422 5.7
0.381 -3.0
0.375 -4.5
0.32 -0.2
0.436 -2.6
0.368 -7.0
0.421 -3.6
0.408 -9.4
0.484 -1.0
0.442 -3.0
0.437 -1.4
0.448 -4.2
0.421 -3.0
0.448 -2.5
0.457 -2.5
0.459 -2.5
0.468 0.8
0.477 3.7
0.459 2.8
0.477 2.7
0.485 1.1
0.468 -0.8
0.438 0.6
0.468 0.6
0.468 1.0
0.478 -0.3
0.43 1.8
0.476 5.1
0.476 2.9
0.462 5.2
0.496 7.7
0.51 8.8
0.503 6.1
0.51 6.1
0.51 7.9
0.505 8.0
0.375 0.4
0.583 -2.9
0.547 -6.5
0.44 5.0
0.391 -9.7
0.471 0.6
0.567 -0.5
0.533 0.7
0.561 2.0
0.555 -0.6
0.521 1.0
0.542 1.8
0.566 1.8
0.566 1.2
0.567 0.3
0.505 -1.5
0.485 0.7
0.512 -1.8
0.566 -2.0
0.516 -2.9
0.533 -2.6
0.427 -0.8
0.446 1.1
0.453 -0.8
0.459 -2.1
0.466 -0.3
0.468 -1.3
0.465 2.7
0.489 -0.1
0.464 0.5
0.456 -1.9
0.393 -1.9
0.393 -0.6
0.405 -0.5
0.499 2.3
0.525 3.3
0.551 4.4
0.557 2.8
0.553 3.1
0.543 2.8
0.567 3.8
0.538 3.8
0.538 4.1
0.505 3.1
0.421 -4.3
0.382 -4.0
0.403 -5.9
0.418 -7.3
0.616 0.4
0.574 -0.7
0.536 -2.0
0.502 -1.8
0.503 -0.7
0.54 -4.9
0.517 -3.6
0.515 -3.6
0.515 -0.7
0.401 -5.0
0.374 -3.2
0.467 -4.8
0.379 -0.5
0.432 -6.9
0.365 -2.5
0.396 -0.4
0.448 -1.9
0.6 -1.1
0.422 0.7
0.521 2.9
0.547 -0.2
0.475 -0.8
0.455 2.9
0.436 -1.1
0.528 -1.1
0.528 -1.4
0.372 -2.4
0.485 1.6
0.468 0.6
0.462 -1.9
0.407 -8.6
0.261 -17.3
0.482 3.4
0.556 2.5
0.504 4.9
0.525 5.8
0.508 5.2
0.481 6.6
0.475 3.4
0.445 3.4
0.445 1.9
0.383 2.1
0.352 -6.6
0.386 -7.1
0.359 -2.7
0.75 -12.1
0.515 1.4
0.531 -0.4
0.514 -0.2
0.504 -1.4
0.491 -0.1
0.472 -3.8
0.47 -0.7
0.467 -0.7
0.467 -1.2
0.45 -1.1
0.436 0.8
0.445 -3.4
0.456 -0.6
0.466 -1.0
0.428 -2.1
0.408 -2.2
0.429 -3.9
0.374 -3.9
0.374 -1.8
0.473 -4.6
0.0 -14.9
0.401 -0.5
0.439 -0.8
0.405 0.3
0.439 -0.2
0.429 -2.5
0.406 -4.1
0.436 -0.1
0.44 -0.1
0.44 -2.5
0.413 -6.0
0.429 -3.5
0.446 -2.7
0.473 -4.3
0.364 -5.8
0.43 -6.8
0.426 -1.1
0.457 -0.4
0.468 -2.2
0.371 -0.1
0.368 1.0
0.418 0.5
0.437 1.5
0.434 1.5
0.434 -3.3
0.343 -3.6
0.429 -0.1
0.412 -0.8
0.571 -1.4
0.538 -2.4
0.417 -6.6
0.554 -1.2
0.533 -2.1
0.466 -2.8
0.5 -0.4
0.439 -4.9
0.444 -4.5
0.418 -3.0
0.441 -3.4
0.403 -2.5
0.413 -1.9
0.435 -3.5
0.366 -3.5
0.366 -4.8
0.339 -0.7
0.539 0.5
0.495 -1.8
0.47 0.3
0.541 1.6
0.507 1.7
0.531 -0.2
0.454 -0.1
0.466 -0.1
0.466 0.1
0.514 1.4
0.362 -10.4
0.5 -3.4
0.416 -3.7
0.393 1.3
0.436 4.4
0.43 4.6
0.439 1.3
0.423 -0.1
0.438 -1.1
0.399 -1.1
0.399 -1.4
0.427 -0.8
0.438 -4.3
0.432 -1.3
0.43 -2.6
0.386 -0.3
0.416 -3.6
0.376 -1.9
0.35 0.4
0.415 -2.5
0.399 -2.5
0.399 -1.7
0.423 -4.2
0.446 3.8
0.519 1.7
0.455 2.3
0.451 3.4
0.423 4.2
0.465 3.1
0.4 3.1
0.4 2.0
0.426 1.2
0.365 -2.5
0.414 -2.1
0.422 1.3
0.424 -0.2
0.419 -1.8
0.402 -2.6
0.426 -2.6
0.426 -1.0
0.423 -8.2
0.472 -1.7
0.45 -2.4
0.45 -3.9
0.445 -6.1
0.405 -3.5
0.499 -4.7
0.434 -4.7
0.434 -3.4
0.522 -2.9
0.392 -6.6
0.42 -0.4
0.401 0.0
0.399 1.4
0.448 1.1
0.429 1.2
0.454 -1.0
0.403 -1.0
0.403 1.5
0.5 -7.4
0.45 0.0
0.46 -4.0
0.445 -2.3
0.393 0.4
0.452 -1.5
0.435 2.1
0.462 1.4
0.443 3.9
0.505 1.1
0.501 1.1
0.501 0.7
0.477 2.7
0.425 1.8
0.378 0.9
0.37 0.4
0.448 0.2
0.423 0.5
0.414 2.1
0.414 2.3
0.53 4.3
0.581 3.6
0.527 3.9
0.482 6.1
0.494 2.9
0.473 4.8
0.494 4.8
0.494 1.0
0.464 4.2
0.667 -4.7
0.456 -0.5
0.449 1.3
0.45 0.3
0.45 -2.6
0.402 -1.2
0.436 -0.6
0.411 -0.6
0.411 -0.6
0.418 -1.4
0.326 -2.4
0.441 -3.4
0.404 -3.6
0.484 -5.6
0.387 -2.0
0.517 0.6
0.542 -3.7
0.49 -2.0
0.471 0.3
0.495 -0.2
0.461 3.0
0.497 1.9
0.448 -0.2
0.439 -1.0
0.446 -1.0
0.446 -1.3
0.443 -1.1
0.515 -2.6
0.554 -4.3
0.458 -2.4
0.467 -0.3
0.562 -0.8
0.508 -2.7
0.475 -2.7
0.475 -3.0
0.403 1.5
0.478 1.1
0.453 2.3
0.442 3.1
0.443 2.4
0.442 5.6
0.477 5.6
0.477 1.5
0.441 3.6
0.55 -16.5
0.43 -9.3
0.3 -4.3
0.25 -3.5
0.633 -3.7
0.605 1.3
0.686 1.0
0.632 0.3
0.643 4.1
0.676 4.1
0.71 4.1
0.71 3.4
0.703 4.1
0.508 -6.6
0.468 -6.7
0.453 1.0
0.599 1.5
0.581 -0.9
0.495 -1.5
0.508 -1.5
0.508 -1.2
0.532 -1.9
0.45 -0.8
0.436 -1.4
0.439 0.3
0.433 -0.3
0.464 0.4
0.48 0.5
0.448 0.5
0.448 -0.6
0.454 -0.1
0.531 1.9
0.499 0.1
0.492 -4.8
0.494 1.4
0.521 1.1
0.563 0.2
0.513 0.2
0.513 1.3
0.511 1.5
0.518 -1.0
0.588 -4.9
0.501 -1.1
0.461 1.1
0.534 3.0
0.551 2.1
0.535 2.1
0.535 1.4
0.539 -0.9
0.459 1.9
0.45 3.7
0.47 4.5
0.448 -1.1
0.352 8.4
0.457 1.9
0.434 1.9
0.434 2.5
0.419 0.8
0.364 -4.6
0.368 -3.0
0.39 -1.6
0.44 -3.6
0.381 -2.8
0.42 -7.1
0.283 -7.1
0.438 0.4
0.458 -1.1
0.407 0.3
0.408 0.4
0.449 -4.2
0.407 -1.3
0.422 -1.3
0.422 -3.5
0.462 1.4
0.48 0.0
0.463 -0.8
0.51 -4.1
0.401 -2.4
0.451 -3.2
0.395 -3.2
0.395 -1.6
0.454 0.7
0.494 -1.5
0.508 -0.1
0.55 -0.1
0.556 1.5
0.575 -5.9
0.447 -5.6
0.532 -5.6
0.532 -3.5
0.575 0.8
0.478 -0.5
0.468 -1.2
0.45 -3.0
0.413 -3.9
0.441 -2.4
0.458 0.6
0.463 0.6
0.463 -2.7
0.408 -4.3
0.564 4.1
0.462 -1.4
0.443 -3.6
0.466 -1.5
0.47 -1.5
0.491 -1.8
0.475 0.5
0.489 5.9
0.445 4.9
0.423 -1.3
0.423 -1.2
0.421 0.7
0.501 -7.1
0.667 -6.3
0.333 -6.0
0.204 -6.0
0.204 -1.3
0.427 -2.1
0.502 -3.9
0.477 -3.9
0.495 -2.9
0.453 -3.5
0.445 -5.2
0.441 -2.6
0.492 -2.6
0.492 -3.9
0.432 0.7
0.497 -0.9
0.472 -1.9
0.507 0.1
0.535 -2.0
0.502 -2.5
0.506 -1.7
0.47 -1.7
0.47 0.3
0.292 -0.5
0.43 0.4
0.45 -1.5
0.39 -3.3
0.38 0.3
0.42 -0.6
0.41 -0.6
0.41 0.0
0.386 -0.4
0.38 -5.7
0.621 0.1
0.517 -2.8
0.441 -1.3
0.459 0.0
0.364 -5.6
0.32 -1.9
0.515 -4.7
0.398 2.1
0.418 5.0
0.442 3.2
0.457 5.0
0.438 6.4
0.437 11.0
0.426 11.0
0.426 10.0
0.454 15.6
0.52 3.3
0.61 -2.9
0.507 -4.6
0.493 -2.1
0.522 -6.9
0.417 -3.5
0.393 -7.2
0.432 -5.3
0.518 -1.5
0.422 1.3
0.422 -3.3
0.556 1.1
0.501 1.6
0.534 -0.8
0.524 0.6
0.534 -7.4
0.456 -7.4
0.456 -6.4
0.534 -2.2
0.511 -5.3
0.463 -1.3
0.565 -1.5
0.441 -0.7
0.425 0.0
0.442 -1.8
0.414 -2.6
0.394 -2.8
0.433 -2.8
0.433 -1.7
0.396 -5.8
0.333 -1.3
0.41 2.0
0.46 2.1
0.47 2.9
0.487 2.9
0.487 0.2
0.389 1.0
0.446 -1.3
0.412 -2.4
0.403 -1.7
0.394 -0.8
0.422 -1.3
0.489 -1.3
0.489 -0.3
0.481 -3.0
0.371 -6.0
0.43 -3.8
0.367 -0.9
0.44 -4.8
0.372 -6.1
0.367 -6.1
0.477 -0.7
0.457 -0.3
0.44 0.2
0.471 1.0
0.467 1.5
0.473 1.5
0.473 -0.4
0.486 -1.5
0.495 -2.8
0.462 0.8
0.516 -0.9
0.468 -0.1
0.464 -1.6
0.457 -1.6
0.457 -1.2
0.451 -0.5
0.462 1.9
0.48 3.4
0.49 5.4
0.451 7.4
0.471 9.9
0.487 9.9
0.487 12.5
0.504 7.3
0.464 -1.3
0.41 -5.9
0.322 -0.7
0.433 -3.2
0.353 -5.4
0.355 -5.4
0.498 -2.4
0.467 -2.8
0.422 -1.9
0.445 0.7
0.429 -1.6
0.413 -1.6
0.413 1.4
0.446 0.9
0.458 0.7
0.416 -5.0
0.324 -0.3
0.403 -2.3
0.384 -1.3
0.373 -1.3
0.373 0.5
0.411 -1.2
0.424 -4.6
0.403 -2.6
0.404 -1.4
0.427 -1.7
0.437 -3.0
0.412 -3.0
0.412 -3.2
0.389 -0.2
0.458 -0.5
0.409 -0.3
0.453 1.3
0.478 0.8
0.436 1.9
0.447 1.9
0.447 1.7
0.433 -0.9
0.417 -7.2
0.365 -6.2
0.463 -2.9
0.4 -0.8
0.475 -2.3
0.458 -0.5
0.412 -1.5
0.41 -2.6
0.415 -1.0
0.468 -1.0
0.468 -0.8
0.518 -4.6
0.494 0.0
0.466 1.2
0.495 -0.5
0.485 -1.1
0.479 0.6
0.502 0.6
0.502 1.6
0.526 -2.1
0.385 -3.0
0.486 3.2
0.442 3.3
0.448 3.3
0.432 5.0
0.436 5.0
0.436 2.7
0.376 2.4
0.36 -3.3
0.465 -2.7
0.405 -2.9
0.432 -1.8
0.474 -0.5
0.521 -0.5
0.521 -2.7
0.403 2.3
0.436 4.5
0.491 5.5
0.438 5.7
0.456 8.4
0.44 8.4
0.44 6.7
0.439 10.1
0.356 -2.3
0.454 -2.6
0.459 -1.6
0.447 -1.7
0.433 -1.5
0.437 -1.5
0.437 -3.3
0.439 -3.1
0.493 -3.4
0.491 -2.1
0.497 -1.6
0.497 -0.7
0.549 -2.6
0.459 -2.6
0.459 -0.7
0.506 -12.9
0.442 1.4
0.446 0.9
0.432 0.6
0.431 0.7
0.447 2.3
0.446 2.3
0.446 1.7
0.439 1.7
0.396 -7.6
0.25 -2.7
0.543 0.1
0.543 3.0
0.535 2.1
0.573 1.9
0.536 0.8
0.476 0.8
0.476 -0.1
0.479 -0.4
0.414 -0.5
0.371 1.8
0.39 2.3
0.418 0.9
0.399 -0.5
0.373 1.8
0.401 1.8
0.401 -1.4
0.368 -3.0
0.452 0.0
0.456 1.9
0.45 -3.0
0.413 4.5
0.464 2.7
0.589 2.7
0.589 -0.6
0.475 2.8
0.515 1.9
0.503 3.3
0.488 1.4
0.461 1.7
0.431 0.5
0.436 0.5
0.436 -4.6
0.393 -1.3
0.483 1.1
0.449 1.3
0.412 1.2
0.436 2.4
0.441 3.9
0.448 3.9
0.448 0.5
0.388 0.1
0.418 -3.4
0.402 -4.0
0.359 -7.4
0.377 -7.6
0.388 0.6
0.425 -0.4
0.409 -0.9
0.387 0.7
0.463 -0.9
0.416 -0.9
0.416 -4.1
0.35 -1.8
0.417 -3.6
0.412 2.5
0.485 -0.4
0.469 3.3
0.464 -0.7
0.368 -17.2
0.321 -5.0
0.425 -3.6
0.385 -3.3
0.41 -3.4
0.356 -1.9
0.339 -1.8
0.39 -6.0
0.413 -3.7
0.372 -3.7
0.354 -10.5
0.406 -3.4
0.431 -12.6
0.378 -4.0
0.396 -1.8
0.438 1.2
0.476 -0.7
0.451 -1.1
0.438 1.8
0.46 1.8
0.46 0.3
0.439 1.9
0.436 -5.8
0.588 -3.9
0.425 -7.2
0.524 0.8
0.604 -5.8
0.451 0.0
0.434 1.0
0.438 -0.7
0.429 -1.6
0.394 -2.4
0.406 -2.4
0.406 -2.1
0.399 -3.2
0.495 -1.9
0.469 -2.5
0.416 -3.4
0.432 -8.2
0.556 -2.7
0.385 -2.7
0.401 -7.3
0.374 -2.5
0.429 -3.5
0.451 -1.3
0.472 -4.5
0.354 -2.8
0.426 -7.7
0.438 -3.3
0.429 -1.1
0.52 -2.2
0.432 -2.2
0.2 -4.1
0.533 0.3
0.524 -4.0
0.55 1.2
0.541 0.9
0.478 0.9
0.478 4.8
0.596 0.6
0.394 -1.3
0.411 0.4
0.475 -0.3
0.474 2.4
0.412 2.4
0.412 0.2
0.416 -1.1
0.383 -3.6
0.379 -0.1
0.413 -2.5
0.553 1.1
0.506 -1.3
0.541 -2.4
0.532 -0.7
0.517 -0.7
0.517 -4.2
0.533 -3.1
0.273 -3.4
0.41 -3.6
0.368 -1.4
0.39 -1.4
0.479 -1.4
0.479 -2.9
0.422 -1.9
0.424 -0.9
0.389 2.7
0.445 2.9
0.477 2.6
0.447 2.6
0.447 2.8
0.453 3.3
0.549 0.3
0.531 0.1
0.491 0.2
0.551 0.2
0.487 0.2
0.487 1.4
0.49 0.1
0.25 -8.1
0.343 -1.3
0.498 -2.7
0.402 -2.5
0.438 -1.7
0.429 -1.7
0.429 0.2
0.447 -0.5
0.43 -0.3
0.448 1.0
0.465 4.7
0.496 4.7
0.467 4.7
0.467 2.6
0.451 6.6
0.384 -2.3
0.4 -1.6
0.415 -1.8
0.576 0.9
0.513 0.8
0.539 -1.3
0.534 3.0
0.601 3.0
0.601 3.3
0.611 -2.1
0.412 -3.4
0.416 -7.6
0.559 -4.7
0.661 5.7
0.643 3.7
0.614 -0.1
0.527 3.5
0.552 3.5
0.552 -2.6
0.425 -6.3
0.517 -0.8
0.499 1.1
0.482 0.7
0.522 2.4
0.525 2.4
0.525 2.7
0.515 -0.1
0.497 0.4
0.46 -1.9
0.457 -2.9
0.403 -1.5
0.488 -1.5
0.454 -2.2
0.453 3.9
0.44 4.7
0.419 4.7
0.424 -3.3
0.367 -3.3
0.367 4.5
0.418 2.8
0.506 4.1
0.549 4.8
0.538 4.6
0.528 4.1
0.502 4.1
0.502 3.3
0.499 4.4
0.383 -4.6
0.374 -4.3
0.485 1.9
0.456 1.3
0.435 1.0
0.413 3.4
0.445 3.4
0.445 2.5
0.433 4.2
0.357 -8.0
0.342 -2.9
0.406 -4.6
0.395 -6.6
0.41 -3.6
0.417 -7.9
0.231 -7.9
0.447 -6.3
0.371 0.0
0.0 -5.5
0.455 -5.0
0.429 -4.7
0.488 1.9
0.64 -0.8
0.397 -2.2
0.403 -2.2
0.403 -1.4
0.397 -1.6
0.398 -4.9
0.407 0.2
0.425 -1.5
0.414 -1.5
0.414 0.5
0.404 -1.8
0.311 -2.9
0.397 -4.2
0.389 2.2
0.446 0.3
0.441 -0.4
0.446 -0.8
0.424 -0.8
0.424 -1.1
0.412 2.2
0.551 3.8
0.521 2.4
0.486 0.3
0.497 1.9
0.496 1.9
0.496 1.5
0.522 2.0
0.474 -1.6
0.526 -1.6
0.506 -0.5
0.523 -0.4
0.555 -0.4
0.555 -1.2
0.565 -3.6
0.8 -20.4
0.451 -0.5
0.436 -2.6
0.412 -4.6
0.41 -4.3
0.374 -4.3
0.374 -2.8
0.465 -16.6
0.469 -5.5
0.558 -2.9
0.44 -0.2
0.512 1.5
0.46 3.2
0.449 3.2
0.449 1.0
0.414 0.9
0.517 1.5
0.564 0.3
0.52 0.2
0.541 -4.5
0.424 -4.5
0.424 -8.2
0.333 -4.0
0.468 -17.9
0.364 -22.7
0.406 -1.9
0.452 0.6
0.428 -2.6
0.392 -0.7
0.421 -0.7
0.456 -5.4
0.455 -7.7
0.433 1.5
0.457 2.5
0.506 -1.8
0.469 1.4
0.5 1.4
0.449 -1.3
0.531 -5.7
0.461 -5.2
0.505 -3.0
0.513 -3.0
0.513 -4.4
0.41 -3.6
0.374 -1.7
0.383 -6.2
0.352 -2.3
0.423 -4.1
0.39 -4.1
0.39 -1.7
0.411 -0.8
0.529 2.5
0.618 2.9
0.56 1.9
0.523 3.3
0.558 3.3
0.558 -0.8
0.523 -5.0
0.333 -4.2
0.376 0.9
0.46 2.3
0.491 -3.5
0.376 -3.5
0.376 -1.4
0.481 -5.4
0.425 -1.8
0.446 -2.1
0.419 -3.7
0.425 -1.0
0.429 -1.0
0.429 -0.7
0.456 -2.6
0.437 0.2
0.431 -0.5
0.435 -3.5
0.399 0.7
0.458 0.7
0.424 -1.2
0.408 -1.6
0.43 0.1
0.433 -1.4
0.421 -1.1
0.408 -1.1
0.408 -6.9
0.326 -7.5
0.409 0.6
0.423 3.4
0.441 2.6
0.433 3.5
0.445 3.5
0.445 3.2
0.424 4.1
0.0 -6.7
0.473 -2.6
0.454 -2.8
0.447 0.8
0.472 0.8
0.472 -0.6
0.516 -0.3
0.536 -1.2
0.551 -0.2
0.464 -3.2
0.451 -2.5
0.611 -0.4
0.543 -0.4
0.543 -0.1
0.542 -2.2
0.428 -2.2
0.463 -3.7
0.429 -2.7
0.42 -1.2
0.457 -1.6
0.403 -1.6
0.403 -2.5
0.41 -4.2
0.405 1.9
0.467 2.4
0.397 4.7
0.462 4.7
0.462 4.0
0.454 6.9
0.393 -4.5
0.421 -3.0
0.414 -3.0
0.412 -3.0
0.412 -3.7
0.405 -8.2
0.357 -27.8
0.586 2.2
0.552 1.2
0.545 0.8
0.507 0.8
0.507 0.9
0.558 0.8
0.386 -3.6
0.421 -2.4
0.471 -5.5
0.38 -5.5
0.38 -7.5
0.391 -18.0
0.432 -1.0
0.418 -1.0
0.391 -3.2
0.4 -3.2
0.4 -2.2
0.423 -9.6
0.444 -0.2
0.349 -11.7
0.467 -0.8
0.455 -1.7
0.464 -0.3
0.466 -0.3
0.466 1.0
0.469 1.2
0.325 -2.7
0.333 -13.2
0.469 3.3
0.452 3.2
0.43 3.3
0.468 3.3
0.468 1.6
0.448 2.5
0.321 -0.8
0.458 -0.4
0.44 0.8
0.434 0.8
0.434 2.3
0.434 -1.4
0.447 -6.8
0.513 -2.1
0.314 -0.5
0.464 0.6
0.475 0.7
0.504 0.7
0.504 -1.0
0.439 -0.8
0.496 -2.1
0.544 -3.9
0.491 -2.1
0.519 -2.1
0.519 -1.7
0.576 -1.2
0.415 -2.1
0.407 -0.9
0.422 1.1
0.422 1.1
0.422 -0.3
0.415 -4.5
0.39 -0.9
0.493 3.9
0.494 5.8
0.522 6.1
0.479 6.1
0.479 8.3
0.506 7.9
0.508 -4.4
0.481 -1.6
0.492 -3.1
0.443 -3.1
0.443 -1.0
0.481 0.1
0.48 -0.1
0.447 24.8
0.4 -3.9
0.46 -2.4
0.417 -3.1
0.401 -3.1
0.401 -1.2
0.439 -1.8
0.381 -3.2
0.396 -2.3
0.428 -2.5
0.446 -2.5
0.446 -1.8
0.481 -1.3
0.429 -4.3
0.388 -5.7
0.406 -7.2
0.34 -7.2
0.296 -1.9
0.422 0.2
0.442 -0.4
0.434 -0.4
0.434 0.7
0.434 -0.5
0.399 -1.0
0.407 1.0
0.486 -0.2
0.465 -0.2
0.465 -2.8
0.425 -1.0
0.567 -1.3
0.462 -4.1
0.333 -6.3
0.452 2.7
0.486 2.6
0.472 2.5
0.462 2.5
0.462 1.9
0.492 -4.1
0.357 1.8
0.36 1.5
0.381 -0.5
0.356 -0.5
0.356 1.9
0.374 0.8
0.347 -11.6
0.401 0.6
0.396 -0.1
0.378 -0.4
0.41 -0.4
0.41 -0.2
0.374 -1.3
0.372 -3.3
0.382 -5.6
0.399 -6.3
0.346 -4.8
0.376 -1.4
0.408 -1.4
0.408 -2.4
0.636 -0.5
0.62 -7.5
0.643 -1.0
0.612 -1.0
0.612 -4.3
0.372 -8.6
0.545 -1.4
0.457 0.6
0.574 -1.7
0.75 -1.7
0.419 0.7
1.0 -3.0
0.448 -0.2
0.44 2.9
0.453 1.8
0.42 1.8
0.42 3.0
0.428 5.4
0.452 -2.7
0.5 -10.7
0.222 -5.7
0.412 -5.7
0.412 -3.2
0.442 -3.7
0.0 -0.5
0.5 -12.0
0.438 -7.4
0.45 -7.4
0.443 -0.1
0.422 0.7
0.444 2.7
0.463 2.7
0.463 0.7
0.47 0.3
0.439 -0.5
0.488 -2.0
0.477 -0.6
0.547 -0.6
0.547 1.5
0.588 1.5
0.421 -11.9
0.375 -5.1
0.537 -2.5
0.5 0.5
0.45 0.4
0.519 0.5
0.507 0.5
0.523 0.5
0.523 1.8
0.51 0.9
0.366 1.5
0.423 1.7
0.393 2.2
0.385 2.2
0.385 4.0
0.427 3.6
0.412 -3.7
0.43 -2.6
0.427 -3.2
0.447 -3.2
0.447 -2.6
0.45 -4.2
0.511 -22.1
0.5 -0.2
0.56 -1.1
0.468 -3.1
0.459 -3.1
0.459 0.2
0.556 -3.0
0.439 -1.4
0.399 1.1
0.482 1.1
0.482 -0.2
0.466 -1.9
0.382 -2.7
0.417 -0.6
0.425 -0.6
0.425 -0.1
0.432 0.3
0.5 -4.0
0.436 -1.0
0.566 -1.0
0.566 -0.2
0.505 -1.8
0.371 -2.5
0.429 -1.8
0.426 -1.8
0.426 0.3
0.441 -0.8
0.41 -1.1
0.419 0.5
0.427 0.5
0.427 -0.6
0.449 2.2
0.418 2.5
0.414 0.8
0.383 0.8
0.383 1.1
0.434 2.3
0.392 -3.0
0.405 -4.2
0.45 -4.2
0.479 1.4
0.47 -4.3
0.361 -4.3
0.361 -7.7
0.384 0.6
0.439 0.6
0.42 0.6
0.42 2.8
0.443 1.6
0.429 -5.1
0.286 -6.7
0.364 -6.7
0.364 -5.9
0.516 4.5
0.519 7.1
0.535 7.1
0.535 2.2
0.493 3.7
0.436 -0.4
0.608 1.6
0.623 -0.2
0.514 -0.2
0.514 -0.5
0.521 0.9
0.493 -2.5
0.419 -2.1
0.44 -2.1
0.44 0.7
0.462 -1.3
0.408 -0.7
0.475 -1.8
0.49 -1.8
0.327 -5.2
0.327 2.8
0.407 5.0
0.443 5.0
0.443 5.8
0.49 5.4
0.461 -0.1
0.464 -2.9
0.399 -2.9
0.399 -0.2
0.474 0.7
0.482 0.3
0.538 2.7
0.566 2.7
0.566 1.6
0.564 -0.1
0.515 -3.7
0.478 1.6
0.444 1.6
0.446 -7.5
0.381 -0.9
0.495 -0.9
0.495 -5.4
0.444 -4.1
0.4 -6.2
0.0 -25.5
0.394 -2.5
0.459 -5.4
0.397 -5.4
0.457 2.2
0.542 1.3
0.528 1.3
0.528 -3.4
0.452 -1.3
0.458 -0.9
0.473 -0.8
0.465 -0.8
0.465 -1.4
0.541 0.2
0.717 -7.2
0.368 -4.6
0.353 -1.2
0.432 -1.6
0.416 -1.6
0.416 -0.5
0.451 -1.7
0.545 -3.3
0.451 0.2
0.51 0.2
0.51 -1.5
0.448 -3.3
0.429 2.7
0.424 5.1
0.434 5.1
0.434 3.7
0.419 4.3
0.371 -4.5
0.406 -4.1
0.455 -4.1
0.455 -8.8
0.44 -1.5
0.44 1.4
0.467 1.4
0.467 0.6
0.444 -0.5
0.407 -2.3
0.44 -9.9
0.143 -9.9
0.333 -3.8
0.367 -3.7
0.237 -3.7
0.455 -3.5
0.443 -0.1
0.504 -0.1
0.504 -4.3
0.439 -3.1
0.582 -7.0
0.527 -6.7
0.429 -6.2
0.437 -6.2
0.437 -3.7
0.471 -6.4
0.513 0.5
0.501 -0.2
0.492 -0.2
0.492 0.7
0.476 3.5
0.238 -1.5
0.517 -0.2
0.535 -0.2
0.535 -1.8
0.601 -3.6
0.455 0.6
0.461 -0.5
0.399 -0.5
0.399 0.4
0.372 -3.9
0.405 -2.9
0.409 -2.9
0.409 -2.2
0.438 -1.6
0.417 -2.9
0.42 -2.5
0.389 -2.5
0.389 -3.9
0.448 -5.9
0.43 -3.2
0.481 -2.7
0.485 -2.7
0.485 -2.9
0.447 -2.3
0.407 -0.1
0.423 -1.6
0.41 -1.6
0.41 -0.2
0.431 -0.3
0.375 -2.3
0.477 -2.8
0.412 -2.8
0.412 -4.3
0.476 -3.0
0.479 -1.6
0.444 -1.6
0.444 -0.6
0.468 -5.3
0.435 -6.8
0.372 -3.1
0.321 0.5
0.397 0.5
0.667 -1.3
0.474 -3.4
0.474 -3.4
0.474 -2.6
0.428 -0.1
0.447 -1.6
0.386 -1.6
0.386 -2.5
0.389 -5.9
0.493 -0.3
0.427 2.0
0.439 2.0
0.439 1.1
0.435 -7.5
0.431 -5.4
0.376 -4.0
0.395 -4.0
0.368 -9.7
0.381 -8.8
0.384 -0.5
0.418 -2.6
0.382 -2.6
0.382 -0.5
0.427 -4.9
0.557 -1.4
0.531 -0.5
0.572 -0.5
0.572 1.1
0.565 -0.6
0.429 -1.0
0.412 -2.1
0.433 -3.6
0.396 -3.6
0.396 -2.1
0.399 -0.9
0.295 11.2
0.384 -4.6
0.427 -1.5
0.403 -1.5
0.403 -13.4
0.438 -1.7
0.538 0.9
0.549 0.9
0.549 -4.4
0.476 -2.5
0.503 0.4
0.544 0.4
0.544 2.1
0.613 0.6
0.414 0.5
0.491 0.5
0.491 2.4
0.506 7.6
0.418 -2.7
0.365 -2.7
0.387 -1.5
0.42 -1.5
0.42 -1.2
0.446 -0.5
0.356 -4.8
0.421 -4.8
0.421 -9.4
0.296 -3.0
0.5 -8.5
0.3 -8.5
0.302 -2.6
0.426 -2.6
0.426 -9.5
0.355 -4.0
0.343 -4.0
0.343 0.0
0.439 0.1
0.38 -1.9
0.368 -1.9
0.368 -2.0
0.413 -5.7
0.313 -4.9
0.45 -4.9
0.457 -0.3
0.421 -0.3
0.396 -1.0
0.401 -1.0
0.401 1.1
0.42 0.9
0.356 -2.2
0.386 -2.2
0.386 -2.7
0.36 -3.4
0.405 -0.7
0.396 -0.7
0.396 -0.8
0.452 -2.4
0.388 -2.8
0.345 -2.8
0.345 -3.0
0.441 -2.0
0.429 0.2
0.396 0.2
0.396 -0.2
0.385 1.4
0.364 -0.3
0.412 -0.3
0.412 -0.7
0.459 -1.0
0.333 -15.9
0.0 -15.9
0.0 -1.5
0.455 1.4
0.484 -4.9
0.37 -4.9
0.37 -1.1
0.476 -3.1
0.351 -2.1
0.483 -2.1
0.422 -3.2
0.401 -3.2
0.458 -3.3
0.562 -3.3
0.562 -1.3
0.559 1.7
0.412 -2.6
0.362 -2.6
0.362 -1.6
0.405 -4.7
0.498 2.5
0.506 2.5
0.506 2.4
0.532 1.8
0.41 -5.1
0.5 -5.1
0.486 5.8
0.604 5.8
0.604 3.7
0.559 5.8
0.455 -4.5
0.393 -4.5
0.393 -4.6
0.417 -1.1
0.463 -3.1
0.537 -3.1
0.537 -3.2
0.45 0.7
0.478 0.7
0.425 -0.3
0.396 -0.3
0.396 0.0
0.447 -0.3
0.379 -3.5
0.459 -3.5
0.343 -1.2
0.403 -1.2
0.403 -4.2
0.423 -2.8
0.337 -2.8
0.337 -6.0
0.369 -3.9
0.385 0.8
0.667 0.8
0.38 -2.4
0.433 -2.4
0.433 -2.2
0.353 -7.9
0.333 -7.9
0.423 -1.0
0.507 -1.0
0.507 -3.6
0.423 -1.7
0.326 -5.5
0.404 -5.5
0.377 -1.7
0.438 -1.7
0.438 -3.8
0.416 -0.7
0.436 -0.7
0.436 0.4
0.448 1.0
0.376 -0.8
0.437 -0.8
0.437 -3.2
0.429 -4.9
0.349 -16.6
0.15 -16.6
0.46 -1.8
0.489 -1.8
0.489 -4.2
0.465 -4.4
0.434 -11.2
0.4 -11.2
0.425 1.7
0.55 1.7
0.55 -0.5
0.5 1.1
0.419 0.0
0.436 0.0
0.436 1.8
0.438 -1.3
0.466 2.1
0.475 2.1
0.475 1.2
0.455 0.7
0.2 2.3
0.857 2.3
0.659 0.8
0.573 0.8
0.573 2.8
0.516 2.7
0.363 -0.4
0.45 -0.4
0.45 1.8
0.473 3.9
0.308 -2.2
0.368 -2.2
0.368 -6.4
0.54 -14.4
0.375 -14.4
0.485 0.3
0.458 0.3
0.458 1.4
0.496 0.0
0.383 -2.4
0.427 -2.4
0.427 -1.4
0.421 -0.7
0.384 -1.5
0.429 -1.5
0.429 -4.1
0.372 -0.8
0.46 -2.1
0.413 -2.1
0.413 -3.1
0.397 -3.3
0.535 -1.0
0.5 -1.0
0.5 1.7
0.537 1.6
0.437 -6.1
0.351 -6.1
0.426 0.4
0.461 0.4
0.461 1.0
0.529 2.1
0.407 -0.6
0.407 1.9
0.513 -0.7
0.348 -2.7
0.348 1.8
0.468 1.6
0.214 -7.7
0.214 -7.7
0.0 -26.9
0.5 26.6
0.575 -1.6
0.575 -3.4
0.548 -1.6
0.453 -1.8
0.453 -3.4
0.433 -2.9
0.412 -3.8
0.362 -2.7
0.362 -2.6
0.333 -18.9
0.333 -11.6
0.083 0.8
0.483 -7.8
0.483 0.5
0.582 0.9
0.263 -3.7
0.25 -16.3
0.448 -0.3
0.448 -1.4
0.433 -2.7
0.409 -4.0
0.42 -4.4
0.42 -12.0
0.167 -11.5
0.302 -4.2
0.302 -5.1
0.352 -0.9
0.367 -6.5
0.345 -11.4
0.355 -5.2
0.355 -8.2
0.409 -1.5
0.409 2.4
0.478 0.0
0.361 -6.7
0.361 -4.8
0.449 -4.9
0.349 -3.8
0.344 -7.3
0.344 -1.3
0.419 -2.2
0.399 -1.1
0.399 -0.4
0.393 -2.6
0.447 -2.8
0.447 1.8
0.473 -0.7
0.421 -11.3
0.352 -3.3
0.352 -1.3
0.419 -2.1
0.377 -5.4
0.377 -2.0
0.574 -2.1
0.574 -1.9
0.465 0.7
0.323 -3.5
0.323 -4.2
0.304 -4.3
0.304 0.2
0.469 1.5
0.4 -4.5
0.4 -6.6
0.25 -3.0
0.414 -1.1
0.414 0.7
0.42 -1.2
0.415 -0.8
0.415 0.1
0.426 2.7
0.449 -3.7
0.449 -13.8
0.269 -8.4
0.347 -7.3
0.419 -1.1
0.419 0.4
0.486 1.5
0.35 -3.8
0.35 -3.0
0.456 -3.0
0.25 -7.4
0.404 -3.6
0.404 -2.3
0.513 -3.2
0.422 -4.5
0.422 -1.4
0.452 -0.3
0.0 -1.3
0.318 -4.5
0.318 -5.5
0.545 -1.8
0.545 -1.1
0.536 -0.4
0.396 -2.7
0.396 -5.0
0.403 -4.1
0.402 -8.0
0.402 -3.1
0.452 -3.5
0.533 -2.4
0.533 -7.7
0.273 -8.5
0.34 -1.6
0.34 -2.8
0.282 -13.2
0.405 1.2
0.405 1.2
0.407 0.4
1.0 -4.5
1.0 -4.5
0.382 -2.6
0.382 -4.9
0.338 -2.2
0.462 0.8
0.462 0.7
0.521 3.2
0.25 -10.3
0.25 2.6
0.636 5.4
0.446 -0.6
0.446 -1.3
0.417 -0.2
0.367 -9.0
0.367 -6.0
0.411 -3.3
0.35 -2.3
0.35 -4.3
0.49 -1.2
0.49 -2.4
0.493 0.2
0.414 -5.9
0.414 -6.1
0.366 -1.5
0.425 -0.7
0.425 -1.3
0.436 0.9
0.463 -0.9
0.463 -0.3
0.493 1.4
0.333 -16.8
0.333 -3.6
0.429 0.0
0.452 -2.5
0.452 -4.7
0.403 -4.6
0.422 -4.4
0.422 -5.4
0.367 1.1
0.367 0.7
0.348 -0.3
0.32 -8.0
0.32 -4.8
0.365 -3.9
0.365 -3.6
0.385 -2.4
0.333 -8.4
0.568 0.5
0.568 -1.0
0.6 15.4
0.395 -5.6
0.395 -4.0
0.421 -3.9
0.528 -2.1
0.528 -1.2
0.501 -0.3
0.0 -3.0
0.402 -6.1
0.452 0.5
0.452 -4.5
0.437 -2.3
0.437 -2.1
0.459 -2.7
0.421 -6.0
0.421 -2.4
0.394 -8.6
0.353 -3.8
0.353 -4.6
0.306 -3.1
0.381 1.7
0.425 1.3
0.406 -1.6
0.468 -1.1
0.423 -2.3
0.31 -4.0
0.563 -1.2
1.0 -4.2
0.265 -2.5
0.0 -1.0
0.308 -7.3
0.556 0.0
0.394 -0.3
0.644 0.9
0.263 -11.6
0.433 -5.7
0.397 -6.1
0.457 -1.0
0.514 1.7
0.422 -7.0
0.417 5.7
0.367 -11.4
0.375 -2.0
0.512 8.4
0.359 -1.8
0.41 -1.5
0.571 0.4
0.438 -3.0
0.603 0.1
0.466 -6.4
0.47 -1.9
0.404 -4.6
0.436 -6.5
0.628 0.2
0.364 -4.9
0.364 -3.7
0.527 1.9
0.431 -0.3
0.508 -3.3
0.427 -2.3
0.35 -11.2
0.41 -7.0
0.427 -3.0
0.421 0.2
0.424 -1.5
0.571 -0.6
0.452 0.2
0.274 -2.5
0.41 -0.5
0.504 -1.9
0.579 3.9
0.357 -3.8
0.542 4.9
0.498 2.4
0.305 -4.9
0.359 -3.2
0.417 -1.7
0.422 -2.8
0.415 -2.0
0.45 1.1
0.367 -7.3
