0.387 0.374
0.374 0.466
0.472 0.461
0.461 0.478
0.478 0.475
0.475 0.503
0.503 0.525
0.525 0.474
0.474 0.214
0.417 0.47
0.47 0.382
0.48 0.462
0.462 0.439
0.439 0.44
0.44 0.428
0.428 0.454
0.454 0.438
0.438 0.445
0.445 0.48
0.48 0.477
0.477 0.491
0.491 0.458
0.458 0.449
0.449 0.442
0.357 0.346
0.346 0.415
0.415 0.376
0.376 0.414
0.414 0.379
0.379 0.375
0.375 0.394
0.394 0.385
0.385 0.348
0.4 0.325
0.325 0.314
0.416 0.404
0.404 0.427
0.427 0.376
0.376 0.389
0.389 0.356
0.356 0.429
0.429 0.376
0.388 0.436
0.436 0.427
0.427 0.441
0.441 0.423
0.246 0.276
0.446 0.399
0.399 0.462
0.462 0.422
0.422 0.452
0.452 0.429
0.383 0.385
0.412 0.419
0.419 0.409
0.409 0.395
0.395 0.321
0.321 0.336
0.336 0.414
0.414 0.364
0.399 0.466
0.466 0.361
0.361 0.397
0.397 0.426
0.426 0.394
0.394 0.434
0.434 0.344
0.344 0.301
0.301 0.363
0.477 0.427
0.427 0.411
0.411 0.412
0.412 0.407
0.407 0.342
0.356 0.391
0.382 0.289
0.262 0.404
0.404 0.308
0.422 0.485
0.485 0.478
0.478 0.481
0.481 0.31
0.31 0.467
0.364 0.353
0.444 0.385
0.494 0.508
0.508 0.458
0.458 0.504
0.504 0.423
0.423 0.452
0.452 0.475
0.475 0.481
0.481 0.407
0.404 0.489
0.489 0.45
0.45 0.404
0.404 0.438
0.438 0.385
0.537 0.541
0.541 0.539
0.539 0.443
0.443 0.46
0.46 0.507
0.507 0.489
0.286 0.429
0.429 0.441
0.441 0.409
0.409 0.454
0.454 0.457
0.457 0.432
0.432 0.421
0.421 0.437
0.437 0.459
0.459 0.409
0.409 0.466
0.355 0.43
0.43 0.441
0.441 0.472
0.472 0.4
0.4 0.8
0.44 0.44
0.44 0.396
0.396 0.372
0.372 0.42
0.454 0.453
0.453 0.47
0.47 0.45
0.45 0.443
0.443 0.432
0.432 0.404
0.404 0.411
0.411 0.435
0.435 0.416
0.416 0.431
0.431 0.282
0.422 0.423
0.423 0.421
0.421 0.394
0.394 0.442
0.442 0.418
0.418 0.427
0.427 0.448
0.448 0.418
0.418 0.418
0.418 0.427
0.427 0.364
0.364 0.402
0.402 0.304
0.396 0.342
0.442 0.458
0.458 0.485
0.485 0.455
0.505 0.421
0.421 0.432
0.432 0.566
0.566 0.529
0.529 0.508
0.508 0.509
0.509 0.462
0.462 0.385
0.476 0.427
0.427 0.437
0.437 0.466
0.466 0.454
0.454 0.426
0.426 0.47
0.47 0.333
0.333 0.5
0.465 0.351
0.363 0.389
0.389 0.466
0.466 0.42
0.42 0.42
0.42 0.433
0.433 0.405
0.405 0.407
0.407 0.422
0.556 0.479
0.479 0.492
0.492 0.34
0.34 0.423
0.423 0.298
0.0 0.714
0.397 0.4
0.4 0.429
0.429 0.419
0.419 0.413
0.413 0.41
0.41 0.42
0.42 0.355
0.49 0.479
0.479 0.536
0.536 0.473
0.473 0.452
0.476 0.527
0.527 0.502
0.502 0.493
0.493 0.503
0.503 0.527
0.527 0.533
0.533 0.456
0.456 0.447
0.447 0.48
0.48 0.512
0.512 0.494
0.494 0.473
0.473 0.539
0.539 0.442
0.442 0.442
0.442 0.431
0.451 0.425
0.421 0.37
0.364 0.15
0.444 0.474
0.474 0.531
0.531 0.476
0.476 0.446
0.446 0.461
0.461 0.407
0.407 0.341
0.422 0.0
0.0 0.372
0.333 0.398
0.398 0.46
0.46 0.381
0.381 0.376
0.376 0.389
0.464 0.469
0.469 0.451
0.451 0.438
0.438 0.433
0.433 0.45
0.45 0.463
0.463 0.459
0.459 0.467
0.467 0.456
0.456 0.451
0.451 0.43
0.43 0.463
0.463 0.425
0.425 0.373
0.373 0.373
0.373 0.358
0.4 0.455
0.455 0.263
0.438 0.525
0.525 0.465
0.465 0.377
0.377 0.528
0.528 0.434
0.434 0.411
0.411 0.385
0.385 0.384
0.463 0.373
0.432 0.435
0.423 0.339
0.488 0.5
0.5 0.456
0.524 0.448
0.448 0.41
0.41 0.477
0.477 0.465
0.465 0.465
0.465 0.473
0.473 0.45
0.45 0.512
0.512 0.475
0.475 0.398
0.398 0.446
0.446 0.321
0.44 0.484
0.484 0.397
0.397 0.439
0.439 0.317
0.323 0.462
0.462 0.25
0.25 0.472
0.472 0.37
0.37 0.414
0.414 0.494
0.494 0.341
0.341 0.385
0.385 0.389
0.389 0.43
0.43 0.255
0.406 0.342
0.342 0.356
0.356 0.297
0.297 0.407
0.407 0.387
0.387 0.375
0.375 0.458
0.458 0.433
0.433 0.42
0.42 0.425
0.425 0.321
0.46 0.428
0.428 0.467
0.467 0.417
0.417 0.452
0.452 0.43
0.43 0.454
0.454 0.456
0.456 0.437
0.437 0.428
0.428 0.437
0.437 0.411
0.411 0.435
0.435 0.407
0.407 0.333
0.333 0.333
0.333 0.388
0.388 0.394
0.474 0.463
0.463 0.47
0.47 0.488
0.488 0.464
0.464 0.443
0.443 0.418
0.418 0.438
0.577 0.583
0.583 0.52
0.52 0.447
0.447 0.539
0.539 0.429
0.429 0.318
0.333 0.481
0.481 0.499
0.499 0.481
0.481 0.426
0.426 0.389
0.403 0.328
0.328 0.3
0.395 0.46
0.46 0.479
0.479 0.461
0.461 0.392
0.392 0.346
0.346 0.294
0.48 0.49
0.49 0.501
0.501 0.333
0.4 0.441
0.441 0.261
0.261 0.304
0.304 0.357
0.357 0.352
0.38 0.45
0.45 0.448
0.448 0.413
0.413 0.214
0.381 0.384
0.384 0.333
0.333 0.353
0.38 0.432
0.432 0.472
0.472 0.479
0.479 0.463
0.452 0.467
0.467 0.615
0.615 0.448
0.352 0.476
0.476 0.413
0.413 0.386
0.386 0.398
0.398 0.416
0.416 0.4
0.4 0.41
0.41 0.41
0.41 0.449
0.449 0.421
0.421 0.384
0.384 0.438
0.438 0.416
0.416 0.396
0.396 0.396
0.396 0.404
0.404 0.413
0.394 0.413
0.413 0.411
0.411 0.388
0.388 0.378
0.378 0.463
0.463 0.351
0.351 0.445
0.445 0.359
0.338 0.471
0.471 0.341
0.344 0.417
0.424 0.406
0.455 0.453
0.453 0.402
0.402 0.388
0.388 0.448
0.401 0.435
0.435 0.496
0.496 0.535
0.535 0.55
0.55 0.493
0.493 0.626
0.626 0.643
0.643 0.65
0.65 0.624
0.624 0.584
0.584 0.125
0.468 0.44
0.44 0.452
0.452 0.47
0.47 0.438
0.438 0.418
0.418 0.442
0.442 0.459
0.459 0.419
0.433 0.426
0.426 0.407
0.407 0.403
0.403 0.461
0.461 0.432
0.427 0.417
0.417 0.416
0.416 0.395
0.395 0.387
0.387 0.389
0.389 0.439
0.439 0.426
0.426 0.37
0.37 0.406
0.406 0.417
0.417 0.37
0.497 0.51
0.51 0.541
0.541 0.473
0.473 0.479
0.479 0.375
0.375 0.446
0.418 0.354
0.354 0.364
0.453 0.448
0.448 0.392
0.392 0.091
0.414 0.481
0.481 0.41
0.41 0.469
0.469 0.462
0.462 0.448
0.448 0.465
0.465 0.433
0.433 0.339
0.339 0.434
0.554 0.45
0.45 0.534
0.534 0.477
0.477 0.444
0.453 0.25
0.415 0.384
0.384 0.416
0.416 0.38
0.38 0.416
0.416 0.441
0.434 0.342
0.417 0.313
0.313 0.417
0.482 0.472
0.472 0.466
0.466 0.47
0.47 0.419
0.417 0.417
0.417 0.426
0.426 0.435
0.435 0.447
0.447 0.42
0.42 0.469
0.469 0.444
0.409 0.386
0.386 0.389
0.389 0.389
0.389 0.403
0.403 0.44
0.44 0.41
0.41 0.468
0.468 0.436
0.436 0.398
0.398 0.397
0.397 0.405
0.405 0.476
0.379 0.429
0.429 0.296
0.296 0.222
0.397 0.4
0.4 0.0
0.499 0.508
0.508 0.513
0.513 0.501
0.501 0.496
0.496 0.484
0.484 0.546
0.546 0.497
0.497 0.504
0.504 0.518
0.518 0.5
0.5 0.492
0.492 0.502
0.502 0.49
0.49 0.512
0.512 0.512
0.512 0.488
0.393 0.337
0.337 0.417
0.417 0.368
0.368 0.398
0.398 0.33
0.395 0.333
0.464 0.418
0.418 0.382
0.46 0.42
0.42 0.368
0.43 0.444
0.475 0.429
0.429 0.355
0.458 0.463
0.463 0.425
0.425 0.443
0.443 0.427
0.427 0.412
0.412 0.412
0.412 0.414
0.414 0.437
0.437 0.44
0.412 0.411
0.411 0.437
0.437 0.352
0.352 0.393
0.393 0.41
0.41 0.382
0.382 0.436
0.436 0.424
0.424 0.38
0.38 0.389
0.389 0.371
0.371 0.342
0.342 0.391
0.43 0.438
0.438 0.465
0.465 0.383
0.383 0.455
0.455 0.529
0.58 0.428
0.428 0.37
0.37 0.511
0.511 0.522
0.522 0.529
0.529 0.5
0.421 0.222
0.222 0.385
0.469 0.449
0.449 0.36
0.36 0.544
0.544 0.519
0.519 0.552
0.552 0.469
0.469 0.55
0.55 0.501
0.501 0.478
0.478 0.479
0.479 0.5
0.444 0.421
0.421 0.422
0.422 0.392
0.416 0.444
0.444 0.536
0.536 0.454
0.454 0.502
0.502 0.507
0.507 0.565
0.565 0.458
0.458 0.636
0.451 0.417
0.417 0.435
0.435 0.403
0.403 0.423
0.423 0.435
0.435 0.408
0.408 0.333
0.496 0.469
0.469 0.444
0.477 0.47
0.47 0.502
0.502 0.499
0.499 0.502
0.502 0.526
0.526 0.476
0.476 0.539
0.539 0.531
0.531 0.521
0.521 0.528
0.528 0.503
0.503 0.496
0.496 0.441
0.441 0.467
0.467 0.467
0.467 0.47
0.481 0.327
0.387 0.426
0.426 0.419
0.419 0.333
0.333 0.402
0.402 0.417
0.417 0.314
0.314 0.338
0.449 0.447
0.393 0.125
0.309 0.411
0.411 0.39
0.39 0.408
0.408 0.356
0.356 0.4
0.4 0.395
0.395 0.357
0.357 0.38
0.38 0.432
0.39 0.424
0.331 0.384
0.384 0.422
0.422 0.392
0.392 0.4
0.42 0.421
0.421 0.427
0.427 0.39
0.39 0.364
0.389 0.2
0.479 0.469
0.469 0.509
0.509 0.471
0.471 0.493
0.493 0.415
0.462 0.513
0.513 0.52
0.52 0.411
0.34 0.499
0.499 0.433
0.433 0.278
0.278 0.36
0.36 0.48
0.48 0.473
0.473 0.395
0.392 0.422
0.422 0.455
0.455 0.345
0.345 0.411
0.406 0.361
0.361 0.0
0.488 0.569
0.569 0.447
0.447 0.493
0.493 0.459
0.438 0.435
0.435 0.443
0.443 0.455
0.455 0.44
0.44 0.491
0.491 0.468
0.468 0.484
0.484 0.447
0.447 0.409
0.409 0.429
0.429 0.452
0.452 0.429
0.222 0.42
0.42 0.4
0.4 0.537
0.537 0.344
0.344 0.5
0.417 0.418
0.418 0.447
0.447 0.411
0.411 0.423
0.423 0.286
0.392 0.365
0.365 0.367
0.454 0.461
0.461 0.511
0.511 0.471
0.471 0.489
0.489 0.475
0.475 0.491
0.491 0.5
0.5 0.461
0.444 0.475
0.475 0.434
0.434 0.463
0.463 0.459
0.459 0.452
0.452 0.457
0.457 0.434
0.434 0.439
0.439 0.435
0.435 0.416
0.416 0.446
0.446 0.351
0.351 0.396
0.487 0.527
0.527 0.508
0.508 0.495
0.495 0.512
0.512 0.495
0.495 0.446
0.446 0.429
0.425 0.464
0.464 0.413
0.413 0.404
0.404 0.395
1.0 0.526
0.464 0.333
0.333 0.4
0.571 0.498
0.498 0.446
0.446 0.443
0.443 1.0
0.444 0.509
0.509 0.468
0.468 0.476
0.476 0.527
0.527 0.516
0.516 0.642
0.389 0.484
0.442 0.426
0.426 0.492
0.474 0.39
0.39 0.422
0.422 0.6
0.438 0.416
0.416 0.389
0.389 0.465
0.465 0.489
0.387 0.398
0.398 0.387
0.387 0.405
0.405 0.419
0.419 0.384
0.384 0.359
0.359 0.319
0.421 0.399
0.399 0.387
0.387 0.359
0.359 0.451
0.451 0.422
0.422 0.428
0.428 0.409
0.409 0.445
0.445 0.38
0.38 0.399
0.449 0.437
0.437 0.445
0.445 0.435
0.435 0.415
0.479 0.46
0.46 0.45
0.45 0.453
0.453 0.451
0.451 0.459
0.459 0.465
0.465 0.359
0.359 0.51
0.51 0.509
0.509 0.44
0.44 0.309
0.309 0.526
0.336 0.434
0.434 0.428
0.428 0.386
0.386 0.401
0.401 0.381
0.381 0.379
0.379 0.29
0.383 0.423
0.423 0.467
0.467 0.397
0.397 0.43
0.43 0.409
0.409 0.4
0.4 0.381
0.381 0.402
0.402 0.355
0.381 0.382
0.382 0.351
0.351 0.343
0.343 0.358
0.358 0.37
0.37 0.385
0.385 0.344
0.344 0.329
0.329 0.167
0.487 0.425
0.425 0.441
0.441 0.483
0.483 0.468
0.468 0.506
0.506 0.485
0.485 0.474
0.474 0.472
0.472 0.443
0.443 0.508
0.42 0.398
0.398 0.414
0.414 0.387
0.387 0.424
0.424 0.447
0.447 0.442
0.442 0.458
0.458 0.417
0.417 0.43
0.439 0.443
0.443 0.464
0.464 0.444
0.444 0.427
0.427 0.382
0.382 0.394
0.394 0.403
0.403 0.398
0.4 0.405
0.378 0.442
0.442 0.442
0.442 0.424
0.424 0.426
0.426 0.294
0.467 0.366
0.366 0.438
0.438 0.415
0.415 0.465
0.465 0.472
0.472 0.41
0.419 0.439
0.439 0.398
0.398 0.34
0.425 0.374
0.374 0.435
0.435 0.425
0.425 0.403
0.403 0.411
0.411 0.433
0.433 0.405
0.405 0.414
0.414 0.423
0.423 0.411
0.411 0.374
0.374 0.373
0.373 0.231
0.308 0.385
0.442 0.447
0.447 0.47
0.47 0.535
0.535 0.437
0.437 0.442
0.442 0.45
0.45 0.436
0.436 0.468
0.468 0.461
0.461 0.427
0.427 0.403
0.403 0.464
0.464 0.315
0.349 0.411
0.411 0.446
0.446 0.406
0.406 0.445
0.445 0.443
0.443 0.414
0.414 0.437
0.437 0.404
0.404 0.441
0.447 0.479
0.479 0.42
0.42 0.402
0.374 0.396
0.545 0.461
0.461 0.452
0.452 0.534
0.534 0.519
0.519 0.412
0.409 0.401
0.401 0.381
0.381 0.401
0.401 0.456
0.456 0.387
0.387 0.386
0.386 0.416
0.416 0.324
0.445 0.432
0.432 0.423
0.423 0.409
0.409 0.428
0.428 0.404
0.404 0.422
0.422 0.367
0.444 0.448
0.448 0.434
0.434 0.344
0.344 0.432
0.432 0.405
0.405 0.275
0.392 0.437
0.437 0.387
0.387 0.0
0.407 0.43
0.43 0.418
0.421 0.47
0.47 0.43
0.411 0.391
0.391 0.414
0.414 0.384
0.384 0.398
0.398 0.404
0.404 0.406
0.406 0.385
0.385 0.416
0.416 0.423
0.423 0.361
0.361 0.363
0.363 0.372
0.375 0.422
0.422 0.425
0.425 0.427
0.427 0.422
0.422 0.399
0.399 0.419
0.419 0.404
0.404 0.349
0.189 0.363
0.363 0.385
0.473 0.419
0.419 0.432
0.432 0.417
0.417 0.41
0.41 0.389
0.503 0.464
0.464 0.494
0.494 0.465
0.465 0.582
0.477 0.458
0.458 0.518
0.518 0.46
0.46 0.496
0.496 0.431
0.431 0.382
0.382 0.443
0.431 0.398
0.374 0.392
0.392 0.401
0.401 0.357
0.397 0.41
0.41 0.402
0.402 0.422
0.422 0.385
0.385 0.393
0.407 0.448
0.48 0.468
0.468 0.452
0.452 0.435
0.435 0.462
0.462 0.467
0.467 0.461
0.461 0.455
0.455 0.439
0.439 0.435
0.435 0.433
0.433 0.385
0.385 0.414
0.414 0.415
0.0 0.278
0.278 0.5
0.5 0.2
0.2 0.423
0.423 0.0
0.0 0.0
0.0 0.492
0.492 0.373
0.439 0.426
0.426 0.386
0.441 0.378
0.427 0.427
0.427 0.433
0.433 0.433
0.433 0.451
0.451 0.459
0.459 0.416
0.416 0.447
0.447 0.438
0.445 0.369
0.369 0.409
0.409 0.397
0.397 0.36
0.589 0.531
0.531 0.517
0.487 0.452
0.452 0.423
0.423 0.495
0.495 0.515
0.515 0.409
0.409 0.535
0.535 0.158
0.158 0.214
0.462 0.443
0.443 0.444
0.444 0.447
0.447 0.431
0.431 0.445
0.445 0.454
0.454 0.458
0.458 0.461
0.461 0.516
0.516 0.453
0.453 0.373
0.373 0.355
0.45 0.551
0.551 0.48
0.48 0.473
0.473 0.432
0.432 0.467
0.467 0.504
0.504 0.327
0.327 0.496
0.496 0.5
0.5 0.591
0.591 0.378
0.336 0.343
0.498 0.454
0.454 0.462
0.462 0.483
0.494 0.477
0.477 0.406
0.441 0.442
0.442 0.439
0.439 0.431
0.431 0.462
0.462 0.451
0.451 0.415
0.415 0.419
0.419 0.342
0.48 0.469
0.469 0.452
0.452 0.44
0.44 0.476
0.476 0.525
0.525 0.524
0.524 0.508
0.508 0.485
0.485 0.508
0.508 0.52
0.52 0.446
0.446 0.514
0.514 0.482
0.482 0.446
0.446 0.446
0.503 0.519
0.519 0.459
0.459 0.461
0.461 0.443
0.443 0.395
0.395 0.424
0.424 0.327
0.327 0.452
0.382 0.0
0.445 0.463
0.463 0.47
0.47 0.488
0.488 0.49
0.49 0.495
0.495 0.5
0.5 0.538
0.538 0.491
0.491 0.456
0.456 0.511
0.511 0.441
0.441 0.602
0.602 0.512
0.512 0.409
0.409 0.409
0.413 0.407
0.407 0.422
0.422 0.392
0.482 0.505
0.505 0.486
0.431 0.464
0.464 0.449
0.449 0.472
0.472 0.443
0.443 0.399
0.399 0.452
0.452 0.482
0.482 0.435
0.435 0.417
0.462 0.456
0.456 0.448
0.448 0.475
0.475 0.407
0.357 0.444
0.444 0.414
0.414 0.388
0.388 0.404
0.404 0.333
0.382 0.358
0.523 0.571
0.571 0.491
0.491 0.0
0.0 0.538
0.495 0.573
0.457 0.451
0.451 0.457
0.457 0.417
0.417 0.431
0.431 0.406
0.406 0.431
0.431 0.419
0.419 0.388
0.388 0.387
0.387 0.442
0.442 0.437
0.463 0.413
0.413 0.444
0.444 0.447
0.447 0.412
0.412 0.441
0.441 0.392
0.392 0.434
0.441 0.426
0.473 0.449
0.449 0.429
0.429 0.459
0.459 0.43
0.43 0.25
0.25 0.647
0.48 0.477
0.477 0.434
0.434 0.441
0.441 0.455
0.455 0.5
0.5 0.414
0.446 0.397
0.397 0.409
0.409 0.427
0.427 0.411
0.442 0.42
0.42 0.404
0.404 0.488
0.488 0.507
0.507 0.501
0.505 0.481
0.481 0.41
0.41 0.485
0.485 0.482
0.482 0.461
0.452 0.454
0.454 0.406
0.406 0.457
0.457 0.477
0.477 0.463
0.463 0.466
0.466 0.492
0.492 0.473
0.473 0.445
0.445 0.46
0.46 0.438
0.438 0.479
0.479 0.459
0.459 0.5
0.5 0.5
0.5 0.557
0.435 0.499
0.499 0.493
0.493 0.51
0.51 0.524
0.524 0.495
0.495 0.453
0.453 0.463
0.463 0.476
0.476 0.43
0.43 0.446
0.446 0.333
0.436 0.438
0.438 0.434
0.434 0.438
0.438 0.505
0.505 0.466
0.466 0.46
0.46 0.502
0.502 0.482
0.482 0.501
0.501 0.401
0.401 0.435
0.435 0.433
0.433 0.481
0.481 0.325
0.325 0.325
0.325 0.355
0.355 0.391
0.44 0.453
0.453 0.441
0.441 0.438
0.438 0.437
0.372 0.417
0.417 0.368
0.408 0.432
0.434 0.438
0.438 0.434
0.434 0.426
0.426 0.438
0.438 0.426
0.426 0.44
0.44 0.433
0.433 0.432
0.477 0.461
0.461 0.421
0.421 0.521
0.521 0.48
0.48 0.504
0.504 0.532
0.532 0.515
0.515 0.406
0.406 0.553
0.553 0.522
0.522 0.467
0.467 0.367
0.367 0.429
0.429 0.433
0.433 0.433
0.433 0.6
0.4 0.4
0.4 0.52
0.52 0.476
0.476 0.5
0.406 0.402
0.493 0.475
0.475 0.385
0.385 0.505
0.505 0.502
0.502 0.435
0.435 0.609
0.609 0.577
0.577 0.553
0.553 0.6
0.444 0.44
0.518 0.516
0.423 0.436
0.379 0.411
0.411 0.324
0.324 0.25
0.484 0.501
0.501 0.374
0.374 0.478
0.478 0.498
0.498 0.526
0.526 0.556
0.556 0.538
0.538 0.385
0.25 0.6
0.6 0.448
0.448 0.391
0.391 0.4
0.485 0.483
0.483 0.442
0.442 0.45
0.45 0.478
0.478 0.5
0.523 0.5
0.5 0.558
0.558 0.444
0.444 0.45
0.45 0.422
0.422 0.576
0.576 0.473
0.473 0.446
0.446 0.425
0.425 0.361
0.361 0.375
0.487 0.483
0.483 0.465
0.465 0.47
0.47 0.502
0.502 0.512
0.512 0.532
0.532 0.504
0.504 0.503
0.503 0.507
0.507 0.492
0.492 0.532
0.532 0.497
0.497 0.383
0.357 0.435
0.461 0.493
0.493 0.525
0.525 0.469
0.469 0.46
0.46 0.515
0.515 0.546
0.546 0.55
0.55 0.513
0.513 0.544
0.382 0.498
0.498 0.495
0.495 0.391
0.391 0.429
0.429 0.298
0.298 0.432
0.432 0.437
0.419 0.453
0.446 0.398
0.398 0.406
0.406 0.369
0.369 0.321
0.321 0.411
0.474 0.477
0.477 0.463
0.463 0.462
0.462 0.459
0.459 0.48
0.48 0.502
0.502 0.479
0.479 0.479
0.479 0.481
0.481 0.517
0.517 0.457
0.457 0.471
0.471 0.497
0.497 0.459
0.459 0.459
0.459 0.448
0.448 0.437
0.465 0.479
0.479 0.484
0.484 0.434
0.434 0.452
0.452 0.472
0.472 0.436
0.436 0.439
0.439 0.474
0.474 0.529
0.529 0.459
0.459 0.433
0.433 0.482
0.482 0.504
0.572 0.579
0.579 0.574
0.574 0.584
0.584 0.601
0.601 0.6
0.6 0.591
0.591 0.593
0.593 0.609
0.609 0.566
0.566 0.667
0.388 0.369
0.369 0.418
0.418 0.333
0.46 0.419
0.419 0.439
0.439 0.43
0.43 0.473
0.473 0.481
0.481 0.468
0.468 0.525
0.525 0.492
0.492 0.463
0.463 0.53
0.53 0.352
0.352 0.399
0.498 0.464
0.396 0.388
0.388 0.451
0.451 0.37
0.37 0.355
0.355 0.431
0.431 0.433
0.433 0.42
0.42 0.407
0.407 0.4
0.435 0.433
0.433 0.427
0.427 0.425
0.425 0.456
0.456 0.446
0.446 0.413
0.495 0.453
0.453 0.518
0.518 0.476
0.476 0.44
0.44 0.492
0.614 0.555
0.555 0.55
0.55 0.51
0.51 0.353
0.353 0.603
0.603 0.667
0.667 0.667
0.374 0.318
0.486 0.537
0.537 0.435
0.425 0.368
0.368 0.403
0.403 0.423
0.419 0.476
0.476 0.402
0.402 0.443
0.443 0.421
0.421 0.353
0.353 0.286
0.472 0.383
0.383 0.418
0.418 0.349
0.349 0.446
0.446 0.424
0.489 0.361
0.361 0.503
0.503 0.4
0.494 0.515
0.515 0.492
0.492 0.506
0.506 0.531
0.531 0.515
0.515 0.548
0.548 0.453
0.456 0.467
0.467 0.454
0.454 0.471
0.471 0.468
0.468 0.42
0.42 0.393
0.421 0.421
0.421 0.414
0.414 0.448
0.448 0.373
0.414 0.5
0.464 0.5
0.438 0.495
0.495 0.456
0.456 0.401
0.401 0.473
0.431 0.438
0.438 0.392
0.392 0.405
0.405 0.42
0.42 0.436
0.436 0.429
0.429 0.417
0.417 0.399
0.399 0.385
0.385 0.4
0.433 0.439
0.439 0.471
0.471 0.377
0.377 0.43
0.43 0.393
0.393 0.36
0.36 0.364
0.454 0.442
0.442 0.416
0.416 0.402
0.402 0.455
0.455 0.471
0.471 0.439
0.439 0.464
0.464 0.457
0.457 0.472
0.472 0.497
0.497 0.443
0.443 0.436
0.436 0.451
0.451 0.447
0.447 0.447
0.447 0.363
0.363 0.4
0.451 0.411
0.411 0.444
0.444 0.379
0.468 0.55
0.55 0.46
0.46 0.412
0.412 0.473
0.473 0.455
0.455 0.423
0.423 0.522
0.437 0.396
0.448 0.424
0.412 0.376
0.376 0.411
0.411 0.478
0.478 0.357
0.357 0.403
0.403 0.431
0.431 0.418
0.418 0.412
0.412 0.365
0.365 0.336
0.315 0.333
0.333 0.368
0.476 0.455
0.455 0.441
0.441 0.489
0.489 0.517
0.517 0.521
0.521 0.0
0.273 0.333
0.343 0.535
0.535 0.391
0.391 0.36
0.36 0.598
0.598 0.548
0.548 0.474
0.474 0.576
0.576 0.625
0.625 0.523
0.523 0.568
0.568 0.458
0.458 0.25
0.499 0.5
0.5 0.464
0.464 0.485
0.485 0.447
0.447 0.571
0.571 0.333
0.333 0.482
0.482 0.531
0.531 0.461
0.461 0.167
0.333 0.333
0.263 0.483
0.483 0.469
0.469 0.44
0.44 0.441
0.441 0.45
0.45 0.465
0.465 0.442
0.442 0.455
0.455 0.352
0.352 0.4
0.4 0.4
0.566 0.474
0.474 0.0
0.44 0.389
0.389 0.429
0.429 0.289
0.442 0.432
0.432 0.372
0.372 0.398
0.398 0.389
0.389 0.355
0.355 0.418
0.418 0.359
0.359 0.393
0.393 0.431
0.431 0.341
0.341 0.376
0.376 0.091
0.407 0.405
0.426 0.457
0.422 0.425
0.425 0.398
0.398 0.387
0.387 0.386
0.386 0.427
0.427 0.372
0.486 0.507
0.507 0.469
0.531 0.453
0.453 0.492
0.492 0.482
0.468 0.467
0.467 0.432
0.432 0.448
0.448 0.442
0.364 0.25
0.682 0.558
0.43 0.471
0.471 0.402
0.402 0.41
0.41 0.382
0.428 0.418
0.418 0.421
0.421 0.358
0.457 0.455
0.455 0.406
0.406 0.402
0.402 0.455
0.455 0.423
0.423 0.442
0.435 0.463
0.463 0.459
0.459 0.428
0.428 0.449
0.449 0.374
0.374 0.398
0.398 0.367
0.367 0.344
0.444 0.269
0.44 0.38
0.38 0.353
0.353 0.402
0.402 0.377
0.377 0.0
0.478 0.5
0.415 0.493
0.399 0.353
0.353 0.387
0.398 0.543
0.543 0.55
0.55 0.497
0.497 0.507
0.507 0.513
0.513 0.49
0.49 0.465
0.465 0.449
0.449 0.4
0.4 0.0
0.0 0.0
0.514 0.467
0.467 0.54
0.5 0.413
0.403 0.511
0.511 0.46
0.46 0.439
0.439 0.514
0.514 0.475
0.475 0.449
0.449 0.478
0.478 0.468
0.468 0.399
0.399 0.188
0.456 0.455
0.455 0.388
0.388 0.406
0.406 0.411
0.418 0.442
0.442 0.452
0.452 0.413
0.413 0.382
0.382 0.409
0.409 0.417
0.417 0.158
0.6 0.231
0.43 0.404
0.404 0.403
0.403 0.409
0.409 0.414
0.402 0.397
0.397 0.409
0.409 0.399
0.399 0.414
0.414 0.401
0.401 0.428
0.428 0.405
0.405 0.267
0.267 0.408
0.408 0.25
0.25 0.37
0.37 0.384
0.398 0.368
0.318 0.47
0.47 0.433
0.433 0.417
0.341 0.385
0.385 0.401
0.401 0.432
0.432 0.408
0.408 0.46
0.46 0.461
0.461 0.386
0.386 0.312
0.312 0.282
0.282 0.388
0.388 0.285
0.285 0.374
0.324 0.348
0.348 0.378
0.378 0.417
0.417 0.524
0.401 0.372
0.504 0.517
0.517 0.483
0.47 0.484
0.484 0.481
0.481 0.48
0.48 0.444
0.444 0.437
0.437 0.423
0.423 0.44
0.44 0.399
0.399 0.404
0.404 0.441
0.434 0.402
0.402 0.376
0.376 0.401
0.401 0.392
0.392 0.397
0.397 0.391
0.391 0.356
0.303 0.389
0.389 0.429
0.429 0.403
0.403 0.375
0.431 0.446
0.446 0.4
0.424 0.443
0.443 0.432
0.432 0.425
0.425 0.209
0.488 0.4
0.4 0.25
0.25 0.4
0.4 0.297
0.39 0.424
0.424 0.412
0.412 0.416
0.416 0.427
0.451 0.48
0.48 0.481
0.481 0.469
0.469 0.449
0.449 0.491
0.491 0.465
0.465 0.509
0.509 0.429
0.51 0.508
0.508 0.481
0.481 0.449
0.449 0.506
0.506 0.487
0.487 0.415
0.415 0.431
0.431 0.45
0.436 0.43
0.43 0.428
0.428 0.417
0.417 0.501
0.501 0.47
0.47 0.484
0.484 0.467
0.467 0.463
0.463 0.438
0.438 0.451
0.451 0.43
0.43 0.434
0.434 0.362
0.362 0.422
0.422 0.422
0.422 0.402
0.402 0.432
0.443 0.478
0.478 0.465
0.465 0.469
0.469 0.47
0.47 0.505
0.505 0.482
0.482 0.421
0.421 0.375
0.375 0.486
0.511 0.494
0.494 0.483
0.483 0.473
0.473 0.471
0.471 0.486
0.486 0.486
0.486 0.492
0.492 0.503
0.503 0.476
0.476 0.511
0.511 0.465
0.465 0.542
0.43 0.42
0.42 0.443
0.443 0.446
0.446 0.439
0.439 0.431
0.431 0.414
0.414 0.413
0.413 0.432
0.432 0.462
0.497 0.426
0.426 0.443
0.443 0.505
0.505 0.444
0.438 0.507
0.507 0.535
0.535 0.473
0.47 0.475
0.475 0.452
0.452 0.504
0.504 0.5
0.5 0.606
0.606 0.403
0.412 0.422
0.422 0.422
0.422 0.406
0.406 0.419
0.419 0.454
0.454 0.419
0.419 0.456
0.456 0.413
0.413 0.409
0.409 0.446
0.446 0.415
0.415 0.264
0.264 0.385
0.385 0.441
0.441 0.441
0.414 0.409
0.409 0.412
0.412 0.39
0.39 0.381
0.381 0.397
0.435 0.433
0.433 0.482
0.482 0.454
0.454 0.456
0.456 0.424
0.433 0.47
0.47 0.448
0.448 0.386
0.386 0.449
0.449 0.437
0.437 0.425
0.425 0.428
0.428 0.32
0.44 0.554
0.554 0.564
0.564 0.507
0.507 0.458
0.458 0.437
0.437 0.475
0.475 0.463
0.463 0.267
0.413 0.394
0.394 0.388
0.388 0.428
0.428 0.422
0.422 0.435
0.435 0.397
0.397 0.363
0.48 0.512
0.512 0.42
0.42 0.384
0.384 0.355
0.355 0.0
0.49 0.531
0.531 0.481
0.481 0.421
0.421 0.453
0.453 0.51
0.51 0.453
0.453 0.392
0.392 0.445
0.445 0.541
0.541 0.45
0.45 0.395
0.424 0.435
0.501 0.469
0.469 0.471
0.471 0.436
0.436 0.44
0.44 0.43
0.43 0.423
0.423 0.432
0.432 0.419
0.419 0.409
0.416 0.373
0.373 0.399
0.399 0.41
0.41 0.312
0.501 0.418
0.418 0.449
0.449 0.493
0.493 0.412
0.481 0.495
0.495 0.461
0.461 0.413
0.413 0.433
0.433 0.434
0.434 0.452
0.452 0.484
0.533 0.469
0.469 0.441
0.441 0.427
0.427 0.441
0.441 0.463
0.463 0.411
0.411 0.443
0.422 0.4
0.4 0.433
0.433 0.389
0.389 0.398
0.398 0.403
0.403 0.293
0.498 0.538
0.538 0.472
0.472 0.521
0.521 0.452
0.387 0.418
0.418 0.355
0.355 0.378
0.457 0.526
0.526 0.453
0.453 0.503
0.503 0.46
0.46 0.517
0.517 0.547
0.547 0.491
0.43 0.415
0.415 0.438
0.438 0.405
0.362 0.374
0.374 0.442
0.442 0.386
0.386 0.43
0.43 0.387
0.387 0.404
0.407 0.382
0.382 0.388
0.388 0.407
0.407 0.413
0.413 0.442
0.442 0.413
0.413 0.384
0.463 0.49
0.49 0.499
0.499 0.47
0.47 0.502
0.445 0.547
0.547 0.425
0.474 0.396
0.396 0.411
0.411 0.484
0.484 0.293
0.438 0.42
0.42 0.394
0.394 0.375
0.394 0.419
0.419 0.393
0.502 0.51
0.51 0.453
0.453 0.505
0.505 0.467
0.467 0.417
0.417 0.51
0.441 0.44
0.44 0.479
0.479 0.467
0.467 0.389
0.401 0.423
0.423 0.428
0.428 0.421
0.421 0.496
0.496 0.404
0.404 0.44
0.44 0.453
0.453 0.401
0.401 0.414
0.414 0.397
0.397 0.394
0.394 0.403
0.403 0.397
0.448 0.459
0.459 0.454
0.454 0.439
0.439 0.469
0.469 0.478
0.478 0.448
0.448 0.286
0.286 0.37
0.421 0.44
0.44 0.383
0.383 0.37
0.37 0.472
0.431 0.424
0.424 0.419
0.419 0.475
0.475 0.49
0.49 0.415
0.415 0.48
0.48 0.429
0.429 0.397
0.397 0.355
0.338 0.4
0.4 0.443
0.443 0.534
0.534 0.571
0.453 0.431
0.431 0.392
0.392 0.431
0.431 0.447
0.447 0.418
0.418 0.398
0.398 0.261
0.261 0.411
0.411 0.366
0.366 0.406
0.318 0.333
0.333 0.371
0.441 0.459
0.459 0.441
0.441 0.389
0.389 0.444
0.444 0.425
0.425 0.451
0.402 0.235
0.235 0.571
0.429 0.483
0.483 0.446
0.446 0.442
0.442 0.488
0.488 0.446
0.446 0.428
0.428 0.41
0.41 0.398
0.398 0.45
0.45 0.387
0.387 0.42
0.42 0.382
0.406 0.0
0.0 0.2
0.52 0.481
0.481 0.467
0.467 0.625
0.625 0.405
0.4 0.529
0.529 0.371
0.371 0.297
0.483 0.395
0.395 0.462
0.462 0.512
0.512 0.517
0.517 0.445
0.445 0.468
0.381 0.314
0.314 0.1
0.1 0.371
0.329 0.357
0.357 0.461
0.461 0.333
0.387 0.446
0.446 0.489
0.489 0.46
0.46 0.526
0.526 0.591
0.591 0.507
0.507 0.533
0.533 0.5
0.5 0.517
0.517 0.525
0.525 0.459
0.426 0.458
0.458 0.5
0.5 0.356
0.497 0.531
0.531 0.424
0.424 0.494
0.494 0.565
0.565 0.624
0.624 0.623
0.623 0.565
0.565 0.574
0.574 0.654
0.654 0.679
0.679 0.638
0.638 0.593
0.593 0.666
0.666 0.666
0.666 0.583
0.583 0.671
0.4 0.462
0.462 0.427
0.427 0.421
0.421 0.413
0.413 0.327
0.461 0.442
0.442 0.498
0.498 0.414
0.414 0.461
0.461 0.441
0.441 0.439
0.439 0.457
0.457 0.387
0.387 0.286
0.421 0.414
0.414 0.424
0.424 0.412
0.412 0.397
0.397 0.364
0.364 0.469
0.469 0.314
0.314 0.348
0.348 0.479
0.479 0.4
0.4 0.31
0.31 0.458
0.501 0.585
0.585 0.496
0.496 0.538
0.538 0.563
0.563 0.576
0.576 0.546
0.546 1.0
1.0 0.381
0.414 0.351
0.351 0.388
0.388 0.29
0.29 0.487
0.487 0.47
0.47 0.522
0.522 0.433
0.433 0.517
0.517 0.333
0.333 0.357
0.357 0.296
0.461 0.412
0.412 0.393
0.393 0.438
0.517 0.333
0.333 0.545
0.083 0.286
0.391 0.438
0.438 0.313
0.313 0.529
0.518 0.51
0.51 0.482
0.482 0.514
0.514 0.503
0.503 0.538
0.538 0.534
0.534 0.567
0.567 0.536
0.536 0.529
0.529 0.501
0.501 0.466
0.466 0.48
0.48 0.494
0.494 0.494
0.494 0.469
0.469 0.502
0.366 0.4
0.425 0.367
0.367 0.465
0.465 0.474
0.474 0.464
0.464 0.49
0.49 0.422
0.422 0.45
0.45 0.411
0.282 0.118
0.493 0.51
0.51 0.515
0.515 0.56
0.56 0.514
0.514 0.558
0.558 0.528
0.528 0.48
0.48 0.562
0.562 0.574
0.574 0.518
0.518 0.431
0.456 0.544
0.544 0.529
0.529 0.614
0.614 0.601
0.601 0.577
0.577 0.536
0.476 0.364
0.491 0.478
0.478 0.498
0.498 0.509
0.509 0.463
0.463 0.418
0.418 1.0
1.0 0.375
0.349 0.373
0.373 0.414
0.414 0.441
0.441 0.469
0.469 0.422
0.422 0.348
0.348 0.383
0.383 0.3
0.457 0.501
0.501 0.498
0.498 0.422
0.422 0.493
0.493 0.456
0.456 0.466
0.466 0.439
0.439 0.467
0.467 0.474
0.474 0.416
0.416 0.456
0.456 0.45
0.45 0.444
0.444 0.444
0.444 0.458
0.458 0.446
0.43 0.397
0.397 0.43
0.43 0.461
0.461 0.453
0.453 0.471
0.471 0.432
0.432 0.437
0.437 0.458
0.458 0.443
0.443 0.454
0.454 0.423
0.423 0.454
0.454 0.435
0.435 0.435
0.435 0.439
0.439 0.436
0.416 0.445
0.45 0.491
0.491 0.443
0.443 0.493
0.493 0.46
0.46 0.471
0.471 0.506
0.506 0.449
0.449 0.506
0.506 0.467
0.466 0.467
0.467 0.453
0.453 0.384
0.432 0.373
0.276 0.0
0.408 0.235
0.235 0.402
0.384 0.466
0.421 0.451
0.451 0.44
0.44 0.414
0.414 0.433
0.433 0.458
0.458 0.455
0.455 0.475
0.475 0.472
0.472 0.368
0.368 0.45
0.45 0.361
0.37 0.241
0.419 0.464
0.464 0.447
0.447 0.482
0.482 0.548
0.548 0.52
0.52 0.494
0.494 0.506
0.506 0.487
0.487 0.519
0.519 0.48
0.48 0.522
0.522 0.499
0.499 0.486
0.486 0.486
0.486 0.493
0.493 0.466
0.412 0.41
0.41 0.425
0.425 0.409
0.409 0.407
0.407 0.424
0.424 0.453
0.453 0.421
0.421 0.377
0.377 0.431
0.431 0.376
0.376 0.302
0.449 0.513
0.513 0.485
0.485 0.448
0.448 0.436
0.436 0.467
0.467 0.459
0.459 0.475
0.475 0.488
0.488 0.503
0.503 0.463
0.463 0.46
0.46 0.467
0.467 0.487
0.487 0.487
0.487 0.475
0.475 0.449
0.505 0.552
0.552 0.442
0.442 0.568
0.568 0.542
0.426 0.41
0.41 0.438
0.438 0.446
0.446 0.446
0.446 0.417
0.417 0.441
0.441 0.477
0.477 0.474
0.474 0.447
0.447 0.408
0.408 0.402
0.214 0.309
0.367 0.301
0.343 0.402
0.402 0.394
0.394 0.398
0.398 0.383
0.383 0.403
0.403 0.309
0.309 0.421
0.421 0.341
0.341 0.526
0.526 0.467
0.5 0.383
0.383 0.455
0.455 0.405
0.453 0.393
0.393 0.394
0.394 0.466
0.466 0.453
0.425 0.25
0.536 0.492
0.492 0.489
0.489 0.502
0.502 0.533
0.533 0.574
0.38 0.396
0.396 0.414
0.414 0.418
0.418 0.409
0.409 0.389
0.389 0.38
0.396 0.444
0.304 0.425
0.425 0.263
0.429 0.492
0.492 0.36
0.36 0.449
0.449 0.538
0.538 0.502
0.502 0.449
0.449 0.48
0.48 0.484
0.484 0.454
0.454 0.454
0.454 0.397
0.397 0.504
0.504 0.412
0.412 0.412
0.453 0.435
0.435 0.371
0.371 0.426
0.426 0.43
0.43 0.383
0.383 0.454
0.454 0.384
0.384 0.426
0.426 0.41
0.41 0.338
0.338 0.308
0.308 0.273
0.35 0.408
0.408 0.459
0.459 0.419
0.344 0.382
0.382 0.458
0.458 0.433
0.433 0.475
0.3 0.273
0.466 0.493
0.493 0.273
0.273 0.433
0.536 0.523
0.523 0.521
0.521 0.549
0.549 0.561
0.561 0.547
0.547 0.49
0.49 0.562
0.562 0.51
0.51 0.532
0.532 0.477
0.477 0.456
0.456 0.499
0.499 0.499
0.369 0.272
0.343 0.434
0.434 0.423
0.423 0.393
0.393 0.42
0.42 0.409
0.409 0.355
0.355 0.377
0.416 0.38
0.38 0.445
0.445 0.455
0.455 0.463
0.463 0.466
0.466 0.453
0.453 0.428
0.428 0.45
0.45 0.407
0.407 0.424
0.424 0.394
0.394 0.407
0.407 0.407
0.407 0.424
0.362 0.476
0.476 0.399
0.399 0.406
0.406 0.398
0.398 0.35
0.35 0.433
0.433 0.409
0.409 0.333
0.333 0.308
0.412 0.378
0.378 0.405
0.405 0.37
0.37 0.358
0.358 0.419
0.384 0.388
0.388 0.416
0.416 0.435
0.435 0.425
0.425 0.411
0.411 0.395
0.403 0.449
0.449 0.451
0.451 0.406
0.406 0.452
0.452 0.476
0.476 0.401
0.401 0.41
0.41 0.462
0.462 0.474
0.474 0.442
0.442 0.43
0.43 0.435
0.435 0.435
0.435 0.41
0.41 0.423
0.495 0.431
0.431 0.432
0.432 0.508
0.508 0.363
0.363 0.472
0.472 0.389
0.471 0.406
0.406 0.476
0.476 0.489
0.489 0.544
0.544 0.439
0.439 0.444
0.444 0.493
0.493 0.408
0.408 0.472
0.472 0.479
0.479 0.473
0.473 0.423
0.423 0.423
0.483 0.524
0.524 0.539
0.539 0.553
0.553 0.474
0.474 0.416
0.416 0.48
0.48 0.438
0.438 0.419
0.419 0.0
0.438 0.418
0.418 0.471
0.471 0.462
0.462 0.464
0.464 0.46
0.46 0.454
0.454 0.441
0.441 0.433
0.433 0.526
0.526 0.425
0.425 0.469
0.469 0.426
0.426 0.426
0.426 0.453
0.453 0.39
0.436 0.436
0.436 0.448
0.448 0.433
0.433 0.462
0.462 0.44
0.457 0.445
0.445 0.492
0.492 0.512
0.512 0.473
0.473 0.449
0.449 0.468
0.468 0.478
0.478 0.431
0.431 0.437
0.437 0.328
0.328 0.531
0.531 0.399
0.399 0.399
0.399 0.32
0.431 0.486
0.486 0.342
0.519 0.53
0.53 0.503
0.503 0.0
0.0 0.57
0.57 0.408
0.408 0.604
0.604 0.587
0.587 0.615
0.615 0.537
0.537 0.48
0.48 0.503
0.503 0.511
0.511 0.511
0.511 0.544
0.544 0.617
0.292 0.25
0.25 0.408
0.373 0.417
0.417 0.404
0.401 0.388
0.388 0.414
0.414 0.399
0.399 0.418
0.418 0.43
0.43 0.331
0.387 0.375
0.476 0.377
0.377 0.468
0.468 0.451
0.451 0.461
0.461 0.4
0.4 0.44
0.44 0.439
0.439 0.349
0.349 0.41
0.41 0.296
0.375 0.395
0.395 0.425
0.425 0.417
0.417 0.385
0.385 0.421
0.421 0.407
0.434 0.65
0.355 0.327
0.498 0.522
0.522 0.552
0.552 0.519
0.519 0.516
0.516 0.507
0.507 0.548
0.355 0.425
0.425 0.361
0.361 0.418
0.418 0.404
0.404 0.42
0.42 0.447
0.447 0.392
0.355 0.356
0.356 0.392
0.392 0.346
0.346 0.457
0.457 0.402
0.426 0.463
0.463 0.468
0.468 0.46
0.46 0.462
0.462 0.445
0.445 0.485
0.485 0.458
0.458 0.355
0.355 0.374
0.398 0.407
0.407 0.385
0.385 0.373
0.373 0.409
0.409 0.39
0.449 0.467
0.467 0.487
0.487 0.455
0.455 0.46
0.46 0.448
0.448 0.45
0.45 0.486
0.486 0.473
0.473 0.421
0.421 0.438
0.438 0.407
0.407 0.44
0.44 0.44
0.44 0.445
0.393 0.44
0.44 0.387
0.387 0.386
0.414 0.387
0.387 0.405
0.405 0.42
0.42 0.456
0.456 0.477
0.477 0.472
0.472 0.441
0.441 0.415
0.415 0.409
0.409 0.399
0.399 0.363
0.363 0.333
0.333 0.333
0.0 0.478
0.478 0.452
0.452 0.714
0.714 0.643
0.0 0.435
0.435 0.455
0.379 0.35
0.35 0.333
0.472 0.475
0.475 0.559
0.559 0.333
0.333 0.575
0.575 0.59
0.59 0.539
0.539 0.557
0.557 0.502
0.502 0.483
0.483 0.577
0.577 0.557
0.557 0.557
0.557 0.557
0.557 0.566
0.25 0.0
0.293 0.328
0.328 0.297
0.297 0.351
0.369 0.366
0.366 0.327
0.253 0.428
0.428 0.402
0.402 0.387
0.521 0.521
0.521 0.514
0.514 0.571
0.571 0.529
0.529 0.524
0.524 0.497
0.497 0.525
0.525 0.581
0.581 0.598
0.598 0.719
0.338 0.472
0.472 0.416
0.416 0.322
0.322 0.468
0.468 0.472
0.273 0.385
0.385 0.15
0.5 0.371
0.371 0.417
0.417 0.508
0.426 0.431
0.431 0.481
0.481 0.476
0.476 0.492
0.492 0.443
0.443 0.458
0.458 0.455
0.455 0.43
0.43 0.449
0.449 0.452
0.452 0.444
0.444 0.444
0.444 0.434
0.434 0.433
0.4 0.402
0.402 0.468
0.468 0.429
0.429 0.45
0.45 0.368
0.368 0.534
0.534 0.0
0.447 0.475
0.475 0.481
0.481 0.476
0.476 0.462
0.462 0.482
0.482 0.425
0.425 0.45
0.45 0.425
0.425 0.43
0.43 0.427
0.427 0.474
0.474 0.474
0.474 0.462
0.462 0.439
0.457 0.411
0.411 0.5
0.5 0.438
0.438 0.423
0.423 0.423
0.423 0.487
0.487 0.47
0.47 0.452
0.452 0.462
0.462 0.438
0.438 0.444
0.444 0.444
0.444 0.381
0.381 0.391
0.386 0.328
0.328 0.438
0.438 0.411
0.411 0.408
0.408 0.428
0.428 0.416
0.416 0.359
0.359 0.377
0.377 0.422
0.422 0.377
0.377 0.373
0.373 0.373
0.373 0.388
0.403 0.381
0.381 0.395
0.395 0.404
0.404 0.41
0.41 0.367
0.367 0.403
0.403 0.404
0.404 0.381
0.381 0.38
0.38 0.5
0.393 0.43
0.459 0.471
0.471 0.505
0.505 0.496
0.496 0.494
0.494 0.487
0.487 0.518
0.518 0.496
0.496 0.487
0.487 0.535
0.535 0.516
0.516 0.46
0.46 0.46
0.46 0.467
0.485 0.429
0.411 0.486
0.486 0.385
0.438 0.389
0.389 0.403
0.403 0.433
0.433 0.428
0.428 0.38
0.38 0.36
0.36 0.447
0.447 0.331
0.331 0.0
0.475 0.417
0.417 0.511
0.511 0.453
0.453 0.376
0.376 0.368
0.368 0.304
0.304 0.424
0.424 0.316
0.259 0.417
0.494 0.437
0.437 0.48
0.48 0.459
0.459 0.43
0.43 0.451
0.451 0.498
0.498 0.491
0.491 0.364
0.364 0.376
0.4 0.378
0.378 0.286
0.447 0.422
0.422 0.526
0.526 0.538
0.538 0.477
0.477 0.507
0.507 0.483
0.483 0.492
0.492 0.444
0.444 0.539
0.539 0.521
0.521 0.46
0.46 0.46
0.46 0.527
0.527 0.446
1.0 0.286
0.394 0.48
0.48 0.524
0.524 0.355
0.355 0.333
0.429 0.524
0.472 0.468
0.468 0.532
0.532 0.511
0.511 0.39
0.39 0.491
0.491 0.333
0.333 0.478
0.478 0.333
0.453 0.4
0.4 0.39
0.291 0.34
0.34 0.5
0.143 0.346
0.401 0.366
0.366 0.424
0.424 0.411
0.411 0.436
0.436 0.435
0.435 0.457
0.457 0.443
0.443 0.471
0.471 0.461
0.461 0.376
0.376 0.386
0.386 0.386
0.532 0.518
0.459 0.54
0.54 0.508
0.508 0.492
0.492 0.467
0.467 0.518
0.518 0.494
0.494 0.512
0.512 0.423
0.423 0.514
0.514 0.507
0.507 0.448
0.448 0.448
0.448 0.377
0.377 0.478
0.4 0.389
0.389 0.421
0.421 0.41
0.41 0.431
0.431 0.445
0.445 0.421
0.386 0.397
0.397 0.418
0.418 0.448
0.448 0.414
0.414 0.437
0.437 0.409
0.409 0.446
0.446 0.414
0.414 0.377
0.377 0.393
0.393 0.373
0.373 0.373
0.373 0.38
0.43 0.475
0.475 0.471
0.471 0.459
0.459 0.455
0.455 0.451
0.451 0.405
0.405 0.358
0.358 0.399
0.399 0.403
0.457 0.507
0.417 0.472
0.472 0.48
0.48 0.476
0.476 0.484
0.484 0.489
0.489 0.503
0.503 0.51
0.51 0.531
0.531 0.565
0.565 0.567
0.567 0.488
0.488 0.488
0.488 0.52
0.52 0.548
0.288 0.273
0.355 0.0
0.0 0.409
0.409 0.489
0.489 0.474
0.474 0.364
0.283 0.437
0.437 0.414
0.414 0.477
0.477 0.434
0.434 0.458
0.458 0.461
0.461 0.467
0.467 0.409
0.409 0.369
0.222 0.396
0.396 0.418
0.418 0.368
0.368 0.437
0.437 0.369
0.369 0.361
0.361 0.422
0.422 0.38
0.38 0.344
0.344 0.456
0.456 0.368
0.368 0.368
0.368 0.408
0.408 0.478
0.46 0.497
0.497 0.523
0.523 0.451
0.451 0.483
0.483 0.528
0.528 0.49
0.49 0.471
0.471 0.446
0.446 0.507
0.507 0.509
0.509 0.515
0.515 0.515
0.515 0.465
0.403 0.401
0.401 0.446
0.446 0.494
0.494 0.488
0.488 0.432
0.432 0.419
0.419 0.25
0.25 0.382
0.352 0.418
0.418 0.43
0.43 0.44
0.44 0.443
0.443 0.438
0.438 0.493
0.493 0.434
0.434 0.432
0.432 0.461
0.461 0.475
0.475 0.487
0.487 0.487
0.487 0.435
0.435 0.464
0.489 0.371
0.371 0.182
0.431 0.422
0.329 0.35
0.35 0.353
0.353 0.388
0.262 0.329
0.329 0.509
0.509 0.454
0.454 0.438
0.438 0.515
0.515 0.49
0.49 0.469
0.469 0.454
0.454 0.0
0.429 0.498
0.498 0.44
0.44 0.434
0.434 0.433
0.433 0.453
0.453 0.391
0.391 0.375
0.375 0.343
0.343 0.418
0.418 0.399
0.389 0.452
0.452 0.451
0.451 0.474
0.474 0.437
0.437 0.497
0.497 0.488
0.488 0.461
0.461 0.499
0.499 0.473
0.473 0.427
0.427 0.454
0.454 0.454
0.454 0.466
0.466 0.534
0.396 0.435
0.435 0.41
0.41 0.453
0.453 0.362
0.362 0.422
0.422 0.363
0.363 0.403
0.403 0.391
0.391 0.353
0.167 0.333
0.533 0.471
0.471 0.515
0.515 0.491
0.491 0.615
0.615 0.577
0.577 0.602
0.602 0.515
0.515 0.489
0.489 0.457
0.457 0.451
0.451 0.449
0.449 0.449
0.449 0.533
0.416 0.427
0.427 0.404
0.404 0.488
0.488 0.439
0.439 0.413
0.413 0.432
0.432 0.392
0.392 0.385
0.385 0.347
0.411 0.448
0.448 0.361
0.414 0.405
0.405 0.418
0.418 0.433
0.433 0.399
0.399 0.403
0.403 0.478
0.478 0.468
0.468 0.44
0.44 0.453
0.453 0.385
0.385 0.426
0.426 0.426
0.372 0.324
0.487 0.527
0.527 0.481
0.481 0.524
0.524 0.458
0.458 0.532
0.532 0.494
0.494 0.467
0.493 0.531
0.531 0.45
0.45 0.433
0.465 0.478
0.478 0.495
0.495 0.491
0.491 0.469
0.469 0.491
0.491 0.476
0.476 0.5
0.5 0.497
0.497 0.521
0.521 0.545
0.545 0.47
0.47 0.47
0.47 0.456
0.456 0.434
0.425 0.411
0.411 0.412
0.412 0.474
0.474 0.45
0.45 0.436
0.436 0.357
0.357 0.328
0.328 0.369
0.369 0.392
0.474 0.436
0.436 0.512
0.512 0.476
0.476 0.482
0.482 0.472
0.472 0.505
0.505 0.508
0.508 0.487
0.487 0.498
0.498 0.488
0.488 0.471
0.471 0.471
0.471 0.545
0.545 0.536
0.38 0.438
0.438 0.424
0.424 0.446
0.446 0.48
0.48 0.467
0.467 0.442
0.442 0.399
0.399 0.426
0.426 0.43
0.43 0.417
0.417 0.397
0.397 0.397
0.397 0.437
0.475 0.471
0.471 0.514
0.514 0.434
0.434 0.482
0.482 0.51
0.51 0.51
0.51 0.469
0.469 0.445
0.445 0.494
0.494 0.495
0.495 0.495
0.495 0.458
0.458 0.461
0.434 0.366
0.366 0.415
0.442 0.412
0.412 0.539
0.539 0.507
0.507 0.46
0.46 0.394
0.394 0.398
0.398 0.417
0.417 0.417
0.417 0.456
0.456 0.402
0.402 0.402
0.402 0.416
0.416 0.409
0.363 0.365
0.365 0.5
0.5 0.4
0.577 0.638
0.638 0.599
0.599 0.626
0.626 0.578
0.578 0.591
0.591 0.534
0.534 0.609
0.609 0.476
0.476 1.0
0.533 0.448
0.448 0.447
0.447 0.416
0.416 0.496
0.496 0.446
0.446 0.464
0.464 0.44
0.44 0.487
0.487 0.445
0.445 0.409
0.409 0.409
0.409 0.509
0.467 0.354
1.0 0.544
0.544 0.457
0.47 0.552
0.552 0.504
0.504 0.571
0.537 0.525
0.525 0.5
0.5 0.502
0.502 0.568
0.568 0.589
0.589 0.566
0.566 0.597
0.597 0.595
0.595 0.556
0.556 0.419
0.419 0.419
0.419 0.459
0.459 0.609
0.359 0.403
0.403 0.415
0.415 0.397
0.434 0.463
0.463 0.517
0.517 0.479
0.479 0.448
0.448 0.466
0.466 0.46
0.46 0.412
0.412 0.426
0.426 0.431
0.431 0.469
0.469 0.469
0.469 0.455
0.455 0.387
0.352 0.4
0.4 0.408
0.408 0.387
0.387 0.421
0.421 0.373
0.373 0.38
0.38 0.419
0.419 0.382
0.367 0.484
0.411 0.422
0.422 0.455
0.455 0.434
0.434 0.455
0.455 0.416
0.416 0.44
0.44 0.442
0.442 0.408
0.408 0.343
0.343 0.437
0.437 0.437
0.429 0.469
0.469 0.492
0.492 0.463
0.463 0.438
0.438 0.403
0.403 0.422
0.422 0.445
0.445 0.438
0.438 0.378
0.378 0.418
0.418 0.418
0.418 0.447
0.447 0.399
0.576 0.503
0.503 0.517
0.517 0.529
0.52 0.531
0.531 0.603
0.603 0.599
0.599 0.572
0.572 0.612
0.612 0.593
0.593 0.573
0.573 0.578
0.578 0.591
0.591 0.593
0.593 0.593
0.593 0.62
0.62 0.633
0.404 0.379
0.379 0.47
0.47 0.483
0.483 0.422
0.422 0.441
0.441 0.527
0.527 0.481
0.481 0.448
0.448 0.501
0.501 0.473
0.473 0.473
0.473 0.41
0.41 0.407
0.493 0.5
0.5 0.447
0.447 0.456
0.456 0.473
0.473 0.443
0.443 0.445
0.445 0.454
0.454 0.451
0.451 0.48
0.48 0.466
0.466 0.466
0.466 0.478
0.478 0.528
0.429 0.533
0.533 0.313
0.313 0.464
0.464 0.474
0.474 0.466
0.466 0.469
0.429 0.439
0.439 0.448
0.448 0.394
0.394 0.332
0.332 0.422
0.422 0.421
0.421 0.356
0.356 0.431
0.431 0.0
0.37 0.341
0.341 0.442
0.442 0.325
0.528 0.499
0.499 0.514
0.514 0.5
0.5 0.497
0.497 0.498
0.498 0.496
0.496 0.492
0.492 0.494
0.494 0.509
0.509 0.481
0.481 0.481
0.481 0.485
0.485 0.499
0.48 0.449
0.435 0.462
0.462 0.386
0.386 0.387
0.493 0.507
0.507 0.526
0.526 0.41
0.41 0.469
0.469 0.502
0.502 0.511
0.414 0.427
0.427 0.463
0.385 0.48
0.48 0.473
0.473 0.456
0.456 0.42
0.42 0.417
0.417 0.436
0.436 0.413
0.413 0.45
0.45 0.43
0.43 0.427
0.427 0.427
0.427 0.372
0.455 0.483
0.483 0.43
0.43 0.469
0.469 0.503
0.503 0.449
0.449 0.446
0.446 0.427
0.427 0.392
0.392 0.394
0.394 0.407
0.407 0.407
0.407 0.368
0.368 0.444
0.401 0.461
0.461 0.467
0.467 0.432
0.432 0.427
0.427 0.399
0.399 0.426
0.426 0.25
0.447 0.415
0.415 0.532
0.532 0.535
0.535 0.561
0.561 0.53
0.53 0.573
0.573 0.533
0.533 0.477
0.0 0.0
0.517 0.403
0.403 0.374
0.444 0.43
0.43 0.306
0.432 0.422
0.422 0.467
0.467 0.391
0.391 0.382
0.382 0.36
0.36 0.441
0.435 0.581
0.389 0.556
0.394 0.393
0.393 0.441
0.441 0.461
0.461 0.446
0.446 0.414
0.414 0.435
0.435 0.407
0.407 0.422
0.422 0.415
0.415 0.417
0.417 0.417
0.417 0.415
0.415 0.346
0.455 0.425
0.425 0.439
0.439 0.457
0.457 0.492
0.492 0.505
0.505 0.477
0.477 0.458
0.458 0.465
0.465 0.419
0.419 0.419
0.419 0.419
0.419 0.364
0.372 0.453
0.453 0.452
0.452 0.508
0.397 0.431
0.431 0.333
0.3 0.39
0.455 0.515
0.393 0.394
0.394 0.371
0.371 0.401
0.401 0.383
0.383 0.413
0.413 0.402
0.402 0.412
0.412 0.362
0.362 0.325
0.6 0.526
0.488 0.4
0.444 0.455
0.455 0.369
0.369 0.463
0.463 0.461
0.461 0.493
0.493 0.5
0.5 0.44
0.44 0.441
0.441 0.438
0.438 0.487
0.487 0.487
0.487 0.434
0.434 0.467
0.513 0.527
0.527 0.476
0.476 0.461
0.461 0.536
0.536 0.572
0.572 0.528
0.528 0.514
0.514 0.478
0.478 0.495
0.495 0.555
0.555 0.555
0.555 0.427
0.427 0.357
0.412 0.394
0.282 0.346
0.346 0.392
0.392 0.454
0.454 0.387
0.387 0.402
0.402 0.402
0.426 0.487
0.487 0.427
0.427 0.413
0.413 0.457
0.457 0.445
0.445 0.458
0.458 0.461
0.435 0.444
0.444 0.435
0.435 0.403
0.403 0.362
0.362 0.433
0.433 0.504
0.504 0.394
0.394 0.459
0.273 0.465
0.465 0.445
0.445 0.488
0.488 0.4
0.4 0.463
0.463 0.423
0.423 0.422
0.422 0.396
0.396 0.374
0.374 0.379
0.379 0.379
0.414 0.457
0.313 0.289
0.289 0.404
0.4 0.341
0.341 0.499
0.499 0.496
0.496 0.511
0.511 0.515
0.515 0.479
0.479 0.486
0.486 0.486
0.486 0.504
0.504 0.504
0.504 0.549
0.549 0.575
0.425 0.5
0.388 0.437
0.437 0.474
0.474 0.471
0.471 0.478
0.478 0.445
0.445 0.38
0.38 0.512
0.512 0.476
0.533 0.553
0.553 0.511
0.511 0.577
0.577 0.52
0.52 0.495
0.495 0.449
0.449 0.451
0.451 0.627
0.627 0.563
0.563 0.563
0.563 0.627
0.627 0.469
0.402 0.558
0.558 0.636
0.636 0.56
0.56 0.57
0.57 0.574
0.574 0.558
0.423 0.521
0.521 0.519
0.519 0.497
0.497 0.482
0.482 0.44
0.44 0.457
0.457 0.491
0.491 0.456
0.456 0.415
0.415 0.415
0.415 0.459
0.459 0.41
0.42 0.425
0.425 0.37
0.37 0.413
0.413 0.2
0.524 0.477
0.477 0.478
0.478 0.527
0.415 0.475
0.475 0.531
0.531 0.451
0.451 0.449
0.449 0.451
0.451 0.433
0.433 0.416
0.416 0.451
0.451 0.445
0.445 0.445
0.445 0.427
0.427 0.443
0.38 0.404
0.391 0.384
0.384 0.413
0.413 0.408
0.408 0.459
0.459 0.425
0.425 0.407
0.407 0.427
0.427 0.395
0.395 0.406
0.406 0.406
0.406 0.406
0.406 0.43
0.477 0.433
0.433 0.488
0.488 0.423
0.423 0.451
0.451 0.432
0.432 0.416
0.4 0.429
0.429 0.463
0.463 0.444
0.444 0.466
0.466 0.436
0.436 0.376
0.376 0.393
0.393 0.401
0.401 0.27
0.27 0.27
0.487 0.467
0.467 0.457
0.457 0.431
0.431 0.447
0.447 0.41
0.41 0.326
0.478 0.495
0.495 0.434
0.434 0.481
0.481 0.52
0.52 0.458
0.389 0.425
0.425 0.586
0.586 0.414
0.414 0.496
0.496 0.405
0.462 0.459
0.459 0.446
0.446 0.447
0.447 0.428
0.428 0.425
0.425 0.416
0.416 0.286
0.286 0.378
0.378 0.401
0.401 0.401
0.478 0.419
0.419 0.344
0.344 0.439
0.395 0.371
0.371 0.273
0.562 0.573
0.573 0.511
0.511 0.372
0.372 0.489
0.489 0.527
0.527 0.429
0.429 0.442
0.442 0.431
0.431 0.478
0.478 0.478
0.478 0.5
0.403 0.437
0.437 0.432
0.432 0.382
0.382 0.437
0.437 0.415
0.385 0.5
0.442 0.454
0.454 0.431
0.431 0.453
0.453 0.481
0.481 0.408
0.408 0.456
0.456 0.452
0.452 0.41
0.41 0.439
0.439 0.439
0.439 0.391
0.391 0.667
0.396 0.398
0.7 0.545
0.545 0.558
0.558 0.595
0.595 0.623
0.623 0.568
0.568 0.576
0.576 0.554
0.554 0.562
0.562 0.574
0.574 0.574
0.574 0.585
0.585 0.576
0.4 0.0
0.0 0.532
0.532 0.571
0.571 0.0
0.445 0.422
0.422 0.472
0.472 0.447
0.3 0.25
0.596 0.6
0.6 0.552
0.552 0.549
0.549 0.545
0.545 0.507
0.507 0.503
0.503 0.519
0.519 0.523
0.523 0.511
0.511 0.511
0.511 0.531
0.531 0.59
0.389 0.397
0.4 0.36
0.426 0.5
0.5 0.538
0.538 0.575
0.575 0.511
0.511 0.492
0.492 0.478
0.478 0.446
0.446 0.448
0.448 0.422
0.422 0.422
0.409 0.5
0.45 0.35
0.35 0.453
0.453 0.393
0.368 0.345
0.345 0.479
0.479 0.459
0.459 0.429
0.429 0.407
0.407 0.381
0.381 0.415
0.415 0.435
0.435 0.398
0.398 0.398
0.398 0.409
0.409 0.434
0.473 0.562
0.562 0.608
0.608 0.587
0.587 0.625
0.625 0.6
0.43 0.437
0.437 0.488
0.488 0.503
0.503 0.493
0.493 0.463
0.463 0.478
0.478 0.481
0.481 0.467
0.467 0.485
0.485 0.485
0.485 0.462
0.462 0.476
0.51 0.516
0.516 0.419
0.419 0.415
0.415 0.535
0.535 0.445
0.445 0.419
0.419 0.436
0.457 0.462
0.462 0.46
0.46 0.444
0.444 0.366
0.366 0.452
0.362 0.39
0.39 0.431
0.431 0.379
0.379 0.405
0.405 0.352
0.352 0.377
0.377 0.325
0.325 0.304
0.304 0.345
0.345 0.345
0.345 0.384
0.384 0.167
0.454 0.479
0.479 0.286
0.286 0.615
0.615 0.333
0.452 0.423
0.455 0.452
0.407 0.434
0.434 0.423
0.423 0.437
0.437 0.436
0.436 0.399
0.399 0.424
0.424 0.433
0.433 0.428
0.428 0.345
0.345 0.345
0.345 0.0
0.615 0.304
0.483 0.391
0.51 0.366
0.415 0.416
0.416 0.361
0.39 0.4
0.44 0.4
0.5 0.549
0.549 0.474
0.474 0.508
0.508 0.582
0.582 0.632
0.632 0.576
0.576 0.505
0.505 0.598
0.598 0.0
0.0 0.0
0.463 0.47
0.47 0.435
0.435 0.447
0.447 0.439
0.439 0.442
0.442 0.385
0.385 0.377
0.377 0.38
0.38 0.414
0.414 0.414
0.414 0.382
0.158 0.0
0.0 0.279
0.279 0.447
0.443 0.524
0.524 0.502
0.502 0.491
0.491 0.482
0.482 0.511
0.511 0.411
0.411 0.406
0.399 0.396
0.396 0.422
0.422 0.0
0.0 0.405
0.405 0.447
0.447 0.423
0.423 0.442
0.442 0.433
0.433 0.264
0.264 0.264
0.421 0.456
0.456 0.507
0.507 0.471
0.471 0.469
0.469 0.439
0.439 0.407
0.407 0.44
0.44 0.45
0.45 0.387
0.387 0.387
0.387 0.414
0.414 0.438
0.442 0.441
0.441 0.424
0.424 0.398
0.398 0.47
0.47 0.406
0.406 0.407
0.407 0.422
0.422 0.4
0.4 0.404
0.404 0.404
0.404 0.408
0.408 0.429
0.443 0.433
0.433 0.462
0.462 0.458
0.458 0.455
0.455 0.458
0.458 0.432
0.432 0.423
0.423 0.439
0.439 0.424
0.424 0.424
0.424 0.452
0.452 0.422
0.358 0.438
0.438 0.413
0.413 0.415
0.415 0.406
0.406 0.125
0.412 0.4
0.314 0.323
0.323 0.349
0.503 0.484
0.484 0.484
0.484 0.495
0.495 0.5
0.5 0.512
0.512 0.484
0.484 0.458
0.458 0.466
0.466 0.466
0.466 0.513
0.513 0.477
0.4 0.5
0.5 0.536
0.536 0.551
0.551 0.454
0.454 0.43
0.43 0.395
0.395 0.5
0.5 0.427
0.427 0.427
0.427 0.358
0.544 0.453
0.453 0.561
0.561 0.354
0.354 0.487
0.333 0.529
0.445 0.445
0.445 0.464
0.464 0.545
0.505 0.489
0.489 0.558
0.558 0.333
0.333 0.462
0.462 0.5
0.359 0.418
0.418 0.442
0.442 0.44
0.44 0.439
0.439 0.4
0.4 0.417
0.427 0.386
0.386 0.45
0.45 0.47
0.47 0.448
0.448 0.432
0.432 0.399
0.399 0.442
0.442 0.454
0.454 0.454
0.454 0.455
0.579 0.548
0.548 0.528
0.528 0.525
0.528 0.558
0.558 0.508
0.508 0.487
0.487 0.48
0.48 0.427
0.427 0.354
0.354 0.2
0.568 0.5
0.5 0.143
0.378 0.349
0.349 0.473
0.473 0.427
0.427 0.425
0.425 0.42
0.42 0.42
0.42 0.364
0.364 0.368
0.368 0.368
0.464 0.403
0.403 0.416
0.416 0.401
0.401 0.418
0.382 0.326
0.326 0.425
0.425 0.367
0.423 0.369
0.369 0.408
0.408 0.5
0.342 0.41
0.41 0.35
0.35 0.2
0.381 0.394
0.394 0.382
0.422 0.461
0.461 0.391
0.391 0.435
0.435 0.392
0.392 0.467
0.434 0.429
0.429 0.407
0.407 0.414
0.414 0.388
0.388 0.398
0.398 0.397
0.397 0.413
0.413 0.368
0.368 0.368
0.368 0.351
0.351 0.363
0.42 0.32
0.422 0.461
0.461 0.453
0.453 0.466
0.466 0.471
0.471 0.455
0.455 0.416
0.416 0.455
0.455 0.455
0.455 0.455
0.455 0.463
0.463 0.455
0.462 0.439
0.424 0.432
0.432 0.391
0.391 0.466
0.466 0.4
0.4 0.351
0.351 0.34
0.527 0.389
0.389 0.396
0.556 0.489
0.489 0.532
0.532 0.558
0.558 0.598
0.598 0.548
0.548 0.614
0.614 0.736
0.736 0.646
0.646 0.646
0.646 0.62
0.538 0.488
0.462 0.429
0.508 0.4
0.4 0.604
0.604 0.443
0.443 0.405
0.405 0.393
0.393 0.0
0.0 0.353
0.457 0.421
0.421 0.449
0.368 0.432
0.432 0.435
0.435 0.397
0.397 0.426
0.426 0.409
0.409 0.401
0.401 0.423
0.423 0.412
0.412 0.412
0.412 0.427
0.427 0.464
0.525 0.504
0.504 0.534
0.534 0.538
0.538 0.531
0.531 0.495
0.495 0.49
0.49 0.461
0.461 0.476
0.476 0.476
0.476 0.47
0.47 0.442
0.167 0.362
0.362 0.412
0.412 0.561
0.36 0.48
0.48 0.444
0.444 0.389
0.389 0.522
0.522 0.478
0.478 0.414
0.414 0.411
0.411 0.393
0.393 0.393
0.393 0.444
0.444 0.286
0.313 0.552
0.552 0.536
0.536 0.533
0.477 0.476
0.476 0.426
0.426 0.434
0.434 0.399
0.399 0.433
0.446 0.572
0.572 0.524
0.524 0.429
0.429 0.496
0.366 0.424
0.424 0.408
0.408 0.357
0.357 0.363
0.41 0.444
0.444 0.391
0.391 0.439
0.439 0.441
0.441 0.425
0.425 0.434
0.434 0.455
0.455 0.477
0.477 0.477
0.477 0.48
0.48 0.445
0.5 0.364
0.364 0.286
0.423 0.352
0.352 0.392
0.392 0.476
0.418 0.492
0.492 0.505
0.505 0.508
0.508 0.475
0.475 0.448
0.448 0.484
0.484 0.403
0.403 0.426
0.426 0.426
0.426 0.454
0.454 0.408
0.456 0.454
0.454 0.48
0.48 0.473
0.473 0.4
0.426 0.428
0.428 0.426
0.426 0.44
0.44 0.471
0.471 0.432
0.432 0.481
0.481 0.415
0.415 0.418
0.418 0.418
0.418 0.505
0.505 0.441
0.367 0.458
0.458 0.667
0.417 0.286
0.286 0.44
0.531 0.563
0.563 0.562
0.562 0.569
0.569 0.553
0.553 0.504
0.475 0.423
0.423 0.451
0.451 0.462
0.462 0.471
0.471 0.367
0.367 0.353
0.467 0.45
0.614 0.448
0.395 0.379
0.379 0.235
0.235 0.384
0.469 0.427
0.427 0.286
0.455 0.434
0.434 0.446
0.446 0.521
0.521 0.468
0.468 0.478
0.411 0.437
0.437 0.465
0.465 0.498
0.498 0.471
0.471 0.439
0.439 0.459
0.459 0.424
0.424 0.424
0.424 0.443
0.443 0.44
0.263 0.333
0.267 0.407
0.467 0.483
0.483 0.478
0.478 0.535
0.535 0.559
0.559 0.515
0.515 0.375
0.375 0.581
0.581 0.581
0.581 0.6
0.6 0.625
0.387 0.442
0.442 0.406
0.406 0.437
0.437 0.417
0.417 0.395
0.395 0.485
0.485 0.423
0.423 0.423
0.423 0.386
0.386 0.429
0.374 0.411
0.411 0.431
0.431 0.395
0.395 0.434
0.434 0.425
0.425 0.481
0.481 0.426
0.426 0.426
0.426 0.384
0.384 0.422
0.413 0.404
0.404 0.432
0.432 0.375
0.438 0.432
0.432 0.479
0.479 0.45
0.45 0.392
0.392 0.462
0.462 0.416
0.416 0.429
0.429 0.429
0.428 0.442
0.442 0.445
0.445 0.444
0.444 0.433
0.433 0.44
0.44 0.45
0.45 0.446
0.446 0.446
0.446 0.422
0.422 0.46
0.381 0.375
0.375 0.32
0.32 0.436
0.436 0.368
0.368 0.305
0.421 0.46
0.408 0.486
0.484 0.442
0.442 0.437
0.437 0.448
0.448 0.421
0.421 0.448
0.448 0.457
0.457 0.459
0.459 0.459
0.468 0.477
0.477 0.459
0.459 0.477
0.477 0.485
0.485 0.468
0.468 0.438
0.438 0.468
0.468 0.468
0.468 0.478
0.478 0.454
0.43 0.476
0.476 0.476
0.476 0.462
0.462 0.496
0.496 0.51
0.51 0.503
0.503 0.51
0.51 0.51
0.51 0.505
0.505 0.537
0.375 0.583
0.583 0.547
0.547 0.44
0.44 0.4
0.391 0.25
0.471 0.567
0.567 0.533
0.533 0.561
0.561 0.555
0.555 0.521
0.521 0.542
0.542 0.566
0.566 0.566
0.566 0.567
0.567 0.579
0.505 0.485
0.485 0.512
0.512 0.566
0.566 0.516
0.516 0.533
0.533 0.443
0.427 0.446
0.446 0.453
0.453 0.449
0.459 0.466
0.466 0.468
0.468 0.465
0.465 0.489
0.489 0.464
0.464 0.456
0.456 0.393
0.393 0.393
0.393 0.405
0.405 0.484
0.499 0.525
0.525 0.551
0.551 0.557
0.557 0.553
0.553 0.543
0.543 0.567
0.567 0.538
0.538 0.538
0.538 0.505
0.505 0.473
0.421 0.382
0.382 0.403
0.403 0.418
0.418 0.378
0.616 0.574
0.574 0.536
0.536 0.502
0.502 0.503
0.503 0.54
0.54 0.517
0.517 0.515
0.515 0.515
0.515 0.556
0.401 0.374
0.374 0.467
0.467 0.435
0.379 0.432
0.432 0.365
0.365 0.396
0.396 0.448
0.448 0.429
0.6 0.422
0.422 0.521
0.521 0.547
0.547 0.475
0.475 0.455
0.455 0.436
0.436 0.528
0.528 0.528
0.528 0.372
0.372 0.373
0.485 0.468
0.468 0.462
0.462 0.407
0.407 0.292
0.261 0.333
0.482 0.556
0.556 0.504
0.504 0.525
0.525 0.508
0.508 0.481
0.481 0.475
0.475 0.445
0.445 0.445
0.445 0.383
0.383 0.49
0.352 0.386
0.386 0.41
0.359 0.307
0.75 0.188
0.515 0.531
0.531 0.514
0.514 0.504
0.504 0.491
0.491 0.472
0.472 0.47
0.47 0.467
0.467 0.467
0.467 0.45
0.45 0.47
0.436 0.445
0.445 0.456
0.456 0.466
0.466 0.428
0.428 0.408
0.408 0.429
0.429 0.374
0.374 0.374
0.374 0.473
0.473 0.38
0.0 0.5
0.401 0.439
0.439 0.405
0.405 0.439
0.439 0.429
0.429 0.406
0.406 0.436
0.436 0.44
0.44 0.44
0.44 0.413
0.413 0.373
0.429 0.446
0.446 0.473
0.473 0.476
0.364 0.43
0.43 0.436
0.426 0.457
0.457 0.468
0.468 0.371
0.371 0.368
0.368 0.418
0.418 0.437
0.437 0.434
0.434 0.434
0.434 0.343
0.343 0.387
0.429 0.412
0.412 0.571
0.571 0.429
0.538 0.417
0.417 0.429
0.554 0.528
0.533 0.466
0.466 0.5
0.5 0.513
0.439 0.444
0.444 0.418
0.418 0.441
0.441 0.403
0.403 0.413
0.413 0.435
0.435 0.366
0.366 0.366
0.366 0.339
0.339 0.43
0.539 0.495
0.495 0.47
0.47 0.541
0.541 0.507
0.507 0.531
0.531 0.454
0.454 0.466
0.466 0.466
0.466 0.514
0.514 0.527
0.362 0.5
0.5 0.444
0.416 0.167
0.393 0.436
0.436 0.43
0.43 0.439
0.439 0.423
0.423 0.438
0.438 0.399
0.399 0.399
0.399 0.427
0.427 0.418
0.438 0.432
0.432 0.497
0.43 0.386
0.386 0.416
0.416 0.376
0.376 0.35
0.35 0.415
0.415 0.399
0.399 0.399
0.399 0.423
0.423 0.377
0.446 0.519
0.519 0.455
0.455 0.451
0.451 0.423
0.423 0.465
0.465 0.4
0.4 0.4
0.4 0.426
0.426 0.403
0.365 0.414
0.414 0.422
0.422 0.424
0.424 0.419
0.419 0.402
0.402 0.426
0.426 0.426
0.426 0.423
0.423 0.344
0.472 0.45
0.45 0.45
0.45 0.445
0.445 0.405
0.405 0.499
0.499 0.434
0.434 0.434
0.434 0.522
0.522 0.532
0.392 0.371
0.42 0.401
0.401 0.399
0.399 0.448
0.448 0.429
0.429 0.454
0.454 0.403
0.403 0.403
0.403 0.41
0.5 0.45
0.45 0.525
0.46 0.445
0.445 0.429
0.393 0.452
0.452 0.435
0.435 0.462
0.462 0.443
0.443 0.505
0.505 0.501
0.501 0.501
0.501 0.477
0.477 0.475
0.425 0.378
0.378 0.37
0.37 0.44
0.448 0.423
0.423 0.414
0.414 0.414
0.414 0.418
0.53 0.581
0.581 0.527
0.527 0.482
0.482 0.494
0.494 0.473
0.473 0.494
0.494 0.494
0.494 0.464
0.464 0.459
0.667 0.467
0.456 0.449
0.449 0.45
0.45 0.45
0.45 0.402
0.402 0.436
0.436 0.411
0.411 0.411
0.411 0.418
0.418 0.406
0.326 0.441
0.441 0.404
0.404 0.406
0.484 0.387
0.387 0.517
0.517 0.542
0.542 0.427
0.49 0.526
0.471 0.495
0.495 0.461
0.461 0.497
0.497 0.448
0.448 0.439
0.439 0.446
0.446 0.446
0.446 0.443
0.443 0.544
0.515 0.554
0.554 0.458
0.458 0.467
0.467 0.562
0.562 0.508
0.508 0.475
0.475 0.475
0.475 0.516
0.403 0.478
0.478 0.453
0.453 0.442
0.442 0.443
0.443 0.442
0.442 0.477
0.477 0.477
0.477 0.441
0.441 0.477
0.55 0.333
0.43 0.3
0.3 0.487
0.25 0.441
0.633 0.605
0.605 0.686
0.686 0.632
0.632 0.643
0.643 0.676
0.676 0.71
0.71 0.71
0.71 0.703
0.703 0.714
0.508 0.468
0.468 0.453
0.453 0.599
0.599 0.581
0.581 0.495
0.495 0.508
0.508 0.508
0.508 0.532
0.532 0.551
0.45 0.436
0.436 0.439
0.439 0.433
0.433 0.464
0.464 0.48
0.48 0.448
0.448 0.448
0.448 0.454
0.454 0.456
0.531 0.499
0.499 0.492
0.492 0.494
0.494 0.521
0.521 0.563
0.563 0.513
0.513 0.513
0.513 0.511
0.511 0.474
0.518 0.588
0.588 0.501
0.501 0.461
0.461 0.534
0.534 0.551
0.551 0.535
0.535 0.535
0.535 0.539
0.539 0.493
0.459 0.45
0.45 0.47
0.47 0.448
0.448 0.352
0.352 0.457
0.457 0.434
0.434 0.434
0.434 0.419
0.419 0.427
0.364 0.368
0.368 0.39
0.39 0.44
0.44 0.381
0.381 0.42
0.42 0.283
0.283 0.283
0.438 0.458
0.458 0.407
0.407 0.408
0.408 0.449
0.449 0.407
0.407 0.422
0.422 0.422
0.422 0.371
0.462 0.48
0.48 0.463
0.463 0.51
0.51 0.401
0.401 0.451
0.451 0.395
0.395 0.395
0.395 0.454
0.454 0.505
0.494 0.508
0.508 0.55
0.55 0.556
0.556 0.575
0.575 0.447
0.447 0.532
0.532 0.532
0.532 0.575
0.575 0.652
0.478 0.468
0.468 0.45
0.45 0.413
0.413 0.441
0.441 0.458
0.458 0.463
0.463 0.463
0.463 0.408
0.408 0.389
0.564 0.605
0.462 0.443
0.443 0.466
0.466 0.47
0.47 0.491
0.491 0.386
0.475 0.489
0.489 0.445
0.445 0.435
0.423 0.423
0.423 0.421
0.421 0.501
0.501 0.667
0.667 0.333
0.333 0.204
0.204 0.204
0.204 0.427
0.427 0.374
0.502 0.477
0.477 0.495
0.495 0.453
0.453 0.445
0.445 0.441
0.441 0.492
0.492 0.492
0.492 0.432
0.432 0.445
0.497 0.472
0.472 0.507
0.507 0.535
0.535 0.502
0.502 0.506
0.506 0.47
0.47 0.47
0.47 0.481
0.292 0.43
0.43 0.45
0.45 0.39
0.39 0.38
0.38 0.42
0.42 0.41
0.41 0.41
0.41 0.386
0.386 0.442
0.38 0.467
0.621 0.517
0.517 0.441
0.441 0.398
0.459 0.364
0.364 0.36
0.32 0.515
0.515 0.444
0.398 0.418
0.418 0.442
0.442 0.457
0.457 0.438
0.438 0.437
0.437 0.426
0.426 0.426
0.426 0.454
0.454 0.425
0.52 0.61
0.61 0.507
0.507 0.493
0.493 0.522
0.522 0.0
0.417 0.393
0.393 0.325
0.432 0.463
0.518 0.422
0.422 0.422
0.422 0.369
0.556 0.501
0.501 0.534
0.534 0.524
0.524 0.534
0.534 0.456
0.456 0.456
0.456 0.412
0.534 0.511
0.511 0.333
0.463 0.565
0.565 0.518
0.441 0.425
0.425 0.442
0.442 0.414
0.414 0.394
0.394 0.433
0.433 0.433
0.433 0.435
0.396 0.333
0.333 0.41
0.41 0.46
0.46 0.47
0.47 0.487
0.487 0.487
0.487 0.389
0.389 0.4
0.446 0.412
0.412 0.403
0.403 0.394
0.394 0.422
0.422 0.489
0.489 0.489
0.489 0.481
0.481 0.47
0.371 0.43
0.43 0.367
0.367 0.44
0.44 0.372
0.372 0.367
0.367 0.367
0.477 0.457
0.457 0.44
0.44 0.471
0.471 0.467
0.467 0.473
0.473 0.473
0.473 0.486
0.486 0.476
0.495 0.462
0.462 0.516
0.516 0.468
0.468 0.464
0.464 0.457
0.457 0.457
0.457 0.451
0.451 0.485
0.462 0.48
0.48 0.49
0.49 0.451
0.451 0.471
0.471 0.487
0.487 0.487
0.487 0.504
0.504 0.468
0.464 0.41
0.41 0.322
0.322 0.433
0.433 0.353
0.353 0.355
0.355 0.355
0.498 0.467
0.467 0.422
0.422 0.445
0.445 0.429
0.429 0.413
0.413 0.413
0.413 0.446
0.446 0.467
0.458 0.416
0.416 0.324
0.324 0.403
0.403 0.384
0.384 0.373
0.373 0.373
0.373 0.411
0.411 0.368
0.424 0.403
0.403 0.404
0.404 0.427
0.427 0.437
0.437 0.412
0.412 0.412
0.412 0.389
0.389 0.416
0.458 0.409
0.409 0.453
0.453 0.478
0.478 0.436
0.436 0.447
0.447 0.447
0.447 0.433
0.433 0.405
0.417 0.365
0.365 0.351
0.463 0.4
0.4 0.376
0.475 0.458
0.458 0.412
0.412 0.41
0.41 0.415
0.415 0.468
0.468 0.468
0.468 0.518
0.518 0.214
0.494 0.466
0.466 0.495
0.495 0.485
0.485 0.479
0.479 0.502
0.502 0.502
0.502 0.526
0.526 0.515
0.385 0.486
0.486 0.442
0.442 0.448
0.448 0.432
0.432 0.436
0.436 0.436
0.436 0.376
0.376 0.392
0.36 0.465
0.465 0.405
0.405 0.432
0.432 0.474
0.474 0.521
0.521 0.521
0.521 0.451
0.403 0.436
0.436 0.491
0.491 0.438
0.438 0.456
0.456 0.44
0.44 0.44
0.44 0.439
0.439 0.44
0.356 0.454
0.454 0.459
0.459 0.447
0.447 0.433
0.433 0.437
0.437 0.437
0.437 0.439
0.439 0.423
0.493 0.491
0.491 0.497
0.497 0.497
0.497 0.549
0.549 0.459
0.459 0.459
0.459 0.506
0.506 0.385
0.442 0.446
0.446 0.432
0.432 0.431
0.431 0.447
0.447 0.446
0.446 0.446
0.446 0.439
0.439 0.454
0.396 0.25
0.25 0.383
0.543 0.543
0.543 0.535
0.535 0.573
0.573 0.536
0.536 0.476
0.476 0.476
0.476 0.479
0.479 0.48
0.414 0.477
0.371 0.39
0.39 0.418
0.418 0.399
0.399 0.373
0.373 0.401
0.401 0.401
0.401 0.368
0.368 0.359
0.452 0.456
0.456 0.45
0.45 0.413
0.413 0.464
0.464 0.589
0.589 0.589
0.589 0.475
0.475 0.479
0.515 0.503
0.503 0.488
0.488 0.461
0.461 0.431
0.431 0.436
0.436 0.436
0.436 0.393
0.393 0.454
0.483 0.449
0.449 0.412
0.412 0.436
0.436 0.441
0.441 0.448
0.448 0.448
0.448 0.388
0.388 0.393
0.418 0.402
0.402 0.359
0.359 0.377
0.377 0.317
0.388 0.425
0.425 0.409
0.409 0.387
0.387 0.463
0.463 0.416
0.416 0.416
0.416 0.35
0.35 0.402
0.417 0.412
0.412 0.485
0.485 0.469
0.469 0.464
0.464 0.381
0.368 0.321
0.321 0.425
0.425 0.385
0.385 0.442
0.41 0.356
0.356 0.339
0.339 0.39
0.39 0.413
0.413 0.372
0.372 0.372
0.354 0.406
0.406 0.431
0.431 0.25
0.378 0.48
0.396 0.438
0.438 0.476
0.476 0.451
0.451 0.438
0.438 0.46
0.46 0.46
0.46 0.439
0.439 0.442
0.436 0.294
0.588 0.425
0.425 0.524
0.524 0.604
0.604 0.565
0.451 0.434
0.434 0.438
0.438 0.429
0.429 0.394
0.394 0.406
0.406 0.406
0.406 0.399
0.399 0.4
0.495 0.469
0.469 0.416
0.416 0.432
0.432 0.556
0.556 0.385
0.385 0.385
0.401 0.374
0.374 0.429
0.429 0.495
0.451 0.472
0.472 0.354
0.354 0.392
0.426 0.438
0.438 0.429
0.429 0.52
0.52 0.432
0.432 0.432
0.2 0.361
0.533 0.524
0.524 0.55
0.55 0.541
0.541 0.478
0.478 0.478
0.478 0.596
0.596 0.523
0.394 0.411
0.411 0.475
0.475 0.474
0.474 0.412
0.412 0.412
0.412 0.416
0.416 0.393
0.383 0.379
0.379 0.413
0.413 0.431
0.553 0.506
0.506 0.541
0.541 0.532
0.532 0.517
0.517 0.517
0.517 0.533
0.533 0.477
0.273 0.41
0.41 0.368
0.368 0.39
0.39 0.479
0.479 0.479
0.479 0.422
0.422 0.402
0.424 0.389
0.389 0.445
0.445 0.477
0.477 0.447
0.447 0.447
0.447 0.453
0.453 0.434
0.549 0.531
0.531 0.491
0.491 0.551
0.551 0.487
0.487 0.487
0.487 0.49
0.49 0.516
0.25 0.273
0.343 0.498
0.498 0.402
0.402 0.438
0.438 0.429
0.429 0.429
0.429 0.447
0.447 0.463
0.43 0.448
0.448 0.465
0.465 0.496
0.496 0.467
0.467 0.467
0.467 0.451
0.451 0.452
0.384 0.4
0.4 0.415
0.415 0.415
0.576 0.513
0.513 0.539
0.539 0.534
0.534 0.601
0.601 0.601
0.601 0.611
0.611 0.528
0.412 0.416
0.416 0.329
0.559 0.527
0.661 0.643
0.643 0.614
0.614 0.527
0.527 0.552
0.552 0.552
0.552 0.542
0.425 0.24
0.517 0.499
0.499 0.482
0.482 0.522
0.522 0.525
0.525 0.525
0.525 0.515
0.515 0.487
0.497 0.46
0.46 0.457
0.457 0.403
0.403 0.488
0.488 0.488
0.454 0.413
0.453 0.44
0.44 0.419
0.419 0.424
0.424 0.367
0.367 0.367
0.367 0.418
0.418 0.461
0.506 0.549
0.549 0.538
0.538 0.528
0.528 0.502
0.502 0.502
0.502 0.499
0.499 0.493
0.383 0.354
0.374 0.4
0.485 0.456
0.456 0.435
0.435 0.413
0.413 0.445
0.445 0.445
0.445 0.433
0.433 0.471
0.357 0.342
0.342 0.2
0.406 0.395
0.395 0.41
0.41 0.417
0.417 0.231
0.231 0.231
0.447 0.371
0.371 0.0
0.0 0.222
0.455 0.465
0.429 0.488
0.488 0.64
0.64 0.397
0.397 0.403
0.403 0.403
0.403 0.371
0.397 0.398
0.398 0.407
0.407 0.425
0.425 0.414
0.414 0.414
0.414 0.404
0.404 0.365
0.311 0.397
0.397 0.367
0.389 0.446
0.446 0.441
0.441 0.446
0.446 0.424
0.424 0.424
0.424 0.412
0.412 0.438
0.551 0.521
0.521 0.486
0.486 0.497
0.497 0.496
0.496 0.496
0.496 0.522
0.522 0.533
0.474 0.526
0.526 0.506
0.506 0.523
0.523 0.555
0.555 0.555
0.555 0.565
0.565 0.515
0.8 0.0
0.451 0.436
0.436 0.412
0.412 0.41
0.41 0.374
0.374 0.374
0.374 0.465
0.465 0.0
0.469 0.364
0.558 0.44
0.44 0.512
0.512 0.46
0.46 0.449
0.449 0.449
0.449 0.414
0.414 0.401
0.517 0.564
0.564 0.52
0.52 0.541
0.541 0.424
0.424 0.424
0.424 0.38
0.333 0.468
0.468 0.364
0.364 0.0
0.406 0.452
0.452 0.428
0.428 0.392
0.392 0.421
0.421 0.421
0.456 0.455
0.455 0.367
0.433 0.457
0.457 0.506
0.506 0.469
0.469 0.5
0.5 0.5
0.449 0.531
0.531 0.461
0.461 0.505
0.505 0.513
0.513 0.513
0.513 0.41
0.41 0.551
0.374 0.383
0.383 0.352
0.352 0.423
0.423 0.39
0.39 0.39
0.39 0.411
0.411 0.439
0.529 0.618
0.618 0.56
0.56 0.523
0.523 0.558
0.558 0.558
0.558 0.523
0.523 0.452
0.333 0.376
0.376 0.46
0.46 0.491
0.491 0.376
0.376 0.376
0.376 0.481
0.481 0.45
0.425 0.446
0.446 0.419
0.419 0.425
0.425 0.429
0.429 0.429
0.429 0.456
0.456 0.426
0.437 0.431
0.431 0.435
0.435 0.399
0.399 0.458
0.458 0.458
0.424 0.354
0.408 0.43
0.43 0.433
0.433 0.421
0.421 0.408
0.408 0.408
0.408 0.326
0.326 0.25
0.409 0.423
0.423 0.441
0.441 0.433
0.433 0.445
0.445 0.445
0.445 0.424
0.424 0.451
0.0 0.444
0.473 0.454
0.454 0.447
0.447 0.472
0.472 0.472
0.472 0.516
0.516 0.458
0.536 0.551
0.551 0.51
0.464 0.451
0.451 0.611
0.611 0.543
0.543 0.543
0.543 0.542
0.542 0.528
0.428 0.463
0.463 0.456
0.429 0.42
0.42 0.457
0.457 0.403
0.403 0.403
0.403 0.41
0.41 0.399
0.405 0.467
0.467 0.397
0.397 0.462
0.462 0.462
0.462 0.454
0.454 0.455
0.393 0.421
0.421 0.414
0.414 0.412
0.412 0.412
0.412 0.405
0.405 0.308
0.357 0.0
0.586 0.552
0.552 0.545
0.545 0.507
0.507 0.507
0.507 0.558
0.558 0.548
0.386 0.421
0.421 0.471
0.471 0.38
0.38 0.38
0.38 0.4
0.391 0.0
0.432 0.418
0.418 0.391
0.391 0.4
0.4 0.4
0.4 0.422
0.423 0.444
0.444 0.463
0.349 0.148
0.467 0.455
0.455 0.464
0.464 0.466
0.466 0.466
0.466 0.469
0.469 0.481
0.325 0.316
0.333 0.273
0.469 0.452
0.452 0.43
0.43 0.468
0.468 0.468
0.468 0.448
0.448 0.473
0.321 0.458
0.458 0.44
0.44 0.434
0.434 0.434
0.434 0.434
0.434 0.419
0.447 0.405
0.513 0.52
0.314 0.464
0.464 0.475
0.475 0.504
0.504 0.504
0.504 0.439
0.439 0.452
0.496 0.544
0.544 0.491
0.491 0.519
0.519 0.519
0.519 0.576
0.576 0.545
0.415 0.407
0.407 0.422
0.422 0.422
0.422 0.422
0.422 0.415
0.415 0.398
0.39 0.382
0.493 0.494
0.494 0.522
0.522 0.479
0.479 0.479
0.479 0.506
0.506 0.485
0.508 0.481
0.481 0.492
0.492 0.443
0.443 0.443
0.443 0.481
0.481 0.48
0.48 0.447
0.447 1.0
0.4 0.46
0.46 0.417
0.417 0.401
0.401 0.401
0.401 0.439
0.439 0.446
0.381 0.396
0.396 0.428
0.428 0.446
0.446 0.446
0.446 0.481
0.481 0.457
0.429 0.388
0.388 0.406
0.406 0.34
0.34 0.34
0.296 0.422
0.422 0.442
0.442 0.434
0.434 0.434
0.434 0.434
0.434 0.418
0.399 0.407
0.407 0.486
0.486 0.465
0.465 0.465
0.465 0.425
0.425 0.457
0.567 0.462
0.462 0.447
0.333 0.396
0.452 0.486
0.486 0.472
0.472 0.462
0.462 0.462
0.462 0.492
0.492 0.338
0.357 0.36
0.36 0.381
0.381 0.356
0.356 0.356
0.356 0.374
0.374 0.402
0.347 0.273
0.401 0.396
0.396 0.378
0.378 0.41
0.41 0.41
0.41 0.374
0.374 0.411
0.372 0.382
0.382 0.373
0.399 0.346
0.346 0.376
0.376 0.408
0.408 0.408
0.408 0.44
0.636 0.62
0.62 0.643
0.643 0.612
0.612 0.612
0.612 0.563
0.372 0.368
0.545 0.457
0.457 0.574
0.574 0.75
0.75 0.75
0.419 1.0
1.0 0.412
0.448 0.44
0.44 0.453
0.453 0.42
0.42 0.42
0.42 0.428
0.428 0.463
0.452 0.5
0.5 0.222
0.222 0.412
0.412 0.412
0.412 0.442
0.442 0.398
0.0 0.5
0.5 0.438
0.438 0.45
0.45 0.45
0.443 0.422
0.422 0.444
0.444 0.463
0.463 0.463
0.463 0.47
0.47 0.468
0.439 0.488
0.488 0.477
0.477 0.547
0.547 0.547
0.547 0.588
0.588 0.6
0.421 0.375
0.375 0.517
0.537 0.5
0.5 0.514
0.45 0.519
0.519 0.507
0.507 0.523
0.523 0.523
0.523 0.51
0.51 0.468
0.366 0.423
0.423 0.393
0.393 0.385
0.385 0.385
0.385 0.427
0.427 0.444
0.412 0.43
0.43 0.427
0.427 0.447
0.447 0.447
0.447 0.45
0.45 0.443
0.511 0.5
0.5 0.6
0.56 0.468
0.468 0.459
0.459 0.459
0.459 0.556
0.556 0.412
0.439 0.399
0.399 0.482
0.482 0.482
0.482 0.466
0.466 0.468
0.382 0.417
0.417 0.425
0.425 0.425
0.425 0.432
0.432 0.443
0.5 0.436
0.436 0.566
0.566 0.566
0.566 0.505
0.505 0.513
0.371 0.429
0.429 0.426
0.426 0.426
0.426 0.441
0.441 0.409
0.41 0.419
0.419 0.427
0.427 0.427
0.427 0.449
0.449 0.482
0.418 0.414
0.414 0.383
0.383 0.383
0.383 0.434
0.434 0.42
0.392 0.405
0.405 0.45
0.45 0.45
0.479 0.47
0.47 0.361
0.361 0.361
0.361 0.333
0.384 0.439
0.439 0.42
0.42 0.42
0.42 0.443
0.443 0.463
0.429 0.286
0.286 0.364
0.364 0.364
0.364 0.343
0.516 0.519
0.519 0.535
0.535 0.535
0.535 0.493
0.493 0.505
0.436 0.418
0.608 0.623
0.623 0.514
0.514 0.514
0.514 0.521
0.521 0.53
0.493 0.419
0.419 0.44
0.44 0.44
0.44 0.462
0.462 0.439
0.408 0.475
0.475 0.49
0.49 0.49
0.327 0.381
0.327 0.407
0.407 0.443
0.443 0.443
0.443 0.49
0.49 0.418
0.461 0.464
0.464 0.399
0.399 0.399
0.399 0.474
0.474 0.503
0.482 0.538
0.538 0.566
0.566 0.566
0.566 0.564
0.564 0.515
0.515 0.478
0.478 0.444
0.444 0.444
0.446 0.381
0.381 0.495
0.495 0.495
0.495 0.444
0.444 0.4
0.4 0.319
0.0 0.0
0.394 0.459
0.459 0.397
0.397 0.397
0.457 0.542
0.542 0.528
0.528 0.528
0.528 0.452
0.452 0.47
0.458 0.473
0.473 0.465
0.465 0.465
0.465 0.541
0.541 0.477
0.717 0.533
0.368 0.394
0.353 0.432
0.432 0.416
0.416 0.416
0.416 0.451
0.451 0.46
0.545 0.451
0.451 0.51
0.51 0.51
0.51 0.448
0.448 0.386
0.429 0.424
0.424 0.434
0.434 0.434
0.434 0.419
0.419 0.444
0.371 0.406
0.406 0.455
0.455 0.455
0.455 0.364
0.44 0.44
0.44 0.467
0.467 0.467
0.467 0.444
0.444 0.45
0.407 0.44
0.44 0.143
0.143 0.143
0.333 0.367
0.367 0.237
0.237 0.237
0.455 0.443
0.443 0.504
0.504 0.504
0.504 0.439
0.439 0.413
0.582 0.421
0.527 0.429
0.429 0.437
0.437 0.437
0.437 0.471
0.471 0.387
0.513 0.501
0.501 0.492
0.492 0.492
0.492 0.476
0.476 0.521
0.238 0.517
0.517 0.535
0.535 0.535
0.535 0.601
0.601 0.478
0.455 0.461
0.461 0.399
0.399 0.399
0.399 0.374
0.372 0.405
0.405 0.409
0.409 0.409
0.409 0.438
0.438 0.442
0.417 0.42
0.42 0.389
0.389 0.389
0.389 0.448
0.448 0.377
0.43 0.481
0.481 0.485
0.485 0.485
0.485 0.447
0.447 0.536
0.407 0.423
0.423 0.41
0.41 0.41
0.41 0.431
0.431 0.437
0.375 0.477
0.477 0.412
0.412 0.412
0.412 0.413
0.476 0.479
0.479 0.444
0.444 0.444
0.444 0.468
0.468 0.288
0.435 0.464
0.372 0.321
0.321 0.397
0.397 0.397
0.667 0.474
0.474 0.474
0.474 0.474
0.474 0.429
0.428 0.447
0.447 0.386
0.386 0.386
0.386 0.389
0.389 0.41
0.493 0.427
0.427 0.439
0.439 0.439
0.439 0.435
0.435 0.319
0.431 0.376
0.376 0.395
0.395 0.395
0.368 0.341
0.381 0.319
0.384 0.418
0.418 0.382
0.382 0.382
0.382 0.427
0.427 0.373
0.557 0.531
0.531 0.572
0.572 0.572
0.572 0.565
0.565 0.557
0.429 0.6
0.412 0.433
0.433 0.396
0.396 0.396
0.396 0.399
0.399 0.424
0.295 0.5
0.384 0.427
0.427 0.403
0.403 0.403
0.403 0.338
0.438 0.538
0.538 0.549
0.549 0.549
0.549 0.476
0.476 0.494
0.503 0.544
0.544 0.544
0.544 0.613
0.613 0.571
0.414 0.491
0.491 0.491
0.491 0.506
0.506 0.521
0.418 0.365
0.365 0.365
0.387 0.42
0.42 0.42
0.42 0.446
0.446 0.414
0.356 0.421
0.421 0.421
0.421 0.296
0.296 0.413
0.5 0.3
0.3 0.3
0.302 0.426
0.426 0.426
0.426 0.32
0.355 0.343
0.343 0.343
0.343 0.439
0.439 0.422
0.38 0.368
0.368 0.368
0.368 0.413
0.413 0.455
0.313 0.45
0.45 0.45
0.457 0.421
0.421 0.421
0.396 0.401
0.401 0.401
0.401 0.42
0.42 0.399
0.356 0.386
0.386 0.386
0.386 0.36
0.36 0.364
0.405 0.396
0.396 0.396
0.396 0.452
0.452 0.366
0.388 0.345
0.345 0.345
0.345 0.441
0.441 0.487
0.429 0.396
0.396 0.396
0.396 0.385
0.385 0.399
0.364 0.412
0.412 0.412
0.412 0.459
0.459 0.468
0.333 0.0
0.0 0.0
0.0 0.455
0.455 0.481
0.484 0.37
0.37 0.37
0.37 0.476
0.476 0.374
0.351 0.483
0.483 0.483
0.422 0.401
0.401 0.401
0.458 0.562
0.562 0.562
0.562 0.559
0.559 0.622
0.412 0.362
0.362 0.362
0.362 0.405
0.405 0.39
0.498 0.506
0.506 0.506
0.506 0.532
0.532 0.502
0.41 0.5
0.5 0.5
0.486 0.604
0.604 0.604
0.604 0.559
0.559 0.661
0.455 0.393
0.393 0.393
0.393 0.417
0.417 0.545
0.463 0.537
0.537 0.537
0.537 0.545
0.45 0.478
0.478 0.478
0.425 0.396
0.396 0.396
0.396 0.447
0.447 0.383
0.379 0.459
0.459 0.459
0.343 0.403
0.403 0.403
0.403 0.405
0.423 0.337
0.337 0.337
0.337 0.369
0.369 0.286
0.385 0.667
0.667 0.667
0.38 0.433
0.433 0.433
0.433 0.442
0.353 0.333
0.333 0.333
0.423 0.507
0.507 0.507
0.507 0.423
0.423 0.497
0.326 0.404
0.404 0.404
0.377 0.438
0.438 0.438
0.438 0.377
0.416 0.436
0.436 0.436
0.436 0.448
0.448 0.48
0.376 0.437
0.437 0.437
0.437 0.429
0.429 0.43
0.349 0.15
0.15 0.15
0.46 0.489
0.489 0.489
0.489 0.465
0.465 0.482
0.434 0.4
0.4 0.4
0.425 0.55
0.55 0.55
0.55 0.5
0.5 0.504
0.419 0.436
0.436 0.436
0.436 0.438
0.438 0.442
0.466 0.475
0.475 0.475
0.475 0.455
0.455 0.512
0.2 0.857
0.857 0.857
0.659 0.573
0.573 0.573
0.573 0.516
0.516 0.536
0.363 0.45
0.45 0.45
0.45 0.473
0.473 0.516
0.308 0.368
0.368 0.368
0.368 0.385
0.54 0.375
0.375 0.375
0.485 0.458
0.458 0.458
0.458 0.496
0.496 0.464
0.383 0.427
0.427 0.427
0.427 0.421
0.421 0.451
0.384 0.429
0.429 0.429
0.429 0.372
0.372 0.455
0.46 0.413
0.413 0.413
0.413 0.397
0.397 0.385
0.535 0.5
0.5 0.5
0.5 0.537
0.537 0.534
0.437 0.351
0.351 0.351
0.426 0.461
0.461 0.461
0.461 0.529
0.529 0.571
0.407 0.407
0.407 0.333
0.513 0.513
0.348 0.348
0.348 0.468
0.468 0.445
0.214 0.214
0.214 0.325
0.0 0.0
0.5 0.5
0.575 0.575
0.575 0.548
0.548 0.51
0.453 0.453
0.453 0.433
0.433 0.445
0.412 0.412
0.362 0.362
0.362 0.394
0.333 0.333
0.333 0.083
0.083 0.375
0.483 0.483
0.483 0.582
0.582 0.643
0.263 0.263
0.25 0.25
0.448 0.448
0.448 0.433
0.433 0.445
0.409 0.409
0.42 0.42
0.42 0.4
0.167 0.167
0.302 0.302
0.302 0.352
0.352 0.444
0.367 0.367
0.345 0.345
0.355 0.355
0.355 0.3
0.409 0.409
0.409 0.478
0.478 0.455
0.361 0.361
0.361 0.449
0.449 0.433
0.349 0.349
0.344 0.344
0.344 0.419
0.419 0.403
0.399 0.399
0.399 0.393
0.393 0.38
0.447 0.447
0.447 0.473
0.473 0.454
0.421 0.421
0.352 0.352
0.352 0.419
0.419 0.463
0.377 0.377
0.377 0.385
0.574 0.574
0.574 0.465
0.465 0.5
0.323 0.323
0.323 0.355
0.304 0.304
0.304 0.469
0.469 0.502
0.4 0.4
0.4 0.25
0.25 0.425
0.414 0.414
0.414 0.42
0.42 0.408
0.415 0.415
0.415 0.426
0.426 0.452
0.449 0.449
0.449 0.409
0.269 0.269
0.347 0.347
0.419 0.419
0.419 0.486
0.486 0.433
0.35 0.35
0.35 0.456
0.456 0.415
0.25 0.25
0.404 0.404
0.404 0.513
0.513 0.44
0.422 0.422
0.422 0.452
0.452 0.459
0.0 0.0
0.318 0.318
0.318 0.296
0.545 0.545
0.545 0.536
0.536 0.53
0.396 0.396
0.396 0.403
0.403 0.456
0.402 0.402
0.402 0.452
0.452 0.447
0.533 0.533
0.533 0.478
0.273 0.273
0.34 0.34
0.34 0.282
0.282 0.143
0.405 0.405
0.405 0.407
0.407 0.413
1.0 1.0
1.0 0.5
0.382 0.382
0.382 0.338
0.338 0.399
0.462 0.462
0.462 0.521
0.521 0.595
0.25 0.25
0.25 0.636
0.636 0.66
0.446 0.446
0.446 0.417
0.417 0.507
0.367 0.367
0.367 0.411
0.411 0.5
0.35 0.35
0.35 0.364
0.49 0.49
0.49 0.493
0.493 0.49
0.414 0.414
0.414 0.366
0.366 0.426
0.425 0.425
0.425 0.436
0.436 0.471
0.463 0.463
0.463 0.493
0.493 0.515
0.333 0.333
0.333 0.429
0.429 0.488
0.452 0.452
0.452 0.403
0.403 0.352
0.422 0.422
0.422 0.442
0.367 0.367
0.367 0.348
0.348 0.359
0.32 0.32
0.32 0.318
0.365 0.365
0.365 0.385
0.385 0.396
0.333 0.333
0.568 0.568
0.568 0.6
0.6 1.0
0.395 0.395
0.395 0.421
0.421 0.481
0.528 0.528
0.528 0.501
0.501 0.495
0.0 0.0
0.402 0.402
0.452 0.452
0.452 0.455
0.437 0.437
0.437 0.459
0.459 0.452
0.421 0.421
0.421 0.394
0.394 0.258
0.353 0.353
0.353 0.306
0.306 0.431
0.381 0.425
0.425 0.44
0.406 0.424
0.468 0.424
0.423 0.423
0.31 0.36
0.563 0.53
1.0 0.442
0.265 0.514
0.0 0.473
0.308 0.316
0.556 0.579
0.394 0.425
0.644 0.652
0.263 0.0
0.433 0.355
0.397 0.373
0.457 0.434
0.514 0.558
0.422 0.368
0.417 0.545
0.367 0.0
0.375 0.353
0.512 0.578
0.359 0.414
0.41 0.399
0.571 0.523
0.438 0.362
0.603 0.545
0.466 0.384
0.47 0.461
0.404 0.5
0.436 0.387
0.628 0.642
0.364 0.441
0.364 0.377
0.527 0.526
0.431 0.451
0.508 0.514
0.427 0.421
0.35 0.2
0.41 0.332
0.427 0.488
0.421 0.45
0.424 0.449
0.571 0.568
0.452 0.394
0.274 0.367
0.41 0.405
0.504 0.42
0.579 0.8
0.357 0.556
0.542 0.542
0.498 0.511
0.305 0.365
0.359 0.417
0.417 0.517
0.422 0.356
0.415 0.522
0.45 0.422
0.367 0.361
