26 -3.2
27 -0.5
24 2.0
25 1.7
26 0.3
27 0.8
28 0.9
29 -2.1
30 -5.7
23 -2.1
24 -5.5
25 4.3
26 3.7
27 4.0
28 3.7
29 3.6
30 3.4
31 3.1
32 3.9
33 1.7
34 3.6
35 2.6
36 0.2
37 0.1
24 -3.3
25 -1.5
26 1.2
27 1.5
28 0.8
29 1.3
30 1.0
31 1.0
32 -3.7
30 -8.3
31 -7.5
26 0.9
27 2.5
28 0.3
29 -2.1
30 -1.5
31 1.0
32 -3.7
30 -0.3
31 -2.1
32 -2.6
33 -4.4
33 -6.9
27 -2.9
28 -0.8
29 -1.7
30 -1.0
31 -3.3
33 -2.7
32 3.0
33 1.2
34 1.9
35 -1.6
36 -2.9
37 1.1
38 -3.0
26 -0.1
27 -2.8
28 -2.5
29 -0.9
30 -1.6
31 -0.6
32 -4.0
33 -7.2
34 -5.8
32 -1.3
33 -3.5
34 -3.3
35 -3.1
36 -3.1
31 -6.5
21 -7.6
20 -6.1
21 -6.3
29 -2.8
30 -3.4
31 -1.5
32 -7.7
33 -2.8
22 -3.3
33 -4.0
29 5.8
30 2.9
31 2.9
32 2.0
33 2.7
34 3.9
35 3.6
36 -0.5
31 3.2
32 3.0
33 0.7
34 0.8
35 -2.8
24 0.1
25 -0.1
26 -2.4
27 -2.9
28 -1.3
29 -2.3
24 -3.7
25 -0.5
26 -2.5
27 -2.1
28 1.8
29 1.8
30 1.3
31 -0.4
32 -0.1
33 -1.9
34 -1.1
20 -2.7
21 -0.8
22 -3.8
23 -10.0
24 4.8
28 -1.7
29 -2.8
30 -3.4
31 -2.9
22 -0.4
23 1.0
24 2.1
25 2.3
26 1.0
27 0.1
28 -1.0
29 1.7
30 -0.2
31 -0.6
32 -2.5
24 1.5
25 4.2
26 3.4
27 3.8
28 4.7
29 4.4
30 6.1
31 2.5
32 3.1
33 1.9
34 -0.4
35 -0.2
36 -6.3
33 -5.7
32 -0.5
33 -0.7
34 -0.8
25 -3.4
26 -3.0
27 0.8
28 -1.2
29 -3.6
30 -3.2
31 -5.4
32 -9.0
24 -2.2
25 -3.5
26 -1.6
27 -2.1
28 -1.4
29 -1.4
30 -1.2
31 -7.3
23 -5.8
29 -0.1
30 1.5
31 1.0
32 1.1
33 1.9
34 0.5
35 0.4
36 -1.3
25 0.3
26 1.1
27 0.3
28 -2.1
29 -4.4
27 1.2
24 -4.4
25 -2.3
26 -2.0
27 -0.9
28 -2.1
29 -1.2
30 -7.1
28 1.3
29 4.3
30 2.2
31 -1.0
21 6.2
22 4.5
23 5.1
24 4.4
25 6.3
26 5.1
27 -1.5
28 -2.8
29 -1.1
30 2.4
31 2.9
32 0.4
33 0.5
34 -1.4
35 -1.4
35 -4.0
30 2.1
32 -3.8
32 -11.4
31 1.8
32 3.4
33 1.6
34 1.3
35 -0.3
36 -3.0
37 -0.5
32 -16.8
33 -3.6
28 -3.2
29 -3.2
30 -3.9
31 -2.6
32 -7.0
22 4.4
23 6.4
24 5.7
25 4.6
26 5.8
27 4.7
28 5.4
29 4.5
30 3.6
31 3.8
32 2.3
33 4.7
34 -5.9
35 0.3
36 0.3
36 -2.5
35 -0.1
36 -9.7
24 1.6
25 0.0
26 -3.8
27 2.7
28 1.7
29 -0.4
30 -3.2
31 -3.2
32 -2.5
23 -4.3
33 -5.9
27 -4.8
28 -4.8
26 0.1
27 2.0
28 4.1
29 3.4
30 3.8
31 5.3
32 4.8
33 1.8
34 4.5
35 2.3
36 3.0
37 -3.2
32 1.3
33 -2.0
34 -1.9
35 -7.3
23 0.0
24 -4.2
25 3.4
26 1.9
27 -1.9
28 3.0
29 -4.3
30 -0.8
31 -2.9
32 2.4
33 -3.7
25 -3.8
26 -5.3
27 -9.5
28 -4.2
29 -3.8
30 -13.2
31 -0.6
32 -1.8
33 -2.2
34 -2.8
35 -3.3
24 4.1
25 2.7
26 2.9
27 5.3
28 4.4
29 4.1
30 3.0
31 2.5
32 1.7
33 0.3
34 0.6
35 2.9
36 1.1
37 -1.4
38 -1.4
38 -1.2
39 1.0
31 2.3
32 2.6
33 4.3
34 0.6
35 1.8
36 -0.9
37 -1.9
26 -0.6
27 -1.0
28 1.2
29 0.7
30 -6.5
31 -8.3
29 -3.1
30 -1.2
31 -1.6
32 -5.3
33 -5.5
33 -4.7
34 -4.2
30 3.9
31 4.2
32 1.5
33 -1.6
34 -1.6
35 -5.3
25 -0.5
26 1.1
27 -5.5
23 -9.8
24 -15.8
25 -7.2
26 -4.1
27 -8.1
33 0.7
34 1.1
35 -2.0
36 -17.4
32 -5.7
33 -6.3
34 -8.7
23 -5.3
24 -5.8
25 -3.0
26 -8.1
25 -5.0
26 4.8
27 -2.0
20 -2.2
21 -1.0
22 1.1
23 0.8
24 0.7
25 -0.6
26 -0.2
27 -1.7
28 0.8
29 -2.0
30 -1.7
31 -0.6
32 0.2
33 -1.0
34 -1.0
34 -2.6
35 -3.0
25 -1.1
26 0.0
27 0.1
28 -0.3
29 2.0
30 -2.4
31 -1.7
32 -2.9
31 -1.6
32 -7.0
24 -3.4
36 -3.4
32 -2.8
33 -2.3
34 -5.6
35 -2.5
25 -1.9
26 0.1
27 1.4
28 0.8
29 1.0
30 2.0
31 3.4
32 2.9
33 0.7
34 0.3
35 -2.8
25 0.2
26 -0.9
27 0.3
28 1.0
29 -1.5
30 -2.6
31 -1.2
32 -5.0
32 -0.1
33 -2.1
34 -2.1
35 -0.2
36 -3.6
21 4.2
22 2.7
23 5.6
24 4.7
25 3.2
26 3.4
27 3.6
28 -0.5
29 1.5
30 0.7
31 -3.3
31 2.4
32 2.4
33 0.6
34 0.8
35 -2.7
36 0.5
32 -3.3
33 -5.3
30 -2.0
31 -3.7
32 -9.1
21 -1.8
22 -0.3
23 -0.2
24 -1.1
25 0.0
26 0.9
27 -1.2
28 -5.7
29 -5.1
27 -2.4
28 -1.4
29 -1.2
30 -6.0
34 -19.9
27 -0.7
28 0.2
29 -1.3
30 -2.3
31 -0.9
25 -4.7
25 -6.4
26 -2.1
32 3.3
33 2.9
34 1.1
35 -2.4
23 -5.4
24 -5.6
25 -2.6
26 -3.4
27 -4.4
28 -3.6
29 -4.1
20 -7.9
21 -4.4
22 -4.8
23 -3.7
24 -3.3
25 -2.4
26 -1.8
27 -1.1
28 -4.2
29 -2.2
30 -3.9
31 -4.7
26 -1.5
27 -4.7
28 -9.9
35 -3.7
36 -6.9
24 7.6
25 7.4
26 7.3
27 6.4
28 4.6
29 7.1
30 4.7
31 4.6
32 5.6
33 3.8
34 2.4
35 4.1
36 3.2
37 5.5
38 5.5
38 4.1
28 -5.1
29 -0.2
30 -2.7
31 -5.3
32 -5.0
25 -7.4
30 -1.5
31 -4.0
25 -2.4
26 1.5
38 -5.1
34 0.6
35 -4.2
27 1.0
28 1.6
29 2.3
30 1.0
31 -0.4
32 -0.4
33 -1.0
34 -0.5
35 -2.6
26 0.8
27 -0.9
28 -1.4
29 -1.0
30 0.5
31 -1.6
32 -0.3
33 0.6
34 -0.8
35 -1.2
36 -3.0
37 -4.1
38 -0.5
22 -3.7
23 -2.4
24 -5.6
25 -3.5
26 -7.4
24 -1.8
25 -3.3
26 -2.8
27 -2.9
28 -7.4
29 -10.0
32 -13.2
33 -7.9
24 0.2
25 -0.5
26 3.1
27 0.6
28 2.0
29 0.9
30 2.5
31 1.6
32 -1.3
33 2.1
34 1.1
31 0.6
32 -0.4
33 -1.8
25 -1.2
26 1.5
27 -1.7
28 0.4
29 -0.6
30 0.8
31 -2.0
32 0.5
23 2.9
24 4.9
25 2.5
26 2.2
27 0.1
28 0.7
29 -2.0
30 -2.8
31 -4.3
24 6.7
25 8.7
26 9.9
27 9.7
28 7.9
29 5.0
30 7.4
31 4.0
32 2.6
33 4.0
34 3.6
35 1.0
36 -1.9
37 -0.2
38 -0.2
38 0.0
34 -6.7
24 0.1
25 -0.1
26 -11.6
27 -4.0
28 -2.2
29 -3.9
30 -6.0
33 -4.6
31 -13.7
23 0.7
24 -1.3
25 0.1
26 -3.2
27 -0.8
28 -0.6
29 -2.9
30 -1.8
31 -0.6
22 -5.8
32 -3.7
33 -2.5
34 -3.5
35 -0.2
22 -2.8
23 -1.7
24 -3.1
25 0.5
24 -8.6
28 0.3
29 0.9
30 -1.4
31 -2.6
32 -5.9
35 0.4
36 -3.3
37 -1.0
26 2.4
27 0.9
28 -3.0
29 0.3
30 2.3
31 0.3
32 -3.0
31 -1.5
32 -3.1
33 -2.5
34 -2.4
22 -4.7
23 -22.4
27 -2.1
28 -5.4
29 -1.6
30 -3.8
22 -1.8
23 -0.3
24 1.3
25 0.4
26 0.2
27 1.1
28 2.5
29 -0.1
30 -2.5
31 -2.5
32 -2.1
33 -5.5
25 -5.9
26 -12.6
27 -2.5
28 -4.4
29 -9.6
29 0.0
30 0.0
31 -1.9
32 -3.3
33 -7.8
34 -1.5
35 0.2
24 -0.6
25 2.4
26 0.1
27 0.7
28 -0.6
29 -0.8
30 -1.5
31 -3.0
20 -1.2
21 -1.8
22 0.4
23 -1.3
24 -1.1
25 -0.8
26 -0.1
27 -1.1
28 -1.9
29 -1.1
30 -0.5
31 -3.8
32 -4.6
27 -2.6
28 -2.0
29 -3.9
30 -0.8
31 -4.4
32 -8.1
33 -9.0
30 0.1
31 -1.4
32 -3.0
33 -4.1
22 1.9
30 -3.0
31 -8.8
20 -1.0
21 -2.5
22 -4.8
23 10.2
28 -3.3
29 -3.0
30 -3.3
31 -0.3
32 -2.4
33 0.6
25 -4.5
28 -0.8
29 1.6
32 -4.5
33 -3.4
34 -6.4
28 -1.3
29 -1.7
30 1.9
31 3.2
30 4.1
31 2.0
32 3.3
33 3.5
34 3.2
35 2.8
36 0.9
22 -2.7
23 -2.3
24 -2.1
25 -1.3
26 -2.4
27 -2.1
28 0.8
29 2.0
30 -3.2
31 -1.2
29 -0.7
30 0.2
31 -1.4
32 -3.5
27 -0.6
28 1.2
29 -2.8
30 -1.2
31 -2.3
32 -1.8
33 -4.9
34 -3.9
35 -1.7
36 -4.1
37 -8.9
38 -7.7
24 -3.1
25 -1.0
26 -4.2
27 -4.0
28 -4.6
29 -4.7
30 -8.7
22 -0.4
23 0.4
24 -0.1
25 4.1
26 -0.3
27 -0.5
28 -2.1
29 -1.1
30 -2.2
30 -1.9
31 -4.1
32 -0.7
33 -1.3
34 -1.7
35 -1.4
36 -2.7
37 -4.2
38 -10.1
25 -2.2
26 -0.9
27 1.7
28 1.0
29 1.8
30 2.0
31 -0.1
32 -0.9
33 -3.2
34 -1.5
25 3.8
26 2.8
27 2.5
28 4.3
29 3.5
30 0.8
31 1.6
32 -0.7
33 -4.2
27 1.3
28 2.4
29 1.0
30 -0.2
31 0.1
32 0.1
33 -0.1
34 -2.2
33 -4.4
30 -0.4
31 -1.3
32 1.6
33 0.3
34 -7.0
26 -6.2
27 -3.7
28 -2.9
29 -3.1
30 -4.4
31 -4.6
35 0.4
36 -3.7
37 -4.9
22 -4.5
23 1.7
24 0.8
25 0.4
26 0.2
27 -0.6
28 0.1
29 0.2
30 0.8
31 -0.2
32 -1.6
33 -2.4
34 -5.9
24 -9.4
24 -0.2
25 0.3
26 1.4
27 -1.2
28 0.0
29 0.9
30 0.3
31 0.7
32 -0.5
33 -0.9
34 -1.1
35 -1.1
36 -6.0
26 -1.4
27 -2.4
28 -0.5
29 0.1
30 -0.3
31 -4.1
32 -3.0
33 -1.3
34 -0.8
35 -4.2
36 -5.4
37 -6.6
20 -0.9
33 -2.5
34 -0.8
35 -0.2
36 -3.0
37 -8.3
24 -2.3
25 -1.4
26 -1.9
27 2.5
28 -1.1
29 -2.1
30 -2.2
31 -5.5
29 4.2
30 4.7
31 2.3
32 2.4
33 3.0
34 0.7
35 -0.3
21 0.0
22 -1.3
23 -4.1
24 -0.4
25 -1.2
26 -7.9
30 0.8
31 -5.6
32 -13.0
31 -3.3
32 -4.0
35 -3.0
36 -1.7
27 5.1
28 6.9
29 4.5
30 5.6
31 5.5
32 5.0
33 2.8
34 4.5
35 4.3
36 3.1
37 2.5
38 4.4
25 -3.3
26 -4.6
27 -1.4
28 -0.7
29 0.2
30 -2.4
31 -3.0
32 -3.4
26 -6.5
27 -3.2
32 -0.4
33 2.5
34 1.8
35 0.4
36 -1.1
31 1.2
32 2.6
33 0.1
34 1.6
24 2.6
25 2.7
26 1.5
27 2.5
28 0.3
29 -4.5
30 -0.7
24 -2.8
23 -6.3
24 -5.4
25 -14.6
27 -1.7
28 -1.5
29 -1.4
30 -3.5
31 -3.7
23 -4.1
21 2.9
22 0.9
23 1.4
24 2.8
25 2.5
26 3.3
27 4.0
28 4.2
29 2.7
30 0.2
31 -3.0
32 -3.2
33 0.1
25 -1.8
26 -8.2
27 -7.7
28 -3.7
29 -5.3
30 -11.8
28 -2.6
29 -9.1
34 -3.7
35 -5.6
26 -4.2
23 -2.0
24 -1.9
25 -2.7
26 -2.8
27 -2.8
28 -3.2
29 -3.8
30 -3.4
30 -1.4
31 1.0
32 -1.3
33 -2.6
25 2.0
26 -1.6
25 0.6
26 -2.5
27 -1.2
28 -1.6
29 -3.4
30 -3.5
31 -7.9
32 -6.4
21 -0.6
22 -0.2
23 1.8
24 1.7
25 -0.4
26 0.2
27 1.4
28 -2.6
29 -1.0
30 -2.7
31 -5.2
32 -5.9
22 -1.3
23 0.0
24 -1.6
25 -3.9
26 -4.3
27 -4.7
28 -12.2
29 -3.4
30 -7.0
31 -2.7
32 -7.3
35 0.4
37 3.7
38 4.5
39 2.4
34 -1.2
35 3.8
23 0.8
24 2.4
25 2.2
26 3.4
27 -0.3
28 0.1
29 -1.7
30 -7.3
22 2.6
23 5.5
24 3.8
25 4.9
26 5.3
27 5.5
28 4.5
29 1.1
30 0.4
31 1.2
32 1.1
33 2.8
34 1.1
35 -1.3
36 -1.3
27 1.9
28 1.8
29 3.2
30 3.9
31 -0.7
32 0.2
33 -3.5
34 3.3
29 -16.9
23 0.9
24 1.2
25 1.9
26 1.6
27 -0.2
28 -10.2
29 0.1
30 0.9
31 0.2
32 1.8
33 -1.5
34 0.5
35 1.1
36 -0.8
37 -0.8
28 0.3
29 2.0
30 -3.8
34 0.3
35 -0.9
23 -1.6
24 -1.1
25 -0.3
26 -1.4
27 -5.5
28 -3.5
29 -2.6
30 -4.9
31 -6.5
33 -5.3
34 -4.7
35 -4.8
36 -4.3
26 -1.1
27 -0.3
28 -0.3
29 -1.8
30 -4.3
33 -2.3
23 -3.5
24 -4.5
25 -13.3
26 -7.7
26 2.1
21 6.0
22 9.7
23 5.8
24 6.8
25 4.8
26 6.2
27 2.4
28 1.4
29 -3.3
30 -0.3
31 -1.7
26 -1.5
27 -5.1
28 -1.7
29 -2.5
30 -5.0
31 -6.5
32 -6.1
34 0.4
28 1.4
29 1.4
30 1.3
31 -0.9
32 -3.7
33 -4.2
21 -1.1
22 -7.6
23 -2.2
24 -6.2
25 -13.8
26 -8.1
24 -5.1
25 -4.2
26 -5.7
27 -6.2
21 -6.1
22 -4.9
23 -3.9
24 -2.2
25 -1.4
19 0.5
20 -3.6
21 -0.3
22 -1.1
23 -4.2
24 3.4
25 -0.5
26 2.8
27 1.0
28 0.5
29 0.5
30 1.7
31 2.8
32 1.6
33 1.1
34 -0.8
35 -0.1
36 -1.8
37 -3.0
38 -3.0
38 -2.9
24 2.9
25 3.8
26 4.3
27 4.5
28 2.8
29 -0.1
30 2.6
31 1.2
32 -0.8
33 1.7
34 -2.2
20 0.2
21 -0.7
22 1.1
23 3.0
24 2.6
25 2.1
26 1.4
27 1.4
28 2.0
29 -0.6
30 -0.6
31 0.6
32 0.1
33 -3.0
34 -3.0
34 -2.7
35 -4.1
35 2.9
36 1.9
37 2.9
38 1.0
31 -2.6
32 -2.8
37 -4.6
25 0.7
26 1.3
27 1.8
28 -0.1
29 0.3
30 -0.4
31 -1.5
32 -5.1
23 -4.1
24 -6.6
25 -1.9
26 -1.4
27 -1.0
28 -1.8
29 -0.9
30 -6.5
31 -0.7
32 -3.3
33 -2.2
34 -2.8
35 -3.3
36 -5.3
37 -5.3
37 -13.2
22 -7.1
23 -1.2
24 -3.5
25 -7.2
29 -5.6
25 -1.4
26 -0.2
27 -1.4
28 -1.5
29 -4.8
30 0.1
31 -0.8
32 -2.2
33 -1.9
24 -5.3
30 1.1
27 -0.1
29 -2.7
30 -7.8
31 -9.0
34 1.3
35 -2.7
36 -0.1
37 -1.0
38 -2.4
39 -0.5
40 -0.4
41 -6.7
25 -4.4
26 -3.3
27 -7.6
28 -3.2
25 -2.0
26 -5.4
27 -5.0
28 -2.5
29 -3.5
24 1.1
25 2.7
26 -0.8
27 -1.8
28 -0.3
29 1.8
30 1.4
31 -3.8
32 -1.3
33 -3.1
34 -1.8
26 2.3
27 3.3
28 1.0
29 1.7
30 3.7
31 3.8
32 1.6
33 0.0
34 1.8
35 0.6
36 -0.5
37 -1.1
38 -6.2
25 0.4
24 -0.1
25 0.6
26 2.9
27 1.4
28 -0.1
29 1.2
30 1.1
31 -0.8
32 -0.4
26 -0.3
27 -0.9
28 -4.0
29 -2.3
30 -4.5
31 -0.5
32 -3.3
37 -1.6
27 -2.1
28 -2.4
29 -3.4
30 -6.0
31 -3.5
22 4.7
23 5.7
24 3.4
25 5.7
26 5.7
27 6.7
28 5.2
29 1.2
30 2.6
31 3.8
32 1.8
33 1.7
34 3.3
35 0.7
36 0.7
36 0.9
37 -1.3
22 0.2
23 2.6
24 1.8
25 -0.6
26 1.9
27 0.4
28 -2.0
29 -1.1
30 0.0
31 -3.0
32 -1.7
33 -2.0
34 -1.3
28 7.0
29 6.3
30 5.4
31 5.6
32 2.6
33 0.9
34 -0.7
35 2.0
36 -0.5
37 1.5
37 -3.6
38 -1.3
39 -6.3
21 0.4
22 0.3
23 3.2
24 1.6
25 3.4
26 1.7
27 3.8
28 2.9
29 3.1
30 3.7
31 -3.1
32 1.2
38 0.1
28 -3.6
29 -2.4
30 -3.2
31 -6.3
32 -4.3
33 -5.1
34 -4.6
35 -3.8
36 -3.5
25 -3.1
26 -3.9
27 -3.1
28 -4.0
29 -5.2
30 -4.8
27 0.5
28 0.4
29 2.4
30 -1.8
31 0.3
29 1.7
30 1.9
31 2.0
32 -1.2
33 0.4
34 1.5
35 -11.6
31 -7.4
19 -5.7
20 -4.6
31 -4.5
32 -2.9
33 -5.7
24 0.9
25 -0.6
26 0.1
27 1.5
28 0.4
29 -5.2
22 -4.6
23 -4.3
24 -6.3
25 -4.0
26 -5.1
28 -5.3
29 -1.3
30 -5.2
25 1.9
26 -0.1
27 0.9
28 0.6
29 -1.0
30 1.5
31 -2.6
32 4.6
33 3.2
34 2.1
35 -0.3
36 -0.2
37 -3.5
31 -0.3
32 -0.4
33 -1.0
34 -3.6
26 10.3
31 -8.7
29 1.9
30 -0.3
31 -3.2
32 -1.2
23 1.2
24 -1.1
25 0.7
26 1.0
27 1.0
28 -0.7
29 -0.1
30 -4.3
31 -2.8
32 -7.3
30 0.9
31 0.2
32 -3.0
33 -0.1
34 -3.9
35 -4.4
36 -3.8
23 4.9
24 4.2
25 2.1
26 4.3
27 4.3
28 3.4
29 4.7
30 2.5
31 2.7
32 4.7
33 4.4
34 3.4
35 1.5
36 1.5
37 1.5
37 -2.8
38 -4.4
35 2.2
36 2.0
37 -0.8
25 2.0
26 -1.4
27 -1.6
28 -0.8
29 0.8
30 -3.0
31 -1.0
28 -4.7
37 0.8
24 0.7
25 0.7
26 4.6
27 0.5
28 1.4
29 1.8
30 2.9
31 -0.3
32 -0.7
33 -2.0
22 -8.9
23 -9.5
25 -3.1
26 -7.0
27 -3.6
28 -1.6
29 -5.7
30 -28.6
32 -5.2
21 -1.3
22 -1.3
23 -5.8
24 1.2
25 0.8
26 -1.0
27 -1.3
28 0.4
29 -1.9
30 -4.7
31 -5.3
32 -5.6
27 -5.2
28 0.0
29 1.4
30 -0.5
31 -0.5
32 -4.4
33 -0.2
34 1.0
35 -0.4
36 -1.8
33 -12.2
21 0.6
22 2.5
23 2.2
24 -0.1
25 2.4
26 0.5
27 0.5
28 1.1
29 -2.1
30 -5.1
31 -4.2
27 -3.2
28 -19.5
33 -4.2
34 -1.0
35 -5.5
20 1.4
21 -3.5
22 -0.8
23 1.9
24 -1.6
25 0.9
26 -2.7
27 -1.5
28 2.0
29 -1.6
30 -1.2
31 -13.2
35 -4.0
29 -3.4
34 0.2
35 0.8
36 -0.8
37 -1.6
38 -1.7
39 -4.2
35 3.9
36 2.1
24 -4.1
25 -0.6
26 -3.9
28 -0.4
29 -1.0
30 -2.5
31 -2.9
33 -14.9
29 -1.5
29 1.3
30 -0.6
31 0.8
32 -3.0
31 -4.7
32 -3.4
33 -6.3
28 0.6
29 -0.8
30 -2.1
31 -0.8
32 -2.5
33 -1.1
26 -1.2
27 -0.2
28 -1.0
29 -2.3
30 -2.7
31 -3.6
32 -7.2
33 -7.3
24 -3.8
30 -0.9
31 -1.2
32 -0.4
33 0.8
34 -3.9
24 -6.7
28 -3.3
34 -0.9
35 -3.7
24 -1.9
25 -1.3
26 -1.1
27 0.0
28 -2.1
29 -2.8
30 -2.6
31 -3.8
32 -10.4
33 -6.0
34 -16.1
30 -4.0
31 -1.9
23 -2.8
25 0.7
26 -0.9
27 0.7
28 -0.2
29 -2.1
30 -2.9
31 -2.1
32 -1.9
33 -4.9
34 -10.0
31 1.3
32 -1.0
33 -3.6
34 -1.4
27 0.1
28 0.9
29 -1.2
30 -3.6
31 -2.6
32 -3.0
33 -7.4
33 -6.1
30 -0.5
31 0.5
32 -0.5
33 -2.5
26 0.7
27 0.7
28 -3.5
29 -1.0
30 -1.8
31 0.1
32 -1.3
33 -8.3
34 -2.2
35 -6.6
36 -4.2
37 -4.1
35 -5.9
24 -3.3
25 -3.5
26 -2.1
19 -4.9
20 -6.7
21 -3.5
22 -5.9
23 -2.6
24 -1.7
25 -0.4
26 -4.7
27 -5.0
28 -0.3
29 -4.5
30 -1.5
25 -3.6
26 -6.2
27 -6.4
28 -0.8
30 -2.7
38 3.3
39 2.0
23 2.7
24 3.1
25 3.7
26 1.3
27 1.2
28 -1.9
29 1.8
30 -0.6
31 -1.0
32 0.6
27 0.6
28 -1.9
29 0.6
30 1.1
31 -0.6
32 -2.6
33 -4.1
27 -1.0
28 -1.0
29 -0.6
30 -4.4
30 -4.7
31 -12.4
34 -0.4
35 -2.2
36 -3.2
37 -7.7
20 -7.2
21 -10.2
22 -19.4
23 -12.9
27 1.0
28 -0.6
29 1.8
30 2.5
21 -1.5
22 -0.9
23 -0.1
24 -1.1
25 -3.4
26 -4.2
27 -3.4
28 -8.6
23 1.9
24 1.4
25 -2.0
26 0.8
27 1.0
28 -2.7
29 -2.6
30 -0.2
23 3.2
24 1.4
25 0.9
26 3.0
27 2.9
28 3.7
29 2.7
30 2.5
31 0.8
32 0.6
33 0.9
34 -0.6
35 -4.2
36 -0.4
37 -0.4
37 -2.8
38 -1.1
23 0.1
24 0.2
25 0.6
26 -1.1
27 0.7
28 -1.8
29 -5.9
30 -2.0
31 -1.1
28 -0.3
29 0.9
30 0.3
31 0.0
32 -1.2
33 -2.2
34 0.4
35 1.1
36 -0.8
37 1.1
38 -1.3
39 0.4
23 -2.4
24 -2.0
25 0.2
26 -2.2
27 -3.1
28 0.5
29 -0.6
30 -2.5
31 -0.4
23 -1.4
24 1.1
25 -0.6
26 -1.5
26 -0.9
27 -0.1
28 -2.9
21 -3.2
22 -3.8
23 -2.3
24 -1.5
25 -0.9
26 -5.7
21 0.1
22 -2.2
23 2.2
24 -0.8
25 2.3
26 1.1
27 3.3
28 2.1
29 1.0
30 2.7
31 0.1
32 -7.3
33 0.2
34 -0.9
35 -0.9
29 0.7
30 -0.3
31 -2.4
32 -1.8
33 -2.8
25 0.2
26 0.0
27 1.6
28 -0.2
29 -1.5
25 -2.8
26 -4.1
27 -6.2
28 -4.5
29 -4.6
30 -3.2
31 -4.8
32 -7.5
23 -2.3
24 -0.2
25 -1.1
26 -2.2
27 -2.7
28 -2.6
29 -4.7
30 -7.9
24 3.0
25 0.3
26 1.7
27 -0.4
28 0.0
29 -3.1
30 -2.9
24 0.6
25 -2.6
26 -5.3
27 -6.6
28 -12.3
26 5.9
27 5.1
28 5.1
29 3.8
30 5.8
31 5.7
32 1.5
33 3.0
34 3.9
35 1.8
36 0.8
26 -4.3
26 2.6
27 2.4
28 1.9
29 1.4
30 3.5
31 2.3
32 4.0
33 1.4
34 0.3
30 0.9
31 2.1
32 1.0
33 -0.6
30 -0.8
31 0.5
32 -0.7
33 -3.3
27 6.2
28 3.8
29 -0.3
30 1.0
31 -0.4
32 1.4
33 -3.5
24 2.0
25 0.7
26 -2.7
27 -0.3
28 1.8
29 -5.2
30 -1.0
30 -1.7
31 0.8
32 -2.0
33 0.4
34 -0.7
35 -3.6
24 -2.0
25 -4.0
26 -4.9
27 -8.5
29 1.0
30 -4.9
31 -4.0
29 0.1
30 -1.0
31 -0.9
32 -6.0
33 -2.0
34 -3.2
35 -2.3
26 0.2
27 0.1
28 -2.4
28 -2.4
29 -0.3
30 -2.1
31 -1.9
32 -5.3
33 -4.4
25 -0.5
26 0.1
27 0.3
28 -0.5
29 0.4
30 -0.3
31 -2.2
27 1.4
28 0.8
29 0.4
30 -0.9
29 -0.7
30 -2.0
32 -5.3
33 -4.4
34 -2.7
35 -4.3
25 -1.9
26 -2.1
27 -3.5
30 -1.5
31 0.6
27 -1.3
28 -1.6
29 -2.6
30 -3.4
31 -7.1
32 -5.1
38 -5.2
39 -3.7
40 -2.7
41 -6.8
21 2.9
22 4.3
23 4.2
24 4.0
25 1.6
26 3.3
27 2.7
28 2.3
29 1.5
30 1.1
31 0.5
32 1.4
33 -2.1
25 -3.8
26 -2.4
27 -1.3
28 -0.6
29 -1.3
30 -3.0
31 -6.9
32 -6.4
23 -1.7
24 -6.8
25 -6.7
26 -3.0
23 -3.9
24 -4.6
25 -2.3
26 -3.9
27 -5.2
28 -3.9
29 -4.6
30 -5.0
31 -3.9
23 -2.7
24 0.5
25 1.2
26 -1.5
20 2.2
21 1.1
22 4.0
23 5.5
24 5.0
25 0.7
26 -1.7
27 2.5
28 -1.5
29 -0.9
21 -9.5
22 -8.4
22 -3.7
23 -0.3
24 -4.8
25 -2.3
26 -2.0
27 -2.2
26 -14.4
27 -3.2
23 3.6
24 3.3
25 3.7
26 4.0
27 3.3
28 3.8
29 3.4
30 2.1
31 2.5
32 1.7
33 2.0
34 0.8
23 9.8
24 -8.8
22 -2.6
23 -9.8
24 -3.9
25 -5.4
21 -3.1
22 -4.1
23 -5.5
22 -5.3
23 -6.1
24 0.1
25 -2.9
26 -5.1
27 -6.3
22 -11.3
23 -22.7
24 -7.5
20 -4.4
21 -0.9
22 -3.2
19 -2.7
20 -0.5
21 -4.4
22 -1.7
23 0.7
24 -2.0
25 -1.9
26 -5.6
27 -2.3
28 -6.2
29 -3.5
22 -1.6
23 -24.3
24 -6.6
19 -0.3
20 -2.1
21 3.1
22 2.2
23 2.5
24 2.4
25 -0.9
26 -1.6
27 2.2
28 4.1
29 3.5
30 1.3
31 4.2
32 4.2
32 -0.5
33 -0.3
23 0.1
24 0.9
25 -0.5
26 0.1
27 -5.1
23 -2.8
24 -1.1
25 -2.6
26 -0.7
27 -2.2
28 -2.2
29 -3.9
30 -4.2
31 -6.2
23 -0.6
24 0.0
25 -1.1
26 -2.1
27 -3.5
28 -4.6
29 -4.8
30 -6.7
31 -3.9
32 -5.1
33 -3.4
34 -3.6
19 -3.0
20 -3.3
21 -1.9
22 -4.2
23 -2.9
24 -4.5
25 -17.3
26 -23.0
20 -3.5
21 -0.7
22 -3.0
23 3.4
24 2.4
25 1.1
26 -0.9
27 -2.0
28 -3.3
29 -4.1
30 -4.1
26 -3.3
27 -5.4
28 -5.0
20 -13.6
21 -3.2
20 -10.2
25 -1.3
26 -2.6
27 -9.9
21 2.1
22 2.7
23 3.8
24 5.1
25 4.2
26 2.9
27 5.0
28 5.4
29 5.3
30 3.7
31 1.5
32 0.6
33 2.8
34 2.8
34 4.0
35 3.7
19 0.4
22 -3.2
23 -0.3
24 -1.8
25 -2.3
26 -1.8
27 -4.7
28 -3.0
29 -5.2
22 -15.4
22 -0.1
23 -0.3
24 1.0
25 -0.6
26 -0.7
27 1.4
28 -1.7
29 0.7
30 -1.0
31 -0.5
32 -4.6
20 -2.3
21 -4.0
22 -0.5
23 -2.9
24 -1.9
25 -10.5
25 -5.3
26 -2.1
27 -3.2
28 -1.8
29 -6.5
30 -8.3
31 -7.6
32 -17.4
26 -1.5
27 0.2
28 1.3
29 1.9
30 -2.3
31 -4.8
32 -4.0
33 -8.5
21 1.9
22 2.5
23 0.1
24 3.0
25 -1.8
26 0.0
27 -0.2
28 0.3
29 1.2
30 0.1
31 -2.9
32 -1.4
33 -0.7
34 -0.7
34 -0.8
35 -2.4
20 -1.6
21 -0.8
22 2.3
23 0.7
24 1.6
25 1.1
26 1.7
27 2.2
28 -0.2
29 2.1
30 0.3
31 -0.1
32 0.2
33 0.2
33 -1.3
34 -0.3
38 1.0
20 6.6
21 8.2
22 9.1
23 6.4
24 4.0
25 5.4
26 2.4
27 4.5
28 2.2
27 3.9
28 1.5
29 -2.9
26 -8.3
29 -40.9
28 -4.5
29 -3.6
23 -3.0
21 -0.7
22 -3.4
23 -1.8
24 -0.7
25 0.4
26 1.1
27 3.0
28 2.6
29 -3.8
30 -1.0
31 -1.7
23 -3.1
19 0.3
20 0.8
21 2.3
22 2.6
23 2.7
24 1.7
25 3.1
26 -1.7
27 1.7
28 1.7
29 2.7
30 -0.5
31 -2.0
32 -2.0
32 0.1
33 -3.0
21 -0.8
22 1.2
23 1.3
24 0.7
25 -2.9
26 1.0
27 -1.4
28 -4.1
29 0.0
30 0.3
31 -2.2
20 -1.1
21 -0.9
22 -2.2
23 -2.9
24 -0.1
25 -1.5
26 -1.2
27 0.9
28 2.5
29 0.1
30 0.2
31 0.4
32 1.5
33 1.5
33 -0.8
34 -2.1
29 -3.1
30 -4.1
31 -1.6
32 -3.4
21 -0.4
22 0.9
23 2.4
24 2.8
25 0.8
26 2.8
27 1.1
28 2.2
29 2.2
30 0.6
31 -0.6
22 -2.7
20 -7.7
23 -2.6
24 -3.2
25 -1.7
26 -3.7
27 -1.7
28 -2.4
29 -1.4
30 -4.0
31 -2.4
32 0.9
25 -5.0
26 -2.6
27 -2.0
21 -2.6
22 -0.8
23 1.7
24 1.4
26 -10.0
23 -5.6
24 -0.9
25 -3.8
26 -2.4
27 -1.1
23 -0.3
24 2.8
25 3.7
26 -1.3
27 0.3
28 -2.0
25 -3.7
22 0.3
23 -10.7
19 -3.3
20 -2.2
21 1.3
22 5.8
23 3.9
24 2.3
25 4.1
26 3.5
27 1.7
28 1.9
29 1.9
30 -0.3
31 -3.2
32 -3.2
22 0.2
23 -1.9
24 -1.3
25 -0.1
26 -1.3
27 -1.6
28 -5.0
29 -1.5
30 -2.6
31 -1.5
32 -4.5
33 -5.6
21 -4.4
22 -2.6
23 -3.5
23 -3.2
24 -2.4
25 -3.9
26 -2.9
22 -3.1
24 -3.9
25 -20.6
26 -5.9
21 2.3
22 2.1
23 2.6
24 4.6
25 3.2
26 -0.1
27 3.5
28 0.7
29 2.0
30 -0.6
31 -3.4
32 -3.3
33 -3.3
22 -5.9
24 -2.4
25 0.4
26 -3.7
27 1.0
28 -2.2
29 -5.0
30 -3.0
22 -2.1
23 -0.2
24 0.8
25 1.9
26 4.7
27 1.8
28 -0.6
29 -1.4
30 -2.2
31 -1.6
32 -2.1
33 -1.5
34 -1.5
34 -2.6
23 -2.2
24 -2.9
25 -2.9
26 -1.7
27 -2.2
28 -0.5
29 -1.6
30 -5.3
31 -5.5
24 -5.2
25 -0.3
26 -3.4
27 -3.1
28 -2.9
24 -2.6
25 -2.1
26 -2.9
27 -2.0
28 -3.0
29 -5.6
22 1.8
23 0.3
24 -0.3
25 0.2
26 2.1
27 -2.1
28 -1.9
29 1.3
30 1.0
31 -0.1
32 0.7
33 0.4
34 0.4
34 -2.1
35 -2.2
24 -3.7
25 -3.3
26 -1.4
27 -7.2
28 -6.0
29 -6.2
22 -2.1
23 -0.2
24 -3.5
25 -1.6
26 -1.5
27 -3.1
28 -4.9
29 -0.4
30 -2.2
31 -1.8
32 -3.6
33 -2.7
34 -2.7
24 1.8
25 -0.1
26 -1.0
27 -3.8
28 -5.6
29 -0.6
30 -2.4
31 -4.0
32 -14.0
25 5.1
26 7.0
27 6.0
28 7.2
29 8.1
30 6.0
31 6.3
32 5.3
33 6.4
34 3.7
35 4.0
36 1.7
37 1.7
37 3.6
38 1.9
25 -2.5
26 -2.8
27 -6.3
28 -2.0
29 -3.5
21 -3.3
22 0.9
23 -0.8
24 0.0
25 -3.1
26 -3.5
27 -1.9
28 -1.5
29 1.0
30 -7.2
31 -0.9
32 -1.6
33 -1.6
33 -5.0
22 -2.4
23 -9.9
20 1.7
21 0.6
22 -47.7
23 1.5
24 -3.0
25 3.4
26 4.7
27 4.6
28 1.1
29 1.3
30 0.2
31 -0.6
32 -0.6
32 0.2
33 0.5
23 -5.8
24 -6.4
21 -1.3
22 -2.0
24 -0.7
25 0.6
26 -0.3
27 -0.8
28 -0.6
29 -4.5
22 -5.0
21 -3.5
22 -0.7
23 0.8
24 0.3
25 -2.8
26 -0.4
27 0.3
28 0.2
29 0.4
30 -6.0
23 -0.1
24 0.5
25 -1.1
26 -1.9
27 -1.2
28 -2.1
23 -3.2
22 -5.2
22 1.9
23 1.6
24 2.4
25 2.3
26 2.9
27 3.0
23 -2.2
24 -4.5
25 -3.7
26 -3.1
27 -3.2
28 -1.5
29 -3.0
22 -2.4
23 -2.6
24 -4.3
25 -1.0
26 -2.4
23 1.3
24 1.9
25 2.1
26 2.0
27 1.7
28 1.4
29 0.8
30 -3.0
31 -3.1
23 -4.3
24 -2.4
25 -4.2
26 -2.1
27 -3.1
22 2.1
23 2.4
24 0.4
25 2.0
26 1.6
27 0.8
28 0.7
29 -1.7
30 -2.2
31 -1.6
32 -2.6
33 -1.3
34 -1.3
34 -3.1
22 -3.0
23 -3.8
24 -4.3
23 -1.2
24 -2.3
25 -3.0
26 -0.4
27 -0.6
28 -0.1
29 1.0
30 -0.2
31 -2.9
32 -1.8
33 -2.1
34 -2.9
35 -2.9
19 0.3
20 -4.2
21 6.5
22 -1.9
25 -8.1
26 -7.8
22 -5.4
23 -8.8
20 -1.0
21 3.4
22 -6.6
23 1.6
24 3.9
25 1.0
26 0.3
27 0.7
28 -1.4
29 -1.4
30 -3.1
31 -1.4
32 -1.4
32 -0.4
23 -17.6
19 -8.2
20 -8.3
21 -9.7
19 -5.7
20 -10.1
23 -0.7
24 -2.7
25 -3.2
20 -2.1
21 -3.4
22 -0.9
23 -1.1
24 -0.9
25 -4.1
26 -4.5
27 -0.5
28 -1.6
29 1.2
23 -1.9
24 -2.2
25 -6.3
26 -3.2
27 -2.9
22 -4.6
23 -7.6
21 -5.3
22 -6.3
23 -0.7
19 -1.2
20 1.5
21 2.0
22 1.6
23 0.3
24 1.4
25 0.5
26 2.9
27 2.4
28 3.6
29 1.4
30 1.4
30 2.6
31 -0.7
22 -1.5
23 -1.6
24 -4.1
25 -2.1
26 -5.4
27 -0.7
28 -7.8
21 -0.8
22 0.3
23 2.9
24 0.6
25 1.2
26 -2.0
27 -2.1
28 -2.0
29 -2.9
30 -3.9
31 -0.8
32 -0.8
32 -2.1
33 -4.1
23 -2.5
24 -2.8
25 0.9
26 -0.2
27 0.5
28 2.7
29 1.8
30 2.6
31 3.4
32 1.5
33 1.6
34 1.6
34 0.4
35 -0.6
23 -5.1
24 -1.7
25 -3.1
26 -0.8
27 1.7
28 -1.5
29 -2.3
30 -2.9
31 0.0
32 -1.6
33 -2.1
34 -2.1
34 -3.5
23 -2.7
24 -1.1
25 -1.3
26 1.3
27 -0.1
28 0.1
29 0.0
30 -5.1
31 -1.3
32 -2.1
23 -2.2
19 0.4
20 2.5
21 2.6
22 3.7
23 2.4
24 2.3
25 0.4
26 0.0
27 1.2
28 0.5
29 -0.1
30 -0.1
30 2.1
27 -12.7
22 -2.5
23 -6.3
23 -3.6
24 -2.5
25 -0.3
26 -2.2
27 -5.4
28 -6.6
29 -4.3
30 -7.3
31 -15.4
23 -2.3
24 -0.7
25 -1.9
26 -3.7
27 -6.9
28 -15.8
29 -3.5
30 -6.9
22 -2.1
23 0.9
24 1.4
25 -3.7
26 -2.5
27 -1.9
28 -2.5
29 0.3
30 -3.6
31 -3.3
23 -3.7
24 -2.2
21 -3.8
22 3.1
23 1.0
24 -0.4
25 1.6
26 1.9
27 1.5
28 -1.1
29 1.8
30 1.6
31 0.1
32 0.1
32 1.2
33 -2.9
25 -5.3
23 -2.9
24 -3.1
25 -5.6
26 -2.1
19 -5.0
27 -1.7
28 -0.6
29 -0.3
30 -6.5
31 0.1
32 -6.8
33 -3.1
34 -4.3
26 -1.5
27 -3.4
23 -7.0
24 -9.5
23 -4.5
22 -5.3
23 -9.3
24 -5.5
25 -2.8
26 -2.7
27 -3.3
28 -3.1
29 -1.7
30 -1.5
31 -3.4
32 -4.9
33 -4.9
30 -3.1
23 1.8
24 0.0
25 -1.7
26 -2.7
27 -1.8
28 -2.6
29 -3.3
30 -2.8
31 -2.9
32 -4.9
33 -3.4
34 -3.4
34 -4.5
35 -3.2
22 -3.3
23 -2.5
24 -3.4
25 -0.8
26 -2.8
27 -2.9
23 3.3
24 1.9
25 2.9
26 -0.8
27 0.4
28 0.0
29 -1.5
30 -1.4
31 -1.2
32 -0.8
33 -2.8
34 -2.8
34 -3.7
23 2.5
24 2.3
25 2.8
26 0.8
27 -0.9
28 -3.3
29 -5.8
30 -3.4
31 -5.2
23 -8.1
19 8.3
20 9.3
21 7.4
22 11.2
23 13.0
24 12.5
25 8.6
26 11.0
27 11.6
28 8.9
29 7.4
30 7.4
30 9.1
31 8.4
24 -8.0
23 -11.5
24 -3.7
25 -0.4
26 -5.0
27 -6.1
23 -3.8
24 -4.8
25 -4.1
26 -3.0
27 -2.3
28 -3.6
29 -3.1
30 -2.0
31 -5.0
23 -0.6
24 -0.3
25 -1.0
26 1.2
27 -2.9
28 -1.5
29 0.9
30 -1.0
31 -3.7
32 0.0
33 -1.4
34 -1.4
34 -1.0
35 -1.6
21 -1.5
22 -0.4
23 -2.5
24 0.4
25 -2.5
26 -3.2
27 -2.5
28 -1.4
29 -3.7
30 -2.4
31 -1.4
32 -1.4
32 -5.1
22 -3.9
23 -3.3
24 -0.7
25 -2.3
26 -3.5
27 -4.1
28 -8.4
29 -5.2
22 2.3
23 -0.2
24 -0.5
25 0.1
26 0.2
27 0.4
28 0.0
29 2.5
30 2.7
31 2.2
32 3.3
33 3.3
33 -0.2
34 -0.2
18 -8.9
19 -20.6
23 -3.5
24 -3.1
25 -5.3
26 -5.2
18 -9.1
19 0.3
20 0.4
21 -3.5
22 -2.2
23 -0.7
24 -0.8
25 -3.1
26 -36.1
19 -1.9
20 -3.5
21 -1.2
22 -1.8
23 -0.4
24 -2.5
25 -3.6
26 -4.7
27 -4.7
28 -2.5
19 -0.6
20 -0.9
21 -0.1
22 -4.8
23 -1.3
24 -0.9
25 -1.5
26 1.4
27 0.0
28 -0.7
29 1.4
30 1.4
30 1.4
31 2.7
20 -4.4
21 -4.0
22 -0.7
23 -5.1
24 -1.8
25 -7.0
26 -2.5
27 -2.6
28 -3.1
23 -15.6
19 -3.2
20 0.0
21 -0.6
22 2.6
23 2.2
24 0.2
25 -2.5
26 -0.6
27 -0.4
28 -2.7
29 -4.2
30 -4.2
30 -4.3
21 -1.5
22 -3.4
23 -0.9
24 0.3
25 0.5
26 0.7
27 -1.4
28 -1.6
29 -3.6
21 -2.6
22 -5.5
22 0.4
23 -0.5
24 -1.8
25 -4.0
26 -0.3
27 0.9
28 -0.3
29 0.3
30 -0.4
31 -5.1
32 -4.0
33 -4.0
23 -6.2
25 -0.5
26 -1.1
27 -2.7
28 -2.2
29 -1.5
30 -3.1
31 -8.8
21 -2.1
22 -2.1
23 -3.5
22 4.4
23 7.5
24 8.4
25 3.0
26 10.7
27 9.4
28 5.9
29 6.3
30 3.9
31 2.3
32 1.2
33 1.2
33 0.8
34 1.0
23 -1.9
24 -1.3
25 0.6
26 -0.2
27 -1.5
28 -3.4
29 -6.2
30 -6.7
31 -1.3
23 -4.6
24 1.0
25 1.2
26 1.1
27 -0.5
28 1.2
29 2.7
30 1.7
31 3.3
32 2.0
33 1.7
34 1.7
34 3.4
35 2.2
21 -1.2
22 -0.6
23 -0.1
24 0.2
25 2.3
26 1.6
27 -2.3
28 -0.5
29 -1.4
30 -2.0
31 -1.3
32 -1.3
32 -3.3
23 -1.4
24 1.1
25 -1.4
26 -0.3
27 0.8
28 3.6
29 2.5
30 1.3
31 2.3
32 3.3
33 3.3
33 -0.1
34 0.6
24 -7.5
25 -5.2
19 -0.6
20 1.5
21 1.8
22 3.1
23 1.3
24 1.1
25 1.8
26 1.5
27 3.4
28 1.9
29 1.9
29 1.5
30 1.7
22 -5.7
23 -7.1
24 -10.5
18 0.2
19 1.4
20 1.8
21 2.6
22 0.7
23 -0.3
24 -0.2
25 0.7
26 -15.0
24 0.7
25 0.4
26 -1.6
27 2.6
28 2.5
29 2.0
30 2.0
31 0.5
32 0.3
33 -0.9
34 -0.9
34 1.6
24 -8.2
19 -1.6
20 -6.1
21 1.5
22 2.0
23 2.4
24 -1.1
25 -0.8
26 0.6
27 0.6
28 0.6
29 1.0
30 2.2
31 2.4
32 0.6
33 0.1
34 0.1
34 -1.2
35 -1.8
22 -3.1
23 -0.4
24 1.3
19 0.9
20 2.7
21 0.1
22 -0.8
23 0.2
24 2.2
25 2.1
26 1.1
27 0.2
28 0.5
29 0.5
29 1.9
30 -2.5
22 0.9
23 0.0
24 -2.9
25 -1.4
26 -2.9
27 -5.1
28 -2.3
29 -3.5
23 -5.9
21 0.2
22 1.4
23 -0.1
24 0.6
25 -2.1
26 -2.5
27 -2.4
28 -5.1
29 -6.8
30 -6.1
31 -6.1
21 0.6
22 1.9
23 1.0
24 2.5
25 -0.5
26 -1.3
27 0.3
28 -0.1
29 -1.6
30 1.2
31 1.2
31 0.3
32 -0.4
22 -4.2
23 -6.8
24 -3.6
19 1.2
20 3.6
21 2.2
22 4.4
23 5.5
24 4.8
25 3.8
26 1.3
27 1.9
28 -1.2
29 -1.2
29 0.6
30 2.3
19 -4.8
20 -2.7
21 -3.2
22 -3.1
23 -4.5
24 0.0
25 -0.2
26 -2.7
27 0.0
28 -1.3
29 -1.3
29 -2.9
30 -2.7
21 2.1
22 3.4
23 4.3
24 3.8
25 2.7
26 3.2
27 4.4
28 3.2
29 3.0
30 1.6
31 1.6
31 1.6
32 3.0
24 -2.2
25 -1.6
26 -2.6
27 1.2
28 -3.4
29 -1.3
23 -5.1
24 -4.4
25 -4.4
26 -2.2
27 -1.4
28 -3.0
29 -3.1
30 -2.6
31 -24.7
23 -4.2
24 -3.1
25 -5.0
20 -3.1
21 0.6
22 0.3
23 0.7
24 -0.4
25 0.1
26 3.0
27 1.5
28 1.8
29 0.2
30 0.2
30 -1.1
31 -3.1
24 -7.8
22 -1.0
23 -1.9
24 -4.2
21 -1.8
22 -1.5
23 -8.5
24 -3.4
25 -1.7
26 -2.7
19 -2.1
20 -0.9
21 0.1
22 2.4
23 1.1
24 -0.3
25 -0.7
26 1.6
27 0.2
28 0.5
29 -0.6
30 -2.1
31 -2.1
31 -4.5
22 2.2
23 -0.4
24 1.1
25 5.1
26 1.0
27 1.6
28 -0.2
29 -0.1
30 -1.1
31 -1.0
32 -1.0
32 -3.1
33 -2.0
25 1.0
26 -0.6
27 -2.4
28 -2.0
29 -3.4
30 -3.0
31 -14.5
22 -1.9
23 2.4
24 -1.3
25 0.0
26 -0.9
27 0.8
28 -0.6
29 -1.1
20 -19.8
23 -5.5
24 -8.6
24 -1.3
25 -4.1
23 -1.9
24 -0.9
25 -3.2
26 -3.6
27 -5.2
28 -5.8
19 -7.5
21 -1.9
19 -2.1
20 0.6
21 1.2
22 1.7
23 -0.3
24 1.9
25 2.3
26 1.3
27 0.1
28 0.7
29 0.7
29 1.3
30 -1.3
19 1.0
20 3.0
21 3.1
22 1.7
23 5.5
24 3.1
25 4.1
26 2.1
27 -0.6
28 1.0
29 1.0
29 -2.0
21 -0.5
22 -1.5
23 -1.2
23 -4.3
24 -0.5
27 -6.3
19 -4.3
19 -2.9
20 -4.9
21 -3.7
22 -3.4
23 -5.7
24 -4.5
25 -0.5
26 -3.0
29 0.0
24 -8.2
29 -8.0
22 -1.7
23 -3.8
24 -1.7
25 -2.8
26 0.2
27 1.0
28 -3.5
29 -3.2
30 -3.4
31 -0.8
32 -0.8
32 -4.8
33 -2.5
22 -0.6
23 1.7
24 -1.6
25 1.6
26 3.0
27 0.8
28 2.1
29 4.6
30 2.7
31 0.9
32 0.9
32 -2.4
33 -0.6
23 -3.9
20 -2.4
21 -1.3
22 -0.2
23 0.8
24 -0.9
25 -0.5
21 1.9
22 -0.3
23 -1.4
24 2.3
25 -0.3
26 -0.5
27 0.5
25 -1.5
26 -0.4
27 -1.9
28 -4.7
29 -1.2
30 -1.5
31 -3.9
32 -2.5
19 -5.6
20 -1.6
21 -0.8
22 -12.1
23 1.5
24 1.1
25 0.9
26 1.3
27 -0.4
28 0.7
29 0.7
23 -4.0
24 -10.4
25 -7.7
20 -8.7
21 -1.0
22 -2.1
23 -1.0
24 -0.5
25 -1.1
26 -1.2
27 -1.2
28 -0.5
29 -0.5
29 0.8
30 -0.7
22 -4.0
19 -2.4
20 0.5
21 -1.5
22 0.6
23 -0.5
24 -5.1
25 2.3
26 0.1
21 0.5
22 1.2
23 1.7
24 3.4
25 2.4
26 0.0
27 2.3
28 4.4
29 4.1
30 4.1
30 4.5
31 -0.3
18 -0.5
19 4.5
20 1.9
21 1.4
22 3.3
23 1.8
24 0.1
25 2.6
26 0.9
27 -0.6
28 -1.3
29 -0.4
30 0.4
31 1.3
32 -3.2
33 -3.2
33 -0.1
34 -4.7
23 -2.6
24 -2.5
25 -0.5
26 -3.9
22 -4.9
23 -5.0
24 -5.6
20 -1.0
21 1.7
22 -3.3
23 -1.5
24 0.2
25 -0.6
26 0.8
27 0.0
28 -0.1
29 -0.1
29 0.3
30 -2.3
22 -4.0
21 -0.7
22 -2.1
23 -0.1
24 1.6
25 0.3
26 -1.8
27 0.3
28 -0.9
29 -3.0
30 -3.0
30 -0.9
31 -1.0
22 -4.7
23 -1.4
24 -4.3
25 3.7
26 1.2
27 1.9
24 -0.6
25 0.6
26 -0.1
27 -1.1
28 0.7
29 -1.2
30 -0.4
31 -0.2
32 -5.3
33 -5.3
23 -1.2
24 -0.3
25 -1.3
26 -1.7
27 -1.1
28 -5.4
23 -2.6
24 -6.6
25 -3.5
26 -3.6
27 -7.1
23 -5.8
24 -0.4
25 -6.7
26 -3.7
27 -6.0
22 0.9
23 1.4
24 2.9
25 2.7
26 1.6
27 1.9
28 -9.6
29 -2.8
30 -3.2
31 -3.2
20 -3.1
21 -6.9
22 -6.4
23 -4.0
24 -9.8
22 1.6
23 2.8
24 0.0
25 1.2
26 3.8
27 -1.8
28 -0.7
29 -0.6
30 -0.4
31 -0.4
31 -9.4
23 1.5
24 -0.2
25 -3.0
26 -4.1
27 -2.5
22 -3.3
22 -0.1
23 -0.8
24 -0.7
25 0.1
26 -2.2
27 1.2
28 -0.4
29 -2.3
30 -1.5
31 -1.5
31 -1.4
32 -9.3
29 -4.5
18 2.7
19 4.3
20 1.1
21 2.1
22 2.7
23 2.2
24 3.5
25 2.6
26 1.8
27 1.8
27 3.0
28 2.2
22 -17.3
23 -1.2
24 -9.1
25 -8.2
21 -2.3
22 -0.6
23 -2.1
18 -6.8
22 3.8
23 0.8
24 1.5
25 2.9
26 0.3
27 0.4
28 2.5
29 0.8
30 1.4
31 1.4
31 1.4
32 3.2
23 -2.9
23 -6.0
22 -2.0
23 1.0
24 0.1
25 -2.4
26 -4.5
27 -2.5
28 -2.6
29 -5.0
30 -2.6
31 -2.6
21 0.9
21 -4.4
22 -1.1
23 -3.5
18 -6.7
19 0.4
20 -0.9
21 -1.1
22 -1.6
23 -1.7
24 -1.1
25 0.7
26 -0.3
27 -0.3
27 -0.2
28 -0.5
30 0.9
31 2.5
32 -0.1
33 -2.1
34 -10.0
20 4.6
21 9.2
22 11.2
23 4.9
24 6.4
25 7.9
26 7.5
27 7.4
28 7.5
29 7.5
29 7.8
30 8.8
20 -3.1
21 -5.5
22 -6.3
23 -2.9
24 -3.2
25 -4.3
26 -4.8
23 -5.3
24 -4.1
25 -5.5
26 -6.2
27 -8.0
22 -3.0
23 -1.3
24 -3.5
25 -2.2
26 -5.3
27 -1.0
28 -4.8
29 -3.8
30 -2.0
31 -2.0
31 -0.8
32 -2.4
22 -2.0
23 3.9
24 -12.2
25 -11.3
22 -4.1
23 -1.4
21 0.2
22 0.0
23 2.6
24 0.1
25 -1.7
26 0.0
27 1.7
28 -0.2
29 -3.3
30 -3.3
30 -10.8
23 -6.8
22 -6.1
24 -1.7
23 -5.4
24 -6.2
23 -5.2
22 -7.0
23 0.2
24 1.1
25 1.7
26 0.4
27 2.0
28 1.4
29 -0.5
30 1.7
31 -7.7
32 -7.7
21 -2.9
22 -4.0
23 0.7
24 -1.9
25 -1.8
26 -2.5
27 -1.5
28 -5.2
29 -1.8
30 -1.8
30 -4.6
20 -41.1
21 -12.1
22 -1.5
23 -2.8
24 -3.1
25 -2.4
26 -2.8
27 -1.9
28 -4.2
29 -6.9
19 -2.6
20 0.0
21 -11.7
22 -0.2
23 -1.5
24 -0.4
25 1.5
26 -0.1
27 -6.1
28 -6.1
21 0.8
22 2.1
23 1.8
24 3.3
25 2.8
26 2.1
27 3.5
28 1.2
29 0.1
30 0.1
30 -0.1
31 -2.3
19 -2.8
20 -0.2
21 -0.9
22 1.1
23 0.4
24 1.9
25 -0.5
26 -1.8
27 0.9
28 0.9
28 0.3
29 0.8
19 -2.7
20 -1.6
21 0.9
22 -0.2
23 -1.3
24 1.0
25 -1.4
26 0.2
27 1.0
28 1.0
28 2.7
29 0.2
21 -3.4
22 -2.8
23 -1.7
24 -2.7
25 -12.5
21 -2.0
22 -11.3
23 -12.8
21 0.8
22 1.9
23 1.6
24 2.4
25 2.4
26 0.8
27 0.3
28 0.3
29 0.3
29 1.8
30 1.0
24 -8.8
25 -0.5
26 0.4
27 -4.9
28 -2.7
29 -3.3
30 -1.3
31 -2.0
32 -2.0
32 -5.0
22 -3.3
23 -2.3
24 -4.0
25 -3.1
22 -2.6
23 -1.5
24 -0.7
25 0.0
22 -0.6
23 2.7
24 -1.1
25 -0.9
26 -1.0
22 -3.2
23 -1.9
24 -2.4
25 -1.1
26 -1.3
27 -1.0
21 -3.0
22 -0.8
23 -0.8
24 -2.7
25 -0.8
26 -4.2
27 -2.4
28 -3.7
29 -3.7
29 -7.9
22 -1.2
23 -1.3
24 -1.9
21 3.9
22 2.0
23 1.1
24 1.8
25 1.2
26 -0.8
27 -3.4
25 -5.1
26 -9.3
21 -9.6
22 -2.9
23 -1.4
24 -1.7
25 -1.3
26 -2.1
27 -7.0
28 -6.1
29 -6.1
22 -2.6
23 -1.5
24 -2.7
25 -4.9
22 -6.2
23 -4.2
24 -6.2
22 -4.4
23 -5.6
24 -4.7
24 -3.4
25 -4.2
26 -8.9
22 -5.4
23 -5.9
20 0.7
21 -2.9
22 -1.4
23 -0.9
24 -1.8
23 -1.4
24 -0.4
25 -2.5
26 -2.6
27 -0.3
28 -0.3
29 0.9
30 -1.1
31 -1.1
31 -3.6
32 -3.9
29 -2.7
20 0.8
21 -1.4
22 0.4
23 2.7
24 1.8
25 0.5
26 0.9
27 2.1
28 2.1
28 -0.4
29 0.7
23 -3.6
20 0.0
21 -0.7
22 -0.4
23 -1.0
24 -2.2
25 -3.4
27 -3.5
28 -3.2
22 -2.2
23 -2.0
24 -3.3
25 -2.7
26 -5.1
27 -1.9
28 -0.3
29 -1.4
30 -1.4
30 -1.8
23 -6.4
23 -3.1
22 -11.5
23 -1.4
24 -3.1
25 -2.6
26 -2.0
27 -10.5
28 -5.5
22 -7.2
23 -3.3
20 -0.6
21 -0.7
22 1.3
23 2.7
24 4.1
25 3.7
26 5.9
27 3.6
28 3.6
28 6.8
29 6.6
21 1.9
22 3.3
23 2.1
24 2.4
25 5.0
26 3.8
27 3.1
28 4.2
29 4.2
29 5.3
30 2.7
21 -10.8
22 -8.5
23 -6.6
23 -0.2
24 -1.9
25 -5.4
26 0.4
27 1.1
28 0.0
29 -0.5
30 -3.4
31 -3.4
31 -6.6
32 -13.6
20 -1.0
21 -3.1
22 -5.2
31 2.2
32 0.6
33 0.8
34 -1.6
35 -2.0
23 -0.9
24 0.5
25 -9.9
26 -5.5
23 -1.6
24 -2.9
25 -5.2
26 -5.3
22 -4.3
23 -1.3
24 1.4
25 0.6
26 0.3
27 -1.1
28 0.8
29 0.7
30 0.7
30 0.8
31 -0.1
22 -9.9
23 -12.7
20 -5.2
21 -1.6
22 -3.2
20 2.6
21 4.5
22 3.5
23 2.0
24 1.3
25 1.8
26 0.0
27 -0.5
28 -0.5
28 1.0
29 0.3
22 3.5
23 5.8
24 4.1
25 -2.1
22 -1.3
23 0.5
24 1.2
25 2.0
26 0.9
27 3.5
28 0.8
29 1.3
30 1.3
30 1.1
31 1.2
20 -3.7
21 -6.7
21 -12.6
22 -7.6
23 -1.8
24 -1.3
25 -0.5
26 -1.7
27 -2.6
20 -0.7
21 0.2
22 0.1
23 -1.2
24 -5.4
25 -6.2
22 -3.7
22 -10.3
21 -3.9
22 -11.7
23 -4.5
20 -2.3
21 -7.4
23 -5.0
24 -5.4
25 -1.1
26 -1.9
27 -1.1
22 -2.4
23 0.3
24 2.1
25 0.8
26 -2.3
27 -0.6
28 -1.8
29 -1.8
29 -2.4
30 -3.5
23 -1.1
22 -6.8
25 0.2
26 0.4
27 0.9
28 0.7
29 -0.3
30 -4.7
31 1.4
32 1.4
32 2.2
33 -0.6
21 -3.2
22 -2.2
23 -1.1
24 -1.4
25 -2.7
26 1.7
27 -0.5
28 -0.5
28 -4.2
29 -1.9
21 -0.8
22 -1.6
23 -1.3
24 0.3
25 0.3
26 1.7
27 -1.1
28 -1.1
28 -3.1
29 -2.7
23 -1.3
24 0.2
25 -3.5
20 -0.9
21 -1.8
22 -0.5
23 -4.0
24 0.7
25 0.2
26 0.2
27 0.2
20 -0.2
21 -0.7
22 1.3
23 1.9
24 4.1
25 3.4
26 2.7
27 2.7
27 1.7
28 5.7
20 -3.0
21 -4.5
22 -0.2
23 -2.6
24 -7.0
20 -3.6
23 -9.4
22 -1.0
23 -3.0
24 -1.4
25 -4.2
26 -3.0
27 -2.5
28 -2.5
29 -2.5
22 0.8
23 3.7
24 2.8
25 2.7
26 1.1
27 -0.8
28 0.6
29 0.6
29 1.0
30 -0.3
19 1.8
20 5.1
21 2.9
22 5.2
23 7.7
24 8.8
25 6.1
26 6.1
26 7.9
27 8.0
21 0.4
22 -2.9
23 -6.5
24 5.0
22 -9.7
23 0.6
24 -0.5
25 0.7
26 2.0
27 -0.6
28 1.0
29 1.8
30 1.8
30 1.2
31 0.3
23 -1.5
24 0.7
25 -1.8
26 -2.0
27 -2.9
28 -2.6
21 -0.8
22 1.1
23 -0.8
19 -2.1
20 -0.3
21 -1.3
22 2.7
23 -0.1
24 0.5
25 -1.9
26 -1.9
26 -0.6
27 -0.5
21 2.3
22 3.3
23 4.4
24 2.8
25 3.1
26 2.8
27 3.8
28 3.8
28 4.1
29 3.1
20 -4.3
21 -4.0
22 -5.9
23 -7.3
24 0.4
25 -0.7
26 -2.0
27 -1.8
28 -0.7
29 -4.9
30 -3.6
31 -3.6
31 -0.7
23 -5.0
24 -3.2
25 -4.8
22 -0.5
23 -6.9
24 -2.5
25 -0.4
26 -1.9
20 -1.1
21 0.7
22 2.9
23 -0.2
24 -0.8
25 2.9
26 -1.1
27 -1.1
27 -1.4
28 -2.4
27 1.6
28 0.6
29 -1.9
30 -8.6
23 -17.3
22 3.4
23 2.5
24 4.9
25 5.8
26 5.2
27 6.6
28 3.4
29 3.4
29 1.9
30 2.1
22 -6.6
23 -7.1
21 -2.7
23 -12.1
27 1.4
28 -0.4
29 -0.2
30 -1.4
31 -0.1
32 -3.8
33 -0.7
34 -0.7
34 -1.2
35 -1.1
21 0.8
22 -3.4
23 -0.6
24 -1.0
25 -2.1
26 -2.2
27 -3.9
28 -3.9
28 -1.8
29 -4.6
24 -14.9
21 -0.5
22 -0.8
23 0.3
24 -0.2
25 -2.5
26 -4.1
27 -0.1
28 -0.1
28 -2.5
29 -6.0
24 -3.5
25 -2.7
26 -4.3
23 -5.8
24 -6.8
23 -1.1
24 -0.4
25 -2.2
26 -0.1
27 1.0
28 0.5
29 1.5
30 1.5
30 -3.3
31 -3.6
23 -0.1
24 -0.8
25 -1.4
21 -2.4
22 -6.6
20 -1.2
20 -2.1
21 -2.8
22 -0.4
22 -4.9
23 -4.5
24 -3.0
25 -3.4
26 -2.5
27 -1.9
28 -3.5
29 -3.5
29 -4.8
30 -0.7
19 0.5
20 -1.8
21 0.3
22 1.6
23 1.7
24 -0.2
25 -0.1
26 -0.1
26 0.1
27 1.4
20 -10.4
21 -3.4
22 -3.7
20 1.3
21 4.4
22 4.6
23 1.3
24 -0.1
25 -1.1
26 -1.1
26 -1.4
27 -0.8
20 -4.3
21 -1.3
21 -2.6
22 -0.3
23 -3.6
24 -1.9
25 0.4
26 -2.5
27 -2.5
27 -1.7
28 -4.2
20 3.8
21 1.7
22 2.3
23 3.4
24 4.2
25 3.1
26 3.1
26 2.0
27 1.2
20 -2.5
21 -2.1
22 1.3
23 -0.2
24 -1.8
25 -2.6
26 -2.6
26 -1.0
27 -8.2
20 -1.7
21 -2.4
22 -3.9
23 -6.1
24 -3.5
25 -4.7
26 -4.7
26 -3.4
27 -2.9
24 -6.6
22 -0.4
23 0.0
24 1.4
25 1.1
26 1.2
27 -1.0
28 -1.0
28 1.5
25 -7.4
26 0.0
22 -4.0
23 -2.3
22 0.4
23 -1.5
24 2.1
25 1.4
26 3.9
27 1.1
28 1.1
28 0.7
29 2.7
23 1.8
24 0.9
25 0.4
20 0.2
21 0.5
22 2.1
23 2.3
24 4.3
25 3.6
26 3.9
27 6.1
28 2.9
29 4.8
30 4.8
30 1.0
31 4.2
23 -4.7
20 -0.5
21 1.3
22 0.3
23 -2.6
24 -1.2
25 -0.6
26 -0.6
26 -0.6
27 -1.4
20 -2.4
21 -3.4
22 -3.6
23 -5.6
24 -2.0
25 0.6
26 -3.7
21 -2.0
22 0.3
23 -0.2
24 3.0
25 1.9
26 -0.2
27 -1.0
28 -1.0
28 -1.3
29 -1.1
20 -2.6
21 -4.3
22 -2.4
23 -0.3
24 -0.8
25 -2.7
26 -2.7
26 -3.0
22 1.5
23 1.1
24 2.3
25 3.1
26 2.4
27 5.6
28 5.6
28 1.5
29 3.6
22 -16.5
23 -9.3
24 -4.3
22 -3.5
20 -3.7
21 1.3
22 1.0
23 0.3
24 4.1
25 4.1
26 4.1
26 3.4
27 4.1
19 -6.6
20 -6.7
21 1.0
22 1.5
23 -0.9
24 -1.5
25 -1.5
25 -1.2
26 -1.9
23 -0.8
24 -1.4
25 0.3
26 -0.3
27 0.4
28 0.5
29 0.5
29 -0.6
30 -0.1
20 1.9
21 0.1
22 -4.8
23 1.4
24 1.1
25 0.2
26 0.2
26 1.3
27 1.5
20 -1.0
21 -4.9
22 -1.1
23 1.1
24 3.0
25 2.1
26 2.1
26 1.4
27 -0.9
20 1.9
21 3.7
22 4.5
23 -1.1
24 8.4
25 1.9
26 1.9
26 2.5
27 0.8
24 -4.6
25 -3.0
26 -1.6
27 -3.6
28 -2.8
29 -7.1
30 -7.1
21 0.4
22 -1.1
23 0.3
24 0.4
25 -4.2
26 -1.3
27 -1.3
27 -3.5
22 1.4
23 0.0
24 -0.8
25 -4.1
26 -2.4
27 -3.2
28 -3.2
28 -1.6
29 0.7
21 -1.5
22 -0.1
23 -0.1
24 1.5
25 -5.9
26 -5.6
27 -5.6
27 -3.5
28 0.8
23 -0.5
24 -1.2
25 -3.0
26 -3.9
27 -2.4
28 0.6
29 0.6
29 -2.7
30 -4.3
21 4.1
19 -1.4
20 -3.6
21 -1.5
22 -1.5
23 -1.8
20 0.5
21 5.9
22 4.9
23 -1.3
24 -1.2
25 0.7
26 -7.1
27 -6.3
28 -6.0
29 -6.0
29 -1.3
30 -2.1
21 -3.9
22 -3.9
23 -2.9
24 -3.5
25 -5.2
26 -2.6
27 -2.6
27 -3.9
28 0.7
22 -0.9
23 -1.9
24 0.1
25 -2.0
26 -2.5
27 -1.7
28 -1.7
28 0.3
23 -0.5
24 0.4
25 -1.5
26 -3.3
27 0.3
28 -0.6
29 -0.6
29 0.0
30 -0.4
24 -5.7
21 0.1
22 -2.8
23 -1.3
22 0.0
23 -5.6
22 -1.9
23 -4.7
20 2.1
21 5.0
22 3.2
23 5.0
24 6.4
25 11.0
26 11.0
26 10.0
27 15.6
22 3.3
23 -2.9
24 -4.6
25 -2.1
26 -6.9
25 -3.5
26 -7.2
29 -5.3
21 -1.5
22 1.3
23 -3.3
20 1.1
21 1.6
22 -0.8
23 0.6
24 -7.4
25 -7.4
25 -6.4
22 -2.2
23 -5.3
22 -1.3
23 -1.5
21 -0.7
22 0.0
23 -1.8
24 -2.6
25 -2.8
26 -2.8
26 -1.7
23 -5.8
24 -1.3
25 2.0
26 2.1
27 2.9
28 2.9
28 0.2
29 1.0
21 -1.3
22 -2.4
23 -1.7
24 -0.8
25 -1.3
26 -1.3
26 -0.3
27 -3.0
22 -6.0
23 -3.8
24 -0.9
25 -4.8
26 -6.1
27 -6.1
22 -0.7
23 -0.3
24 0.2
25 1.0
26 1.5
27 1.5
27 -0.4
28 -1.5
22 -2.8
23 0.8
24 -0.9
25 -0.1
26 -1.6
27 -1.6
27 -1.2
28 -0.5
21 1.9
22 3.4
23 5.4
24 7.4
25 9.9
26 9.9
26 12.5
27 7.3
21 -1.3
22 -5.9
23 -0.7
24 -3.2
25 -5.4
26 -5.4
20 -2.4
21 -2.8
22 -1.9
23 0.7
24 -1.6
25 -1.6
25 1.4
26 0.9
23 0.7
24 -5.0
25 -0.3
26 -2.3
27 -1.3
28 -1.3
28 0.5
29 -1.2
22 -4.6
23 -2.6
24 -1.4
25 -1.7
26 -3.0
27 -3.0
27 -3.2
28 -0.2
20 -0.5
21 -0.3
22 1.3
23 0.8
24 1.9
25 1.9
25 1.7
26 -0.9
20 -7.2
21 -6.2
23 -2.9
24 -0.8
22 -2.3
23 -0.5
24 -1.5
25 -2.6
26 -1.0
27 -1.0
27 -0.8
28 -4.6
24 0.0
25 1.2
26 -0.5
27 -1.1
28 0.6
29 0.6
29 1.6
30 -2.1
22 -3.0
23 3.2
24 3.3
25 3.3
26 5.0
27 5.0
27 2.7
28 2.4
24 -3.3
25 -2.7
26 -2.9
27 -1.8
28 -0.5
29 -0.5
29 -2.7
20 2.3
21 4.5
22 5.5
23 5.7
24 8.4
25 8.4
25 6.7
26 10.1
22 -2.3
23 -2.6
24 -1.6
25 -1.7
26 -1.5
27 -1.5
27 -3.3
28 -3.1
22 -3.4
23 -2.1
24 -1.6
25 -0.7
26 -2.6
27 -2.6
27 -0.7
28 -12.9
19 1.4
20 0.9
21 0.6
22 0.7
23 2.3
24 2.3
24 1.7
25 1.7
25 -7.6
26 -2.7
20 0.1
21 3.0
22 2.1
23 1.9
24 0.8
25 0.8
25 -0.1
26 -0.4
24 -0.5
20 1.8
21 2.3
22 0.9
23 -0.5
24 1.8
25 1.8
25 -1.4
26 -3.0
22 0.0
23 1.9
24 -3.0
25 4.5
26 2.7
27 2.7
27 -0.6
28 2.8
22 1.9
23 3.3
24 1.4
25 1.7
26 0.5
27 0.5
27 -4.6
28 -1.3
23 1.1
24 1.3
25 1.2
26 2.4
27 3.9
28 3.9
28 0.5
29 0.1
22 -3.4
23 -4.0
24 -7.4
25 -7.6
22 0.6
23 -0.4
24 -0.9
25 0.7
26 -0.9
27 -0.9
27 -4.1
28 -1.8
21 -3.6
22 2.5
23 -0.4
24 3.3
25 -0.7
20 -17.2
21 -5.0
22 -3.6
23 -3.3
23 -3.4
24 -1.9
25 -1.8
26 -6.0
27 -3.7
28 -3.7
22 -10.5
23 -3.4
24 -12.6
23 -4.0
21 -1.8
22 1.2
23 -0.7
24 -1.1
25 1.8
26 1.8
26 0.3
27 1.9
23 -5.8
22 -3.9
23 -7.2
24 0.8
25 -5.8
22 0.0
23 1.0
24 -0.7
25 -1.6
26 -2.4
27 -2.4
27 -2.1
28 -3.2
23 -1.9
24 -2.5
25 -3.4
26 -8.2
27 -2.7
28 -2.7
22 -7.3
23 -2.5
24 -3.5
24 -1.3
25 -4.5
26 -2.8
24 -7.7
25 -3.3
26 -1.1
27 -2.2
28 -2.2
22 -4.1
22 0.3
23 -4.0
24 1.2
25 0.9
26 0.9
26 4.8
27 0.6
20 -1.3
21 0.4
22 -0.3
23 2.4
24 2.4
24 0.2
25 -1.1
21 -3.6
22 -0.1
23 -2.5
24 1.1
25 -1.3
26 -2.4
27 -0.7
28 -0.7
28 -4.2
29 -3.1
21 -3.4
22 -3.6
23 -1.4
24 -1.4
25 -1.4
25 -2.9
26 -1.9
21 -0.9
22 2.7
23 2.9
24 2.6
25 2.6
25 2.8
26 3.3
23 0.3
24 0.1
25 0.2
26 0.2
27 0.2
27 1.4
28 0.1
23 -8.1
20 -1.3
21 -2.7
22 -2.5
23 -1.7
24 -1.7
24 0.2
25 -0.5
20 -0.3
21 1.0
22 4.7
23 4.7
24 4.7
24 2.6
25 6.6
22 -2.3
23 -1.6
24 -1.8
21 0.9
22 0.8
23 -1.3
24 3.0
25 3.0
25 3.3
26 -2.1
21 -3.4
22 -7.6
24 -4.7
23 5.7
24 3.7
25 -0.1
26 3.5
27 3.5
27 -2.6
21 -6.3
19 -0.8
20 1.1
21 0.7
22 2.4
23 2.4
23 2.7
24 -0.1
22 0.4
23 -1.9
24 -2.9
25 -1.5
26 -1.5
25 -2.2
20 3.9
21 4.7
22 4.7
23 -3.3
24 -3.3
24 4.5
25 2.8
21 4.1
22 4.8
23 4.6
24 4.1
25 4.1
25 3.3
26 4.4
23 -4.6
21 -4.3
20 1.9
21 1.3
22 1.0
23 3.4
24 3.4
24 2.5
25 4.2
24 -8.0
25 -2.9
19 -4.6
20 -6.6
21 -3.6
22 -7.9
23 -7.9
23 -6.3
24 0.0
0.0 -5.5
21 -5.0
25 -4.7
26 1.9
27 -0.8
23 -2.2
24 -2.2
24 -1.4
23 -1.6
24 -4.9
25 0.2
26 -1.5
27 -1.5
27 0.5
28 -1.8
22 -2.9
23 -4.2
22 2.2
23 0.3
24 -0.4
25 -0.8
26 -0.8
26 -1.1
27 2.2
20 3.8
21 2.4
22 0.3
23 1.9
24 1.9
24 1.5
25 2.0
24 -1.6
25 -1.6
26 -0.5
27 -0.4
28 -0.4
28 -1.2
29 -3.6
24 -20.4
26 -0.5
27 -2.6
28 -4.6
29 -4.3
30 -4.3
30 -2.8
31 -16.6
28 -5.5
21 -2.9
22 -0.2
23 1.5
24 3.2
25 3.2
25 1.0
26 0.9
25 1.5
26 0.3
27 0.2
28 -4.5
29 -4.5
29 -8.2
22 -4.0
23 -17.9
24 -22.7
22 -1.9
23 0.6
24 -2.6
25 -0.7
26 -0.7
22 -5.4
23 -7.7
22 1.5
23 2.5
24 -1.8
25 1.4
26 1.4
21 -1.3
22 -5.7
23 -5.2
24 -3.0
25 -3.0
25 -4.4
26 -3.6
22 -1.7
23 -6.2
24 -2.3
25 -4.1
26 -4.1
26 -1.7
27 -0.8
26 2.5
27 2.9
28 1.9
29 3.3
30 3.3
30 -0.8
31 -5.0
20 -4.2
21 0.9
22 2.3
23 -3.5
24 -3.5
24 -1.4
25 -5.4
22 -1.8
23 -2.1
24 -3.7
25 -1.0
26 -1.0
26 -0.7
27 -2.6
23 0.2
24 -0.5
25 -3.5
26 0.7
27 0.7
22 -1.2
24 -1.6
25 0.1
26 -1.4
27 -1.1
28 -1.1
28 -6.9
29 -7.5
20 0.6
21 3.4
22 2.6
23 3.5
24 3.5
24 3.2
25 4.1
21 -6.7
22 -2.6
23 -2.8
24 0.8
25 0.8
25 -0.6
26 -0.3
26 -1.2
27 -0.2
19 -3.2
20 -2.5
21 -0.4
22 -0.4
22 -0.1
23 -2.2
23 -2.2
24 -3.7
20 -2.7
21 -1.2
22 -1.6
23 -1.6
23 -2.5
24 -4.2
22 1.9
23 2.4
24 4.7
25 4.7
25 4.0
26 6.9
23 -4.5
24 -3.0
25 -3.0
26 -3.0
26 -3.7
27 -8.2
26 -27.8
22 2.2
23 1.2
24 0.8
25 0.8
25 0.9
26 0.8
22 -3.6
23 -2.4
24 -5.5
25 -5.5
25 -7.5
23 -18.0
21 -1.0
22 -1.0
23 -3.2
24 -3.2
24 -2.2
22 -9.6
23 -0.2
24 -11.7
19 -0.8
20 -1.7
21 -0.3
22 -0.3
22 1.0
23 1.2
22 -2.7
21 -13.2
19 3.3
20 3.2
21 3.3
22 3.3
22 1.6
23 2.5
21 -0.8
22 -0.4
23 0.8
24 0.8
24 2.3
25 -1.4
22 -6.8
27 -2.1
20 -0.5
21 0.6
22 0.7
23 0.7
23 -1.0
24 -0.8
19 -2.1
20 -3.9
21 -2.1
22 -2.1
22 -1.7
23 -1.2
20 -2.1
21 -0.9
22 1.1
23 1.1
23 -0.3
24 -4.5
21 -0.9
20 3.9
21 5.8
22 6.1
23 6.1
23 8.3
24 7.9
22 -4.4
23 -1.6
24 -3.1
25 -3.1
25 -1.0
26 0.1
23 -0.1
24 24.8
21 -3.9
22 -2.4
23 -3.1
24 -3.1
24 -1.2
25 -1.8
22 -3.2
23 -2.3
24 -2.5
25 -2.5
25 -1.8
26 -1.3
21 -4.3
22 -5.7
23 -7.2
24 -7.2
22 -1.9
23 0.2
24 -0.4
25 -0.4
25 0.7
26 -0.5
22 -1.0
23 1.0
24 -0.2
25 -0.2
25 -2.8
26 -1.0
21 -1.3
22 -4.1
25 -6.3
23 2.7
24 2.6
25 2.5
26 2.5
26 1.9
27 -4.1
21 1.8
22 1.5
23 -0.5
24 -0.5
24 1.9
25 0.8
20 -11.6
21 0.6
22 -0.1
23 -0.4
24 -0.4
24 -0.2
25 -1.3
22 -3.3
23 -5.6
24 -6.3
25 -4.8
26 -1.4
27 -1.4
27 -2.4
21 -0.5
22 -7.5
23 -1.0
24 -1.0
24 -4.3
23 -8.6
26 -1.4
27 0.6
28 -1.7
29 -1.7
23 0.7
24 -3.0
22 -0.2
23 2.9
24 1.8
25 1.8
25 3.0
26 5.4
23 -2.7
24 -10.7
25 -5.7
26 -5.7
26 -3.2
27 -3.7
23 -0.5
24 -12.0
25 -7.4
26 -7.4
21 -0.1
22 0.7
23 2.7
24 2.7
24 0.7
25 0.3
20 -0.5
21 -2.0
22 -0.6
23 -0.6
23 1.5
24 1.5
20 -11.9
21 -5.1
21 -2.5
22 0.5
21 0.4
22 0.5
23 0.5
24 0.5
24 1.8
25 0.9
21 1.5
22 1.7
23 2.2
24 2.2
24 4.0
25 3.6
20 -3.7
21 -2.6
22 -3.2
23 -3.2
23 -2.6
24 -4.2
23 -22.1
23 -0.2
22 -1.1
23 -3.1
24 -3.1
24 0.2
25 -3.0
20 -1.4
21 1.1
22 1.1
22 -0.2
23 -1.9
22 -2.7
23 -0.6
24 -0.6
24 -0.1
25 0.3
26 -4.0
27 -1.0
28 -1.0
28 -0.2
29 -1.8
23 -2.5
24 -1.8
25 -1.8
25 0.3
26 -0.8
19 -1.1
20 0.5
21 0.5
21 -0.6
22 2.2
24 2.5
25 0.8
26 0.8
26 1.1
27 2.3
24 -3.0
25 -4.2
26 -4.2
28 1.4
29 -4.3
30 -4.3
30 -7.7
22 0.6
23 0.6
24 0.6
24 2.8
25 1.6
21 -5.1
22 -6.7
23 -6.7
23 -5.9
19 4.5
20 7.1
21 7.1
21 2.2
22 3.7
25 -0.4
19 1.6
20 -0.2
21 -0.2
21 -0.5
22 0.9
20 -2.5
21 -2.1
22 -2.1
22 0.7
23 -1.3
25 -0.7
26 -1.8
27 -1.8
24 -5.2
22 2.8
23 5.0
24 5.0
24 5.8
25 5.4
19 -0.1
20 -2.9
21 -2.9
21 -0.2
22 0.7
22 0.3
23 2.7
24 2.7
24 1.6
25 -0.1
27 -3.7
28 1.6
29 1.6
21 -7.5
22 -0.9
23 -0.9
23 -5.4
24 -4.1
23 -6.2
23 -25.5
21 -2.5
22 -5.4
23 -5.4
21 2.2
22 1.3
23 1.3
23 -3.4
24 -1.3
19 -0.9
20 -0.8
21 -0.8
21 -1.4
22 0.2
25 -7.2
21 -4.6
20 -1.2
21 -1.6
22 -1.6
22 -0.5
23 -1.7
20 -3.3
21 0.2
22 0.2
22 -1.5
23 -3.3
22 2.7
23 5.1
24 5.1
24 3.7
25 4.3
21 -4.5
22 -4.1
23 -4.1
23 -8.8
21 -1.5
22 1.4
23 1.4
23 0.6
24 -0.5
22 -2.3
23 -9.9
24 -9.9
20 -3.8
21 -3.7
22 -3.7
22 -3.5
23 -0.1
24 -0.1
24 -4.3
25 -3.1
22 -7.0
23 -6.7
24 -6.2
25 -6.2
25 -3.7
26 -6.4
22 0.5
23 -0.2
24 -0.2
24 0.7
25 3.5
24 -1.5
25 -0.2
26 -0.2
26 -1.8
27 -3.6
35 0.6
36 -0.5
37 -0.5
37 0.4
20 -3.9
21 -2.9
22 -2.9
22 -2.2
23 -1.6
27 -2.9
28 -2.5
29 -2.5
29 -3.9
30 -5.9
21 -3.2
22 -2.7
23 -2.7
23 -2.9
24 -2.3
21 -0.1
22 -1.6
23 -1.6
23 -0.2
24 -0.3
23 -2.3
24 -2.8
25 -2.8
25 -4.3
24 -3.0
25 -1.6
26 -1.6
26 -0.6
27 -5.3
21 -6.8
24 -3.1
25 0.5
26 0.5
22 -1.3
23 -3.4
24 -3.4
24 -2.6
24 -0.1
25 -1.6
26 -1.6
26 -2.5
27 -5.9
20 -0.3
21 2.0
22 2.0
22 1.1
23 -7.5
23 -5.4
24 -4.0
25 -4.0
22 -9.7
19 -8.8
27 -0.5
28 -2.6
29 -2.6
29 -0.5
30 -4.9
20 -1.4
21 -0.5
22 -0.5
22 1.1
23 -0.6
24 -1.0
21 -2.1
22 -3.6
23 -3.6
23 -2.1
24 -0.9
21 11.2
19 -4.6
20 -1.5
21 -1.5
21 -13.4
23 -1.7
24 0.9
25 0.9
25 -4.4
26 -2.5
20 0.4
21 0.4
21 2.1
22 0.6
19 0.5
20 0.5
20 2.4
21 7.6
31 -2.7
32 -2.7
29 -1.5
30 -1.5
30 -1.2
31 -0.5
20 -4.8
21 -4.8
21 -9.4
22 -3.0
21 -8.5
22 -8.5
23 -2.6
24 -2.6
24 -9.5
22 -4.0
23 -4.0
23 0.0
24 0.1
21 -1.9
22 -1.9
22 -2.0
23 -5.7
24 -4.9
25 -4.9
24 -0.3
25 -0.3
20 -1.0
21 -1.0
21 1.1
22 0.9
22 -2.2
23 -2.2
23 -2.7
24 -3.4
22 -0.7
23 -0.7
23 -0.8
24 -2.4
22 -2.8
23 -2.8
23 -3.0
24 -2.0
23 0.2
24 0.2
24 -0.2
25 1.4
21 -0.3
22 -0.3
22 -0.7
23 -1.0
23 -15.9
24 -15.9
24 -1.5
25 1.4
22 -4.9
23 -4.9
23 -1.1
24 -3.1
26 -2.1
27 -2.1
22 -3.2
23 -3.2
24 -3.3
25 -3.3
25 -1.3
26 1.7
23 -2.6
24 -2.6
24 -1.6
25 -4.7
24 2.5
25 2.5
25 2.4
26 1.8
22 -5.1
23 -5.1
21 5.8
22 5.8
22 3.7
23 5.8
19 -4.5
20 -4.5
20 -4.6
21 -1.1
25 -3.1
26 -3.1
26 -3.2
23 0.7
24 0.7
22 -0.3
23 -0.3
23 0.0
24 -0.3
24 -3.5
25 -3.5
20 -1.2
21 -1.2
21 -4.2
22 -2.8
23 -2.8
23 -6.0
24 -3.9
23 0.8
24 0.8
21 -2.4
22 -2.4
22 -2.2
21 -7.9
22 -7.9
20 -1.0
21 -1.0
21 -3.6
22 -1.7
31 -5.5
32 -5.5
22 -1.7
23 -1.7
23 -3.8
22 -0.7
23 -0.7
23 0.4
24 1.0
20 -0.8
21 -0.8
21 -3.2
22 -4.9
25 -16.6
26 -16.6
21 -1.8
22 -1.8
22 -4.2
23 -4.4
24 -11.2
25 -11.2
22 1.7
23 1.7
23 -0.5
24 1.1
21 0.0
22 0.0
22 1.8
23 -1.3
22 2.1
23 2.1
23 1.2
24 0.7
26 2.3
27 2.3
23 0.8
24 0.8
24 2.8
25 2.7
20 -0.4
21 -0.4
21 1.8
22 3.9
22 -2.2
23 -2.2
23 -6.4
26 -14.4
27 -14.4
22 0.3
23 0.3
23 1.4
24 0.0
20 -2.4
21 -2.4
21 -1.4
22 -0.7
22 -1.5
23 -1.5
23 -4.1
24 -0.8
22 -2.1
23 -2.1
23 -3.1
24 -3.3
23 -1.0
24 -1.0
24 1.7
25 1.6
22 -6.1
23 -6.1
21 0.4
22 0.4
22 1.0
23 2.1
20 -0.6
20 1.9
23 -0.7
21 -2.7
21 1.8
22 1.6
24 -7.7
24 -7.7
23 -26.9
22 26.6
23 -1.6
23 -3.4
24 -1.6
25 -1.8
25 -3.4
26 -2.9
22 -3.8
23 -2.7
23 -2.6
19 -18.9
19 -11.6
20 0.8
20 -7.8
20 0.5
21 0.9
23 -3.7
26 -16.3
22 -0.3
22 -1.4
23 -2.7
23 -4.0
22 -4.4
22 -12.0
23 -11.5
21 -4.2
21 -5.1
22 -0.9
25 -6.5
24 -11.4
23 -5.2
23 -8.2
24 -1.5
24 2.4
25 0.0
20 -6.7
20 -4.8
21 -4.9
19 -3.8
24 -7.3
24 -1.3
25 -2.2
23 -1.1
23 -0.4
24 -2.6
19 -2.8
19 1.8
20 -0.7
24 -11.3
20 -3.3
20 -1.3
21 -2.1
23 -5.4
23 -2.0
24 -2.1
24 -1.9
25 0.7
22 -3.5
22 -4.2
20 -4.3
20 0.2
21 1.5
23 -4.5
23 -6.6
24 -3.0
22 -1.1
22 0.7
23 -1.2
27 -0.8
27 0.1
28 2.7
24 -3.7
24 -13.8
21 -8.4
22 -7.3
22 -1.1
22 0.4
23 1.5
25 -3.8
25 -3.0
26 -3.0
23 -7.4
23 -3.6
23 -2.3
24 -3.2
19 -4.5
19 -1.4
20 -0.3
25 -1.3
22 -4.5
22 -5.5
22 -1.8
22 -1.1
23 -0.4
21 -2.7
21 -5.0
22 -4.1
23 -8.0
23 -3.1
24 -3.5
22 -2.4
22 -7.7
27 -8.5
27 -1.6
27 -2.8
28 -13.2
23 1.2
23 1.2
24 0.4
23 -4.5
23 -4.5
23 -2.6
23 -4.9
24 -2.2
20 0.8
20 0.7
21 3.2
22 -10.3
22 2.6
23 5.4
20 -0.6
20 -1.3
21 -0.2
21 -9.0
21 -6.0
22 -3.3
24 -2.3
24 -4.3
19 -1.2
19 -2.4
20 0.2
23 -5.9
23 -6.1
24 -1.5
20 -0.7
20 -1.3
21 0.9
23 -0.9
23 -0.3
24 1.4
20 -16.8
20 -3.6
21 0.0
28 -2.5
28 -4.7
29 -4.6
21 -4.4
21 -5.4
20 1.1
20 0.7
21 -0.3
23 -8.0
23 -4.8
21 -3.9
21 -3.6
22 -2.4
23 -8.4
21 0.5
21 -1.0
22 15.4
19 -5.6
19 -4.0
20 -3.9
21 -2.1
21 -1.2
22 -0.3
24 -3.0
24 -6.1
23 0.5
23 -4.5
19 -2.3
19 -2.1
20 -2.7
24 -6.0
24 -2.4
25 -8.6
19 -3.8
19 -4.6
20 -3.1
26 1.7
27 1.3
22 -1.6
27 -1.1
19 -2.3
23 -4.0
22 -1.2
24 -4.2
23 -2.5
21 -1.0
24 -7.3
23 0.0
23 -0.3
22 0.9
21 -11.6
20 -5.7
22 -6.1
21 -1.0
22 1.7
32 -7.0
24 5.7
22 -11.4
19 -2.0
20 8.4
19 -1.8
22 -1.5
19 0.4
20 -3.0
27 0.1
21 -6.4
23 -1.9
20 -4.6
24 -6.5
29 0.2
21 -4.9
19 -3.7
23 1.9
23 -0.3
20 -3.3
20 -2.3
24 -11.2
21 -7.0
20 -3.0
20 0.2
22 -1.5
25 -0.6
22 0.2
21 -2.5
19 -0.5
26 -1.9
23 3.9
23 -3.8
20 4.9
19 2.4
19 -4.9
23 -3.2
23 -1.7
19 -2.8
20 -2.0
23 1.1
23 -7.3
