26 0.374
27 0.466
24 0.461
25 0.478
26 0.475
27 0.503
28 0.525
29 0.474
30 0.214
23 0.47
24 0.382
25 0.462
26 0.439
27 0.44
28 0.428
29 0.454
30 0.438
31 0.445
32 0.48
33 0.477
34 0.491
35 0.458
36 0.449
37 0.442
24 0.346
25 0.415
26 0.376
27 0.414
28 0.379
29 0.375
30 0.394
31 0.385
32 0.348
30 0.325
31 0.314
26 0.404
27 0.427
28 0.376
29 0.389
30 0.356
31 0.429
32 0.376
30 0.436
31 0.427
32 0.441
33 0.423
33 0.276
27 0.399
28 0.462
29 0.422
30 0.452
31 0.429
33 0.385
32 0.419
33 0.409
34 0.395
35 0.321
36 0.336
37 0.414
38 0.364
26 0.466
27 0.361
28 0.397
29 0.426
30 0.394
31 0.434
32 0.344
33 0.301
34 0.363
32 0.427
33 0.411
34 0.412
35 0.407
36 0.342
31 0.391
21 0.289
20 0.404
21 0.308
29 0.485
30 0.478
31 0.481
32 0.31
33 0.467
22 0.353
33 0.385
29 0.508
30 0.458
31 0.504
32 0.423
33 0.452
34 0.475
35 0.481
36 0.407
31 0.489
32 0.45
33 0.404
34 0.438
35 0.385
24 0.541
25 0.539
26 0.443
27 0.46
28 0.507
29 0.489
24 0.429
25 0.441
26 0.409
27 0.454
28 0.457
29 0.432
30 0.421
31 0.437
32 0.459
33 0.409
34 0.466
20 0.43
21 0.441
22 0.472
23 0.4
24 0.8
28 0.44
29 0.396
30 0.372
31 0.42
22 0.453
23 0.47
24 0.45
25 0.443
26 0.432
27 0.404
28 0.411
29 0.435
30 0.416
31 0.431
32 0.282
24 0.423
25 0.421
26 0.394
27 0.442
28 0.418
29 0.427
30 0.448
31 0.418
32 0.418
33 0.427
34 0.364
35 0.402
36 0.304
33 0.342
32 0.458
33 0.485
34 0.455
25 0.421
26 0.432
27 0.566
28 0.529
29 0.508
30 0.509
31 0.462
32 0.385
24 0.427
25 0.437
26 0.466
27 0.454
28 0.426
29 0.47
30 0.333
31 0.5
23 0.351
29 0.389
30 0.466
31 0.42
32 0.42
33 0.433
34 0.405
35 0.407
36 0.422
25 0.479
26 0.492
27 0.34
28 0.423
29 0.298
27 0.714
24 0.4
25 0.429
26 0.419
27 0.413
28 0.41
29 0.42
30 0.355
28 0.479
29 0.536
30 0.473
31 0.452
21 0.527
22 0.502
23 0.493
24 0.503
25 0.527
26 0.533
27 0.456
28 0.447
29 0.48
30 0.512
31 0.494
32 0.473
33 0.539
34 0.442
35 0.442
35 0.431
30 0.425
32 0.37
32 0.15
31 0.474
32 0.531
33 0.476
34 0.446
35 0.461
36 0.407
37 0.341
32 0.0
33 0.372
28 0.398
29 0.46
30 0.381
31 0.376
32 0.389
22 0.469
23 0.451
24 0.438
25 0.433
26 0.45
27 0.463
28 0.459
29 0.467
30 0.456
31 0.451
32 0.43
33 0.463
34 0.425
35 0.373
36 0.373
36 0.358
35 0.455
36 0.263
24 0.525
25 0.465
26 0.377
27 0.528
28 0.434
29 0.411
30 0.385
31 0.384
32 0.373
23 0.435
33 0.339
27 0.5
28 0.456
26 0.448
27 0.41
28 0.477
29 0.465
30 0.465
31 0.473
32 0.45
33 0.512
34 0.475
35 0.398
36 0.446
37 0.321
32 0.484
33 0.397
34 0.439
35 0.317
23 0.462
24 0.25
25 0.472
26 0.37
27 0.414
28 0.494
29 0.341
30 0.385
31 0.389
32 0.43
33 0.255
25 0.342
26 0.356
27 0.297
28 0.407
29 0.387
30 0.375
31 0.458
32 0.433
33 0.42
34 0.425
35 0.321
24 0.428
25 0.467
26 0.417
27 0.452
28 0.43
29 0.454
30 0.456
31 0.437
32 0.428
33 0.437
34 0.411
35 0.435
36 0.407
37 0.333
38 0.333
38 0.388
39 0.394
31 0.463
32 0.47
33 0.488
34 0.464
35 0.443
36 0.418
37 0.438
26 0.583
27 0.52
28 0.447
29 0.539
30 0.429
31 0.318
29 0.481
30 0.499
31 0.481
32 0.426
33 0.389
33 0.328
34 0.3
30 0.46
31 0.479
32 0.461
33 0.392
34 0.346
35 0.294
25 0.49
26 0.501
27 0.333
23 0.441
24 0.261
25 0.304
26 0.357
27 0.352
33 0.45
34 0.448
35 0.413
36 0.214
32 0.384
33 0.333
34 0.353
23 0.432
24 0.472
25 0.479
26 0.463
25 0.467
26 0.615
27 0.448
20 0.476
21 0.413
22 0.386
23 0.398
24 0.416
25 0.4
26 0.41
27 0.41
28 0.449
29 0.421
30 0.384
31 0.438
32 0.416
33 0.396
34 0.396
34 0.404
35 0.413
25 0.413
26 0.411
27 0.388
28 0.378
29 0.463
30 0.351
31 0.445
32 0.359
31 0.471
32 0.341
24 0.417
36 0.406
32 0.453
33 0.402
34 0.388
35 0.448
25 0.435
26 0.496
27 0.535
28 0.55
29 0.493
30 0.626
31 0.643
32 0.65
33 0.624
34 0.584
35 0.125
25 0.44
26 0.452
27 0.47
28 0.438
29 0.418
30 0.442
31 0.459
32 0.419
32 0.426
33 0.407
34 0.403
35 0.461
36 0.432
21 0.417
22 0.416
23 0.395
24 0.387
25 0.389
26 0.439
27 0.426
28 0.37
29 0.406
30 0.417
31 0.37
31 0.51
32 0.541
33 0.473
34 0.479
35 0.375
36 0.446
32 0.354
33 0.364
30 0.448
31 0.392
32 0.091
21 0.481
22 0.41
23 0.469
24 0.462
25 0.448
26 0.465
27 0.433
28 0.339
29 0.434
27 0.45
28 0.534
29 0.477
30 0.444
34 0.25
27 0.384
28 0.416
29 0.38
30 0.416
31 0.441
25 0.342
25 0.313
26 0.417
32 0.472
33 0.466
34 0.47
35 0.419
23 0.417
24 0.426
25 0.435
26 0.447
27 0.42
28 0.469
29 0.444
20 0.386
21 0.389
22 0.389
23 0.403
24 0.44
25 0.41
26 0.468
27 0.436
28 0.398
29 0.397
30 0.405
31 0.476
26 0.429
27 0.296
28 0.222
35 0.4
36 0.0
24 0.508
25 0.513
26 0.501
27 0.496
28 0.484
29 0.546
30 0.497
31 0.504
32 0.518
33 0.5
34 0.492
35 0.502
36 0.49
37 0.512
38 0.512
38 0.488
28 0.337
29 0.417
30 0.368
31 0.398
32 0.33
25 0.333
30 0.418
31 0.382
25 0.42
26 0.368
38 0.444
34 0.429
35 0.355
27 0.463
28 0.425
29 0.443
30 0.427
31 0.412
32 0.412
33 0.414
34 0.437
35 0.44
26 0.411
27 0.437
28 0.352
29 0.393
30 0.41
31 0.382
32 0.436
33 0.424
34 0.38
35 0.389
36 0.371
37 0.342
38 0.391
22 0.438
23 0.465
24 0.383
25 0.455
26 0.529
24 0.428
25 0.37
26 0.511
27 0.522
28 0.529
29 0.5
32 0.222
33 0.385
24 0.449
25 0.36
26 0.544
27 0.519
28 0.552
29 0.469
30 0.55
31 0.501
32 0.478
33 0.479
34 0.5
31 0.421
32 0.422
33 0.392
25 0.444
26 0.536
27 0.454
28 0.502
29 0.507
30 0.565
31 0.458
32 0.636
23 0.417
24 0.435
25 0.403
26 0.423
27 0.435
28 0.408
29 0.333
30 0.469
31 0.444
24 0.47
25 0.502
26 0.499
27 0.502
28 0.526
29 0.476
30 0.539
31 0.531
32 0.521
33 0.528
34 0.503
35 0.496
36 0.441
37 0.467
38 0.467
38 0.47
34 0.327
24 0.426
25 0.419
26 0.333
27 0.402
28 0.417
29 0.314
30 0.338
33 0.447
31 0.125
23 0.411
24 0.39
25 0.408
26 0.356
27 0.4
28 0.395
29 0.357
30 0.38
31 0.432
22 0.424
32 0.384
33 0.422
34 0.392
35 0.4
22 0.421
23 0.427
24 0.39
25 0.364
24 0.2
28 0.469
29 0.509
30 0.471
31 0.493
32 0.415
35 0.513
36 0.52
37 0.411
26 0.499
27 0.433
28 0.278
29 0.36
30 0.48
31 0.473
32 0.395
31 0.422
32 0.455
33 0.345
34 0.411
22 0.361
23 0.0
27 0.569
28 0.447
29 0.493
30 0.459
22 0.435
23 0.443
24 0.455
25 0.44
26 0.491
27 0.468
28 0.484
29 0.447
30 0.409
31 0.429
32 0.452
33 0.429
25 0.42
26 0.4
27 0.537
28 0.344
29 0.5
29 0.418
30 0.447
31 0.411
32 0.423
33 0.286
34 0.365
35 0.367
24 0.461
25 0.511
26 0.471
27 0.489
28 0.475
29 0.491
30 0.5
31 0.461
20 0.475
21 0.434
22 0.463
23 0.459
24 0.452
25 0.457
26 0.434
27 0.439
28 0.435
29 0.416
30 0.446
31 0.351
32 0.396
27 0.527
28 0.508
29 0.495
30 0.512
31 0.495
32 0.446
33 0.429
30 0.464
31 0.413
32 0.404
33 0.395
22 0.526
30 0.333
31 0.4
20 0.498
21 0.446
22 0.443
23 1.0
28 0.509
29 0.468
30 0.476
31 0.527
32 0.516
33 0.642
25 0.484
28 0.426
29 0.492
32 0.39
33 0.422
34 0.6
28 0.416
29 0.389
30 0.465
31 0.489
30 0.398
31 0.387
32 0.405
33 0.419
34 0.384
35 0.359
36 0.319
22 0.399
23 0.387
24 0.359
25 0.451
26 0.422
27 0.428
28 0.409
29 0.445
30 0.38
31 0.399
29 0.437
30 0.445
31 0.435
32 0.415
27 0.46
28 0.45
29 0.453
30 0.451
31 0.459
32 0.465
33 0.359
34 0.51
35 0.509
36 0.44
37 0.309
38 0.526
24 0.434
25 0.428
26 0.386
27 0.401
28 0.381
29 0.379
30 0.29
22 0.423
23 0.467
24 0.397
25 0.43
26 0.409
27 0.4
28 0.381
29 0.402
30 0.355
30 0.382
31 0.351
32 0.343
33 0.358
34 0.37
35 0.385
36 0.344
37 0.329
38 0.167
25 0.425
26 0.441
27 0.483
28 0.468
29 0.506
30 0.485
31 0.474
32 0.472
33 0.443
34 0.508
25 0.398
26 0.414
27 0.387
28 0.424
29 0.447
30 0.442
31 0.458
32 0.417
33 0.43
27 0.443
28 0.464
29 0.444
30 0.427
31 0.382
32 0.394
33 0.403
34 0.398
33 0.405
30 0.442
31 0.442
32 0.424
33 0.426
34 0.294
26 0.366
27 0.438
28 0.415
29 0.465
30 0.472
31 0.41
35 0.439
36 0.398
37 0.34
22 0.374
23 0.435
24 0.425
25 0.403
26 0.411
27 0.433
28 0.405
29 0.414
30 0.423
31 0.411
32 0.374
33 0.373
34 0.231
24 0.385
24 0.447
25 0.47
26 0.535
27 0.437
28 0.442
29 0.45
30 0.436
31 0.468
32 0.461
33 0.427
34 0.403
35 0.464
36 0.315
26 0.411
27 0.446
28 0.406
29 0.445
30 0.443
31 0.414
32 0.437
33 0.404
34 0.441
35 0.479
36 0.42
37 0.402
20 0.396
33 0.461
34 0.452
35 0.534
36 0.519
37 0.412
24 0.401
25 0.381
26 0.401
27 0.456
28 0.387
29 0.386
30 0.416
31 0.324
29 0.432
30 0.423
31 0.409
32 0.428
33 0.404
34 0.422
35 0.367
21 0.448
22 0.434
23 0.344
24 0.432
25 0.405
26 0.275
30 0.437
31 0.387
32 0.0
31 0.43
32 0.418
35 0.47
36 0.43
27 0.391
28 0.414
29 0.384
30 0.398
31 0.404
32 0.406
33 0.385
34 0.416
35 0.423
36 0.361
37 0.363
38 0.372
25 0.422
26 0.425
27 0.427
28 0.422
29 0.399
30 0.419
31 0.404
32 0.349
26 0.363
27 0.385
32 0.419
33 0.432
34 0.417
35 0.41
36 0.389
31 0.464
32 0.494
33 0.465
34 0.582
24 0.458
25 0.518
26 0.46
27 0.496
28 0.431
29 0.382
30 0.443
24 0.398
23 0.392
24 0.401
25 0.357
27 0.41
28 0.402
29 0.422
30 0.385
31 0.393
23 0.448
21 0.468
22 0.452
23 0.435
24 0.462
25 0.467
26 0.461
27 0.455
28 0.439
29 0.435
30 0.433
31 0.385
32 0.414
33 0.415
25 0.278
26 0.5
27 0.2
28 0.423
29 0.0
30 0.0
28 0.492
29 0.373
34 0.426
35 0.386
26 0.378
23 0.427
24 0.433
25 0.433
26 0.451
27 0.459
28 0.416
29 0.447
30 0.438
30 0.369
31 0.409
32 0.397
33 0.36
25 0.531
26 0.517
25 0.452
26 0.423
27 0.495
28 0.515
29 0.409
30 0.535
31 0.158
32 0.214
21 0.443
22 0.444
23 0.447
24 0.431
25 0.445
26 0.454
27 0.458
28 0.461
29 0.516
30 0.453
31 0.373
32 0.355
22 0.551
23 0.48
24 0.473
25 0.432
26 0.467
27 0.504
28 0.327
29 0.496
30 0.5
31 0.591
32 0.378
35 0.343
37 0.454
38 0.462
39 0.483
34 0.477
35 0.406
23 0.442
24 0.439
25 0.431
26 0.462
27 0.451
28 0.415
29 0.419
30 0.342
22 0.469
23 0.452
24 0.44
25 0.476
26 0.525
27 0.524
28 0.508
29 0.485
30 0.508
31 0.52
32 0.446
33 0.514
34 0.482
35 0.446
36 0.446
27 0.519
28 0.459
29 0.461
30 0.443
31 0.395
32 0.424
33 0.327
34 0.452
29 0.0
23 0.463
24 0.47
25 0.488
26 0.49
27 0.495
28 0.5
29 0.538
30 0.491
31 0.456
32 0.511
33 0.441
34 0.602
35 0.512
36 0.409
37 0.409
28 0.407
29 0.422
30 0.392
34 0.505
35 0.486
23 0.464
24 0.449
25 0.472
26 0.443
27 0.399
28 0.452
29 0.482
30 0.435
31 0.417
33 0.456
34 0.448
35 0.475
36 0.407
26 0.444
27 0.414
28 0.388
29 0.404
30 0.333
33 0.358
23 0.571
24 0.491
25 0.0
26 0.538
26 0.573
21 0.451
22 0.457
23 0.417
24 0.431
25 0.406
26 0.431
27 0.419
28 0.388
29 0.387
30 0.442
31 0.437
26 0.413
27 0.444
28 0.447
29 0.412
30 0.441
31 0.392
32 0.434
34 0.426
28 0.449
29 0.429
30 0.459
31 0.43
32 0.25
33 0.647
21 0.477
22 0.434
23 0.441
24 0.455
25 0.5
26 0.414
24 0.397
25 0.409
26 0.427
27 0.411
21 0.42
22 0.404
23 0.488
24 0.507
25 0.501
19 0.481
20 0.41
21 0.485
22 0.482
23 0.461
24 0.454
25 0.406
26 0.457
27 0.477
28 0.463
29 0.466
30 0.492
31 0.473
32 0.445
33 0.46
34 0.438
35 0.479
36 0.459
37 0.5
38 0.5
38 0.557
24 0.499
25 0.493
26 0.51
27 0.524
28 0.495
29 0.453
30 0.463
31 0.476
32 0.43
33 0.446
34 0.333
20 0.438
21 0.434
22 0.438
23 0.505
24 0.466
25 0.46
26 0.502
27 0.482
28 0.501
29 0.401
30 0.435
31 0.433
32 0.481
33 0.325
34 0.325
34 0.355
35 0.391
35 0.453
36 0.441
37 0.438
38 0.437
31 0.417
32 0.368
37 0.432
25 0.438
26 0.434
27 0.426
28 0.438
29 0.426
30 0.44
31 0.433
32 0.432
23 0.461
24 0.421
25 0.521
26 0.48
27 0.504
28 0.532
29 0.515
30 0.406
31 0.553
32 0.522
33 0.467
34 0.367
35 0.429
36 0.433
37 0.433
37 0.6
22 0.4
23 0.52
24 0.476
25 0.5
29 0.402
25 0.475
26 0.385
27 0.505
28 0.502
29 0.435
30 0.609
31 0.577
32 0.553
33 0.6
24 0.44
30 0.516
27 0.436
29 0.411
30 0.324
31 0.25
34 0.501
35 0.374
36 0.478
37 0.498
38 0.526
39 0.556
40 0.538
41 0.385
25 0.6
26 0.448
27 0.391
28 0.4
25 0.483
26 0.442
27 0.45
28 0.478
29 0.5
24 0.5
25 0.558
26 0.444
27 0.45
28 0.422
29 0.576
30 0.473
31 0.446
32 0.425
33 0.361
34 0.375
26 0.483
27 0.465
28 0.47
29 0.502
30 0.512
31 0.532
32 0.504
33 0.503
34 0.507
35 0.492
36 0.532
37 0.497
38 0.383
25 0.435
24 0.493
25 0.525
26 0.469
27 0.46
28 0.515
29 0.546
30 0.55
31 0.513
32 0.544
26 0.498
27 0.495
28 0.391
29 0.429
30 0.298
31 0.432
32 0.437
37 0.453
27 0.398
28 0.406
29 0.369
30 0.321
31 0.411
22 0.477
23 0.463
24 0.462
25 0.459
26 0.48
27 0.502
28 0.479
29 0.479
30 0.481
31 0.517
32 0.457
33 0.471
34 0.497
35 0.459
36 0.459
36 0.448
37 0.437
22 0.479
23 0.484
24 0.434
25 0.452
26 0.472
27 0.436
28 0.439
29 0.474
30 0.529
31 0.459
32 0.433
33 0.482
34 0.504
28 0.579
29 0.574
30 0.584
31 0.601
32 0.6
33 0.591
34 0.593
35 0.609
36 0.566
37 0.667
37 0.369
38 0.418
39 0.333
21 0.419
22 0.439
23 0.43
24 0.473
25 0.481
26 0.468
27 0.525
28 0.492
29 0.463
30 0.53
31 0.352
32 0.399
38 0.464
28 0.388
29 0.451
30 0.37
31 0.355
32 0.431
33 0.433
34 0.42
35 0.407
36 0.4
25 0.433
26 0.427
27 0.425
28 0.456
29 0.446
30 0.413
27 0.453
28 0.518
29 0.476
30 0.44
31 0.492
29 0.555
30 0.55
31 0.51
32 0.353
33 0.603
34 0.667
35 0.667
31 0.318
19 0.537
20 0.435
31 0.368
32 0.403
33 0.423
24 0.476
25 0.402
26 0.443
27 0.421
28 0.353
29 0.286
22 0.383
23 0.418
24 0.349
25 0.446
26 0.424
28 0.361
29 0.503
30 0.4
25 0.515
26 0.492
27 0.506
28 0.531
29 0.515
30 0.548
31 0.453
32 0.467
33 0.454
34 0.471
35 0.468
36 0.42
37 0.393
31 0.421
32 0.414
33 0.448
34 0.373
26 0.5
31 0.5
29 0.495
30 0.456
31 0.401
32 0.473
23 0.438
24 0.392
25 0.405
26 0.42
27 0.436
28 0.429
29 0.417
30 0.399
31 0.385
32 0.4
30 0.439
31 0.471
32 0.377
33 0.43
34 0.393
35 0.36
36 0.364
23 0.442
24 0.416
25 0.402
26 0.455
27 0.471
28 0.439
29 0.464
30 0.457
31 0.472
32 0.497
33 0.443
34 0.436
35 0.451
36 0.447
37 0.447
37 0.363
38 0.4
35 0.411
36 0.444
37 0.379
25 0.55
26 0.46
27 0.412
28 0.473
29 0.455
30 0.423
31 0.522
28 0.396
37 0.424
24 0.376
25 0.411
26 0.478
27 0.357
28 0.403
29 0.431
30 0.418
31 0.412
32 0.365
33 0.336
22 0.333
23 0.368
25 0.455
26 0.441
27 0.489
28 0.517
29 0.521
30 0.0
32 0.333
21 0.535
22 0.391
23 0.36
24 0.598
25 0.548
26 0.474
27 0.576
28 0.625
29 0.523
30 0.568
31 0.458
32 0.25
27 0.5
28 0.464
29 0.485
30 0.447
31 0.571
32 0.333
33 0.482
34 0.531
35 0.461
36 0.167
33 0.333
21 0.483
22 0.469
23 0.44
24 0.441
25 0.45
26 0.465
27 0.442
28 0.455
29 0.352
30 0.4
31 0.4
27 0.474
28 0.0
33 0.389
34 0.429
35 0.289
20 0.432
21 0.372
22 0.398
23 0.389
24 0.355
25 0.418
26 0.359
27 0.393
28 0.431
29 0.341
30 0.376
31 0.091
35 0.405
29 0.457
34 0.425
35 0.398
36 0.387
37 0.386
38 0.427
39 0.372
35 0.507
36 0.469
24 0.453
25 0.492
26 0.482
28 0.467
29 0.432
30 0.448
31 0.442
33 0.25
29 0.558
29 0.471
30 0.402
31 0.41
32 0.382
31 0.418
32 0.421
33 0.358
28 0.455
29 0.406
30 0.402
31 0.455
32 0.423
33 0.442
26 0.463
27 0.459
28 0.428
29 0.449
30 0.374
31 0.398
32 0.367
33 0.344
24 0.269
30 0.38
31 0.353
32 0.402
33 0.377
34 0.0
24 0.5
28 0.493
34 0.353
35 0.387
24 0.543
25 0.55
26 0.497
27 0.507
28 0.513
29 0.49
30 0.465
31 0.449
32 0.4
33 0.0
34 0.0
30 0.467
31 0.54
23 0.413
25 0.511
26 0.46
27 0.439
28 0.514
29 0.475
30 0.449
31 0.478
32 0.468
33 0.399
34 0.188
31 0.455
32 0.388
33 0.406
34 0.411
27 0.442
28 0.452
29 0.413
30 0.382
31 0.409
32 0.417
33 0.158
33 0.231
30 0.404
31 0.403
32 0.409
33 0.414
26 0.397
27 0.409
28 0.399
29 0.414
30 0.401
31 0.428
32 0.405
33 0.267
34 0.408
35 0.25
36 0.37
37 0.384
35 0.368
24 0.47
25 0.433
26 0.417
19 0.385
20 0.401
21 0.432
22 0.408
23 0.46
24 0.461
25 0.386
26 0.312
27 0.282
28 0.388
29 0.285
30 0.374
25 0.348
26 0.378
27 0.417
28 0.524
30 0.372
38 0.517
39 0.483
23 0.484
24 0.481
25 0.48
26 0.444
27 0.437
28 0.423
29 0.44
30 0.399
31 0.404
32 0.441
27 0.402
28 0.376
29 0.401
30 0.392
31 0.397
32 0.391
33 0.356
27 0.389
28 0.429
29 0.403
30 0.375
30 0.446
31 0.4
34 0.443
35 0.432
36 0.425
37 0.209
20 0.4
21 0.25
22 0.4
23 0.297
27 0.424
28 0.412
29 0.416
30 0.427
21 0.48
22 0.481
23 0.469
24 0.449
25 0.491
26 0.465
27 0.509
28 0.429
23 0.508
24 0.481
25 0.449
26 0.506
27 0.487
28 0.415
29 0.431
30 0.45
23 0.43
24 0.428
25 0.417
26 0.501
27 0.47
28 0.484
29 0.467
30 0.463
31 0.438
32 0.451
33 0.43
34 0.434
35 0.362
36 0.422
37 0.422
37 0.402
38 0.432
23 0.478
24 0.465
25 0.469
26 0.47
27 0.505
28 0.482
29 0.421
30 0.375
31 0.486
28 0.494
29 0.483
30 0.473
31 0.471
32 0.486
33 0.486
34 0.492
35 0.503
36 0.476
37 0.511
38 0.465
39 0.542
23 0.42
24 0.443
25 0.446
26 0.439
27 0.431
28 0.414
29 0.413
30 0.432
31 0.462
23 0.426
24 0.443
25 0.505
26 0.444
26 0.507
27 0.535
28 0.473
21 0.475
22 0.452
23 0.504
24 0.5
25 0.606
26 0.403
21 0.422
22 0.422
23 0.406
24 0.419
25 0.454
26 0.419
27 0.456
28 0.413
29 0.409
30 0.446
31 0.415
32 0.264
33 0.385
34 0.441
35 0.441
29 0.409
30 0.412
31 0.39
32 0.381
33 0.397
25 0.433
26 0.482
27 0.454
28 0.456
29 0.424
25 0.47
26 0.448
27 0.386
28 0.449
29 0.437
30 0.425
31 0.428
32 0.32
23 0.554
24 0.564
25 0.507
26 0.458
27 0.437
28 0.475
29 0.463
30 0.267
24 0.394
25 0.388
26 0.428
27 0.422
28 0.435
29 0.397
30 0.363
24 0.512
25 0.42
26 0.384
27 0.355
28 0.0
26 0.531
27 0.481
28 0.421
29 0.453
30 0.51
31 0.453
32 0.392
33 0.445
34 0.541
35 0.45
36 0.395
26 0.435
26 0.469
27 0.471
28 0.436
29 0.44
30 0.43
31 0.423
32 0.432
33 0.419
34 0.409
30 0.373
31 0.399
32 0.41
33 0.312
30 0.418
31 0.449
32 0.493
33 0.412
27 0.495
28 0.461
29 0.413
30 0.433
31 0.434
32 0.452
33 0.484
24 0.469
25 0.441
26 0.427
27 0.441
28 0.463
29 0.411
30 0.443
30 0.4
31 0.433
32 0.389
33 0.398
34 0.403
35 0.293
24 0.538
25 0.472
26 0.521
27 0.452
29 0.418
30 0.355
31 0.378
29 0.526
30 0.453
31 0.503
32 0.46
33 0.517
34 0.547
35 0.491
26 0.415
27 0.438
28 0.405
28 0.374
29 0.442
30 0.386
31 0.43
32 0.387
33 0.404
25 0.382
26 0.388
27 0.407
28 0.413
29 0.442
30 0.413
31 0.384
27 0.49
28 0.499
29 0.47
30 0.502
29 0.547
30 0.425
32 0.396
33 0.411
34 0.484
35 0.293
25 0.42
26 0.394
27 0.375
30 0.419
31 0.393
27 0.51
28 0.453
29 0.505
30 0.467
31 0.417
32 0.51
38 0.44
39 0.479
40 0.467
41 0.389
21 0.423
22 0.428
23 0.421
24 0.496
25 0.404
26 0.44
27 0.453
28 0.401
29 0.414
30 0.397
31 0.394
32 0.403
33 0.397
25 0.459
26 0.454
27 0.439
28 0.469
29 0.478
30 0.448
31 0.286
32 0.37
23 0.44
24 0.383
25 0.37
26 0.472
23 0.424
24 0.419
25 0.475
26 0.49
27 0.415
28 0.48
29 0.429
30 0.397
31 0.355
23 0.4
24 0.443
25 0.534
26 0.571
20 0.431
21 0.392
22 0.431
23 0.447
24 0.418
25 0.398
26 0.261
27 0.411
28 0.366
29 0.406
21 0.333
22 0.371
22 0.459
23 0.441
24 0.389
25 0.444
26 0.425
27 0.451
26 0.235
27 0.571
23 0.483
24 0.446
25 0.442
26 0.488
27 0.446
28 0.428
29 0.41
30 0.398
31 0.45
32 0.387
33 0.42
34 0.382
23 0.0
24 0.2
22 0.481
23 0.467
24 0.625
25 0.405
21 0.529
22 0.371
23 0.297
22 0.395
23 0.462
24 0.512
25 0.517
26 0.445
27 0.468
22 0.314
23 0.1
24 0.371
20 0.357
21 0.461
22 0.333
19 0.446
20 0.489
21 0.46
22 0.526
23 0.591
24 0.507
25 0.533
26 0.5
27 0.517
28 0.525
29 0.459
22 0.458
23 0.5
24 0.356
19 0.531
20 0.424
21 0.494
22 0.565
23 0.624
24 0.623
25 0.565
26 0.574
27 0.654
28 0.679
29 0.638
30 0.593
31 0.666
32 0.666
32 0.583
33 0.671
23 0.462
24 0.427
25 0.421
26 0.413
27 0.327
23 0.442
24 0.498
25 0.414
26 0.461
27 0.441
28 0.439
29 0.457
30 0.387
31 0.286
23 0.414
24 0.424
25 0.412
26 0.397
27 0.364
28 0.469
29 0.314
30 0.348
31 0.479
32 0.4
33 0.31
34 0.458
19 0.585
20 0.496
21 0.538
22 0.563
23 0.576
24 0.546
25 1.0
26 0.381
20 0.351
21 0.388
22 0.29
23 0.487
24 0.47
25 0.522
26 0.433
27 0.517
28 0.333
29 0.357
30 0.296
26 0.412
27 0.393
28 0.438
20 0.333
21 0.545
20 0.286
25 0.438
26 0.313
27 0.529
21 0.51
22 0.482
23 0.514
24 0.503
25 0.538
26 0.534
27 0.567
28 0.536
29 0.529
30 0.501
31 0.466
32 0.48
33 0.494
34 0.494
34 0.469
35 0.502
19 0.4
22 0.367
23 0.465
24 0.474
25 0.464
26 0.49
27 0.422
28 0.45
29 0.411
22 0.118
22 0.51
23 0.515
24 0.56
25 0.514
26 0.558
27 0.528
28 0.48
29 0.562
30 0.574
31 0.518
32 0.431
20 0.544
21 0.529
22 0.614
23 0.601
24 0.577
25 0.536
25 0.364
26 0.478
27 0.498
28 0.509
29 0.463
30 0.418
31 1.0
32 0.375
26 0.373
27 0.414
28 0.441
29 0.469
30 0.422
31 0.348
32 0.383
33 0.3
21 0.501
22 0.498
23 0.422
24 0.493
25 0.456
26 0.466
27 0.439
28 0.467
29 0.474
30 0.416
31 0.456
32 0.45
33 0.444
34 0.444
34 0.458
35 0.446
20 0.397
21 0.43
22 0.461
23 0.453
24 0.471
25 0.432
26 0.437
27 0.458
28 0.443
29 0.454
30 0.423
31 0.454
32 0.435
33 0.435
33 0.439
34 0.436
38 0.445
20 0.491
21 0.443
22 0.493
23 0.46
24 0.471
25 0.506
26 0.449
27 0.506
28 0.467
27 0.467
28 0.453
29 0.384
26 0.373
29 0.0
28 0.235
29 0.402
23 0.466
21 0.451
22 0.44
23 0.414
24 0.433
25 0.458
26 0.455
27 0.475
28 0.472
29 0.368
30 0.45
31 0.361
23 0.241
19 0.464
20 0.447
21 0.482
22 0.548
23 0.52
24 0.494
25 0.506
26 0.487
27 0.519
28 0.48
29 0.522
30 0.499
31 0.486
32 0.486
32 0.493
33 0.466
21 0.41
22 0.425
23 0.409
24 0.407
25 0.424
26 0.453
27 0.421
28 0.377
29 0.431
30 0.376
31 0.302
20 0.513
21 0.485
22 0.448
23 0.436
24 0.467
25 0.459
26 0.475
27 0.488
28 0.503
29 0.463
30 0.46
31 0.467
32 0.487
33 0.487
33 0.475
34 0.449
29 0.552
30 0.442
31 0.568
32 0.542
21 0.41
22 0.438
23 0.446
24 0.446
25 0.417
26 0.441
27 0.477
28 0.474
29 0.447
30 0.408
31 0.402
22 0.309
20 0.301
23 0.402
24 0.394
25 0.398
26 0.383
27 0.403
28 0.309
29 0.421
30 0.341
31 0.526
32 0.467
25 0.383
26 0.455
27 0.405
21 0.393
22 0.394
23 0.466
24 0.453
26 0.25
23 0.492
24 0.489
25 0.502
26 0.533
27 0.574
23 0.396
24 0.414
25 0.418
26 0.409
27 0.389
28 0.38
25 0.444
22 0.425
23 0.263
19 0.492
20 0.36
21 0.449
22 0.538
23 0.502
24 0.449
25 0.48
26 0.484
27 0.454
28 0.454
29 0.397
30 0.504
31 0.412
32 0.412
22 0.435
23 0.371
24 0.426
25 0.43
26 0.383
27 0.454
28 0.384
29 0.426
30 0.41
31 0.338
32 0.308
33 0.273
21 0.408
22 0.459
23 0.419
23 0.382
24 0.458
25 0.433
26 0.475
22 0.273
24 0.493
25 0.273
26 0.433
21 0.523
22 0.521
23 0.549
24 0.561
25 0.547
26 0.49
27 0.562
28 0.51
29 0.532
30 0.477
31 0.456
32 0.499
33 0.499
22 0.272
24 0.434
25 0.423
26 0.393
27 0.42
28 0.409
29 0.355
30 0.377
22 0.38
23 0.445
24 0.455
25 0.463
26 0.466
27 0.453
28 0.428
29 0.45
30 0.407
31 0.424
32 0.394
33 0.407
34 0.407
34 0.424
23 0.476
24 0.399
25 0.406
26 0.398
27 0.35
28 0.433
29 0.409
30 0.333
31 0.308
24 0.378
25 0.405
26 0.37
27 0.358
28 0.419
24 0.388
25 0.416
26 0.435
27 0.425
28 0.411
29 0.395
22 0.449
23 0.451
24 0.406
25 0.452
26 0.476
27 0.401
28 0.41
29 0.462
30 0.474
31 0.442
32 0.43
33 0.435
34 0.435
34 0.41
35 0.423
24 0.431
25 0.432
26 0.508
27 0.363
28 0.472
29 0.389
22 0.406
23 0.476
24 0.489
25 0.544
26 0.439
27 0.444
28 0.493
29 0.408
30 0.472
31 0.479
32 0.473
33 0.423
34 0.423
24 0.524
25 0.539
26 0.553
27 0.474
28 0.416
29 0.48
30 0.438
31 0.419
32 0.0
25 0.418
26 0.471
27 0.462
28 0.464
29 0.46
30 0.454
31 0.441
32 0.433
33 0.526
34 0.425
35 0.469
36 0.426
37 0.426
37 0.453
38 0.39
25 0.436
26 0.448
27 0.433
28 0.462
29 0.44
21 0.445
22 0.492
23 0.512
24 0.473
25 0.449
26 0.468
27 0.478
28 0.431
29 0.437
30 0.328
31 0.531
32 0.399
33 0.399
33 0.32
22 0.486
23 0.342
20 0.53
21 0.503
22 0.0
23 0.57
24 0.408
25 0.604
26 0.587
27 0.615
28 0.537
29 0.48
30 0.503
31 0.511
32 0.511
32 0.544
33 0.617
23 0.25
24 0.408
21 0.417
22 0.404
24 0.388
25 0.414
26 0.399
27 0.418
28 0.43
29 0.331
22 0.375
21 0.377
22 0.468
23 0.451
24 0.461
25 0.4
26 0.44
27 0.439
28 0.349
29 0.41
30 0.296
23 0.395
24 0.425
25 0.417
26 0.385
27 0.421
28 0.407
23 0.65
22 0.327
22 0.522
23 0.552
24 0.519
25 0.516
26 0.507
27 0.548
23 0.425
24 0.361
25 0.418
26 0.404
27 0.42
28 0.447
29 0.392
22 0.356
23 0.392
24 0.346
25 0.457
26 0.402
23 0.463
24 0.468
25 0.46
26 0.462
27 0.445
28 0.485
29 0.458
30 0.355
31 0.374
23 0.407
24 0.385
25 0.373
26 0.409
27 0.39
22 0.467
23 0.487
24 0.455
25 0.46
26 0.448
27 0.45
28 0.486
29 0.473
30 0.421
31 0.438
32 0.407
33 0.44
34 0.44
34 0.445
22 0.44
23 0.387
24 0.386
23 0.387
24 0.405
25 0.42
26 0.456
27 0.477
28 0.472
29 0.441
30 0.415
31 0.409
32 0.399
33 0.363
34 0.333
35 0.333
19 0.478
20 0.452
21 0.714
22 0.643
25 0.435
26 0.455
22 0.35
23 0.333
20 0.475
21 0.559
22 0.333
23 0.575
24 0.59
25 0.539
26 0.557
27 0.502
28 0.483
29 0.577
30 0.557
31 0.557
32 0.557
32 0.566
23 0.0
19 0.328
20 0.297
21 0.351
19 0.366
20 0.327
23 0.428
24 0.402
25 0.387
20 0.521
21 0.514
22 0.571
23 0.529
24 0.524
25 0.497
26 0.525
27 0.581
28 0.598
29 0.719
23 0.472
24 0.416
25 0.322
26 0.468
27 0.472
22 0.385
23 0.15
21 0.371
22 0.417
23 0.508
19 0.431
20 0.481
21 0.476
22 0.492
23 0.443
24 0.458
25 0.455
26 0.43
27 0.449
28 0.452
29 0.444
30 0.444
30 0.434
31 0.433
22 0.402
23 0.468
24 0.429
25 0.45
26 0.368
27 0.534
28 0.0
21 0.475
22 0.481
23 0.476
24 0.462
25 0.482
26 0.425
27 0.45
28 0.425
29 0.43
30 0.427
31 0.474
32 0.474
32 0.462
33 0.439
23 0.411
24 0.5
25 0.438
26 0.423
27 0.423
28 0.487
29 0.47
30 0.452
31 0.462
32 0.438
33 0.444
34 0.444
34 0.381
35 0.391
23 0.328
24 0.438
25 0.411
26 0.408
27 0.428
28 0.416
29 0.359
30 0.377
31 0.422
32 0.377
33 0.373
34 0.373
34 0.388
23 0.381
24 0.395
25 0.404
26 0.41
27 0.367
28 0.403
29 0.404
30 0.381
31 0.38
32 0.5
23 0.43
19 0.471
20 0.505
21 0.496
22 0.494
23 0.487
24 0.518
25 0.496
26 0.487
27 0.535
28 0.516
29 0.46
30 0.46
30 0.467
27 0.429
22 0.486
23 0.385
23 0.389
24 0.403
25 0.433
26 0.428
27 0.38
28 0.36
29 0.447
30 0.331
31 0.0
23 0.417
24 0.511
25 0.453
26 0.376
27 0.368
28 0.304
29 0.424
30 0.316
22 0.417
23 0.437
24 0.48
25 0.459
26 0.43
27 0.451
28 0.498
29 0.491
30 0.364
31 0.376
23 0.378
24 0.286
21 0.422
22 0.526
23 0.538
24 0.477
25 0.507
26 0.483
27 0.492
28 0.444
29 0.539
30 0.521
31 0.46
32 0.46
32 0.527
33 0.446
25 0.286
23 0.48
24 0.524
25 0.355
26 0.333
19 0.524
27 0.468
28 0.532
29 0.511
30 0.39
31 0.491
32 0.333
33 0.478
34 0.333
26 0.4
27 0.39
23 0.34
24 0.5
23 0.346
22 0.366
23 0.424
24 0.411
25 0.436
26 0.435
27 0.457
28 0.443
29 0.471
30 0.461
31 0.376
32 0.386
33 0.386
30 0.518
23 0.54
24 0.508
25 0.492
26 0.467
27 0.518
28 0.494
29 0.512
30 0.423
31 0.514
32 0.507
33 0.448
34 0.448
34 0.377
35 0.478
22 0.389
23 0.421
24 0.41
25 0.431
26 0.445
27 0.421
23 0.397
24 0.418
25 0.448
26 0.414
27 0.437
28 0.409
29 0.446
30 0.414
31 0.377
32 0.393
33 0.373
34 0.373
34 0.38
23 0.475
24 0.471
25 0.459
26 0.455
27 0.451
28 0.405
29 0.358
30 0.399
31 0.403
23 0.507
19 0.472
20 0.48
21 0.476
22 0.484
23 0.489
24 0.503
25 0.51
26 0.531
27 0.565
28 0.567
29 0.488
30 0.488
30 0.52
31 0.548
24 0.273
23 0.0
24 0.409
25 0.489
26 0.474
27 0.364
23 0.437
24 0.414
25 0.477
26 0.434
27 0.458
28 0.461
29 0.467
30 0.409
31 0.369
23 0.396
24 0.418
25 0.368
26 0.437
27 0.369
28 0.361
29 0.422
30 0.38
31 0.344
32 0.456
33 0.368
34 0.368
34 0.408
35 0.478
21 0.497
22 0.523
23 0.451
24 0.483
25 0.528
26 0.49
27 0.471
28 0.446
29 0.507
30 0.509
31 0.515
32 0.515
32 0.465
22 0.401
23 0.446
24 0.494
25 0.488
26 0.432
27 0.419
28 0.25
29 0.382
22 0.418
23 0.43
24 0.44
25 0.443
26 0.438
27 0.493
28 0.434
29 0.432
30 0.461
31 0.475
32 0.487
33 0.487
33 0.435
34 0.464
18 0.371
19 0.182
23 0.422
24 0.35
25 0.353
26 0.388
18 0.329
19 0.509
20 0.454
21 0.438
22 0.515
23 0.49
24 0.469
25 0.454
26 0.0
19 0.498
20 0.44
21 0.434
22 0.433
23 0.453
24 0.391
25 0.375
26 0.343
27 0.418
28 0.399
19 0.452
20 0.451
21 0.474
22 0.437
23 0.497
24 0.488
25 0.461
26 0.499
27 0.473
28 0.427
29 0.454
30 0.454
30 0.466
31 0.534
20 0.435
21 0.41
22 0.453
23 0.362
24 0.422
25 0.363
26 0.403
27 0.391
28 0.353
23 0.333
19 0.471
20 0.515
21 0.491
22 0.615
23 0.577
24 0.602
25 0.515
26 0.489
27 0.457
28 0.451
29 0.449
30 0.449
30 0.533
21 0.427
22 0.404
23 0.488
24 0.439
25 0.413
26 0.432
27 0.392
28 0.385
29 0.347
21 0.448
22 0.361
22 0.405
23 0.418
24 0.433
25 0.399
26 0.403
27 0.478
28 0.468
29 0.44
30 0.453
31 0.385
32 0.426
33 0.426
23 0.324
25 0.527
26 0.481
27 0.524
28 0.458
29 0.532
30 0.494
31 0.467
21 0.531
22 0.45
23 0.433
22 0.478
23 0.495
24 0.491
25 0.469
26 0.491
27 0.476
28 0.5
29 0.497
30 0.521
31 0.545
32 0.47
33 0.47
33 0.456
34 0.434
23 0.411
24 0.412
25 0.474
26 0.45
27 0.436
28 0.357
29 0.328
30 0.369
31 0.392
23 0.436
24 0.512
25 0.476
26 0.482
27 0.472
28 0.505
29 0.508
30 0.487
31 0.498
32 0.488
33 0.471
34 0.471
34 0.545
35 0.536
21 0.438
22 0.424
23 0.446
24 0.48
25 0.467
26 0.442
27 0.399
28 0.426
29 0.43
30 0.417
31 0.397
32 0.397
32 0.437
23 0.471
24 0.514
25 0.434
26 0.482
27 0.51
28 0.51
29 0.469
30 0.445
31 0.494
32 0.495
33 0.495
33 0.458
34 0.461
24 0.366
25 0.415
19 0.412
20 0.539
21 0.507
22 0.46
23 0.394
24 0.398
25 0.417
26 0.417
27 0.456
28 0.402
29 0.402
29 0.416
30 0.409
22 0.365
23 0.5
24 0.4
18 0.638
19 0.599
20 0.626
21 0.578
22 0.591
23 0.534
24 0.609
25 0.476
26 1.0
24 0.448
25 0.447
26 0.416
27 0.496
28 0.446
29 0.464
30 0.44
31 0.487
32 0.445
33 0.409
34 0.409
34 0.509
24 0.354
19 0.544
20 0.457
21 0.552
22 0.504
23 0.571
24 0.525
25 0.5
26 0.502
27 0.568
28 0.589
29 0.566
30 0.597
31 0.595
32 0.556
33 0.419
34 0.419
34 0.459
35 0.609
22 0.403
23 0.415
24 0.397
19 0.463
20 0.517
21 0.479
22 0.448
23 0.466
24 0.46
25 0.412
26 0.426
27 0.431
28 0.469
29 0.469
29 0.455
30 0.387
22 0.4
23 0.408
24 0.387
25 0.421
26 0.373
27 0.38
28 0.419
29 0.382
23 0.484
21 0.422
22 0.455
23 0.434
24 0.455
25 0.416
26 0.44
27 0.442
28 0.408
29 0.343
30 0.437
31 0.437
21 0.469
22 0.492
23 0.463
24 0.438
25 0.403
26 0.422
27 0.445
28 0.438
29 0.378
30 0.418
31 0.418
31 0.447
32 0.399
22 0.503
23 0.517
24 0.529
19 0.531
20 0.603
21 0.599
22 0.572
23 0.612
24 0.593
25 0.573
26 0.578
27 0.591
28 0.593
29 0.593
29 0.62
30 0.633
19 0.379
20 0.47
21 0.483
22 0.422
23 0.441
24 0.527
25 0.481
26 0.448
27 0.501
28 0.473
29 0.473
29 0.41
30 0.407
21 0.5
22 0.447
23 0.456
24 0.473
25 0.443
26 0.445
27 0.454
28 0.451
29 0.48
30 0.466
31 0.466
31 0.478
32 0.528
24 0.533
25 0.313
26 0.464
27 0.474
28 0.466
29 0.469
23 0.439
24 0.448
25 0.394
26 0.332
27 0.422
28 0.421
29 0.356
30 0.431
31 0.0
23 0.341
24 0.442
25 0.325
20 0.499
21 0.514
22 0.5
23 0.497
24 0.498
25 0.496
26 0.492
27 0.494
28 0.509
29 0.481
30 0.481
30 0.485
31 0.499
24 0.449
22 0.462
23 0.386
24 0.387
21 0.507
22 0.526
23 0.41
24 0.469
25 0.502
26 0.511
19 0.427
20 0.463
21 0.48
22 0.473
23 0.456
24 0.42
25 0.417
26 0.436
27 0.413
28 0.45
29 0.43
30 0.427
31 0.427
31 0.372
22 0.483
23 0.43
24 0.469
25 0.503
26 0.449
27 0.446
28 0.427
29 0.392
30 0.394
31 0.407
32 0.407
32 0.368
33 0.444
25 0.461
26 0.467
27 0.432
28 0.427
29 0.399
30 0.426
31 0.25
22 0.415
23 0.532
24 0.535
25 0.561
26 0.53
27 0.573
28 0.533
29 0.477
20 0.0
23 0.403
24 0.374
24 0.43
25 0.306
23 0.422
24 0.467
25 0.391
26 0.382
27 0.36
28 0.441
19 0.581
21 0.556
19 0.393
20 0.441
21 0.461
22 0.446
23 0.414
24 0.435
25 0.407
26 0.422
27 0.415
28 0.417
29 0.417
29 0.415
30 0.346
19 0.425
20 0.439
21 0.457
22 0.492
23 0.505
24 0.477
25 0.458
26 0.465
27 0.419
28 0.419
29 0.419
29 0.364
21 0.453
22 0.452
23 0.508
23 0.431
24 0.333
27 0.39
19 0.515
19 0.394
20 0.371
21 0.401
22 0.383
23 0.413
24 0.402
25 0.412
26 0.362
29 0.325
24 0.526
29 0.4
22 0.455
23 0.369
24 0.463
25 0.461
26 0.493
27 0.5
28 0.44
29 0.441
30 0.438
31 0.487
32 0.487
32 0.434
33 0.467
22 0.527
23 0.476
24 0.461
25 0.536
26 0.572
27 0.528
28 0.514
29 0.478
30 0.495
31 0.555
32 0.555
32 0.427
33 0.357
23 0.394
20 0.346
21 0.392
22 0.454
23 0.387
24 0.402
25 0.402
21 0.487
22 0.427
23 0.413
24 0.457
25 0.445
26 0.458
27 0.461
25 0.444
26 0.435
27 0.403
28 0.362
29 0.433
30 0.504
31 0.394
32 0.459
19 0.465
20 0.445
21 0.488
22 0.4
23 0.463
24 0.423
25 0.422
26 0.396
27 0.374
28 0.379
29 0.379
23 0.457
24 0.289
25 0.404
20 0.341
21 0.499
22 0.496
23 0.511
24 0.515
25 0.479
26 0.486
27 0.486
28 0.504
29 0.504
29 0.549
30 0.575
22 0.5
19 0.437
20 0.474
21 0.471
22 0.478
23 0.445
24 0.38
25 0.512
26 0.476
21 0.553
22 0.511
23 0.577
24 0.52
25 0.495
26 0.449
27 0.451
28 0.627
29 0.563
30 0.563
30 0.627
31 0.469
18 0.558
19 0.636
20 0.56
21 0.57
22 0.574
23 0.558
24 0.521
25 0.519
26 0.497
27 0.482
28 0.44
29 0.457
30 0.491
31 0.456
32 0.415
33 0.415
33 0.459
34 0.41
23 0.425
24 0.37
25 0.413
26 0.2
22 0.477
23 0.478
24 0.527
20 0.475
21 0.531
22 0.451
23 0.449
24 0.451
25 0.433
26 0.416
27 0.451
28 0.445
29 0.445
29 0.427
30 0.443
22 0.404
21 0.384
22 0.413
23 0.408
24 0.459
25 0.425
26 0.407
27 0.427
28 0.395
29 0.406
30 0.406
30 0.406
31 0.43
22 0.433
23 0.488
24 0.423
25 0.451
26 0.432
27 0.416
24 0.429
25 0.463
26 0.444
27 0.466
28 0.436
29 0.376
30 0.393
31 0.401
32 0.27
33 0.27
23 0.467
24 0.457
25 0.431
26 0.447
27 0.41
28 0.326
23 0.495
24 0.434
25 0.481
26 0.52
27 0.458
23 0.425
24 0.586
25 0.414
26 0.496
27 0.405
22 0.459
23 0.446
24 0.447
25 0.428
26 0.425
27 0.416
28 0.286
29 0.378
30 0.401
31 0.401
20 0.419
21 0.344
22 0.439
23 0.371
24 0.273
22 0.573
23 0.511
24 0.372
25 0.489
26 0.527
27 0.429
28 0.442
29 0.431
30 0.478
31 0.478
31 0.5
23 0.437
24 0.432
25 0.382
26 0.437
27 0.415
22 0.5
22 0.454
23 0.431
24 0.453
25 0.481
26 0.408
27 0.456
28 0.452
29 0.41
30 0.439
31 0.439
31 0.391
32 0.667
29 0.398
18 0.545
19 0.558
20 0.595
21 0.623
22 0.568
23 0.576
24 0.554
25 0.562
26 0.574
27 0.574
27 0.585
28 0.576
22 0.0
23 0.532
24 0.571
25 0.0
21 0.422
22 0.472
23 0.447
18 0.25
22 0.6
23 0.552
24 0.549
25 0.545
26 0.507
27 0.503
28 0.519
29 0.523
30 0.511
31 0.511
31 0.531
32 0.59
23 0.397
23 0.36
22 0.5
23 0.538
24 0.575
25 0.511
26 0.492
27 0.478
28 0.446
29 0.448
30 0.422
31 0.422
21 0.5
21 0.35
22 0.453
23 0.393
18 0.345
19 0.479
20 0.459
21 0.429
22 0.407
23 0.381
24 0.415
25 0.435
26 0.398
27 0.398
27 0.409
28 0.434
30 0.562
31 0.608
32 0.587
33 0.625
34 0.6
20 0.437
21 0.488
22 0.503
23 0.493
24 0.463
25 0.478
26 0.481
27 0.467
28 0.485
29 0.485
29 0.462
30 0.476
20 0.516
21 0.419
22 0.415
23 0.535
24 0.445
25 0.419
26 0.436
23 0.462
24 0.46
25 0.444
26 0.366
27 0.452
22 0.39
23 0.431
24 0.379
25 0.405
26 0.352
27 0.377
28 0.325
29 0.304
30 0.345
31 0.345
31 0.384
32 0.167
22 0.479
23 0.286
24 0.615
25 0.333
22 0.423
23 0.452
21 0.434
22 0.423
23 0.437
24 0.436
25 0.399
26 0.424
27 0.433
28 0.428
29 0.345
30 0.345
30 0.0
23 0.304
22 0.391
24 0.366
23 0.416
24 0.361
23 0.4
22 0.4
23 0.549
24 0.474
25 0.508
26 0.582
27 0.632
28 0.576
29 0.505
30 0.598
31 0.0
32 0.0
21 0.47
22 0.435
23 0.447
24 0.439
25 0.442
26 0.385
27 0.377
28 0.38
29 0.414
30 0.414
30 0.382
20 0.0
21 0.279
22 0.447
23 0.524
24 0.502
25 0.491
26 0.482
27 0.511
28 0.411
29 0.406
19 0.396
20 0.422
21 0.0
22 0.405
23 0.447
24 0.423
25 0.442
26 0.433
27 0.264
28 0.264
21 0.456
22 0.507
23 0.471
24 0.469
25 0.439
26 0.407
27 0.44
28 0.45
29 0.387
30 0.387
30 0.414
31 0.438
19 0.441
20 0.424
21 0.398
22 0.47
23 0.406
24 0.407
25 0.422
26 0.4
27 0.404
28 0.404
28 0.408
29 0.429
19 0.433
20 0.462
21 0.458
22 0.455
23 0.458
24 0.432
25 0.423
26 0.439
27 0.424
28 0.424
28 0.452
29 0.422
21 0.438
22 0.413
23 0.415
24 0.406
25 0.125
21 0.4
22 0.323
23 0.349
21 0.484
22 0.484
23 0.495
24 0.5
25 0.512
26 0.484
27 0.458
28 0.466
29 0.466
29 0.513
30 0.477
24 0.5
25 0.536
26 0.551
27 0.454
28 0.43
29 0.395
30 0.5
31 0.427
32 0.427
32 0.358
22 0.453
23 0.561
24 0.354
25 0.487
22 0.529
23 0.445
24 0.464
25 0.545
22 0.489
23 0.558
24 0.333
25 0.462
26 0.5
22 0.418
23 0.442
24 0.44
25 0.439
26 0.4
27 0.417
21 0.386
22 0.45
23 0.47
24 0.448
25 0.432
26 0.399
27 0.442
28 0.454
29 0.454
29 0.455
22 0.548
23 0.528
24 0.525
21 0.558
22 0.508
23 0.487
24 0.48
25 0.427
26 0.354
27 0.2
25 0.5
26 0.143
21 0.349
22 0.473
23 0.427
24 0.425
25 0.42
26 0.42
27 0.364
28 0.368
29 0.368
22 0.403
23 0.416
24 0.401
25 0.418
22 0.326
23 0.425
24 0.367
22 0.369
23 0.408
24 0.5
24 0.41
25 0.35
26 0.2
22 0.394
23 0.382
20 0.461
21 0.391
22 0.435
23 0.392
24 0.467
23 0.429
24 0.407
25 0.414
26 0.388
27 0.398
28 0.397
29 0.413
30 0.368
31 0.368
31 0.351
32 0.363
29 0.32
20 0.461
21 0.453
22 0.466
23 0.471
24 0.455
25 0.416
26 0.455
27 0.455
28 0.455
28 0.463
29 0.455
23 0.439
20 0.432
21 0.391
22 0.466
23 0.4
24 0.351
25 0.34
27 0.389
28 0.396
22 0.489
23 0.532
24 0.558
25 0.598
26 0.548
27 0.614
28 0.736
29 0.646
30 0.646
30 0.62
23 0.488
23 0.429
22 0.4
23 0.604
24 0.443
25 0.405
26 0.393
27 0.0
28 0.353
22 0.421
23 0.449
20 0.432
21 0.435
22 0.397
23 0.426
24 0.409
25 0.401
26 0.423
27 0.412
28 0.412
28 0.427
29 0.464
21 0.504
22 0.534
23 0.538
24 0.531
25 0.495
26 0.49
27 0.461
28 0.476
29 0.476
29 0.47
30 0.442
21 0.362
22 0.412
23 0.561
23 0.48
24 0.444
25 0.389
26 0.522
27 0.478
28 0.414
29 0.411
30 0.393
31 0.393
31 0.444
32 0.286
20 0.552
21 0.536
22 0.533
31 0.476
32 0.426
33 0.434
34 0.399
35 0.433
23 0.572
24 0.524
25 0.429
26 0.496
23 0.424
24 0.408
25 0.357
26 0.363
22 0.444
23 0.391
24 0.439
25 0.441
26 0.425
27 0.434
28 0.455
29 0.477
30 0.477
30 0.48
31 0.445
22 0.364
23 0.286
20 0.352
21 0.392
22 0.476
20 0.492
21 0.505
22 0.508
23 0.475
24 0.448
25 0.484
26 0.403
27 0.426
28 0.426
28 0.454
29 0.408
22 0.454
23 0.48
24 0.473
25 0.4
22 0.428
23 0.426
24 0.44
25 0.471
26 0.432
27 0.481
28 0.415
29 0.418
30 0.418
30 0.505
31 0.441
20 0.458
21 0.667
21 0.286
22 0.44
23 0.563
24 0.562
25 0.569
26 0.553
27 0.504
20 0.423
21 0.451
22 0.462
23 0.471
24 0.367
25 0.353
22 0.45
22 0.448
21 0.379
22 0.235
23 0.384
20 0.427
21 0.286
23 0.434
24 0.446
25 0.521
26 0.468
27 0.478
22 0.437
23 0.465
24 0.498
25 0.471
26 0.439
27 0.459
28 0.424
29 0.424
29 0.443
30 0.44
23 0.333
22 0.407
25 0.483
26 0.478
27 0.535
28 0.559
29 0.515
30 0.375
31 0.581
32 0.581
32 0.6
33 0.625
21 0.442
22 0.406
23 0.437
24 0.417
25 0.395
26 0.485
27 0.423
28 0.423
28 0.386
29 0.429
21 0.411
22 0.431
23 0.395
24 0.434
25 0.425
26 0.481
27 0.426
28 0.426
28 0.384
29 0.422
23 0.404
24 0.432
25 0.375
20 0.432
21 0.479
22 0.45
23 0.392
24 0.462
25 0.416
26 0.429
27 0.429
20 0.442
21 0.445
22 0.444
23 0.433
24 0.44
25 0.45
26 0.446
27 0.446
27 0.422
28 0.46
20 0.375
21 0.32
22 0.436
23 0.368
24 0.305
20 0.46
23 0.486
22 0.442
23 0.437
24 0.448
25 0.421
26 0.448
27 0.457
28 0.459
29 0.459
22 0.477
23 0.459
24 0.477
25 0.485
26 0.468
27 0.438
28 0.468
29 0.468
29 0.478
30 0.454
19 0.476
20 0.476
21 0.462
22 0.496
23 0.51
24 0.503
25 0.51
26 0.51
26 0.505
27 0.537
21 0.583
22 0.547
23 0.44
24 0.4
22 0.25
23 0.567
24 0.533
25 0.561
26 0.555
27 0.521
28 0.542
29 0.566
30 0.566
30 0.567
31 0.579
23 0.485
24 0.512
25 0.566
26 0.516
27 0.533
28 0.443
21 0.446
22 0.453
23 0.449
19 0.466
20 0.468
21 0.465
22 0.489
23 0.464
24 0.456
25 0.393
26 0.393
26 0.405
27 0.484
21 0.525
22 0.551
23 0.557
24 0.553
25 0.543
26 0.567
27 0.538
28 0.538
28 0.505
29 0.473
20 0.382
21 0.403
22 0.418
23 0.378
24 0.574
25 0.536
26 0.502
27 0.503
28 0.54
29 0.517
30 0.515
31 0.515
31 0.556
23 0.374
24 0.467
25 0.435
22 0.432
23 0.365
24 0.396
25 0.448
26 0.429
20 0.422
21 0.521
22 0.547
23 0.475
24 0.455
25 0.436
26 0.528
27 0.528
27 0.372
28 0.373
27 0.468
28 0.462
29 0.407
30 0.292
23 0.333
22 0.556
23 0.504
24 0.525
25 0.508
26 0.481
27 0.475
28 0.445
29 0.445
29 0.383
30 0.49
22 0.386
23 0.41
21 0.307
23 0.188
27 0.531
28 0.514
29 0.504
30 0.491
31 0.472
32 0.47
33 0.467
34 0.467
34 0.45
35 0.47
21 0.445
22 0.456
23 0.466
24 0.428
25 0.408
26 0.429
27 0.374
28 0.374
28 0.473
29 0.38
24 0.5
21 0.439
22 0.405
23 0.439
24 0.429
25 0.406
26 0.436
27 0.44
28 0.44
28 0.413
29 0.373
24 0.446
25 0.473
26 0.476
23 0.43
24 0.436
23 0.457
24 0.468
25 0.371
26 0.368
27 0.418
28 0.437
29 0.434
30 0.434
30 0.343
31 0.387
23 0.412
24 0.571
25 0.429
21 0.417
22 0.429
20 0.528
20 0.466
21 0.5
22 0.513
22 0.444
23 0.418
24 0.441
25 0.403
26 0.413
27 0.435
28 0.366
29 0.366
29 0.339
30 0.43
19 0.495
20 0.47
21 0.541
22 0.507
23 0.531
24 0.454
25 0.466
26 0.466
26 0.514
27 0.527
20 0.5
21 0.444
22 0.167
20 0.436
21 0.43
22 0.439
23 0.423
24 0.438
25 0.399
26 0.399
26 0.427
27 0.418
20 0.432
21 0.497
21 0.386
22 0.416
23 0.376
24 0.35
25 0.415
26 0.399
27 0.399
27 0.423
28 0.377
20 0.519
21 0.455
22 0.451
23 0.423
24 0.465
25 0.4
26 0.4
26 0.426
27 0.403
20 0.414
21 0.422
22 0.424
23 0.419
24 0.402
25 0.426
26 0.426
26 0.423
27 0.344
20 0.45
21 0.45
22 0.445
23 0.405
24 0.499
25 0.434
26 0.434
26 0.522
27 0.532
24 0.371
22 0.401
23 0.399
24 0.448
25 0.429
26 0.454
27 0.403
28 0.403
28 0.41
25 0.45
26 0.525
22 0.445
23 0.429
22 0.452
23 0.435
24 0.462
25 0.443
26 0.505
27 0.501
28 0.501
28 0.477
29 0.475
23 0.378
24 0.37
25 0.44
20 0.423
21 0.414
22 0.414
23 0.418
24 0.581
25 0.527
26 0.482
27 0.494
28 0.473
29 0.494
30 0.494
30 0.464
31 0.459
23 0.467
20 0.449
21 0.45
22 0.45
23 0.402
24 0.436
25 0.411
26 0.411
26 0.418
27 0.406
20 0.441
21 0.404
22 0.406
23 0.387
24 0.517
25 0.542
26 0.427
21 0.526
22 0.495
23 0.461
24 0.497
25 0.448
26 0.439
27 0.446
28 0.446
28 0.443
29 0.544
20 0.554
21 0.458
22 0.467
23 0.562
24 0.508
25 0.475
26 0.475
26 0.516
22 0.478
23 0.453
24 0.442
25 0.443
26 0.442
27 0.477
28 0.477
28 0.441
29 0.477
22 0.333
23 0.3
24 0.487
22 0.441
20 0.605
21 0.686
22 0.632
23 0.643
24 0.676
25 0.71
26 0.71
26 0.703
27 0.714
19 0.468
20 0.453
21 0.599
22 0.581
23 0.495
24 0.508
25 0.508
25 0.532
26 0.551
23 0.436
24 0.439
25 0.433
26 0.464
27 0.48
28 0.448
29 0.448
29 0.454
30 0.456
20 0.499
21 0.492
22 0.494
23 0.521
24 0.563
25 0.513
26 0.513
26 0.511
27 0.474
20 0.588
21 0.501
22 0.461
23 0.534
24 0.551
25 0.535
26 0.535
26 0.539
27 0.493
20 0.45
21 0.47
22 0.448
23 0.352
24 0.457
25 0.434
26 0.434
26 0.419
27 0.427
24 0.368
25 0.39
26 0.44
27 0.381
28 0.42
29 0.283
30 0.283
21 0.458
22 0.407
23 0.408
24 0.449
25 0.407
26 0.422
27 0.422
27 0.371
22 0.48
23 0.463
24 0.51
25 0.401
26 0.451
27 0.395
28 0.395
28 0.454
29 0.505
21 0.508
22 0.55
23 0.556
24 0.575
25 0.447
26 0.532
27 0.532
27 0.575
28 0.652
23 0.468
24 0.45
25 0.413
26 0.441
27 0.458
28 0.463
29 0.463
29 0.408
30 0.389
21 0.605
19 0.443
20 0.466
21 0.47
22 0.491
23 0.386
20 0.489
21 0.445
22 0.435
23 0.423
24 0.421
25 0.501
26 0.667
27 0.333
28 0.204
29 0.204
29 0.427
30 0.374
21 0.477
22 0.495
23 0.453
24 0.445
25 0.441
26 0.492
27 0.492
27 0.432
28 0.445
22 0.472
23 0.507
24 0.535
25 0.502
26 0.506
27 0.47
28 0.47
28 0.481
23 0.43
24 0.45
25 0.39
26 0.38
27 0.42
28 0.41
29 0.41
29 0.386
30 0.442
24 0.467
21 0.517
22 0.441
23 0.398
22 0.364
23 0.36
22 0.515
23 0.444
20 0.418
21 0.442
22 0.457
23 0.438
24 0.437
25 0.426
26 0.426
26 0.454
27 0.425
22 0.61
23 0.507
24 0.493
25 0.522
26 0.0
25 0.393
26 0.325
29 0.463
21 0.422
22 0.422
23 0.369
20 0.501
21 0.534
22 0.524
23 0.534
24 0.456
25 0.456
25 0.412
22 0.511
23 0.333
22 0.565
23 0.518
21 0.425
22 0.442
23 0.414
24 0.394
25 0.433
26 0.433
26 0.435
23 0.333
24 0.41
25 0.46
26 0.47
27 0.487
28 0.487
28 0.389
29 0.4
21 0.412
22 0.403
23 0.394
24 0.422
25 0.489
26 0.489
26 0.481
27 0.47
22 0.43
23 0.367
24 0.44
25 0.372
26 0.367
27 0.367
22 0.457
23 0.44
24 0.471
25 0.467
26 0.473
27 0.473
27 0.486
28 0.476
22 0.462
23 0.516
24 0.468
25 0.464
26 0.457
27 0.457
27 0.451
28 0.485
21 0.48
22 0.49
23 0.451
24 0.471
25 0.487
26 0.487
26 0.504
27 0.468
21 0.41
22 0.322
23 0.433
24 0.353
25 0.355
26 0.355
20 0.467
21 0.422
22 0.445
23 0.429
24 0.413
25 0.413
25 0.446
26 0.467
23 0.416
24 0.324
25 0.403
26 0.384
27 0.373
28 0.373
28 0.411
29 0.368
22 0.403
23 0.404
24 0.427
25 0.437
26 0.412
27 0.412
27 0.389
28 0.416
20 0.409
21 0.453
22 0.478
23 0.436
24 0.447
25 0.447
25 0.433
26 0.405
20 0.365
21 0.351
23 0.4
24 0.376
22 0.458
23 0.412
24 0.41
25 0.415
26 0.468
27 0.468
27 0.518
28 0.214
24 0.466
25 0.495
26 0.485
27 0.479
28 0.502
29 0.502
29 0.526
30 0.515
22 0.486
23 0.442
24 0.448
25 0.432
26 0.436
27 0.436
27 0.376
28 0.392
24 0.465
25 0.405
26 0.432
27 0.474
28 0.521
29 0.521
29 0.451
20 0.436
21 0.491
22 0.438
23 0.456
24 0.44
25 0.44
25 0.439
26 0.44
22 0.454
23 0.459
24 0.447
25 0.433
26 0.437
27 0.437
27 0.439
28 0.423
22 0.491
23 0.497
24 0.497
25 0.549
26 0.459
27 0.459
27 0.506
28 0.385
19 0.446
20 0.432
21 0.431
22 0.447
23 0.446
24 0.446
24 0.439
25 0.454
25 0.25
26 0.383
20 0.543
21 0.535
22 0.573
23 0.536
24 0.476
25 0.476
25 0.479
26 0.48
24 0.477
20 0.39
21 0.418
22 0.399
23 0.373
24 0.401
25 0.401
25 0.368
26 0.359
22 0.456
23 0.45
24 0.413
25 0.464
26 0.589
27 0.589
27 0.475
28 0.479
22 0.503
23 0.488
24 0.461
25 0.431
26 0.436
27 0.436
27 0.393
28 0.454
23 0.449
24 0.412
25 0.436
26 0.441
27 0.448
28 0.448
28 0.388
29 0.393
22 0.402
23 0.359
24 0.377
25 0.317
22 0.425
23 0.409
24 0.387
25 0.463
26 0.416
27 0.416
27 0.35
28 0.402
21 0.412
22 0.485
23 0.469
24 0.464
25 0.381
20 0.321
21 0.425
22 0.385
23 0.442
23 0.356
24 0.339
25 0.39
26 0.413
27 0.372
28 0.372
22 0.406
23 0.431
24 0.25
23 0.48
21 0.438
22 0.476
23 0.451
24 0.438
25 0.46
26 0.46
26 0.439
27 0.442
23 0.294
22 0.425
23 0.524
24 0.604
25 0.565
22 0.434
23 0.438
24 0.429
25 0.394
26 0.406
27 0.406
27 0.399
28 0.4
23 0.469
24 0.416
25 0.432
26 0.556
27 0.385
28 0.385
22 0.374
23 0.429
24 0.495
24 0.472
25 0.354
26 0.392
24 0.438
25 0.429
26 0.52
27 0.432
28 0.432
22 0.361
22 0.524
23 0.55
24 0.541
25 0.478
26 0.478
26 0.596
27 0.523
20 0.411
21 0.475
22 0.474
23 0.412
24 0.412
24 0.416
25 0.393
21 0.379
22 0.413
23 0.431
24 0.506
25 0.541
26 0.532
27 0.517
28 0.517
28 0.533
29 0.477
21 0.41
22 0.368
23 0.39
24 0.479
25 0.479
25 0.422
26 0.402
21 0.389
22 0.445
23 0.477
24 0.447
25 0.447
25 0.453
26 0.434
23 0.531
24 0.491
25 0.551
26 0.487
27 0.487
27 0.49
28 0.516
23 0.273
20 0.498
21 0.402
22 0.438
23 0.429
24 0.429
24 0.447
25 0.463
20 0.448
21 0.465
22 0.496
23 0.467
24 0.467
24 0.451
25 0.452
22 0.4
23 0.415
24 0.415
21 0.513
22 0.539
23 0.534
24 0.601
25 0.601
25 0.611
26 0.528
21 0.416
22 0.329
24 0.527
23 0.643
24 0.614
25 0.527
26 0.552
27 0.552
27 0.542
21 0.24
19 0.499
20 0.482
21 0.522
22 0.525
23 0.525
23 0.515
24 0.487
22 0.46
23 0.457
24 0.403
25 0.488
26 0.488
25 0.413
20 0.44
21 0.419
22 0.424
23 0.367
24 0.367
24 0.418
25 0.461
21 0.549
22 0.538
23 0.528
24 0.502
25 0.502
25 0.499
26 0.493
23 0.354
21 0.4
20 0.456
21 0.435
22 0.413
23 0.445
24 0.445
24 0.433
25 0.471
24 0.342
25 0.2
19 0.395
20 0.41
21 0.417
22 0.231
23 0.231
23 0.371
24 0.0
0.0 0.222
21 0.465
25 0.488
26 0.64
27 0.397
23 0.403
24 0.403
24 0.371
23 0.398
24 0.407
25 0.425
26 0.414
27 0.414
27 0.404
28 0.365
22 0.397
23 0.367
22 0.446
23 0.441
24 0.446
25 0.424
26 0.424
26 0.412
27 0.438
20 0.521
21 0.486
22 0.497
23 0.496
24 0.496
24 0.522
25 0.533
24 0.526
25 0.506
26 0.523
27 0.555
28 0.555
28 0.565
29 0.515
24 0.0
26 0.436
27 0.412
28 0.41
29 0.374
30 0.374
30 0.465
31 0.0
28 0.364
21 0.44
22 0.512
23 0.46
24 0.449
25 0.449
25 0.414
26 0.401
25 0.564
26 0.52
27 0.541
28 0.424
29 0.424
29 0.38
22 0.468
23 0.364
24 0.0
22 0.452
23 0.428
24 0.392
25 0.421
26 0.421
22 0.455
23 0.367
22 0.457
23 0.506
24 0.469
25 0.5
26 0.5
21 0.531
22 0.461
23 0.505
24 0.513
25 0.513
25 0.41
26 0.551
22 0.383
23 0.352
24 0.423
25 0.39
26 0.39
26 0.411
27 0.439
26 0.618
27 0.56
28 0.523
29 0.558
30 0.558
30 0.523
31 0.452
20 0.376
21 0.46
22 0.491
23 0.376
24 0.376
24 0.481
25 0.45
22 0.446
23 0.419
24 0.425
25 0.429
26 0.429
26 0.456
27 0.426
23 0.431
24 0.435
25 0.399
26 0.458
27 0.458
22 0.354
24 0.43
25 0.433
26 0.421
27 0.408
28 0.408
28 0.326
29 0.25
20 0.423
21 0.441
22 0.433
23 0.445
24 0.445
24 0.424
25 0.451
21 0.444
22 0.454
23 0.447
24 0.472
25 0.472
25 0.516
26 0.458
26 0.551
27 0.51
19 0.451
20 0.611
21 0.543
22 0.543
22 0.542
23 0.528
23 0.463
24 0.456
20 0.42
21 0.457
22 0.403
23 0.403
23 0.41
24 0.399
22 0.467
23 0.397
24 0.462
25 0.462
25 0.454
26 0.455
23 0.421
24 0.414
25 0.412
26 0.412
26 0.405
27 0.308
26 0.0
22 0.552
23 0.545
24 0.507
25 0.507
25 0.558
26 0.548
22 0.421
23 0.471
24 0.38
25 0.38
25 0.4
23 0.0
21 0.418
22 0.391
23 0.4
24 0.4
24 0.422
22 0.444
23 0.463
24 0.148
19 0.455
20 0.464
21 0.466
22 0.466
22 0.469
23 0.481
22 0.316
21 0.273
19 0.452
20 0.43
21 0.468
22 0.468
22 0.448
23 0.473
21 0.458
22 0.44
23 0.434
24 0.434
24 0.434
25 0.419
22 0.405
27 0.52
20 0.464
21 0.475
22 0.504
23 0.504
23 0.439
24 0.452
19 0.544
20 0.491
21 0.519
22 0.519
22 0.576
23 0.545
20 0.407
21 0.422
22 0.422
23 0.422
23 0.415
24 0.398
21 0.382
20 0.494
21 0.522
22 0.479
23 0.479
23 0.506
24 0.485
22 0.481
23 0.492
24 0.443
25 0.443
25 0.481
26 0.48
23 0.447
24 1.0
21 0.46
22 0.417
23 0.401
24 0.401
24 0.439
25 0.446
22 0.396
23 0.428
24 0.446
25 0.446
25 0.481
26 0.457
21 0.388
22 0.406
23 0.34
24 0.34
22 0.422
23 0.442
24 0.434
25 0.434
25 0.434
26 0.418
22 0.407
23 0.486
24 0.465
25 0.465
25 0.425
26 0.457
21 0.462
22 0.447
25 0.396
23 0.486
24 0.472
25 0.462
26 0.462
26 0.492
27 0.338
21 0.36
22 0.381
23 0.356
24 0.356
24 0.374
25 0.402
20 0.273
21 0.396
22 0.378
23 0.41
24 0.41
24 0.374
25 0.411
22 0.382
23 0.373
24 0.346
25 0.376
26 0.408
27 0.408
27 0.44
21 0.62
22 0.643
23 0.612
24 0.612
24 0.563
23 0.368
26 0.457
27 0.574
28 0.75
29 0.75
23 1.0
24 0.412
22 0.44
23 0.453
24 0.42
25 0.42
25 0.428
26 0.463
23 0.5
24 0.222
25 0.412
26 0.412
26 0.442
27 0.398
23 0.5
24 0.438
25 0.45
26 0.45
21 0.422
22 0.444
23 0.463
24 0.463
24 0.47
25 0.468
20 0.488
21 0.477
22 0.547
23 0.547
23 0.588
24 0.6
20 0.375
21 0.517
21 0.5
22 0.514
21 0.519
22 0.507
23 0.523
24 0.523
24 0.51
25 0.468
21 0.423
22 0.393
23 0.385
24 0.385
24 0.427
25 0.444
20 0.43
21 0.427
22 0.447
23 0.447
23 0.45
24 0.443
23 0.5
23 0.6
22 0.468
23 0.459
24 0.459
24 0.556
25 0.412
20 0.399
21 0.482
22 0.482
22 0.466
23 0.468
22 0.417
23 0.425
24 0.425
24 0.432
25 0.443
26 0.436
27 0.566
28 0.566
28 0.505
29 0.513
23 0.429
24 0.426
25 0.426
25 0.441
26 0.409
19 0.419
20 0.427
21 0.427
21 0.449
22 0.482
24 0.414
25 0.383
26 0.383
26 0.434
27 0.42
24 0.405
25 0.45
26 0.45
28 0.47
29 0.361
30 0.361
30 0.333
22 0.439
23 0.42
24 0.42
24 0.443
25 0.463
21 0.286
22 0.364
23 0.364
23 0.343
19 0.519
20 0.535
21 0.535
21 0.493
22 0.505
25 0.418
19 0.623
20 0.514
21 0.514
21 0.521
22 0.53
20 0.419
21 0.44
22 0.44
22 0.462
23 0.439
25 0.475
26 0.49
27 0.49
24 0.381
22 0.407
23 0.443
24 0.443
24 0.49
25 0.418
19 0.464
20 0.399
21 0.399
21 0.474
22 0.503
22 0.538
23 0.566
24 0.566
24 0.564
25 0.515
27 0.478
28 0.444
29 0.444
21 0.381
22 0.495
23 0.495
23 0.444
24 0.4
23 0.319
23 0.0
21 0.459
22 0.397
23 0.397
21 0.542
22 0.528
23 0.528
23 0.452
24 0.47
19 0.473
20 0.465
21 0.465
21 0.541
22 0.477
25 0.533
21 0.394
20 0.432
21 0.416
22 0.416
22 0.451
23 0.46
20 0.451
21 0.51
22 0.51
22 0.448
23 0.386
22 0.424
23 0.434
24 0.434
24 0.419
25 0.444
21 0.406
22 0.455
23 0.455
23 0.364
21 0.44
22 0.467
23 0.467
23 0.444
24 0.45
22 0.44
23 0.143
24 0.143
20 0.367
21 0.237
22 0.237
22 0.443
23 0.504
24 0.504
24 0.439
25 0.413
22 0.421
23 0.429
24 0.437
25 0.437
25 0.471
26 0.387
22 0.501
23 0.492
24 0.492
24 0.476
25 0.521
24 0.517
25 0.535
26 0.535
26 0.601
27 0.478
35 0.461
36 0.399
37 0.399
37 0.374
20 0.405
21 0.409
22 0.409
22 0.438
23 0.442
27 0.42
28 0.389
29 0.389
29 0.448
30 0.377
21 0.481
22 0.485
23 0.485
23 0.447
24 0.536
21 0.423
22 0.41
23 0.41
23 0.431
24 0.437
23 0.477
24 0.412
25 0.412
25 0.413
24 0.479
25 0.444
26 0.444
26 0.468
27 0.288
21 0.464
24 0.321
25 0.397
26 0.397
22 0.474
23 0.474
24 0.474
24 0.429
24 0.447
25 0.386
26 0.386
26 0.389
27 0.41
20 0.427
21 0.439
22 0.439
22 0.435
23 0.319
23 0.376
24 0.395
25 0.395
22 0.341
19 0.319
27 0.418
28 0.382
29 0.382
29 0.427
30 0.373
20 0.531
21 0.572
22 0.572
22 0.565
23 0.557
24 0.6
21 0.433
22 0.396
23 0.396
23 0.399
24 0.424
21 0.5
19 0.427
20 0.403
21 0.403
21 0.338
23 0.538
24 0.549
25 0.549
25 0.476
26 0.494
20 0.544
21 0.544
21 0.613
22 0.571
19 0.491
20 0.491
20 0.506
21 0.521
31 0.365
32 0.365
29 0.42
30 0.42
30 0.446
31 0.414
20 0.421
21 0.421
21 0.296
22 0.413
21 0.3
22 0.3
23 0.426
24 0.426
24 0.32
22 0.343
23 0.343
23 0.439
24 0.422
21 0.368
22 0.368
22 0.413
23 0.455
24 0.45
25 0.45
24 0.421
25 0.421
20 0.401
21 0.401
21 0.42
22 0.399
22 0.386
23 0.386
23 0.36
24 0.364
22 0.396
23 0.396
23 0.452
24 0.366
22 0.345
23 0.345
23 0.441
24 0.487
23 0.396
24 0.396
24 0.385
25 0.399
21 0.412
22 0.412
22 0.459
23 0.468
23 0.0
24 0.0
24 0.455
25 0.481
22 0.37
23 0.37
23 0.476
24 0.374
26 0.483
27 0.483
22 0.401
23 0.401
24 0.562
25 0.562
25 0.559
26 0.622
23 0.362
24 0.362
24 0.405
25 0.39
24 0.506
25 0.506
25 0.532
26 0.502
22 0.5
23 0.5
21 0.604
22 0.604
22 0.559
23 0.661
19 0.393
20 0.393
20 0.417
21 0.545
25 0.537
26 0.537
26 0.545
23 0.478
24 0.478
22 0.396
23 0.396
23 0.447
24 0.383
24 0.459
25 0.459
20 0.403
21 0.403
21 0.405
22 0.337
23 0.337
23 0.369
24 0.286
23 0.667
24 0.667
21 0.433
22 0.433
22 0.442
21 0.333
22 0.333
20 0.507
21 0.507
21 0.423
22 0.497
31 0.404
32 0.404
22 0.438
23 0.438
23 0.377
22 0.436
23 0.436
23 0.448
24 0.48
20 0.437
21 0.437
21 0.429
22 0.43
25 0.15
26 0.15
21 0.489
22 0.489
22 0.465
23 0.482
24 0.4
25 0.4
22 0.55
23 0.55
23 0.5
24 0.504
21 0.436
22 0.436
22 0.438
23 0.442
22 0.475
23 0.475
23 0.455
24 0.512
26 0.857
27 0.857
23 0.573
24 0.573
24 0.516
25 0.536
20 0.45
21 0.45
21 0.473
22 0.516
22 0.368
23 0.368
23 0.385
26 0.375
27 0.375
22 0.458
23 0.458
23 0.496
24 0.464
20 0.427
21 0.427
21 0.421
22 0.451
22 0.429
23 0.429
23 0.372
24 0.455
22 0.413
23 0.413
23 0.397
24 0.385
23 0.5
24 0.5
24 0.537
25 0.534
22 0.351
23 0.351
21 0.461
22 0.461
22 0.529
23 0.571
20 0.407
20 0.333
23 0.513
21 0.348
21 0.468
22 0.445
24 0.214
24 0.325
23 0.0
22 0.5
23 0.575
23 0.548
24 0.51
25 0.453
25 0.433
26 0.445
22 0.412
23 0.362
23 0.394
19 0.333
19 0.083
20 0.375
20 0.483
20 0.582
21 0.643
23 0.263
26 0.25
22 0.448
22 0.433
23 0.445
23 0.409
22 0.42
22 0.4
23 0.167
21 0.302
21 0.352
22 0.444
25 0.367
24 0.345
23 0.355
23 0.3
24 0.409
24 0.478
25 0.455
20 0.361
20 0.449
21 0.433
19 0.349
24 0.344
24 0.419
25 0.403
23 0.399
23 0.393
24 0.38
19 0.447
19 0.473
20 0.454
24 0.421
20 0.352
20 0.419
21 0.463
23 0.377
23 0.385
24 0.574
24 0.465
25 0.5
22 0.323
22 0.355
20 0.304
20 0.469
21 0.502
23 0.4
23 0.25
24 0.425
22 0.414
22 0.42
23 0.408
27 0.415
27 0.426
28 0.452
24 0.449
24 0.409
21 0.269
22 0.347
22 0.419
22 0.486
23 0.433
25 0.35
25 0.456
26 0.415
23 0.25
23 0.404
23 0.513
24 0.44
19 0.422
19 0.452
20 0.459
25 0.0
22 0.318
22 0.296
22 0.545
22 0.536
23 0.53
21 0.396
21 0.403
22 0.456
23 0.402
23 0.452
24 0.447
22 0.533
22 0.478
27 0.273
27 0.34
27 0.282
28 0.143
23 0.405
23 0.407
24 0.413
23 1.0
23 0.5
23 0.382
23 0.338
24 0.399
20 0.462
20 0.521
21 0.595
22 0.25
22 0.636
23 0.66
20 0.446
20 0.417
21 0.507
21 0.367
21 0.411
22 0.5
24 0.35
24 0.364
19 0.49
19 0.493
20 0.49
23 0.414
23 0.366
24 0.426
20 0.425
20 0.436
21 0.471
23 0.463
23 0.493
24 0.515
20 0.333
20 0.429
21 0.488
28 0.452
28 0.403
29 0.352
21 0.422
21 0.442
20 0.367
20 0.348
21 0.359
23 0.32
23 0.318
21 0.365
21 0.385
22 0.396
23 0.333
21 0.568
21 0.6
22 1.0
19 0.395
19 0.421
20 0.481
21 0.528
21 0.501
22 0.495
24 0.0
24 0.402
23 0.452
23 0.455
19 0.437
19 0.459
20 0.452
24 0.421
24 0.394
25 0.258
19 0.353
19 0.306
20 0.431
26 0.425
27 0.44
22 0.424
27 0.424
19 0.423
23 0.36
22 0.53
24 0.442
23 0.514
21 0.473
24 0.316
23 0.579
23 0.425
22 0.652
21 0.0
20 0.355
22 0.373
21 0.434
22 0.558
32 0.368
24 0.545
22 0.0
19 0.353
20 0.578
19 0.414
22 0.399
19 0.523
20 0.362
27 0.545
21 0.384
23 0.461
20 0.5
24 0.387
29 0.642
21 0.441
19 0.377
23 0.526
23 0.451
20 0.514
20 0.421
24 0.2
21 0.332
20 0.488
20 0.45
22 0.449
25 0.568
22 0.394
21 0.367
19 0.405
26 0.42
23 0.8
23 0.556
20 0.542
19 0.511
19 0.365
23 0.417
23 0.517
19 0.356
20 0.522
23 0.422
23 0.361
