26 18.4
27 14.6
24 38.7
25 38.1
26 31.6
27 34.6
28 27.2
29 25.2
30 8.5
23 23.7
24 20.6
25 36.6
26 37.9
27 38.4
28 39.3
29 38.7
30 40.3
31 35.9
32 36.4
33 35.2
34 36.1
35 34.0
36 25.8
37 26.5
24 12.0
25 20.9
26 31.5
27 34.0
28 38.6
29 37.1
30 34.1
31 31.8
32 27.3
30 10.9
31 9.5
26 26.6
27 33.6
28 35.5
29 26.4
30 24.3
31 23.8
32 14.1
30 32.0
31 18.6
32 20.6
33 17.3
33 14.6
27 19.5
28 21.1
29 24.7
30 17.7
31 13.3
33 25.2
32 33.3
33 28.7
34 28.4
35 15.0
36 10.0
37 15.7
38 11.0
26 28.9
27 21.5
28 24.1
29 35.4
30 24.1
31 27.5
32 14.7
33 12.5
34 16.1
32 17.1
33 12.3
34 20.5
35 12.1
36 10.7
31 14.6
21 9.2
20 12.8
21 7.6
29 31.1
30 18.1
31 24.3
32 7.6
33 10.6
22 12.0
33 20.1
29 37.5
30 33.1
31 30.6
32 21.5
33 17.0
34 21.7
35 17.9
36 15.3
31 24.2
32 18.4
33 19.3
34 21.8
35 17.1
24 24.6
25 25.1
26 20.2
27 23.4
28 27.0
29 23.9
24 12.0
25 15.6
26 24.6
27 28.4
28 37.5
29 37.4
30 35.3
31 34.6
32 30.0
33 30.8
34 23.4
20 21.1
21 17.8
22 12.9
23 13.3
24 10.5
28 23.6
29 25.1
30 12.5
31 19.2
22 33.2
23 33.4
24 36.3
25 38.6
26 38.6
27 34.0
28 32.8
29 34.7
30 27.4
31 28.6
32 14.3
24 28.7
25 31.4
26 35.4
27 35.8
28 36.1
29 36.2
30 32.3
31 35.3
32 34.1
33 32.1
34 30.4
35 19.0
36 16.3
33 17.1
32 19.8
33 16.7
34 16.9
25 9.4
26 17.3
27 29.3
28 26.0
29 27.7
30 31.0
31 22.3
32 10.4
24 18.6
25 12.2
26 17.0
27 8.8
28 7.6
29 8.6
30 6.6
31 7.0
23 11.3
29 28.8
30 31.3
31 32.0
32 32.0
33 33.6
34 30.0
35 30.2
36 18.8
25 22.5
26 16.1
27 7.5
28 9.2
29 9.6
27 9.7
24 11.2
25 19.4
26 22.5
27 26.4
28 25.7
29 30.8
30 16.0
28 14.3
29 21.4
30 11.7
31 11.5
21 37.8
22 39.6
23 38.7
24 37.0
25 39.2
26 38.5
27 34.3
28 31.7
29 30.2
30 34.7
31 28.9
32 21.2
33 19.4
34 13.5
35 13.5
35 13.2
30 30.1
32 5.1
32 9.3
31 32.0
32 33.4
33 34.4
34 34.4
35 31.7
36 20.2
37 11.6
32 6.0
33 8.2
28 8.8
29 11.5
30 10.3
31 24.3
32 9.1
22 38.3
23 41.5
24 37.6
25 40.7
26 41.0
27 40.8
28 38.9
29 36.1
30 38.8
31 33.9
32 38.5
33 38.6
34 29.5
35 34.5
36 34.5
36 28.2
35 6.9
36 6.3
24 20.1
25 20.2
26 13.3
27 21.7
28 24.1
29 18.1
30 16.8
31 13.9
32 10.4
23 28.1
33 11.3
27 12.3
28 17.5
26 34.7
27 21.2
28 30.0
29 30.5
30 33.2
31 33.8
32 34.9
33 31.0
34 31.3
35 26.1
36 22.9
37 10.4
32 28.0
33 15.5
34 13.7
35 9.8
23 5.4
24 3.0
25 21.5
26 24.7
27 11.2
28 11.2
29 11.9
30 14.2
31 9.2
32 11.0
33 6.3
25 22.8
26 18.6
27 17.4
28 11.2
29 13.1
30 18.5
31 28.0
32 22.9
33 15.9
34 14.0
35 8.7
24 39.8
25 34.2
26 38.2
27 36.7
28 36.8
29 38.1
30 38.9
31 36.8
32 30.8
33 28.1
34 25.3
35 25.8
36 24.4
37 16.5
38 16.5
38 16.8
39 24.6
31 35.2
32 34.6
33 35.0
34 25.8
35 34.0
36 24.3
37 23.2
26 25.6
27 17.1
28 25.3
29 24.6
30 12.3
31 5.3
29 24.0
30 29.0
31 26.2
32 17.3
33 10.7
33 22.8
34 8.8
30 34.5
31 33.9
32 33.9
33 29.3
34 26.4
35 11.7
25 27.0
26 22.3
27 13.5
23 4.8
24 4.6
25 23.0
26 4.6
27 8.5
33 35.9
34 27.2
35 24.8
36 10.0
32 14.7
33 19.7
34 7.7
23 14.6
24 8.0
25 27.3
26 13.5
25 18.7
26 7.6
27 21.6
20 20.9
21 24.9
22 35.1
23 38.4
24 32.3
25 37.3
26 39.9
27 38.1
28 31.1
29 30.2
30 26.9
31 29.3
32 30.3
33 26.6
34 26.6
34 26.9
35 26.3
25 16.9
26 12.9
27 13.6
28 25.0
29 23.0
30 11.9
31 10.4
32 7.1
31 19.6
32 15.0
24 8.6
36 15.8
32 23.3
33 19.9
34 17.6
35 13.8
25 23.8
26 24.1
27 32.5
28 27.3
29 23.6
30 25.2
31 24.4
32 23.0
33 23.3
34 16.0
35 5.5
25 26.5
26 13.0
27 21.3
28 27.0
29 28.5
30 22.0
31 30.4
32 13.8
32 38.7
33 35.7
34 32.1
35 25.6
36 21.4
21 40.5
22 37.8
23 40.1
24 34.4
25 36.5
26 35.3
27 39.0
28 34.6
29 33.6
30 28.4
31 20.5
31 31.4
32 29.3
33 22.1
34 21.4
35 6.4
36 10.1
32 27.6
33 14.2
30 24.1
31 7.6
32 4.6
21 23.8
22 39.6
23 31.3
24 32.9
25 41.1
26 37.3
27 36.1
28 21.8
29 13.9
27 10.4
28 17.2
29 17.1
30 6.1
34 3.0
27 23.0
28 28.0
29 15.4
30 23.9
31 16.0
25 9.3
25 31.0
26 14.5
32 30.3
33 29.8
34 28.6
35 8.7
23 16.8
24 13.9
25 14.3
26 14.7
27 12.0
28 12.5
29 10.7
20 11.1
21 17.6
22 19.6
23 16.0
24 22.7
25 21.7
26 18.5
27 26.9
28 18.3
29 22.0
30 14.4
31 11.7
26 12.7
27 6.1
28 5.2
35 7.6
36 3.7
24 40.6
25 39.3
26 36.6
27 33.4
28 34.8
29 34.1
30 34.0
31 33.7
32 31.3
33 28.4
34 28.2
35 30.1
36 29.2
37 28.9
38 28.9
38 25.2
28 15.6
29 27.4
30 21.7
31 19.3
32 12.3
25 5.2
30 25.5
31 14.3
25 9.6
26 7.9
38 13.9
34 16.0
35 9.4
27 39.9
28 38.3
29 38.6
30 36.8
31 26.5
32 22.2
33 26.9
34 28.8
35 15.4
26 28.2
27 34.5
28 21.6
29 30.0
30 31.6
31 27.9
32 27.4
33 29.8
34 27.2
35 28.0
36 23.9
37 17.4
38 17.6
22 25.8
23 21.3
24 16.0
25 16.7
26 13.0
24 28.8
25 13.1
26 11.2
27 16.9
28 12.0
29 11.3
32 4.0
33 18.6
24 21.8
25 10.4
26 23.9
27 26.1
28 25.1
29 23.2
30 24.5
31 24.7
32 15.9
33 16.8
34 12.8
31 27.9
32 28.7
33 22.3
25 18.8
26 21.8
27 13.0
28 21.8
29 23.7
30 9.9
31 9.4
32 6.2
23 41.1
24 41.0
25 40.4
26 38.2
27 34.2
28 28.1
29 19.9
30 12.9
31 8.5
24 39.2
25 40.5
26 39.4
27 38.1
28 38.9
29 39.4
30 32.8
31 31.1
32 29.9
33 31.3
34 31.1
35 29.7
36 20.5
37 20.3
38 20.3
38 14.6
34 5.4
24 30.1
25 31.9
26 11.0
27 13.5
28 16.5
29 8.4
30 9.2
33 15.0
31 9.0
23 21.5
24 22.7
25 23.8
26 20.4
27 21.7
28 21.4
29 15.5
30 16.5
31 16.9
22 16.7
32 21.7
33 25.2
34 25.2
35 20.3
22 21.0
23 24.9
24 23.8
25 9.7
24 5.6
28 31.3
29 32.2
30 30.3
31 16.5
32 11.8
35 29.1
36 17.0
37 20.1
26 23.8
27 18.6
28 7.0
29 9.7
30 23.9
31 10.8
32 8.8
31 25.7
32 16.6
33 14.9
34 20.6
22 13.5
23 4.5
27 17.3
28 12.3
29 9.0
30 5.9
22 35.0
23 32.2
24 35.5
25 38.5
26 35.3
27 36.8
28 33.7
29 34.0
30 33.7
31 27.2
32 24.9
33 21.8
25 15.7
26 4.0
27 10.3
28 9.9
29 4.1
29 30.8
30 30.6
31 27.6
32 24.2
33 18.0
34 23.5
35 12.7
24 31.4
25 32.8
26 36.6
27 33.1
28 27.4
29 25.5
30 18.1
31 11.0
20 29.8
21 30.1
22 30.9
23 38.6
24 36.6
25 32.9
26 27.0
27 34.9
28 30.5
29 22.8
30 27.5
31 11.9
32 15.0
27 20.3
28 25.0
29 15.6
30 18.2
31 11.4
32 8.5
33 7.5
30 21.0
31 25.6
32 21.8
33 15.5
22 9.2
30 9.4
31 8.0
20 17.9
21 20.9
22 13.1
23 5.3
28 16.2
29 18.2
30 11.3
31 15.4
32 10.4
33 11.0
25 5.8
28 36.6
29 29.1
32 31.2
33 24.1
34 7.6
28 17.8
29 12.4
30 22.8
31 16.7
30 26.4
31 29.3
32 15.9
33 18.6
34 18.8
35 16.5
36 13.0
22 19.2
23 18.6
24 19.8
25 13.1
26 17.5
27 16.9
28 19.0
29 18.3
30 17.9
31 17.5
29 37.8
30 37.9
31 36.0
32 26.6
27 32.5
28 35.5
29 35.5
30 26.6
31 31.7
32 26.5
33 7.1
34 11.2
35 22.4
36 10.4
37 6.8
38 7.3
24 22.9
25 32.9
26 17.3
27 21.9
28 22.2
29 16.3
30 10.3
22 28.1
23 31.9
24 33.8
25 38.7
26 35.6
27 37.1
28 29.7
29 26.9
30 24.8
30 19.7
31 23.2
32 20.0
33 15.1
34 11.8
35 14.3
36 9.0
37 9.5
38 9.4
25 21.4
26 30.0
27 31.3
28 33.5
29 29.3
30 27.3
31 30.4
32 27.2
33 20.9
34 15.9
25 43.7
26 42.5
27 42.5
28 42.3
29 43.1
30 42.5
31 41.8
32 36.7
33 30.9
27 21.6
28 28.4
29 23.7
30 21.4
31 25.0
32 23.8
33 19.3
34 20.9
33 16.0
30 33.2
31 20.8
32 39.0
33 31.0
34 12.8
26 12.7
27 13.5
28 27.2
29 24.4
30 16.0
31 18.3
35 28.9
36 17.9
37 13.7
22 9.9
23 28.2
24 36.8
25 35.4
26 35.9
27 33.1
28 39.1
29 39.6
30 38.6
31 35.9
32 25.8
33 19.5
34 11.9
24 4.6
24 37.0
25 39.3
26 29.0
27 38.3
28 40.1
29 38.0
30 38.7
31 38.2
32 36.5
33 32.9
34 33.1
35 21.5
36 11.3
26 10.8
27 12.8
28 21.9
29 27.7
30 26.4
31 19.4
32 22.2
33 18.5
34 13.1
35 19.9
36 9.0
37 13.8
20 24.0
33 20.5
34 17.0
35 14.6
36 8.9
37 4.5
24 16.2
25 14.5
26 24.6
27 31.4
28 25.5
29 19.6
30 19.9
31 6.0
29 39.0
30 38.1
31 37.0
32 35.5
33 32.5
34 24.9
35 19.6
21 26.4
22 27.6
23 8.9
24 24.1
25 27.5
26 7.7
30 24.3
31 8.5
32 2.0
31 16.4
32 20.7
35 11.9
36 12.7
27 37.3
28 37.4
29 36.6
30 36.9
31 37.2
32 36.7
33 36.3
34 35.6
35 36.0
36 33.2
37 28.7
38 26.9
25 21.7
26 16.9
27 18.5
28 29.5
29 34.1
30 28.3
31 22.6
32 12.7
26 8.8
27 9.0
32 25.3
33 27.0
34 20.8
35 20.7
36 15.7
31 25.3
32 29.1
33 20.5
34 15.1
24 31.5
25 23.3
26 19.3
27 27.5
28 24.8
29 13.0
30 7.5
24 10.8
23 12.8
24 9.0
25 6.2
27 23.5
28 30.6
29 30.6
30 18.0
31 17.6
23 13.6
21 36.4
22 39.5
23 36.6
24 38.0
25 36.9
26 39.1
27 38.0
28 36.2
29 32.9
30 32.0
31 26.0
32 14.4
33 16.2
25 13.5
26 6.0
27 12.0
28 13.4
29 4.4
30 6.5
28 15.7
29 8.1
34 28.3
35 11.9
26 8.7
23 20.5
24 26.5
25 30.7
26 28.7
27 24.2
28 26.6
29 14.7
30 11.8
30 19.8
31 18.5
32 21.8
33 21.2
25 24.2
26 19.3
25 11.0
26 14.5
27 17.3
28 14.7
29 10.9
30 8.4
31 7.6
32 6.1
21 25.6
22 31.3
23 36.0
24 36.9
25 29.5
26 30.5
27 35.7
28 31.1
29 29.7
30 20.9
31 27.5
32 14.3
22 18.9
23 29.8
24 33.9
25 30.6
26 30.1
27 21.0
28 9.2
29 12.9
30 10.0
31 8.8
32 11.0
35 18.2
37 38.0
38 36.2
39 32.7
34 13.5
35 6.8
23 38.9
24 40.0
25 40.2
26 40.0
27 36.6
28 37.1
29 33.5
30 18.0
22 38.4
23 41.6
24 40.7
25 38.8
26 40.3
27 37.6
28 36.7
29 35.8
30 31.8
31 28.2
32 30.5
33 30.0
34 31.7
35 19.3
36 19.3
27 30.2
28 30.5
29 36.4
30 25.3
31 25.6
32 16.8
33 13.1
34 7.6
29 7.3
23 34.3
24 34.1
25 34.6
26 32.5
27 27.6
28 31.5
29 30.4
30 32.0
31 34.2
32 25.7
33 22.4
34 23.9
35 19.8
36 9.5
37 9.5
28 40.0
29 40.5
30 38.4
34 38.3
35 32.6
23 32.3
24 34.5
25 30.9
26 36.2
27 30.0
28 34.3
29 28.8
30 27.3
31 13.2
33 17.1
34 13.7
35 13.4
36 11.5
26 12.8
27 23.8
28 24.7
29 12.6
30 9.8
33 26.5
23 5.0
24 20.4
25 6.0
26 8.8
26 23.6
21 38.3
22 39.4
23 39.9
24 40.8
25 37.1
26 35.8
27 37.0
28 33.7
29 22.4
30 23.4
31 16.1
26 37.4
27 17.5
28 33.8
29 34.9
30 17.4
31 18.5
32 26.1
34 19.1
28 30.6
29 29.7
30 28.2
31 16.4
32 8.6
33 13.1
21 10.3
22 10.7
23 21.2
24 9.8
25 3.0
26 5.8
24 32.4
25 23.2
26 13.2
27 21.7
21 22.4
22 15.6
23 17.5
24 24.9
25 26.1
19 27.2
20 30.0
21 26.3
22 27.0
23 32.2
24 37.3
25 36.4
26 34.6
27 34.8
28 35.8
29 37.1
30 36.8
31 36.3
32 30.5
33 32.7
34 27.4
35 26.2
36 16.9
37 15.5
38 15.5
38 11.8
24 29.8
25 31.1
26 36.4
27 37.3
28 37.0
29 28.3
30 34.9
31 30.0
32 23.8
33 16.9
34 9.7
20 33.7
21 33.6
22 27.2
23 30.0
24 30.6
25 39.1
26 35.3
27 32.3
28 33.4
29 20.4
30 19.3
31 15.3
32 20.8
33 13.5
34 13.5
34 7.9
35 7.6
35 36.6
36 30.2
37 28.2
38 31.9
31 18.7
32 12.5
37 9.8
25 42.1
26 41.7
27 40.4
28 36.2
29 37.7
30 36.4
31 35.1
32 33.2
23 26.4
24 12.7
25 20.1
26 25.1
27 17.4
28 15.2
29 20.1
30 8.7
31 17.0
32 17.1
33 11.0
34 11.0
35 7.0
36 5.6
37 5.6
37 3.8
22 5.1
23 12.6
24 11.9
25 6.0
29 13.4
25 7.2
26 5.4
27 12.3
28 15.9
29 12.4
30 26.4
31 29.1
32 17.2
33 17.7
24 16.7
30 32.7
27 32.6
29 11.8
30 6.2
31 5.0
34 36.3
35 21.4
36 23.0
37 15.2
38 14.9
39 17.2
40 15.9
41 10.7
25 9.2
26 16.5
27 13.1
28 6.5
25 24.2
26 10.7
27 13.7
28 29.7
29 10.8
24 21.9
25 23.0
26 12.4
27 17.4
28 22.6
29 22.1
30 21.3
31 11.8
32 14.9
33 12.0
34 12.3
26 34.6
27 33.1
28 33.5
29 34.3
30 35.4
31 35.3
32 34.3
33 33.6
34 32.8
35 33.3
36 31.6
37 32.5
38 20.9
25 21.4
24 27.0
25 30.4
26 28.7
27 25.5
28 18.9
29 21.0
30 20.9
31 17.3
32 9.8
26 30.3
27 26.5
28 19.5
29 24.8
30 9.8
31 8.6
32 14.2
37 15.4
27 27.4
28 16.8
29 12.8
30 9.5
31 9.4
22 38.0
23 39.0
24 37.9
25 38.7
26 38.1
27 36.2
28 36.0
29 37.7
30 37.5
31 34.3
32 33.5
33 31.3
34 32.9
35 29.6
36 29.6
36 31.5
37 26.4
22 37.6
23 37.2
24 35.7
25 34.8
26 35.3
27 35.6
28 28.7
29 29.8
30 28.4
31 18.0
32 22.8
33 18.7
34 20.1
28 36.1
29 37.8
30 36.8
31 34.1
32 30.6
33 28.4
34 28.7
35 30.0
36 23.4
37 20.3
37 24.3
38 12.2
39 3.6
21 34.4
22 34.3
23 37.5
24 36.3
25 40.3
26 39.3
27 37.9
28 29.7
29 31.5
30 32.2
31 20.5
32 19.7
38 22.6
28 21.3
29 23.1
30 17.1
31 6.1
32 15.3
33 17.3
34 7.5
35 17.0
36 10.5
25 32.1
26 38.0
27 21.5
28 19.6
29 19.1
30 9.8
27 15.0
28 23.8
29 27.6
30 9.9
31 13.5
29 23.2
30 22.5
31 19.6
32 5.5
33 11.1
34 11.2
35 3.5
31 7.2
19 6.1
20 5.4
31 15.8
32 15.7
33 8.5
24 17.3
25 16.1
26 9.4
27 14.3
28 11.6
29 7.5
22 11.4
23 24.7
24 20.5
25 19.2
26 19.4
28 5.6
29 21.6
30 5.3
25 23.5
26 21.2
27 22.6
28 28.0
29 25.2
30 31.0
31 16.4
32 40.3
33 40.1
34 34.5
35 33.0
36 28.5
37 22.1
31 25.1
32 27.4
33 18.5
34 13.2
26 4.0
31 24.0
29 35.8
30 29.4
31 17.9
32 16.3
23 31.6
24 36.0
25 26.2
26 30.6
27 38.3
28 21.3
29 23.6
30 12.0
31 21.2
32 5.8
30 24.2
31 21.9
32 14.3
33 12.4
34 7.9
35 6.6
36 7.1
23 40.3
24 39.2
25 38.7
26 36.1
27 39.0
28 37.0
29 35.9
30 37.5
31 34.0
32 34.7
33 34.0
34 33.4
35 28.0
36 26.2
37 26.2
37 18.1
38 11.1
35 32.2
36 29.9
37 17.9
25 23.5
26 14.1
27 11.1
28 17.7
29 17.1
30 4.5
31 7.9
28 9.5
37 18.0
24 30.7
25 30.3
26 29.9
27 27.6
28 28.6
29 27.0
30 24.6
31 28.5
32 22.5
33 17.1
22 7.8
23 8.2
25 17.0
26 15.5
27 21.8
28 10.2
29 10.7
30 4.3
32 4.5
21 15.9
22 17.1
23 20.4
24 24.4
25 24.9
26 16.3
27 23.6
28 23.8
29 22.7
30 14.4
31 16.6
32 5.7
27 27.3
28 31.1
29 31.3
30 27.5
31 23.7
32 22.0
33 16.8
34 12.6
35 16.5
36 7.1
33 5.5
21 21.1
22 28.2
23 36.8
24 38.0
25 39.1
26 38.4
27 37.5
28 36.5
29 27.3
30 13.4
31 15.1
27 10.5
28 10.0
33 30.3
34 24.7
35 14.6
20 26.6
21 23.2
22 36.0
23 35.9
24 26.2
25 33.1
26 28.3
27 26.3
28 27.4
29 16.8
30 18.0
31 29.0
35 11.1
29 17.3
34 35.7
35 34.9
36 34.7
37 23.8
38 23.3
39 19.1
35 29.5
36 26.2
24 22.5
25 21.2
26 20.1
28 35.5
29 37.6
30 31.8
31 17.4
33 5.0
29 7.6
29 24.4
30 19.2
31 20.4
32 23.6
31 11.9
32 19.2
33 10.8
28 38.0
29 40.9
30 37.8
31 33.5
32 27.5
33 8.5
26 21.0
27 24.5
28 18.7
29 19.4
30 15.5
31 12.5
32 10.1
33 12.4
24 11.3
30 30.3
31 19.8
32 13.1
33 14.7
34 3.0
24 8.0
28 12.0
34 10.9
35 12.5
24 17.0
25 17.9
26 28.2
27 19.2
28 14.5
29 22.7
30 12.8
31 16.5
32 7.7
33 3.0
34 4.0
30 5.9
31 5.4
23 7.9
25 26.7
26 20.7
27 29.7
28 30.6
29 20.2
30 23.1
31 22.4
32 19.3
33 9.3
34 4.3
31 28.7
32 19.5
33 13.1
34 15.0
27 36.5
28 37.9
29 36.2
30 22.8
31 28.7
32 23.5
33 13.9
33 7.8
30 41.1
31 38.6
32 37.8
33 30.6
26 35.3
27 39.2
28 29.8
29 28.9
30 27.7
31 24.1
32 24.3
33 16.2
34 20.4
35 7.1
36 9.1
37 14.7
35 14.1
24 13.2
25 20.2
26 10.8
19 16.9
20 12.5
21 30.6
22 19.8
23 32.3
24 29.5
25 31.3
26 27.7
27 13.8
28 16.1
29 18.8
30 20.7
25 8.5
26 5.3
27 5.9
28 12.1
30 13.3
38 31.3
39 27.7
23 37.3
24 34.0
25 40.3
26 38.4
27 36.6
28 32.7
29 35.2
30 34.2
31 31.4
32 18.7
27 37.3
28 22.3
29 38.0
30 34.1
31 31.9
32 24.2
33 17.3
27 20.8
28 18.0
29 13.3
30 16.4
30 14.2
31 3.3
34 30.2
35 20.3
36 19.6
37 12.3
20 4.0
21 5.3
22 6.6
23 3.5
27 22.8
28 20.5
29 20.8
30 31.5
21 26.5
22 22.1
23 19.8
24 21.3
25 20.4
26 19.1
27 15.1
28 9.7
23 38.0
24 35.3
25 22.2
26 31.6
27 37.9
28 28.1
29 23.1
30 20.6
23 38.0
24 38.0
25 37.3
26 30.0
27 35.0
28 35.1
29 31.5
30 33.7
31 33.0
32 31.3
33 31.7
34 26.9
35 16.3
36 21.3
37 21.3
37 17.5
38 18.4
23 34.5
24 30.0
25 36.5
26 29.7
27 28.0
28 22.8
29 12.2
30 7.8
31 12.0
28 33.8
29 31.8
30 31.9
31 35.7
32 26.6
33 18.0
34 22.6
35 17.8
36 15.0
37 22.7
38 15.2
39 10.1
23 26.9
24 29.5
25 31.7
26 27.3
27 23.0
28 27.0
29 30.8
30 19.5
31 15.8
23 11.1
24 12.3
25 13.3
26 17.9
26 17.8
27 15.3
28 15.1
21 23.6
22 16.5
23 13.3
24 9.0
25 14.4
26 10.8
21 24.6
22 17.5
23 25.9
24 26.2
25 33.5
26 31.1
27 36.9
28 36.6
29 30.7
30 31.4
31 31.2
32 17.2
33 10.3
34 11.4
35 11.4
29 34.7
30 27.8
31 32.2
32 30.5
33 15.2
25 30.4
26 31.6
27 32.5
28 24.2
29 20.6
25 22.6
26 21.1
27 17.9
28 19.9
29 15.4
30 11.9
31 15.4
32 9.7
23 15.3
24 14.6
25 24.3
26 9.5
27 16.0
28 14.3
29 8.8
30 6.3
24 42.0
25 41.5
26 34.6
27 38.4
28 26.8
29 23.3
30 19.4
24 24.0
25 18.6
26 12.7
27 9.6
28 3.1
26 36.5
27 39.4
28 37.7
29 36.1
30 35.2
31 35.0
32 30.6
33 23.5
34 28.6
35 22.9
36 15.8
26 10.7
26 37.5
27 36.3
28 35.1
29 34.0
30 34.8
31 32.3
32 30.5
33 32.2
34 22.5
30 16.8
31 22.2
32 17.6
33 25.7
30 30.9
31 25.6
32 16.7
33 13.1
27 38.4
28 39.1
29 36.1
30 35.4
31 38.6
32 29.9
33 14.0
24 31.7
25 31.9
26 26.0
27 21.6
28 32.4
29 21.1
30 21.4
30 37.1
31 37.1
32 32.8
33 34.7
34 33.4
35 10.1
24 19.0
25 14.4
26 14.0
27 7.9
29 26.5
30 20.6
31 11.6
29 18.9
30 19.7
31 18.6
32 7.5
33 16.5
34 9.8
35 9.9
26 35.7
27 33.8
28 30.9
28 23.6
29 28.7
30 26.6
31 24.0
32 12.6
33 5.8
25 34.4
26 31.7
27 29.4
28 27.5
29 31.8
30 30.6
31 28.1
27 24.1
28 33.0
29 24.1
30 15.3
29 18.9
30 13.1
32 18.0
33 12.6
34 12.3
35 8.0
25 12.1
26 24.1
27 14.4
30 23.3
31 17.6
27 21.8
28 25.1
29 19.9
30 21.2
31 9.8
32 19.7
38 16.6
39 11.8
40 7.8
41 11.9
21 29.9
22 33.6
23 37.2
24 41.6
25 39.4
26 37.7
27 38.1
28 35.5
29 33.8
30 29.4
31 26.9
32 33.7
33 13.4
25 29.1
26 28.3
27 25.8
28 28.6
29 21.7
30 15.4
31 8.9
32 7.4
23 10.9
24 10.0
25 7.1
26 4.6
23 29.0
24 13.7
25 14.4
26 13.0
27 10.6
28 15.0
29 11.8
30 8.9
31 9.9
23 15.4
24 14.5
25 21.3
26 17.8
20 35.0
21 37.6
22 40.9
23 42.3
24 39.8
25 32.7
26 31.5
27 36.5
28 25.7
29 12.4
21 4.1
22 7.8
22 6.5
23 28.3
24 20.7
25 15.5
26 18.1
27 20.5
26 3.8
27 5.7
23 30.6
24 24.6
25 31.5
26 35.0
27 36.4
28 36.3
29 33.9
30 32.4
31 29.0
32 23.1
33 24.8
34 20.1
23 2.5
24 2.9
22 19.6
23 6.1
24 6.6
25 8.0
21 8.0
22 12.3
23 10.3
22 5.0
23 4.0
24 31.6
25 27.4
26 14.4
27 9.5
22 23.0
23 5.7
24 10.9
20 13.1
21 17.6
22 6.9
19 22.2
20 30.3
21 21.6
22 27.5
23 27.6
24 18.8
25 17.2
26 13.8
27 26.0
28 20.8
29 12.2
22 11.2
23 5.7
24 14.0
19 24.4
20 22.3
21 27.4
22 26.8
23 34.6
24 35.2
25 32.1
26 22.8
27 27.8
28 33.2
29 32.8
30 30.2
31 30.5
32 30.5
32 24.5
33 27.6
23 15.7
24 26.6
25 30.1
26 28.4
27 25.1
23 19.1
24 21.4
25 19.2
26 21.9
27 11.1
28 10.0
29 7.7
30 7.7
31 6.5
23 23.5
24 28.5
25 31.8
26 26.7
27 23.1
28 15.8
29 13.6
30 4.8
31 12.1
32 10.3
33 10.1
34 7.8
19 19.4
20 29.5
21 28.7
22 25.9
23 35.2
24 25.9
25 4.0
26 8.9
20 11.8
21 13.0
22 7.8
23 18.6
24 18.3
25 16.4
26 13.8
27 9.7
28 11.3
29 12.0
30 10.3
26 24.2
27 15.6
28 20.2
20 2.8
21 4.6
20 5.1
25 15.5
26 7.3
27 7.0
21 36.0
22 31.5
23 32.0
24 39.2
25 36.2
26 35.6
27 37.0
28 37.0
29 37.0
30 37.4
31 33.8
32 31.4
33 34.4
34 34.4
34 31.8
35 25.4
19 24.5
22 24.4
23 28.0
24 25.2
25 32.6
26 29.3
27 12.3
28 20.6
29 21.3
22 4.8
22 23.8
23 19.3
24 27.4
25 23.8
26 22.6
27 27.9
28 29.2
29 30.6
30 18.5
31 21.2
32 19.0
20 13.5
21 13.4
22 13.8
23 19.0
24 22.9
25 6.3
25 10.5
26 15.0
27 15.2
28 16.6
29 9.0
30 6.7
31 2.5
32 5.0
26 22.1
27 27.1
28 25.1
29 37.0
30 25.2
31 13.3
32 27.0
33 11.5
21 36.0
22 38.2
23 41.1
24 39.2
25 35.6
26 39.0
27 35.8
28 31.1
29 30.4
30 27.7
31 10.1
32 27.0
33 16.8
34 16.8
34 17.9
35 20.4
20 27.5
21 40.6
22 39.5
23 40.7
24 41.4
25 40.8
26 39.5
27 38.0
28 35.5
29 35.5
30 36.7
31 32.6
32 34.9
33 34.9
33 33.4
34 23.6
38 37.0
20 27.7
21 37.1
22 32.9
23 37.7
24 29.3
25 30.8
26 27.3
27 29.0
28 31.2
27 30.0
28 34.7
29 22.1
26 9.7
29 2.0
28 6.4
29 10.8
23 12.9
21 31.8
22 21.8
23 33.9
24 34.0
25 27.2
26 28.1
27 34.0
28 32.6
29 13.3
30 16.2
31 18.3
23 6.2
19 33.8
20 34.4
21 34.2
22 33.9
23 32.5
24 33.5
25 34.1
26 30.9
27 32.4
28 32.1
29 32.9
30 29.4
31 28.7
32 28.7
32 27.5
33 25.2
21 26.5
22 30.1
23 29.5
24 25.6
25 17.9
26 22.8
27 18.5
28 21.7
29 15.8
30 15.4
31 5.8
20 16.9
21 37.9
22 34.8
23 34.4
24 35.7
25 32.5
26 35.1
27 37.7
28 36.3
29 26.3
30 34.3
31 34.2
32 32.5
33 32.5
33 29.6
34 24.5
29 16.3
30 11.4
31 16.0
32 14.2
21 32.9
22 37.6
23 37.8
24 38.4
25 32.8
26 38.4
27 33.5
28 31.5
29 33.9
30 29.5
31 28.4
22 13.7
20 12.9
23 12.3
24 13.4
25 21.6
26 13.2
27 19.0
28 10.7
29 12.9
30 9.1
31 4.9
32 4.4
25 10.0
26 10.2
27 8.0
21 10.5
22 24.6
23 37.3
24 33.8
26 4.3
23 13.5
24 24.1
25 20.8
26 15.8
27 19.2
23 30.6
24 26.5
25 32.5
26 26.7
27 31.2
28 33.2
25 6.4
22 12.1
23 8.7
19 12.1
20 9.1
21 30.7
22 34.5
23 36.7
24 38.3
25 37.6
26 41.0
27 37.9
28 35.8
29 30.1
30 24.4
31 8.9
32 8.9
22 17.3
23 20.6
24 22.6
25 22.5
26 27.9
27 29.1
28 26.1
29 29.4
30 19.6
31 20.7
32 17.3
33 6.7
21 21.7
22 13.7
23 11.7
23 9.3
24 13.3
25 15.8
26 12.0
22 8.0
24 12.4
25 9.0
26 9.8
21 34.6
22 34.7
23 31.1
24 34.6
25 34.9
26 32.4
27 34.3
28 31.9
29 29.5
30 32.2
31 28.2
32 23.8
33 23.8
22 12.3
24 10.8
25 18.5
26 21.1
27 28.7
28 22.6
29 13.8
30 21.2
22 29.9
23 35.7
24 36.1
25 39.3
26 39.9
27 38.6
28 37.6
29 29.9
30 29.7
31 24.1
32 25.3
33 20.8
34 20.8
34 10.4
23 15.0
24 18.5
25 23.7
26 27.4
27 17.2
28 31.9
29 33.0
30 16.4
31 13.3
24 6.8
25 29.4
26 12.3
27 8.9
28 15.5
24 20.8
25 16.7
26 25.3
27 23.8
28 12.6
29 16.3
22 31.1
23 32.5
24 31.8
25 31.5
26 36.0
27 27.5
28 22.2
29 27.6
30 26.3
31 25.9
32 31.5
33 29.2
34 29.2
34 22.7
35 15.9
24 12.1
25 20.9
26 23.6
27 10.3
28 11.9
29 12.0
22 17.1
23 23.8
24 20.8
25 17.1
26 23.2
27 14.4
28 11.1
29 26.6
30 13.8
31 24.6
32 16.6
33 16.3
34 16.3
24 16.8
25 22.0
26 12.0
27 15.6
28 10.5
29 14.0
30 9.8
31 11.0
32 6.5
25 29.4
26 29.6
27 27.9
28 27.5
29 31.1
30 26.8
31 28.7
32 30.3
33 23.3
34 23.2
35 22.8
36 22.7
37 22.7
37 19.6
38 18.7
25 28.0
26 20.5
27 25.8
28 19.5
29 14.8
21 27.0
22 30.8
23 27.5
24 28.0
25 30.8
26 24.8
27 25.1
28 24.6
29 26.2
30 9.4
31 18.0
32 16.9
33 16.9
33 10.2
22 8.5
23 11.8
20 32.5
21 23.9
22 3.0
23 26.8
24 16.6
25 32.6
26 33.6
27 30.5
28 28.5
29 27.2
30 29.4
31 25.3
32 25.3
32 19.2
33 17.9
23 5.5
24 9.1
21 23.4
22 21.4
24 30.3
25 33.1
26 28.0
27 22.2
28 29.2
29 11.4
22 9.3
21 23.3
22 26.1
23 25.3
24 23.8
25 18.2
26 23.4
27 25.6
28 14.3
29 18.7
30 9.2
23 18.6
24 29.5
25 27.0
26 20.9
27 25.1
28 28.8
23 6.3
22 12.6
22 32.8
23 30.6
24 34.2
25 33.8
26 37.2
27 33.6
23 24.6
24 18.0
25 27.8
26 21.4
27 20.8
28 24.7
29 22.3
22 11.5
23 18.9
24 13.9
25 20.2
26 22.1
23 22.3
24 28.1
25 35.9
26 33.3
27 33.2
28 33.5
29 29.4
30 12.9
31 26.7
23 15.5
24 14.2
25 11.3
26 20.9
27 18.7
22 32.9
23 37.1
24 35.3
25 36.6
26 32.9
27 37.3
28 34.0
29 32.8
30 33.1
31 32.1
32 25.6
33 24.1
34 24.1
34 19.0
22 17.3
23 20.2
24 23.6
23 20.8
24 17.1
25 25.1
26 27.0
27 31.1
28 37.5
29 34.9
30 35.0
31 27.2
32 30.0
33 22.1
34 12.9
35 12.9
19 13.0
20 14.3
21 3.3
22 5.7
25 12.3
26 3.3
22 7.5
23 9.8
20 36.8
21 36.1
22 16.7
23 32.8
24 33.9
25 36.8
26 34.6
27 36.8
28 32.8
29 23.5
30 22.6
31 21.1
32 21.1
32 14.7
23 2.1
19 7.9
20 6.3
21 5.8
19 16.1
20 9.3
23 26.9
24 18.5
25 14.9
20 20.6
21 18.6
22 19.9
23 31.5
24 28.0
25 16.9
26 13.0
27 17.5
28 17.2
29 13.6
23 5.6
24 5.8
25 7.4
26 11.4
27 12.5
22 12.8
23 7.9
21 10.9
22 13.3
23 20.7
19 34.8
20 36.8
21 38.2
22 36.4
23 34.5
24 38.2
25 35.7
26 34.1
27 37.0
28 38.7
29 35.7
30 35.7
30 35.1
31 34.3
22 14.1
23 25.8
24 11.2
25 15.8
26 9.4
27 11.1
28 7.3
21 17.3
22 27.9
23 32.7
24 29.5
25 24.4
26 17.9
27 24.1
28 21.6
29 12.5
30 18.4
31 14.9
32 14.9
32 15.9
33 14.4
23 16.6
24 11.3
25 23.9
26 19.4
27 27.0
28 25.9
29 19.2
30 22.9
31 25.7
32 27.5
33 29.9
34 29.9
34 28.8
35 24.0
23 14.7
24 26.2
25 27.1
26 29.9
27 31.7
28 27.0
29 20.0
30 23.3
31 26.1
32 27.2
33 18.9
34 18.9
34 17.0
23 24.2
24 26.6
25 16.8
26 26.8
27 19.6
28 19.7
29 17.8
30 18.8
31 19.0
32 9.2
23 12.8
19 37.2
20 39.3
21 38.5
22 36.2
23 38.0
24 36.1
25 36.3
26 35.2
27 33.2
28 32.0
29 35.4
30 35.4
30 33.5
27 3.4
22 11.9
23 8.3
23 17.2
24 16.3
25 26.1
26 25.2
27 11.2
28 4.8
29 10.8
30 11.2
31 6.0
23 15.1
24 19.0
25 15.7
26 12.3
27 5.7
28 2.9
29 11.2
30 8.6
22 14.8
23 23.5
24 28.5
25 17.8
26 20.9
27 31.5
28 18.4
29 19.1
30 12.7
31 18.4
23 7.8
24 2.8
21 18.2
22 35.5
23 31.1
24 28.1
25 34.0
26 35.4
27 33.9
28 25.0
29 22.8
30 25.0
31 24.5
32 24.5
32 18.2
33 17.6
25 5.5
23 10.0
24 7.4
25 4.9
26 4.2
19 27.0
27 14.0
28 21.9
29 19.0
30 12.9
31 16.6
32 5.5
33 9.8
34 3.2
26 11.6
27 10.4
23 8.9
24 4.5
23 18.3
22 18.7
23 15.3
24 24.9
25 26.6
26 22.6
27 21.3
28 21.7
29 17.4
30 16.5
31 15.8
32 18.3
33 18.3
30 14.1
23 33.4
24 30.8
25 31.4
26 36.8
27 34.1
28 27.9
29 26.5
30 24.8
31 18.9
32 14.2
33 16.0
34 16.0
34 7.0
35 8.1
22 28.9
23 24.6
24 20.1
25 15.7
26 24.8
27 23.0
23 36.4
24 36.5
25 35.5
26 31.7
27 26.3
28 33.5
29 30.0
30 25.8
31 29.4
32 29.0
33 24.4
34 24.4
34 13.7
23 32.2
24 32.5
25 35.1
26 36.3
27 32.0
28 26.2
29 22.7
30 23.0
31 18.8
23 7.2
19 42.4
20 42.5
21 40.9
22 40.4
23 37.7
24 39.0
25 38.8
26 37.5
27 37.9
28 37.7
29 36.1
30 36.1
30 35.6
31 37.8
24 14.5
23 7.5
24 14.6
25 13.3
26 7.9
27 5.5
23 12.5
24 13.6
25 21.4
26 8.2
27 18.1
28 24.9
29 13.1
30 16.2
31 13.0
23 17.7
24 23.6
25 18.1
26 22.0
27 15.8
28 14.0
29 19.1
30 13.1
31 5.8
32 11.8
33 11.7
34 11.7
34 9.6
35 7.9
21 25.9
22 32.8
23 29.0
24 37.2
25 29.7
26 34.3
27 26.2
28 29.2
29 20.7
30 18.9
31 18.9
32 18.9
32 7.0
22 18.4
23 13.0
24 26.4
25 18.9
26 22.9
27 17.1
28 4.7
29 10.0
22 32.5
23 31.3
24 30.9
25 23.1
26 24.0
27 18.3
28 20.1
29 22.6
30 30.5
31 33.9
32 32.2
33 32.2
33 30.0
34 26.2
18 10.3
19 4.7
23 16.7
24 26.1
25 18.7
26 15.0
18 6.9
19 13.9
20 23.9
21 23.8
22 17.0
23 21.4
24 24.4
25 16.3
26 5.0
19 13.4
20 16.7
21 22.9
22 26.7
23 27.7
24 21.5
25 28.8
26 12.8
27 11.7
28 16.9
19 18.9
20 31.4
21 28.1
22 15.2
23 19.1
24 14.0
25 15.7
26 28.3
27 21.8
28 25.0
29 23.7
30 23.7
30 26.4
31 18.1
20 13.3
21 15.3
22 22.9
23 23.3
24 16.0
25 12.4
26 11.7
27 11.7
28 13.5
23 3.0
19 9.1
20 19.6
21 21.9
22 24.5
23 29.6
24 27.6
25 25.6
26 26.8
27 25.1
28 19.5
29 16.9
30 16.9
30 14.6
21 20.0
22 22.7
23 26.9
24 19.9
25 24.6
26 22.5
27 19.4
28 21.9
29 20.3
21 12.0
22 10.6
22 31.4
23 33.2
24 29.5
25 20.0
26 28.2
27 21.5
28 30.4
29 33.0
30 30.2
31 18.7
32 14.5
33 14.5
23 15.5
25 20.6
26 21.4
27 18.9
28 19.4
29 19.8
30 18.8
31 7.1
21 19.6
22 18.5
23 8.0
22 38.6
23 38.6
24 37.9
25 38.3
26 38.6
27 36.3
28 37.1
29 33.2
30 34.7
31 32.9
32 31.8
33 31.8
33 30.5
34 29.9
23 12.6
24 19.3
25 33.0
26 23.4
27 17.9
28 9.4
29 9.0
30 12.1
31 17.1
23 18.4
24 34.1
25 36.5
26 37.8
27 39.2
28 36.4
29 35.0
30 29.2
31 33.4
32 30.9
33 28.7
34 28.7
34 18.0
35 12.6
21 28.2
22 26.4
23 36.4
24 36.5
25 35.0
26 34.2
27 30.8
28 28.3
29 30.8
30 24.8
31 29.1
32 29.1
32 18.2
23 19.2
24 24.4
25 18.3
26 19.3
27 16.5
28 20.8
29 26.3
30 26.7
31 23.2
32 26.2
33 26.2
33 25.3
34 27.0
24 11.6
25 8.9
19 17.5
20 22.4
21 15.6
22 24.4
23 36.5
24 34.7
25 32.9
26 26.3
27 35.4
28 35.7
29 35.7
29 35.3
30 34.7
22 14.8
23 4.8
24 6.3
18 14.7
19 29.0
20 27.3
21 30.0
22 23.1
23 23.7
24 15.7
25 9.3
26 7.5
24 21.9
25 11.7
26 12.5
27 23.8
28 17.9
29 21.7
30 20.4
31 13.4
32 11.3
33 13.0
34 13.0
34 6.9
24 10.0
19 13.5
20 9.4
21 30.4
22 36.8
23 29.9
24 21.9
25 29.0
26 28.5
27 25.8
28 20.8
29 21.5
30 20.7
31 19.5
32 16.7
33 16.7
34 16.7
34 11.8
35 6.4
22 10.7
23 16.7
24 23.5
19 33.4
20 37.5
21 33.8
22 34.0
23 37.9
24 39.1
25 39.4
26 38.7
27 35.1
28 33.6
29 33.6
29 32.4
30 26.5
22 29.1
23 24.4
24 22.6
25 36.8
26 30.9
27 15.2
28 19.5
29 17.8
23 7.4
21 31.0
22 33.0
23 31.8
24 36.6
25 27.9
26 26.0
27 26.9
28 20.8
29 14.7
30 14.1
31 14.1
21 22.8
22 26.0
23 31.6
24 36.1
25 34.7
26 31.7
27 27.6
28 24.5
29 20.5
30 22.2
31 22.2
31 20.0
32 16.7
22 15.4
23 7.9
24 12.8
19 36.8
20 36.9
21 37.7
22 35.7
23 34.7
24 37.6
25 38.3
26 35.8
27 33.7
28 29.8
29 29.8
29 32.1
30 29.7
19 10.0
20 11.2
21 13.2
22 9.1
23 17.7
24 27.9
25 34.9
26 18.3
27 19.9
28 21.0
29 21.0
29 15.8
30 12.3
21 37.6
22 40.3
23 39.5
24 39.9
25 38.9
26 36.9
27 35.6
28 34.7
29 32.4
30 26.9
31 26.9
31 26.6
32 26.3
24 5.5
25 3.8
26 7.8
27 7.9
28 7.2
29 8.0
23 13.4
24 10.2
25 19.2
26 12.1
27 7.4
28 6.2
29 10.4
30 13.2
31 2.5
23 8.8
24 10.6
25 16.3
20 18.0
21 33.6
22 35.6
23 36.7
24 32.4
25 35.9
26 34.0
27 33.1
28 35.0
29 30.6
30 30.6
30 23.3
31 14.1
24 7.6
22 21.6
23 7.0
24 11.7
21 30.9
22 32.6
23 18.0
24 24.8
25 22.9
26 22.1
19 25.0
20 29.8
21 26.6
22 35.2
23 36.3
24 38.2
25 35.5
26 32.5
27 31.6
28 27.7
29 32.0
30 33.4
31 33.4
31 19.9
22 28.8
23 30.3
24 28.4
25 31.2
26 28.6
27 30.5
28 29.9
29 35.3
30 32.0
31 22.3
32 22.3
32 26.6
33 27.3
25 27.3
26 26.5
27 24.6
28 26.2
29 19.7
30 17.2
31 5.1
22 33.6
23 34.8
24 33.1
25 32.8
26 28.9
27 31.8
28 28.9
29 26.0
20 18.0
23 13.8
24 7.8
24 19.7
25 9.0
23 22.6
24 21.0
25 19.8
26 17.1
27 10.8
28 9.8
19 7.9
21 5.5
19 18.0
20 23.3
21 19.2
22 27.7
23 27.8
24 24.9
25 27.6
26 33.5
27 32.7
28 29.7
29 29.7
29 30.7
30 29.0
19 32.0
20 36.8
21 35.5
22 35.1
23 35.4
24 34.4
25 35.3
26 35.3
27 35.5
28 27.7
29 27.7
29 16.0
21 19.3
22 14.4
23 21.1
23 14.0
24 4.9
27 4.6
19 21.0
19 24.1
20 20.2
21 32.2
22 27.9
23 15.3
24 19.2
25 14.9
26 16.6
29 7.7
24 6.8
29 7.9
22 10.9
23 13.0
24 32.0
25 31.1
26 31.4
27 34.6
28 18.3
29 22.1
30 15.7
31 18.9
32 18.9
32 16.1
33 14.4
22 15.8
23 23.9
24 27.5
25 28.5
26 28.5
27 32.1
28 31.4
29 36.0
30 27.7
31 24.5
32 24.5
32 9.4
33 6.6
23 9.9
20 17.7
21 12.8
22 17.8
23 16.2
24 8.6
25 24.6
21 34.1
22 32.2
23 25.1
24 33.6
25 25.0
26 18.9
27 24.1
25 18.6
26 24.8
27 24.3
28 15.5
29 19.8
30 13.0
31 15.4
32 18.0
19 6.6
20 19.6
21 25.1
22 12.2
23 20.8
24 38.4
25 27.0
26 22.6
27 14.5
28 12.3
29 12.3
23 15.1
24 7.3
25 19.3
20 7.7
21 19.7
22 19.4
23 13.0
24 26.1
25 31.7
26 27.6
27 27.6
28 23.5
29 23.5
29 20.3
30 11.1
22 6.2
19 12.2
20 20.4
21 24.0
22 27.9
23 33.9
24 24.1
25 19.0
26 22.2
21 34.2
22 34.9
23 31.2
24 32.3
25 35.3
26 30.3
27 24.6
28 26.4
29 23.6
30 23.6
30 20.7
31 21.6
18 21.9
19 28.8
20 28.9
21 30.4
22 27.8
23 35.2
24 21.0
25 30.3
26 34.3
27 26.7
28 30.9
29 33.9
30 29.6
31 30.5
32 30.2
33 30.2
33 28.1
34 13.1
23 11.1
24 20.5
25 13.1
26 5.7
22 12.9
23 10.2
24 7.4
20 34.3
21 37.9
22 35.7
23 41.4
24 40.3
25 36.6
26 37.5
27 36.9
28 33.7
29 33.7
29 33.8
30 27.0
22 11.7
21 36.3
22 37.6
23 37.6
24 33.0
25 36.5
26 31.8
27 34.0
28 31.0
29 9.7
30 9.7
30 27.4
31 21.3
22 26.3
23 17.2
24 11.8
25 27.0
26 33.0
27 26.1
24 17.8
25 26.5
26 30.4
27 23.0
28 23.9
29 16.3
30 17.7
31 19.7
32 14.3
33 14.3
23 31.2
24 29.7
25 31.9
26 29.1
27 27.6
28 13.3
23 16.7
24 8.7
25 19.8
26 12.0
27 15.0
23 11.8
24 5.8
25 13.2
26 11.5
27 16.3
22 34.0
23 36.0
24 36.2
25 36.7
26 35.0
27 33.3
28 14.8
29 20.7
30 20.4
31 20.4
20 22.0
21 12.1
22 9.9
23 6.2
24 8.7
22 22.0
23 19.9
24 12.1
25 21.6
26 28.1
27 19.2
28 16.3
29 12.4
30 8.8
31 8.8
31 12.0
23 27.6
24 18.9
25 15.6
26 17.3
27 16.3
22 7.2
22 33.6
23 27.2
24 33.1
25 27.4
26 20.7
27 34.0
28 29.7
29 28.2
30 28.0
31 28.0
31 32.1
32 16.5
29 15.4
18 15.5
19 12.3
20 14.7
21 17.7
22 25.7
23 24.3
24 28.7
25 28.8
26 26.4
27 26.4
27 22.8
28 20.1
22 4.5
23 8.4
24 8.7
25 3.5
21 18.8
22 23.9
23 22.2
18 4.1
22 29.8
23 29.1
24 34.9
25 37.3
26 36.1
27 37.2
28 36.8
29 33.2
30 18.4
31 18.4
31 16.4
32 18.7
23 8.1
23 9.0
22 14.1
23 21.6
24 18.1
25 20.4
26 16.3
27 22.6
28 24.8
29 14.4
30 14.4
31 14.4
21 23.9
21 15.0
22 26.9
23 19.0
18 10.1
19 11.5
20 22.5
21 23.8
22 25.2
23 20.4
24 21.0
25 19.3
26 26.3
27 26.3
27 22.9
28 23.4
30 17.3
31 20.0
32 12.5
33 11.4
34 9.0
20 36.8
21 37.6
22 38.5
23 38.0
24 36.0
25 36.4
26 33.4
27 35.0
28 34.8
29 34.8
29 32.7
30 31.5
20 18.6
21 18.2
22 11.4
23 12.1
24 11.6
25 15.6
26 11.4
23 9.5
24 19.2
25 11.7
26 9.2
27 12.1
22 9.7
23 9.6
24 14.2
25 13.4
26 12.2
27 14.4
28 13.1
29 12.2
30 22.8
31 22.8
31 19.5
32 9.6
22 13.8
23 3.0
24 3.7
25 8.8
22 11.4
23 17.9
21 21.2
22 26.2
23 29.9
24 19.9
25 17.2
26 23.4
27 25.4
28 19.7
29 14.1
30 14.1
30 11.5
23 10.7
22 11.6
24 7.1
23 17.0
24 11.5
23 7.9
22 8.3
23 15.1
24 18.7
25 21.5
26 20.8
27 17.8
28 16.4
29 10.8
30 19.5
31 9.5
32 9.5
21 25.2
22 24.1
23 26.9
24 23.7
25 21.9
26 13.8
27 15.8
28 9.0
29 10.6
30 10.6
30 10.7
20 1.0
21 5.3
22 19.4
23 26.2
24 23.4
25 24.7
26 20.5
27 17.7
28 14.4
29 17.5
19 21.5
20 28.4
21 5.0
22 24.5
23 23.8
24 24.3
25 28.9
26 27.7
27 11.0
28 11.0
21 36.9
22 37.3
23 36.8
24 36.9
25 37.9
26 36.3
27 36.4
28 32.2
29 31.1
30 31.1
30 32.4
31 25.9
19 11.3
20 23.3
21 23.7
22 29.9
23 23.3
24 26.3
25 28.7
26 24.1
27 25.2
28 25.2
28 28.5
29 24.6
19 34.0
20 34.6
21 34.3
22 30.5
23 28.7
24 26.3
25 23.7
26 25.4
27 26.1
28 26.1
28 28.9
29 30.2
21 18.0
22 22.0
23 23.9
24 20.8
25 4.4
21 10.0
22 6.3
23 4.9
21 34.9
22 37.1
23 37.5
24 39.6
25 36.3
26 37.7
27 36.2
28 35.4
29 35.4
29 30.6
30 32.4
24 4.0
25 13.7
26 14.8
27 15.0
28 12.6
29 9.5
30 9.7
31 17.7
32 17.7
32 7.0
22 11.3
23 15.6
24 10.2
25 9.2
22 6.0
23 21.4
24 32.1
25 25.7
22 14.6
23 14.7
24 7.0
25 7.8
26 8.2
22 10.5
23 20.3
24 19.8
25 20.6
26 25.2
27 23.1
21 23.9
22 31.4
23 35.0
24 35.7
25 33.3
26 28.7
27 29.9
28 27.1
29 27.1
29 13.8
22 25.3
23 16.0
24 16.6
21 27.5
22 32.2
23 30.0
24 22.0
25 24.8
26 14.2
27 6.7
25 8.7
26 10.3
21 11.4
22 9.9
23 20.7
24 19.1
25 23.7
26 23.8
27 8.7
28 17.8
29 17.8
22 14.8
23 17.9
24 12.6
25 12.4
22 13.8
23 18.5
24 10.9
22 8.8
23 11.9
24 4.0
24 10.0
25 13.5
26 7.3
22 11.8
23 11.1
20 20.6
21 18.3
22 18.0
23 24.6
24 21.3
23 32.3
24 35.6
25 23.8
26 24.6
27 25.9
28 27.4
29 30.7
30 21.7
31 21.7
31 20.3
32 18.6
29 10.6
20 37.0
21 37.3
22 39.7
23 39.9
24 37.3
25 35.8
26 34.7
27 35.4
28 35.4
28 34.0
29 33.8
23 11.9
20 30.4
21 23.9
22 19.1
23 27.8
24 26.2
25 20.0
27 8.3
28 10.7
22 8.9
23 9.9
24 16.8
25 16.9
26 13.4
27 11.1
28 7.9
29 9.6
30 9.6
30 12.4
23 12.8
23 11.3
22 4.1
23 10.7
24 13.0
25 13.5
26 13.9
27 13.0
28 7.7
22 8.7
23 5.5
20 25.5
21 21.8
22 24.3
23 34.2
24 32.1
25 29.7
26 36.2
27 34.5
28 34.5
28 37.0
29 37.4
21 20.8
22 30.1
23 27.8
24 34.3
25 32.8
26 30.4
27 33.5
28 32.7
29 32.7
29 32.7
30 34.0
21 10.1
22 3.9
23 4.4
23 7.5
24 16.4
25 6.7
26 7.2
27 18.9
28 20.3
29 10.0
30 5.6
31 5.6
31 4.4
32 2.8
20 4.1
21 6.5
22 4.6
31 32.1
32 33.0
33 28.3
34 29.0
35 25.1
23 14.4
24 17.5
25 11.8
26 10.9
23 22.3
24 14.6
25 8.9
26 7.1
22 8.1
23 17.4
24 22.0
25 25.6
26 27.2
27 30.5
28 28.2
29 30.9
30 30.9
30 28.0
31 28.2
22 4.9
23 7.8
20 8.7
21 15.3
22 15.9
20 29.9
21 33.0
22 36.6
23 37.2
24 36.9
25 37.4
26 33.3
27 29.7
28 29.7
28 35.2
29 26.7
22 37.7
23 37.2
24 37.2
25 27.9
22 20.8
23 22.0
24 28.6
25 25.9
26 21.8
27 27.5
28 26.0
29 18.8
30 18.8
30 23.4
31 25.7
20 4.8
21 4.8
21 6.2
22 4.7
23 20.1
24 19.7
25 16.4
26 12.2
27 9.9
20 18.0
21 27.5
22 22.6
23 21.0
24 18.8
25 13.8
22 5.3
22 5.3
21 16.1
22 6.0
23 14.1
20 14.9
21 11.3
23 12.1
24 11.4
25 11.1
26 15.4
27 22.0
22 16.7
23 27.1
24 33.7
25 33.6
26 36.0
27 35.0
28 32.1
29 32.1
29 33.4
30 25.9
23 6.3
22 10.2
25 16.1
26 16.5
27 19.5
28 21.1
29 9.1
30 5.6
31 8.3
32 8.3
32 5.1
33 6.4
21 21.0
22 17.0
23 24.5
24 29.8
25 25.8
26 25.2
27 22.4
28 22.4
28 24.6
29 24.0
21 20.5
22 30.3
23 21.9
24 21.8
25 24.4
26 32.2
27 26.1
28 26.1
28 20.4
29 15.6
23 25.0
24 35.6
25 21.8
20 33.4
21 35.7
22 33.3
23 26.9
24 25.1
25 31.1
26 31.7
27 31.7
20 30.6
21 32.1
22 35.5
23 35.1
24 34.5
25 33.5
26 31.8
27 31.8
27 31.4
28 33.2
20 24.4
21 15.4
22 13.9
23 17.4
24 9.0
20 18.6
23 7.9
22 21.5
23 17.3
24 29.5
25 23.4
26 31.3
27 24.4
28 12.2
29 12.2
22 17.0
23 24.3
24 26.1
25 31.1
26 27.5
27 23.4
28 23.8
29 23.8
29 25.9
30 21.3
19 39.0
20 39.5
21 38.9
22 38.6
23 38.5
24 38.5
25 33.8
26 33.8
26 35.8
27 33.4
21 7.4
22 8.3
23 8.6
24 5.7
22 6.1
23 12.6
24 13.4
25 25.4
26 32.0
27 30.8
28 32.8
29 29.9
30 29.9
30 30.1
31 31.2
23 12.8
24 9.7
25 13.0
26 16.6
27 12.2
28 9.6
21 36.8
22 37.1
23 32.4
19 29.3
20 26.4
21 21.2
22 24.9
23 27.2
24 30.9
25 17.5
26 17.5
26 18.2
27 14.8
21 33.5
22 35.1
23 35.1
24 31.6
25 37.2
26 33.0
27 30.5
28 30.5
28 32.1
29 32.3
20 23.3
21 31.8
22 17.7
23 6.8
24 21.3
25 30.9
26 26.4
27 24.4
28 23.2
29 12.9
30 17.0
31 17.0
31 15.8
23 10.2
24 9.0
25 14.2
22 26.2
23 6.0
24 14.6
25 17.6
26 14.9
20 8.5
21 12.5
22 22.2
23 14.4
24 22.2
25 30.3
26 17.4
27 17.4
27 14.2
28 17.3
27 25.9
28 17.2
29 17.7
30 15.4
23 3.5
22 24.2
23 30.1
24 32.8
25 30.4
26 36.8
27 35.3
28 30.6
29 30.6
29 21.9
30 22.1
22 8.7
23 10.2
21 7.8
23 4.6
27 30.3
28 32.6
29 32.6
30 31.3
31 26.6
32 17.1
33 20.5
34 20.5
34 21.5
35 12.8
21 27.5
22 21.1
23 26.3
24 26.7
25 27.1
26 26.7
27 18.6
28 18.6
28 20.3
29 16.2
24 6.5
21 31.9
22 34.2
23 31.2
24 29.9
25 28.6
26 26.7
27 26.4
28 26.4
28 22.0
29 17.8
24 37.4
25 27.7
26 19.5
23 9.4
24 6.4
23 24.5
24 27.5
25 13.3
26 23.7
27 19.0
28 18.9
29 24.9
30 24.9
30 19.9
31 16.3
23 5.1
24 3.6
25 19.3
21 11.1
22 11.4
20 17.6
20 14.3
21 12.8
22 14.7
22 22.4
23 19.2
24 31.8
25 27.9
26 23.9
27 28.3
28 23.8
29 23.8
29 19.1
30 25.9
19 34.4
20 32.0
21 26.0
22 27.9
23 34.6
24 34.4
25 32.0
26 32.0
26 33.0
27 30.2
20 5.0
21 10.0
22 3.6
20 14.5
21 22.3
22 32.2
23 30.9
24 36.1
25 27.5
26 27.5
26 30.4
27 29.4
20 14.3
21 20.1
21 18.4
22 33.6
23 29.3
24 16.1
25 27.3
26 24.0
27 24.0
27 19.0
28 19.7
20 24.8
21 31.5
22 30.4
23 38.5
24 36.0
25 33.5
26 33.5
26 35.0
27 34.0
20 17.6
21 21.1
22 22.7
23 22.1
24 23.4
25 22.3
26 22.3
26 28.9
27 23.7
20 29.8
21 32.3
22 23.1
23 20.7
24 15.1
25 21.0
26 21.0
26 18.2
27 16.7
24 11.5
22 24.8
23 22.6
24 28.5
25 26.9
26 29.8
27 29.6
28 29.6
28 22.5
25 7.1
26 12.1
22 25.8
23 20.1
22 18.0
23 17.6
24 26.5
25 33.5
26 35.1
27 33.8
28 33.8
28 32.8
29 33.7
23 23.2
24 23.3
25 22.9
20 33.9
21 33.9
22 31.4
23 32.5
24 35.8
25 31.9
26 36.5
27 35.0
28 33.4
29 33.2
30 33.2
30 34.4
31 34.2
23 7.5
20 36.0
21 37.7
22 34.4
23 30.1
24 32.1
25 33.1
26 33.1
26 32.9
27 31.0
20 21.4
21 16.3
22 14.7
23 6.7
24 5.4
25 5.9
26 10.7
21 6.7
22 25.1
23 27.7
24 29.8
25 28.7
26 29.7
27 25.3
28 25.3
28 23.2
29 14.2
20 20.9
21 28.2
22 23.0
23 29.0
24 26.9
25 19.3
26 19.3
26 12.5
22 29.2
23 28.3
24 25.5
25 34.5
26 32.0
27 29.5
28 29.5
28 34.1
29 31.5
22 4.7
23 4.4
24 8.2
22 10.6
20 16.2
21 25.6
22 27.2
23 24.5
24 35.0
25 34.4
26 34.4
26 33.7
27 31.7
19 4.8
20 8.7
21 16.5
22 22.4
23 16.9
24 16.6
25 16.6
25 19.0
26 20.0
23 33.5
24 21.3
25 30.3
26 24.9
27 25.0
28 30.6
29 30.6
29 29.5
30 31.9
20 36.9
21 35.2
22 27.2
23 30.4
24 31.4
25 29.2
26 29.2
26 33.7
27 29.6
20 19.3
21 14.8
22 14.0
23 26.0
24 31.7
25 27.8
26 27.8
26 27.1
27 28.0
20 28.6
21 35.8
22 39.0
23 34.3
24 36.3
25 33.8
26 33.8
26 31.5
27 31.4
24 21.7
25 10.4
26 23.0
27 16.9
28 14.7
29 8.6
30 8.6
21 38.0
22 26.3
23 26.8
24 35.5
25 25.9
26 23.9
27 23.9
27 26.6
22 25.6
23 26.5
24 23.5
25 22.9
26 15.7
27 28.6
28 28.6
28 17.0
29 22.3
21 16.1
22 27.8
23 25.2
24 18.1
25 15.8
26 11.1
27 11.1
27 10.9
28 9.6
23 29.2
24 32.0
25 26.4
26 9.3
27 18.8
28 24.4
29 24.4
29 13.6
30 14.6
21 23.9
19 22.7
20 14.8
21 15.2
22 8.4
23 12.3
20 36.8
21 37.4
22 35.3
23 30.4
24 26.2
25 26.4
26 12.5
27 11.0
28 8.2
29 8.2
29 14.7
30 21.9
21 16.4
22 11.5
23 22.4
24 16.5
25 12.4
26 15.9
27 15.9
27 11.6
28 15.7
22 31.4
23 23.3
24 25.9
25 27.9
26 24.5
27 24.6
28 24.6
28 10.0
23 31.0
24 21.0
25 17.3
26 15.5
27 20.3
28 18.8
29 18.8
29 18.6
30 22.7
24 7.5
21 21.9
22 12.9
23 19.4
22 12.0
23 13.8
22 19.8
23 23.9
20 34.3
21 34.7
22 35.3
23 34.9
24 30.7
25 34.4
26 34.4
26 34.4
27 34.6
22 8.5
23 14.6
24 18.9
25 7.2
26 5.0
25 13.7
26 15.0
29 9.3
21 17.7
22 21.7
23 12.2
20 21.4
21 21.3
22 14.0
23 15.6
24 6.2
25 6.2
25 7.5
22 10.7
23 6.8
22 11.8
23 22.2
21 22.3
22 22.4
23 22.1
24 18.3
25 19.2
26 19.2
26 14.1
23 4.2
24 14.5
25 16.8
26 32.1
27 31.3
28 31.3
28 30.2
29 26.1
21 24.0
22 20.6
23 11.7
24 18.1
25 21.1
26 21.1
26 27.2
27 17.9
22 11.0
23 12.4
24 23.1
25 14.2
26 9.3
27 9.3
22 29.9
23 31.3
24 29.3
25 25.9
26 34.8
27 34.8
27 30.0
28 30.3
22 21.0
23 17.6
24 25.1
25 20.2
26 25.0
27 25.0
27 24.6
28 25.0
21 33.6
22 28.2
23 38.2
24 36.5
25 32.7
26 32.7
26 34.2
27 33.4
21 20.1
22 14.7
23 12.3
24 6.7
25 10.1
26 10.1
20 34.8
21 35.0
22 36.7
23 38.2
24 35.0
25 35.0
25 35.9
26 35.4
23 24.3
24 17.3
25 18.2
26 13.2
27 14.8
28 14.8
28 20.7
29 16.4
22 19.0
23 19.1
24 21.3
25 8.7
26 25.8
27 25.8
27 21.3
28 24.2
20 37.0
21 34.3
22 31.0
23 28.2
24 34.1
25 34.1
25 30.6
26 19.7
20 18.5
21 14.3
23 12.5
24 13.9
22 20.0
23 29.0
24 31.0
25 15.7
26 12.3
27 12.3
27 22.4
28 6.8
24 21.8
25 20.4
26 22.4
27 28.7
28 27.3
29 27.3
29 26.5
30 25.5
22 11.5
23 23.1
24 27.5
25 24.3
26 28.5
27 28.5
27 26.1
28 26.6
24 21.9
25 21.8
26 16.9
27 15.3
28 14.3
29 14.3
29 7.8
20 26.7
21 31.4
22 38.3
23 38.0
24 36.8
25 36.8
25 38.1
26 36.4
22 24.4
23 33.3
24 31.4
25 32.0
26 28.9
27 28.9
27 19.9
28 23.2
22 15.6
23 14.1
24 15.8
25 20.8
26 26.8
27 26.8
27 20.7
28 6.7
19 35.4
20 33.8
21 37.5
22 33.6
23 32.6
24 32.6
24 28.2
25 32.7
25 6.6
26 20.9
20 27.0
21 27.2
22 31.1
23 32.9
24 33.1
25 33.1
25 32.1
26 30.7
24 18.9
20 34.4
21 35.3
22 36.2
23 34.1
24 28.6
25 28.6
25 18.1
26 22.2
22 21.6
23 25.2
24 16.3
25 18.4
26 19.6
27 19.6
27 16.2
28 27.4
22 26.3
23 34.8
24 34.4
25 35.8
26 35.5
27 35.5
27 21.4
28 25.1
23 33.6
24 33.8
25 34.8
26 33.9
27 33.7
28 33.7
28 33.9
29 34.2
22 14.6
23 15.2
24 15.0
25 10.5
22 27.9
23 24.9
24 21.3
25 33.2
26 24.4
27 24.4
27 14.3
28 20.5
21 12.2
22 16.3
23 11.3
24 18.9
25 15.7
20 6.5
21 22.5
22 26.9
23 9.2
23 15.9
24 12.9
25 22.4
26 3.5
27 12.5
28 12.5
22 9.0
23 13.9
24 3.5
23 14.2
21 13.8
22 33.1
23 32.9
24 32.2
25 30.5
26 30.5
26 28.5
27 32.4
23 9.6
22 7.9
23 7.0
24 11.7
25 8.3
22 24.3
23 34.9
24 24.0
25 24.2
26 15.0
27 15.0
27 18.2
28 17.4
23 20.3
24 22.6
25 9.5
26 5.7
27 5.3
28 5.3
22 13.8
23 18.3
24 13.3
24 20.2
25 10.7
26 12.4
24 7.9
25 13.7
26 18.1
27 12.6
28 12.6
22 8.7
22 6.7
23 8.6
24 7.2
25 16.0
26 16.0
26 13.3
27 8.6
20 22.4
21 27.2
22 25.6
23 18.5
24 18.5
24 28.5
25 29.1
21 11.8
22 10.3
23 28.9
24 14.7
25 30.0
26 20.2
27 26.1
28 26.1
28 17.3
29 15.5
21 13.4
22 11.8
23 17.5
24 13.2
25 13.2
25 18.0
26 15.7
21 11.6
22 20.4
23 32.9
24 34.6
25 34.6
25 34.2
26 33.0
23 25.2
24 18.5
25 21.6
26 19.8
27 19.8
27 20.7
28 24.7
23 6.3
20 21.4
21 28.7
22 30.9
23 31.5
24 31.5
24 33.4
25 33.4
20 30.5
21 30.5
22 32.4
23 34.1
24 34.1
24 34.6
25 34.2
22 27.4
23 24.4
24 23.0
21 23.2
22 20.1
23 15.2
24 23.3
25 23.3
25 20.8
26 17.2
21 16.5
22 10.4
24 11.9
23 7.5
24 5.8
25 18.3
26 7.0
27 7.0
27 8.4
21 14.6
19 21.2
20 23.2
21 30.2
22 30.8
23 30.8
23 32.0
24 23.7
22 28.7
23 20.3
24 10.7
25 8.3
26 8.3
25 14.9
20 29.7
21 37.6
22 36.2
23 15.2
24 15.2
24 34.8
25 35.9
21 36.2
22 32.5
23 35.8
24 35.2
25 35.2
25 33.4
26 34.0
23 11.0
21 17.5
20 30.5
21 29.2
22 36.4
23 34.4
24 34.4
24 36.2
25 34.5
24 5.4
25 7.8
19 16.9
20 12.5
21 21.1
22 9.6
23 9.6
23 24.3
24 0.0
0.0 10.0
21 13.8
25 6.5
26 9.5
27 19.7
23 18.1
24 18.1
24 12.2
23 22.6
24 19.1
25 28.4
26 29.5
27 29.5
27 20.8
28 11.9
22 8.1
23 11.7
22 26.9
23 32.2
24 28.9
25 25.8
26 25.8
26 26.3
27 24.5
20 31.5
21 33.2
22 32.8
23 31.0
24 31.0
24 29.3
25 22.5
24 15.6
25 8.9
26 21.6
27 25.2
28 25.2
28 17.4
29 20.4
24 1.0
26 21.5
27 21.8
28 21.4
29 22.1
30 22.1
30 20.2
31 9.0
28 10.7
21 23.2
22 25.0
23 23.6
24 26.6
25 26.6
25 25.6
26 24.6
25 26.9
26 31.6
27 30.8
28 26.3
29 26.3
29 13.0
22 8.6
23 2.9
24 1.5
22 15.7
23 21.1
24 18.0
25 23.9
26 23.9
22 15.3
23 10.9
22 12.4
23 27.3
24 25.4
25 21.7
26 21.7
21 20.6
22 21.8
23 10.9
24 15.6
25 15.6
25 11.0
26 11.4
22 9.0
23 9.9
24 14.4
25 15.1
26 15.1
26 29.1
27 24.1
26 19.0
27 24.7
28 21.5
29 19.8
30 19.8
30 16.1
31 9.5
20 10.5
21 29.2
22 35.3
23 25.8
24 25.8
24 19.9
25 20.1
22 26.4
23 35.3
24 30.3
25 27.6
26 27.6
26 28.0
27 25.5
23 21.1
24 17.3
25 19.1
26 3.9
27 3.9
22 20.6
24 25.8
25 34.4
26 22.5
27 24.3
28 24.3
28 20.0
29 13.0
20 36.2
21 32.7
22 36.3
23 35.9
24 35.9
24 36.2
25 36.4
21 6.1
22 21.1
23 16.5
24 17.0
25 17.0
25 20.2
26 14.3
26 13.3
27 16.5
19 27.3
20 13.9
21 19.4
22 19.4
22 22.0
23 22.1
23 12.5
24 9.0
20 17.8
21 28.1
22 33.3
23 33.3
23 25.7
24 15.5
22 26.0
23 38.7
24 38.7
25 38.7
25 36.9
26 37.0
23 19.9
24 24.6
25 24.4
26 24.4
26 26.6
27 9.6
26 2.0
22 28.1
23 27.2
24 27.8
25 27.8
25 25.3
26 21.2
22 14.0
23 10.6
24 10.2
25 10.2
25 3.0
23 6.0
21 9.9
22 17.0
23 8.7
24 8.7
24 27.6
22 5.2
23 9.9
24 6.9
19 23.6
20 30.3
21 34.8
22 34.8
22 33.1
23 31.3
22 5.3
21 3.6
19 34.7
20 35.2
21 36.4
22 36.4
22 31.5
23 35.1
21 14.2
22 28.5
23 29.5
24 29.5
24 30.7
25 27.4
22 7.5
27 15.0
20 13.9
21 13.8
22 18.3
23 18.3
23 25.6
24 25.0
19 15.4
20 26.7
21 28.5
22 28.5
22 21.0
23 21.3
20 31.5
21 33.3
22 32.3
23 32.3
23 36.0
24 21.1
21 18.1
20 31.2
21 29.1
22 31.8
23 31.8
23 33.1
24 33.4
22 6.7
23 13.1
24 13.1
25 13.1
25 18.7
26 25.9
23 7.4
24 1.0
21 13.4
22 20.4
23 15.1
24 15.1
24 20.3
25 21.9
22 22.4
23 19.1
24 9.0
25 9.0
25 21.4
26 24.9
21 14.2
22 11.6
23 7.9
24 7.9
22 19.8
23 22.0
24 25.2
25 25.2
25 35.7
26 32.5
22 22.4
23 26.6
24 31.5
25 31.5
25 25.5
26 31.2
21 8.0
22 11.4
25 16.8
23 36.3
24 37.6
25 33.1
26 33.1
26 29.5
27 19.9
21 29.7
22 32.2
23 31.5
24 31.5
24 30.6
25 32.9
20 5.9
21 22.1
22 26.5
23 24.9
24 24.9
24 24.4
25 25.5
22 16.2
23 10.0
24 11.4
25 8.2
26 20.9
27 20.9
27 21.6
21 15.9
22 9.1
23 8.6
24 8.6
24 10.7
23 7.2
26 15.9
27 18.3
28 3.9
29 3.9
23 7.0
24 5.7
22 26.9
23 34.7
24 25.8
25 25.8
25 32.2
26 33.8
23 10.9
24 8.4
25 24.0
26 24.0
26 22.3
27 21.0
23 4.8
24 7.9
25 11.4
26 11.4
21 35.8
22 35.4
23 31.9
24 31.9
24 33.3
25 34.0
20 31.3
21 31.6
22 26.8
23 26.8
23 27.7
24 29.9
20 3.2
21 9.7
21 11.8
22 14.4
21 33.2
22 31.8
23 34.2
24 34.2
24 31.3
25 28.8
21 34.9
22 35.8
23 34.2
24 34.2
24 35.6
25 34.7
20 24.6
21 23.3
22 19.8
23 19.8
23 17.9
24 16.1
23 1.3
23 15.8
22 13.4
23 18.9
24 18.9
24 14.8
25 14.7
20 28.3
21 28.3
22 28.3
22 30.9
23 35.5
22 9.4
23 16.9
24 16.9
24 28.7
25 28.4
26 9.3
27 16.0
28 16.0
28 15.2
29 15.5
23 13.6
24 17.7
25 17.7
25 27.8
26 26.9
19 34.7
20 33.4
21 33.4
21 31.1
22 34.9
24 31.3
25 30.8
26 30.8
26 28.7
27 30.7
24 8.8
25 7.6
26 7.6
28 6.5
29 16.6
30 16.6
30 6.5
22 16.1
23 20.1
24 20.1
24 31.6
25 32.4
21 6.2
22 4.7
23 4.7
23 9.3
19 35.2
20 36.1
21 36.1
21 35.5
22 36.1
25 10.5
19 32.3
20 30.5
21 30.5
21 32.9
22 29.7
20 19.8
21 28.6
22 28.6
22 32.5
23 32.9
25 14.0
26 12.9
27 12.9
24 14.8
22 21.9
23 31.5
24 31.5
24 34.7
25 32.5
19 24.4
20 15.0
21 15.0
21 18.7
22 28.9
22 26.5
23 18.3
24 18.3
24 16.8
25 19.4
27 4.9
28 9.9
29 9.9
21 12.2
22 12.4
23 12.4
23 11.2
24 3.3
23 8.7
23 5.0
21 12.3
22 14.7
23 14.7
21 27.3
22 26.9
23 26.9
23 20.9
24 23.5
19 24.2
20 28.9
21 28.9
21 29.3
22 29.0
25 3.0
21 13.1
20 19.7
21 13.5
22 13.5
22 18.6
23 18.4
20 8.9
21 15.4
22 15.4
22 21.9
23 16.5
22 35.8
23 35.7
24 35.7
24 35.7
25 35.9
21 29.0
22 14.9
23 14.9
23 13.3
21 30.0
22 30.1
23 30.1
23 36.1
24 30.7
22 16.1
23 8.6
24 8.6
20 15.2
21 11.9
22 11.9
22 15.4
23 28.7
24 28.7
24 14.8
25 14.1
22 15.6
23 15.4
24 12.3
25 12.3
25 14.7
26 9.0
22 17.2
23 16.2
24 16.2
24 11.8
25 15.6
24 24.6
25 16.4
26 16.4
26 14.3
27 10.8
35 19.4
36 17.9
37 17.9
37 13.9
20 19.4
21 20.6
22 20.6
22 21.9
23 27.8
27 23.2
28 18.5
29 18.5
29 9.2
30 10.1
21 12.5
22 14.8
23 14.8
23 12.9
24 11.7
21 26.7
22 25.5
23 25.5
23 23.9
24 25.1
23 16.8
24 16.9
25 16.9
25 12.8
24 18.5
25 16.5
26 16.5
26 15.3
27 10.8
21 5.9
24 10.5
25 18.3
26 18.3
22 19.0
23 19.2
24 19.2
24 18.8
24 28.5
25 21.8
26 21.8
26 14.4
27 12.0
20 27.6
21 27.0
22 27.0
22 23.6
23 10.7
23 24.2
24 14.8
25 14.8
22 11.7
19 11.1
27 19.4
28 22.3
29 22.3
29 21.3
30 16.2
20 28.2
21 26.2
22 26.2
22 26.0
23 25.8
24 14.1
21 29.6
22 27.6
23 27.6
23 27.6
24 30.1
21 4.5
19 24.5
20 29.8
21 29.8
21 18.0
23 15.0
24 21.1
25 21.1
25 11.8
26 10.3
20 25.3
21 25.3
21 25.2
22 29.9
19 31.4
20 31.4
20 35.3
21 35.6
31 16.5
32 16.5
29 17.7
30 17.7
30 22.5
31 22.0
20 15.7
21 15.7
21 4.4
22 11.5
21 37.0
22 37.0
23 18.9
24 18.9
24 7.6
22 9.4
23 9.4
23 11.6
24 15.1
21 30.1
22 30.1
22 21.3
23 12.3
24 20.5
25 20.5
24 14.4
25 14.4
20 31.5
21 31.5
21 36.7
22 33.3
22 20.0
23 20.0
23 25.5
24 15.2
22 32.6
23 32.6
23 30.5
24 18.8
22 6.4
23 6.4
23 8.8
24 14.8
23 27.9
24 27.9
24 28.4
25 31.6
21 13.4
22 13.4
22 26.0
23 28.5
23 4.0
24 4.0
24 15.7
25 29.0
22 8.4
23 8.4
23 11.1
24 17.7
26 10.0
27 10.0
22 15.7
23 15.7
24 14.3
25 14.3
25 12.2
26 17.5
23 20.6
24 20.6
24 24.6
25 26.1
24 30.0
25 30.0
25 27.1
26 32.4
22 4.3
23 4.3
21 26.3
22 26.3
22 31.7
23 33.9
19 13.0
20 13.0
20 19.5
21 14.3
25 8.8
26 8.8
26 5.3
23 17.4
24 17.4
22 29.0
23 29.0
23 14.7
24 29.7
24 16.5
25 16.5
20 16.8
21 16.8
21 10.0
22 23.7
23 23.7
23 13.1
24 6.9
23 4.5
24 4.5
21 24.5
22 24.5
22 22.4
21 14.4
22 14.4
20 22.0
21 22.0
21 23.3
22 20.3
31 13.0
32 13.0
22 21.1
23 21.1
23 11.6
22 15.7
23 15.7
23 34.8
24 35.0
20 32.6
21 32.6
21 21.2
22 19.3
25 10.8
26 10.8
21 22.8
22 22.8
22 20.5
23 19.4
24 3.6
25 3.6
22 12.6
23 12.6
23 9.4
24 17.7
21 35.7
22 35.7
22 33.0
23 33.2
22 22.2
23 22.2
23 20.2
24 20.5
26 11.3
27 11.3
23 21.3
24 21.3
24 25.4
25 26.5
20 19.4
21 19.4
21 30.3
22 32.6
22 12.0
23 12.0
23 12.3
26 4.6
27 4.6
22 19.2
23 19.2
23 22.2
24 30.1
20 19.7
21 19.7
21 20.3
22 31.5
22 19.6
23 19.6
23 20.3
24 29.2
22 25.0
23 25.0
23 28.0
24 18.8
23 7.0
24 7.0
24 12.9
25 8.5
22 11.8
23 11.8
21 24.0
22 24.0
22 24.3
23 27.8
20 8.3
20 7.5
23 13.2
21 10.8
21 16.0
22 14.2
24 3.6
24 5.7
23 1.5
22 1.0
23 19.0
23 12.7
24 16.3
25 23.8
25 26.8
26 25.7
22 29.9
23 16.6
23 15.8
19 2.9
19 7.2
20 4.4
20 7.5
20 19.1
21 23.9
23 8.6
26 7.3
22 25.0
22 32.3
23 29.2
23 5.4
22 10.6
22 4.9
23 5.5
21 13.4
21 13.3
22 22.6
25 4.7
24 18.3
23 16.6
23 9.1
24 17.0
24 15.0
25 23.5
20 12.5
20 14.2
21 11.1
19 22.2
24 21.7
24 14.5
25 23.5
23 32.4
23 24.8
24 20.2
19 17.0
19 23.9
20 28.7
24 7.9
20 21.2
20 26.8
21 19.1
23 9.5
23 4.7
24 6.8
24 18.5
25 27.3
22 15.3
22 19.9
20 13.1
20 32.1
21 31.3
23 9.7
23 3.0
24 21.9
22 21.3
22 32.2
23 27.0
27 21.2
27 15.3
28 24.0
24 10.6
24 6.3
21 6.4
22 9.4
22 18.8
22 24.0
23 29.8
25 18.0
25 19.9
26 25.1
23 2.8
23 11.2
23 17.6
24 14.0
19 24.7
19 28.0
20 37.2
25 6.0
22 13.0
22 8.9
22 9.1
22 6.4
23 8.8
21 21.8
21 6.4
22 10.3
23 8.9
23 23.0
24 22.8
22 15.2
22 3.6
27 6.0
27 19.7
27 8.7
28 11.5
23 20.2
23 24.9
24 24.0
23 0.7
23 6.0
23 19.8
23 10.9
24 9.7
20 30.8
20 29.3
21 20.5
22 3.8
22 7.8
23 19.1
20 17.8
20 17.1
21 21.4
21 10.8
21 13.0
22 7.3
24 18.5
24 11.3
19 29.5
19 31.7
20 33.9
23 23.1
23 9.3
24 7.5
20 30.4
20 29.4
21 29.4
23 8.1
23 14.4
24 17.3
20 14.0
20 28.2
21 28.8
28 15.4
28 8.4
29 7.0
21 15.3
21 15.9
20 27.0
20 27.3
21 30.4
23 5.4
23 4.4
21 15.4
21 24.8
22 27.4
23 11.0
21 6.6
21 2.6
22 3.5
19 10.4
19 15.1
20 17.1
21 15.4
21 22.8
22 31.0
24 3.5
24 13.2
23 5.4
23 5.9
19 36.2
19 35.1
20 37.2
24 4.8
24 7.3
25 4.9
19 10.7
19 6.9
20 7.6
26 20.5
27 21.9
22 16.4
27 18.3
19 35.0
23 14.5
22 18.9
24 7.6
23 8.1
21 18.4
24 12.4
23 15.8
23 16.3
22 18.3
21 3.4
20 14.8
22 9.8
21 22.6
22 20.9
32 10.3
24 15.5
22 3.0
19 17.8
20 27.9
19 12.9
22 26.1
19 8.4
20 16.3
27 8.4
21 13.3
23 26.3
20 5.0
24 10.4
29 12.4
21 5.6
19 25.6
23 22.9
23 8.7
20 22.7
20 20.3
24 8.0
21 14.9
20 15.6
20 32.8
22 18.0
25 14.5
22 30.5
21 17.1
19 28.7
26 17.8
23 14.0
23 11.8
20 37.0
19 31.4
19 11.2
23 10.3
23 15.1
19 34.7
20 8.2
23 16.5
23 4.1
