26 0.0
27 0.0
24 0.3
25 0.3
26 0.1
27 0.3
28 0.1
29 0.0
30 0.0
23 0.1
24 0.3
25 3.3
26 2.6
27 2.6
28 2.7
29 3.4
30 3.0
31 2.5
32 2.5
33 1.8
34 2.1
35 2.3
36 1.8
37 1.6
24 0.5
25 1.1
26 2.0
27 1.7
28 1.6
29 2.3
30 1.9
31 1.5
32 1.1
30 0.0
31 0.0
26 1.2
27 1.5
28 1.5
29 1.2
30 0.9
31 1.1
32 0.7
30 0.1
31 0.0
32 0.0
33 0.1
33 0.9
27 0.5
28 0.6
29 0.5
30 0.1
31 0.1
33 0.8
32 1.7
33 1.0
34 1.7
35 0.4
36 0.2
37 0.9
38 0.5
26 1.7
27 1.3
28 1.3
29 2.1
30 1.4
31 1.5
32 1.0
33 0.5
34 0.6
32 0.0
33 0.0
34 0.0
35 0.0
36 0.0
31 0.0
21 0.2
20 0.0
21 0.0
29 0.0
30 0.0
31 0.0
32 0.0
33 0.0
22 0.1
33 0.8
29 2.0
30 1.6
31 1.9
32 1.2
33 1.1
34 1.7
35 1.5
36 0.9
31 1.5
32 1.1
33 0.9
34 1.0
35 0.6
24 0.0
25 0.0
26 0.0
27 0.0
28 0.0
29 0.0
24 0.2
25 0.3
26 0.8
27 0.9
28 2.5
29 2.6
30 2.3
31 1.7
32 2.0
33 1.0
34 1.0
20 0.6
21 0.4
22 0.4
23 0.1
24 0.0
28 0.3
29 0.5
30 0.0
31 0.3
22 0.6
23 1.0
24 1.8
25 1.6
26 2.3
27 2.1
28 1.9
29 2.1
30 1.6
31 1.9
32 0.7
24 1.5
25 2.0
26 1.7
27 2.1
28 2.3
29 1.6
30 1.8
31 2.1
32 2.2
33 2.0
34 2.4
35 1.5
36 0.7
33 0.4
32 0.0
33 0.0
34 0.0
25 0.0
26 0.0
27 0.0
28 0.0
29 0.0
30 0.1
31 0.2
32 0.6
24 0.0
25 0.0
26 0.0
27 0.0
28 0.0
29 0.0
30 0.0
31 0.0
23 0.0
29 0.9
30 1.2
31 0.9
32 1.2
33 1.3
34 1.1
35 1.1
36 0.5
25 0.0
26 0.0
27 0.0
28 0.0
29 0.0
27 0.0
24 0.2
25 0.4
26 0.7
27 0.7
28 1.0
29 1.4
30 0.4
28 0.0
29 0.0
30 0.0
31 0.0
21 0.0
22 0.0
23 0.0
24 0.0
25 0.0
26 0.0
27 0.0
28 0.0
29 0.0
30 0.0
31 0.0
32 0.0
33 0.0
34 0.0
35 0.0
35 0.0
30 0.1
32 0.0
32 0.1
31 0.0
32 0.0
33 0.0
34 0.0
35 0.0
36 0.0
37 0.0
32 0.0
33 0.0
28 0.1
29 0.2
30 0.3
31 0.6
32 0.2
22 0.4
23 1.5
24 1.1
25 2.0
26 2.3
27 1.8
28 1.8
29 1.4
30 1.4
31 1.4
32 1.5
33 1.7
34 0.5
35 1.5
36 1.5
36 2.0
35 0.0
36 0.0
24 0.1
25 0.2
26 0.2
27 0.7
28 1.2
29 0.4
30 0.5
31 0.2
32 0.3
23 0.3
33 0.5
27 0.0
28 0.0
26 0.0
27 0.1
28 0.0
29 0.0
30 0.0
31 0.0
32 0.1
33 0.0
34 0.0
35 0.0
36 0.0
37 0.0
32 0.0
33 0.0
34 0.0
35 0.0
23 0.4
24 0.0
25 0.7
26 0.8
27 0.4
28 0.6
29 0.7
30 0.5
31 0.1
32 0.8
33 0.2
25 0.0
26 0.0
27 0.0
28 0.0
29 0.1
30 0.0
31 0.6
32 0.3
33 0.3
34 0.4
35 0.2
24 2.0
25 1.0
26 1.3
27 1.6
28 1.6
29 1.9
30 1.3
31 1.9
32 1.6
33 1.6
34 1.2
35 2.0
36 1.8
37 1.0
38 1.0
38 1.0
39 1.5
31 1.0
32 0.8
33 0.9
34 0.5
35 0.9
36 0.6
37 0.4
26 0.0
27 0.0
28 0.0
29 0.0
30 0.0
31 0.0
29 0.0
30 0.1
31 0.0
32 0.0
33 0.0
33 0.5
34 0.1
30 1.1
31 0.9
32 0.6
33 0.3
34 0.0
35 0.1
25 0.0
26 0.0
27 0.0
23 0.1
24 0.1
25 0.0
26 0.0
27 0.1
33 0.5
34 0.3
35 0.2
36 0.0
32 0.1
33 0.2
34 0.0
23 0.0
24 0.0
25 0.1
26 0.1
25 0.0
26 0.2
27 0.8
20 1.1
21 1.1
22 2.1
23 2.6
24 1.3
25 1.7
26 2.2
27 2.2
28 2.1
29 1.6
30 1.3
31 2.0
32 2.3
33 1.9
34 1.9
34 1.5
35 1.4
25 0.6
26 0.6
27 0.7
28 0.6
29 1.1
30 0.4
31 0.5
32 0.4
31 0.8
32 0.3
24 0.2
36 0.8
32 0.1
33 0.2
34 0.0
35 0.0
25 0.0
26 0.0
27 0.0
28 0.0
29 0.0
30 0.0
31 0.0
32 0.0
33 0.0
34 0.0
35 0.0
25 0.7
26 0.3
27 0.6
28 0.7
29 0.3
30 0.2
31 0.2
32 0.3
32 0.0
33 0.0
34 0.0
35 0.0
36 0.0
21 2.1
22 2.0
23 2.8
24 2.6
25 1.9
26 1.3
27 2.1
28 1.5
29 1.1
30 1.4
31 0.9
31 0.0
32 0.0
33 0.0
34 0.0
35 0.0
36 0.0
32 1.0
33 0.3
30 1.1
31 0.3
32 0.0
21 0.1
22 0.9
23 0.7
24 0.7
25 0.9
26 1.5
27 1.6
28 1.0
29 0.4
27 0.0
28 0.0
29 0.0
30 0.0
34 0.0
27 1.1
28 1.8
29 0.6
30 1.3
31 0.8
25 0.0
25 2.0
26 0.7
32 0.0
33 0.1
34 0.0
35 0.0
23 0.0
24 0.0
25 0.0
26 0.0
27 0.0
28 0.0
29 0.0
20 0.3
21 0.9
22 0.1
23 0.3
24 0.3
25 0.5
26 0.3
27 1.3
28 1.1
29 1.0
30 0.6
31 0.7
26 0.5
27 0.2
28 0.1
35 0.0
36 0.0
24 0.0
25 0.1
26 0.0
27 0.0
28 0.0
29 0.0
30 0.0
31 0.0
32 0.0
33 0.0
34 0.0
35 0.0
36 0.0
37 0.0
38 0.0
38 0.0
28 0.4
29 1.6
30 0.8
31 0.4
32 0.4
25 0.0
30 0.6
31 0.5
25 0.0
26 0.0
38 0.0
34 0.9
35 0.3
27 1.1
28 1.7
29 2.1
30 1.8
31 1.4
32 1.3
33 1.6
34 1.6
35 0.7
26 2.1
27 1.0
28 0.6
29 1.5
30 1.4
31 0.6
32 1.4
33 1.5
34 1.0
35 0.8
36 0.6
37 0.9
38 1.1
22 0.1
23 0.0
24 0.0
25 0.0
26 0.3
24 0.0
25 0.0
26 0.0
27 0.0
28 0.0
29 0.0
32 0.0
33 0.0
24 0.0
25 0.0
26 0.0
27 0.0
28 0.0
29 0.0
30 0.0
31 0.0
32 0.0
33 0.0
34 0.1
31 0.8
32 1.4
33 0.4
25 0.0
26 0.0
27 0.0
28 0.0
29 0.0
30 0.0
31 0.0
32 0.0
23 1.2
24 1.0
25 0.9
26 0.5
27 0.4
28 1.0
29 0.4
30 0.0
31 0.0
24 0.5
25 0.2
26 0.1
27 0.1
28 0.1
29 0.2
30 0.0
31 0.0
32 0.0
33 0.0
34 0.1
35 0.0
36 0.0
37 0.0
38 0.0
38 0.0
34 0.0
24 2.1
25 2.0
26 0.0
27 0.7
28 0.9
29 0.3
30 0.3
33 0.0
31 0.0
23 0.8
24 0.7
25 0.8
26 1.4
27 0.7
28 0.9
29 0.4
30 0.5
31 1.1
22 0.3
32 0.1
33 0.2
34 0.2
35 0.2
22 0.5
23 0.7
24 0.6
25 0.1
24 0.0
28 0.0
29 0.0
30 0.0
31 0.0
32 0.0
35 0.0
36 0.0
37 0.0
26 0.3
27 0.1
28 0.1
29 0.0
30 0.0
31 0.0
32 0.0
31 0.1
32 0.0
33 0.0
34 0.2
22 1.0
23 0.0
27 0.0
28 0.0
29 0.0
30 0.0
22 0.3
23 0.4
24 0.2
25 0.5
26 0.7
27 0.6
28 0.9
29 1.0
30 0.9
31 1.0
32 0.6
33 0.3
25 0.0
26 0.0
27 0.0
28 0.0
29 0.0
29 0.3
30 0.4
31 0.4
32 0.4
33 0.0
34 1.8
35 1.1
24 0.3
25 0.8
26 0.3
27 0.1
28 0.2
29 0.2
30 0.0
31 0.0
20 0.0
21 0.2
22 0.3
23 0.2
24 0.9
25 1.6
26 1.9
27 2.3
28 1.9
29 1.6
30 1.6
31 0.8
32 1.0
27 0.0
28 0.0
29 0.0
30 0.0
31 0.0
32 0.0
33 0.0
30 0.6
31 0.6
32 0.6
33 0.3
22 0.0
30 0.0
31 0.0
20 0.0
21 0.0
22 0.0
23 0.0
28 0.0
29 0.0
30 0.0
31 0.0
32 0.0
33 0.0
25 0.2
28 0.0
29 0.0
32 0.0
33 0.0
34 0.0
28 0.3
29 0.1
30 1.0
31 0.9
30 0.9
31 0.6
32 0.5
33 0.7
34 0.8
35 0.7
36 0.4
22 0.8
23 0.7
24 0.9
25 0.6
26 1.5
27 1.3
28 1.5
29 1.9
30 1.2
31 1.2
29 1.8
30 2.2
31 1.7
32 1.6
27 0.0
28 0.0
29 0.0
30 0.0
31 0.0
32 0.0
33 0.0
34 0.0
35 0.0
36 0.0
37 0.0
38 0.0
24 0.8
25 1.2
26 1.1
27 1.1
28 1.1
29 0.8
30 0.4
22 0.2
23 0.4
24 1.3
25 1.0
26 0.8
27 1.1
28 1.0
29 1.4
30 1.0
30 1.0
31 1.2
32 0.4
33 0.3
34 0.4
35 0.7
36 0.3
37 0.6
38 0.1
25 0.0
26 0.0
27 0.0
28 0.0
29 0.0
30 0.0
31 0.0
32 0.2
33 0.2
34 0.0
25 1.3
26 1.0
27 1.2
28 1.4
29 1.0
30 1.0
31 1.2
32 0.5
33 0.3
27 1.0
28 1.5
29 1.6
30 1.3
31 1.8
32 1.0
33 1.1
34 0.8
33 0.8
30 0.7
31 0.5
32 2.0
33 1.9
34 0.5
26 0.0
27 0.0
28 0.0
29 0.0
30 0.0
31 0.0
35 1.0
36 0.3
37 0.2
22 0.4
23 1.2
24 1.8
25 2.0
26 1.4
27 1.3
28 2.5
29 1.7
30 1.6
31 1.8
32 1.0
33 0.8
34 0.1
24 0.0
24 0.8
25 0.8
26 0.2
27 1.0
28 1.8
29 2.0
30 1.5
31 1.4
32 1.3
33 1.6
34 1.4
35 1.1
36 0.4
26 0.1
27 0.2
28 0.6
29 0.7
30 0.7
31 0.4
32 0.6
33 0.7
34 0.4
35 0.0
36 0.0
37 0.0
20 1.2
33 0.0
34 0.0
35 0.0
36 0.0
37 0.0
24 1.0
25 0.9
26 1.2
27 2.7
28 1.7
29 1.5
30 1.7
31 0.6
29 1.8
30 2.1
31 2.2
32 1.8
33 1.8
34 1.2
35 0.7
21 0.6
22 1.4
23 0.3
24 1.3
25 1.5
26 0.6
30 0.1
31 0.0
32 0.0
31 0.0
32 0.0
35 0.4
36 0.7
27 1.4
28 1.6
29 1.4
30 2.0
31 1.7
32 1.6
33 1.5
34 1.6
35 2.2
36 1.7
37 1.6
38 1.5
25 0.0
26 0.0
27 0.0
28 0.0
29 0.0
30 0.0
31 0.0
32 0.0
26 0.0
27 0.0
32 0.9
33 1.5
34 0.7
35 0.8
36 0.7
31 0.0
32 0.0
33 0.1
34 0.0
24 1.3
25 0.7
26 0.5
27 1.0
28 1.4
29 0.1
30 0.0
24 0.6
23 0.0
24 0.2
25 0.2
27 1.3
28 1.5
29 1.5
30 1.3
31 1.0
23 0.1
21 1.7
22 1.0
23 1.8
24 2.4
25 1.8
26 2.5
27 2.8
28 2.8
29 2.3
30 1.5
31 0.6
32 0.9
33 0.8
25 0.1
26 0.0
27 0.0
28 0.3
29 0.0
30 0.0
28 0.0
29 0.1
34 0.0
35 0.0
26 0.2
23 0.9
24 0.8
25 1.1
26 0.8
27 1.1
28 1.0
29 0.8
30 0.6
30 0.0
31 0.3
32 0.6
33 0.3
25 0.0
26 0.0
25 0.0
26 0.0
27 0.0
28 0.0
29 0.0
30 0.0
31 0.0
32 0.0
21 0.7
22 1.0
23 1.0
24 0.8
25 0.8
26 0.2
27 1.1
28 0.5
29 0.2
30 0.4
31 0.8
32 0.3
22 0.0
23 0.0
24 0.0
25 0.0
26 0.0
27 0.0
28 0.0
29 0.0
30 0.0
31 0.0
32 0.0
35 1.2
37 0.1
38 0.0
39 0.0
34 0.0
35 0.2
23 0.9
24 1.1
25 1.1
26 1.4
27 0.6
28 1.7
29 1.2
30 0.3
22 0.6
23 1.7
24 1.1
25 1.4
26 1.2
27 1.0
28 1.0
29 0.1
30 0.0
31 0.1
32 0.3
33 0.3
34 0.8
35 0.2
36 0.2
27 0.2
28 0.4
29 1.6
30 2.3
31 1.6
32 1.2
33 0.6
34 1.0
29 0.0
23 0.2
24 0.1
25 0.1
26 0.0
27 0.1
28 0.0
29 0.0
30 0.2
31 0.1
32 0.0
33 0.1
34 0.0
35 0.0
36 0.0
37 0.0
28 1.0
29 1.5
30 1.0
34 0.0
35 0.0
23 0.2
24 0.3
25 0.1
26 0.0
27 0.0
28 0.0
29 0.0
30 0.0
31 0.0
33 0.0
34 0.0
35 0.0
36 0.0
26 0.7
27 1.1
28 1.8
29 0.8
30 0.3
33 0.9
23 0.0
24 0.0
25 0.0
26 0.0
26 0.0
21 1.4
22 2.3
23 2.6
24 1.8
25 1.6
26 1.8
27 1.3
28 1.3
29 0.5
30 0.4
31 0.3
26 0.9
27 0.1
28 0.7
29 1.2
30 0.1
31 0.0
32 0.1
34 0.1
28 1.1
29 0.5
30 1.0
31 0.3
32 0.0
33 0.0
21 0.0
22 0.0
23 0.0
24 0.0
25 0.0
26 0.1
24 0.3
25 0.0
26 0.1
27 0.0
21 0.0
22 0.0
23 0.0
24 0.0
25 0.0
19 0.0
20 0.0
21 0.1
22 0.1
23 0.1
24 0.3
25 0.3
26 0.1
27 0.1
28 0.1
29 0.1
30 0.0
31 0.2
32 0.2
33 0.0
34 0.3
35 0.2
36 0.2
37 0.1
38 0.1
38 0.1
24 0.0
25 0.1
26 0.2
27 0.1
28 0.4
29 0.1
30 0.4
31 0.3
32 0.5
33 0.7
34 0.5
20 1.8
21 1.7
22 1.2
23 1.8
24 1.9
25 2.9
26 2.2
27 1.2
28 1.5
29 1.0
30 1.4
31 1.2
32 1.3
33 0.6
34 0.6
34 0.4
35 0.4
35 2.3
36 1.6
37 1.7
38 1.5
31 0.7
32 0.3
37 0.1
25 2.0
26 1.5
27 2.1
28 2.3
29 1.1
30 1.3
31 0.9
32 1.1
23 0.0
24 0.0
25 0.0
26 0.0
27 0.0
28 0.0
29 0.0
30 0.0
31 0.0
32 0.0
33 0.0
34 0.0
35 0.0
36 0.0
37 0.0
37 0.0
22 0.0
23 0.0
24 0.0
25 0.0
29 0.0
25 0.0
26 0.0
27 0.0
28 0.0
29 0.0
30 0.0
31 0.0
32 0.0
33 0.0
24 0.0
30 0.0
27 1.4
29 1.0
30 0.3
31 0.3
34 0.0
35 0.0
36 0.0
37 0.0
38 0.0
39 0.0
40 0.0
41 0.0
25 0.0
26 0.0
27 0.0
28 0.0
25 0.0
26 0.0
27 0.0
28 0.0
29 0.0
24 0.0
25 0.0
26 0.0
27 0.1
28 0.1
29 0.0
30 0.7
31 0.2
32 0.4
33 0.4
34 0.4
26 1.9
27 1.4
28 1.3
29 1.3
30 1.9
31 2.1
32 2.2
33 1.5
34 1.5
35 1.1
36 0.9
37 1.1
38 0.5
25 0.2
24 0.0
25 0.0
26 0.0
27 0.0
28 0.0
29 0.0
30 0.0
31 0.0
32 0.0
26 0.0
27 0.4
28 0.0
29 0.3
30 0.1
31 0.5
32 0.3
37 0.5
27 0.4
28 0.1
29 0.3
30 0.0
31 0.1
22 1.8
23 1.9
24 1.3
25 1.2
26 1.4
27 0.9
28 1.0
29 0.8
30 0.6
31 0.9
32 1.3
33 1.2
34 1.6
35 1.4
36 1.4
36 1.7
37 1.5
22 0.0
23 0.1
24 0.0
25 0.0
26 0.1
27 0.0
28 0.0
29 0.0
30 0.0
31 0.0
32 0.0
33 0.0
34 0.0
28 0.0
29 0.0
30 0.0
31 0.0
32 0.0
33 0.0
34 0.0
35 0.0
36 0.0
37 0.0
37 0.0
38 0.0
39 0.0
21 0.6
22 0.9
23 0.8
24 0.6
25 1.0
26 1.0
27 0.4
28 0.4
29 0.7
30 0.8
31 0.6
32 0.2
38 0.0
28 0.0
29 0.0
30 0.0
31 0.0
32 0.0
33 0.0
34 0.0
35 0.0
36 0.0
25 0.0
26 0.0
27 0.0
28 0.0
29 0.0
30 0.0
27 0.0
28 0.0
29 0.0
30 0.0
31 0.0
29 0.0
30 0.0
31 0.0
32 0.0
33 0.0
34 0.0
35 0.0
31 0.4
19 0.0
20 0.0
31 0.1
32 0.0
33 0.0
24 0.7
25 0.5
26 0.5
27 0.8
28 0.7
29 0.3
22 0.2
23 0.1
24 0.1
25 0.0
26 0.0
28 0.0
29 0.0
30 0.0
25 0.1
26 0.0
27 0.0
28 0.0
29 0.0
30 0.0
31 0.0
32 0.9
33 0.7
34 0.7
35 0.5
36 0.8
37 0.5
31 1.4
32 1.1
33 0.9
34 0.6
26 0.0
31 0.0
29 1.8
30 1.5
31 0.9
32 1.0
23 1.3
24 1.4
25 1.5
26 1.6
27 2.2
28 1.5
29 1.5
30 0.8
31 1.3
32 0.0
30 1.6
31 1.3
32 0.9
33 0.8
34 0.3
35 0.6
36 0.7
23 2.6
24 1.5
25 1.4
26 1.3
27 1.4
28 2.3
29 1.8
30 1.5
31 1.5
32 1.4
33 1.6
34 1.9
35 1.5
36 1.6
37 1.6
37 1.1
38 0.6
35 0.9
36 0.6
37 0.6
25 0.0
26 0.0
27 0.0
28 0.0
29 0.0
30 0.0
31 0.0
28 0.1
37 0.8
24 0.9
25 0.8
26 1.4
27 1.1
28 1.7
29 1.4
30 1.4
31 1.5
32 1.1
33 1.4
22 0.3
23 0.2
25 0.0
26 0.0
27 0.0
28 0.0
29 0.0
30 0.0
32 0.2
21 0.0
22 0.0
23 0.0
24 0.0
25 0.0
26 0.0
27 0.0
28 0.0
29 0.0
30 0.0
31 0.0
32 0.0
27 0.0
28 0.0
29 0.0
30 0.0
31 0.0
32 0.0
33 0.0
34 0.0
35 0.0
36 0.0
33 0.0
21 1.3
22 2.2
23 1.5
24 1.4
25 2.0
26 2.2
27 1.8
28 2.1
29 1.0
30 0.4
31 0.8
27 0.0
28 0.0
33 0.9
34 1.6
35 0.3
20 1.6
21 1.0
22 1.8
23 2.9
24 1.2
25 2.0
26 1.1
27 1.7
28 1.9
29 0.7
30 0.9
31 1.0
35 0.3
29 0.6
34 1.4
35 1.1
36 1.4
37 0.9
38 0.8
39 0.5
35 0.0
36 0.0
24 0.1
25 0.0
26 0.0
28 0.9
29 1.3
30 0.8
31 0.2
33 0.5
29 0.0
29 1.1
30 0.6
31 0.7
32 0.8
31 0.0
32 0.0
33 0.0
28 1.1
29 1.6
30 1.0
31 1.3
32 0.8
33 0.7
26 0.0
27 0.0
28 0.0
29 0.0
30 0.0
31 0.0
32 0.0
33 0.0
24 0.0
30 1.2
31 0.7
32 0.6
33 0.8
34 0.0
24 0.0
28 0.0
34 0.5
35 0.5
24 0.0
25 0.0
26 0.0
27 0.0
28 0.0
29 0.0
30 0.0
31 0.0
32 0.0
33 0.0
34 0.0
30 0.0
31 0.0
23 0.0
25 0.0
26 0.0
27 0.0
28 0.0
29 0.0
30 0.0
31 0.0
32 0.1
33 0.0
34 0.0
31 1.5
32 0.7
33 0.6
34 0.8
27 0.0
28 0.1
29 0.0
30 0.2
31 0.0
32 0.0
33 0.0
33 0.0
30 1.8
31 1.8
32 1.2
33 0.9
26 1.1
27 1.0
28 0.9
29 0.6
30 0.7
31 0.9
32 1.0
33 0.3
34 1.1
35 0.1
36 0.4
37 0.8
35 0.4
24 0.0
25 0.0
26 0.0
19 0.0
20 0.1
21 0.2
22 0.5
23 0.0
24 0.9
25 1.9
26 1.1
27 0.3
28 1.3
29 0.8
30 1.4
25 0.0
26 0.0
27 0.0
28 0.0
30 0.5
38 0.3
39 0.4
23 1.8
24 2.2
25 3.0
26 2.6
27 2.3
28 2.6
29 3.0
30 2.4
31 2.1
32 1.7
27 1.4
28 0.7
29 1.9
30 2.2
31 1.3
32 1.0
33 0.8
27 1.2
28 0.9
29 0.7
30 0.3
30 0.0
31 0.0
34 0.1
35 0.0
36 0.2
37 0.1
20 0.0
21 0.2
22 0.0
23 0.0
27 0.5
28 0.5
29 0.3
30 0.9
21 0.0
22 0.0
23 0.0
24 0.0
25 0.0
26 0.0
27 0.0
28 0.1
23 1.1
24 1.2
25 0.7
26 0.8
27 1.4
28 1.4
29 1.2
30 0.9
23 2.2
24 2.0
25 1.8
26 1.3
27 2.1
28 2.0
29 1.7
30 2.3
31 1.8
32 1.5
33 2.2
34 1.6
35 1.1
36 1.6
37 1.6
37 1.3
38 1.0
23 0.0
24 0.0
25 0.0
26 0.0
27 0.0
28 0.0
29 0.0
30 0.0
31 0.0
28 0.0
29 0.0
30 0.0
31 0.0
32 0.0
33 0.0
34 0.0
35 0.0
36 0.0
37 0.0
38 0.0
39 0.0
23 1.3
24 1.2
25 1.1
26 1.2
27 1.6
28 1.8
29 1.3
30 1.2
31 0.9
23 0.0
24 0.0
25 0.0
26 0.0
26 0.0
27 0.0
28 0.0
21 0.0
22 0.0
23 0.0
24 0.0
25 0.0
26 0.0
21 0.8
22 0.4
23 1.3
24 1.4
25 1.5
26 1.5
27 2.0
28 1.7
29 1.5
30 1.6
31 1.7
32 0.1
33 0.6
34 1.0
35 1.0
29 1.7
30 1.6
31 1.2
32 1.9
33 0.8
25 1.2
26 0.9
27 1.3
28 0.9
29 0.9
25 0.3
26 0.1
27 0.0
28 0.1
29 0.0
30 0.0
31 0.0
32 0.0
23 0.0
24 0.0
25 0.0
26 0.0
27 0.0
28 0.0
29 0.0
30 0.0
24 2.7
25 2.4
26 1.0
27 1.4
28 1.7
29 1.1
30 1.3
24 0.0
25 0.0
26 0.0
27 0.0
28 0.0
26 0.0
27 0.0
28 0.0
29 0.0
30 0.0
31 0.0
32 0.0
33 0.0
34 0.0
35 0.0
36 0.0
26 0.1
26 1.4
27 1.5
28 1.2
29 0.9
30 1.9
31 1.4
32 1.5
33 1.7
34 1.0
30 0.8
31 1.5
32 1.2
33 1.1
30 0.0
31 0.0
32 0.0
33 0.0
27 0.1
28 0.1
29 0.0
30 0.2
31 0.3
32 0.1
33 0.0
24 0.9
25 0.5
26 0.3
27 0.5
28 0.2
29 0.0
30 0.2
30 1.3
31 1.8
32 1.5
33 1.5
34 1.4
35 0.3
24 0.0
25 0.0
26 0.0
27 0.0
29 1.6
30 1.0
31 0.5
29 0.0
30 0.0
31 0.0
32 0.0
33 0.0
34 0.0
35 0.0
26 0.8
27 0.6
28 0.5
28 0.3
29 0.5
30 0.5
31 0.5
32 0.2
33 0.4
25 2.0
26 1.9
27 1.7
28 1.5
29 1.8
30 1.6
31 1.4
27 0.0
28 0.0
29 0.0
30 0.0
29 0.0
30 0.0
32 0.0
33 0.0
34 0.0
35 0.0
25 0.6
26 1.2
27 0.6
30 1.6
31 1.0
27 0.0
28 0.0
29 0.0
30 0.0
31 0.1
32 0.0
38 0.0
39 0.0
40 0.0
41 0.0
21 1.0
22 1.0
23 1.0
24 1.0
25 1.4
26 1.3
27 1.5
28 2.2
29 1.4
30 1.0
31 0.9
32 1.9
33 0.6
25 0.0
26 0.0
27 0.0
28 0.0
29 0.0
30 0.0
31 0.0
32 0.0
23 0.9
24 0.4
25 0.3
26 0.1
23 0.0
24 0.0
25 0.0
26 0.0
27 0.0
28 0.0
29 0.0
30 0.0
31 0.0
23 0.0
24 0.0
25 0.0
26 0.0
20 1.3
21 2.3
22 2.6
23 2.5
24 2.8
25 1.7
26 1.0
27 2.0
28 1.4
29 0.8
21 0.1
22 0.3
22 0.1
23 0.5
24 0.1
25 0.1
26 0.2
27 0.5
26 0.1
27 0.0
23 1.1
24 0.8
25 0.9
26 0.8
27 1.9
28 1.7
29 1.5
30 1.5
31 1.2
32 1.0
33 1.9
34 1.0
23 0.0
24 0.0
22 0.0
23 0.0
24 0.0
25 0.0
21 0.0
22 0.4
23 0.2
22 0.0
23 0.0
24 0.0
25 0.0
26 0.0
27 0.0
22 0.0
23 0.0
24 0.3
20 0.1
21 0.7
22 0.0
19 0.0
20 0.0
21 0.0
22 0.0
23 0.0
24 0.0
25 0.0
26 0.0
27 0.0
28 0.0
29 0.0
22 0.0
23 0.0
24 0.3
19 0.0
20 0.0
21 0.0
22 0.0
23 0.0
24 0.0
25 0.0
26 0.0
27 0.0
28 0.0
29 0.0
30 0.0
31 0.0
32 0.0
32 0.0
33 0.0
23 0.0
24 0.1
25 0.2
26 0.2
27 0.1
23 0.0
24 0.0
25 0.0
26 0.0
27 0.0
28 0.0
29 0.0
30 0.0
31 0.0
23 0.0
24 0.0
25 0.0
26 0.0
27 0.0
28 0.0
29 0.0
30 0.0
31 0.0
32 0.0
33 0.0
34 0.0
19 0.0
20 0.0
21 0.0
22 0.0
23 0.0
24 0.0
25 0.0
26 0.0
20 0.0
21 0.0
22 0.0
23 0.0
24 0.0
25 0.0
26 0.0
27 0.0
28 0.0
29 0.0
30 0.0
26 0.4
27 0.2
28 0.4
20 0.0
21 0.0
20 0.0
25 0.1
26 0.0
27 0.1
21 0.0
22 0.1
23 0.0
24 0.0
25 0.1
26 0.1
27 0.0
28 0.0
29 0.0
30 0.1
31 0.2
32 0.1
33 0.2
34 0.2
34 0.3
35 0.9
19 0.8
22 0.2
23 0.0
24 0.0
25 0.1
26 0.1
27 0.0
28 0.0
29 0.0
22 0.0
22 0.0
23 0.0
24 0.0
25 0.0
26 0.0
27 0.0
28 0.0
29 0.0
30 0.0
31 0.0
32 0.0
20 0.0
21 0.0
22 0.0
23 0.0
24 0.0
25 0.0
25 0.0
26 0.0
27 0.0
28 0.0
29 0.0
30 0.0
31 0.0
32 0.0
26 0.9
27 1.3
28 1.4
29 2.1
30 1.0
31 0.6
32 1.1
33 0.5
21 0.1
22 0.6
23 0.9
24 0.8
25 0.9
26 0.9
27 1.4
28 0.7
29 1.7
30 1.8
31 0.3
32 1.5
33 0.9
34 0.9
34 0.9
35 0.8
20 0.9
21 1.0
22 2.2
23 1.6
24 2.1
25 2.1
26 1.9
27 1.7
28 1.2
29 2.1
30 2.1
31 2.1
32 1.5
33 1.5
33 1.5
34 1.4
38 0.2
20 0.5
21 0.9
22 0.6
23 0.5
24 0.2
25 0.6
26 0.3
27 0.4
28 0.6
27 1.2
28 1.2
29 0.6
26 0.0
29 0.0
28 0.0
29 0.0
23 0.1
21 0.0
22 0.2
23 0.8
24 0.8
25 0.9
26 1.3
27 2.2
28 1.8
29 0.1
30 0.5
31 0.8
23 0.1
19 1.0
20 0.8
21 0.5
22 0.1
23 0.2
24 0.2
25 0.3
26 0.2
27 0.3
28 0.2
29 0.4
30 0.4
31 0.6
32 0.6
32 0.4
33 0.4
21 1.4
22 1.8
23 2.0
24 1.8
25 0.7
26 1.5
27 1.3
28 0.7
29 0.9
30 1.0
31 0.2
20 0.0
21 0.0
22 0.0
23 0.2
24 0.2
25 0.3
26 0.6
27 0.2
28 0.1
29 0.1
30 0.0
31 0.0
32 0.1
33 0.1
33 0.1
34 0.3
29 0.0
30 0.0
31 0.0
32 0.0
21 1.5
22 1.0
23 1.7
24 2.4
25 2.2
26 3.0
27 1.8
28 2.0
29 2.4
30 1.9
31 1.7
22 0.2
20 0.1
23 0.2
24 0.1
25 0.4
26 0.4
27 0.8
28 0.3
29 0.6
30 0.3
31 0.0
32 0.0
25 0.0
26 0.1
27 0.1
21 0.0
22 0.0
23 0.7
24 1.4
26 0.0
23 0.0
24 0.0
25 0.0
26 0.0
27 0.0
23 0.6
24 1.5
25 1.5
26 0.4
27 0.8
28 1.0
25 0.4
22 0.5
23 0.2
19 0.0
20 0.0
21 0.2
22 0.3
23 0.5
24 1.1
25 0.5
26 0.7
27 0.9
28 0.8
29 0.7
30 0.3
31 0.0
32 0.0
22 0.4
23 0.3
24 0.7
25 1.6
26 1.2
27 0.6
28 0.3
29 0.7
30 0.5
31 0.2
32 0.1
33 0.1
21 0.4
22 0.5
23 0.4
23 0.0
24 0.0
25 0.0
26 0.0
22 0.0
24 0.0
25 0.0
26 0.0
21 0.0
22 0.0
23 0.0
24 0.0
25 0.0
26 0.0
27 0.0
28 0.0
29 0.0
30 0.0
31 0.0
32 0.0
33 0.0
22 0.5
24 0.1
25 0.7
26 0.5
27 1.4
28 0.6
29 0.4
30 1.2
22 0.1
23 0.5
24 0.5
25 0.3
26 1.1
27 1.0
28 0.6
29 1.0
30 1.5
31 1.6
32 1.8
33 1.1
34 1.1
34 0.2
23 1.1
24 0.9
25 1.2
26 1.7
27 0.9
28 1.7
29 1.8
30 1.0
31 0.6
24 0.2
25 1.2
26 0.5
27 0.3
28 0.5
24 0.8
25 0.8
26 0.9
27 1.0
28 0.6
29 0.5
22 1.3
23 1.4
24 0.9
25 0.9
26 2.0
27 1.8
28 1.1
29 1.7
30 1.5
31 1.7
32 1.5
33 1.7
34 1.7
34 1.3
35 1.0
24 0.0
25 0.0
26 0.0
27 0.0
28 0.0
29 0.0
22 0.0
23 0.0
24 0.0
25 0.0
26 0.0
27 0.0
28 0.0
29 0.0
30 0.0
31 0.0
32 0.0
33 0.0
34 0.0
24 0.0
25 0.0
26 0.0
27 0.0
28 0.0
29 0.0
30 0.0
31 0.0
32 0.0
25 1.1
26 1.3
27 1.3
28 1.7
29 2.1
30 1.6
31 1.8
32 1.9
33 1.5
34 1.4
35 1.3
36 1.3
37 1.3
37 1.2
38 1.3
25 0.8
26 0.5
27 0.5
28 0.9
29 0.6
21 0.1
22 0.1
23 0.0
24 0.0
25 0.0
26 0.0
27 0.0
28 0.1
29 0.3
30 0.1
31 0.3
32 0.5
33 0.5
33 0.2
22 0.0
23 0.0
20 0.0
21 0.0
22 0.0
23 0.0
24 0.0
25 0.0
26 0.0
27 0.0
28 0.0
29 0.0
30 0.0
31 0.0
32 0.0
32 0.0
33 0.0
23 0.0
24 0.0
21 1.0
22 0.8
24 0.9
25 1.1
26 0.5
27 0.5
28 0.6
29 0.2
22 0.8
21 0.1
22 0.2
23 0.2
24 0.0
25 0.1
26 0.0
27 0.3
28 0.0
29 0.1
30 0.0
23 0.3
24 1.1
25 0.9
26 0.6
27 1.1
28 1.0
23 0.0
22 0.5
22 0.0
23 0.0
24 0.0
25 0.0
26 0.0
27 0.0
23 0.8
24 0.5
25 0.5
26 0.3
27 0.5
28 1.1
29 0.9
22 0.5
23 1.1
24 0.5
25 1.5
26 1.3
23 0.3
24 0.2
25 1.0
26 1.6
27 1.6
28 1.3
29 1.1
30 0.4
31 1.4
23 0.7
24 0.7
25 0.7
26 1.0
27 0.8
22 0.7
23 0.6
24 0.8
25 1.0
26 0.6
27 0.7
28 0.6
29 0.4
30 0.6
31 0.5
32 0.3
33 0.5
34 0.5
34 0.1
22 0.7
23 1.1
24 1.2
23 0.6
24 0.5
25 0.3
26 0.5
27 0.5
28 1.6
29 1.5
30 1.1
31 0.7
32 1.3
33 0.8
34 0.4
35 0.4
19 0.0
20 0.0
21 0.0
22 0.0
25 0.0
26 0.0
22 0.2
23 0.3
20 0.0
21 0.0
22 0.0
23 0.0
24 0.1
25 0.1
26 0.0
27 0.1
28 0.1
29 0.0
30 0.0
31 0.0
32 0.0
32 0.0
23 0.0
19 0.1
20 0.1
21 0.1
19 0.7
20 0.5
23 0.9
24 0.5
25 0.2
20 0.0
21 0.0
22 0.0
23 0.0
24 0.0
25 0.0
26 0.0
27 0.0
28 0.0
29 0.0
23 0.2
24 0.1
25 0.1
26 0.1
27 0.2
22 0.3
23 0.0
21 0.2
22 0.0
23 0.4
19 0.6
20 0.5
21 0.6
22 0.8
23 1.0
24 0.9
25 1.2
26 1.2
27 2.3
28 2.2
29 1.5
30 1.5
30 1.5
31 2.0
22 0.3
23 0.4
24 0.1
25 1.1
26 0.1
27 0.3
28 0.0
21 0.8
22 1.5
23 2.4
24 2.0
25 1.3
26 1.0
27 1.2
28 1.0
29 0.4
30 0.4
31 0.7
32 0.7
32 0.6
33 0.5
23 0.1
24 0.1
25 1.4
26 0.7
27 1.5
28 0.8
29 0.6
30 0.7
31 1.4
32 1.5
33 1.8
34 1.8
34 1.6
35 1.2
23 0.8
24 1.1
25 0.8
26 1.5
27 2.0
28 1.5
29 0.9
30 1.0
31 1.6
32 1.4
33 1.0
34 1.0
34 0.9
23 0.8
24 0.9
25 0.9
26 1.8
27 1.1
28 0.9
29 1.1
30 0.6
31 1.1
32 0.5
23 0.0
19 0.0
20 0.0
21 0.2
22 0.1
23 0.2
24 0.1
25 0.1
26 0.2
27 0.3
28 0.9
29 1.4
30 1.4
30 1.5
27 0.0
22 0.3
23 0.1
23 0.5
24 0.9
25 1.5
26 1.3
27 0.2
28 0.2
29 0.3
30 0.2
31 0.0
23 1.1
24 0.4
25 0.7
26 0.8
27 0.4
28 0.1
29 0.9
30 0.3
22 0.0
23 0.1
24 0.1
25 0.1
26 0.4
27 0.3
28 0.1
29 0.1
30 0.0
31 0.3
23 0.5
24 0.0
21 0.1
22 0.1
23 0.2
24 0.2
25 0.9
26 0.8
27 1.0
28 0.5
29 0.4
30 0.6
31 0.7
32 0.7
32 0.3
33 0.3
25 0.3
23 0.0
24 0.0
25 0.0
26 0.0
19 0.0
27 0.0
28 0.0
29 0.0
30 0.0
31 0.0
32 0.0
33 0.0
34 0.0
26 0.7
27 0.7
23 0.2
24 0.0
23 0.6
22 0.5
23 1.0
24 0.7
25 0.7
26 0.6
27 0.6
28 0.7
29 0.9
30 1.0
31 0.7
32 0.8
33 0.8
30 0.0
23 0.0
24 0.0
25 0.0
26 0.0
27 0.0
28 0.0
29 0.0
30 0.0
31 0.0
32 0.0
33 0.0
34 0.0
34 0.0
35 0.0
22 0.8
23 0.8
24 0.8
25 0.9
26 1.3
27 1.3
23 1.9
24 1.6
25 1.8
26 1.1
27 1.4
28 1.4
29 1.0
30 1.0
31 1.2
32 1.2
33 0.9
34 0.9
34 0.5
23 0.4
24 0.5
25 1.3
26 0.9
27 1.1
28 0.7
29 0.4
30 0.2
31 0.5
23 0.0
19 1.4
20 1.6
21 1.3
22 1.5
23 1.6
24 1.7
25 1.2
26 0.9
27 1.4
28 1.5
29 1.7
30 1.7
30 1.1
31 1.7
24 0.0
23 0.0
24 0.4
25 0.2
26 0.1
27 0.1
23 0.4
24 0.0
25 0.1
26 0.0
27 0.1
28 0.1
29 0.3
30 0.5
31 0.1
23 0.9
24 1.5
25 1.2
26 1.6
27 0.8
28 1.0
29 1.5
30 0.9
31 0.4
32 1.4
33 1.1
34 1.1
34 0.9
35 0.6
21 0.0
22 0.0
23 0.0
24 0.0
25 0.0
26 0.0
27 0.0
28 0.0
29 0.0
30 0.0
31 0.0
32 0.0
32 0.1
22 1.0
23 0.4
24 1.6
25 0.7
26 1.2
27 1.1
28 0.0
29 0.3
22 2.8
23 2.2
24 1.8
25 1.5
26 1.3
27 1.1
28 1.5
29 1.8
30 2.6
31 2.6
32 2.9
33 2.9
33 2.0
34 2.4
18 0.1
19 0.0
23 0.6
24 0.3
25 0.4
26 0.3
18 0.0
19 0.0
20 0.0
21 0.0
22 0.0
23 0.0
24 0.0
25 0.0
26 0.0
19 0.1
20 0.2
21 0.1
22 0.5
23 1.1
24 1.2
25 0.9
26 0.4
27 0.4
28 0.7
19 0.0
20 0.0
21 0.0
22 0.0
23 0.0
24 0.0
25 0.0
26 0.0
27 0.0
28 0.0
29 0.0
30 0.0
30 0.0
31 0.0
20 0.5
21 0.7
22 0.9
23 0.7
24 0.7
25 0.5
26 0.4
27 0.4
28 0.5
23 0.0
19 0.0
20 0.0
21 0.0
22 0.0
23 0.0
24 0.0
25 0.0
26 0.0
27 0.0
28 0.0
29 0.0
30 0.0
30 0.0
21 1.0
22 1.1
23 1.3
24 1.0
25 1.5
26 1.5
27 1.5
28 1.5
29 1.1
21 0.3
22 0.2
22 0.8
23 0.5
24 0.7
25 0.3
26 0.8
27 0.8
28 1.1
29 0.9
30 0.8
31 0.6
32 0.4
33 0.4
23 0.1
25 0.0
26 0.0
27 0.0
28 0.0
29 0.0
30 0.0
31 0.0
21 0.0
22 0.0
23 0.0
22 0.2
23 0.2
24 0.4
25 0.4
26 1.1
27 0.9
28 0.8
29 0.3
30 0.2
31 0.2
32 0.5
33 0.5
33 0.1
34 0.8
23 0.3
24 0.3
25 0.8
26 0.4
27 0.3
28 0.2
29 0.1
30 0.2
31 0.4
23 0.1
24 0.0
25 0.2
26 0.1
27 0.1
28 0.1
29 0.0
30 0.0
31 0.1
32 0.1
33 0.1
34 0.1
34 0.0
35 0.0
21 0.4
22 1.3
23 1.2
24 1.3
25 2.3
26 2.3
27 1.4
28 1.8
29 1.3
30 1.1
31 1.8
32 1.8
32 0.9
23 0.2
24 0.2
25 0.2
26 0.1
27 0.0
28 0.1
29 0.1
30 0.0
31 0.2
32 0.2
33 0.2
33 0.2
34 0.2
24 0.0
25 0.0
19 0.0
20 0.0
21 0.1
22 0.7
23 1.9
24 1.1
25 0.7
26 1.4
27 2.3
28 2.4
29 2.4
29 2.3
30 2.4
22 0.1
23 0.0
24 0.3
18 0.0
19 0.0
20 0.0
21 0.0
22 0.0
23 0.0
24 0.0
25 0.0
26 0.0
24 1.3
25 0.6
26 0.7
27 1.5
28 1.4
29 1.6
30 1.6
31 0.8
32 0.7
33 0.6
34 0.6
34 0.5
24 0.0
19 0.0
20 0.0
21 0.4
22 0.5
23 0.3
24 0.0
25 0.0
26 0.0
27 0.0
28 0.0
29 0.0
30 0.0
31 0.0
32 0.0
33 0.2
34 0.2
34 0.0
35 0.0
22 0.3
23 0.6
24 1.5
19 0.3
20 0.0
21 0.1
22 0.2
23 0.5
24 1.4
25 1.5
26 1.0
27 0.9
28 1.1
29 1.1
29 1.2
30 0.9
22 1.4
23 1.1
24 0.8
25 1.6
26 1.3
27 0.3
28 0.8
29 0.7
23 0.0
21 2.1
22 1.9
23 2.0
24 2.1
25 1.2
26 1.3
27 1.2
28 1.5
29 0.4
30 0.6
31 0.6
21 0.1
22 0.2
23 0.9
24 0.9
25 0.9
26 0.8
27 1.2
28 1.3
29 0.8
30 1.3
31 1.3
31 0.8
32 0.9
22 0.0
23 0.0
24 0.0
19 0.0
20 0.0
21 0.0
22 0.0
23 0.0
24 0.0
25 0.0
26 0.0
27 0.0
28 0.0
29 0.0
29 0.0
30 0.0
19 0.0
20 0.0
21 0.0
22 0.0
23 0.0
24 0.0
25 0.0
26 0.0
27 0.0
28 0.0
29 0.0
29 0.6
30 0.3
21 0.7
22 0.6
23 1.2
24 1.0
25 1.1
26 0.9
27 1.2
28 1.1
29 1.0
30 1.0
31 1.0
31 0.8
32 0.8
24 0.0
25 0.0
26 0.0
27 0.0
28 0.0
29 0.0
23 0.1
24 0.1
25 0.5
26 0.5
27 0.3
28 0.3
29 0.5
30 0.7
31 0.0
23 0.3
24 0.4
25 0.8
20 0.0
21 0.0
22 0.0
23 0.0
24 0.0
25 0.0
26 0.0
27 0.0
28 0.0
29 0.0
30 0.0
30 0.0
31 0.0
24 0.0
22 0.1
23 0.0
24 0.0
21 0.0
22 0.0
23 0.0
24 0.0
25 0.0
26 0.0
19 0.0
20 0.1
21 0.9
22 1.6
23 1.8
24 2.3
25 1.5
26 2.2
27 2.0
28 2.1
29 1.7
30 1.9
31 1.9
31 0.9
22 1.1
23 0.8
24 0.9
25 2.0
26 1.3
27 1.6
28 1.5
29 2.2
30 2.0
31 1.4
32 1.4
32 1.1
33 1.4
25 1.1
26 1.5
27 1.5
28 1.6
29 1.3
30 0.8
31 0.1
22 0.0
23 0.0
24 0.0
25 0.0
26 0.0
27 0.0
28 0.0
29 0.0
20 0.0
23 0.0
24 0.0
24 0.0
25 0.0
23 0.0
24 0.0
25 0.1
26 0.5
27 0.1
28 0.0
19 0.0
21 0.1
19 0.9
20 2.4
21 2.1
22 2.2
23 2.1
24 1.6
25 1.9
26 1.9
27 2.6
28 2.3
29 2.3
29 2.6
30 2.3
19 0.4
20 0.5
21 0.3
22 0.4
23 0.0
24 0.7
25 0.4
26 0.8
27 0.9
28 0.9
29 0.9
29 0.7
21 0.7
22 0.3
23 0.1
23 0.0
24 0.0
27 0.1
19 0.0
19 0.8
20 0.5
21 0.5
22 1.0
23 0.3
24 0.8
25 0.6
26 0.9
29 0.6
24 0.0
29 0.0
22 0.4
23 0.5
24 0.8
25 0.5
26 0.9
27 0.8
28 0.3
29 0.5
30 0.5
31 0.3
32 0.3
32 0.3
33 0.3
22 0.0
23 0.0
24 0.0
25 0.0
26 0.0
27 0.0
28 0.0
29 0.0
30 0.0
31 0.0
32 0.0
32 0.0
33 0.0
23 0.0
20 0.7
21 0.8
22 1.6
23 1.0
24 0.4
25 1.4
21 1.2
22 0.9
23 0.8
24 1.4
25 0.4
26 0.5
27 0.6
25 0.2
26 0.6
27 0.7
28 0.7
29 0.2
30 0.0
31 0.1
32 0.3
19 0.2
20 0.1
21 0.1
22 0.0
23 0.8
24 2.4
25 1.7
26 1.7
27 1.0
28 0.9
29 0.9
23 0.3
24 0.0
25 0.0
20 0.0
21 0.0
22 0.0
23 0.0
24 0.0
25 0.0
26 0.0
27 0.0
28 0.1
29 0.1
29 0.0
30 0.0
22 0.0
19 0.1
20 0.0
21 0.1
22 0.2
23 0.1
24 0.1
25 0.0
26 0.2
21 0.0
22 0.0
23 0.0
24 0.0
25 0.0
26 0.0
27 0.0
28 0.0
29 0.0
30 0.0
30 0.0
31 0.0
18 0.0
19 0.0
20 0.0
21 0.0
22 0.0
23 0.0
24 0.3
25 1.0
26 1.2
27 1.0
28 0.8
29 1.1
30 1.8
31 2.4
32 1.4
33 1.4
33 1.2
34 0.5
23 0.7
24 1.1
25 0.8
26 0.1
22 0.0
23 0.0
24 0.0
20 0.5
21 0.1
22 0.3
23 1.2
24 1.7
25 1.1
26 1.1
27 0.8
28 1.0
29 1.0
29 1.1
30 0.6
22 0.2
21 1.3
22 0.7
23 0.7
24 0.8
25 1.5
26 1.0
27 1.4
28 1.0
29 0.3
30 0.3
30 0.8
31 0.6
22 0.0
23 0.0
24 0.2
25 2.1
26 2.2
27 1.4
24 0.7
25 1.4
26 1.4
27 0.9
28 1.4
29 0.8
30 1.2
31 1.3
32 0.7
33 0.7
23 0.2
24 0.7
25 1.3
26 1.0
27 0.9
28 0.1
23 0.1
24 0.1
25 0.0
26 0.0
27 0.2
23 0.2
24 0.3
25 0.4
26 0.2
27 0.1
22 1.3
23 2.1
24 2.7
25 2.5
26 2.0
27 2.0
28 0.4
29 1.0
30 1.0
31 1.0
20 1.2
21 0.5
22 0.4
23 0.0
24 0.0
22 0.0
23 0.0
24 0.0
25 0.0
26 0.0
27 0.0
28 0.0
29 0.0
30 0.0
31 0.0
31 0.0
23 2.2
24 1.1
25 0.6
26 0.8
27 0.7
22 0.0
22 0.8
23 0.8
24 1.0
25 1.0
26 0.4
27 0.9
28 1.0
29 0.8
30 0.5
31 0.5
31 1.0
32 0.0
29 0.7
18 0.0
19 0.0
20 0.0
21 0.0
22 0.0
23 0.0
24 0.1
25 0.3
26 0.3
27 0.3
27 0.1
28 0.3
22 0.0
23 0.0
24 0.0
25 0.0
21 1.1
22 1.2
23 1.1
18 0.1
22 0.0
23 0.0
24 0.0
25 0.0
26 0.0
27 0.0
28 0.0
29 0.0
30 0.0
31 0.0
31 0.0
32 0.0
23 0.3
23 0.1
22 0.0
23 0.0
24 0.0
25 0.0
26 0.0
27 0.0
28 0.0
29 0.0
30 0.0
31 0.0
21 0.1
21 0.5
22 1.9
23 1.1
18 0.2
19 0.5
20 0.9
21 1.2
22 1.4
23 0.8
24 1.9
25 1.6
26 2.2
27 2.2
27 2.2
28 2.2
30 0.0
31 0.0
32 0.0
33 0.0
34 0.0
20 0.8
21 1.2
22 0.8
23 1.2
24 0.9
25 1.3
26 1.1
27 1.3
28 1.7
29 1.7
29 1.6
30 2.0
20 0.0
21 0.0
22 0.0
23 0.0
24 0.0
25 0.0
26 0.0
23 0.0
24 0.0
25 0.0
26 0.1
27 0.0
22 0.4
23 0.4
24 0.4
25 0.3
26 0.3
27 0.4
28 0.3
29 0.3
30 0.7
31 0.7
31 1.1
32 0.2
22 0.0
23 0.0
24 0.1
25 0.0
22 1.1
23 0.0
21 1.3
22 1.3
23 1.7
24 1.6
25 1.1
26 1.3
27 1.7
28 1.3
29 0.7
30 0.7
30 0.0
23 0.0
22 0.0
24 0.1
23 0.9
24 0.8
23 0.1
22 0.0
23 0.0
24 0.0
25 0.0
26 0.0
27 0.0
28 0.0
29 0.0
30 0.0
31 0.0
32 0.0
21 0.7
22 0.7
23 1.1
24 1.3
25 1.6
26 1.2
27 1.3
28 0.7
29 1.3
30 1.3
30 0.8
20 0.0
21 0.1
22 1.0
23 0.0
24 0.2
25 0.1
26 0.0
27 0.0
28 0.0
29 0.0
19 1.1
20 1.6
21 0.0
22 1.5
23 1.2
24 0.8
25 1.8
26 1.9
27 0.3
28 0.3
21 1.0
22 1.0
23 1.0
24 1.3
25 1.6
26 2.1
27 2.2
28 1.5
29 1.3
30 1.3
30 1.5
31 1.3
19 0.2
20 0.7
21 0.8
22 1.1
23 1.2
24 1.3
25 1.8
26 1.3
27 1.9
28 1.9
28 1.6
29 2.0
19 0.2
20 0.0
21 0.9
22 0.5
23 0.6
24 1.0
25 0.7
26 1.3
27 1.2
28 1.2
28 1.9
29 1.6
21 0.3
22 0.6
23 0.7
24 0.9
25 0.0
21 0.3
22 0.1
23 0.0
21 0.0
22 0.1
23 0.1
24 0.0
25 0.0
26 0.0
27 0.0
28 0.5
29 0.5
29 0.0
30 0.3
24 0.0
25 0.0
26 0.0
27 0.0
28 0.0
29 0.0
30 0.0
31 0.0
32 0.0
32 0.0
22 0.0
23 0.0
24 0.0
25 0.0
22 0.0
23 0.9
24 1.3
25 1.1
22 0.0
23 0.0
24 0.0
25 0.1
26 0.1
22 0.5
23 0.7
24 0.7
25 0.8
26 1.3
27 1.3
21 1.2
22 1.5
23 1.5
24 1.2
25 1.1
26 1.1
27 0.7
28 0.5
29 0.5
29 0.1
22 0.0
23 0.0
24 0.0
21 0.1
22 0.3
23 0.1
24 0.1
25 0.3
26 0.4
27 0.0
25 0.0
26 0.0
21 0.4
22 0.3
23 0.8
24 0.9
25 1.2
26 0.7
27 0.0
28 0.6
29 0.6
22 0.5
23 1.2
24 0.6
25 0.6
22 0.2
23 0.3
24 0.1
22 0.0
23 0.0
24 0.0
24 0.4
25 0.8
26 0.2
22 0.6
23 0.5
20 1.4
21 0.8
22 1.0
23 1.5
24 1.4
23 1.6
24 1.6
25 0.9
26 1.1
27 2.0
28 2.2
29 2.3
30 1.9
31 1.9
31 0.9
32 1.0
29 0.9
20 1.7
21 1.1
22 0.8
23 1.1
24 0.8
25 1.1
26 0.9
27 1.2
28 1.2
28 1.1
29 1.4
23 0.4
20 2.0
21 1.4
22 1.3
23 1.8
24 1.6
25 1.2
27 0.4
28 0.7
22 0.0
23 0.0
24 0.0
25 0.0
26 0.0
27 0.0
28 0.0
29 0.0
30 0.0
30 0.0
23 0.0
23 0.4
22 0.0
23 0.0
24 0.0
25 0.0
26 0.0
27 0.0
28 0.0
22 0.3
23 0.1
20 0.4
21 0.3
22 0.5
23 1.7
24 1.7
25 1.5
26 2.4
27 1.9
28 1.9
28 2.8
29 3.2
21 0.0
22 0.0
23 0.0
24 0.1
25 0.1
26 0.2
27 1.0
28 1.1
29 1.1
29 0.9
30 1.1
21 0.0
22 0.0
23 0.0
23 1.0
24 1.7
25 0.4
26 0.9
27 2.5
28 1.8
29 1.0
30 0.5
31 0.5
31 0.7
32 0.1
20 0.0
21 0.0
22 0.0
31 1.6
32 1.2
33 1.3
34 1.2
35 1.0
23 0.0
24 0.0
25 0.0
26 0.0
23 1.1
24 0.8
25 0.4
26 0.3
22 0.5
23 1.0
24 1.4
25 1.5
26 1.7
27 2.1
28 2.1
29 2.6
30 2.6
30 2.7
31 2.6
22 0.3
23 0.5
20 0.2
21 0.5
22 0.5
20 0.1
21 0.2
22 0.2
23 0.1
24 0.2
25 0.3
26 0.9
27 0.4
28 0.4
28 0.9
29 0.7
22 1.0
23 1.1
24 1.1
25 0.8
22 0.4
23 0.4
24 0.5
25 0.4
26 0.7
27 1.3
28 0.8
29 0.5
30 0.5
30 0.6
31 0.7
20 0.0
21 0.0
21 0.0
22 0.0
23 0.0
24 0.0
25 0.0
26 0.0
27 0.0
20 0.0
21 0.0
22 0.0
23 0.0
24 0.0
25 0.1
22 0.4
22 0.0
21 1.0
22 0.2
23 0.4
20 0.7
21 0.1
23 0.0
24 0.0
25 0.0
26 0.0
27 0.0
22 0.6
23 1.3
24 1.5
25 1.4
26 1.1
27 1.8
28 1.5
29 1.5
29 1.3
30 1.0
23 0.7
22 0.2
25 0.0
26 0.0
27 0.0
28 0.0
29 0.0
30 0.0
31 0.0
32 0.0
32 0.0
33 0.0
21 1.2
22 0.9
23 1.7
24 1.6
25 1.1
26 1.6
27 1.4
28 1.4
28 1.3
29 1.4
21 0.3
22 1.0
23 0.4
24 0.6
25 1.1
26 0.7
27 0.8
28 0.8
28 0.7
29 0.3
23 1.4
24 2.5
25 1.2
20 1.3
21 0.6
22 1.6
23 0.4
24 1.2
25 2.0
26 1.8
27 1.8
20 1.1
21 1.0
22 1.0
23 1.0
24 1.3
25 1.4
26 1.5
27 1.5
27 1.4
28 2.5
20 2.0
21 0.9
22 1.5
23 1.4
24 0.5
20 0.0
23 0.0
22 0.0
23 0.0
24 0.0
25 0.0
26 0.0
27 0.1
28 0.0
29 0.0
22 0.4
23 1.5
24 1.3
25 1.2
26 1.3
27 1.1
28 1.0
29 1.0
29 1.2
30 1.2
19 1.3
20 1.6
21 1.9
22 2.0
23 1.7
24 2.4
25 2.4
26 2.4
26 2.6
27 1.9
21 0.0
22 0.0
23 0.0
24 0.0
22 0.3
23 0.0
24 0.0
25 0.0
26 0.0
27 0.0
28 0.0
29 0.0
30 0.0
30 0.0
31 0.0
23 0.0
24 0.0
25 0.0
26 0.0
27 0.0
28 0.0
21 1.2
22 1.3
23 0.9
19 0.5
20 0.4
21 0.1
22 0.1
23 0.4
24 1.6
25 0.8
26 0.8
26 0.7
27 0.5
21 0.0
22 0.0
23 0.0
24 0.0
25 0.0
26 0.1
27 0.1
28 0.1
28 1.1
29 1.3
20 0.8
21 0.3
22 0.0
23 0.1
24 0.0
25 0.0
26 0.0
27 0.0
28 0.0
29 0.0
30 0.0
31 0.0
31 0.2
23 0.2
24 0.2
25 0.1
22 0.0
23 0.0
24 0.0
25 0.0
26 0.0
20 0.0
21 0.2
22 0.3
23 0.1
24 0.4
25 1.3
26 0.5
27 0.5
27 0.3
28 0.6
27 0.8
28 0.5
29 0.6
30 0.3
23 0.0
22 0.0
23 0.0
24 0.0
25 0.0
26 0.0
27 0.0
28 0.0
29 0.0
29 0.0
30 0.0
22 0.4
23 0.3
21 0.3
23 0.0
27 0.0
28 0.0
29 0.0
30 0.0
31 0.0
32 0.0
33 0.1
34 0.1
34 0.9
35 0.5
21 0.1
22 0.0
23 0.0
24 0.7
25 0.5
26 0.4
27 0.3
28 0.3
28 0.4
29 0.4
24 0.0
21 0.3
22 0.2
23 0.4
24 0.6
25 0.7
26 0.3
27 0.8
28 0.8
28 0.3
29 0.5
24 0.3
25 0.1
26 0.1
23 0.3
24 0.1
23 0.6
24 0.7
25 0.5
26 1.4
27 1.1
28 0.8
29 1.2
30 1.2
30 0.4
31 0.5
23 0.0
24 0.0
25 0.2
21 0.0
22 0.0
20 0.0
20 0.0
21 0.0
22 0.0
22 0.7
23 0.9
24 1.6
25 1.7
26 1.3
27 2.1
28 2.0
29 2.0
29 1.4
30 2.8
19 0.7
20 0.7
21 0.1
22 0.0
23 0.0
24 1.1
25 0.5
26 0.5
26 0.1
27 0.6
20 0.0
21 0.4
22 0.0
20 1.2
21 2.1
22 2.7
23 2.6
24 3.0
25 2.0
26 2.0
26 2.0
27 2.8
20 0.0
21 0.0
21 0.9
22 1.4
23 1.3
24 0.9
25 1.9
26 1.0
27 1.0
27 1.1
28 1.2
20 1.5
21 1.5
22 1.8
23 2.3
24 1.8
25 1.4
26 1.4
26 2.0
27 1.8
20 0.4
21 0.7
22 1.4
23 0.9
24 1.1
25 0.5
26 0.5
26 1.9
27 0.7
20 0.4
21 0.8
22 0.8
23 0.6
24 0.4
25 0.3
26 0.3
26 0.2
27 0.3
24 0.6
22 1.0
23 1.2
24 1.6
25 1.6
26 1.2
27 0.9
28 0.9
28 0.8
25 0.0
26 0.0
22 0.2
23 0.3
22 0.9
23 0.8
24 1.0
25 1.1
26 1.6
27 1.2
28 1.2
28 0.9
29 1.6
23 1.6
24 1.5
25 1.3
20 2.3
21 1.7
22 1.4
23 1.9
24 0.0
25 0.0
26 0.0
27 0.0
28 0.0
29 0.0
30 0.0
30 0.0
31 1.4
23 0.0
20 1.9
21 1.9
22 1.1
23 1.3
24 1.6
25 2.3
26 2.3
26 2.5
27 3.3
20 0.9
21 0.7
22 0.5
23 0.0
24 0.0
25 0.0
26 0.0
21 0.0
22 0.0
23 0.0
24 0.0
25 0.0
26 0.0
27 0.0
28 0.0
28 0.0
29 0.0
20 0.0
21 0.0
22 0.0
23 0.0
24 0.0
25 0.0
26 0.0
26 0.0
22 1.0
23 1.0
24 1.1
25 1.7
26 1.3
27 1.6
28 1.6
28 1.7
29 1.9
22 0.0
23 0.0
24 0.1
22 0.0
20 0.0
21 0.0
22 0.0
23 0.0
24 0.0
25 0.0
26 0.0
26 0.0
27 0.0
19 0.0
20 0.0
21 0.0
22 0.0
23 0.0
24 0.0
25 0.0
25 0.0
26 0.0
23 1.1
24 0.9
25 1.5
26 0.7
27 0.9
28 1.2
29 1.2
29 1.0
30 1.4
20 0.0
21 0.0
22 0.0
23 0.0
24 0.0
25 0.0
26 0.0
26 0.0
27 1.8
20 0.0
21 0.0
22 0.0
23 0.0
24 0.0
25 0.0
26 0.0
26 0.0
27 0.0
20 0.6
21 1.2
22 1.9
23 1.1
24 2.5
25 1.9
26 1.9
26 2.1
27 2.4
24 0.9
25 0.8
26 1.7
27 1.4
28 1.0
29 0.3
30 0.3
21 1.7
22 1.4
23 1.5
24 1.7
25 1.6
26 1.4
27 1.4
27 1.3
22 0.1
23 0.0
24 0.0
25 0.2
26 0.1
27 0.9
28 0.9
28 0.2
29 0.5
21 0.0
22 0.0
23 0.0
24 0.0
25 0.0
26 0.0
27 0.0
27 0.0
28 0.0
23 2.0
24 1.9
25 1.7
26 0.4
27 1.2
28 1.9
29 1.9
29 1.2
30 0.8
21 0.0
19 0.0
20 0.0
21 0.0
22 0.0
23 0.4
20 0.2
21 1.6
22 1.4
23 1.5
24 1.4
25 1.5
26 0.0
27 0.4
28 0.1
29 0.1
29 0.9
30 0.9
21 0.0
22 0.0
23 0.0
24 0.0
25 0.1
26 0.1
27 0.1
27 0.3
28 1.3
22 0.0
23 0.0
24 0.0
25 0.0
26 0.0
27 0.0
28 0.0
28 0.1
23 1.1
24 0.7
25 0.5
26 0.7
27 1.6
28 1.4
29 1.4
29 1.4
30 1.4
24 0.2
21 1.4
22 1.0
23 1.1
22 0.6
23 0.6
22 0.0
23 0.3
20 0.3
21 0.4
22 0.9
23 1.2
24 1.5
25 1.3
26 1.3
26 1.3
27 2.5
22 0.0
23 0.0
24 0.0
25 0.0
26 0.0
25 0.6
26 0.5
29 0.2
21 0.9
22 0.7
23 0.5
20 0.0
21 0.0
22 0.0
23 0.0
24 0.0
25 0.0
25 0.0
22 0.0
23 0.0
22 0.1
23 0.1
21 1.1
22 1.5
23 1.1
24 1.0
25 0.8
26 0.8
26 0.4
23 0.0
24 0.3
25 0.3
26 1.3
27 1.7
28 1.7
28 1.8
29 1.5
21 1.3
22 0.8
23 0.6
24 0.9
25 0.5
26 0.5
26 1.6
27 0.4
22 0.0
23 0.0
24 0.6
25 0.8
26 0.4
27 0.4
22 0.5
23 0.6
24 0.6
25 0.9
26 1.3
27 1.3
27 1.2
28 1.1
22 0.0
23 0.0
24 0.0
25 0.0
26 0.0
27 0.0
27 0.7
28 1.1
21 2.0
22 2.1
23 3.5
24 3.3
25 3.6
26 3.6
26 5.1
27 4.1
21 1.0
22 0.3
23 0.7
24 0.5
25 0.7
26 0.7
20 0.1
21 0.4
22 0.4
23 0.8
24 0.4
25 0.4
25 0.6
26 0.4
23 1.8
24 0.7
25 1.2
26 0.6
27 0.4
28 0.4
28 1.3
29 0.3
22 0.8
23 0.7
24 1.2
25 0.6
26 1.4
27 1.4
27 1.3
28 2.4
20 0.8
21 0.3
22 0.7
23 0.3
24 0.9
25 0.9
25 1.3
26 1.1
20 0.6
21 0.3
23 0.4
24 0.5
22 0.3
23 0.7
24 0.8
25 0.3
26 0.2
27 0.2
27 0.2
28 0.0
24 0.0
25 0.0
26 0.0
27 0.0
28 0.0
29 0.0
29 0.0
30 0.0
22 0.9
23 1.5
24 2.2
25 1.9
26 2.4
27 2.4
27 1.5
28 1.7
24 0.0
25 0.0
26 0.0
27 0.0
28 0.0
29 0.0
29 0.0
20 1.4
21 1.8
22 2.3
23 2.4
24 2.6
25 2.6
25 2.9
26 3.2
22 0.1
23 0.2
24 0.5
25 0.5
26 0.6
27 0.6
27 0.7
28 0.8
22 0.0
23 0.0
24 0.0
25 0.0
26 0.0
27 0.0
27 0.0
28 0.0
19 1.0
20 1.0
21 1.2
22 0.9
23 1.3
24 1.3
24 1.3
25 1.5
25 0.4
26 1.0
20 0.0
21 0.0
22 0.3
23 0.3
24 1.2
25 1.2
25 0.8
26 1.6
24 0.1
20 1.6
21 2.0
22 2.2
23 1.9
24 1.9
25 1.9
25 1.1
26 1.0
22 0.2
23 0.3
24 0.0
25 0.4
26 0.2
27 0.2
27 0.4
28 1.1
22 0.9
23 1.2
24 1.2
25 1.2
26 0.9
27 0.9
27 0.5
28 0.5
23 1.9
24 2.0
25 2.4
26 2.5
27 2.9
28 2.9
28 2.4
29 2.4
22 0.5
23 0.7
24 0.5
25 0.4
22 1.9
23 1.5
24 1.6
25 2.1
26 1.2
27 1.2
27 1.3
28 1.6
21 0.7
22 1.5
23 0.9
24 1.7
25 1.2
20 0.0
21 0.2
22 1.2
23 0.7
23 0.8
24 0.6
25 1.2
26 0.2
27 0.6
28 0.6
22 0.4
23 0.3
24 0.0
23 0.4
21 0.3
22 0.8
23 1.1
24 0.9
25 1.0
26 1.0
26 1.4
27 1.1
23 0.4
22 0.0
23 0.0
24 0.0
25 0.0
22 1.2
23 2.1
24 2.0
25 1.5
26 1.1
27 1.1
27 1.5
28 0.8
23 1.3
24 1.0
25 0.6
26 0.3
27 0.2
28 0.2
22 0.3
23 0.5
24 0.2
24 0.2
25 0.1
26 0.3
24 0.0
25 0.0
26 0.0
27 0.0
28 0.0
22 0.0
22 0.0
23 0.0
24 0.0
25 0.0
26 0.0
26 0.0
27 0.0
20 0.2
21 0.1
22 0.2
23 0.5
24 0.5
24 1.5
25 1.1
21 0.4
22 0.5
23 1.4
24 0.0
25 0.0
26 0.0
27 0.0
28 0.0
28 0.0
29 0.0
21 1.1
22 1.0
23 1.3
24 0.9
25 0.9
25 0.9
26 1.3
21 0.2
22 0.4
23 1.2
24 1.1
25 1.1
25 1.5
26 1.6
23 0.0
24 0.0
25 0.0
26 0.4
27 0.4
27 0.2
28 0.4
23 0.2
20 0.3
21 0.8
22 1.3
23 1.6
24 1.6
24 1.9
25 2.0
20 0.0
21 0.1
22 0.0
23 0.0
24 0.0
24 1.1
25 1.8
22 1.2
23 1.2
24 1.1
21 0.0
22 0.0
23 0.0
24 0.0
25 0.0
25 0.0
26 0.0
21 0.0
22 0.3
24 0.0
23 0.0
24 0.0
25 0.0
26 0.1
27 0.1
27 0.1
21 0.1
19 0.0
20 0.0
21 0.0
22 0.0
23 0.0
23 0.0
24 0.1
22 0.5
23 0.0
24 0.0
25 0.0
26 0.0
25 0.6
20 1.4
21 2.2
22 2.3
23 1.5
24 1.5
24 2.6
25 2.6
21 0.0
22 0.1
23 0.2
24 0.1
25 0.1
25 0.2
26 0.6
23 0.2
21 0.5
20 0.8
21 1.4
22 1.1
23 1.6
24 1.6
24 1.8
25 2.0
24 0.2
25 0.0
19 0.2
20 0.1
21 0.7
22 0.0
23 0.0
23 0.0
24 0.0
0.0 0.0
21 0.1
25 0.0
26 0.0
27 1.1
23 1.0
24 1.0
24 0.4
23 0.8
24 1.0
25 1.3
26 1.2
27 1.2
27 1.3
28 0.4
22 0.0
23 0.0
22 0.7
23 1.1
24 1.2
25 0.9
26 0.9
26 1.0
27 1.6
20 0.0
21 0.0
22 0.0
23 0.0
24 0.0
24 0.0
25 0.0
24 0.0
25 0.0
26 0.0
27 0.0
28 0.0
28 0.0
29 0.0
24 0.0
26 1.5
27 1.3
28 1.3
29 0.9
30 0.9
30 1.0
31 0.0
28 0.3
21 0.0
22 0.7
23 0.8
24 1.3
25 1.3
25 1.3
26 1.4
25 0.0
26 0.0
27 0.0
28 0.0
29 0.0
29 0.0
22 0.0
23 0.0
24 0.0
22 0.3
23 1.0
24 0.7
25 1.2
26 1.2
22 0.0
23 0.0
22 0.0
23 0.0
24 0.0
25 0.0
26 0.0
21 0.0
22 0.0
23 0.0
24 0.0
25 0.0
25 0.0
26 0.0
22 0.1
23 0.2
24 0.0
25 0.3
26 0.3
26 0.7
27 0.3
26 0.0
27 0.0
28 0.0
29 0.0
30 0.0
30 0.0
31 0.3
20 0.1
21 0.8
22 1.1
23 0.3
24 0.3
24 0.4
25 0.3
22 0.2
23 0.7
24 0.6
25 0.4
26 0.4
26 0.2
27 0.5
23 0.0
24 0.0
25 0.0
26 0.0
27 0.0
22 0.0
24 0.7
25 1.1
26 1.4
27 1.6
28 1.6
28 0.8
29 0.3
20 0.0
21 0.2
22 1.3
23 0.8
24 0.8
24 1.5
25 1.1
21 0.0
22 0.0
23 0.0
24 0.0
25 0.0
25 0.0
26 0.0
26 0.0
27 0.0
19 0.0
20 0.0
21 0.0
22 0.0
22 0.0
23 0.0
23 0.2
24 0.4
20 0.5
21 0.6
22 1.0
23 1.0
23 1.0
24 0.6
22 0.5
23 1.0
24 1.1
25 1.1
25 1.0
26 1.2
23 0.4
24 0.7
25 0.7
26 0.7
26 0.7
27 0.2
26 0.0
22 0.0
23 0.0
24 0.0
25 0.0
25 0.0
26 0.0
22 0.9
23 0.8
24 0.2
25 0.2
25 0.2
23 0.0
21 0.7
22 1.2
23 0.7
24 0.7
24 1.2
22 0.2
23 0.4
24 0.0
19 0.6
20 0.5
21 1.3
22 1.3
22 1.1
23 1.3
22 0.2
21 0.0
19 1.8
20 1.7
21 2.1
22 2.1
22 1.6
23 2.5
21 0.3
22 1.0
23 0.9
24 0.9
24 1.5
25 1.3
22 0.0
27 0.0
20 0.2
21 0.2
22 0.2
23 0.2
23 0.4
24 0.6
19 0.0
20 0.0
21 0.2
22 0.2
22 0.1
23 0.1
20 1.6
21 1.5
22 2.0
23 2.0
23 2.3
24 0.8
21 0.5
20 1.1
21 1.0
22 1.0
23 1.0
23 1.8
24 2.0
22 0.0
23 0.5
24 0.1
25 0.1
25 0.6
26 0.7
23 0.2
24 0.0
21 0.6
22 0.8
23 0.7
24 0.7
24 0.8
25 0.7
22 0.9
23 0.7
24 0.2
25 0.2
25 0.8
26 1.1
21 0.5
22 0.4
23 0.2
24 0.2
22 1.1
23 1.2
24 1.4
25 1.4
25 1.4
26 1.5
22 0.5
23 0.4
24 0.7
25 0.7
25 0.7
26 0.9
21 0.0
22 0.0
25 0.6
23 2.0
24 1.8
25 2.0
26 2.0
26 1.7
27 0.7
21 0.5
22 0.5
23 0.6
24 0.6
24 0.8
25 0.8
20 0.1
21 1.1
22 1.0
23 1.1
24 1.1
24 0.8
25 1.2
22 0.1
23 0.3
24 0.3
25 0.2
26 0.8
27 0.8
27 0.6
21 0.0
22 0.0
23 0.0
24 0.0
24 0.0
23 0.2
26 0.0
27 0.0
28 0.0
29 0.0
23 0.0
24 0.1
22 1.5
23 1.8
24 1.9
25 1.9
25 2.0
26 3.2
23 0.0
24 0.0
25 0.1
26 0.1
26 0.7
27 0.8
23 0.0
24 0.1
25 0.0
26 0.0
21 2.6
22 2.8
23 3.1
24 3.1
24 3.5
25 3.4
20 0.0
21 0.0
22 0.0
23 0.0
23 0.0
24 0.0
20 0.0
21 0.0
21 0.0
22 0.0
21 0.0
22 0.0
23 0.0
24 0.0
24 0.0
25 0.3
21 1.3
22 1.5
23 1.4
24 1.4
24 2.2
25 3.0
20 0.8
21 0.3
22 0.7
23 0.7
23 0.6
24 0.6
23 0.0
23 0.0
22 0.1
23 0.3
24 0.3
24 0.3
25 1.0
20 0.8
21 1.1
22 1.1
22 1.2
23 1.0
22 0.2
23 0.4
24 0.4
24 1.4
25 1.5
26 0.0
27 0.0
28 0.0
28 0.0
29 0.0
23 0.6
24 0.6
25 0.6
25 1.5
26 1.3
19 1.9
20 1.7
21 1.7
21 1.9
22 2.9
24 1.6
25 2.1
26 2.1
26 1.7
27 1.6
24 0.1
25 0.6
26 0.6
28 0.8
29 1.0
30 1.0
30 0.4
22 0.6
23 0.7
24 0.7
24 1.7
25 2.2
21 0.1
22 0.2
23 0.2
23 0.3
19 0.0
20 0.0
21 0.0
21 0.6
22 0.5
25 0.4
19 0.0
20 0.0
21 0.0
21 0.0
22 0.0
20 1.2
21 1.5
22 1.5
22 2.0
23 1.9
25 0.0
26 0.0
27 0.0
24 0.5
22 0.7
23 1.4
24 1.4
24 1.2
25 1.1
19 0.7
20 0.2
21 0.2
21 0.5
22 0.9
22 0.0
23 0.0
24 0.0
24 0.0
25 0.0
27 0.0
28 0.0
29 0.0
21 0.3
22 0.9
23 0.9
23 0.4
24 0.3
23 0.2
23 0.0
21 0.4
22 0.3
23 0.3
21 0.4
22 0.4
23 0.4
23 0.5
24 0.4
19 0.0
20 0.0
21 0.0
21 0.4
22 0.0
25 0.0
21 0.7
20 1.1
21 0.8
22 0.8
22 0.8
23 0.7
20 0.0
21 0.9
22 0.9
22 1.4
23 1.0
22 2.7
23 2.4
24 2.4
24 3.1
25 2.9
21 1.3
22 0.6
23 0.6
23 0.5
21 1.5
22 1.4
23 1.4
23 1.8
24 1.6
22 0.6
23 0.0
24 0.0
20 0.6
21 0.3
22 0.3
22 0.3
23 0.7
24 0.7
24 0.4
25 0.3
22 0.0
23 0.4
24 0.3
25 0.3
25 0.7
26 0.1
22 0.0
23 0.2
24 0.2
24 0.1
25 0.0
24 0.0
25 0.0
26 0.0
26 0.0
27 0.0
35 1.0
36 0.9
37 0.9
37 0.5
20 0.5
21 0.5
22 0.5
22 0.9
23 1.5
27 0.9
28 0.9
29 0.9
29 0.3
30 0.4
21 0.0
22 0.0
23 0.0
23 0.0
24 0.0
21 2.0
22 1.8
23 1.8
23 1.8
24 1.8
23 0.0
24 0.0
25 0.0
25 0.0
24 0.8
25 1.0
26 1.0
26 0.8
27 0.2
21 0.0
24 0.5
25 1.1
26 1.1
22 0.0
23 0.1
24 0.1
24 0.0
24 1.1
25 1.2
26 1.2
26 0.4
27 0.2
20 0.8
21 0.9
22 0.9
22 0.4
23 0.3
23 0.7
24 0.4
25 0.4
22 0.1
19 0.1
27 1.9
28 1.6
29 1.6
29 2.3
30 1.5
20 0.0
21 0.0
22 0.0
22 0.0
23 0.0
24 0.0
21 1.3
22 0.9
23 0.9
23 1.1
24 1.8
21 0.0
19 0.6
20 1.2
21 1.2
21 0.4
23 0.0
24 0.0
25 0.0
25 0.0
26 0.0
20 0.0
21 0.0
21 0.0
22 0.0
19 0.1
20 0.1
20 0.4
21 0.6
31 0.8
32 0.8
29 0.7
30 0.7
30 1.4
31 1.5
20 0.1
21 0.1
21 0.2
22 0.6
21 1.0
22 1.0
23 0.2
24 0.2
24 0.1
22 0.4
23 0.4
23 0.6
24 0.9
21 1.6
22 1.6
22 1.4
23 0.5
24 1.2
25 1.2
24 0.2
25 0.2
20 1.9
21 1.9
21 1.5
22 2.0
22 1.9
23 1.9
23 2.3
24 0.6
22 0.5
23 0.5
23 0.3
24 0.3
22 0.3
23 0.3
23 0.5
24 0.8
23 2.4
24 2.4
24 2.5
25 2.0
21 0.6
22 0.6
22 1.4
23 1.7
23 0.0
24 0.0
24 1.1
25 2.0
22 0.9
23 0.9
23 1.4
24 2.1
26 0.9
27 0.9
22 0.3
23 0.3
24 0.0
25 0.0
25 0.0
26 0.0
23 1.0
24 1.0
24 1.3
25 1.0
24 0.0
25 0.0
25 0.1
26 0.2
22 0.3
23 0.3
21 0.0
22 0.0
22 0.0
23 0.0
19 0.3
20 0.3
20 0.4
21 0.3
25 0.0
26 0.0
26 0.0
23 0.2
24 0.2
22 0.8
23 0.8
23 0.4
24 1.2
24 0.4
25 0.4
20 0.5
21 0.5
21 0.3
22 0.9
23 0.9
23 0.1
24 0.3
23 0.0
24 0.0
21 0.5
22 0.5
22 0.5
21 0.6
22 0.6
20 0.0
21 0.0
21 0.0
22 0.0
31 0.4
32 0.4
22 0.5
23 0.5
23 0.4
22 0.9
23 0.9
23 2.5
24 2.3
20 1.7
21 1.7
21 1.0
22 1.1
25 0.0
26 0.0
21 0.5
22 0.5
22 0.5
23 0.6
24 0.0
25 0.0
22 0.2
23 0.2
23 0.2
24 0.7
21 1.2
22 1.2
22 1.4
23 1.9
22 1.0
23 1.0
23 1.2
24 0.9
26 0.0
27 0.0
23 0.0
24 0.0
24 0.0
25 0.0
20 0.5
21 0.5
21 1.3
22 1.9
22 0.3
23 0.3
23 0.2
26 0.0
27 0.0
22 0.3
23 0.3
23 0.5
24 0.6
20 0.7
21 0.7
21 1.0
22 1.3
22 1.0
23 1.0
23 0.9
24 1.8
22 1.6
23 1.6
23 1.9
24 0.8
23 0.0
24 0.0
24 0.0
25 0.0
22 0.0
23 0.0
21 0.0
22 0.0
22 0.0
23 0.0
20 0.3
20 0.0
23 0.0
21 0.1
21 0.2
22 0.2
24 0.0
24 0.1
23 0.0
22 0.0
23 0.0
23 0.0
24 0.0
25 1.2
25 1.6
26 1.8
22 1.2
23 0.4
23 0.6
19 0.3
19 0.2
20 0.2
20 0.0
20 0.0
21 0.0
23 0.3
26 0.0
22 0.6
22 1.4
23 1.4
23 0.0
22 0.5
22 0.0
23 0.3
21 0.4
21 0.1
22 0.6
25 0.2
24 0.3
23 0.6
23 0.2
24 0.5
24 1.2
25 0.8
20 0.4
20 0.3
21 0.5
19 1.0
24 0.5
24 0.3
25 0.6
23 1.4
23 0.9
24 1.6
19 0.3
19 0.5
20 1.0
24 0.0
20 0.8
20 0.5
21 0.5
23 0.3
23 0.1
24 0.0
24 0.2
25 0.7
22 1.1
22 1.1
20 0.4
20 1.4
21 1.9
23 0.6
23 0.2
24 1.6
22 1.2
22 2.0
23 1.9
27 0.9
27 1.0
28 1.5
24 0.0
24 0.0
21 0.1
22 0.2
22 0.6
22 0.8
23 1.3
25 1.0
25 1.3
26 1.5
23 0.0
23 0.1
23 0.2
24 0.5
19 0.7
19 1.5
20 2.6
25 0.0
22 0.3
22 0.3
22 0.0
22 0.0
23 0.0
21 0.7
21 0.2
22 0.4
23 0.4
23 1.4
24 1.2
22 0.0
22 0.0
27 0.2
27 0.6
27 0.1
28 0.0
23 1.2
23 2.0
24 1.8
23 0.0
23 0.0
23 0.8
23 0.6
24 0.6
20 0.0
20 0.0
21 0.0
22 0.0
22 0.0
23 0.1
20 0.0
20 0.0
21 0.0
21 0.0
21 0.0
22 0.3
24 0.7
24 0.4
19 0.2
19 0.1
20 1.3
23 0.0
23 0.2
24 0.2
20 0.1
20 0.4
21 0.5
23 0.1
23 0.0
24 0.3
20 0.0
20 0.1
21 0.2
28 1.0
28 0.5
29 0.4
21 0.4
21 0.2
20 1.4
20 1.0
21 1.2
23 0.2
23 0.1
21 0.7
21 1.5
22 1.7
23 0.3
21 0.0
21 0.0
22 0.0
19 0.2
19 0.1
20 0.1
21 0.1
21 0.6
22 0.4
24 0.0
24 0.2
23 0.1
23 0.0
19 0.5
19 0.7
20 1.3
24 0.3
24 0.4
25 0.1
19 0.5
19 0.2
20 0.4
26 1.5
27 1.8
22 0.8
27 0.9
19 1.9
23 0.6
22 0.0
24 0.0
23 0.4
21 0.8
24 0.8
23 0.0
23 0.8
22 0.0
21 0.0
20 0.7
22 0.3
21 0.2
22 0.5
32 0.2
24 1.0
22 0.0
19 0.6
20 0.6
19 0.4
22 1.5
19 0.0
20 0.9
27 0.0
21 0.2
23 0.1
20 0.1
24 0.5
29 0.0
21 0.0
19 1.0
23 0.2
23 0.3
20 0.0
20 0.7
24 0.2
21 0.9
20 0.5
20 1.7
22 0.7
25 0.0
22 1.4
21 0.8
19 2.1
26 0.4
23 0.0
23 0.3
20 1.2
19 0.5
19 0.6
23 0.1
23 0.0
19 0.4
20 0.0
23 0.4
23 0.2
