26 9.8
27 12.4
24 19.8
25 19.9
26 19.9
27 18.7
28 17.2
29 13.1
30 5.5
23 13.6
24 9.3
25 21.6
26 21.3
27 21.7
28 20.9
29 22.2
30 21.6
31 16.4
32 17.3
33 15.2
34 16.4
35 14.8
36 14.7
37 12.8
24 13.9
25 14.4
26 13.7
27 16.5
28 12.6
29 12.9
30 13.2
31 13.8
32 8.2
30 5.4
31 3.1
26 15.5
27 16.9
28 15.1
29 11.7
30 10.8
31 13.7
32 10.0
30 13.6
31 13.6
32 11.1
33 10.1
33 4.9
27 8.0
28 13.4
29 10.1
30 9.0
31 6.2
33 12.6
32 16.7
33 14.6
34 15.6
35 11.0
36 7.3
37 15.1
38 8.7
26 14.5
27 10.1
28 12.1
29 13.4
30 12.9
31 17.4
32 8.9
33 6.2
34 8.3
32 11.5
33 9.3
34 10.0
35 9.8
36 7.6
31 7.8
21 5.4
20 8.6
21 7.1
29 14.1
30 10.6
31 14.8
32 1.4
33 11.2
22 9.8
33 10.5
29 19.3
30 15.8
31 18.3
32 14.0
33 14.8
34 16.6
35 16.7
36 9.2
31 17.7
32 17.9
33 14.6
34 13.4
35 8.5
24 14.5
25 15.2
26 11.9
27 8.6
28 12.2
29 9.8
24 8.6
25 7.9
26 12.7
27 12.2
28 12.9
29 12.0
30 10.5
31 10.7
32 13.8
33 8.2
34 8.3
20 10.6
21 13.3
22 15.7
23 5.8
24 26.4
28 14.3
29 11.2
30 10.1
31 11.9
22 14.9
23 17.6
24 19.3
25 19.2
26 17.9
27 16.0
28 14.5
29 16.3
30 12.7
31 10.9
32 7.8
24 17.6
25 20.4
26 18.6
27 19.0
28 23.4
29 21.3
30 23.6
31 18.8
32 20.2
33 18.7
34 16.1
35 15.0
36 5.3
33 9.2
32 10.2
33 9.6
34 11.9
25 9.3
26 10.6
27 16.0
28 12.5
29 12.1
30 12.7
31 11.4
32 8.7
24 11.9
25 9.9
26 13.6
27 11.9
28 8.9
29 9.6
30 7.1
31 11.4
23 9.4
29 8.2
30 9.1
31 8.2
32 9.5
33 9.1
34 7.1
35 7.0
36 5.4
25 11.4
26 12.7
27 9.9
28 7.7
29 4.0
27 16.4
24 13.9
25 17.6
26 16.2
27 17.1
28 15.7
29 16.2
30 10.0
28 14.6
29 18.3
30 15.6
31 11.0
21 23.6
22 21.7
23 23.2
24 22.4
25 26.5
26 23.1
27 18.0
28 14.6
29 15.7
30 18.5
31 18.0
32 15.2
33 14.0
34 9.4
35 9.4
35 11.4
30 21.2
32 10.1
32 -3.2
31 15.1
32 17.6
33 15.7
34 15.5
35 12.7
36 9.7
37 10.2
32 8.6
33 7.2
28 12.2
29 13.4
30 13.1
31 11.6
32 6.3
22 23.2
23 26.2
24 23.7
25 23.3
26 28.0
27 26.1
28 24.2
29 24.4
30 21.9
31 23.9
32 21.9
33 23.0
34 10.7
35 17.6
36 17.6
36 14.9
35 11.5
36 0.4
24 13.3
25 11.6
26 7.4
27 13.7
28 11.4
29 7.8
30 7.2
31 6.3
32 7.8
23 10.1
33 6.8
27 11.2
28 10.5
26 15.1
27 17.5
28 17.8
29 18.0
30 19.9
31 19.1
32 17.2
33 18.7
34 17.9
35 14.8
36 16.2
37 8.6
32 19.5
33 14.1
34 13.8
35 7.2
23 15.9
24 13.8
25 19.4
26 14.0
27 10.0
28 17.7
29 7.3
30 8.1
31 6.9
32 9.7
33 3.3
25 8.9
26 9.9
27 0.3
28 11.3
29 10.6
30 3.3
31 12.8
32 10.8
33 10.3
34 9.2
35 8.7
24 20.5
25 21.9
26 20.0
27 22.9
28 21.6
29 21.8
30 18.8
31 19.3
32 17.1
33 14.8
34 13.6
35 17.8
36 15.9
37 9.6
38 9.6
38 12.7
39 11.7
31 21.3
32 22.3
33 22.8
34 18.6
35 18.5
36 17.1
37 15.4
26 15.0
27 15.5
28 13.2
29 14.9
30 9.3
31 12.3
29 10.3
30 9.8
31 10.6
32 7.8
33 6.0
33 8.8
34 6.2
30 15.2
31 15.0
32 14.0
33 9.9
34 6.8
35 4.1
25 16.7
26 13.9
27 8.8
23 8.8
24 -3.7
25 6.8
26 9.1
27 9.1
33 16.2
34 15.4
35 11.6
36 1.2
32 8.8
33 6.7
34 1.8
23 11.1
24 15.0
25 14.6
26 11.0
25 11.5
26 28.8
27 15.8
20 15.3
21 15.4
22 15.9
23 15.2
24 15.5
25 14.5
26 16.0
27 15.1
28 18.4
29 14.2
30 15.7
31 16.8
32 17.3
33 16.6
34 16.6
34 14.0
35 12.0
25 14.3
26 16.1
27 14.4
28 13.5
29 15.2
30 10.9
31 13.2
32 14.2
31 14.5
32 7.6
24 11.8
36 12.0
32 6.2
33 5.7
34 3.6
35 5.1
25 11.3
26 15.8
27 20.1
28 15.2
29 13.9
30 14.9
31 15.3
32 15.7
33 14.0
34 9.7
35 5.5
25 13.4
26 13.3
27 19.7
28 18.0
29 13.7
30 15.0
31 13.7
32 12.1
32 14.8
33 14.5
34 11.8
35 11.1
36 8.3
21 18.2
22 16.9
23 20.7
24 20.8
25 18.3
26 21.0
27 19.8
28 14.5
29 17.4
30 17.0
31 10.0
31 16.6
32 14.5
33 12.9
34 13.4
35 9.9
36 13.2
32 6.5
33 8.0
30 10.7
31 8.8
32 -2.3
21 15.9
22 16.1
23 16.1
24 15.0
25 15.6
26 15.9
27 12.0
28 7.1
29 8.5
27 10.1
28 11.3
29 10.6
30 5.6
34 7.1
27 13.8
28 13.7
29 13.2
30 15.1
31 16.1
25 11.0
25 6.4
26 10.0
32 17.0
33 15.6
34 16.3
35 10.5
23 8.8
24 8.9
25 12.4
26 9.7
27 9.9
28 11.0
29 7.5
20 7.4
21 9.6
22 10.0
23 10.1
24 12.6
25 11.1
26 14.1
27 13.6
28 11.6
29 11.3
30 6.9
31 11.2
26 12.4
27 9.4
28 4.5
35 7.1
36 -1.7
24 27.0
25 26.9
26 27.1
27 27.0
28 23.1
29 26.1
30 24.4
31 24.4
32 24.7
33 21.9
34 22.5
35 24.4
36 21.3
37 22.6
38 22.6
38 16.9
28 8.5
29 14.1
30 12.4
31 9.3
32 9.2
25 11.0
30 9.1
31 11.0
25 9.9
26 7.4
38 14.4
34 11.2
35 5.1
27 17.6
28 17.6
29 17.8
30 14.3
31 12.7
32 13.7
33 11.4
34 11.4
35 9.0
26 14.0
27 11.9
28 11.5
29 13.4
30 14.8
31 11.4
32 13.8
33 12.1
34 9.3
35 8.9
36 8.0
37 7.7
38 10.1
22 14.2
23 17.9
24 13.4
25 11.6
26 14.1
24 15.9
25 9.9
26 15.9
27 17.0
28 8.5
29 4.3
32 4.8
33 4.7
24 12.9
25 12.0
26 16.2
27 15.4
28 15.1
29 13.0
30 15.7
31 13.0
32 9.6
33 14.3
34 11.1
31 11.3
32 11.9
33 8.0
25 12.5
26 15.3
27 13.0
28 12.7
29 10.3
30 13.7
31 9.9
32 19.7
23 19.1
24 20.6
25 15.8
26 18.9
27 15.2
28 15.1
29 9.1
30 13.8
31 11.8
24 23.8
25 26.4
26 29.4
27 28.2
28 26.8
29 24.1
30 25.3
31 21.2
32 19.4
33 20.6
34 20.4
35 19.2
36 13.3
37 15.2
38 15.2
38 12.3
34 6.3
24 12.3
25 11.2
26 0.5
27 9.1
28 9.1
29 6.4
30 3.2
33 13.4
31 -1.6
23 12.6
24 11.4
25 11.5
26 10.7
27 11.3
28 9.7
29 7.0
30 7.0
31 11.6
22 9.2
32 7.6
33 10.6
34 11.1
35 12.2
22 13.1
23 13.5
24 12.2
25 14.0
24 -0.9
28 12.7
29 15.6
30 12.1
31 10.0
32 6.6
35 13.9
36 13.1
37 10.6
26 14.2
27 11.5
28 4.5
29 10.7
30 11.6
31 10.7
32 8.7
31 9.7
32 10.9
33 9.1
34 9.9
22 11.8
23 -9.0
27 9.7
28 5.5
29 8.3
30 5.6
22 16.9
23 18.7
24 16.8
25 16.0
26 18.2
27 18.1
28 18.2
29 16.9
30 14.9
31 15.8
32 13.2
33 10.6
25 13.5
26 17.7
27 15.9
28 10.4
29 17.6
29 13.9
30 13.0
31 11.8
32 9.0
33 2.0
34 13.6
35 14.7
24 14.1
25 19.3
26 16.1
27 15.5
28 16.3
29 14.7
30 14.1
31 12.3
20 14.3
21 12.4
22 14.9
23 14.4
24 16.0
25 14.8
26 15.6
27 15.9
28 16.8
29 12.3
30 15.3
31 10.3
32 9.7
27 13.0
28 12.3
29 9.0
30 14.5
31 11.1
32 5.0
33 5.8
30 15.7
31 13.5
32 11.1
33 9.0
22 13.5
30 7.8
31 2.9
20 14.1
21 12.5
22 10.4
23 35.2
28 13.4
29 12.1
30 18.2
31 12.4
32 12.2
33 15.7
25 14.4
28 16.7
29 20.8
32 10.1
33 9.9
34 8.2
28 12.2
29 10.2
30 13.6
31 16.7
30 14.5
31 12.4
32 14.5
33 14.9
34 13.5
35 11.9
36 9.6
22 11.6
23 12.1
24 12.0
25 15.8
26 15.2
27 15.0
28 13.0
29 15.4
30 10.5
31 11.9
29 15.2
30 17.7
31 14.8
32 12.5
27 15.8
28 17.2
29 15.6
30 13.0
31 12.5
32 12.8
33 4.1
34 10.9
35 10.0
36 8.4
37 3.6
38 9.9
24 15.3
25 15.2
26 12.5
27 12.1
28 12.2
29 10.8
30 5.2
22 15.4
23 15.5
24 17.6
25 21.6
26 14.0
27 12.1
28 11.9
29 13.4
30 12.0
30 9.4
31 10.6
32 9.0
33 9.6
34 10.5
35 12.7
36 8.8
37 7.9
38 -2.2
25 17.4
26 19.4
27 20.2
28 19.5
29 21.9
30 18.0
31 18.7
32 18.0
33 11.9
34 12.8
25 21.9
26 21.2
27 19.3
28 23.2
29 25.9
30 19.6
31 20.9
32 15.8
33 13.4
27 17.3
28 18.4
29 19.2
30 18.0
31 14.6
32 15.1
33 13.5
34 12.4
33 7.2
30 11.3
31 12.4
32 12.2
33 10.9
34 3.0
26 11.1
27 13.4
28 13.2
29 15.9
30 12.5
31 11.9
35 16.3
36 12.2
37 8.9
22 7.9
23 14.5
24 16.1
25 15.9
26 13.6
27 14.4
28 14.9
29 16.1
30 15.6
31 14.6
32 10.7
33 8.0
34 0.1
24 4.8
24 17.1
25 19.0
26 21.2
27 16.9
28 17.7
29 18.4
30 20.3
31 20.6
32 17.3
33 16.8
34 16.1
35 15.3
36 7.8
26 11.8
27 11.3
28 11.6
29 14.3
30 14.2
31 9.9
32 11.2
33 10.3
34 12.4
35 16.6
36 12.2
37 11.7
20 11.3
33 8.6
34 9.4
35 8.5
36 8.3
37 3.1
24 11.2
25 11.5
26 14.2
27 15.5
28 9.3
29 10.2
30 11.3
31 6.2
29 17.5
30 18.9
31 16.7
32 13.6
33 14.7
34 12.3
35 7.6
21 13.2
22 12.3
23 7.6
24 13.1
25 12.1
26 3.2
30 14.4
31 7.0
32 -7.8
31 12.1
32 11.7
35 12.3
36 11.4
27 19.1
28 22.2
29 19.7
30 19.5
31 19.2
32 19.4
33 16.7
34 16.9
35 17.2
36 14.4
37 13.1
38 13.5
25 14.9
26 11.2
27 13.6
28 18.0
29 17.3
30 14.3
31 11.4
32 9.5
26 5.3
27 8.3
32 14.4
33 18.0
34 16.1
35 12.8
36 11.9
31 13.7
32 16.1
33 14.5
34 16.3
24 17.9
25 16.5
26 16.8
27 17.3
28 12.0
29 8.7
30 10.4
24 13.5
23 8.5
24 9.4
25 1.8
27 14.5
28 14.4
29 13.5
30 15.1
31 10.9
23 7.0
21 18.5
22 16.7
23 17.5
24 19.4
25 20.0
26 20.7
27 16.7
28 16.8
29 14.0
30 12.0
31 9.3
32 11.1
33 10.7
25 12.0
26 19.6
27 1.7
28 13.3
29 -3.0
30 -1.2
28 10.7
29 6.2
34 7.7
35 5.3
26 7.8
23 13.7
24 12.9
25 12.6
26 14.1
27 15.5
28 14.1
29 11.9
30 10.3
30 9.0
31 12.9
32 9.7
33 7.9
25 17.7
26 14.9
25 12.7
26 9.3
27 9.4
28 6.9
29 5.3
30 4.5
31 0.2
32 -0.1
21 14.3
22 17.4
23 20.1
24 19.9
25 18.9
26 18.6
27 19.3
28 16.9
29 20.3
30 15.8
31 14.1
32 7.9
22 18.8
23 15.4
24 16.5
25 12.9
26 11.1
27 11.5
28 1.4
29 10.6
30 9.4
31 12.7
32 2.7
35 10.3
37 21.1
38 21.7
39 17.8
34 11.7
35 17.9
23 18.1
24 20.1
25 20.4
26 21.9
27 16.4
28 15.3
29 13.8
30 4.4
22 19.8
23 21.3
24 19.9
25 21.7
26 23.6
27 20.8
28 19.2
29 16.0
30 14.7
31 17.0
32 15.0
33 18.0
34 13.7
35 11.0
36 11.0
27 19.2
28 18.4
29 18.9
30 19.9
31 13.4
32 15.3
33 9.8
34 18.9
29 -11.2
23 14.5
24 16.9
25 18.7
26 17.5
27 16.7
28 5.4
29 14.7
30 13.6
31 13.4
32 14.1
33 9.9
34 13.9
35 12.2
36 10.0
37 10.0
28 16.9
29 18.0
30 14.7
34 12.9
35 11.3
23 13.4
24 15.2
25 15.7
26 14.8
27 9.2
28 10.8
29 12.3
30 7.1
31 6.2
33 11.4
34 9.2
35 9.7
36 8.5
26 11.5
27 10.8
28 10.9
29 8.2
30 5.9
33 9.8
23 9.5
24 12.4
25 -3.8
26 6.2
26 21.0
21 25.1
22 30.3
23 25.3
24 22.9
25 21.9
26 23.2
27 18.4
28 16.3
29 12.2
30 14.9
31 13.6
26 13.8
27 10.0
28 15.1
29 12.4
30 9.2
31 7.7
32 6.5
34 8.8
28 15.8
29 13.7
30 13.9
31 8.4
32 6.1
33 7.5
21 15.6
22 10.3
23 13.6
24 11.9
25 11.0
26 13.7
24 10.2
25 9.3
26 9.3
27 9.4
21 10.0
22 13.2
23 14.6
24 15.7
25 15.3
19 14.4
20 9.7
21 16.1
22 15.5
23 12.5
24 21.8
25 15.2
26 18.8
27 16.5
28 16.4
29 16.1
30 18.4
31 18.6
32 18.1
33 17.8
34 14.8
35 15.7
36 13.9
37 13.3
38 13.3
38 13.4
24 20.1
25 19.3
26 19.4
27 20.7
28 17.5
29 13.5
30 16.8
31 16.7
32 12.9
33 16.3
34 10.7
20 15.0
21 14.7
22 14.9
23 16.7
24 17.2
25 16.4
26 16.1
27 13.8
28 13.9
29 9.7
30 11.4
31 13.5
32 12.5
33 4.6
34 4.6
34 6.5
35 7.6
35 16.5
36 15.9
37 16.1
38 16.6
31 12.3
32 12.7
37 9.4
25 16.7
26 14.7
27 14.1
28 15.0
29 13.1
30 12.5
31 11.5
32 10.3
23 14.0
24 12.4
25 16.1
26 16.4
27 15.0
28 16.5
29 15.8
30 7.7
31 19.6
32 15.9
33 11.0
34 10.8
35 10.1
36 8.7
37 8.7
37 6.0
22 5.9
23 14.5
24 12.3
25 12.3
29 5.8
25 14.9
26 17.9
27 13.3
28 12.7
29 8.6
30 14.8
31 11.5
32 8.9
33 11.2
24 8.4
30 18.9
27 16.7
29 13.6
30 5.2
31 2.4
34 16.0
35 11.2
36 14.3
37 16.4
38 12.7
39 14.4
40 14.5
41 10.8
25 20.6
26 13.5
27 12.9
28 10.6
25 14.4
26 14.3
27 13.2
28 14.5
29 14.5
24 14.8
25 14.8
26 11.5
27 11.2
28 10.9
29 13.5
30 12.1
31 7.7
32 8.4
33 5.5
34 9.3
26 20.7
27 22.6
28 20.5
29 22.0
30 23.3
31 23.8
32 21.1
33 19.5
34 21.6
35 20.8
36 20.3
37 16.0
38 12.2
25 13.1
24 12.9
25 14.7
26 15.3
27 12.0
28 11.0
29 13.9
30 16.1
31 14.1
32 16.0
26 11.5
27 11.7
28 6.7
29 8.6
30 4.0
31 14.9
32 9.7
37 8.3
27 13.1
28 11.8
29 10.9
30 6.1
31 10.1
22 24.1
23 25.6
24 22.5
25 26.1
26 28.1
27 27.6
28 24.6
29 23.1
30 22.9
31 23.4
32 21.7
33 19.8
34 23.6
35 19.2
36 19.2
36 19.0
37 17.0
22 18.1
23 21.4
24 21.1
25 22.9
26 20.4
27 18.8
28 14.4
29 15.4
30 17.9
31 9.2
32 9.4
33 16.7
34 15.3
28 29.7
29 29.5
30 24.4
31 27.0
32 24.4
33 21.7
34 17.1
35 22.3
36 17.9
37 17.4
37 6.6
38 8.3
39 8.1
21 13.7
22 14.6
23 18.5
24 17.3
25 17.0
26 16.1
27 16.9
28 16.6
29 15.9
30 19.4
31 9.2
32 10.9
38 14.4
28 12.3
29 13.7
30 12.2
31 6.7
32 7.8
33 8.4
34 9.7
35 9.9
36 7.0
25 12.4
26 10.5
27 11.2
28 10.4
29 8.3
30 4.5
27 12.7
28 11.5
29 14.3
30 10.0
31 11.6
29 11.4
30 12.2
31 13.1
32 8.1
33 11.8
34 11.4
35 8.6
31 4.8
19 11.2
20 9.4
31 9.1
32 13.3
33 8.0
24 15.4
25 12.4
26 15.6
27 12.3
28 12.5
29 4.9
22 9.7
23 8.2
24 7.4
25 12.5
26 9.9
28 7.6
29 13.3
30 7.0
25 18.8
26 14.5
27 14.6
28 15.8
29 16.4
30 18.5
31 10.9
32 22.9
33 21.1
34 17.3
35 15.1
36 10.7
37 9.0
31 12.2
32 11.0
33 11.8
34 10.2
26 31.3
31 5.3
29 16.3
30 13.5
31 11.5
32 14.1
23 15.3
24 12.6
25 12.1
26 14.4
27 15.3
28 13.2
29 11.2
30 10.7
31 9.3
32 1.7
30 13.8
31 16.0
32 8.7
33 12.4
34 6.2
35 7.7
36 8.3
23 22.3
24 22.7
25 19.4
26 21.8
27 23.6
28 21.7
29 19.6
30 17.7
31 18.2
32 19.7
33 19.6
34 19.1
35 16.8
36 15.2
37 15.2
37 8.2
38 5.7
35 14.9
36 15.3
37 12.4
25 15.0
26 14.6
27 8.3
28 11.2
29 12.3
30 8.5
31 8.7
28 7.3
37 13.9
24 12.9
25 13.5
26 18.8
27 10.5
28 9.8
29 12.7
30 12.0
31 10.8
32 8.7
33 7.5
22 11.0
23 7.8
25 11.4
26 8.2
27 11.2
28 14.5
29 7.4
30 -22.1
32 6.6
21 10.2
22 7.9
23 6.7
24 15.5
25 15.3
26 7.4
27 12.3
28 15.4
29 11.2
30 6.2
31 6.0
32 3.3
27 11.1
28 13.8
29 14.4
30 10.1
31 12.2
32 6.7
33 11.9
34 11.2
35 10.3
36 4.4
33 5.3
21 20.0
22 21.0
23 19.9
24 18.3
25 21.2
26 22.3
27 18.8
28 17.9
29 12.1
30 9.7
31 13.9
27 10.1
28 -17.3
33 8.0
34 11.9
35 7.3
20 17.4
21 12.5
22 15.1
23 13.6
24 9.6
25 14.3
26 8.5
27 11.6
28 12.9
29 8.1
30 8.7
31 0.7
35 10.7
29 16.3
34 13.5
35 12.4
36 10.8
37 10.3
38 9.6
39 5.9
35 20.3
36 17.8
24 12.5
25 11.5
26 11.0
28 19.1
29 16.7
30 15.0
31 17.2
33 3.8
29 15.3
29 17.0
30 11.7
31 14.2
32 8.9
31 7.5
32 7.7
33 6.8
28 16.8
29 14.9
30 12.4
31 16.6
32 13.9
33 13.4
26 16.4
27 16.1
28 15.0
29 12.2
30 10.2
31 7.7
32 7.3
33 5.3
24 5.5
30 9.8
31 9.1
32 11.6
33 11.8
34 16.4
24 9.6
28 14.5
34 11.8
35 10.2
24 11.3
25 15.4
26 14.4
27 13.7
28 10.5
29 8.9
30 11.4
31 10.6
32 5.5
33 0.0
34 -14.6
30 17.9
31 19.2
23 13.1
25 16.0
26 14.3
27 16.6
28 15.0
29 16.1
30 13.9
31 16.1
32 13.8
33 11.2
34 -0.1
31 13.9
32 12.0
33 11.8
34 13.6
27 14.7
28 15.6
29 13.5
30 9.0
31 8.1
32 8.6
33 3.1
33 0.8
30 13.7
31 14.3
32 14.7
33 12.1
26 19.0
27 18.7
28 13.2
29 15.9
30 14.5
31 16.8
32 13.3
33 3.4
34 11.1
35 6.0
36 11.5
37 8.5
35 6.0
24 13.9
25 13.6
26 12.2
19 8.2
20 8.2
21 11.6
22 9.3
23 10.9
24 12.9
25 12.6
26 6.9
27 3.3
28 9.8
29 4.3
30 8.1
25 8.6
26 5.9
27 4.2
28 10.6
30 11.1
38 21.9
39 21.0
23 19.3
24 19.6
25 21.8
26 17.3
27 16.7
28 15.8
29 15.7
30 12.5
31 12.4
32 15.2
27 14.7
28 12.1
29 14.8
30 16.6
31 13.7
32 12.6
33 8.9
27 12.9
28 13.5
29 14.0
30 8.1
30 11.4
31 16.3
34 15.6
35 15.4
36 14.9
37 4.6
20 8.7
21 1.2
22 3.5
23 1.2
27 17.1
28 14.2
29 16.2
30 14.4
21 17.2
22 18.0
23 19.2
24 16.7
25 14.6
26 14.2
27 14.8
28 6.8
23 17.1
24 17.3
25 15.3
26 17.1
27 17.7
28 14.8
29 13.9
30 12.1
23 19.2
24 18.2
25 16.2
26 18.4
27 18.4
28 18.9
29 17.8
30 19.3
31 16.5
32 15.9
33 15.7
34 12.8
35 7.4
36 11.4
37 11.4
37 10.2
38 9.1
23 16.4
24 14.9
25 15.9
26 15.2
27 15.0
28 10.2
29 2.6
30 8.8
31 9.0
28 15.8
29 16.7
30 14.1
31 14.1
32 13.1
33 11.4
34 14.2
35 14.0
36 9.9
37 10.0
38 9.5
39 13.3
23 13.1
24 14.3
25 15.1
26 12.3
27 12.2
28 13.6
29 12.2
30 12.2
31 15.1
23 13.0
24 15.3
25 16.2
26 12.0
26 15.4
27 15.9
28 12.9
21 11.7
22 10.2
23 12.5
24 11.8
25 17.3
26 8.4
21 14.2
22 12.0
23 14.1
24 16.0
25 16.7
26 14.2
27 17.8
28 14.8
29 13.3
30 13.4
31 11.7
32 3.4
33 11.3
34 10.5
35 10.5
29 17.8
30 15.6
31 13.1
32 12.5
33 11.0
25 16.0
26 17.3
27 17.8
28 15.7
29 13.8
25 13.1
26 10.5
27 8.0
28 8.9
29 7.5
30 10.9
31 9.2
32 7.6
23 13.9
24 11.8
25 11.2
26 8.7
27 11.0
28 10.9
29 8.7
30 0.4
24 17.1
25 14.6
26 15.8
27 15.5
28 14.4
29 9.6
30 11.4
24 14.5
25 11.6
26 10.4
27 3.1
28 -6.2
26 18.6
27 17.2
28 17.3
29 17.4
30 17.5
31 14.6
32 12.0
33 12.2
34 15.8
35 12.3
36 10.7
26 13.7
26 19.3
27 18.5
28 17.8
29 16.4
30 17.6
31 15.7
32 17.2
33 14.9
34 13.1
30 14.5
31 15.9
32 14.5
33 8.7
30 13.3
31 14.5
32 14.6
33 9.0
27 24.4
28 20.9
29 17.2
30 18.6
31 18.4
32 16.0
33 10.7
24 18.4
25 15.7
26 13.0
27 15.9
28 16.6
29 8.9
30 14.4
30 11.3
31 15.1
32 12.6
33 11.8
34 9.6
35 6.6
24 14.9
25 14.8
26 11.8
27 6.8
29 15.6
30 9.2
31 10.1
29 15.2
30 11.9
31 13.2
32 5.9
33 11.6
34 9.4
35 10.3
26 13.8
27 16.7
28 11.4
28 8.8
29 13.1
30 12.5
31 10.7
32 6.8
33 11.4
25 15.1
26 17.1
27 16.9
28 15.4
29 15.0
30 15.0
31 12.7
27 15.7
28 15.6
29 14.7
30 13.2
29 14.7
30 12.5
32 10.5
33 9.7
34 14.4
35 6.8
25 14.3
26 12.4
27 13.1
30 13.1
31 11.7
27 20.0
28 15.7
29 14.4
30 14.7
31 8.1
32 12.7
38 16.1
39 12.5
40 14.9
41 8.0
21 15.8
22 17.6
23 18.2
24 23.5
25 15.2
26 18.5
27 18.8
28 15.6
29 12.1
30 11.2
31 11.0
32 12.5
33 11.7
25 14.8
26 14.4
27 14.0
28 13.9
29 12.2
30 6.6
31 2.5
32 4.0
23 16.1
24 11.6
25 11.5
26 16.3
23 9.9
24 10.5
25 14.2
26 11.5
27 10.4
28 9.8
29 7.3
30 5.9
31 3.3
23 14.0
24 14.4
25 18.5
26 14.1
20 18.6
21 16.0
22 21.3
23 23.8
24 24.0
25 18.2
26 18.9
27 18.7
28 10.8
29 9.9
21 3.9
22 5.5
22 14.1
23 16.8
24 11.3
25 15.6
26 14.4
27 12.8
26 -8.4
27 7.2
23 15.0
24 15.3
25 14.8
26 14.7
27 12.0
28 11.7
29 10.7
30 11.1
31 12.3
32 9.7
33 10.7
34 8.7
23 18.4
24 3.4
22 12.8
23 4.1
24 11.7
25 8.4
21 13.4
22 6.6
23 4.0
22 10.9
23 9.7
24 16.1
25 15.3
26 9.7
27 5.4
22 1.6
23 -4.3
24 7.4
20 8.8
21 12.5
22 9.7
19 13.6
20 15.7
21 10.4
22 11.7
23 13.7
24 10.1
25 11.5
26 7.9
27 12.8
28 11.1
29 8.8
22 17.4
23 -9.2
24 9.5
19 15.8
20 14.2
21 16.4
22 12.2
23 17.0
24 17.5
25 13.4
26 12.5
27 18.4
28 18.7
29 18.9
30 16.4
31 20.1
32 20.1
32 14.7
33 16.6
23 15.9
24 17.3
25 15.8
26 16.1
27 7.3
23 8.2
24 11.1
25 8.0
26 11.0
27 8.0
28 6.1
29 5.8
30 3.7
31 1.6
23 9.9
24 10.0
25 8.6
26 5.5
27 3.0
28 3.4
29 3.3
30 0.9
31 5.4
32 3.7
33 3.0
34 4.1
19 17.5
20 14.8
21 16.3
22 17.0
23 17.0
24 15.0
25 2.8
26 -1.9
20 6.7
21 10.4
22 6.3
23 11.5
24 10.6
25 12.5
26 9.7
27 7.8
28 5.4
29 6.8
30 6.6
26 12.5
27 12.6
28 12.7
20 -2.2
21 12.4
20 3.4
25 12.4
26 6.5
27 7.5
21 20.7
22 21.7
23 22.5
24 22.7
25 24.1
26 21.6
27 22.2
28 22.9
29 23.3
30 20.4
31 16.7
32 19.3
33 22.7
34 22.7
34 21.7
35 20.2
19 15.4
22 6.0
23 8.2
24 9.3
25 9.5
26 9.7
27 4.2
28 7.2
29 6.5
22 -9.1
22 13.5
23 17.2
24 16.5
25 13.8
26 14.2
27 18.3
28 14.9
29 16.1
30 11.7
31 12.9
32 8.7
20 13.4
21 11.2
22 14.7
23 13.9
24 12.3
25 8.6
25 9.0
26 13.1
27 11.3
28 10.0
29 6.3
30 5.1
31 45.3
32 12.5
26 11.8
27 14.4
28 16.6
29 19.8
30 13.3
31 8.6
32 9.7
33 5.5
21 16.6
22 18.1
23 16.6
24 18.9
25 13.8
26 17.4
27 15.4
28 13.1
29 12.4
30 11.1
31 10.3
32 11.8
33 11.3
34 11.3
34 9.7
35 8.3
20 11.6
21 13.9
22 15.1
23 17.9
24 19.5
25 17.3
26 18.2
27 19.3
28 16.4
29 18.4
30 14.1
31 15.5
32 14.1
33 14.1
33 12.0
34 12.8
38 19.3
20 21.1
21 22.6
22 24.4
23 20.7
24 14.3
25 17.2
26 16.8
27 18.2
28 16.6
27 18.3
28 14.7
29 10.0
26 3.8
29 -20.7
28 7.3
29 7.3
23 11.9
21 15.9
22 16.8
23 16.8
24 15.9
25 14.5
26 16.0
27 17.8
28 18.0
29 8.0
30 9.0
31 9.1
23 11.2
19 16.5
20 15.7
21 18.0
22 20.8
23 21.4
24 20.0
25 23.4
26 16.4
27 20.4
28 22.0
29 23.0
30 18.9
31 15.9
32 15.9
32 16.2
33 13.0
21 13.0
22 15.1
23 13.7
24 13.6
25 11.0
26 12.6
27 11.0
28 7.9
29 12.6
30 11.7
31 6.3
20 19.9
21 19.6
22 18.6
23 16.9
24 22.8
25 18.0
26 19.6
27 21.2
28 22.6
29 17.9
30 17.9
31 18.3
32 19.5
33 19.5
33 18.3
34 18.5
29 14.0
30 10.5
31 14.0
32 10.7
21 14.8
22 16.8
23 19.0
24 19.2
25 15.5
26 18.4
27 16.7
28 16.6
29 15.0
30 13.3
31 12.6
22 8.3
20 4.8
23 8.9
24 9.5
25 11.0
26 5.9
27 6.6
28 5.1
29 7.4
30 3.6
31 6.5
32 13.5
25 6.1
26 13.0
27 14.8
21 13.0
22 12.6
23 16.1
24 13.8
26 5.9
23 15.8
24 16.4
25 13.0
26 13.6
27 15.6
23 13.4
24 16.4
25 18.6
26 12.1
27 15.2
28 12.8
25 14.7
22 17.5
23 2.3
19 12.5
20 10.6
21 14.1
22 21.3
23 19.8
24 17.5
25 18.6
26 18.3
27 16.2
28 15.9
29 11.6
30 10.0
31 6.2
32 6.2
22 14.6
23 12.8
24 13.1
25 14.6
26 13.5
27 14.6
28 9.5
29 10.9
30 10.2
31 9.5
32 7.7
33 2.1
21 9.8
22 16.4
23 12.3
23 9.9
24 12.3
25 11.3
26 12.3
22 5.6
24 12.6
25 -8.0
26 11.9
21 20.8
22 19.2
23 21.4
24 24.1
25 21.9
26 17.2
27 21.3
28 18.8
29 19.7
30 17.1
31 14.4
32 16.4
33 16.4
22 6.2
24 13.1
25 14.6
26 10.3
27 14.3
28 11.3
29 9.7
30 10.0
22 10.7
23 15.8
24 17.0
25 18.3
26 20.7
27 18.8
28 13.7
29 14.2
30 11.7
31 12.4
32 12.2
33 9.3
34 9.3
34 11.3
23 14.0
24 10.3
25 10.8
26 10.8
27 8.8
28 11.8
29 10.7
30 6.2
31 4.8
24 9.0
25 14.9
26 10.4
27 12.2
28 12.5
24 13.5
25 15.2
26 14.6
27 11.8
28 11.3
29 9.3
22 15.1
23 14.5
24 12.5
25 14.1
26 17.3
27 14.4
28 13.1
29 14.6
30 16.6
31 13.6
32 12.6
33 11.6
34 11.6
34 9.1
35 10.1
24 11.1
25 10.5
26 14.3
27 5.2
28 9.0
29 6.0
22 9.9
23 13.0
24 12.5
25 13.5
26 11.0
27 10.4
28 11.4
29 12.4
30 9.2
31 12.8
32 11.7
33 11.7
34 11.7
24 17.0
25 18.1
26 17.2
27 11.9
28 10.7
29 12.2
30 10.5
31 9.9
32 -4.3
25 18.5
26 22.3
27 22.4
28 24.1
29 24.3
30 22.9
31 22.5
32 21.7
33 24.1
34 19.0
35 20.0
36 16.2
37 16.2
37 17.8
38 13.9
25 13.2
26 12.9
27 8.7
28 11.3
29 9.8
21 15.6
22 19.7
23 17.6
24 16.5
25 13.8
26 16.3
27 16.9
28 15.9
29 18.8
30 7.7
31 18.4
32 11.9
33 11.9
33 7.5
22 14.6
23 4.0
20 14.8
21 15.6
22 -54.4
23 17.8
24 11.1
25 18.8
26 18.9
27 20.4
28 18.6
29 17.0
30 16.6
31 14.3
32 14.3
32 16.8
33 18.9
23 -1.0
24 10.2
21 9.6
22 10.3
24 12.6
25 13.9
26 11.7
27 9.6
28 12.1
29 7.3
22 8.4
21 8.7
22 11.2
23 11.6
24 8.6
25 7.9
26 9.4
27 9.8
28 8.0
29 10.9
30 2.4
23 11.8
24 13.3
25 11.0
26 10.0
27 10.9
28 10.4
23 21.6
22 7.7
22 21.9
23 23.2
24 25.6
25 26.5
26 22.5
27 22.7
23 15.4
24 9.9
25 11.5
26 10.8
27 13.2
28 14.7
29 11.7
22 8.3
23 10.1
24 7.2
25 14.5
26 12.4
23 18.3
24 18.9
25 19.0
26 18.1
27 15.2
28 17.5
29 15.6
30 12.6
31 8.4
23 11.5
24 11.1
25 9.9
26 13.4
27 11.9
22 13.3
23 16.2
24 14.8
25 16.0
26 15.6
27 15.0
28 16.0
29 15.1
30 12.8
31 11.5
32 8.2
33 12.0
34 12.0
34 6.3
22 10.4
23 10.1
24 9.8
23 10.6
24 9.7
25 10.7
26 12.7
27 13.9
28 16.0
29 14.7
30 12.8
31 9.0
32 10.2
33 7.8
34 5.1
35 5.1
19 15.0
20 11.6
21 24.4
22 11.3
25 4.6
26 9.9
22 7.8
23 1.5
20 19.8
21 26.6
22 17.8
23 23.1
24 27.6
25 20.3
26 22.6
27 22.7
28 17.7
29 22.1
30 18.8
31 20.3
32 20.3
32 17.3
23 -12.1
19 7.1
20 2.7
21 8.3
19 8.6
20 5.0
23 12.6
24 10.9
25 9.8
20 15.3
21 13.6
22 17.3
23 16.6
24 16.3
25 13.3
26 12.0
27 18.0
28 12.4
29 15.3
23 14.4
24 11.0
25 5.8
26 12.7
27 8.6
22 10.7
23 0.3
21 9.4
22 7.7
23 12.4
19 16.7
20 22.0
21 22.1
22 21.1
23 19.0
24 22.2
25 21.7
26 21.1
27 24.8
28 24.4
29 21.5
30 21.5
30 20.3
31 17.9
22 12.3
23 13.6
24 11.3
25 12.6
26 7.8
27 15.3
28 6.8
21 12.8
22 15.1
23 18.4
24 15.8
25 19.4
26 14.0
27 15.3
28 14.0
29 13.5
30 11.5
31 15.3
32 15.3
32 11.7
33 11.5
23 9.0
24 10.7
25 14.7
26 12.9
27 12.6
28 13.6
29 14.6
30 15.5
31 15.5
32 12.0
33 11.3
34 11.3
34 11.7
35 10.3
23 8.4
24 14.5
25 9.9
26 12.0
27 14.4
28 11.6
29 7.5
30 8.5
31 11.7
32 11.0
33 9.5
34 9.5
34 9.8
23 10.4
24 10.7
25 9.2
26 10.9
27 9.7
28 7.7
29 9.0
30 4.8
31 6.7
32 9.9
23 9.4
19 17.5
20 23.2
21 22.6
22 23.8
23 22.1
24 25.0
25 19.4
26 18.9
27 20.0
28 19.0
29 19.8
30 19.8
30 20.2
27 11.6
22 16.9
23 9.9
23 14.7
24 13.9
25 14.6
26 10.7
27 5.5
28 7.1
29 12.2
30 5.6
31 2.9
23 14.1
24 15.6
25 14.8
26 8.6
27 7.6
28 2.4
29 11.6
30 5.8
22 17.0
23 14.6
24 14.9
25 11.6
26 11.6
27 12.8
28 9.6
29 11.7
30 8.1
31 9.2
23 11.4
24 13.6
21 10.0
22 17.3
23 13.0
24 12.0
25 14.4
26 12.8
27 13.9
28 11.2
29 11.9
30 14.1
31 12.7
32 12.7
32 14.0
33 9.0
25 6.7
23 11.8
24 10.4
25 7.4
26 15.0
19 17.8
27 10.7
28 10.1
29 11.2
30 6.9
31 10.3
32 5.5
33 8.9
34 6.3
26 12.4
27 9.4
23 3.5
24 6.7
23 8.4
22 9.6
23 8.6
24 10.3
25 12.8
26 11.1
27 12.8
28 10.8
29 13.9
30 11.8
31 7.1
32 7.9
33 7.9
30 10.3
23 15.5
24 13.7
25 13.7
26 12.7
27 13.1
28 14.6
29 12.7
30 10.9
31 9.9
32 10.5
33 10.6
34 10.6
34 9.1
35 8.8
22 11.1
23 12.2
24 10.7
25 13.0
26 10.8
27 9.7
23 15.3
24 15.5
25 17.0
26 13.1
27 13.9
28 11.6
29 12.3
30 9.2
31 10.8
32 10.8
33 6.8
34 6.8
34 7.2
23 15.8
24 19.3
25 20.0
26 18.3
27 17.0
28 12.7
29 9.2
30 10.5
31 9.5
23 12.2
19 25.7
20 28.1
21 24.5
22 29.1
23 31.7
24 31.1
25 27.3
26 30.7
27 31.6
28 29.3
29 25.9
30 25.9
30 27.5
31 27.0
24 0.4
23 -3.4
24 10.1
25 14.0
26 8.2
27 3.4
23 9.6
24 8.0
25 9.6
26 13.5
27 9.0
28 10.8
29 13.7
30 10.3
31 6.4
23 10.5
24 13.2
25 10.8
26 13.6
27 8.4
28 8.8
29 11.1
30 9.7
31 8.1
32 15.4
33 11.1
34 11.1
34 11.6
35 11.1
21 13.1
22 15.0
23 12.9
24 17.5
25 14.4
26 16.5
27 15.7
28 15.3
29 16.3
30 17.0
31 17.3
32 17.3
32 11.1
22 11.8
23 9.0
24 13.8
25 10.8
26 8.9
27 8.4
28 1.6
29 4.5
22 12.8
23 12.3
24 14.2
25 12.8
26 12.1
27 13.9
28 13.0
29 13.6
30 13.9
31 13.5
32 14.8
33 14.8
33 9.7
34 12.1
18 7.3
19 -4.4
23 12.9
24 10.4
25 8.6
26 10.2
18 4.7
19 15.2
20 13.8
21 11.0
22 13.8
23 12.8
24 12.2
25 9.0
26 -30.2
19 15.4
20 12.9
21 15.3
22 15.7
23 15.1
24 13.3
25 8.8
26 9.6
27 13.0
28 10.4
19 14.4
20 15.0
21 16.8
22 11.0
23 14.1
24 13.1
25 12.4
26 14.0
27 13.1
28 14.0
29 15.6
30 15.6
30 16.2
31 16.1
20 9.0
21 6.9
22 12.1
23 7.2
24 8.6
25 5.4
26 6.0
27 6.7
28 6.2
23 -4.3
19 11.2
20 13.2
21 9.5
22 13.3
23 13.2
24 15.0
25 9.6
26 8.7
27 8.2
28 6.3
29 7.0
30 7.0
30 6.0
21 14.2
22 10.0
23 13.0
24 12.7
25 11.6
26 11.9
27 9.8
28 8.5
29 6.0
21 12.5
22 6.9
22 14.6
23 16.0
24 13.7
25 11.3
26 12.9
27 17.7
28 15.0
29 13.6
30 13.0
31 9.0
32 10.0
33 10.0
23 5.2
25 14.9
26 13.6
27 13.6
28 11.8
29 13.9
30 11.6
31 1.2
21 16.4
22 13.9
23 10.9
22 23.1
23 27.6
24 28.9
25 21.5
26 30.4
27 28.0
28 25.6
29 26.3
30 24.0
31 22.0
32 21.4
33 21.4
33 20.3
34 18.5
23 11.4
24 11.6
25 14.7
26 12.3
27 11.3
28 9.7
29 5.1
30 3.4
31 11.3
23 11.1
24 19.7
25 18.9
26 19.9
27 18.9
28 18.9
29 20.4
30 17.8
31 20.1
32 17.5
33 16.0
34 16.0
34 17.6
35 16.6
21 14.1
22 15.0
23 16.3
24 17.0
25 17.2
26 16.1
27 13.9
28 15.0
29 14.4
30 11.8
31 15.4
32 15.4
32 12.4
23 12.9
24 17.0
25 10.7
26 12.9
27 14.2
28 18.3
29 15.7
30 13.2
31 15.6
32 14.6
33 14.6
33 12.9
34 13.3
24 4.5
25 8.3
19 11.8
20 16.2
21 16.1
22 15.5
23 13.3
24 11.3
25 14.2
26 14.0
27 15.8
28 12.7
29 12.7
29 12.9
30 12.4
22 11.3
23 8.2
24 12.5
18 13.6
19 16.2
20 19.2
21 19.1
22 13.0
23 12.1
24 8.8
25 7.7
26 2.4
24 13.7
25 16.4
26 12.4
27 15.0
28 14.9
29 13.5
30 13.2
31 11.8
32 11.2
33 10.1
34 10.1
34 14.1
24 5.1
19 14.8
20 9.6
21 15.8
22 16.2
23 17.8
24 14.0
25 14.2
26 15.0
27 14.8
28 13.1
29 10.8
30 12.1
31 13.6
32 11.8
33 11.2
34 11.2
34 7.7
35 12.9
22 10.6
23 12.8
24 13.6
19 15.8
20 18.7
21 17.0
22 14.7
23 16.1
24 15.5
25 14.1
26 15.1
27 15.2
28 15.5
29 15.5
29 15.0
30 10.1
22 12.9
23 11.9
24 11.1
25 12.2
26 10.7
27 5.6
28 8.4
29 8.0
23 6.4
21 14.5
22 18.2
23 16.4
24 17.0
25 14.0
26 12.4
27 13.5
28 12.7
29 6.4
30 10.6
31 10.6
21 17.4
22 16.0
23 17.5
24 21.6
25 16.2
26 17.2
27 16.0
28 14.6
29 14.6
30 14.8
31 14.8
31 13.1
32 13.8
22 11.8
23 7.0
24 8.6
19 19.3
20 21.1
21 22.9
22 25.4
23 24.0
24 26.1
25 24.2
26 19.4
27 21.3
28 19.2
29 19.2
29 18.9
30 20.8
19 10.3
20 13.5
21 15.7
22 16.3
23 15.1
24 17.8
25 17.9
26 13.6
27 18.2
28 15.4
29 15.4
29 13.1
30 13.6
21 14.8
22 18.1
23 19.0
24 18.4
25 17.8
26 17.2
27 17.6
28 15.2
29 13.7
30 12.3
31 12.3
31 12.2
32 14.3
24 13.4
25 7.2
26 9.4
27 13.9
28 11.6
29 9.7
23 8.4
24 9.6
25 8.8
26 7.6
27 11.0
28 8.2
29 4.7
30 8.1
31 -16.5
23 7.9
24 10.3
25 9.1
20 16.2
21 19.8
22 22.7
23 23.1
24 19.0
25 20.1
26 22.8
27 20.9
28 22.7
29 19.7
30 19.7
30 18.2
31 18.9
24 8.9
22 11.5
23 9.5
24 9.7
21 14.4
22 16.9
23 8.5
24 13.6
25 13.7
26 13.1
19 10.2
20 13.7
21 14.8
22 20.1
23 21.0
24 19.2
25 17.0
26 21.4
27 16.5
28 16.0
29 16.3
30 16.7
31 16.7
31 11.5
22 19.5
23 13.9
24 15.5
25 20.6
26 15.5
27 15.4
28 14.6
29 14.4
30 13.9
31 12.1
32 12.1
32 9.5
33 11.5
25 16.1
26 15.6
27 13.6
28 12.2
29 11.1
30 10.1
31 1.8
22 14.9
23 20.1
24 17.4
25 18.0
26 16.5
27 16.0
28 15.1
29 15.8
20 2.3
23 7.9
24 6.3
24 12.0
25 7.6
23 7.4
24 10.5
25 7.6
26 6.9
27 3.0
28 3.7
19 6.9
21 12.7
19 12.7
20 15.6
21 18.1
22 16.8
23 15.0
24 16.4
25 15.2
26 17.6
27 14.0
28 13.6
29 13.6
29 12.4
30 8.1
19 15.5
20 18.3
21 19.0
22 17.2
23 21.0
24 19.2
25 21.1
26 17.7
27 14.1
28 14.9
29 14.9
29 10.6
21 14.6
22 12.2
23 13.3
23 9.5
24 16.4
27 9.2
19 12.7
19 13.0
20 8.6
21 10.4
22 10.8
23 10.3
24 10.5
25 13.2
26 10.9
29 9.8
24 5.4
29 3.4
22 15.3
23 10.3
24 13.3
25 12.3
26 15.7
27 15.7
28 13.1
29 14.2
30 12.7
31 15.4
32 15.4
32 9.5
33 16.2
22 14.8
23 14.4
24 12.0
25 14.6
26 15.8
27 15.2
28 18.9
29 21.7
30 17.0
31 17.7
32 17.7
32 11.1
33 9.4
23 5.9
20 8.4
21 11.7
22 15.1
23 12.6
24 11.4
25 12.3
21 15.1
22 14.0
23 12.1
24 14.1
25 13.8
26 12.3
27 15.3
25 13.1
26 13.1
27 11.3
28 8.3
29 11.5
30 11.4
31 6.9
32 12.5
19 13.2
20 12.7
21 14.4
22 3.7
23 14.5
24 15.0
25 15.0
26 16.0
27 11.9
28 13.4
29 13.4
23 10.1
24 6.6
25 9.4
20 7.2
21 15.9
22 16.4
23 16.5
24 15.9
25 14.1
26 12.3
27 15.0
28 16.3
29 16.3
29 17.4
30 19.7
22 12.5
19 12.1
20 15.5
21 15.0
22 17.6
23 16.9
24 10.6
25 21.9
26 18.8
21 15.5
22 17.5
23 16.2
24 20.7
25 16.7
26 14.9
27 13.8
28 17.0
29 15.8
30 15.8
30 15.9
31 9.3
18 15.4
19 22.6
20 20.0
21 20.2
22 21.1
23 22.9
24 19.1
25 20.5
26 18.8
27 16.5
28 16.3
29 16.7
30 18.8
31 15.2
32 11.3
33 11.3
33 12.3
34 8.9
23 11.6
24 12.2
25 13.7
26 7.6
22 14.9
23 17.2
24 20.3
20 15.0
21 19.0
22 14.5
23 16.7
24 18.6
25 17.5
26 16.2
27 16.8
28 16.5
29 16.5
29 13.7
30 9.9
22 9.3
21 13.5
22 13.8
23 13.7
24 15.2
25 16.6
26 13.4
27 15.2
28 12.9
29 12.4
30 12.4
30 11.9
31 10.9
22 10.5
23 14.8
24 10.0
25 15.0
26 12.8
27 14.9
24 11.7
25 15.1
26 14.1
27 12.4
28 13.5
29 10.7
30 11.0
31 9.3
32 3.6
33 3.6
23 13.7
24 15.7
25 12.5
26 12.1
27 9.0
28 4.4
23 12.9
24 10.3
25 11.9
26 10.6
27 7.7
23 5.4
24 21.9
25 8.5
26 11.2
27 4.4
22 13.9
23 16.7
24 21.8
25 19.8
26 17.8
27 18.6
28 4.0
29 10.9
30 8.6
31 8.6
20 12.0
21 8.7
22 11.4
23 6.5
24 -3.3
22 13.9
23 11.2
24 7.8
25 11.7
26 16.2
27 8.9
28 10.7
29 10.0
30 10.4
31 10.4
31 1.6
23 13.7
24 13.6
25 9.9
26 11.5
27 11.7
22 14.0
22 14.5
23 13.0
24 13.1
25 16.3
26 14.2
27 17.9
28 15.9
29 11.5
30 14.6
31 14.6
31 14.5
32 7.7
29 12.4
18 20.6
19 17.5
20 13.5
21 16.7
22 17.6
23 14.4
24 17.3
25 15.4
26 15.4
27 15.4
27 16.0
28 15.0
22 -0.5
23 11.1
24 8.0
25 1.4
21 11.1
22 14.4
23 13.2
18 8.0
22 20.2
23 18.0
24 19.0
25 22.2
26 17.8
27 19.7
28 19.2
29 19.1
30 17.8
31 17.8
31 19.6
32 18.5
23 11.8
23 6.7
22 14.4
23 16.7
24 15.8
25 14.0
26 9.4
27 11.7
28 11.3
29 8.1
30 10.4
31 10.4
21 19.1
21 7.2
22 14.6
23 13.0
18 2.8
19 14.2
20 11.8
21 10.8
22 14.4
23 12.4
24 15.3
25 16.0
26 14.1
27 14.1
27 14.0
28 13.8
30 11.9
31 13.8
32 10.6
33 5.7
34 0.8
20 22.0
21 28.3
22 30.0
23 23.7
24 23.7
25 27.0
26 26.4
27 25.9
28 26.0
29 26.0
29 26.2
30 26.2
20 11.6
21 10.0
22 8.1
23 10.7
24 9.9
25 10.3
26 11.0
23 9.6
24 10.7
25 9.9
26 6.7
27 8.0
22 10.5
23 12.3
24 8.5
25 10.3
26 5.5
27 8.4
28 6.8
29 7.6
30 10.2
31 10.2
31 9.6
32 5.9
22 15.3
23 15.6
24 19.4
25 6.2
22 11.4
23 13.4
21 15.2
22 15.3
23 18.9
24 16.3
25 10.0
26 18.0
27 17.4
28 15.6
29 10.6
30 10.6
30 2.6
23 3.9
22 6.3
24 11.9
23 11.4
24 11.1
23 10.3
22 11.6
23 15.5
24 15.0
25 14.5
26 12.6
27 13.6
28 12.3
29 9.4
30 13.9
31 4.3
32 4.3
21 15.8
22 14.9
23 18.6
24 16.0
25 15.9
26 16.2
27 14.0
28 12.7
29 17.4
30 17.4
30 11.9
20 -40.7
21 1.0
22 14.7
23 15.9
24 16.2
25 16.9
26 15.6
27 16.5
28 13.1
29 11.5
19 9.9
20 12.0
21 -8.4
22 12.5
23 12.4
24 10.0
25 13.9
26 11.5
27 5.9
28 5.9
21 17.1
22 20.8
23 21.1
24 20.6
25 21.1
26 20.3
27 20.3
28 17.6
29 15.7
30 15.7
30 14.6
31 14.0
19 14.6
20 16.7
21 16.3
22 18.2
23 18.9
24 20.2
25 15.9
26 14.2
27 19.9
28 19.9
28 17.7
29 21.4
19 12.2
20 14.5
21 16.0
22 13.0
23 13.5
24 15.8
25 10.9
26 14.0
27 11.8
28 11.8
28 16.8
29 13.7
21 8.1
22 8.4
23 8.6
24 8.6
25 -4.8
21 13.8
22 1.8
23 2.2
21 18.5
22 19.1
23 18.2
24 21.5
25 22.7
26 20.4
27 21.8
28 22.8
29 22.8
29 22.4
30 18.6
24 7.4
25 13.3
26 14.4
27 11.5
28 11.5
29 9.3
30 9.1
31 11.8
32 11.8
32 6.7
22 7.7
23 10.7
24 6.9
25 8.8
22 10.8
23 13.5
24 14.7
25 19.8
22 11.5
23 16.8
24 6.6
25 9.3
26 14.3
22 11.7
23 13.4
24 12.8
25 14.8
26 14.9
27 14.1
21 10.6
22 14.6
23 15.5
24 16.4
25 17.9
26 11.2
27 14.5
28 16.6
29 16.6
29 11.8
22 14.8
23 13.3
24 13.7
21 18.4
22 16.1
23 12.5
24 13.8
25 12.3
26 10.0
27 3.4
25 13.5
26 -1.5
21 6.3
22 12.9
23 12.4
24 13.6
25 13.6
26 13.1
27 4.7
28 4.4
29 4.4
22 12.1
23 12.1
24 12.7
25 10.8
22 5.9
23 9.5
24 5.7
22 9.0
23 10.7
24 33.3
24 8.1
25 6.4
26 -3.7
22 9.7
23 10.2
20 15.4
21 9.9
22 12.3
23 14.1
24 17.4
23 12.7
24 13.7
25 13.2
26 11.4
27 13.5
28 11.7
29 13.3
30 11.0
31 11.0
31 7.6
32 7.3
29 10.4
20 17.4
21 15.3
22 16.2
23 17.8
24 17.8
25 15.6
26 18.3
27 19.7
28 19.7
28 15.5
29 17.9
23 10.5
20 11.7
21 10.1
22 11.3
23 13.2
24 9.2
25 7.7
27 13.2
28 11.4
22 11.4
23 12.9
24 11.0
25 10.7
26 6.9
27 11.3
28 11.9
29 13.1
30 13.1
30 12.3
23 8.9
23 9.9
22 6.8
23 12.0
24 9.9
25 8.5
26 9.1
27 -5.7
28 5.8
22 10.3
23 11.0
20 14.3
21 14.4
22 15.5
23 16.5
24 18.8
25 17.5
26 20.1
27 19.3
28 19.3
28 22.2
29 22.9
21 16.1
22 18.6
23 16.7
24 19.8
25 21.8
26 19.8
27 19.8
28 20.0
29 20.0
29 21.3
30 17.8
21 4.3
22 1.8
23 14.6
23 17.3
24 13.5
25 8.3
26 17.8
27 15.9
28 11.3
29 11.1
30 8.6
31 8.6
31 14.4
32 1.3
20 14.0
21 11.8
22 9.9
31 14.4
32 12.1
33 9.9
34 10.5
35 10.9
23 20.9
24 17.2
25 10.2
26 15.0
23 13.8
24 12.9
25 9.3
26 7.5
22 12.7
23 9.9
24 15.0
25 12.8
26 15.1
27 14.7
28 16.6
29 16.2
30 16.2
30 17.5
31 14.8
22 4.2
23 2.8
20 9.0
21 12.5
22 14.8
20 15.6
21 18.8
22 19.1
23 17.1
24 17.5
25 18.1
26 15.3
27 13.5
28 13.5
28 16.9
29 13.6
22 19.4
23 24.0
24 21.3
25 13.9
22 11.4
23 12.1
24 9.8
25 10.4
26 9.8
27 12.8
28 10.4
29 13.8
30 13.8
30 12.4
31 11.9
20 18.2
21 32.9
21 0.0
22 10.8
23 16.7
24 16.9
25 16.9
26 15.4
27 13.6
20 14.6
21 15.9
22 16.8
23 18.2
24 9.0
25 9.6
22 11.6
22 13.2
21 11.0
22 3.7
23 10.6
20 12.8
21 7.5
23 11.9
24 13.7
25 14.1
26 12.3
27 11.9
22 8.9
23 10.9
24 13.6
25 14.7
26 13.0
27 16.0
28 10.7
29 10.7
29 10.9
30 8.9
23 12.9
22 7.3
25 9.3
26 10.2
27 7.3
28 10.3
29 10.4
30 8.1
31 14.7
32 14.7
32 14.1
33 11.6
21 11.8
22 12.6
23 12.1
24 11.9
25 10.4
26 15.0
27 12.4
28 12.4
28 9.4
29 13.3
21 11.2
22 12.1
23 11.0
24 13.7
25 14.7
26 12.7
27 13.9
28 13.9
28 9.9
29 9.1
23 12.9
24 16.0
25 13.1
20 12.9
21 13.7
22 14.6
23 9.0
24 16.6
25 12.4
26 13.2
27 13.2
20 14.3
21 13.9
22 15.9
23 16.8
24 18.3
25 20.0
26 18.6
27 18.6
27 19.4
28 23.2
20 10.3
21 7.5
22 12.8
23 9.2
24 5.8
20 10.4
23 12.3
22 10.7
23 11.5
24 12.8
25 13.2
26 15.0
27 13.1
28 10.8
29 10.8
22 13.5
23 13.6
24 15.6
25 15.4
26 14.9
27 8.9
28 12.3
29 12.3
29 11.7
30 10.6
19 20.8
20 26.2
21 23.6
22 26.2
23 28.3
24 29.8
25 27.6
26 27.6
26 28.2
27 27.6
21 13.0
22 9.7
23 5.8
24 29.8
22 1.5
23 17.0
24 13.9
25 17.8
26 21.2
27 15.4
28 17.6
29 18.2
30 18.2
30 19.0
31 15.4
23 11.5
24 16.6
25 11.0
26 11.1
27 9.0
28 7.8
21 13.9
22 13.8
23 12.9
19 13.0
20 13.8
21 12.8
22 18.1
23 16.0
24 15.7
25 9.8
26 9.8
26 12.4
27 15.6
21 17.0
22 19.4
23 20.7
24 19.0
25 19.8
26 22.0
27 21.4
28 21.4
28 19.4
29 17.7
20 10.9
21 12.3
22 10.1
23 10.4
24 17.7
25 19.0
26 14.8
27 18.2
28 17.5
29 11.2
30 14.9
31 14.9
31 22.4
23 10.6
24 16.0
25 9.9
22 10.8
23 3.8
24 10.4
25 11.8
26 7.7
20 12.5
21 14.8
22 16.0
23 10.9
24 12.7
25 13.8
26 10.2
27 10.2
27 9.9
28 9.8
27 13.3
28 12.6
29 10.1
30 3.4
23 8.8
22 16.5
23 17.9
24 18.8
25 19.6
26 18.1
27 20.0
28 15.3
29 15.3
29 14.1
30 15.2
22 14.5
23 12.0
21 7.6
23 5.3
27 17.0
28 17.2
29 18.4
30 15.4
31 16.7
32 13.4
33 16.8
34 16.8
34 13.6
35 13.9
21 17.6
22 12.9
23 19.0
24 16.7
25 17.7
26 16.0
27 11.1
28 11.1
28 15.9
29 12.4
24 12.8
21 14.8
22 15.6
23 18.4
24 17.6
25 13.0
26 14.0
27 15.4
28 15.4
28 12.6
29 9.5
24 12.6
25 11.8
26 11.7
23 13.0
24 13.4
23 14.2
24 13.8
25 12.8
26 13.3
27 13.9
28 13.0
29 15.4
30 15.4
30 8.6
31 9.3
23 10.0
24 9.9
25 9.1
21 8.8
22 7.0
20 18.7
20 12.6
21 11.8
22 12.1
22 13.1
23 10.7
24 14.5
25 12.9
26 13.3
27 16.0
28 14.2
29 14.2
29 9.1
30 14.1
19 15.3
20 14.0
21 18.4
22 18.9
23 18.2
24 16.6
25 15.7
26 15.7
26 17.5
27 14.9
20 6.3
21 12.2
22 2.8
20 18.1
21 19.0
22 21.2
23 18.1
24 18.8
25 15.6
26 15.6
26 17.2
27 13.5
20 10.5
21 15.7
21 11.2
22 15.9
23 14.1
24 11.0
25 16.2
26 13.9
27 13.9
27 13.9
28 11.0
20 17.3
21 14.8
22 17.3
23 15.7
24 15.8
25 13.1
26 13.1
26 15.6
27 15.8
20 14.3
21 14.1
22 17.7
23 13.5
24 12.0
25 11.1
26 11.1
26 12.4
27 8.7
20 16.1
21 15.5
22 13.0
23 10.8
24 16.8
25 10.6
26 10.6
26 22.5
27 17.8
24 9.3
22 10.7
23 10.3
24 13.0
25 13.3
26 14.0
27 11.7
28 11.7
28 17.3
25 9.8
26 14.2
22 11.5
23 11.5
22 14.8
23 13.2
24 18.0
25 17.5
26 21.4
27 17.4
28 17.4
28 15.5
29 19.8
23 13.1
24 13.4
25 13.3
20 14.8
21 15.7
22 16.5
23 16.7
24 19.3
25 16.8
26 18.4
27 19.5
28 18.2
29 21.7
30 21.7
30 17.7
31 20.3
23 9.2
20 14.1
21 18.5
22 19.2
23 15.4
24 14.9
25 12.7
26 12.7
26 13.5
27 13.2
20 11.6
21 9.7
22 11.8
23 7.2
24 19.7
25 16.3
26 10.2
21 11.6
22 16.2
23 15.9
24 19.3
25 17.3
26 13.5
27 15.4
28 15.4
28 11.2
29 13.5
20 15.2
21 15.6
22 14.9
23 19.7
24 16.2
25 14.3
26 14.3
26 16.8
22 14.7
23 14.6
24 15.7
25 16.6
26 13.4
27 21.5
28 21.5
28 13.2
29 19.3
22 7.9
23 -0.1
24 12.3
22 11.0
20 12.7
21 14.8
22 16.4
23 17.2
24 18.2
25 21.0
26 21.0
26 20.6
27 21.8
19 7.7
20 12.6
21 17.3
22 17.2
23 16.5
24 14.2
25 14.2
25 15.1
26 13.8
23 12.8
24 12.6
25 12.6
26 11.7
27 13.8
28 11.5
29 11.5
29 11.5
30 12.2
20 20.1
21 19.3
22 21.9
23 24.7
24 25.4
25 22.7
26 22.7
26 21.7
27 20.4
20 17.6
21 13.9
22 15.2
23 18.9
24 17.7
25 16.2
26 16.2
26 17.6
27 14.4
20 20.7
21 24.3
22 25.4
23 17.9
24 26.9
25 18.8
26 18.8
26 19.0
27 21.1
24 9.0
25 11.7
26 12.8
27 9.7
28 11.0
29 1.6
30 1.6
21 14.6
22 12.6
23 14.7
24 13.9
25 11.2
26 13.5
27 13.5
27 7.7
22 11.8
23 11.5
24 13.9
25 9.1
26 8.3
27 10.6
28 10.6
28 7.3
29 10.2
21 17.0
22 17.4
23 19.9
24 20.7
25 10.2
26 14.4
27 14.4
27 19.9
28 25.2
23 14.0
24 12.1
25 13.1
26 12.0
27 13.9
28 14.8
29 14.8
29 10.7
30 10.1
21 23.1
19 18.7
20 16.2
21 17.6
22 15.6
23 12.2
20 18.6
21 23.5
22 23.0
23 9.6
24 10.6
25 15.2
26 11.9
27 4.1
28 0.8
29 0.8
29 10.1
30 6.6
21 17.6
22 15.3
23 14.1
24 17.3
25 15.2
26 19.5
27 19.5
27 17.1
28 17.5
22 14.6
23 13.6
24 16.4
25 14.6
26 11.1
27 10.2
28 10.2
28 14.2
23 13.6
24 13.3
25 8.3
26 8.4
27 11.0
28 11.1
29 11.1
29 10.2
30 11.1
24 12.2
21 14.6
22 11.3
23 8.2
22 10.7
23 11.3
22 12.9
23 10.2
20 17.8
21 23.6
22 22.9
23 23.9
24 24.7
25 29.1
26 29.1
26 27.6
27 30.6
22 25.9
23 15.3
24 12.4
25 14.7
26 2.4
25 8.2
26 4.8
29 10.9
21 11.4
22 15.3
23 10.6
20 17.1
21 17.6
22 14.6
23 17.3
24 7.7
25 7.7
25 5.4
22 9.6
23 6.6
22 12.9
23 14.7
21 14.2
22 14.9
23 12.6
24 9.7
25 12.2
26 12.2
26 10.7
23 8.7
24 11.1
25 15.5
26 13.9
27 15.9
28 15.9
28 11.9
29 11.9
21 11.7
22 11.2
23 12.9
24 12.9
25 14.4
26 14.4
26 13.9
27 10.0
22 10.1
23 8.1
24 12.4
25 9.1
26 6.7
27 6.7
22 15.6
23 13.6
24 16.3
25 16.2
26 17.5
27 17.5
27 15.9
28 15.3
22 10.7
23 14.9
24 13.3
25 12.6
26 8.9
27 8.9
27 8.6
28 10.2
21 19.4
22 21.2
23 21.3
24 24.1
25 28.0
26 28.0
26 31.5
27 24.6
21 13.0
22 7.1
23 12.9
24 11.0
25 8.2
26 8.2
20 14.5
21 12.8
22 14.7
23 18.4
24 17.4
25 17.4
25 21.5
26 24.0
23 15.2
24 7.1
25 13.4
26 9.2
27 11.2
28 11.2
28 14.7
29 10.6
22 8.6
23 9.4
24 12.2
25 12.2
26 11.6
27 11.6
27 10.1
28 12.6
20 14.4
21 16.4
22 18.1
23 18.4
24 17.7
25 17.7
25 17.9
26 15.5
20 7.1
21 11.2
23 11.3
24 15.0
22 10.8
23 13.2
24 10.5
25 8.6
26 13.0
27 13.0
27 8.4
28 3.1
24 14.3
25 16.9
26 14.4
27 16.0
28 16.1
29 16.1
29 15.7
30 15.0
22 13.2
23 15.5
24 14.1
25 13.9
26 16.5
27 16.5
27 10.5
28 10.1
24 16.4
25 14.7
26 15.3
27 14.2
28 13.3
29 13.3
29 12.5
20 16.4
21 21.1
22 23.0
23 23.5
24 26.7
25 26.7
25 25.3
26 27.4
22 13.2
23 14.0
24 16.4
25 13.1
26 13.2
27 13.2
27 12.9
28 10.8
22 13.0
23 15.8
24 18.5
25 19.3
26 16.2
27 16.2
27 16.4
28 5.5
19 15.4
20 14.7
21 16.7
22 17.1
23 18.8
24 18.8
24 19.7
25 17.1
25 6.0
26 13.9
20 17.7
21 19.0
22 19.4
23 19.6
24 16.6
25 16.6
25 13.9
26 16.4
24 13.3
20 15.6
21 18.4
22 16.1
23 15.6
24 19.7
25 19.7
25 13.7
26 12.1
22 12.6
23 14.5
24 10.2
25 18.5
26 17.9
27 17.9
27 11.4
28 17.0
22 17.9
23 19.4
24 17.9
25 19.0
26 18.5
27 18.5
27 9.7
28 15.4
23 15.5
24 14.1
25 14.1
26 15.7
27 16.1
28 16.1
28 10.9
29 11.9
22 11.7
23 9.1
24 9.3
25 6.2
22 12.6
23 11.5
24 11.4
25 14.7
26 14.1
27 14.1
27 13.5
28 13.1
21 13.0
22 21.5
23 14.1
24 18.7
25 13.0
20 3.5
21 13.0
22 12.3
23 12.8
23 10.7
24 11.5
25 12.4
26 9.7
27 12.0
28 12.0
22 4.4
23 9.0
24 4.3
23 12.2
21 14.6
22 15.8
23 16.8
24 17.1
25 20.6
26 20.6
26 17.9
27 19.2
23 4.7
22 4.7
23 12.4
24 11.6
25 2.6
22 16.5
23 17.4
24 16.3
25 12.0
26 15.0
27 15.0
27 14.7
28 10.4
23 14.9
24 12.4
25 13.2
26 16.4
27 10.5
28 10.5
22 6.9
23 13.1
24 12.3
24 12.5
25 9.7
26 7.5
24 11.2
25 13.4
26 17.4
27 14.2
28 14.2
22 14.2
22 17.7
23 11.1
24 19.1
25 18.1
26 18.1
26 21.3
27 12.7
20 10.6
21 13.7
22 13.2
23 14.4
24 14.4
24 12.7
25 11.3
21 8.8
22 13.9
23 10.9
24 13.4
25 14.9
26 14.0
27 15.5
28 15.5
28 11.0
29 9.8
21 11.3
22 9.4
23 12.1
24 11.1
25 11.1
25 11.6
26 8.3
21 11.2
22 17.5
23 19.6
24 18.4
25 18.4
25 20.0
26 20.5
23 15.4
24 13.9
25 15.0
26 15.3
27 15.3
27 14.4
28 15.7
23 4.3
20 11.3
21 8.8
22 12.7
23 11.5
24 11.5
24 13.2
25 14.4
20 21.7
21 20.2
22 26.1
23 25.2
24 25.2
24 23.6
25 25.8
22 14.5
23 13.8
24 14.3
21 14.2
22 17.8
23 15.9
24 20.0
25 20.0
25 18.7
26 11.5
21 8.3
22 6.3
24 9.9
23 19.6
24 19.9
25 16.2
26 20.5
27 20.5
27 12.6
21 4.8
19 17.1
20 17.5
21 19.0
22 21.8
23 21.8
23 21.6
24 15.8
22 12.0
23 10.3
24 8.6
25 10.8
26 10.8
25 13.3
20 16.5
21 16.8
22 20.1
23 13.0
24 13.0
24 20.9
25 20.2
21 23.4
22 22.4
23 23.9
24 22.8
25 22.8
25 22.1
26 22.6
23 10.4
21 11.7
20 15.5
21 16.8
22 16.2
23 20.2
24 20.2
24 18.3
25 22.2
24 3.1
25 11.2
19 9.2
20 7.6
21 12.3
22 4.9
23 4.9
23 6.1
24 0.0
0.0 4.1
21 12.9
25 10.8
26 18.4
27 10.8
23 10.2
24 10.2
24 8.2
23 8.0
24 10.3
25 11.0
26 11.1
27 11.1
27 11.0
28 8.4
22 11.8
23 12.4
22 19.9
23 14.9
24 14.3
25 15.6
26 15.6
26 13.8
27 19.2
20 22.0
21 19.5
22 18.1
23 21.2
24 21.2
24 21.8
25 21.1
24 13.2
25 12.3
26 16.7
27 16.6
28 16.6
28 14.6
29 12.3
24 -13.1
26 14.2
27 11.5
28 12.5
29 11.1
30 11.1
30 13.5
31 -4.3
28 5.8
21 11.5
22 15.2
23 14.6
24 14.6
25 14.6
25 10.6
26 10.8
25 21.4
26 20.2
27 20.7
28 16.6
29 16.6
29 6.5
22 10.4
23 1.6
24 13.1
22 9.4
23 11.0
24 10.3
25 9.9
26 9.9
22 11.1
23 6.2
22 13.3
23 18.7
24 14.0
25 15.2
26 15.2
21 15.8
22 10.3
23 12.5
24 12.5
25 12.5
25 10.8
26 14.4
22 14.1
23 8.5
24 11.7
25 12.3
26 12.3
26 14.9
27 14.7
26 20.5
27 18.7
28 16.5
29 18.9
30 18.9
30 13.7
31 15.0
20 7.0
21 11.8
22 14.7
23 8.8
24 8.8
24 13.5
25 9.6
22 12.6
23 12.1
24 12.4
25 12.8
26 12.8
26 13.6
27 11.4
23 12.5
24 12.0
25 7.6
26 11.6
27 11.6
22 10.9
24 14.2
25 16.3
26 14.1
27 12.6
28 12.6
28 7.4
29 4.1
20 17.7
21 20.8
22 19.5
23 19.9
24 19.9
24 19.8
25 23.2
21 16.2
22 11.5
23 12.5
24 14.9
25 14.9
25 12.4
26 11.6
26 12.8
27 12.9
19 10.1
20 13.3
21 15.2
22 15.2
22 14.9
23 12.2
23 13.5
24 15.5
20 11.5
21 15.8
22 13.0
23 13.0
23 14.3
24 11.6
22 15.2
23 13.5
24 21.3
25 21.3
25 21.3
26 25.1
23 7.9
24 8.8
25 10.9
26 10.9
26 10.8
27 5.4
26 -19.4
22 18.5
23 19.8
24 18.4
25 18.4
25 21.0
26 20.3
22 14.6
23 15.8
24 9.8
25 9.8
25 12.0
23 -6.4
21 16.9
22 12.7
23 8.3
24 8.3
24 12.4
22 8.5
23 13.4
24 -3.8
19 16.0
20 16.5
21 16.7
22 16.7
22 16.2
23 16.9
22 12.6
21 1.9
19 21.4
20 20.1
21 21.5
22 21.5
22 19.9
23 23.0
21 14.2
22 15.4
23 17.2
24 17.2
24 19.6
25 14.9
22 7.5
27 15.7
20 13.5
21 14.7
22 15.5
23 15.5
23 12.4
24 13.2
19 17.6
20 15.6
21 20.3
22 20.3
22 24.0
23 23.7
20 12.0
21 16.5
22 17.1
23 17.1
23 14.7
24 12.4
21 9.8
20 16.4
21 19.4
22 22.0
23 22.0
23 26.0
24 27.6
22 10.4
23 17.6
24 11.9
25 11.9
25 16.2
26 14.2
23 9.4
24 129.1
21 11.3
22 13.2
23 13.2
24 13.2
24 13.6
25 10.9
22 10.7
23 11.1
24 10.3
25 10.3
25 11.4
26 12.1
21 8.1
22 9.2
23 6.7
24 6.7
22 11.3
23 14.8
24 13.7
25 13.7
25 12.7
26 12.4
22 12.6
23 18.4
24 15.8
25 15.8
25 12.2
26 13.7
21 14.0
22 10.5
25 10.4
23 15.3
24 15.9
25 16.3
26 16.3
26 16.2
27 7.7
21 16.2
22 15.4
23 15.2
24 15.2
24 17.6
25 16.8
20 0.1
21 11.7
22 9.6
23 11.4
24 11.4
24 8.4
25 9.0
22 7.8
23 8.8
24 9.6
25 8.5
26 13.1
27 13.1
27 13.9
21 16.1
22 13.7
23 10.2
24 10.2
24 7.9
23 7.1
26 10.5
27 9.7
28 7.8
29 7.8
23 11.4
24 6.6
22 17.5
23 20.5
24 20.6
25 20.6
25 21.5
26 26.5
23 10.1
24 0.5
25 8.0
26 8.0
26 10.4
27 8.4
23 13.8
24 4.6
25 8.2
26 8.2
21 12.7
22 14.3
23 20.8
24 20.8
24 18.6
25 17.4
20 16.1
21 14.9
22 15.6
23 15.6
23 15.9
24 15.3
20 6.2
21 13.0
21 7.6
22 12.7
21 17.8
22 18.8
23 21.5
24 21.5
24 21.1
25 19.1
21 18.8
22 16.8
23 17.6
24 17.6
24 20.8
25 21.3
20 14.5
21 11.5
22 12.8
23 12.8
23 17.2
24 10.6
23 -1.9
23 16.5
22 10.1
23 11.9
24 11.9
24 14.7
25 11.8
20 9.8
21 13.4
22 13.4
22 12.3
23 16.3
22 13.5
23 13.6
24 13.6
24 16.0
25 15.5
26 9.7
27 15.9
28 15.9
28 17.8
29 13.1
23 11.2
24 9.7
25 9.7
25 13.4
26 11.5
19 14.3
20 14.0
21 14.0
21 15.5
22 20.1
24 12.4
25 11.3
26 11.3
26 13.0
27 13.0
24 8.8
25 9.2
26 9.2
28 17.6
29 7.4
30 7.4
30 5.4
22 11.9
23 13.9
24 13.9
24 15.8
25 14.9
21 8.5
22 7.3
23 7.3
23 5.9
19 26.5
20 30.8
21 30.8
21 25.0
22 27.5
25 13.1
19 22.6
20 21.4
21 21.4
21 21.2
22 20.9
20 10.3
21 12.4
22 12.4
22 14.6
23 13.9
25 11.3
26 12.2
27 12.2
24 7.1
22 12.7
23 16.4
24 16.4
24 19.3
25 16.5
19 11.8
20 8.4
21 8.4
21 13.3
22 13.1
22 17.9
23 18.0
24 18.0
24 18.6
25 15.3
27 8.5
28 16.0
29 16.0
21 4.7
22 15.9
23 15.9
23 10.0
24 17.3
23 5.3
23 -23.0
21 10.1
22 6.9
23 6.9
21 19.1
22 18.3
23 18.3
23 13.5
24 16.1
19 12.0
20 15.1
21 15.1
21 16.9
22 14.3
25 10.5
21 7.5
20 13.4
21 14.9
22 14.9
22 15.9
23 17.0
20 9.4
21 14.8
22 14.8
22 11.3
23 8.9
22 18.6
23 20.7
24 20.7
24 22.2
25 24.1
21 12.6
22 12.4
23 12.4
23 6.7
21 12.5
22 15.6
23 15.6
23 16.8
24 15.0
22 9.0
23 -5.1
24 -5.1
20 8.6
21 7.4
22 7.4
22 10.7
23 14.4
24 14.4
24 11.3
25 9.1
22 6.7
23 9.9
24 10.3
25 10.3
25 14.8
26 5.9
22 16.5
23 14.8
24 14.8
24 17.5
25 20.5
24 14.6
25 13.4
26 13.4
26 17.4
27 8.4
35 13.0
36 12.2
37 12.2
37 10.2
20 11.6
21 10.3
22 10.3
22 11.1
23 11.4
27 13.4
28 11.7
29 11.7
29 13.8
30 9.8
21 14.1
22 15.3
23 15.3
23 14.5
24 17.3
21 12.0
22 11.2
23 11.2
23 12.9
24 13.4
23 12.1
24 10.9
25 10.9
25 10.4
24 15.3
25 15.1
26 15.1
26 14.0
27 5.9
21 3.9
24 10.2
25 19.5
26 19.5
22 16.1
23 14.5
24 14.5
24 13.9
24 11.8
25 8.5
26 8.5
26 6.6
27 5.9
20 16.4
21 17.9
22 17.9
22 16.7
23 6.0
23 5.9
24 8.2
25 8.2
22 5.4
19 3.8
27 14.3
28 10.7
29 10.7
29 16.2
30 8.8
20 16.1
21 20.6
22 20.6
22 22.6
23 20.1
24 13.3
21 14.0
22 10.9
23 10.9
23 9.4
24 14.5
21 19.3
19 12.9
20 14.9
21 14.9
21 1.8
23 15.4
24 18.9
25 18.9
25 15.4
26 13.0
20 14.1
21 14.1
21 15.5
22 16.5
19 14.8
20 14.8
20 18.8
21 26.1
31 9.5
32 9.5
29 15.1
30 15.1
30 15.4
31 17.2
20 11.4
21 11.4
21 10.4
22 14.7
21 4.0
22 4.0
23 11.0
24 11.0
24 4.4
22 6.2
23 6.2
23 12.0
24 11.7
21 12.6
22 12.6
22 14.0
23 10.8
24 13.1
25 13.1
24 12.3
25 12.3
20 11.2
21 11.2
21 12.4
22 12.8
22 12.4
23 12.4
23 11.1
24 8.1
22 14.1
23 14.1
23 13.9
24 9.9
22 8.8
23 8.8
23 11.5
24 13.1
23 14.7
24 14.7
24 13.2
25 13.2
21 8.7
22 8.7
22 12.2
23 11.6
23 -11.4
24 -11.4
24 13.8
25 15.5
22 9.6
23 9.6
23 14.9
24 10.4
26 15.1
27 15.1
22 10.5
23 10.5
24 13.3
25 13.3
25 17.0
26 16.0
23 8.5
24 8.5
24 11.3
25 9.4
24 17.2
25 17.2
25 17.1
26 14.2
22 4.9
23 4.9
21 21.6
22 21.6
22 17.5
23 23.3
19 11.2
20 11.2
20 11.1
21 18.7
25 11.0
26 11.0
26 19.1
23 14.6
24 14.6
22 10.2
23 10.2
23 12.2
24 8.0
24 9.7
25 9.7
20 10.5
21 10.5
21 8.5
22 8.6
23 8.6
23 10.3
24 7.8
23 12.9
24 12.9
21 10.9
22 10.9
22 13.3
21 6.3
22 6.3
20 13.5
21 13.5
21 12.4
22 15.0
31 13.0
32 13.0
22 12.5
23 12.5
23 9.1
22 13.1
23 13.1
23 17.7
24 19.9
20 10.4
21 10.4
21 8.6
22 9.8
25 0.5
26 0.5
21 19.9
22 19.9
22 15.2
23 14.9
24 1.1
25 1.1
22 18.0
23 18.0
23 13.6
24 14.4
21 15.9
22 15.9
22 16.7
23 13.6
22 15.9
23 15.9
23 16.3
24 15.3
26 22.8
27 22.8
23 18.0
24 18.0
24 17.2
25 18.1
20 11.6
21 11.6
21 14.5
22 17.3
22 11.8
23 11.8
23 10.6
26 3.3
27 3.3
22 9.1
23 9.1
23 10.2
24 9.6
20 15.7
21 15.7
21 15.5
22 16.1
22 10.2
23 10.2
23 6.4
24 9.7
22 10.9
23 10.9
23 9.2
24 7.9
23 17.6
24 17.6
24 17.7
25 18.8
22 4.6
23 4.6
21 14.1
22 14.1
22 16.1
23 16.7
20 12.8
20 17.3
23 12.0
21 8.2
21 12.9
22 12.5
24 2.1
24 6.8
23 4.7
22 44.3
23 14.7
23 12.3
24 15.0
25 11.6
25 10.7
26 13.5
22 11.0
23 9.1
23 11.3
19 -1.8
19 -7.7
20 14.6
20 12.1
20 18.3
21 21.4
23 5.8
26 -2.6
22 16.9
22 14.3
23 13.2
23 11.4
22 14.5
22 1.7
23 -5.0
21 10.2
21 8.9
22 12.7
25 8.2
24 4.5
23 8.4
23 2.2
24 11.5
24 17.8
25 10.6
20 7.3
20 10.7
21 10.9
19 5.7
24 8.1
24 13.9
25 12.4
23 12.3
23 11.7
24 10.4
19 11.4
19 17.0
20 14.5
24 3.7
20 8.7
20 12.6
21 10.1
23 8.9
23 12.4
24 14.9
24 14.6
25 13.5
22 9.0
22 6.9
20 4.9
20 12.7
21 16.5
23 5.6
23 3.4
24 9.0
22 12.3
22 14.1
23 12.4
27 9.6
27 10.3
28 12.4
24 13.2
24 12.7
21 1.5
22 4.8
22 12.0
22 13.8
23 15.9
25 10.0
25 15.6
26 13.1
23 8.5
23 10.5
23 15.7
24 12.6
19 11.3
19 14.3
20 14.6
25 -0.7
22 5.9
22 5.2
22 17.7
22 15.9
23 13.1
21 10.6
21 10.6
22 11.5
23 6.1
23 10.9
24 10.7
22 16.6
22 7.4
27 1.2
27 7.9
27 6.5
28 -3.4
23 17.9
23 15.6
24 14.5
23 40.8
23 7.4
23 9.3
23 9.6
24 13.6
20 15.0
20 16.2
21 20.4
22 5.2
22 15.6
23 15.5
20 14.8
20 15.9
21 17.5
21 3.8
21 7.4
22 14.9
24 7.8
24 6.0
19 14.5
19 14.8
20 19.1
23 7.7
23 5.6
24 14.4
20 13.8
20 13.9
21 17.2
23 13.8
23 16.8
24 17.6
20 -7.5
20 13.9
21 16.3
28 8.2
28 5.5
29 6.3
21 9.4
21 8.3
20 11.0
20 11.3
21 12.0
23 5.2
23 10.5
21 7.5
21 9.2
22 9.0
23 10.8
21 18.6
21 20.0
22 31.5
19 13.2
19 8.6
20 10.8
21 14.0
21 15.7
22 15.6
24 2.4
24 8.5
23 20.0
23 7.4
19 13.9
19 16.5
20 16.5
24 8.5
24 12.9
25 2.9
19 8.5
19 3.6
20 10.0
26 14.6
27 15.2
22 13.9
27 11.0
19 14.6
23 7.2
22 16.3
24 10.4
23 11.8
21 13.1
24 9.7
23 15.3
23 13.2
22 19.2
21 -2.2
20 7.2
22 5.9
21 13.7
22 18.6
32 9.1
24 26.1
22 -3.2
19 7.2
20 26.3
19 13.8
22 13.0
19 13.6
20 9.9
27 29.6
21 8.7
23 13.7
20 15.2
24 9.7
29 14.8
21 9.8
19 10.9
23 15.7
23 10.7
20 14.8
20 9.1
24 -1.9
21 5.5
20 14.9
20 17.4
22 14.0
25 17.1
22 10.7
21 10.9
19 15.3
26 9.9
23 21.3
23 6.2
20 25.9
19 18.5
19 7.8
23 11.0
23 19.5
19 8.2
20 15.1
23 15.0
23 11.4
