0.1 0.374
0.0 0.466
0.1 0.461
0.3 0.478
0.3 0.475
0.1 0.503
0.3 0.525
0.1 0.474
0.0 0.214
0.3 0.47
0.1 0.382
2.5 0.462
3.3 0.439
2.6 0.44
2.6 0.428
2.7 0.454
3.4 0.438
3.0 0.445
2.5 0.48
2.5 0.477
1.8 0.491
2.1 0.458
2.3 0.449
1.8 0.442
0.2 0.346
0.5 0.415
1.1 0.376
2.0 0.414
1.7 0.379
1.6 0.375
2.3 0.394
1.9 0.385
1.5 0.348
0.0 0.325
0.0 0.314
1.2 0.404
1.2 0.427
1.5 0.376
1.5 0.389
1.2 0.356
0.9 0.429
1.1 0.376
0.3 0.436
0.1 0.427
0.0 0.441
0.0 0.423
0.5 0.276
0.6 0.399
0.5 0.462
0.6 0.422
0.5 0.452
0.1 0.429
1.1 0.385
1.9 0.419
1.7 0.409
1.0 0.395
1.7 0.321
0.4 0.336
0.2 0.414
0.9 0.364
1.5 0.466
1.7 0.361
1.3 0.397
1.3 0.426
2.1 0.394
1.4 0.434
1.5 0.344
1.0 0.301
0.5 0.363
0.0 0.427
0.0 0.411
0.0 0.412
0.0 0.407
0.0 0.342
0.1 0.391
0.3 0.289
0.0 0.404
0.0 0.308
0.0 0.485
0.0 0.478
0.0 0.481
0.0 0.31
0.0 0.467
0.4 0.353
0.7 0.385
1.6 0.508
2.0 0.458
1.6 0.504
1.9 0.423
1.2 0.452
1.1 0.475
1.7 0.481
1.5 0.407
0.7 0.489
1.5 0.45
1.1 0.404
0.9 0.438
1.0 0.385
0.0 0.541
0.0 0.539
0.0 0.443
0.0 0.46
0.0 0.507
0.0 0.489
0.2 0.429
0.2 0.441
0.3 0.409
0.8 0.454
0.9 0.457
2.5 0.432
2.6 0.421
2.3 0.437
1.7 0.459
2.0 0.409
1.0 0.466
0.2 0.43
0.6 0.441
0.4 0.472
0.4 0.4
0.1 0.8
0.5 0.44
0.3 0.396
0.5 0.372
0.0 0.42
1.3 0.453
0.6 0.47
1.0 0.45
1.8 0.443
1.6 0.432
2.3 0.404
2.1 0.411
1.9 0.435
2.1 0.416
1.6 0.431
1.9 0.282
0.9 0.423
1.5 0.421
2.0 0.394
1.7 0.442
2.1 0.418
2.3 0.427
1.6 0.448
1.8 0.418
2.1 0.418
2.2 0.427
2.0 0.364
2.4 0.402
1.5 0.304
1.1 0.342
0.0 0.458
0.0 0.485
0.0 0.455
0.0 0.421
0.0 0.432
0.0 0.566
0.0 0.529
0.0 0.508
0.0 0.509
0.1 0.462
0.2 0.385
0.0 0.427
0.0 0.437
0.0 0.466
0.0 0.454
0.0 0.426
0.0 0.47
0.0 0.333
0.0 0.5
0.0 0.351
1.3 0.389
0.9 0.466
1.2 0.42
0.9 0.42
1.2 0.433
1.3 0.405
1.1 0.407
1.1 0.422
0.1 0.479
0.0 0.492
0.0 0.34
0.0 0.423
0.0 0.298
0.0 0.714
0.1 0.4
0.2 0.429
0.4 0.419
0.7 0.413
0.7 0.41
1.0 0.42
1.4 0.355
0.0 0.479
0.0 0.536
0.0 0.473
0.0 0.452
0.0 0.527
0.0 0.502
0.0 0.493
0.0 0.503
0.0 0.527
0.0 0.533
0.0 0.456
0.0 0.447
0.0 0.48
0.0 0.512
0.0 0.494
0.0 0.473
0.0 0.539
0.0 0.442
0.0 0.442
0.0 0.431
0.4 0.425
0.0 0.37
1.7 0.15
0.0 0.474
0.0 0.531
0.0 0.476
0.0 0.446
0.0 0.461
0.0 0.407
0.0 0.341
0.0 0.0
0.0 0.372
0.1 0.398
0.1 0.46
0.2 0.381
0.3 0.376
0.6 0.389
0.9 0.469
0.4 0.451
1.5 0.438
1.1 0.433
2.0 0.45
2.3 0.463
1.8 0.459
1.8 0.467
1.4 0.456
1.4 0.451
1.4 0.43
1.5 0.463
1.7 0.425
0.5 0.373
1.5 0.373
1.5 0.358
0.0 0.455
0.0 0.263
0.1 0.525
0.1 0.465
0.2 0.377
0.2 0.528
0.7 0.434
1.2 0.411
0.4 0.385
0.5 0.384
0.6 0.373
0.3 0.435
1.4 0.339
0.0 0.5
0.0 0.456
0.0 0.448
0.0 0.41
0.1 0.477
0.0 0.465
0.0 0.465
0.0 0.473
0.0 0.45
0.1 0.512
0.0 0.475
0.0 0.398
0.0 0.446
0.0 0.321
0.0 0.484
0.0 0.397
0.0 0.439
0.0 0.317
0.0 0.462
0.4 0.25
0.0 0.472
0.7 0.37
0.8 0.414
0.4 0.494
0.6 0.341
0.7 0.385
0.5 0.389
0.1 0.43
0.8 0.255
0.1 0.342
0.0 0.356
0.0 0.297
0.0 0.407
0.0 0.387
0.1 0.375
0.0 0.458
0.6 0.433
0.3 0.42
0.3 0.425
0.4 0.321
2.2 0.428
2.0 0.467
1.0 0.417
1.3 0.452
1.6 0.43
1.6 0.454
1.9 0.456
1.3 0.437
1.9 0.428
1.6 0.437
1.6 0.411
1.2 0.435
2.0 0.407
1.8 0.333
1.0 0.333
1.0 0.388
1.0 0.394
0.4 0.463
1.0 0.47
0.8 0.488
0.9 0.464
0.5 0.443
0.9 0.418
0.6 0.438
0.0 0.583
0.0 0.52
0.0 0.447
0.0 0.539
0.0 0.429
0.0 0.318
0.0 0.481
0.0 0.499
0.1 0.481
0.0 0.426
0.0 0.389
0.4 0.328
0.5 0.3
1.2 0.46
1.1 0.479
0.9 0.461
0.6 0.392
0.3 0.346
0.0 0.294
0.0 0.49
0.0 0.501
0.0 0.333
0.1 0.441
0.1 0.261
0.1 0.304
0.0 0.357
0.0 0.352
0.6 0.45
0.5 0.448
0.3 0.413
0.2 0.214
0.0 0.384
0.1 0.333
0.2 0.353
0.0 0.432
0.0 0.472
0.0 0.479
0.1 0.463
0.1 0.467
0.0 0.615
0.2 0.448
0.7 0.476
1.1 0.413
1.1 0.386
2.1 0.398
2.6 0.416
1.3 0.4
1.7 0.41
2.2 0.41
2.2 0.449
2.1 0.421
1.6 0.384
1.3 0.438
2.0 0.416
2.3 0.396
1.9 0.396
1.9 0.404
1.5 0.413
0.9 0.413
0.6 0.411
0.6 0.388
0.7 0.378
0.6 0.463
1.1 0.351
0.4 0.445
0.5 0.359
0.1 0.471
0.8 0.341
0.7 0.417
0.9 0.406
0.1 0.453
0.1 0.402
0.2 0.388
0.0 0.448
0.0 0.435
0.0 0.496
0.0 0.535
0.0 0.55
0.0 0.493
0.0 0.626
0.0 0.643
0.0 0.65
0.0 0.624
0.0 0.584
0.0 0.125
0.9 0.44
0.7 0.452
0.3 0.47
0.6 0.438
0.7 0.418
0.3 0.442
0.2 0.459
0.2 0.419
0.0 0.426
0.0 0.407
0.0 0.403
0.0 0.461
0.0 0.432
1.0 0.417
2.1 0.416
2.0 0.395
2.8 0.387
2.6 0.389
1.9 0.439
1.3 0.426
2.1 0.37
1.5 0.406
1.1 0.417
1.4 0.37
0.0 0.51
0.0 0.541
0.0 0.473
0.0 0.479
0.0 0.375
0.0 0.446
0.8 0.354
1.0 0.364
1.2 0.448
1.1 0.392
0.3 0.091
0.1 0.481
0.1 0.41
0.9 0.469
0.7 0.462
0.7 0.448
0.9 0.465
1.5 0.433
1.6 0.339
1.0 0.434
0.0 0.45
0.0 0.534
0.0 0.477
0.0 0.444
0.0 0.25
0.7 0.384
1.1 0.416
1.8 0.38
0.6 0.416
1.3 0.441
0.1 0.342
1.2 0.313
2.0 0.417
0.0 0.472
0.0 0.466
0.1 0.47
0.0 0.419
0.0 0.417
0.0 0.426
0.0 0.435
0.0 0.447
0.0 0.42
0.0 0.469
0.0 0.444
0.4 0.386
0.3 0.389
0.9 0.389
0.1 0.403
0.3 0.44
0.3 0.41
0.5 0.468
0.3 0.436
1.3 0.398
1.1 0.397
1.0 0.405
0.6 0.476
0.8 0.429
0.5 0.296
0.2 0.222
0.0 0.4
0.0 0.0
0.1 0.508
0.0 0.513
0.1 0.501
0.0 0.496
0.0 0.484
0.0 0.546
0.0 0.497
0.0 0.504
0.0 0.518
0.0 0.5
0.0 0.492
0.0 0.502
0.0 0.49
0.0 0.512
0.0 0.512
0.0 0.488
1.3 0.337
0.4 0.417
1.6 0.368
0.8 0.398
0.4 0.33
0.0 0.333
0.1 0.418
0.6 0.382
0.0 0.42
0.0 0.368
0.0 0.444
0.9 0.429
0.9 0.355
1.1 0.463
1.1 0.425
1.7 0.443
2.1 0.427
1.8 0.412
1.4 0.412
1.3 0.414
1.6 0.437
1.6 0.44
1.3 0.411
2.1 0.437
1.0 0.352
0.6 0.393
1.5 0.41
1.4 0.382
0.6 0.436
1.4 0.424
1.5 0.38
1.0 0.389
0.8 0.371
0.6 0.342
0.9 0.391
0.1 0.438
0.1 0.465
0.0 0.383
0.0 0.455
0.0 0.529
0.0 0.428
0.0 0.37
0.0 0.511
0.0 0.522
0.0 0.529
0.0 0.5
0.0 0.222
0.0 0.385
0.0 0.449
0.0 0.36
0.0 0.544
0.0 0.519
0.0 0.552
0.0 0.469
0.0 0.55
0.0 0.501
0.0 0.478
0.0 0.479
0.0 0.5
1.4 0.421
0.8 0.422
1.4 0.392
0.0 0.444
0.0 0.536
0.0 0.454
0.0 0.502
0.0 0.507
0.0 0.565
0.0 0.458
0.0 0.636
1.7 0.417
1.2 0.435
1.0 0.403
0.9 0.423
0.5 0.435
0.4 0.408
1.0 0.333
0.0 0.469
0.0 0.444
0.2 0.47
0.5 0.502
0.2 0.499
0.1 0.502
0.1 0.526
0.1 0.476
0.2 0.539
0.0 0.531
0.0 0.521
0.0 0.528
0.0 0.503
0.1 0.496
0.0 0.441
0.0 0.467
0.0 0.467
0.0 0.47
0.0 0.327
1.3 0.426
2.1 0.419
2.0 0.333
0.0 0.402
0.7 0.417
0.9 0.314
0.3 0.338
0.4 0.447
0.0 0.125
0.3 0.411
0.8 0.39
0.7 0.408
0.8 0.356
1.4 0.4
0.7 0.395
0.9 0.357
0.4 0.38
0.5 0.432
0.4 0.424
0.1 0.384
0.1 0.422
0.2 0.392
0.2 0.4
0.2 0.421
0.5 0.427
0.7 0.39
0.6 0.364
0.1 0.2
0.0 0.469
0.0 0.509
0.0 0.471
0.0 0.493
0.0 0.415
0.0 0.513
0.0 0.52
0.0 0.411
0.2 0.499
0.3 0.433
0.1 0.278
0.1 0.36
0.0 0.48
0.0 0.473
0.0 0.395
0.1 0.422
0.1 0.455
0.0 0.345
0.0 0.411
0.8 0.361
1.0 0.0
0.1 0.569
0.0 0.447
0.0 0.493
0.0 0.459
0.5 0.435
0.3 0.443
0.4 0.455
0.2 0.44
0.5 0.491
0.7 0.468
0.6 0.484
0.9 0.447
1.0 0.409
0.9 0.429
1.0 0.452
0.6 0.429
0.0 0.42
0.0 0.4
0.0 0.537
0.0 0.344
0.0 0.5
0.5 0.418
0.3 0.447
0.4 0.411
0.4 0.423
0.4 0.286
2.5 0.365
1.8 0.367
0.2 0.461
0.3 0.511
0.8 0.471
0.3 0.489
0.1 0.475
0.2 0.491
0.2 0.5
0.0 0.461
0.0 0.475
0.0 0.434
0.2 0.463
0.3 0.459
0.2 0.452
0.9 0.457
1.6 0.434
1.9 0.439
2.3 0.435
1.9 0.416
1.6 0.446
1.6 0.351
0.8 0.396
0.0 0.527
0.0 0.508
0.0 0.495
0.0 0.512
0.0 0.495
0.0 0.446
0.0 0.429
0.6 0.464
0.6 0.413
0.6 0.404
0.6 0.395
0.0 0.526
0.0 0.333
0.0 0.4
0.0 0.498
0.0 0.446
0.0 0.443
0.0 1.0
0.0 0.509
0.0 0.468
0.0 0.476
0.0 0.527
0.0 0.516
0.0 0.642
0.0 0.484
0.3 0.426
0.0 0.492
0.0 0.39
0.0 0.422
0.0 0.6
1.4 0.416
0.3 0.389
0.1 0.465
1.0 0.489
0.7 0.398
0.9 0.387
0.6 0.405
0.5 0.419
0.7 0.384
0.8 0.359
0.7 0.319
0.4 0.399
0.8 0.387
0.7 0.359
0.9 0.451
0.6 0.422
1.5 0.428
1.3 0.409
1.5 0.445
1.9 0.38
1.2 0.399
1.2 0.437
1.8 0.445
2.2 0.435
1.7 0.415
0.0 0.46
0.0 0.45
0.0 0.453
0.0 0.451
0.0 0.459
0.0 0.465
0.0 0.359
0.0 0.51
0.0 0.509
0.0 0.44
0.0 0.309
0.0 0.526
0.3 0.434
0.8 0.428
1.2 0.386
1.1 0.401
1.1 0.381
1.1 0.379
0.8 0.29
0.3 0.423
0.2 0.467
0.4 0.397
1.3 0.43
1.0 0.409
0.8 0.4
1.1 0.381
1.0 0.402
1.4 0.355
1.9 0.382
1.0 0.351
1.2 0.343
0.4 0.358
0.3 0.37
0.4 0.385
0.7 0.344
0.3 0.329
0.6 0.167
0.0 0.425
0.0 0.441
0.0 0.483
0.0 0.468
0.0 0.506
0.0 0.485
0.0 0.474
0.0 0.472
0.2 0.443
0.2 0.508
1.4 0.398
1.3 0.414
1.0 0.387
1.2 0.424
1.4 0.447
1.0 0.442
1.0 0.458
1.2 0.417
0.5 0.43
0.5 0.443
1.0 0.464
1.5 0.444
1.6 0.427
1.3 0.382
1.8 0.394
1.0 0.403
1.1 0.398
0.4 0.405
0.5 0.442
0.7 0.442
0.5 0.424
2.0 0.426
1.9 0.294
0.1 0.366
0.0 0.438
0.0 0.415
0.0 0.465
0.0 0.472
0.0 0.41
0.8 0.439
1.0 0.398
0.3 0.34
0.7 0.374
0.4 0.435
1.2 0.425
1.8 0.403
2.0 0.411
1.4 0.433
1.3 0.405
2.5 0.414
1.7 0.423
1.6 0.411
1.8 0.374
1.0 0.373
0.8 0.231
0.0 0.385
0.8 0.447
0.8 0.47
0.8 0.535
0.2 0.437
1.0 0.442
1.8 0.45
2.0 0.436
1.5 0.468
1.4 0.461
1.3 0.427
1.6 0.403
1.4 0.464
1.1 0.315
0.0 0.411
0.1 0.446
0.2 0.406
0.6 0.445
0.7 0.443
0.7 0.414
0.4 0.437
0.6 0.404
0.7 0.441
0.0 0.479
0.0 0.42
0.0 0.402
0.5 0.396
0.0 0.461
0.0 0.452
0.0 0.534
0.0 0.519
0.0 0.412
1.2 0.401
1.0 0.381
0.9 0.401
1.2 0.456
2.7 0.387
1.7 0.386
1.5 0.416
1.7 0.324
1.4 0.432
1.8 0.423
2.1 0.409
2.2 0.428
1.8 0.404
1.8 0.422
1.2 0.367
0.3 0.448
0.6 0.434
1.4 0.344
0.3 0.432
1.3 0.405
1.5 0.275
0.0 0.437
0.1 0.387
0.0 0.0
0.1 0.43
0.0 0.418
0.6 0.47
0.4 0.43
0.9 0.391
1.4 0.414
1.6 0.384
1.4 0.398
2.0 0.404
1.7 0.406
1.6 0.385
1.5 0.416
1.6 0.423
2.2 0.361
1.7 0.363
1.6 0.372
0.0 0.422
0.0 0.425
0.0 0.427
0.0 0.422
0.0 0.399
0.0 0.419
0.0 0.404
0.0 0.349
0.0 0.363
0.0 0.385
1.1 0.419
0.9 0.432
1.5 0.417
0.7 0.41
0.8 0.389
0.1 0.464
0.0 0.494
0.0 0.465
0.1 0.582
0.7 0.458
1.3 0.518
0.7 0.46
0.5 0.496
1.0 0.431
1.4 0.382
0.1 0.443
0.8 0.398
0.0 0.392
0.0 0.401
0.2 0.357
1.8 0.41
1.3 0.402
1.5 0.422
1.5 0.385
1.3 0.393
0.3 0.448
1.6 0.468
1.7 0.452
1.0 0.435
1.8 0.462
2.4 0.467
1.8 0.461
2.5 0.455
2.8 0.439
2.8 0.435
2.3 0.433
1.5 0.385
0.6 0.414
0.9 0.415
0.0 0.278
0.1 0.5
0.0 0.2
0.0 0.423
0.3 0.0
0.0 0.0
0.0 0.492
0.0 0.373
0.1 0.426
0.0 0.386
0.3 0.378
0.3 0.427
0.9 0.433
0.8 0.433
1.1 0.451
0.8 0.459
1.1 0.416
1.0 0.447
0.8 0.438
0.2 0.369
0.0 0.409
0.3 0.397
0.6 0.36
0.0 0.531
0.0 0.517
0.0 0.452
0.0 0.423
0.0 0.495
0.0 0.515
0.0 0.409
0.0 0.535
0.0 0.158
0.0 0.214
0.2 0.443
0.7 0.444
1.0 0.447
1.0 0.431
0.8 0.445
0.8 0.454
0.2 0.458
1.1 0.461
0.5 0.516
0.2 0.453
0.4 0.373
0.8 0.355
0.0 0.551
0.0 0.48
0.0 0.473
0.0 0.432
0.0 0.467
0.0 0.504
0.0 0.327
0.0 0.496
0.0 0.5
0.0 0.591
0.0 0.378
1.1 0.343
0.0 0.454
0.1 0.462
0.0 0.483
0.1 0.477
0.0 0.406
1.6 0.442
0.9 0.439
1.1 0.431
1.1 0.462
1.4 0.451
0.6 0.415
1.7 0.419
1.2 0.342
0.3 0.469
0.6 0.452
1.7 0.44
1.1 0.476
1.4 0.525
1.2 0.524
1.0 0.508
1.0 0.485
0.1 0.508
0.0 0.52
0.1 0.446
0.3 0.514
0.3 0.482
0.8 0.446
0.2 0.446
0.5 0.519
0.2 0.459
0.4 0.461
1.6 0.443
2.3 0.395
1.6 0.424
1.2 0.327
0.6 0.452
0.5 0.0
0.0 0.463
0.2 0.47
0.1 0.488
0.1 0.49
0.0 0.495
0.1 0.5
0.0 0.538
0.0 0.491
0.2 0.456
0.1 0.511
0.0 0.441
0.1 0.602
0.0 0.512
0.0 0.409
0.0 0.409
1.4 0.407
1.0 0.422
1.5 0.392
0.0 0.505
0.0 0.486
0.2 0.464
0.2 0.449
0.3 0.472
0.1 0.443
0.0 0.399
0.0 0.452
0.0 0.482
0.0 0.435
0.0 0.417
0.0 0.456
0.0 0.448
0.0 0.475
0.0 0.407
0.3 0.444
0.7 0.414
1.1 0.388
1.8 0.404
0.8 0.333
1.0 0.358
0.0 0.571
0.0 0.491
0.0 0.0
0.0 0.538
0.0 0.573
0.8 0.451
1.4 0.457
2.3 0.417
2.6 0.431
1.8 0.406
1.6 0.431
1.8 0.419
1.3 0.388
1.3 0.387
0.5 0.442
0.4 0.437
0.6 0.413
0.9 0.444
0.1 0.447
0.7 0.412
1.2 0.441
0.1 0.392
0.0 0.434
0.1 0.426
0.7 0.449
1.1 0.429
0.5 0.459
1.0 0.43
0.3 0.25
0.0 0.647
0.1 0.477
0.0 0.434
0.0 0.441
0.0 0.455
0.0 0.5
0.0 0.414
0.2 0.397
0.3 0.409
0.0 0.427
0.1 0.411
0.0 0.42
0.0 0.404
0.0 0.488
0.0 0.507
0.0 0.501
0.0 0.481
0.0 0.41
0.0 0.485
0.1 0.482
0.1 0.461
0.2 0.454
0.3 0.406
0.3 0.457
0.1 0.477
0.1 0.463
0.1 0.466
0.1 0.492
0.0 0.473
0.2 0.445
0.2 0.46
0.0 0.438
0.3 0.479
0.2 0.459
0.2 0.5
0.1 0.5
0.1 0.557
0.0 0.499
0.0 0.493
0.1 0.51
0.2 0.524
0.1 0.495
0.4 0.453
0.1 0.463
0.4 0.476
0.3 0.43
0.5 0.446
0.7 0.333
1.8 0.438
1.8 0.434
1.7 0.438
1.2 0.505
1.8 0.466
1.9 0.46
2.9 0.502
2.2 0.482
1.2 0.501
1.5 0.401
1.0 0.435
1.4 0.433
1.2 0.481
1.3 0.325
0.6 0.325
0.6 0.355
0.4 0.391
2.1 0.453
2.3 0.441
1.6 0.438
1.7 0.437
0.5 0.417
0.7 0.368
0.1 0.432
1.1 0.438
2.0 0.434
1.5 0.426
2.1 0.438
2.3 0.426
1.1 0.44
1.3 0.433
0.9 0.432
0.0 0.461
0.0 0.421
0.0 0.521
0.0 0.48
0.0 0.504
0.0 0.532
0.0 0.515
0.0 0.406
0.0 0.553
0.0 0.522
0.0 0.467
0.0 0.367
0.0 0.429
0.0 0.433
0.0 0.433
0.0 0.6
0.0 0.4
0.0 0.52
0.0 0.476
0.0 0.5
0.0 0.402
0.0 0.475
0.0 0.385
0.0 0.505
0.0 0.502
0.0 0.435
0.0 0.609
0.0 0.577
0.0 0.553
0.0 0.6
0.0 0.44
0.0 0.516
0.8 0.436
0.7 0.411
1.0 0.324
0.3 0.25
0.0 0.501
0.0 0.374
0.0 0.478
0.0 0.498
0.0 0.526
0.0 0.556
0.0 0.538
0.0 0.385
0.0 0.6
0.0 0.448
0.0 0.391
0.0 0.4
0.0 0.483
0.0 0.442
0.0 0.45
0.0 0.478
0.0 0.5
0.0 0.5
0.0 0.558
0.0 0.444
0.0 0.45
0.1 0.422
0.1 0.576
0.0 0.473
0.7 0.446
0.2 0.425
0.4 0.361
0.4 0.375
1.3 0.483
1.9 0.465
1.4 0.47
1.3 0.502
1.3 0.512
1.9 0.532
2.1 0.504
2.2 0.503
1.5 0.507
1.5 0.492
1.1 0.532
0.9 0.497
1.1 0.383
0.8 0.435
0.0 0.493
0.0 0.525
0.0 0.469
0.0 0.46
0.0 0.515
0.0 0.546
0.0 0.55
0.0 0.513
0.0 0.544
0.1 0.498
0.0 0.495
0.4 0.391
0.0 0.429
0.3 0.298
0.1 0.432
0.5 0.437
0.7 0.453
0.3 0.398
0.4 0.406
0.1 0.369
0.3 0.321
0.0 0.411
1.8 0.477
1.8 0.463
1.9 0.462
1.3 0.459
1.2 0.48
1.4 0.502
0.9 0.479
1.0 0.479
0.8 0.481
0.6 0.517
0.9 0.457
1.3 0.471
1.2 0.497
1.6 0.459
1.4 0.459
1.4 0.448
1.7 0.437
0.0 0.479
0.0 0.484
0.1 0.434
0.0 0.452
0.0 0.472
0.1 0.436
0.0 0.439
0.0 0.474
0.0 0.529
0.0 0.459
0.0 0.433
0.0 0.482
0.0 0.504
0.0 0.579
0.0 0.574
0.0 0.584
0.0 0.601
0.0 0.6
0.0 0.591
0.0 0.593
0.0 0.609
0.0 0.566
0.0 0.667
0.1 0.369
0.0 0.418
0.0 0.333
1.1 0.419
0.6 0.439
0.9 0.43
0.8 0.473
0.6 0.481
1.0 0.468
1.0 0.525
0.4 0.492
0.4 0.463
0.7 0.53
0.8 0.352
0.6 0.399
0.0 0.464
0.0 0.388
0.0 0.451
0.0 0.37
0.0 0.355
0.0 0.431
0.0 0.433
0.0 0.42
0.0 0.407
0.0 0.4
0.0 0.433
0.0 0.427
0.0 0.425
0.0 0.456
0.0 0.446
0.0 0.413
0.0 0.453
0.0 0.518
0.0 0.476
0.0 0.44
0.0 0.492
0.0 0.555
0.0 0.55
0.0 0.51
0.0 0.353
0.0 0.603
0.0 0.667
0.0 0.667
0.5 0.318
0.0 0.537
0.0 0.435
0.2 0.368
0.1 0.403
0.0 0.423
0.2 0.476
0.7 0.402
0.5 0.443
0.5 0.421
0.8 0.353
0.7 0.286
0.2 0.383
0.2 0.418
0.1 0.349
0.1 0.446
0.0 0.424
0.0 0.361
0.0 0.503
0.0 0.4
0.0 0.515
0.1 0.492
0.0 0.506
0.0 0.531
0.0 0.515
0.0 0.548
0.0 0.453
1.3 0.467
0.9 0.454
0.7 0.471
0.7 0.468
0.5 0.42
0.8 0.393
1.3 0.421
1.4 0.414
1.1 0.448
0.9 0.373
1.0 0.5
0.0 0.5
0.8 0.495
1.8 0.456
1.5 0.401
0.9 0.473
0.8 0.438
1.3 0.392
1.4 0.405
1.5 0.42
1.6 0.436
2.2 0.429
1.5 0.417
1.5 0.399
0.8 0.385
1.3 0.4
1.5 0.439
1.6 0.471
1.3 0.377
0.9 0.43
0.8 0.393
0.3 0.36
0.6 0.364
1.8 0.442
2.6 0.416
1.5 0.402
1.4 0.455
1.3 0.471
1.4 0.439
2.3 0.464
1.8 0.457
1.5 0.472
1.5 0.497
1.4 0.443
1.6 0.436
1.9 0.451
1.5 0.447
1.6 0.447
1.6 0.363
1.1 0.4
1.0 0.411
0.9 0.444
0.6 0.379
0.0 0.55
0.0 0.46
0.0 0.412
0.0 0.473
0.0 0.455
0.0 0.423
0.0 0.522
0.1 0.396
1.1 0.424
0.8 0.376
0.9 0.411
0.8 0.478
1.4 0.357
1.1 0.403
1.7 0.431
1.4 0.418
1.4 0.412
1.5 0.365
1.1 0.336
0.1 0.333
0.3 0.368
0.0 0.455
0.0 0.441
0.0 0.489
0.0 0.517
0.0 0.521
0.0 0.0
0.2 0.333
0.0 0.535
0.0 0.391
0.0 0.36
0.0 0.598
0.0 0.548
0.0 0.474
0.0 0.576
0.0 0.625
0.0 0.523
0.0 0.568
0.0 0.458
0.0 0.25
0.0 0.5
0.0 0.464
0.0 0.485
0.0 0.447
0.0 0.571
0.0 0.333
0.0 0.482
0.0 0.531
0.0 0.461
0.0 0.167
0.3 0.333
0.0 0.483
1.3 0.469
2.2 0.44
1.5 0.441
1.4 0.45
2.0 0.465
2.2 0.442
1.8 0.455
2.1 0.352
1.0 0.4
0.4 0.4
0.0 0.474
0.0 0.0
1.1 0.389
0.9 0.429
1.6 0.289
0.7 0.432
1.6 0.372
1.0 0.398
1.8 0.389
2.9 0.355
1.2 0.418
2.0 0.359
1.1 0.393
1.7 0.431
1.9 0.341
0.7 0.376
0.9 0.091
1.2 0.405
0.5 0.457
1.1 0.425
1.4 0.398
1.1 0.387
1.4 0.386
0.9 0.427
0.8 0.372
0.0 0.507
0.0 0.469
0.0 0.453
0.1 0.492
0.0 0.482
0.7 0.467
0.9 0.432
1.3 0.448
0.8 0.442
1.3 0.25
0.0 0.558
0.7 0.471
1.1 0.402
0.6 0.41
0.7 0.382
0.0 0.418
0.0 0.421
0.0 0.358
0.8 0.455
1.1 0.406
1.6 0.402
1.0 0.455
1.3 0.423
0.8 0.442
0.1 0.463
0.0 0.459
0.0 0.428
0.0 0.449
0.0 0.374
0.0 0.398
0.0 0.367
0.0 0.344
0.0 0.269
1.2 0.38
1.2 0.353
0.7 0.402
0.6 0.377
0.8 0.0
0.0 0.5
0.0 0.493
0.5 0.353
0.5 0.387
0.0 0.543
0.0 0.55
0.0 0.497
0.0 0.507
0.0 0.513
0.0 0.49
0.0 0.465
0.0 0.449
0.0 0.4
0.0 0.0
0.0 0.0
0.0 0.467
0.0 0.54
0.0 0.413
0.0 0.511
0.0 0.46
0.0 0.439
0.0 0.514
0.0 0.475
0.0 0.449
0.0 0.478
0.0 0.468
0.1 0.399
0.0 0.188
1.0 0.455
1.5 0.388
0.7 0.406
0.6 0.411
0.1 0.442
0.0 0.452
0.1 0.413
0.0 0.382
0.2 0.409
0.0 0.417
0.0 0.158
0.0 0.231
0.5 0.404
1.8 0.403
1.8 0.409
1.2 0.414
2.1 0.397
1.1 0.409
1.0 0.399
0.9 0.414
0.6 0.401
0.7 0.428
0.9 0.405
1.0 0.267
0.3 0.408
1.1 0.25
0.1 0.37
0.4 0.384
0.9 0.368
0.0 0.47
0.0 0.433
0.0 0.417
0.0 0.385
0.0 0.401
0.1 0.432
0.2 0.408
0.5 0.46
0.0 0.461
0.9 0.386
1.9 0.312
1.1 0.282
0.3 0.388
1.3 0.285
0.8 0.374
0.0 0.348
0.0 0.378
0.0 0.417
0.0 0.524
1.2 0.372
0.7 0.517
0.3 0.483
1.9 0.484
1.8 0.481
2.2 0.48
3.0 0.444
2.6 0.437
2.3 0.423
2.6 0.44
3.0 0.399
2.4 0.404
2.1 0.441
1.0 0.402
1.4 0.376
0.7 0.401
1.9 0.392
2.2 0.397
1.3 0.391
1.0 0.356
0.6 0.389
1.2 0.429
0.9 0.403
0.7 0.375
0.0 0.446
0.0 0.4
0.1 0.443
0.1 0.432
0.0 0.425
0.2 0.209
0.0 0.4
0.0 0.25
0.2 0.4
0.0 0.297
0.9 0.424
0.5 0.412
0.5 0.416
0.3 0.427
0.0 0.48
0.0 0.481
0.0 0.469
0.0 0.449
0.0 0.491
0.0 0.465
0.0 0.509
0.0 0.429
0.3 0.508
1.1 0.481
1.2 0.449
0.7 0.506
0.8 0.487
1.4 0.415
1.4 0.431
1.2 0.45
1.5 0.43
2.2 0.428
2.0 0.417
1.8 0.501
1.3 0.47
2.1 0.484
2.0 0.467
1.7 0.463
2.3 0.438
1.8 0.451
1.5 0.43
2.2 0.434
1.6 0.362
1.1 0.422
1.6 0.422
1.6 0.402
1.3 0.432
0.3 0.478
0.0 0.465
0.0 0.469
0.0 0.47
0.0 0.505
0.0 0.482
0.0 0.421
0.0 0.375
0.0 0.486
0.0 0.494
0.0 0.483
0.0 0.473
0.0 0.471
0.0 0.486
0.0 0.486
0.0 0.492
0.0 0.503
0.0 0.476
0.0 0.511
0.0 0.465
0.0 0.542
1.4 0.42
1.3 0.443
1.2 0.446
1.1 0.439
1.2 0.431
1.6 0.414
1.8 0.413
1.3 0.432
1.2 0.462
0.0 0.426
0.0 0.443
0.0 0.505
0.0 0.444
0.0 0.507
0.0 0.535
0.0 0.473
0.0 0.475
0.0 0.452
0.0 0.504
0.0 0.5
0.0 0.606
0.0 0.403
0.4 0.422
0.8 0.422
0.4 0.406
1.3 0.419
1.4 0.454
1.5 0.419
1.5 0.456
2.0 0.413
1.7 0.409
1.5 0.446
1.6 0.415
1.7 0.264
0.1 0.385
0.6 0.441
1.0 0.441
1.9 0.409
1.7 0.412
1.6 0.39
1.2 0.381
1.9 0.397
1.3 0.433
1.2 0.482
0.9 0.454
1.3 0.456
0.9 0.424
0.4 0.47
0.3 0.448
0.1 0.386
0.0 0.449
0.1 0.437
0.0 0.425
0.0 0.428
0.0 0.32
0.0 0.554
0.0 0.564
0.0 0.507
0.0 0.458
0.0 0.437
0.0 0.475
0.0 0.463
0.0 0.267
2.7 0.394
2.7 0.388
2.4 0.428
1.0 0.422
1.4 0.435
1.7 0.397
1.1 0.363
0.0 0.512
0.0 0.42
0.0 0.384
0.0 0.355
0.0 0.0
0.0 0.531
0.0 0.481
0.0 0.421
0.0 0.453
0.0 0.51
0.0 0.453
0.0 0.392
0.0 0.445
0.0 0.541
0.0 0.45
0.0 0.395
0.1 0.435
0.7 0.469
1.4 0.471
1.5 0.436
1.2 0.44
0.9 0.43
1.9 0.423
1.4 0.432
1.5 0.419
1.7 0.409
1.1 0.373
0.8 0.399
1.5 0.41
1.2 0.312
0.0 0.418
0.0 0.449
0.0 0.493
0.0 0.412
0.0 0.495
0.1 0.461
0.1 0.413
0.0 0.433
0.2 0.434
0.3 0.452
0.1 0.484
0.2 0.469
0.9 0.441
0.5 0.427
0.3 0.441
0.5 0.463
0.2 0.411
0.0 0.443
1.2 0.4
1.3 0.433
1.8 0.389
1.5 0.398
1.5 0.403
1.4 0.293
0.0 0.538
0.0 0.472
0.0 0.521
0.0 0.452
1.6 0.418
1.6 0.355
1.0 0.378
0.0 0.526
0.0 0.453
0.0 0.503
0.0 0.46
0.0 0.517
0.0 0.547
0.0 0.491
0.4 0.415
0.8 0.438
0.6 0.405
0.6 0.374
0.3 0.442
0.5 0.386
0.5 0.43
0.5 0.387
0.2 0.404
1.3 0.382
2.0 0.388
1.9 0.407
1.7 0.413
1.5 0.442
1.8 0.413
1.6 0.384
0.0 0.49
0.0 0.499
0.0 0.47
0.0 0.502
0.0 0.547
0.0 0.425
0.0 0.396
0.0 0.411
0.0 0.484
0.0 0.293
0.9 0.42
0.6 0.394
1.2 0.375
1.4 0.419
1.6 0.393
0.0 0.51
0.0 0.453
0.0 0.505
0.0 0.467
0.0 0.417
0.1 0.51
0.0 0.44
0.0 0.479
0.0 0.467
0.0 0.389
0.6 0.423
1.0 0.428
1.0 0.421
1.0 0.496
1.0 0.404
1.4 0.44
1.3 0.453
1.5 0.401
2.2 0.414
1.4 0.397
1.0 0.394
0.9 0.403
1.9 0.397
0.0 0.459
0.0 0.454
0.0 0.439
0.0 0.469
0.0 0.478
0.0 0.448
0.0 0.286
0.0 0.37
0.0 0.44
0.9 0.383
0.4 0.37
0.3 0.472
0.0 0.424
0.0 0.419
0.0 0.475
0.0 0.49
0.0 0.415
0.0 0.48
0.0 0.429
0.0 0.397
0.0 0.355
0.0 0.4
0.0 0.443
0.0 0.534
0.0 0.571
0.8 0.431
1.3 0.392
2.3 0.431
2.6 0.447
2.5 0.418
2.8 0.398
1.7 0.261
1.0 0.411
2.0 0.366
1.4 0.406
0.1 0.333
0.1 0.371
0.0 0.459
0.1 0.441
0.5 0.389
0.1 0.444
0.1 0.425
0.2 0.451
0.1 0.235
0.1 0.571
1.3 0.483
1.1 0.446
0.8 0.442
0.9 0.488
0.8 0.446
1.9 0.428
1.7 0.41
1.5 0.398
1.5 0.45
1.2 0.387
1.0 0.42
1.9 0.382
0.0 0.0
0.0 0.2
0.0 0.481
0.0 0.467
0.0 0.625
0.0 0.405
0.0 0.529
0.0 0.371
0.4 0.297
0.0 0.395
0.0 0.462
0.0 0.512
0.0 0.517
0.0 0.445
0.0 0.468
0.0 0.314
0.0 0.1
0.0 0.371
0.2 0.357
0.1 0.461
0.7 0.333
0.0 0.446
0.0 0.489
0.0 0.46
0.0 0.526
0.0 0.591
0.0 0.507
0.0 0.533
0.0 0.5
0.0 0.517
0.0 0.525
0.0 0.459
0.1 0.458
0.0 0.5
0.0 0.356
0.0 0.531
0.0 0.424
0.0 0.494
0.0 0.565
0.0 0.624
0.0 0.623
0.0 0.565
0.0 0.574
0.0 0.654
0.0 0.679
0.0 0.638
0.0 0.593
0.0 0.666
0.0 0.666
0.0 0.583
0.0 0.671
0.1 0.462
0.0 0.427
0.1 0.421
0.2 0.413
0.2 0.327
0.0 0.442
0.0 0.498
0.0 0.414
0.0 0.461
0.0 0.441
0.0 0.439
0.0 0.457
0.0 0.387
0.0 0.286
0.0 0.414
0.0 0.424
0.0 0.412
0.0 0.397
0.0 0.364
0.0 0.469
0.0 0.314
0.0 0.348
0.0 0.479
0.0 0.4
0.0 0.31
0.0 0.458
0.0 0.585
0.0 0.496
0.0 0.538
0.0 0.563
0.0 0.576
0.0 0.546
0.0 1.0
0.0 0.381
0.0 0.351
0.0 0.388
0.0 0.29
0.0 0.487
0.0 0.47
0.0 0.522
0.0 0.433
0.0 0.517
0.0 0.333
0.0 0.357
0.0 0.296
0.0 0.412
0.4 0.393
0.2 0.438
0.0 0.333
0.0 0.545
0.0 0.286
0.0 0.438
0.1 0.313
0.0 0.529
0.0 0.51
0.0 0.482
0.1 0.514
0.0 0.503
0.0 0.538
0.1 0.534
0.1 0.567
0.0 0.536
0.0 0.529
0.0 0.501
0.1 0.466
0.2 0.48
0.1 0.494
0.2 0.494
0.2 0.469
0.3 0.502
1.2 0.4
0.8 0.367
0.2 0.465
0.0 0.474
0.0 0.464
0.1 0.49
0.1 0.422
0.0 0.45
0.0 0.411
0.0 0.118
0.0 0.51
0.0 0.515
0.0 0.56
0.0 0.514
0.0 0.558
0.0 0.528
0.0 0.48
0.0 0.562
0.0 0.574
0.0 0.518
0.0 0.431
0.0 0.544
0.0 0.529
0.0 0.614
0.0 0.601
0.0 0.577
0.0 0.536
0.0 0.364
0.0 0.478
0.0 0.498
0.0 0.509
0.0 0.463
0.0 0.418
0.0 1.0
0.0 0.375
0.5 0.373
0.9 0.414
1.3 0.441
1.4 0.469
2.1 0.422
1.0 0.348
0.6 0.383
1.1 0.3
0.2 0.501
0.1 0.498
0.6 0.422
0.9 0.493
0.8 0.456
0.9 0.466
0.9 0.439
1.4 0.467
0.7 0.474
1.7 0.416
1.8 0.456
0.3 0.45
1.5 0.444
0.9 0.444
0.9 0.458
0.9 0.446
0.5 0.397
0.9 0.43
1.0 0.461
2.2 0.453
1.6 0.471
2.1 0.432
2.1 0.437
1.9 0.458
1.7 0.443
1.2 0.454
2.1 0.423
2.1 0.454
2.1 0.435
1.5 0.435
1.5 0.439
1.5 0.436
0.2 0.445
0.3 0.491
0.5 0.443
0.9 0.493
0.6 0.46
0.5 0.471
0.2 0.506
0.6 0.449
0.3 0.506
0.4 0.467
1.2 0.467
1.2 0.453
1.2 0.384
0.0 0.373
0.1 0.0
0.0 0.235
0.0 0.402
0.2 0.466
0.0 0.451
0.0 0.44
0.2 0.414
0.8 0.433
0.8 0.458
0.9 0.455
1.3 0.475
2.2 0.472
1.8 0.368
0.1 0.45
0.5 0.361
0.1 0.241
0.8 0.464
1.0 0.447
0.8 0.482
0.5 0.548
0.1 0.52
0.2 0.494
0.2 0.506
0.3 0.487
0.2 0.519
0.3 0.48
0.2 0.522
0.4 0.499
0.4 0.486
0.6 0.486
0.6 0.493
0.4 0.466
1.1 0.41
1.4 0.425
1.8 0.409
2.0 0.407
1.8 0.424
0.7 0.453
1.5 0.421
1.3 0.377
0.7 0.431
0.9 0.376
1.0 0.302
0.0 0.513
0.0 0.485
0.0 0.448
0.0 0.436
0.2 0.467
0.2 0.459
0.3 0.475
0.6 0.488
0.2 0.503
0.1 0.463
0.1 0.46
0.0 0.467
0.0 0.487
0.1 0.487
0.1 0.475
0.1 0.449
0.0 0.552
0.0 0.442
0.0 0.568
0.0 0.542
1.0 0.41
1.5 0.438
1.0 0.446
1.7 0.446
2.4 0.417
2.2 0.441
3.0 0.477
1.8 0.474
2.0 0.447
2.4 0.408
1.9 0.402
0.0 0.309
0.2 0.301
0.1 0.402
0.2 0.394
0.1 0.398
0.4 0.383
0.4 0.403
0.8 0.309
0.3 0.421
0.6 0.341
0.3 0.526
0.0 0.467
0.0 0.383
0.0 0.455
0.1 0.405
0.1 0.393
0.0 0.394
0.0 0.466
0.7 0.453
0.6 0.25
0.0 0.492
0.0 0.489
0.0 0.502
0.0 0.533
0.0 0.574
0.5 0.396
0.6 0.414
1.5 0.418
1.5 0.409
0.4 0.389
0.8 0.38
0.6 0.444
0.0 0.425
0.5 0.263
0.0 0.492
0.0 0.36
0.0 0.449
0.2 0.538
0.3 0.502
0.5 0.449
1.1 0.48
0.5 0.484
0.7 0.454
0.9 0.454
0.8 0.397
0.7 0.504
0.3 0.412
0.0 0.412
0.3 0.435
0.4 0.371
0.3 0.426
0.7 0.43
1.6 0.383
1.2 0.454
0.6 0.384
0.3 0.426
0.7 0.41
0.5 0.338
0.2 0.308
0.1 0.273
0.1 0.408
0.4 0.459
0.5 0.419
0.0 0.382
0.0 0.458
0.0 0.433
0.0 0.475
0.0 0.273
0.0 0.493
0.0 0.273
0.0 0.433
0.0 0.523
0.0 0.521
0.0 0.549
0.0 0.561
0.0 0.547
0.0 0.49
0.0 0.562
0.0 0.51
0.0 0.532
0.0 0.477
0.0 0.456
0.0 0.499
0.0 0.499
1.6 0.272
0.0 0.434
0.1 0.423
0.7 0.393
0.5 0.42
1.4 0.409
0.6 0.355
0.4 0.377
0.4 0.38
0.1 0.445
0.5 0.455
0.5 0.463
0.3 0.466
1.1 0.453
1.0 0.428
0.6 0.45
1.0 0.407
1.5 0.424
1.6 0.394
1.8 0.407
1.1 0.407
1.1 0.424
0.7 0.476
1.1 0.399
0.9 0.406
1.2 0.398
1.7 0.35
0.9 0.433
1.7 0.409
1.8 0.333
1.0 0.308
0.4 0.378
0.2 0.405
1.2 0.37
0.5 0.358
0.3 0.419
0.6 0.388
0.8 0.416
0.8 0.435
0.9 0.425
1.0 0.411
0.6 0.395
0.6 0.449
1.3 0.451
1.4 0.406
0.9 0.452
0.9 0.476
2.0 0.401
1.8 0.41
1.1 0.462
1.7 0.474
1.5 0.442
1.7 0.43
1.5 0.435
1.7 0.435
1.7 0.41
1.3 0.423
0.0 0.431
0.0 0.432
0.0 0.508
0.0 0.363
0.0 0.472
0.0 0.389
0.0 0.406
0.0 0.476
0.0 0.489
0.0 0.544
0.0 0.439
0.0 0.444
0.0 0.493
0.0 0.408
0.0 0.472
0.0 0.479
0.0 0.473
0.0 0.423
0.0 0.423
0.0 0.524
0.0 0.539
0.0 0.553
0.0 0.474
0.0 0.416
0.0 0.48
0.0 0.438
0.0 0.419
0.0 0.0
0.7 0.418
1.1 0.471
1.3 0.462
1.3 0.464
1.7 0.46
2.1 0.454
1.6 0.441
1.8 0.433
1.9 0.526
1.5 0.425
1.4 0.469
1.3 0.426
1.3 0.426
1.3 0.453
1.2 0.39
1.1 0.436
0.8 0.448
0.5 0.433
0.5 0.462
0.9 0.44
0.2 0.445
0.1 0.492
0.1 0.512
0.0 0.473
0.0 0.449
0.0 0.468
0.0 0.478
0.0 0.431
0.1 0.437
0.3 0.328
0.1 0.531
0.3 0.399
0.5 0.399
0.5 0.32
0.1 0.486
0.0 0.342
0.0 0.53
0.0 0.503
0.0 0.0
0.0 0.57
0.0 0.408
0.0 0.604
0.0 0.587
0.0 0.615
0.0 0.537
0.0 0.48
0.0 0.503
0.0 0.511
0.0 0.511
0.0 0.544
0.0 0.617
0.0 0.25
0.0 0.408
0.7 0.417
1.0 0.404
0.8 0.388
0.9 0.414
1.1 0.399
0.5 0.418
0.5 0.43
0.6 0.331
0.4 0.375
0.2 0.377
0.1 0.468
0.2 0.451
0.2 0.461
0.0 0.4
0.1 0.44
0.0 0.439
0.3 0.349
0.0 0.41
0.1 0.296
0.1 0.395
0.3 0.425
1.1 0.417
0.9 0.385
0.6 0.421
1.1 0.407
0.0 0.65
0.4 0.327
0.0 0.522
0.0 0.552
0.0 0.519
0.0 0.516
0.0 0.507
0.0 0.548
0.0 0.425
0.8 0.361
0.5 0.418
0.5 0.404
0.3 0.42
0.5 0.447
1.1 0.392
0.1 0.356
0.5 0.392
1.1 0.346
0.5 0.457
1.5 0.402
0.5 0.463
0.3 0.468
0.2 0.46
1.0 0.462
1.6 0.445
1.6 0.485
1.3 0.458
1.1 0.355
0.4 0.374
0.2 0.407
0.7 0.385
0.7 0.373
0.7 0.409
1.0 0.39
0.5 0.467
0.7 0.487
0.6 0.455
0.8 0.46
1.0 0.448
0.6 0.45
0.7 0.486
0.6 0.473
0.4 0.421
0.6 0.438
0.5 0.407
0.3 0.44
0.5 0.44
0.5 0.445
0.3 0.44
0.7 0.387
1.1 0.386
0.2 0.387
0.6 0.405
0.5 0.42
0.3 0.456
0.5 0.477
0.5 0.472
1.6 0.441
1.5 0.415
1.1 0.409
0.7 0.399
1.3 0.363
0.8 0.333
0.4 0.333
0.0 0.478
0.0 0.452
0.0 0.714
0.0 0.643
0.0 0.435
0.0 0.455
0.2 0.35
0.2 0.333
0.0 0.475
0.0 0.559
0.0 0.333
0.0 0.575
0.0 0.59
0.1 0.539
0.1 0.557
0.0 0.502
0.1 0.483
0.1 0.577
0.0 0.557
0.0 0.557
0.0 0.557
0.0 0.566
0.0 0.0
0.5 0.328
0.1 0.297
0.1 0.351
1.2 0.366
0.7 0.327
0.0 0.428
0.9 0.402
0.5 0.387
0.0 0.521
0.0 0.514
0.0 0.571
0.0 0.529
0.0 0.524
0.0 0.497
0.0 0.525
0.0 0.581
0.0 0.598
0.0 0.719
0.2 0.472
0.2 0.416
0.1 0.322
0.1 0.468
0.1 0.472
0.3 0.385
0.3 0.15
0.1 0.371
0.2 0.417
0.0 0.508
0.8 0.431
0.6 0.481
0.5 0.476
0.6 0.492
0.8 0.443
1.0 0.458
0.9 0.455
1.2 0.43
1.2 0.449
2.3 0.452
2.2 0.444
1.5 0.444
1.5 0.434
1.5 0.433
0.3 0.402
0.3 0.468
0.4 0.429
0.1 0.45
1.1 0.368
0.1 0.534
0.3 0.0
1.2 0.475
0.8 0.481
1.5 0.476
2.4 0.462
2.0 0.482
1.3 0.425
1.0 0.45
1.2 0.425
1.0 0.43
0.4 0.427
0.4 0.474
0.7 0.474
0.7 0.462
0.6 0.439
0.1 0.411
0.1 0.5
0.1 0.438
1.4 0.423
0.7 0.423
1.5 0.487
0.8 0.47
0.6 0.452
0.7 0.462
1.4 0.438
1.5 0.444
1.8 0.444
1.8 0.381
1.6 0.391
1.0 0.328
0.8 0.438
1.1 0.411
0.8 0.408
1.5 0.428
2.0 0.416
1.5 0.359
0.9 0.377
1.0 0.422
1.6 0.377
1.4 0.373
1.0 0.373
1.0 0.388
0.9 0.381
0.8 0.395
0.9 0.404
0.9 0.41
1.8 0.367
1.1 0.403
0.9 0.404
1.1 0.381
0.6 0.38
1.1 0.5
0.0 0.43
0.1 0.471
0.0 0.505
0.0 0.496
0.2 0.494
0.1 0.487
0.2 0.518
0.1 0.496
0.1 0.487
0.2 0.535
0.3 0.516
0.9 0.46
1.4 0.46
1.4 0.467
0.0 0.429
0.1 0.486
0.3 0.385
0.1 0.389
0.5 0.403
0.9 0.433
1.5 0.428
1.3 0.38
0.2 0.36
0.2 0.447
0.3 0.331
0.2 0.0
0.0 0.417
1.1 0.511
0.4 0.453
0.7 0.376
0.8 0.368
0.4 0.304
0.1 0.424
0.9 0.316
0.0 0.417
0.2 0.437
0.1 0.48
0.1 0.459
0.1 0.43
0.4 0.451
0.3 0.498
0.1 0.491
0.1 0.364
0.0 0.376
0.0 0.378
0.5 0.286
0.1 0.422
0.1 0.526
0.1 0.538
0.2 0.477
0.2 0.507
0.9 0.483
0.8 0.492
1.0 0.444
0.5 0.539
0.4 0.521
0.6 0.46
0.7 0.46
0.7 0.527
0.3 0.446
0.0 0.286
0.1 0.48
0.0 0.524
0.0 0.355
0.0 0.333
0.0 0.524
0.0 0.468
0.0 0.532
0.0 0.511
0.0 0.39
0.0 0.491
0.0 0.333
0.0 0.478
0.0 0.333
0.6 0.4
0.7 0.39
0.1 0.34
0.2 0.5
0.0 0.346
0.4 0.366
0.5 0.424
1.0 0.411
0.7 0.436
0.7 0.435
0.6 0.457
0.6 0.443
0.7 0.471
0.9 0.461
1.0 0.376
0.7 0.386
0.8 0.386
0.0 0.518
0.0 0.54
0.0 0.508
0.0 0.492
0.0 0.467
0.0 0.518
0.0 0.494
0.0 0.512
0.0 0.423
0.0 0.514
0.0 0.507
0.0 0.448
0.0 0.448
0.0 0.377
0.0 0.478
0.6 0.389
0.8 0.421
0.8 0.41
0.8 0.431
0.9 0.445
1.3 0.421
1.9 0.397
1.9 0.418
1.6 0.448
1.8 0.414
1.1 0.437
1.4 0.409
1.4 0.446
1.0 0.414
1.0 0.377
1.2 0.393
1.2 0.373
0.9 0.373
0.9 0.38
0.3 0.475
0.4 0.471
0.5 0.459
1.3 0.455
0.9 0.451
1.1 0.405
0.7 0.358
0.4 0.399
0.2 0.403
0.0 0.507
0.8 0.472
1.4 0.48
1.6 0.476
1.3 0.484
1.5 0.489
1.6 0.503
1.7 0.51
1.2 0.531
0.9 0.565
1.4 0.567
1.5 0.488
1.7 0.488
1.7 0.52
1.1 0.548
0.1 0.273
0.2 0.0
0.0 0.409
0.4 0.489
0.2 0.474
0.1 0.364
0.1 0.437
0.4 0.414
0.0 0.477
0.1 0.434
0.0 0.458
0.1 0.461
0.1 0.467
0.3 0.409
0.5 0.369
0.2 0.396
0.9 0.418
1.5 0.368
1.2 0.437
1.6 0.369
0.8 0.361
1.0 0.422
1.5 0.38
0.9 0.344
0.4 0.456
1.4 0.368
1.1 0.368
1.1 0.408
0.9 0.478
0.0 0.497
0.0 0.523
0.0 0.451
0.0 0.483
0.0 0.528
0.0 0.49
0.0 0.471
0.0 0.446
0.0 0.507
0.0 0.509
0.0 0.515
0.0 0.515
0.0 0.465
0.5 0.401
1.0 0.446
0.4 0.494
1.6 0.488
0.7 0.432
1.2 0.419
1.1 0.25
0.0 0.382
1.1 0.418
2.8 0.43
2.2 0.44
1.8 0.443
1.5 0.438
1.3 0.493
1.1 0.434
1.5 0.432
1.8 0.461
2.6 0.475
2.6 0.487
2.9 0.487
2.9 0.435
2.0 0.464
0.0 0.371
0.1 0.182
0.3 0.422
0.0 0.35
0.3 0.353
0.4 0.388
0.0 0.329
0.0 0.509
0.0 0.454
0.0 0.438
0.0 0.515
0.0 0.49
0.0 0.469
0.0 0.454
0.0 0.0
0.0 0.498
0.1 0.44
0.2 0.434
0.1 0.433
0.5 0.453
1.1 0.391
1.2 0.375
0.9 0.343
0.4 0.418
0.4 0.399
0.0 0.452
0.0 0.451
0.0 0.474
0.0 0.437
0.0 0.497
0.0 0.488
0.0 0.461
0.0 0.499
0.0 0.473
0.0 0.427
0.0 0.454
0.0 0.454
0.0 0.466
0.0 0.534
0.2 0.435
0.5 0.41
0.7 0.453
0.9 0.362
0.7 0.422
0.7 0.363
0.5 0.403
0.4 0.391
0.4 0.353
0.5 0.333
0.0 0.471
0.0 0.515
0.0 0.491
0.0 0.615
0.0 0.577
0.0 0.602
0.0 0.515
0.0 0.489
0.0 0.457
0.0 0.451
0.0 0.449
0.0 0.449
0.0 0.533
0.7 0.427
1.0 0.404
1.1 0.488
1.3 0.439
1.0 0.413
1.5 0.432
1.5 0.392
1.5 0.385
1.5 0.347
0.2 0.448
0.3 0.361
0.4 0.405
0.8 0.418
0.5 0.433
0.7 0.399
0.3 0.403
0.8 0.478
0.8 0.468
1.1 0.44
0.9 0.453
0.8 0.385
0.6 0.426
0.4 0.426
0.3 0.324
0.0 0.527
0.0 0.481
0.0 0.524
0.0 0.458
0.0 0.532
0.0 0.494
0.0 0.467
0.0 0.531
0.0 0.45
0.0 0.433
0.3 0.478
0.2 0.495
0.2 0.491
0.4 0.469
0.4 0.491
1.1 0.476
0.9 0.5
0.8 0.497
0.3 0.521
0.2 0.545
0.2 0.47
0.5 0.47
0.5 0.456
0.1 0.434
0.2 0.411
0.3 0.412
0.3 0.474
0.8 0.45
0.4 0.436
0.3 0.357
0.2 0.328
0.1 0.369
0.2 0.392
0.0 0.436
0.1 0.512
0.0 0.476
0.2 0.482
0.1 0.472
0.1 0.505
0.1 0.508
0.0 0.487
0.0 0.498
0.1 0.488
0.1 0.471
0.1 0.471
0.1 0.545
0.0 0.536
0.2 0.438
0.4 0.424
1.3 0.446
1.2 0.48
1.3 0.467
2.3 0.442
2.3 0.399
1.4 0.426
1.8 0.43
1.3 0.417
1.1 0.397
1.8 0.397
1.8 0.437
0.2 0.471
0.2 0.514
0.2 0.434
0.2 0.482
0.1 0.51
0.0 0.51
0.1 0.469
0.1 0.445
0.0 0.494
0.2 0.495
0.2 0.495
0.2 0.458
0.2 0.461
0.0 0.366
0.0 0.415
0.0 0.412
0.0 0.539
0.0 0.507
0.1 0.46
0.7 0.394
1.9 0.398
1.1 0.417
0.7 0.417
1.4 0.456
2.3 0.402
2.4 0.402
2.4 0.416
2.3 0.409
0.4 0.365
0.1 0.5
0.0 0.4
0.0 0.638
0.0 0.599
0.0 0.626
0.0 0.578
0.0 0.591
0.0 0.534
0.0 0.609
0.0 0.476
0.0 1.0
0.5 0.448
1.3 0.447
0.6 0.416
0.7 0.496
1.5 0.446
1.4 0.464
1.6 0.44
1.6 0.487
0.8 0.445
0.7 0.409
0.6 0.409
0.6 0.509
0.1 0.354
0.0 0.544
0.0 0.457
0.2 0.552
0.4 0.504
0.5 0.571
0.0 0.525
0.0 0.5
0.0 0.502
0.0 0.568
0.0 0.589
0.0 0.566
0.0 0.597
0.0 0.595
0.0 0.556
0.0 0.419
0.2 0.419
0.2 0.459
0.0 0.609
0.3 0.403
0.3 0.415
0.6 0.397
0.5 0.463
0.3 0.517
0.0 0.479
0.1 0.448
0.2 0.466
0.5 0.46
1.4 0.412
1.5 0.426
1.0 0.431
0.9 0.469
1.1 0.469
1.1 0.455
1.2 0.387
1.1 0.4
1.4 0.408
1.1 0.387
0.8 0.421
1.6 0.373
1.3 0.38
0.3 0.419
0.8 0.382
0.0 0.484
1.6 0.422
2.1 0.455
1.9 0.434
2.0 0.455
2.1 0.416
1.2 0.44
1.3 0.442
1.2 0.408
1.5 0.343
0.4 0.437
0.6 0.437
0.6 0.469
0.1 0.492
0.2 0.463
0.9 0.438
0.9 0.403
0.9 0.422
0.8 0.445
1.2 0.438
1.3 0.378
0.8 0.418
1.3 0.418
1.3 0.447
0.8 0.399
0.0 0.503
0.0 0.517
0.0 0.529
0.0 0.531
0.0 0.603
0.0 0.599
0.0 0.572
0.0 0.612
0.0 0.593
0.0 0.573
0.0 0.578
0.0 0.591
0.0 0.593
0.0 0.593
0.0 0.62
0.0 0.633
0.0 0.379
0.0 0.47
0.0 0.483
0.0 0.422
0.0 0.441
0.0 0.527
0.0 0.481
0.0 0.448
0.0 0.501
0.0 0.473
0.0 0.473
0.0 0.41
0.6 0.407
0.6 0.5
0.7 0.447
0.6 0.456
1.2 0.473
1.0 0.443
1.1 0.445
0.9 0.454
1.2 0.451
1.1 0.48
1.0 0.466
1.0 0.466
1.0 0.478
0.8 0.528
0.0 0.533
0.0 0.313
0.0 0.464
0.0 0.474
0.0 0.466
0.0 0.469
0.0 0.439
0.1 0.448
0.1 0.394
0.5 0.332
0.5 0.422
0.3 0.421
0.3 0.356
0.5 0.431
0.7 0.0
0.4 0.341
0.3 0.442
0.4 0.325
0.0 0.499
0.0 0.514
0.0 0.5
0.0 0.497
0.0 0.498
0.0 0.496
0.0 0.492
0.0 0.494
0.0 0.509
0.0 0.481
0.0 0.481
0.0 0.485
0.0 0.499
0.0 0.449
0.1 0.462
0.1 0.386
0.0 0.387
0.0 0.507
0.0 0.526
0.0 0.41
0.0 0.469
0.0 0.502
0.0 0.511
0.0 0.427
0.0 0.463
0.1 0.48
0.9 0.473
1.6 0.456
1.8 0.42
2.3 0.417
1.5 0.436
2.2 0.413
2.0 0.45
2.1 0.43
1.7 0.427
1.9 0.427
1.9 0.372
0.6 0.483
1.1 0.43
0.8 0.469
0.9 0.503
2.0 0.449
1.3 0.446
1.6 0.427
1.5 0.392
2.2 0.394
2.0 0.407
1.4 0.407
1.4 0.368
1.1 0.444
0.3 0.461
1.1 0.467
1.5 0.432
1.5 0.427
1.6 0.399
1.3 0.426
0.8 0.25
0.0 0.415
0.0 0.532
0.0 0.535
0.0 0.561
0.0 0.53
0.0 0.573
0.0 0.533
0.0 0.477
0.0 0.0
0.0 0.403
0.0 0.374
0.1 0.43
0.0 0.306
0.0 0.422
0.0 0.467
0.0 0.391
0.1 0.382
0.5 0.36
0.1 0.441
0.0 0.581
0.2 0.556
1.1 0.393
0.9 0.441
2.4 0.461
2.1 0.446
2.2 0.414
2.1 0.435
1.6 0.407
1.9 0.422
1.9 0.415
2.6 0.417
2.3 0.417
2.3 0.415
2.6 0.346
0.1 0.425
0.4 0.439
0.5 0.457
0.3 0.492
0.4 0.505
0.0 0.477
0.7 0.458
0.4 0.465
0.8 0.419
0.9 0.419
0.9 0.419
0.9 0.364
0.4 0.453
0.7 0.452
0.3 0.508
0.0 0.431
0.0 0.333
0.1 0.39
0.0 0.515
0.3 0.394
0.8 0.371
0.5 0.401
0.5 0.383
1.0 0.413
0.3 0.402
0.8 0.412
0.6 0.362
0.7 0.325
0.0 0.526
0.0 0.4
0.7 0.455
0.4 0.369
0.5 0.463
0.8 0.461
0.5 0.493
0.9 0.5
0.8 0.44
0.3 0.441
0.5 0.438
0.5 0.487
0.3 0.487
0.3 0.434
0.3 0.467
0.0 0.527
0.0 0.476
0.0 0.461
0.0 0.536
0.0 0.572
0.0 0.528
0.0 0.514
0.0 0.478
0.0 0.495
0.0 0.555
0.0 0.555
0.0 0.427
0.0 0.357
0.0 0.394
0.5 0.346
0.7 0.392
0.8 0.454
1.6 0.387
1.0 0.402
0.4 0.402
0.6 0.487
1.2 0.427
0.9 0.413
0.8 0.457
1.4 0.445
0.4 0.458
0.5 0.461
0.6 0.444
0.2 0.435
0.6 0.403
0.7 0.362
0.7 0.433
0.2 0.504
0.0 0.394
0.1 0.459
0.0 0.465
0.2 0.445
0.1 0.488
0.1 0.4
0.0 0.463
0.8 0.423
2.4 0.422
1.7 0.396
1.7 0.374
1.0 0.379
0.9 0.379
0.7 0.457
0.0 0.289
0.0 0.404
0.0 0.341
0.0 0.499
0.0 0.496
0.0 0.511
0.0 0.515
0.0 0.479
0.0 0.486
0.0 0.486
0.0 0.504
0.1 0.504
0.1 0.549
0.0 0.575
0.0 0.5
0.1 0.437
0.1 0.474
0.0 0.471
0.1 0.478
0.2 0.445
0.1 0.38
0.1 0.512
0.0 0.476
0.0 0.553
0.0 0.511
0.0 0.577
0.0 0.52
0.0 0.495
0.0 0.449
0.0 0.451
0.0 0.627
0.0 0.563
0.0 0.563
0.0 0.627
0.0 0.469
0.0 0.558
0.0 0.636
0.0 0.56
0.0 0.57
0.0 0.574
0.0 0.558
0.1 0.521
0.3 0.519
1.0 0.497
1.2 0.482
1.0 0.44
0.8 0.457
1.1 0.491
1.8 0.456
2.4 0.415
1.4 0.415
1.4 0.459
1.2 0.41
1.1 0.425
0.7 0.37
1.1 0.413
0.8 0.2
0.0 0.477
0.0 0.478
0.0 0.527
0.6 0.475
0.5 0.531
0.1 0.451
0.3 0.449
1.2 0.451
1.7 0.433
1.1 0.416
1.1 0.451
0.8 0.445
1.0 0.445
1.0 0.427
1.1 0.443
0.3 0.404
1.2 0.384
1.3 0.413
0.7 0.408
0.7 0.459
0.8 0.425
1.5 0.407
1.0 0.427
1.4 0.395
1.0 0.406
0.3 0.406
0.3 0.406
0.8 0.43
0.0 0.433
0.0 0.488
0.0 0.423
0.2 0.451
2.1 0.432
2.2 0.416
0.6 0.429
0.7 0.463
1.4 0.444
1.4 0.466
0.9 0.436
1.4 0.376
0.8 0.393
1.2 0.401
1.3 0.27
0.7 0.27
0.0 0.467
0.2 0.457
0.7 0.431
1.3 0.447
1.0 0.41
0.9 0.326
0.4 0.495
0.1 0.434
0.1 0.481
0.0 0.52
0.0 0.458
0.1 0.425
0.2 0.586
0.3 0.414
0.4 0.496
0.2 0.405
0.4 0.459
1.3 0.446
2.1 0.447
2.7 0.428
2.5 0.425
2.0 0.416
2.0 0.286
0.4 0.378
1.0 0.401
1.0 0.401
0.2 0.419
1.2 0.344
0.5 0.439
0.1 0.371
0.0 0.273
0.0 0.573
0.0 0.511
0.0 0.372
0.0 0.489
0.0 0.527
0.0 0.429
0.0 0.442
0.0 0.431
0.0 0.478
0.0 0.478
0.0 0.5
1.4 0.437
2.2 0.432
1.1 0.382
0.6 0.437
0.8 0.415
0.0 0.5
0.3 0.454
0.8 0.431
0.8 0.453
1.0 0.481
1.0 0.408
0.4 0.456
0.9 0.452
1.0 0.41
0.8 0.439
0.5 0.439
0.5 0.391
1.0 0.667
1.1 0.398
0.7 0.545
0.0 0.558
0.0 0.595
0.0 0.623
0.0 0.568
0.0 0.576
0.0 0.554
0.1 0.562
0.3 0.574
0.3 0.574
0.3 0.585
0.1 0.576
0.0 0.0
0.0 0.532
0.0 0.571
0.0 0.0
0.0 0.422
1.1 0.472
1.2 0.447
0.1 0.25
0.0 0.6
0.0 0.552
0.0 0.549
0.0 0.545
0.0 0.507
0.0 0.503
0.0 0.519
0.0 0.523
0.0 0.511
0.0 0.511
0.0 0.531
0.0 0.59
0.2 0.397
0.0 0.36
0.0 0.5
0.0 0.538
0.0 0.575
0.0 0.511
0.0 0.492
0.0 0.478
0.0 0.446
0.0 0.448
0.0 0.422
0.0 0.422
0.0 0.5
0.8 0.35
0.5 0.453
1.9 0.393
0.2 0.345
0.2 0.479
0.5 0.459
0.9 0.429
1.2 0.407
1.4 0.381
0.8 0.415
1.9 0.435
1.6 0.398
2.2 0.398
2.2 0.409
2.2 0.434
0.0 0.562
0.0 0.608
0.0 0.587
0.0 0.625
0.0 0.6
0.6 0.437
0.8 0.488
1.2 0.503
0.8 0.493
1.2 0.463
0.9 0.478
1.3 0.481
1.1 0.467
1.3 0.485
1.7 0.485
1.7 0.462
1.6 0.476
0.0 0.516
0.0 0.419
0.0 0.415
0.0 0.535
0.0 0.445
0.0 0.419
0.0 0.436
0.0 0.462
0.0 0.46
0.0 0.444
0.0 0.366
0.1 0.452
0.2 0.39
0.4 0.431
0.4 0.379
0.4 0.405
0.3 0.352
0.3 0.377
0.4 0.325
0.3 0.304
0.3 0.345
0.7 0.345
0.7 0.384
1.1 0.167
0.0 0.479
0.0 0.286
0.0 0.615
0.1 0.333
0.3 0.423
0.0 0.452
0.8 0.434
1.3 0.423
1.3 0.437
1.7 0.436
1.6 0.399
1.1 0.424
1.3 0.433
1.7 0.428
1.3 0.345
0.7 0.345
0.7 0.0
0.0 0.304
0.0 0.391
0.2 0.366
1.3 0.416
0.9 0.361
0.1 0.4
0.4 0.4
0.0 0.549
0.0 0.474
0.0 0.508
0.0 0.582
0.0 0.632
0.0 0.576
0.0 0.505
0.0 0.598
0.0 0.0
0.0 0.0
0.9 0.47
0.7 0.435
0.7 0.447
1.1 0.439
1.3 0.442
1.6 0.385
1.2 0.377
1.3 0.38
0.7 0.414
1.3 0.414
1.3 0.382
0.1 0.0
0.0 0.279
0.1 0.447
0.0 0.524
0.0 0.502
0.2 0.491
0.1 0.482
0.0 0.511
0.0 0.411
0.0 0.406
1.1 0.396
1.1 0.422
1.6 0.0
0.0 0.405
1.5 0.447
1.2 0.423
0.8 0.442
1.8 0.433
1.9 0.264
0.3 0.264
1.1 0.456
1.0 0.507
1.0 0.471
1.0 0.469
1.3 0.439
1.6 0.407
2.1 0.44
2.2 0.45
1.5 0.387
1.3 0.387
1.3 0.414
1.5 0.438
0.1 0.441
0.2 0.424
0.7 0.398
0.8 0.47
1.1 0.406
1.2 0.407
1.3 0.422
1.8 0.4
1.3 0.404
1.9 0.404
1.9 0.408
1.6 0.429
0.2 0.433
0.2 0.462
0.0 0.458
0.9 0.455
0.5 0.458
0.6 0.432
1.0 0.423
0.7 0.439
1.3 0.424
1.2 0.424
1.2 0.452
1.9 0.422
0.0 0.438
0.3 0.413
0.6 0.415
0.7 0.406
0.9 0.125
0.9 0.4
0.2 0.323
0.1 0.349
0.0 0.484
0.0 0.484
0.1 0.495
0.1 0.5
0.0 0.512
0.0 0.484
0.0 0.458
0.0 0.466
0.5 0.466
0.5 0.513
0.0 0.477
0.0 0.5
0.0 0.536
0.0 0.551
0.0 0.454
0.0 0.43
0.0 0.395
0.0 0.5
0.0 0.427
0.0 0.427
0.0 0.358
0.0 0.453
0.0 0.561
0.0 0.354
0.0 0.487
0.0 0.529
0.8 0.445
0.9 0.464
1.3 0.545
0.1 0.489
0.0 0.558
0.0 0.333
0.0 0.462
0.1 0.5
0.2 0.418
0.5 0.442
0.7 0.44
0.7 0.439
0.8 0.4
1.3 0.417
1.5 0.386
1.2 0.45
1.5 0.47
1.5 0.448
1.2 0.432
1.1 0.399
1.1 0.442
0.7 0.454
0.5 0.454
0.5 0.455
0.0 0.548
0.0 0.528
0.0 0.525
0.0 0.558
0.1 0.508
0.3 0.487
0.1 0.48
0.1 0.427
0.3 0.354
0.4 0.2
0.0 0.5
0.0 0.143
0.3 0.349
0.4 0.473
0.3 0.427
0.8 0.425
0.9 0.42
1.2 0.42
0.7 0.364
0.0 0.368
0.6 0.368
0.4 0.403
0.5 0.416
1.2 0.401
0.6 0.418
0.3 0.326
0.2 0.425
0.3 0.367
0.0 0.369
0.0 0.408
0.0 0.5
0.8 0.41
0.4 0.35
0.8 0.2
0.3 0.394
0.6 0.382
0.6 0.461
1.4 0.391
0.8 0.435
1.0 0.392
1.5 0.467
0.8 0.429
1.6 0.407
1.6 0.414
0.9 0.388
1.1 0.398
2.0 0.397
2.2 0.413
2.3 0.368
1.9 0.368
1.9 0.351
0.9 0.363
1.0 0.32
0.7 0.461
1.7 0.453
1.1 0.466
0.8 0.471
1.1 0.455
0.8 0.416
1.1 0.455
0.9 0.455
1.2 0.455
1.2 0.463
1.1 0.455
0.2 0.439
0.9 0.432
2.0 0.391
1.4 0.466
1.3 0.4
1.8 0.351
1.6 0.34
1.1 0.389
0.4 0.396
0.0 0.489
0.0 0.532
0.0 0.558
0.0 0.598
0.0 0.548
0.0 0.614
0.0 0.736
0.0 0.646
0.0 0.646
0.0 0.62
0.0 0.488
0.0 0.429
0.0 0.4
0.0 0.604
0.0 0.443
0.0 0.405
0.0 0.393
0.0 0.0
0.0 0.353
0.3 0.421
0.3 0.449
0.3 0.432
0.4 0.435
0.3 0.397
0.5 0.426
1.7 0.409
1.7 0.401
1.5 0.423
2.4 0.412
1.9 0.412
1.9 0.427
2.8 0.464
0.0 0.504
0.0 0.534
0.0 0.538
0.0 0.531
0.1 0.495
0.1 0.49
0.2 0.461
1.0 0.476
1.1 0.476
1.1 0.47
0.9 0.442
0.0 0.362
0.0 0.412
0.0 0.561
0.4 0.48
1.0 0.444
1.7 0.389
0.4 0.522
0.9 0.478
2.5 0.414
1.8 0.411
1.0 0.393
0.5 0.393
0.5 0.444
0.7 0.286
0.0 0.552
0.0 0.536
0.0 0.533
1.6 0.476
1.6 0.426
1.2 0.434
1.3 0.399
1.2 0.433
0.0 0.572
0.0 0.524
0.0 0.429
0.0 0.496
0.5 0.424
1.1 0.408
0.8 0.357
0.4 0.363
0.9 0.444
0.5 0.391
1.0 0.439
1.4 0.441
1.5 0.425
1.7 0.434
2.1 0.455
2.1 0.477
2.6 0.477
2.6 0.48
2.7 0.445
0.3 0.364
0.3 0.286
0.4 0.352
0.2 0.392
0.5 0.476
0.1 0.492
0.1 0.505
0.2 0.508
0.2 0.475
0.1 0.448
0.2 0.484
0.3 0.403
0.9 0.426
0.4 0.426
0.4 0.454
0.9 0.408
1.0 0.454
1.0 0.48
1.1 0.473
1.1 0.4
0.2 0.428
0.4 0.426
0.4 0.44
0.5 0.471
0.4 0.432
0.7 0.481
1.3 0.415
0.8 0.418
0.5 0.418
0.5 0.505
0.6 0.441
0.0 0.458
0.0 0.667
0.0 0.286
0.0 0.44
0.0 0.563
0.0 0.562
0.0 0.569
0.0 0.553
0.0 0.504
0.0 0.423
0.0 0.451
0.0 0.462
0.0 0.471
0.0 0.367
0.0 0.353
0.2 0.45
0.0 0.448
0.6 0.379
1.0 0.235
0.2 0.384
0.4 0.427
0.7 0.286
0.0 0.434
0.0 0.446
0.0 0.521
0.0 0.468
0.0 0.478
0.1 0.437
0.6 0.465
1.3 0.498
1.5 0.471
1.4 0.439
1.1 0.459
1.8 0.424
1.5 0.424
1.5 0.443
1.3 0.44
0.8 0.333
0.1 0.407
0.0 0.483
0.0 0.478
0.0 0.535
0.0 0.559
0.0 0.515
0.0 0.375
0.0 0.581
0.0 0.581
0.0 0.6
0.0 0.625
0.5 0.442
1.2 0.406
0.9 0.437
1.7 0.417
1.6 0.395
1.1 0.485
1.6 0.423
1.4 0.423
1.4 0.386
1.3 0.429
0.1 0.411
0.3 0.431
1.0 0.395
0.4 0.434
0.6 0.425
1.1 0.481
0.7 0.426
0.8 0.426
0.8 0.384
0.7 0.422
0.7 0.404
1.4 0.432
2.5 0.375
0.3 0.432
1.3 0.479
0.6 0.45
1.6 0.392
0.4 0.462
1.2 0.416
2.0 0.429
1.8 0.429
0.6 0.442
1.1 0.445
1.0 0.444
1.0 0.433
1.0 0.44
1.3 0.45
1.4 0.446
1.5 0.446
1.5 0.422
1.4 0.46
1.3 0.375
2.0 0.32
0.9 0.436
1.5 0.368
1.4 0.305
0.2 0.46
0.0 0.486
0.0 0.442
0.0 0.437
0.0 0.448
0.0 0.421
0.0 0.448
0.0 0.457
0.1 0.459
0.0 0.459
0.1 0.477
0.4 0.459
1.5 0.477
1.3 0.485
1.2 0.468
1.3 0.438
1.1 0.468
1.0 0.468
1.0 0.478
1.2 0.454
0.7 0.476
1.3 0.476
1.6 0.462
1.9 0.496
2.0 0.51
1.7 0.503
2.4 0.51
2.4 0.51
2.4 0.505
2.6 0.537
0.0 0.583
0.0 0.547
0.0 0.44
0.0 0.4
0.8 0.25
0.0 0.567
0.0 0.533
0.0 0.561
0.0 0.555
0.0 0.521
0.0 0.542
0.0 0.566
0.0 0.566
0.0 0.567
0.0 0.579
0.0 0.485
0.0 0.512
0.0 0.566
0.0 0.516
0.0 0.533
0.0 0.443
0.3 0.446
1.2 0.453
1.3 0.449
0.1 0.466
0.5 0.468
0.4 0.465
0.1 0.489
0.1 0.464
0.4 0.456
1.6 0.393
0.8 0.393
0.8 0.405
0.7 0.484
0.0 0.525
0.0 0.551
0.0 0.557
0.0 0.553
0.0 0.543
0.0 0.567
0.1 0.538
0.1 0.538
0.1 0.505
1.1 0.473
0.1 0.382
0.8 0.403
0.3 0.418
0.0 0.378
0.0 0.574
0.0 0.536
0.0 0.502
0.0 0.503
0.0 0.54
0.0 0.517
0.0 0.515
0.0 0.515
0.0 0.556
0.1 0.374
0.2 0.467
0.2 0.435
0.0 0.432
0.0 0.365
0.0 0.396
0.0 0.448
0.0 0.429
0.0 0.422
0.0 0.521
0.2 0.547
0.3 0.475
0.1 0.455
0.4 0.436
1.3 0.528
0.5 0.528
0.5 0.372
0.3 0.373
0.5 0.468
0.8 0.462
0.5 0.407
0.6 0.292
0.2 0.333
0.0 0.556
0.0 0.504
0.0 0.525
0.0 0.508
0.0 0.481
0.0 0.475
0.0 0.445
0.0 0.445
0.0 0.383
0.0 0.49
0.5 0.386
0.4 0.41
0.2 0.307
0.0 0.188
0.0 0.531
0.0 0.514
0.0 0.504
0.0 0.491
0.0 0.472
0.0 0.47
0.0 0.467
0.1 0.467
0.1 0.45
0.9 0.47
0.2 0.445
0.1 0.456
0.0 0.466
0.0 0.428
0.7 0.408
0.5 0.429
0.4 0.374
0.3 0.374
0.3 0.473
0.4 0.38
0.0 0.5
0.1 0.439
0.3 0.405
0.2 0.439
0.4 0.429
0.6 0.406
0.7 0.436
0.3 0.44
0.8 0.44
0.8 0.413
0.3 0.373
0.5 0.446
0.3 0.473
0.1 0.476
0.2 0.43
0.3 0.436
0.3 0.457
0.6 0.468
0.7 0.371
0.5 0.368
1.4 0.418
1.1 0.437
0.8 0.434
1.2 0.434
1.2 0.343
0.4 0.387
0.0 0.412
0.0 0.571
0.0 0.429
0.0 0.417
0.0 0.429
0.0 0.528
0.2 0.466
0.0 0.5
0.0 0.513
0.5 0.444
0.7 0.418
0.9 0.441
1.6 0.403
1.7 0.413
1.3 0.435
2.1 0.366
2.0 0.366
2.0 0.339
1.4 0.43
0.1 0.495
0.7 0.47
0.7 0.541
0.1 0.507
0.0 0.531
0.0 0.454
1.1 0.466
0.5 0.466
0.5 0.514
0.1 0.527
0.0 0.5
0.0 0.444
0.3 0.167
1.0 0.436
1.2 0.43
2.1 0.439
2.7 0.423
2.6 0.438
3.0 0.399
2.0 0.399
2.0 0.427
2.0 0.418
0.0 0.432
0.0 0.497
1.5 0.386
0.9 0.416
1.4 0.376
1.3 0.35
0.9 0.415
1.9 0.399
1.0 0.399
1.0 0.423
1.1 0.377
0.8 0.519
1.5 0.455
1.5 0.451
1.8 0.423
2.3 0.465
1.8 0.4
1.4 0.4
1.4 0.426
2.0 0.403
0.1 0.414
0.4 0.422
0.7 0.424
1.4 0.419
0.9 0.402
1.1 0.426
0.5 0.426
0.5 0.423
1.9 0.344
0.4 0.45
0.4 0.45
0.8 0.445
0.8 0.405
0.6 0.499
0.4 0.434
0.3 0.434
0.3 0.522
0.2 0.532
0.7 0.371
1.4 0.401
1.0 0.399
1.2 0.448
1.6 0.429
1.6 0.454
1.2 0.403
0.9 0.403
0.9 0.41
0.0 0.45
0.0 0.525
0.1 0.445
0.2 0.429
0.4 0.452
0.9 0.435
0.8 0.462
1.0 0.443
1.1 0.505
1.6 0.501
1.2 0.501
1.2 0.477
0.9 0.475
2.0 0.378
1.6 0.37
1.5 0.44
1.1 0.423
2.3 0.414
1.7 0.414
1.4 0.418
0.0 0.581
0.0 0.527
0.0 0.482
0.0 0.494
0.0 0.473
0.0 0.494
0.0 0.494
0.0 0.464
0.0 0.459
0.0 0.467
1.7 0.449
1.9 0.45
1.9 0.45
1.1 0.402
1.3 0.436
1.6 0.411
2.3 0.411
2.3 0.418
2.5 0.406
0.5 0.441
0.9 0.404
0.7 0.406
0.0 0.387
0.0 0.517
0.0 0.542
0.0 0.427
0.0 0.526
0.0 0.495
0.0 0.461
0.0 0.497
0.0 0.448
0.0 0.439
0.0 0.446
0.0 0.446
0.0 0.443
0.0 0.544
0.0 0.554
0.0 0.458
0.0 0.467
0.0 0.562
0.0 0.508
0.0 0.475
0.0 0.475
0.0 0.516
0.3 0.478
1.0 0.453
1.0 0.442
1.1 0.443
1.7 0.442
1.3 0.477
1.6 0.477
1.6 0.441
1.7 0.477
0.0 0.333
0.0 0.3
0.0 0.487
0.0 0.441
0.0 0.605
0.0 0.686
0.0 0.632
0.0 0.643
0.0 0.676
0.0 0.71
0.0 0.71
0.0 0.703
0.0 0.714
0.0 0.468
0.0 0.453
0.0 0.599
0.0 0.581
0.0 0.495
0.0 0.508
0.0 0.508
0.0 0.532
0.0 0.551
1.1 0.436
1.1 0.439
0.9 0.433
1.5 0.464
0.7 0.48
0.9 0.448
1.2 0.448
1.2 0.454
1.0 0.456
0.0 0.499
0.0 0.492
0.0 0.494
0.0 0.521
0.0 0.563
0.0 0.513
0.0 0.513
0.0 0.511
0.0 0.474
0.0 0.588
0.0 0.501
0.0 0.461
0.0 0.534
0.0 0.551
0.0 0.535
0.0 0.535
0.0 0.539
0.0 0.493
0.0 0.45
0.6 0.47
1.2 0.448
1.9 0.352
1.1 0.457
2.5 0.434
1.9 0.434
1.9 0.419
2.1 0.427
0.3 0.368
0.9 0.39
0.8 0.44
1.7 0.381
1.4 0.42
1.0 0.283
0.3 0.283
1.8 0.458
1.7 0.407
1.4 0.408
1.5 0.449
1.7 0.407
1.6 0.422
1.4 0.422
1.4 0.371
0.0 0.48
0.1 0.463
0.0 0.51
0.0 0.401
0.2 0.451
0.1 0.395
0.9 0.395
0.9 0.454
0.2 0.505
0.0 0.508
0.0 0.55
0.0 0.556
0.0 0.575
0.0 0.447
0.0 0.532
0.0 0.532
0.0 0.575
0.0 0.652
1.3 0.468
2.0 0.45
1.9 0.413
1.7 0.441
0.4 0.458
1.2 0.463
1.9 0.463
1.9 0.408
1.2 0.389
0.0 0.605
0.0 0.443
0.0 0.466
0.0 0.47
0.0 0.491
0.0 0.386
0.2 0.489
0.2 0.445
1.6 0.435
1.0 0.423
1.5 0.421
1.4 0.501
1.5 0.667
0.0 0.333
0.4 0.204
0.1 0.204
0.1 0.427
0.9 0.374
0.0 0.477
0.0 0.495
0.0 0.453
0.0 0.445
0.0 0.441
0.1 0.492
0.1 0.492
0.1 0.432
0.3 0.445
0.0 0.472
0.0 0.507
0.0 0.535
0.0 0.502
0.0 0.506
0.0 0.47
0.0 0.47
0.0 0.481
0.5 0.43
1.1 0.45
0.7 0.39
0.5 0.38
0.7 0.42
1.6 0.41
1.4 0.41
1.4 0.386
1.4 0.442
0.2 0.467
0.0 0.517
1.4 0.441
1.0 0.398
0.6 0.364
0.6 0.36
0.0 0.515
0.0 0.444
0.4 0.418
0.3 0.442
0.4 0.457
0.9 0.438
1.2 0.437
1.5 0.426
1.3 0.426
1.3 0.454
1.3 0.425
0.0 0.61
0.0 0.507
0.0 0.493
0.0 0.522
0.0 0.0
0.2 0.393
0.6 0.325
0.4 0.463
0.8 0.422
0.9 0.422
0.7 0.369
0.0 0.501
0.0 0.534
0.0 0.524
0.0 0.534
0.0 0.456
0.0 0.456
0.0 0.412
0.0 0.511
0.0 0.333
0.0 0.565
0.1 0.518
1.2 0.425
1.1 0.442
1.5 0.414
1.1 0.394
1.0 0.433
0.8 0.433
0.8 0.435
0.0 0.333
0.0 0.41
0.3 0.46
0.3 0.47
1.3 0.487
1.7 0.487
1.7 0.389
1.8 0.4
1.0 0.412
1.3 0.403
0.8 0.394
0.6 0.422
0.9 0.489
0.5 0.489
0.5 0.481
1.6 0.47
0.0 0.43
0.0 0.367
0.0 0.44
0.6 0.372
0.8 0.367
0.4 0.367
0.6 0.457
0.5 0.44
0.6 0.471
0.6 0.467
0.9 0.473
1.3 0.473
1.3 0.486
1.2 0.476
0.0 0.462
0.0 0.516
0.0 0.468
0.0 0.464
0.0 0.457
0.0 0.457
0.0 0.451
0.7 0.485
2.1 0.48
2.0 0.49
2.1 0.451
3.5 0.471
3.3 0.487
3.6 0.487
3.6 0.504
5.1 0.468
0.4 0.41
1.0 0.322
0.3 0.433
0.7 0.353
0.5 0.355
0.7 0.355
0.1 0.467
0.1 0.422
0.4 0.445
0.4 0.429
0.8 0.413
0.4 0.413
0.4 0.446
0.6 0.467
1.2 0.416
1.8 0.324
0.7 0.403
1.2 0.384
0.6 0.373
0.4 0.373
0.4 0.411
1.3 0.368
0.8 0.403
0.8 0.404
0.7 0.427
1.2 0.437
0.6 0.412
1.4 0.412
1.4 0.389
1.3 0.416
0.5 0.409
0.8 0.453
0.3 0.478
0.7 0.436
0.3 0.447
0.9 0.447
0.9 0.433
1.3 0.405
1.0 0.365
0.6 0.351
0.2 0.4
0.4 0.376
0.6 0.458
0.3 0.412
0.7 0.41
0.8 0.415
0.3 0.468
0.2 0.468
0.2 0.518
0.2 0.214
0.0 0.466
0.0 0.495
0.0 0.485
0.0 0.479
0.0 0.502
0.0 0.502
0.0 0.526
0.0 0.515
0.3 0.486
0.9 0.442
1.5 0.448
2.2 0.432
1.9 0.436
2.4 0.436
2.4 0.376
1.5 0.392
0.0 0.465
0.0 0.405
0.0 0.432
0.0 0.474
0.0 0.521
0.0 0.521
0.0 0.451
1.2 0.436
1.4 0.491
1.8 0.438
2.3 0.456
2.4 0.44
2.6 0.44
2.6 0.439
2.9 0.44
0.1 0.454
0.1 0.459
0.2 0.447
0.5 0.433
0.5 0.437
0.6 0.437
0.6 0.439
0.7 0.423
0.0 0.491
0.0 0.497
0.0 0.497
0.0 0.549
0.0 0.459
0.0 0.459
0.0 0.506
0.0 0.385
0.8 0.446
1.0 0.432
1.0 0.431
1.2 0.447
0.9 0.446
1.3 0.446
1.3 0.439
1.3 0.454
0.2 0.25
0.4 0.383
0.0 0.543
0.0 0.535
0.0 0.573
0.3 0.536
0.3 0.476
1.2 0.476
1.2 0.479
0.8 0.48
0.0 0.477
1.8 0.39
1.6 0.418
2.0 0.399
2.2 0.373
1.9 0.401
1.9 0.401
1.9 0.368
1.1 0.359
0.2 0.456
0.2 0.45
0.3 0.413
0.0 0.464
0.4 0.589
0.2 0.589
0.2 0.475
0.4 0.479
0.5 0.503
0.9 0.488
1.2 0.461
1.2 0.431
1.2 0.436
0.9 0.436
0.9 0.393
0.5 0.454
0.8 0.449
1.9 0.412
2.0 0.436
2.4 0.441
2.5 0.448
2.9 0.448
2.9 0.388
2.4 0.393
0.3 0.402
0.5 0.359
0.7 0.377
0.5 0.317
0.7 0.425
1.9 0.409
1.5 0.387
1.6 0.463
2.1 0.416
1.2 0.416
1.2 0.35
1.3 0.402
0.2 0.412
0.7 0.485
1.5 0.469
0.9 0.464
1.7 0.381
0.0 0.321
0.0 0.425
0.2 0.385
1.2 0.442
1.1 0.356
0.8 0.339
0.6 0.39
1.2 0.413
0.2 0.372
0.6 0.372
0.3 0.406
0.4 0.431
0.3 0.25
0.2 0.48
0.1 0.438
0.3 0.476
0.8 0.451
1.1 0.438
0.9 0.46
1.0 0.46
1.0 0.439
1.4 0.442
0.5 0.294
0.0 0.425
0.0 0.524
0.0 0.604
0.0 0.565
1.6 0.434
1.2 0.438
2.1 0.429
2.0 0.394
1.5 0.406
1.1 0.406
1.1 0.399
1.5 0.4
1.4 0.469
1.3 0.416
1.0 0.432
0.6 0.556
0.3 0.385
0.2 0.385
0.4 0.374
0.3 0.429
0.5 0.495
0.1 0.472
0.2 0.354
0.1 0.392
0.0 0.438
0.0 0.429
0.0 0.52
0.0 0.432
0.0 0.432
0.0 0.361
0.0 0.524
0.0 0.55
0.0 0.541
0.0 0.478
0.0 0.478
0.0 0.596
0.0 0.523
0.6 0.411
0.2 0.475
0.1 0.474
0.2 0.412
0.5 0.412
0.5 0.416
1.5 0.393
0.7 0.379
0.4 0.413
0.5 0.431
0.0 0.506
0.0 0.541
0.0 0.532
0.0 0.517
0.0 0.517
0.0 0.533
0.0 0.477
0.1 0.41
1.1 0.368
1.0 0.39
1.3 0.479
0.9 0.479
0.9 0.422
0.9 0.402
0.4 0.389
0.2 0.445
0.4 0.477
1.2 0.447
1.1 0.447
1.1 0.453
1.5 0.434
0.0 0.531
0.0 0.491
0.0 0.551
0.0 0.487
0.4 0.487
0.4 0.49
0.2 0.516
0.0 0.273
0.0 0.498
0.3 0.402
0.8 0.438
1.3 0.429
1.6 0.429
1.6 0.447
1.9 0.463
0.0 0.448
0.0 0.465
0.1 0.496
0.0 0.467
0.0 0.467
0.0 0.451
1.1 0.452
0.8 0.4
1.2 0.415
1.2 0.415
0.0 0.513
0.0 0.539
0.0 0.534
0.0 0.601
0.0 0.601
0.0 0.611
0.0 0.528
0.1 0.416
0.0 0.329
0.0 0.527
0.0 0.643
0.0 0.614
0.0 0.527
0.0 0.552
0.1 0.552
0.1 0.542
0.6 0.24
0.0 0.499
0.0 0.482
0.0 0.522
0.0 0.525
0.0 0.525
0.0 0.515
0.0 0.487
1.0 0.46
0.5 0.457
0.0 0.403
0.0 0.488
0.0 0.488
0.3 0.413
0.7 0.44
1.4 0.419
2.2 0.424
2.3 0.367
1.5 0.367
1.5 0.418
2.6 0.461
0.1 0.549
0.0 0.538
0.1 0.528
0.2 0.502
0.1 0.502
0.1 0.499
0.2 0.493
0.3 0.354
0.6 0.4
0.5 0.456
0.8 0.435
1.4 0.413
1.1 0.445
1.6 0.445
1.6 0.433
1.8 0.471
0.4 0.342
0.2 0.2
0.1 0.395
0.2 0.41
0.1 0.417
0.7 0.231
0.0 0.231
0.0 0.371
0.0 0.0
0.0 0.222
0.1 0.465
0.0 0.488
0.0 0.64
0.0 0.397
1.1 0.403
1.0 0.403
1.0 0.371
1.3 0.398
0.8 0.407
1.0 0.425
1.3 0.414
1.2 0.414
1.2 0.404
1.3 0.365
0.0 0.397
0.0 0.367
0.0 0.446
0.7 0.441
1.1 0.446
1.2 0.424
0.9 0.424
0.9 0.412
1.0 0.438
0.0 0.521
0.0 0.486
0.0 0.497
0.0 0.496
0.0 0.496
0.0 0.522
0.0 0.533
0.0 0.526
0.0 0.506
0.0 0.523
0.0 0.555
0.0 0.555
0.0 0.565
0.0 0.515
0.0 0.0
1.6 0.436
1.5 0.412
1.3 0.41
1.3 0.374
0.9 0.374
0.9 0.465
1.0 0.0
0.5 0.364
0.0 0.44
0.0 0.512
0.7 0.46
0.8 0.449
1.3 0.449
1.3 0.414
1.3 0.401
0.0 0.564
0.0 0.52
0.0 0.541
0.0 0.424
0.0 0.424
0.0 0.38
0.0 0.468
0.0 0.364
0.0 0.0
0.3 0.452
0.3 0.428
1.0 0.392
0.7 0.421
1.2 0.421
0.0 0.455
0.0 0.367
0.0 0.457
0.0 0.506
0.0 0.469
0.0 0.5
0.0 0.5
0.0 0.531
0.0 0.461
0.0 0.505
0.0 0.513
0.0 0.513
0.0 0.41
0.0 0.551
0.1 0.383
0.1 0.352
0.2 0.423
0.0 0.39
0.3 0.39
0.3 0.411
0.7 0.439
0.0 0.618
0.0 0.56
0.0 0.523
0.0 0.558
0.0 0.558
0.0 0.523
0.0 0.452
0.0 0.376
0.1 0.46
0.8 0.491
1.1 0.376
0.3 0.376
0.3 0.481
0.4 0.45
0.2 0.446
0.2 0.419
0.7 0.425
0.6 0.429
0.4 0.429
0.4 0.456
0.2 0.426
0.0 0.431
0.0 0.435
0.0 0.399
0.0 0.458
0.0 0.458
0.1 0.354
0.4 0.43
0.7 0.433
1.1 0.421
1.4 0.408
1.6 0.408
1.6 0.326
0.8 0.25
0.5 0.423
0.0 0.441
0.2 0.433
1.3 0.445
0.8 0.445
0.8 0.424
1.5 0.451
0.0 0.444
0.0 0.454
0.0 0.447
0.0 0.472
0.0 0.472
0.0 0.516
0.0 0.458
0.0 0.551
0.0 0.51
0.0 0.451
0.0 0.611
0.0 0.543
0.0 0.543
0.0 0.542
0.0 0.528
0.8 0.463
0.2 0.456
0.3 0.42
0.5 0.457
0.6 0.403
1.0 0.403
1.0 0.41
1.0 0.399
0.0 0.467
0.5 0.397
1.0 0.462
1.1 0.462
1.1 0.454
1.0 0.455
0.3 0.421
0.4 0.414
0.7 0.412
0.7 0.412
0.7 0.405
0.7 0.308
0.3 0.0
0.0 0.552
0.0 0.545
0.0 0.507
0.0 0.507
0.0 0.558
0.0 0.548
1.3 0.421
0.9 0.471
0.8 0.38
0.2 0.38
0.2 0.4
0.7 0.0
0.7 0.418
0.7 0.391
1.2 0.4
0.7 0.4
0.7 0.422
0.5 0.444
0.2 0.463
0.4 0.148
0.1 0.455
0.6 0.464
0.5 0.466
1.3 0.466
1.3 0.469
1.1 0.481
0.1 0.316
0.1 0.273
1.4 0.452
1.8 0.43
1.7 0.468
2.1 0.468
2.1 0.448
1.6 0.473
0.3 0.458
0.3 0.44
1.0 0.434
0.9 0.434
0.9 0.434
1.5 0.419
0.1 0.405
0.0 0.52
0.1 0.464
0.2 0.475
0.2 0.504
0.2 0.504
0.2 0.439
0.4 0.452
0.0 0.544
0.0 0.491
0.0 0.519
0.2 0.519
0.2 0.576
0.1 0.545
1.6 0.407
1.6 0.422
1.5 0.422
2.0 0.422
2.0 0.415
2.3 0.398
0.1 0.382
0.6 0.494
1.1 0.522
1.0 0.479
1.0 0.479
1.0 0.506
1.8 0.485
0.1 0.481
0.0 0.492
0.5 0.443
0.1 0.443
0.1 0.481
0.6 0.48
0.0 0.447
0.2 1.0
0.2 0.46
0.6 0.417
0.8 0.401
0.7 0.401
0.7 0.439
0.8 0.446
0.4 0.396
0.9 0.428
0.7 0.446
0.2 0.446
0.2 0.481
0.8 0.457
0.2 0.388
0.5 0.406
0.4 0.34
0.2 0.34
0.1 0.422
1.1 0.442
1.2 0.434
1.4 0.434
1.4 0.434
1.4 0.418
0.7 0.407
0.5 0.486
0.4 0.465
0.7 0.465
0.7 0.425
0.7 0.457
0.0 0.462
0.0 0.447
0.2 0.396
1.0 0.486
2.0 0.472
1.8 0.462
2.0 0.462
2.0 0.492
1.7 0.338
0.8 0.36
0.5 0.381
0.5 0.356
0.6 0.356
0.6 0.374
0.8 0.402
0.1 0.273
0.8 0.396
1.1 0.378
1.0 0.41
1.1 0.41
1.1 0.374
0.8 0.411
0.7 0.382
0.1 0.373
0.1 0.346
0.3 0.376
0.2 0.408
0.8 0.408
0.8 0.44
0.0 0.62
0.0 0.643
0.0 0.612
0.0 0.612
0.0 0.563
0.3 0.368
0.0 0.457
0.0 0.574
0.0 0.75
0.0 0.75
0.1 1.0
0.0 0.412
1.3 0.44
1.5 0.453
1.8 0.42
1.9 0.42
1.9 0.428
2.0 0.463
0.0 0.5
0.0 0.222
0.0 0.412
0.1 0.412
0.1 0.442
0.7 0.398
0.0 0.5
0.0 0.438
0.1 0.45
0.0 0.45
1.7 0.422
2.6 0.444
2.8 0.463
3.1 0.463
3.1 0.47
3.5 0.468
0.0 0.488
0.0 0.477
0.0 0.547
0.0 0.547
0.0 0.588
0.0 0.6
0.0 0.375
0.0 0.517
0.0 0.5
0.0 0.514
0.1 0.519
0.0 0.507
0.0 0.523
0.0 0.523
0.0 0.51
0.0 0.468
1.0 0.423
1.3 0.393
1.5 0.385
1.4 0.385
1.4 0.427
2.2 0.444
0.6 0.43
0.8 0.427
0.3 0.447
0.7 0.447
0.7 0.45
0.6 0.443
0.0 0.5
0.0 0.6
0.0 0.468
0.1 0.459
0.3 0.459
0.3 0.556
0.3 0.412
0.6 0.399
0.8 0.482
1.1 0.482
1.1 0.466
1.2 0.468
0.1 0.417
0.2 0.425
0.4 0.425
0.4 0.432
1.4 0.443
0.0 0.436
0.0 0.566
0.0 0.566
0.0 0.505
0.0 0.513
0.2 0.429
0.6 0.426
0.6 0.426
0.6 0.441
1.5 0.409
1.6 0.419
1.9 0.427
1.7 0.427
1.7 0.449
1.9 0.482
0.9 0.414
1.6 0.383
2.1 0.383
2.1 0.434
1.7 0.42
0.5 0.405
0.1 0.45
0.6 0.45
1.1 0.47
0.8 0.361
1.0 0.361
1.0 0.333
0.8 0.439
0.6 0.42
0.7 0.42
0.7 0.443
1.7 0.463
0.3 0.286
0.1 0.364
0.2 0.364
0.2 0.343
0.0 0.519
0.0 0.535
0.0 0.535
0.0 0.493
0.6 0.505
0.4 0.418
0.0 0.623
0.0 0.514
0.0 0.514
0.0 0.521
0.0 0.53
0.6 0.419
1.2 0.44
1.5 0.44
1.5 0.462
2.0 0.439
0.0 0.475
0.0 0.49
0.0 0.49
0.2 0.381
0.2 0.407
0.7 0.443
1.4 0.443
1.4 0.49
1.2 0.418
0.4 0.464
0.7 0.399
0.2 0.399
0.2 0.474
0.5 0.503
0.0 0.538
0.0 0.566
0.0 0.566
0.0 0.564
0.0 0.515
0.0 0.478
0.0 0.444
0.0 0.444
0.9 0.381
0.3 0.495
0.9 0.495
0.9 0.444
0.4 0.4
0.7 0.319
0.0 0.0
0.0 0.459
0.4 0.397
0.3 0.397
0.3 0.542
0.4 0.528
0.4 0.528
0.4 0.452
0.5 0.47
0.0 0.473
0.0 0.465
0.0 0.465
0.0 0.541
0.4 0.477
0.0 0.533
0.3 0.394
0.4 0.432
1.1 0.416
0.8 0.416
0.8 0.451
0.8 0.46
0.0 0.451
0.0 0.51
0.9 0.51
0.9 0.448
1.4 0.386
2.3 0.424
2.7 0.434
2.4 0.434
2.4 0.419
3.1 0.444
0.5 0.406
1.3 0.455
0.6 0.455
0.6 0.364
0.5 0.44
1.5 0.467
1.4 0.467
1.4 0.444
1.8 0.45
0.4 0.44
0.6 0.143
0.0 0.143
0.0 0.367
0.6 0.237
0.3 0.237
0.5 0.443
0.3 0.504
0.7 0.504
0.7 0.439
0.4 0.413
0.0 0.421
0.0 0.429
0.4 0.437
0.3 0.437
0.3 0.471
0.7 0.387
0.0 0.501
0.0 0.492
0.2 0.492
0.2 0.476
0.1 0.521
0.0 0.517
0.0 0.535
0.0 0.535
0.0 0.601
0.0 0.478
0.7 0.461
1.0 0.399
0.9 0.399
0.9 0.374
0.5 0.405
0.5 0.409
0.5 0.409
0.5 0.438
0.9 0.442
0.8 0.42
0.9 0.389
0.9 0.389
0.9 0.448
0.3 0.377
0.0 0.481
0.0 0.485
0.0 0.485
0.0 0.447
0.0 0.536
0.9 0.423
2.0 0.41
1.8 0.41
1.8 0.431
1.8 0.437
0.0 0.477
0.0 0.412
0.0 0.412
0.0 0.413
0.0 0.479
0.8 0.444
1.0 0.444
1.0 0.468
0.8 0.288
0.1 0.464
1.1 0.321
0.5 0.397
1.1 0.397
0.0 0.474
0.0 0.474
0.1 0.474
0.1 0.429
0.9 0.447
1.1 0.386
1.2 0.386
1.2 0.389
0.4 0.41
0.0 0.427
0.8 0.439
0.9 0.439
0.9 0.435
0.4 0.319
0.7 0.376
0.7 0.395
0.4 0.395
0.2 0.341
0.1 0.319
0.7 0.418
1.9 0.382
1.6 0.382
1.6 0.427
2.3 0.373
0.0 0.531
0.0 0.572
0.0 0.572
0.0 0.565
0.0 0.557
0.0 0.6
1.0 0.433
1.3 0.396
0.9 0.396
0.9 0.399
1.1 0.424
0.3 0.5
0.1 0.427
0.6 0.403
1.2 0.403
1.2 0.338
0.0 0.538
0.0 0.549
0.0 0.549
0.0 0.476
0.0 0.494
0.0 0.544
0.0 0.544
0.0 0.613
0.0 0.571
0.5 0.491
0.1 0.491
0.1 0.506
0.4 0.521
1.1 0.365
0.8 0.365
0.9 0.42
0.7 0.42
0.7 0.446
1.4 0.414
0.3 0.421
0.1 0.421
0.1 0.296
0.2 0.413
0.0 0.3
1.0 0.3
0.1 0.426
0.2 0.426
0.2 0.32
0.5 0.343
0.4 0.343
0.4 0.439
0.6 0.422
1.6 0.368
1.6 0.368
1.6 0.413
1.4 0.455
0.4 0.45
1.2 0.45
0.3 0.421
0.2 0.421
0.7 0.401
1.9 0.401
1.9 0.42
1.5 0.399
0.8 0.386
1.9 0.386
1.9 0.36
2.3 0.364
0.8 0.396
0.5 0.396
0.5 0.452
0.3 0.366
0.5 0.345
0.3 0.345
0.3 0.441
0.5 0.487
0.6 0.396
2.4 0.396
2.4 0.385
2.5 0.399
0.4 0.412
0.6 0.412
0.6 0.459
1.4 0.468
0.5 0.0
0.0 0.0
0.0 0.455
1.1 0.481
2.4 0.37
0.9 0.37
0.9 0.476
1.4 0.374
0.2 0.483
0.9 0.483
0.0 0.401
0.3 0.401
0.0 0.562
0.0 0.562
0.0 0.559
0.0 0.622
0.8 0.362
1.0 0.362
1.0 0.405
1.3 0.39
0.0 0.506
0.0 0.506
0.0 0.532
0.1 0.502
0.2 0.5
0.3 0.5
0.0 0.604
0.0 0.604
0.0 0.559
0.0 0.661
0.1 0.393
0.3 0.393
0.3 0.417
0.4 0.545
0.2 0.537
0.0 0.537
0.0 0.545
0.4 0.478
0.2 0.478
0.3 0.396
0.8 0.396
0.8 0.447
0.4 0.383
0.6 0.459
0.4 0.459
0.2 0.403
0.5 0.403
0.5 0.405
0.8 0.337
0.9 0.337
0.9 0.369
0.1 0.286
0.0 0.667
0.0 0.667
0.3 0.433
0.5 0.433
0.5 0.442
0.3 0.333
0.6 0.333
0.0 0.507
0.0 0.507
0.0 0.423
0.0 0.497
0.6 0.404
0.4 0.404
0.5 0.438
0.5 0.438
0.5 0.377
0.8 0.436
0.9 0.436
0.9 0.448
2.5 0.48
1.2 0.437
1.7 0.437
1.7 0.429
1.0 0.43
0.2 0.15
0.0 0.15
0.1 0.489
0.5 0.489
0.5 0.465
0.5 0.482
0.1 0.4
0.0 0.4
0.0 0.55
0.2 0.55
0.2 0.5
0.2 0.504
0.9 0.436
1.2 0.436
1.2 0.438
1.4 0.442
0.6 0.475
1.0 0.475
1.0 0.455
1.2 0.512
0.0 0.857
0.0 0.857
0.0 0.573
0.0 0.573
0.0 0.516
0.0 0.536
0.1 0.45
0.5 0.45
0.5 0.473
1.3 0.516
0.4 0.368
0.3 0.368
0.3 0.385
0.0 0.375
0.0 0.375
0.1 0.458
0.3 0.458
0.3 0.496
0.5 0.464
0.2 0.427
0.7 0.427
0.7 0.421
1.0 0.451
0.7 0.429
1.0 0.429
1.0 0.372
0.9 0.455
0.9 0.413
1.6 0.413
1.6 0.397
1.9 0.385
0.0 0.5
0.0 0.5
0.0 0.537
0.0 0.534
0.3 0.351
0.0 0.351
0.0 0.461
0.0 0.461
0.0 0.529
0.0 0.571
0.3 0.407
0.3 0.333
0.0 0.513
0.1 0.348
0.1 0.468
0.2 0.445
0.0 0.214
0.0 0.325
0.0 0.0
0.0 0.5
0.0 0.575
0.0 0.548
0.0 0.51
1.2 0.453
1.2 0.433
1.6 0.445
1.2 0.412
0.4 0.362
0.4 0.394
0.3 0.333
0.3 0.083
0.2 0.375
0.0 0.483
0.0 0.582
0.0 0.643
0.3 0.263
0.0 0.25
0.6 0.448
0.6 0.433
1.4 0.445
0.0 0.409
0.5 0.42
0.5 0.4
0.3 0.167
0.4 0.302
0.4 0.352
0.1 0.444
0.2 0.367
0.3 0.345
0.6 0.355
0.6 0.3
0.5 0.409
0.5 0.478
1.2 0.455
0.4 0.361
0.4 0.449
0.3 0.433
1.0 0.349
0.5 0.344
0.5 0.419
0.3 0.403
1.4 0.399
1.4 0.393
0.9 0.38
0.3 0.447
0.3 0.473
0.5 0.454
0.0 0.421
0.8 0.352
0.8 0.419
0.5 0.463
0.3 0.377
0.3 0.385
0.0 0.574
0.0 0.465
0.2 0.5
1.1 0.323
1.1 0.355
0.4 0.304
0.4 0.469
1.4 0.502
0.6 0.4
0.6 0.25
0.2 0.425
1.2 0.414
1.2 0.42
2.0 0.408
0.9 0.415
0.9 0.426
1.0 0.452
0.0 0.449
0.0 0.409
0.1 0.269
0.2 0.347
0.6 0.419
0.6 0.486
0.8 0.433
1.0 0.35
1.0 0.456
1.3 0.415
0.0 0.25
0.1 0.404
0.1 0.513
0.2 0.44
0.7 0.422
0.7 0.452
1.5 0.459
0.0 0.0
0.3 0.318
0.3 0.296
0.0 0.545
0.0 0.536
0.0 0.53
0.7 0.396
0.7 0.403
0.2 0.456
0.4 0.402
0.4 0.452
1.4 0.447
0.0 0.533
0.0 0.478
0.2 0.273
0.6 0.34
0.6 0.282
0.1 0.143
1.2 0.405
1.2 0.407
2.0 0.413
0.0 1.0
0.0 0.5
0.8 0.382
0.8 0.338
0.6 0.399
0.0 0.462
0.0 0.521
0.0 0.595
0.0 0.25
0.0 0.636
0.0 0.66
0.0 0.446
0.0 0.417
0.0 0.507
0.0 0.367
0.0 0.411
0.0 0.5
0.7 0.35
0.7 0.364
0.2 0.49
0.2 0.493
0.1 0.49
0.0 0.414
0.0 0.366
0.2 0.426
0.1 0.425
0.1 0.436
0.4 0.471
0.1 0.463
0.1 0.493
0.0 0.515
0.0 0.333
0.0 0.429
0.1 0.488
1.0 0.452
1.0 0.403
0.5 0.352
0.4 0.422
0.4 0.442
1.4 0.367
1.4 0.348
1.0 0.359
0.2 0.32
0.2 0.318
0.7 0.365
0.7 0.385
1.5 0.396
0.3 0.333
0.0 0.568
0.0 0.6
0.0 1.0
0.2 0.395
0.2 0.421
0.1 0.481
0.1 0.528
0.1 0.501
0.6 0.495
0.0 0.0
0.2 0.402
0.1 0.452
0.1 0.455
0.5 0.437
0.5 0.459
0.7 0.452
0.3 0.421
0.3 0.394
0.4 0.258
0.5 0.353
0.5 0.306
0.2 0.431
1.2 0.425
1.5 0.44
0.4 0.424
0.8 0.424
1.3 0.423
0.7 0.36
0.0 0.53
0.0 0.442
0.1 0.514
0.0 0.473
0.6 0.316
0.0 0.579
0.3 0.425
0.0 0.652
0.1 0.0
0.8 0.355
0.5 0.373
0.1 0.434
0.2 0.558
0.3 0.368
0.8 0.545
0.5 0.0
0.9 0.353
0.4 0.578
0.4 0.414
0.8 0.399
0.2 0.523
0.6 0.362
0.0 0.545
0.0 0.384
0.4 0.461
0.5 0.5
0.5 0.387
0.0 0.642
0.0 0.441
1.1 0.377
0.0 0.526
0.8 0.451
0.0 0.514
0.4 0.421
0.3 0.2
0.6 0.332
0.3 0.488
1.1 0.45
0.7 0.449
0.0 0.568
1.0 0.394
0.2 0.367
1.6 0.405
0.3 0.42
0.0 0.8
0.6 0.556
0.4 0.542
0.1 0.511
0.6 0.365
0.0 0.417
0.0 0.517
0.4 0.356
0.2 0.522
0.2 0.422
0.2 0.361
