0.583 0.374
0.727 0.466
0.834 0.461
0.801 0.478
0.841 0.475
0.869 0.503
0.866 0.525
0.784 0.474
0.726 0.214
0.82 0.47
0.81 0.382
0.888 0.462
0.873 0.439
0.916 0.44
0.904 0.428
0.883 0.454
0.903 0.438
0.903 0.445
0.907 0.48
0.952 0.477
0.913 0.491
0.881 0.458
0.915 0.449
0.886 0.442
0.692 0.346
0.621 0.415
0.685 0.376
0.769 0.414
0.74 0.379
0.692 0.375
0.734 0.394
0.715 0.385
0.75 0.348
0.631 0.325
0.638 0.314
0.851 0.404
0.856 0.427
0.859 0.376
0.824 0.389
0.805 0.356
0.838 0.429
0.877 0.376
0.831 0.436
0.742 0.427
0.789 0.441
0.729 0.423
0.0 0.276
0.734 0.399
0.692 0.462
0.732 0.422
0.764 0.452
0.818 0.429
0.657 0.385
0.884 0.419
0.888 0.409
0.878 0.395
0.854 0.321
0.853 0.336
0.786 0.414
0.785 0.364
0.692 0.466
0.692 0.361
0.816 0.397
0.753 0.426
0.803 0.394
0.791 0.434
0.81 0.344
0.444 0.301
0.938 0.363
0.655 0.427
0.762 0.411
0.75 0.412
0.791 0.407
0.74 0.342
0.7 0.391
0.778 0.289
0.464 0.404
0.586 0.308
0.723 0.485
0.633 0.478
0.673 0.481
0.726 0.31
0.529 0.467
0.0 0.353
0.85 0.385
0.816 0.508
0.846 0.458
0.795 0.504
0.827 0.423
0.837 0.452
0.661 0.475
0.88 0.481
0.95 0.407
0.877 0.489
0.931 0.45
0.86 0.404
0.845 0.438
0.873 0.385
0.638 0.541
0.677 0.539
0.746 0.443
0.742 0.46
0.723 0.507
0.664 0.489
0.0 0.429
0.75 0.441
0.676 0.409
0.786 0.454
0.747 0.457
0.788 0.432
0.776 0.421
0.868 0.437
0.853 0.459
1.0 0.409
0.892 0.466
0.735 0.43
0.773 0.441
0.714 0.472
0.83 0.4
0.5 0.8
0.827 0.44
0.897 0.396
0.854 0.372
0.87 0.42
0.761 0.453
0.803 0.47
0.861 0.45
0.815 0.443
0.775 0.432
0.849 0.404
0.83 0.411
0.78 0.435
0.789 0.416
0.861 0.431
0.629 0.282
0.842 0.423
0.885 0.421
0.878 0.394
0.878 0.442
0.898 0.418
0.894 0.427
0.883 0.448
0.918 0.418
0.913 0.418
0.91 0.427
0.916 0.364
0.895 0.402
0.938 0.304
0.697 0.342
0.614 0.458
0.644 0.485
0.571 0.455
0.697 0.421
0.811 0.432
0.727 0.566
0.719 0.529
0.713 0.508
0.757 0.509
0.754 0.462
0.638 0.385
0.679 0.427
0.958 0.437
0.723 0.466
0.798 0.454
0.813 0.426
0.556 0.47
0.6 0.333
0.6 0.5
0.825 0.351
0.609 0.389
0.479 0.466
0.404 0.42
0.579 0.42
0.634 0.433
0.607 0.405
0.589 0.407
0.652 0.422
0.614 0.479
0.75 0.492
0.659 0.34
0.833 0.423
0.667 0.298
0.0 0.714
0.824 0.4
0.77 0.429
0.865 0.419
0.877 0.413
0.921 0.41
0.874 0.42
0.898 0.355
0.787 0.479
0.922 0.536
0.806 0.473
0.837 0.452
0.708 0.527
0.742 0.502
0.685 0.493
0.773 0.503
0.752 0.527
0.775 0.533
0.761 0.456
0.787 0.447
0.676 0.48
0.738 0.512
0.78 0.494
0.733 0.473
0.71 0.539
0.649 0.442
0.522 0.442
0.522 0.431
0.871 0.425
0.647 0.37
0.8 0.15
0.852 0.474
0.858 0.531
0.836 0.476
0.854 0.446
0.864 0.461
0.827 0.407
0.787 0.341
0.575 0.0
0.0 0.372
0.533 0.398
0.707 0.46
0.833 0.381
0.871 0.376
0.77 0.389
0.853 0.469
0.829 0.451
0.843 0.438
0.852 0.433
0.816 0.45
0.85 0.463
0.868 0.459
0.84 0.467
0.856 0.456
0.811 0.451
0.828 0.43
0.845 0.463
0.839 0.425
0.857 0.373
0.813 0.373
0.813 0.358
0.6 0.455
0.75 0.263
0.728 0.525
0.69 0.465
0.802 0.377
0.741 0.528
0.778 0.434
0.782 0.411
0.794 0.385
0.864 0.384
0.75 0.373
0.828 0.435
0.714 0.339
0.673 0.5
0.628 0.456
0.667 0.448
0.626 0.41
0.66 0.477
0.721 0.465
0.723 0.465
0.712 0.473
0.729 0.45
0.708 0.512
0.725 0.475
0.639 0.398
0.614 0.446
0.453 0.321
0.709 0.484
0.797 0.397
0.801 0.439
0.685 0.317
0.611 0.462
1.0 0.25
1.0 0.472
0.878 0.37
0.873 0.414
0.704 0.494
0.926 0.341
0.684 0.385
0.857 0.389
0.944 0.43
0.944 0.255
0.631 0.342
0.528 0.356
0.66 0.297
0.0 0.407
0.686 0.387
0.727 0.375
0.0 0.458
0.753 0.433
0.731 0.42
0.846 0.425
1.0 0.321
0.765 0.428
0.798 0.467
0.806 0.417
0.806 0.452
0.798 0.43
0.799 0.454
0.802 0.456
0.816 0.437
0.817 0.428
0.84 0.437
0.74 0.411
0.826 0.435
0.816 0.407
0.821 0.333
0.789 0.333
0.789 0.388
0.833 0.394
0.858 0.463
0.86 0.47
0.861 0.488
0.873 0.464
0.865 0.443
0.863 0.418
0.879 0.438
0.649 0.583
0.582 0.52
0.532 0.447
0.676 0.539
0.783 0.429
0.743 0.318
0.5 0.481
0.687 0.499
0.58 0.481
0.61 0.426
0.649 0.389
0.845 0.328
0.817 0.3
0.897 0.46
0.851 0.479
0.81 0.461
0.86 0.392
0.897 0.346
0.667 0.294
0.592 0.49
0.674 0.501
0.656 0.333
0.708 0.441
0.889 0.261
0.75 0.304
0.5 0.357
0.75 0.352
0.685 0.45
0.815 0.448
0.784 0.413
0.754 0.214
0.857 0.384
0.892 0.333
0.833 0.353
0.708 0.432
0.75 0.472
1.0 0.479
0.788 0.463
0.819 0.467
0.733 0.615
0.875 0.448
0.794 0.476
0.769 0.413
0.806 0.386
0.833 0.398
0.843 0.416
0.826 0.4
0.838 0.41
0.864 0.41
0.872 0.449
0.857 0.421
0.854 0.384
0.927 0.438
0.871 0.416
0.866 0.396
0.901 0.396
0.901 0.404
0.904 0.413
0.866 0.413
0.851 0.411
0.815 0.388
0.894 0.378
0.883 0.463
0.882 0.351
0.865 0.445
0.906 0.359
0.895 0.471
0.864 0.341
0.681 0.417
0.843 0.406
0.849 0.453
0.791 0.402
0.8 0.388
0.845 0.448
0.532 0.435
0.645 0.496
0.698 0.535
0.654 0.55
0.605 0.493
0.591 0.626
0.623 0.643
0.575 0.65
0.638 0.624
0.604 0.584
0.545 0.125
0.776 0.44
0.752 0.452
0.855 0.47
0.842 0.438
0.816 0.418
0.845 0.442
0.832 0.459
0.776 0.419
0.754 0.426
0.818 0.407
0.771 0.403
0.765 0.461
0.757 0.432
0.677 0.417
0.58 0.416
0.71 0.395
0.673 0.387
0.761 0.389
0.675 0.439
0.745 0.426
0.75 0.37
0.757 0.406
0.821 0.417
0.771 0.37
0.632 0.51
0.708 0.541
0.633 0.473
0.613 0.479
0.606 0.375
0.533 0.446
0.818 0.354
0.889 0.364
0.871 0.448
0.762 0.392
0.833 0.091
0.875 0.481
0.79 0.41
0.748 0.469
0.718 0.462
0.815 0.448
0.797 0.465
0.839 0.433
0.787 0.339
0.861 0.434
0.573 0.45
0.56 0.534
0.644 0.477
0.815 0.444
0.932 0.25
0.787 0.384
0.804 0.416
0.782 0.38
0.841 0.416
0.757 0.441
0.571 0.342
0.763 0.313
0.833 0.417
0.691 0.472
0.615 0.466
0.713 0.47
0.654 0.419
0.847 0.417
0.826 0.426
0.783 0.435
0.865 0.447
0.61 0.42
0.8 0.469
0.878 0.444
0.698 0.386
0.833 0.389
0.772 0.389
0.83 0.403
0.78 0.44
0.835 0.41
0.809 0.468
0.845 0.436
0.825 0.398
0.77 0.397
0.83 0.405
0.742 0.476
0.737 0.429
0.793 0.296
0.0 0.222
0.389 0.4
0.533 0.0
0.618 0.508
0.799 0.513
0.71 0.501
0.599 0.496
0.67 0.484
0.629 0.546
0.637 0.497
0.73 0.504
0.692 0.518
0.725 0.5
0.716 0.492
0.695 0.502
0.817 0.49
0.731 0.512
0.74 0.512
0.74 0.488
0.825 0.337
0.796 0.417
0.848 0.368
0.854 0.398
0.795 0.33
0.698 0.333
0.79 0.418
0.631 0.382
0.657 0.42
0.606 0.368
0.685 0.444
0.733 0.429
0.944 0.355
0.775 0.463
0.837 0.425
0.861 0.443
0.85 0.427
0.831 0.412
0.852 0.412
0.918 0.414
0.8 0.437
0.823 0.44
0.806 0.411
0.847 0.437
0.8 0.352
0.797 0.393
0.862 0.41
0.833 0.382
0.853 0.436
0.883 0.424
0.846 0.38
0.856 0.389
0.806 0.371
0.851 0.342
0.921 0.391
0.727 0.438
0.668 0.465
0.657 0.383
0.75 0.455
0.68 0.529
0.778 0.428
0.795 0.37
0.655 0.511
0.815 0.522
0.88 0.529
0.767 0.5
0.714 0.222
0.75 0.385
0.516 0.449
0.61 0.36
0.54 0.544
0.669 0.519
0.634 0.552
0.604 0.469
0.639 0.55
0.593 0.501
0.658 0.478
0.556 0.479
0.563 0.5
0.779 0.421
0.824 0.422
0.754 0.392
0.441 0.444
0.398 0.536
0.673 0.454
0.543 0.502
0.556 0.507
0.612 0.565
0.44 0.458
0.471 0.636
0.817 0.417
0.773 0.435
0.8 0.403
0.775 0.423
0.823 0.435
0.787 0.408
0.829 0.333
0.623 0.469
0.607 0.444
0.764 0.47
0.801 0.502
0.751 0.499
0.791 0.502
0.811 0.526
0.81 0.476
0.835 0.539
0.801 0.531
0.841 0.521
0.837 0.528
0.862 0.503
0.857 0.496
0.786 0.441
0.809 0.467
0.8 0.467
0.8 0.47
0.692 0.327
0.867 0.426
0.836 0.419
0.83 0.333
0.0 0.402
0.879 0.417
0.811 0.314
0.889 0.338
0.684 0.447
0.685 0.125
0.709 0.411
0.675 0.39
0.79 0.408
0.76 0.356
0.75 0.4
0.674 0.395
0.75 0.357
0.706 0.38
0.773 0.432
0.8 0.424
0.722 0.384
0.677 0.422
0.764 0.392
0.735 0.4
0.681 0.421
0.757 0.427
0.784 0.39
0.769 0.364
0.571 0.2
0.797 0.469
0.849 0.509
0.771 0.471
0.782 0.493
0.722 0.415
0.775 0.513
0.721 0.52
0.0 0.411
0.75 0.499
0.837 0.433
0.844 0.278
0.0 0.36
0.75 0.48
0.774 0.473
0.789 0.395
0.792 0.422
0.757 0.455
1.0 0.345
0.714 0.411
0.833 0.361
0.815 0.0
0.592 0.569
0.504 0.447
0.481 0.493
0.6 0.459
0.868 0.435
0.89 0.443
0.833 0.455
0.868 0.44
0.858 0.491
0.845 0.468
0.861 0.484
0.833 0.447
0.848 0.409
0.846 0.429
0.849 0.452
0.784 0.429
0.625 0.42
0.652 0.4
1.0 0.537
0.698 0.344
0.604 0.5
0.636 0.418
0.81 0.447
0.794 0.411
0.804 0.423
0.739 0.286
0.801 0.365
0.794 0.367
0.812 0.461
0.743 0.511
0.792 0.471
0.688 0.489
0.778 0.475
0.725 0.491
0.767 0.5
0.712 0.461
0.656 0.475
0.799 0.434
0.77 0.463
0.734 0.459
0.672 0.452
0.694 0.457
0.694 0.434
0.774 0.439
0.793 0.435
0.757 0.416
0.735 0.446
0.676 0.351
0.75 0.396
0.763 0.527
0.709 0.508
0.82 0.495
0.744 0.512
0.718 0.495
0.626 0.446
0.773 0.429
0.77 0.464
0.842 0.413
0.804 0.404
0.846 0.395
0.0 0.526
0.833 0.333
0.5 0.4
0.375 0.498
0.6 0.446
0.67 0.443
0.735 1.0
0.638 0.509
0.533 0.468
0.638 0.476
0.667 0.527
0.539 0.516
0.673 0.642
0.652 0.484
0.615 0.426
0.863 0.492
0.63 0.39
0.65 0.422
0.675 0.6
0.866 0.416
0.84 0.389
0.82 0.465
0.845 0.489
0.711 0.398
0.783 0.387
0.769 0.405
0.645 0.419
0.789 0.384
0.647 0.359
0.594 0.319
0.686 0.399
0.857 0.387
0.861 0.359
0.8 0.451
0.852 0.422
0.805 0.428
0.917 0.409
0.917 0.445
0.792 0.38
0.923 0.399
0.909 0.437
0.87 0.445
0.919 0.435
0.913 0.415
0.773 0.46
0.761 0.45
0.803 0.453
0.809 0.451
0.843 0.459
0.806 0.465
0.824 0.359
0.786 0.51
0.676 0.509
0.786 0.44
0.829 0.309
0.8 0.526
0.817 0.434
0.876 0.428
0.9 0.386
0.818 0.401
0.778 0.381
0.923 0.379
0.813 0.29
0.766 0.423
0.737 0.467
0.731 0.397
0.797 0.43
0.777 0.409
0.756 0.4
0.676 0.381
0.798 0.402
0.807 0.355
0.802 0.382
0.5 0.351
0.723 0.343
0.625 0.358
0.793 0.37
0.5 0.385
0.909 0.344
0.778 0.329
0.6 0.167
0.679 0.425
0.754 0.441
0.781 0.483
0.746 0.468
0.799 0.506
0.834 0.485
0.807 0.474
0.802 0.472
0.799 0.443
0.743 0.508
0.814 0.398
0.812 0.414
0.774 0.387
0.745 0.424
0.835 0.447
0.814 0.442
0.795 0.458
0.809 0.417
0.781 0.43
0.739 0.443
0.81 0.464
0.846 0.444
0.752 0.427
0.862 0.382
0.733 0.394
0.774 0.403
0.79 0.398
0.0 0.405
0.822 0.442
0.862 0.442
0.855 0.424
0.843 0.426
0.931 0.294
0.802 0.366
0.825 0.438
0.765 0.415
0.79 0.465
0.828 0.472
0.805 0.41
0.785 0.439
0.791 0.398
0.763 0.34
0.719 0.374
0.706 0.435
0.76 0.425
0.785 0.403
0.83 0.411
0.786 0.433
0.813 0.405
0.832 0.414
0.826 0.423
0.779 0.411
0.816 0.374
0.825 0.373
0.7 0.231
0.857 0.385
0.715 0.447
0.734 0.47
0.789 0.535
0.748 0.437
0.76 0.442
0.731 0.45
0.736 0.436
0.76 0.468
0.754 0.461
0.647 0.427
0.731 0.403
0.683 0.464
0.691 0.315
0.697 0.411
0.64 0.446
0.689 0.406
0.798 0.445
0.752 0.443
0.752 0.414
0.754 0.437
0.814 0.404
0.753 0.441
0.683 0.479
0.742 0.42
0.769 0.402
0.736 0.396
0.538 0.461
0.455 0.452
0.682 0.534
0.607 0.519
0.64 0.412
0.712 0.401
0.729 0.381
0.741 0.401
0.764 0.456
0.791 0.387
0.64 0.386
0.682 0.416
0.714 0.324
0.844 0.432
0.837 0.423
0.822 0.409
0.835 0.428
0.806 0.404
0.781 0.422
0.787 0.367
0.755 0.448
0.662 0.434
0.687 0.344
0.609 0.432
0.733 0.405
0.727 0.275
0.745 0.437
0.815 0.387
0.455 0.0
0.771 0.43
0.794 0.418
0.933 0.47
0.975 0.43
0.814 0.391
0.814 0.414
0.841 0.384
0.827 0.398
0.74 0.404
0.795 0.406
0.778 0.385
0.818 0.416
0.819 0.423
0.808 0.361
0.87 0.363
0.786 0.372
0.818 0.422
0.757 0.425
0.541 0.427
0.754 0.422
0.852 0.399
0.803 0.419
0.805 0.404
0.873 0.349
0.5 0.363
0.762 0.385
0.631 0.419
0.712 0.432
0.706 0.417
0.729 0.41
0.721 0.389
0.833 0.464
0.868 0.494
0.833 0.465
0.8 0.582
0.698 0.458
0.695 0.518
0.682 0.46
0.769 0.496
0.811 0.431
0.68 0.382
0.769 0.443
0.895 0.398
0.552 0.392
0.727 0.401
0.6 0.357
0.797 0.41
0.783 0.402
0.804 0.422
0.791 0.385
0.625 0.393
0.714 0.448
0.826 0.468
0.81 0.452
0.82 0.435
0.763 0.462
0.777 0.467
0.818 0.461
0.841 0.455
0.838 0.439
0.836 0.435
0.806 0.433
0.802 0.385
0.838 0.414
0.622 0.415
0.0 0.278
0.909 0.5
1.0 0.2
0.667 0.423
0.882 0.0
0.0 0.0
0.0 0.492
0.529 0.373
0.713 0.426
0.699 0.386
0.699 0.378
0.792 0.427
0.762 0.433
0.875 0.433
0.771 0.451
0.861 0.459
0.855 0.416
0.883 0.447
0.781 0.438
0.719 0.369
0.625 0.409
0.554 0.397
0.667 0.36
0.636 0.531
0.671 0.517
0.703 0.452
0.648 0.423
0.59 0.495
0.483 0.515
0.5 0.409
0.426 0.535
0.517 0.158
0.25 0.214
0.774 0.443
0.801 0.444
0.802 0.447
0.848 0.431
0.857 0.445
0.828 0.454
0.82 0.458
0.812 0.461
0.824 0.516
0.835 0.453
0.834 0.373
0.856 0.355
0.655 0.551
0.73 0.48
0.717 0.473
0.751 0.432
0.602 0.467
0.535 0.504
0.541 0.327
0.455 0.496
0.483 0.5
0.356 0.591
0.5 0.378
0.818 0.343
0.793 0.454
0.797 0.462
0.763 0.483
0.729 0.477
0.667 0.406
0.79 0.442
0.781 0.439
0.803 0.431
0.817 0.462
0.834 0.451
0.755 0.415
0.769 0.419
0.716 0.342
0.81 0.469
0.845 0.452
0.851 0.44
0.851 0.476
0.833 0.525
0.809 0.524
0.81 0.508
0.707 0.485
0.796 0.508
0.755 0.52
0.768 0.446
0.796 0.514
0.782 0.482
0.785 0.446
0.765 0.446
0.751 0.519
0.708 0.459
0.756 0.461
0.736 0.443
0.791 0.395
0.748 0.424
0.663 0.327
0.864 0.452
0.886 0.0
0.63 0.463
0.678 0.47
0.653 0.488
0.684 0.49
0.646 0.495
0.712 0.5
0.25 0.538
0.58 0.491
0.604 0.456
0.557 0.511
0.583 0.441
0.37 0.602
0.425 0.512
0.579 0.409
1.0 0.409
0.766 0.407
0.876 0.422
0.848 0.392
0.781 0.505
0.697 0.486
0.736 0.464
0.848 0.449
0.749 0.472
0.769 0.443
0.802 0.399
0.682 0.452
0.663 0.482
0.659 0.435
0.541 0.417
0.7 0.456
0.718 0.448
0.774 0.475
0.683 0.407
0.786 0.444
0.684 0.414
0.622 0.388
0.756 0.404
0.517 0.333
0.84 0.358
0.441 0.571
0.25 0.491
0.548 0.0
0.0 0.538
0.7 0.573
0.733 0.451
0.748 0.457
0.793 0.417
0.796 0.431
0.774 0.406
0.747 0.431
0.707 0.419
0.684 0.388
0.801 0.387
0.746 0.442
0.698 0.437
0.807 0.413
0.836 0.444
0.746 0.447
0.797 0.412
0.813 0.441
0.69 0.392
0.688 0.434
0.778 0.426
0.768 0.449
0.787 0.429
0.836 0.459
0.757 0.43
0.625 0.25
0.5 0.647
0.583 0.477
0.661 0.434
0.721 0.441
0.767 0.455
0.821 0.5
0.0 0.414
0.825 0.397
0.798 0.409
0.802 0.427
0.765 0.411
0.794 0.42
0.693 0.404
0.724 0.488
0.663 0.507
0.678 0.501
0.521 0.481
0.62 0.41
0.594 0.485
0.642 0.482
0.6 0.461
0.833 0.454
0.817 0.406
0.795 0.457
0.832 0.477
0.838 0.463
0.738 0.466
0.784 0.492
0.772 0.473
0.826 0.445
0.821 0.46
0.853 0.438
0.811 0.479
0.84 0.459
0.779 0.5
0.753 0.5
0.753 0.557
0.743 0.499
0.775 0.493
0.818 0.51
0.778 0.524
0.812 0.495
0.828 0.453
0.772 0.463
0.848 0.476
0.824 0.43
0.827 0.446
0.83 0.333
0.711 0.438
0.762 0.434
0.839 0.438
0.723 0.505
0.72 0.466
0.8 0.46
0.793 0.502
0.774 0.482
0.732 0.501
0.824 0.401
0.676 0.435
0.4 0.433
0.727 0.481
0.821 0.325
0.75 0.325
0.75 0.355
0.0 0.391
0.928 0.453
0.911 0.441
0.9 0.438
0.885 0.437
0.861 0.417
0.794 0.368
0.727 0.432
0.831 0.438
0.85 0.434
0.858 0.426
0.811 0.438
0.82 0.426
0.839 0.44
0.837 0.433
0.819 0.432
0.706 0.461
0.617 0.421
0.634 0.521
0.592 0.48
0.674 0.504
0.785 0.532
0.61 0.515
0.583 0.406
0.55 0.553
0.648 0.522
0.598 0.467
0.565 0.367
0.723 0.429
0.533 0.433
0.333 0.433
0.333 0.6
0.423 0.4
0.0 0.52
0.659 0.476
0.579 0.5
0.258 0.402
0.731 0.475
0.769 0.385
0.8 0.505
0.857 0.502
0.787 0.435
0.742 0.609
0.681 0.577
0.736 0.553
0.787 0.6
0.811 0.44
0.564 0.516
0.735 0.436
0.786 0.411
0.81 0.324
0.778 0.25
0.725 0.501
0.764 0.374
0.727 0.478
0.681 0.498
0.741 0.526
0.758 0.556
0.69 0.538
0.711 0.385
1.0 0.6
0.8 0.448
0.723 0.391
0.746 0.4
0.744 0.483
0.747 0.442
0.824 0.45
0.81 0.478
0.806 0.5
0.424 0.5
0.676 0.558
0.681 0.444
0.652 0.45
0.637 0.422
0.781 0.576
0.715 0.473
0.708 0.446
0.364 0.425
0.583 0.361
0.545 0.375
0.895 0.483
0.887 0.465
0.909 0.47
0.916 0.502
0.887 0.512
0.921 0.532
0.899 0.504
0.906 0.503
0.933 0.507
0.938 0.492
0.912 0.532
0.894 0.497
0.922 0.383
0.802 0.435
0.523 0.493
0.549 0.525
0.642 0.469
0.474 0.46
0.467 0.515
0.6 0.546
0.68 0.55
0.755 0.513
0.781 0.544
0.5 0.498
0.852 0.495
0.778 0.391
0.783 0.429
0.797 0.298
0.688 0.432
0.6 0.437
0.855 0.453
0.778 0.398
0.751 0.406
0.684 0.369
0.761 0.321
0.833 0.411
0.838 0.477
0.853 0.463
0.881 0.462
0.877 0.459
0.869 0.48
0.901 0.502
0.904 0.479
0.879 0.479
0.89 0.481
0.915 0.517
0.892 0.457
0.896 0.471
0.86 0.497
0.899 0.459
0.882 0.459
0.882 0.448
0.893 0.437
0.601 0.479
0.688 0.484
0.731 0.434
0.757 0.452
0.754 0.472
0.709 0.436
0.767 0.439
0.742 0.474
0.788 0.529
0.72 0.459
0.674 0.433
0.677 0.482
0.835 0.504
0.513 0.579
0.555 0.574
0.622 0.584
0.49 0.601
0.461 0.6
0.469 0.591
0.422 0.593
0.503 0.609
0.595 0.566
0.496 0.667
0.836 0.369
0.75 0.418
0.824 0.333
0.679 0.419
0.656 0.439
0.777 0.43
0.742 0.473
0.695 0.481
0.69 0.468
0.7 0.525
0.698 0.492
0.623 0.463
0.693 0.53
0.675 0.352
0.592 0.399
0.621 0.464
0.708 0.388
0.824 0.451
0.753 0.37
0.835 0.355
0.667 0.431
0.837 0.433
0.822 0.42
0.8 0.407
0.833 0.4
0.545 0.433
0.622 0.427
0.657 0.425
0.59 0.456
0.667 0.446
0.511 0.413
0.556 0.453
0.485 0.518
0.51 0.476
0.579 0.44
0.342 0.492
0.573 0.555
0.422 0.55
0.621 0.51
0.526 0.353
0.556 0.603
0.625 0.667
0.591 0.667
0.625 0.318
0.75 0.537
0.611 0.435
0.766 0.368
0.733 0.403
0.745 0.423
0.75 0.476
0.735 0.402
0.757 0.443
0.75 0.421
0.725 0.353
0.794 0.286
0.848 0.383
0.73 0.418
0.747 0.349
0.662 0.446
0.742 0.424
0.705 0.361
0.375 0.503
0.605 0.4
0.681 0.515
0.701 0.492
0.627 0.506
0.553 0.531
0.599 0.515
0.601 0.548
0.641 0.453
0.766 0.467
0.797 0.454
0.71 0.471
0.714 0.468
0.761 0.42
0.794 0.393
0.862 0.421
0.862 0.414
0.78 0.448
0.836 0.373
0.903 0.5
0.727 0.5
0.8 0.495
0.798 0.456
0.814 0.401
0.795 0.473
0.717 0.438
0.751 0.392
0.789 0.405
0.809 0.42
0.832 0.436
0.82 0.429
0.683 0.417
0.765 0.399
0.632 0.385
0.611 0.4
0.873 0.439
0.894 0.471
0.828 0.377
0.875 0.43
0.804 0.393
0.4 0.36
1.0 0.364
0.745 0.442
0.809 0.416
0.802 0.402
0.819 0.455
0.822 0.471
0.772 0.439
0.796 0.464
0.843 0.457
0.83 0.472
0.852 0.497
0.86 0.443
0.852 0.436
0.787 0.451
0.826 0.447
0.781 0.447
0.781 0.363
0.818 0.4
0.739 0.411
0.774 0.444
0.818 0.379
0.749 0.55
0.693 0.46
0.605 0.412
0.571 0.473
0.673 0.455
0.763 0.423
0.5 0.522
0.629 0.396
0.793 0.424
0.816 0.376
0.793 0.411
0.833 0.478
0.83 0.357
0.865 0.403
0.787 0.431
0.827 0.418
0.809 0.412
0.822 0.365
0.825 0.336
0.815 0.333
0.756 0.368
0.728 0.455
0.742 0.441
0.759 0.489
0.641 0.517
0.871 0.521
0.588 0.0
0.857 0.333
0.273 0.535
0.422 0.391
0.5 0.36
0.419 0.598
0.517 0.548
0.532 0.474
0.37 0.576
0.68 0.625
0.663 0.523
0.647 0.568
0.519 0.458
0.611 0.25
0.76 0.5
0.545 0.464
0.72 0.485
0.645 0.447
0.692 0.571
0.651 0.333
0.75 0.482
0.674 0.531
0.6 0.461
0.76 0.167
0.778 0.333
0.5 0.483
0.791 0.469
0.805 0.44
0.868 0.441
0.854 0.45
0.877 0.465
0.829 0.442
0.82 0.455
0.814 0.352
0.712 0.4
1.0 0.4
0.613 0.474
0.647 0.0
0.852 0.389
0.8 0.429
0.759 0.289
0.627 0.432
0.765 0.372
0.685 0.398
0.74 0.389
0.739 0.355
0.67 0.418
0.692 0.359
0.682 0.393
0.761 0.431
0.732 0.341
0.75 0.376
0.833 0.091
0.894 0.405
0.855 0.457
0.709 0.425
0.694 0.398
0.676 0.387
0.711 0.386
0.639 0.427
0.658 0.372
0.747 0.507
0.681 0.469
0.727 0.453
0.75 0.492
0.81 0.482
0.82 0.467
0.837 0.432
0.876 0.448
0.832 0.442
0.875 0.25
0.558 0.558
0.761 0.471
0.785 0.402
0.756 0.41
0.765 0.382
0.748 0.418
0.724 0.421
0.81 0.358
0.828 0.455
0.839 0.406
0.854 0.402
0.81 0.455
0.854 0.423
0.78 0.442
0.713 0.463
0.72 0.459
0.791 0.428
0.813 0.449
0.737 0.374
0.781 0.398
0.808 0.367
0.725 0.344
0.506 0.269
0.779 0.38
0.821 0.353
0.768 0.402
0.769 0.377
0.792 0.0
0.689 0.5
0.409 0.493
0.797 0.353
0.692 0.387
0.542 0.543
0.608 0.55
0.602 0.497
0.572 0.507
0.357 0.513
0.482 0.49
0.582 0.465
0.524 0.449
0.638 0.4
0.75 0.0
0.0 0.0
0.673 0.467
0.7 0.54
0.667 0.413
0.805 0.511
0.83 0.46
0.779 0.439
0.859 0.514
0.768 0.475
0.774 0.449
0.845 0.478
0.755 0.468
0.72 0.399
0.813 0.188
0.89 0.455
0.878 0.388
0.833 0.406
0.928 0.411
0.792 0.442
0.806 0.452
0.858 0.413
0.797 0.382
0.738 0.409
0.688 0.417
0.637 0.158
0.6 0.231
0.783 0.404
0.821 0.403
0.794 0.409
0.814 0.414
0.822 0.397
0.858 0.409
0.878 0.399
0.806 0.414
0.849 0.401
0.882 0.428
0.847 0.405
0.892 0.267
1.0 0.408
0.797 0.25
0.714 0.37
0.913 0.384
0.802 0.368
0.735 0.47
0.481 0.433
0.53 0.417
0.684 0.385
0.698 0.401
0.691 0.432
0.676 0.408
0.554 0.46
0.744 0.461
0.704 0.386
0.797 0.312
0.533 0.282
0.714 0.388
0.767 0.285
0.563 0.374
0.611 0.348
0.545 0.378
0.667 0.417
0.75 0.524
0.845 0.372
0.817 0.517
0.857 0.483
0.856 0.484
0.876 0.481
0.875 0.48
0.927 0.444
0.92 0.437
0.915 0.423
0.816 0.44
0.929 0.399
0.894 0.404
0.897 0.441
0.831 0.402
0.888 0.376
0.791 0.401
0.876 0.392
0.915 0.397
0.855 0.391
0.795 0.356
0.861 0.389
0.845 0.429
0.805 0.403
0.863 0.375
0.643 0.446
0.568 0.4
0.751 0.443
0.766 0.432
0.738 0.425
0.735 0.209
0.6 0.4
0.0 0.25
0.0 0.4
0.5 0.297
0.714 0.424
0.72 0.412
0.696 0.416
0.757 0.427
0.603 0.48
0.711 0.481
0.722 0.469
0.725 0.449
0.758 0.491
0.651 0.465
0.724 0.509
0.67 0.429
0.87 0.508
0.831 0.481
0.867 0.449
0.828 0.506
0.855 0.487
0.897 0.415
0.897 0.431
0.851 0.45
0.846 0.43
0.835 0.428
0.887 0.417
0.827 0.501
0.844 0.47
0.8 0.484
0.804 0.467
0.857 0.463
0.88 0.438
0.866 0.451
0.85 0.43
0.883 0.434
0.87 0.362
0.667 0.422
0.813 0.422
0.813 0.402
0.818 0.432
0.722 0.478
0.664 0.465
0.746 0.469
0.752 0.47
0.762 0.505
0.676 0.482
0.513 0.421
0.0 0.375
0.0 0.486
0.814 0.494
0.815 0.483
0.75 0.473
0.835 0.471
0.786 0.486
0.815 0.486
0.789 0.492
0.663 0.503
0.822 0.476
0.8 0.511
0.625 0.465
0.7 0.542
0.771 0.42
0.793 0.443
0.78 0.446
0.784 0.439
0.786 0.431
0.667 0.414
0.708 0.413
0.752 0.432
0.736 0.462
0.567 0.426
0.631 0.443
0.648 0.505
0.547 0.444
0.528 0.507
0.639 0.535
0.594 0.473
0.593 0.475
0.698 0.452
0.672 0.504
0.59 0.5
0.778 0.606
0.655 0.403
0.777 0.422
0.726 0.422
0.8 0.406
0.708 0.419
0.836 0.454
0.861 0.419
0.781 0.456
0.829 0.413
0.807 0.409
0.774 0.446
0.679 0.415
0.705 0.264
0.5 0.385
0.5 0.441
0.545 0.441
0.819 0.409
0.801 0.412
0.764 0.39
0.707 0.381
0.784 0.397
0.806 0.433
0.8 0.482
0.804 0.454
0.859 0.456
0.815 0.424
0.78 0.47
0.825 0.448
0.776 0.386
0.779 0.449
0.835 0.437
0.728 0.425
0.754 0.428
0.763 0.32
0.571 0.554
0.752 0.564
0.667 0.507
0.74 0.458
0.684 0.437
0.683 0.475
0.681 0.463
0.828 0.267
0.716 0.394
0.741 0.388
0.615 0.428
0.554 0.422
0.539 0.435
0.628 0.397
0.438 0.363
0.629 0.512
0.667 0.42
0.653 0.384
0.659 0.355
0.667 0.0
0.336 0.531
0.423 0.481
0.45 0.421
0.49 0.453
0.428 0.51
0.416 0.453
0.408 0.392
0.426 0.445
0.422 0.541
0.406 0.45
0.333 0.395
0.778 0.435
0.766 0.469
0.734 0.471
0.735 0.436
0.736 0.44
0.697 0.43
0.743 0.423
0.788 0.432
0.767 0.419
0.772 0.409
0.8 0.373
0.81 0.399
0.774 0.41
0.741 0.312
0.79 0.418
0.795 0.449
0.768 0.493
0.736 0.412
0.703 0.495
0.749 0.461
0.607 0.413
0.711 0.433
0.794 0.434
0.756 0.452
0.638 0.484
0.663 0.469
0.741 0.441
0.722 0.427
0.754 0.441
0.75 0.463
0.679 0.411
0.561 0.443
0.799 0.4
0.734 0.433
0.781 0.389
0.753 0.398
0.857 0.403
0.807 0.293
0.567 0.538
0.539 0.472
0.68 0.521
0.5 0.452
0.894 0.418
0.88 0.355
0.826 0.378
0.787 0.526
0.699 0.453
0.785 0.503
0.677 0.46
0.882 0.517
0.69 0.547
0.818 0.491
0.752 0.415
0.736 0.438
0.782 0.405
0.714 0.374
0.731 0.442
0.75 0.386
0.76 0.43
0.696 0.387
0.737 0.404
0.789 0.382
0.792 0.388
0.84 0.407
0.837 0.413
0.792 0.442
0.867 0.413
0.913 0.384
0.741 0.49
0.676 0.499
0.555 0.47
0.684 0.502
0.639 0.547
0.657 0.425
0.857 0.396
0.732 0.411
0.786 0.484
0.593 0.293
0.875 0.42
0.795 0.394
0.765 0.375
0.77 0.419
0.784 0.393
0.637 0.51
0.805 0.453
0.79 0.505
0.731 0.467
0.799 0.417
0.776 0.51
0.769 0.44
0.747 0.479
0.614 0.467
0.615 0.389
0.75 0.423
0.667 0.428
0.736 0.421
0.733 0.496
0.922 0.404
0.675 0.44
0.74 0.453
0.719 0.401
0.748 0.414
0.688 0.397
0.676 0.394
0.617 0.403
0.734 0.397
0.718 0.459
0.569 0.454
0.659 0.439
0.733 0.469
0.662 0.478
0.564 0.448
0.281 0.286
0.5 0.37
0.8 0.44
0.737 0.383
0.724 0.37
0.9 0.472
0.8 0.424
0.802 0.419
0.758 0.475
0.929 0.49
0.605 0.415
0.824 0.48
0.92 0.429
0.476 0.397
0.923 0.355
0.786 0.4
0.55 0.443
0.589 0.534
0.689 0.571
0.775 0.431
0.791 0.392
0.748 0.431
0.814 0.447
0.82 0.418
0.844 0.398
0.771 0.261
0.75 0.411
0.739 0.366
0.784 0.406
0.5 0.333
0.833 0.371
0.722 0.459
0.818 0.441
0.804 0.389
0.799 0.444
0.774 0.425
0.795 0.451
0.784 0.235
0.0 0.571
0.7 0.483
0.828 0.446
0.732 0.442
0.789 0.488
0.707 0.446
0.779 0.428
0.743 0.41
0.821 0.398
0.726 0.45
0.688 0.387
0.622 0.42
0.842 0.382
0.52 0.0
0.0 0.2
0.5 0.481
0.522 0.467
0.5 0.625
0.375 0.405
0.0 0.529
0.444 0.371
0.167 0.297
0.6 0.395
0.6 0.462
0.667 0.512
0.745 0.517
0.732 0.445
0.632 0.468
0.875 0.314
0.75 0.1
0.5 0.371
0.6 0.357
0.625 0.461
0.63 0.333
0.707 0.446
0.668 0.489
0.683 0.46
0.574 0.526
0.545 0.591
0.44 0.507
0.408 0.533
0.516 0.5
0.337 0.517
0.589 0.525
0.441 0.459
0.75 0.458
0.786 0.5
0.5 0.356
0.604 0.531
0.608 0.424
0.669 0.494
0.673 0.565
0.503 0.624
0.527 0.623
0.593 0.565
0.579 0.574
0.732 0.654
0.732 0.679
0.689 0.638
0.694 0.593
0.632 0.666
0.72 0.666
0.72 0.583
0.62 0.671
0.838 0.462
0.684 0.427
0.813 0.421
0.736 0.413
0.769 0.327
0.74 0.442
0.71 0.498
0.718 0.414
0.697 0.461
0.717 0.441
0.651 0.439
0.622 0.457
0.727 0.387
0.4 0.286
0.701 0.414
0.763 0.424
0.739 0.412
0.656 0.397
0.512 0.364
0.465 0.469
0.459 0.314
0.464 0.348
0.0 0.479
0.659 0.4
0.467 0.31
0.719 0.458
0.656 0.585
0.624 0.496
0.671 0.538
0.72 0.563
0.632 0.576
0.615 0.546
0.623 1.0
0.333 0.381
0.2 0.351
0.367 0.388
0.6 0.29
0.0 0.487
0.542 0.47
0.558 0.522
0.543 0.433
0.333 0.517
0.222 0.333
0.364 0.357
0.167 0.296
0.753 0.412
0.791 0.393
0.849 0.438
0.737 0.333
0.333 0.545
1.0 0.286
0.774 0.438
0.847 0.313
0.722 0.529
0.709 0.51
0.736 0.482
0.714 0.514
0.768 0.503
0.689 0.538
0.748 0.534
0.807 0.567
0.781 0.536
0.79 0.529
0.823 0.501
0.782 0.466
0.702 0.48
0.736 0.494
0.803 0.494
0.803 0.469
0.792 0.502
0.744 0.4
0.763 0.367
0.745 0.465
0.787 0.474
0.789 0.464
0.744 0.49
0.783 0.422
0.7 0.45
0.8 0.411
0.5 0.118
0.606 0.51
0.633 0.515
0.585 0.56
0.609 0.514
0.585 0.558
0.548 0.528
0.735 0.48
0.476 0.562
0.62 0.574
0.362 0.518
0.469 0.431
0.585 0.544
0.409 0.529
0.333 0.614
0.479 0.601
0.514 0.577
0.49 0.536
0.667 0.364
0.5 0.478
0.587 0.498
0.66 0.509
0.723 0.463
0.625 0.418
0.556 1.0
1.0 0.375
0.571 0.373
0.732 0.414
0.811 0.441
0.752 0.469
0.837 0.422
0.837 0.348
0.813 0.383
0.829 0.3
0.713 0.501
0.743 0.498
0.763 0.422
0.844 0.493
0.812 0.456
0.733 0.466
0.798 0.439
0.805 0.467
0.735 0.474
0.759 0.416
0.694 0.456
0.717 0.45
0.741 0.444
0.684 0.444
0.684 0.458
0.667 0.446
0.774 0.397
0.774 0.43
0.75 0.461
0.75 0.453
0.791 0.471
0.748 0.432
0.834 0.437
0.826 0.458
0.818 0.443
0.802 0.454
0.849 0.423
0.82 0.454
0.815 0.435
0.801 0.435
0.801 0.439
0.831 0.436
0.79 0.445
0.768 0.491
0.8 0.443
0.79 0.493
0.784 0.46
0.699 0.471
0.728 0.506
0.77 0.449
0.785 0.506
0.744 0.467
0.744 0.467
0.785 0.453
0.787 0.384
0.588 0.373
0.667 0.0
0.462 0.235
0.75 0.402
0.643 0.466
0.776 0.451
0.841 0.44
0.75 0.414
0.73 0.433
0.787 0.458
0.745 0.455
0.797 0.475
0.826 0.472
0.798 0.368
0.667 0.45
0.667 0.361
0.667 0.241
0.675 0.464
0.755 0.447
0.702 0.482
0.65 0.548
0.707 0.52
0.783 0.494
0.715 0.506
0.782 0.487
0.756 0.519
0.769 0.48
0.799 0.522
0.845 0.499
0.811 0.486
0.783 0.486
0.783 0.493
0.76 0.466
0.681 0.41
0.706 0.425
0.748 0.409
0.786 0.407
0.816 0.424
0.726 0.453
0.8 0.421
0.741 0.377
0.741 0.431
0.882 0.376
0.759 0.302
0.667 0.513
0.758 0.485
0.761 0.448
0.815 0.436
0.714 0.467
0.819 0.459
0.772 0.475
0.734 0.488
0.778 0.503
0.758 0.463
0.659 0.46
0.75 0.467
0.742 0.487
0.765 0.487
0.765 0.475
0.796 0.449
0.771 0.552
0.792 0.442
0.767 0.568
0.859 0.542
0.671 0.41
0.764 0.438
0.684 0.446
0.693 0.446
0.673 0.417
0.657 0.441
0.752 0.477
0.769 0.474
0.739 0.447
0.73 0.408
0.594 0.402
0.8 0.309
0.783 0.301
0.733 0.402
0.833 0.394
0.829 0.398
0.768 0.383
0.722 0.403
0.783 0.309
0.75 0.421
0.889 0.341
0.667 0.526
0.0 0.467
0.7 0.383
0.571 0.455
0.696 0.405
0.733 0.393
0.914 0.394
0.834 0.466
0.846 0.453
0.646 0.25
0.554 0.492
0.638 0.489
0.647 0.502
0.528 0.533
0.6 0.574
0.704 0.396
0.714 0.414
0.731 0.418
0.744 0.409
0.637 0.389
0.72 0.38
0.781 0.444
0.571 0.425
1.0 0.263
0.5 0.492
0.527 0.36
0.458 0.449
0.661 0.538
0.614 0.502
0.691 0.449
0.731 0.48
0.804 0.484
0.776 0.454
0.746 0.454
0.8 0.397
0.637 0.504
0.465 0.412
0.4 0.412
0.639 0.435
0.721 0.371
0.652 0.426
0.659 0.43
0.676 0.383
0.735 0.454
0.766 0.384
0.755 0.426
0.71 0.41
0.671 0.338
0.674 0.308
0.68 0.273
0.857 0.408
0.784 0.459
0.75 0.419
0.733 0.382
0.778 0.458
0.6 0.433
0.576 0.475
0.389 0.273
0.68 0.493
0.579 0.273
0.0 0.433
0.771 0.523
0.768 0.521
0.698 0.549
0.723 0.561
0.685 0.547
0.738 0.49
0.698 0.562
0.742 0.51
0.701 0.532
0.693 0.477
0.731 0.456
0.767 0.499
0.627 0.499
0.766 0.272
0.75 0.434
0.811 0.423
0.792 0.393
0.745 0.42
0.794 0.409
0.754 0.355
0.78 0.377
0.824 0.38
0.756 0.445
0.862 0.455
0.87 0.463
0.863 0.466
0.901 0.453
0.858 0.428
0.838 0.45
0.773 0.407
0.813 0.424
0.833 0.394
0.84 0.407
0.902 0.407
0.902 0.424
0.731 0.476
0.762 0.399
0.771 0.406
0.693 0.398
0.644 0.35
0.839 0.433
0.782 0.409
0.841 0.333
0.667 0.308
0.808 0.378
0.786 0.405
0.833 0.37
1.0 0.358
0.792 0.419
0.804 0.388
0.799 0.416
0.897 0.435
0.804 0.425
0.871 0.411
0.808 0.395
0.78 0.449
0.741 0.451
0.779 0.406
0.778 0.452
0.784 0.476
0.834 0.401
0.815 0.41
0.842 0.462
0.8 0.474
0.811 0.442
0.82 0.43
0.854 0.435
0.805 0.435
0.805 0.41
0.784 0.423
0.703 0.431
0.595 0.432
0.575 0.508
0.667 0.363
0.66 0.472
0.552 0.389
0.519 0.406
0.561 0.476
0.534 0.489
0.53 0.544
0.497 0.439
0.467 0.444
0.594 0.493
0.45 0.408
0.545 0.472
0.507 0.479
0.509 0.473
0.554 0.423
0.619 0.423
0.518 0.524
0.492 0.539
0.538 0.553
0.461 0.474
0.467 0.416
0.524 0.48
0.544 0.438
0.4 0.419
0.37 0.0
0.737 0.418
0.802 0.471
0.803 0.462
0.778 0.464
0.86 0.46
0.86 0.454
0.884 0.441
0.87 0.433
0.871 0.526
0.871 0.425
0.796 0.469
0.851 0.426
0.721 0.426
0.721 0.453
0.813 0.39
0.82 0.436
0.854 0.448
0.81 0.433
0.754 0.462
0.816 0.44
0.712 0.445
0.637 0.492
0.81 0.512
0.682 0.473
0.714 0.449
0.753 0.468
0.84 0.478
0.861 0.431
0.794 0.437
0.846 0.328
0.688 0.531
0.889 0.399
0.773 0.399
0.773 0.32
0.684 0.486
0.714 0.342
0.578 0.53
0.682 0.503
0.66 0.0
0.0 0.57
0.689 0.408
0.551 0.604
0.723 0.587
0.704 0.615
0.711 0.537
0.673 0.48
0.729 0.503
0.583 0.511
0.604 0.511
0.604 0.544
0.578 0.617
0.59 0.25
0.0 0.408
0.686 0.417
0.82 0.404
0.752 0.388
0.733 0.414
0.72 0.399
0.688 0.418
0.761 0.43
0.742 0.331
0.674 0.375
0.552 0.377
0.614 0.468
0.584 0.451
0.589 0.461
0.456 0.4
0.527 0.44
0.611 0.439
0.625 0.349
0.414 0.41
0.681 0.296
0.75 0.395
0.832 0.425
0.85 0.417
0.763 0.385
0.833 0.421
0.746 0.407
0.695 0.65
1.0 0.327
0.811 0.522
0.809 0.552
0.783 0.519
0.853 0.516
0.862 0.507
0.85 0.548
0.625 0.425
0.715 0.361
0.738 0.418
0.711 0.404
0.725 0.42
0.694 0.447
0.76 0.392
0.5 0.356
0.724 0.392
0.829 0.346
0.682 0.457
0.805 0.402
0.733 0.463
0.775 0.468
0.85 0.46
0.78 0.462
0.765 0.445
0.804 0.485
0.817 0.458
0.82 0.355
0.75 0.374
1.0 0.407
0.852 0.385
0.739 0.373
0.81 0.409
0.852 0.39
0.647 0.467
0.766 0.487
0.807 0.455
0.765 0.46
0.768 0.448
0.768 0.45
0.778 0.486
0.714 0.473
0.702 0.421
0.774 0.438
0.738 0.407
0.567 0.44
0.754 0.44
0.754 0.445
0.696 0.44
0.596 0.387
0.771 0.386
0.743 0.387
0.772 0.405
0.729 0.42
0.775 0.456
0.779 0.477
0.823 0.472
0.83 0.441
0.83 0.415
0.813 0.409
0.644 0.399
0.773 0.363
0.769 0.333
0.5 0.333
0.0 0.478
0.583 0.452
0.59 0.714
0.0 0.643
0.0 0.435
0.333 0.455
0.7 0.35
0.5 0.333
0.661 0.475
0.713 0.559
0.733 0.333
0.889 0.575
0.781 0.59
0.805 0.539
0.835 0.557
0.771 0.502
0.792 0.483
0.765 0.577
0.808 0.557
0.739 0.557
0.72 0.557
0.72 0.566
0.4 0.0
0.738 0.328
0.793 0.297
0.571 0.351
0.8 0.366
0.681 0.327
0.759 0.428
0.743 0.402
0.763 0.387
0.5 0.521
0.7 0.514
0.611 0.571
0.732 0.529
0.684 0.524
0.645 0.497
0.564 0.525
0.5 0.581
0.562 0.598
0.615 0.719
0.787 0.472
0.833 0.416
0.75 0.322
0.61 0.468
0.786 0.472
0.667 0.385
0.854 0.15
0.35 0.371
0.633 0.417
0.0 0.508
0.777 0.431
0.796 0.481
0.808 0.476
0.808 0.492
0.786 0.443
0.793 0.458
0.83 0.455
0.838 0.43
0.804 0.449
0.83 0.452
0.848 0.444
0.797 0.444
0.797 0.434
0.829 0.433
0.756 0.402
0.742 0.468
0.803 0.429
0.8 0.45
0.771 0.368
0.611 0.534
0.828 0.0
0.77 0.475
0.797 0.481
0.755 0.476
0.845 0.462
0.822 0.482
0.881 0.425
0.877 0.45
0.796 0.425
0.815 0.43
0.756 0.427
0.795 0.474
0.784 0.474
0.784 0.462
0.839 0.439
0.705 0.411
0.603 0.5
0.681 0.438
0.732 0.423
0.747 0.423
0.743 0.487
0.74 0.47
0.779 0.452
0.742 0.462
0.744 0.438
0.733 0.444
0.779 0.444
0.779 0.381
0.804 0.391
0.821 0.328
0.805 0.438
0.791 0.411
0.672 0.408
0.766 0.428
0.84 0.416
0.75 0.359
0.867 0.377
0.778 0.422
0.771 0.377
0.767 0.373
0.707 0.373
0.707 0.388
0.631 0.381
0.727 0.395
0.683 0.404
0.746 0.41
0.736 0.367
0.912 0.403
0.74 0.404
0.656 0.381
0.4 0.38
0.647 0.5
0.778 0.43
0.701 0.471
0.76 0.505
0.816 0.496
0.785 0.494
0.844 0.487
0.817 0.518
0.797 0.496
0.815 0.487
0.821 0.535
0.798 0.516
0.82 0.46
0.772 0.46
0.772 0.467
0.667 0.429
0.66 0.486
0.815 0.385
0.667 0.389
0.855 0.403
0.821 0.433
0.904 0.428
0.804 0.38
0.84 0.36
1.0 0.447
0.769 0.331
0.789 0.0
0.75 0.417
0.757 0.511
0.832 0.453
0.723 0.376
0.905 0.368
0.833 0.304
0.714 0.424
0.625 0.316
0.0 0.417
0.769 0.437
0.737 0.48
0.754 0.459
0.7 0.43
0.698 0.451
0.721 0.498
0.607 0.491
0.684 0.364
0.739 0.376
1.0 0.378
0.824 0.286
0.602 0.422
0.74 0.526
0.731 0.538
0.683 0.477
0.744 0.507
0.687 0.483
0.769 0.492
0.683 0.444
0.629 0.539
0.723 0.521
0.739 0.46
0.774 0.46
0.774 0.527
0.737 0.446
0.5 0.286
0.629 0.48
0.617 0.524
0.341 0.355
0.333 0.333
0.25 0.524
0.667 0.468
0.57 0.532
0.662 0.511
0.775 0.39
0.703 0.491
0.846 0.333
0.4 0.478
0.839 0.333
0.885 0.4
0.84 0.39
0.64 0.34
0.75 0.5
0.5 0.346
0.728 0.366
0.776 0.424
0.8 0.411
0.667 0.436
0.757 0.435
0.729 0.457
0.833 0.443
0.78 0.471
0.857 0.461
0.719 0.376
0.824 0.386
0.824 0.386
0.667 0.518
0.765 0.54
0.791 0.508
0.789 0.492
0.68 0.467
0.81 0.518
0.753 0.494
0.762 0.512
0.8 0.423
0.814 0.514
0.711 0.507
0.568 0.448
0.703 0.448
0.703 0.377
0.75 0.478
0.786 0.389
0.839 0.421
0.833 0.41
0.845 0.431
0.75 0.445
0.692 0.421
0.804 0.397
0.792 0.418
0.815 0.448
0.835 0.414
0.831 0.437
0.791 0.409
0.752 0.446
0.841 0.414
0.781 0.377
0.714 0.393
0.76 0.373
0.7 0.373
0.7 0.38
0.703 0.475
0.733 0.471
0.734 0.459
0.827 0.455
0.813 0.451
0.782 0.405
0.784 0.358
0.617 0.399
0.773 0.403
0.442 0.507
0.754 0.472
0.75 0.48
0.738 0.476
0.698 0.484
0.712 0.489
0.78 0.503
0.767 0.51
0.759 0.531
0.771 0.565
0.753 0.567
0.75 0.488
0.71 0.488
0.71 0.52
0.731 0.548
0.438 0.273
0.595 0.0
0.0 0.409
0.667 0.489
0.811 0.474
1.0 0.364
0.455 0.437
0.688 0.414
0.645 0.477
0.793 0.434
0.667 0.458
0.728 0.461
0.77 0.467
0.767 0.409
0.838 0.369
1.0 0.396
0.855 0.418
0.851 0.368
0.877 0.437
0.878 0.369
0.839 0.361
0.821 0.422
0.833 0.38
0.833 0.344
0.5 0.456
0.636 0.368
0.848 0.368
0.848 0.408
0.808 0.478
0.697 0.497
0.661 0.523
0.77 0.451
0.741 0.483
0.762 0.528
0.68 0.49
0.749 0.471
0.754 0.446
0.785 0.507
0.788 0.509
0.765 0.515
0.706 0.515
0.706 0.465
0.833 0.401
0.824 0.446
0.848 0.494
0.892 0.488
0.86 0.432
0.81 0.419
0.6 0.25
0.5 0.382
0.792 0.418
0.854 0.43
0.849 0.44
0.914 0.443
0.915 0.438
0.882 0.493
0.796 0.434
0.885 0.432
0.833 0.461
0.859 0.475
0.926 0.487
0.898 0.487
0.898 0.435
0.833 0.464
0.769 0.371
0.682 0.182
0.863 0.422
0.767 0.35
0.767 0.353
0.797 0.388
0.583 0.329
0.708 0.509
0.56 0.454
0.613 0.438
0.554 0.515
0.562 0.49
0.536 0.469
0.557 0.454
0.432 0.0
0.5 0.498
0.653 0.44
0.697 0.434
0.79 0.433
0.741 0.453
0.723 0.391
0.831 0.375
0.772 0.343
0.674 0.418
0.731 0.399
0.644 0.452
0.746 0.451
0.735 0.474
0.786 0.437
0.706 0.497
0.709 0.488
0.65 0.461
0.754 0.499
0.741 0.473
0.757 0.427
0.846 0.454
0.788 0.454
0.788 0.466
0.768 0.534
0.774 0.435
0.688 0.41
0.653 0.453
0.794 0.362
0.688 0.422
0.463 0.363
0.385 0.403
0.6 0.391
0.375 0.353
0.0 0.333
0.667 0.471
0.638 0.515
0.615 0.491
0.6 0.615
0.623 0.577
0.6 0.602
0.582 0.515
0.556 0.489
0.652 0.457
0.611 0.451
0.552 0.449
0.506 0.449
0.506 0.533
0.693 0.427
0.698 0.404
0.608 0.488
0.648 0.439
0.673 0.413
0.709 0.432
0.633 0.392
0.684 0.385
0.645 0.347
0.633 0.448
0.697 0.361
0.823 0.405
0.883 0.418
0.877 0.433
0.805 0.399
0.857 0.403
0.869 0.478
0.907 0.468
0.883 0.44
0.891 0.453
0.848 0.385
0.654 0.426
0.857 0.426
0.75 0.324
0.807 0.527
0.847 0.481
0.817 0.524
0.852 0.458
0.918 0.532
0.889 0.494
0.811 0.467
0.724 0.531
0.749 0.45
0.652 0.433
0.747 0.478
0.762 0.495
0.783 0.491
0.807 0.469
0.758 0.491
0.765 0.476
0.761 0.5
0.758 0.497
0.791 0.521
0.725 0.545
0.733 0.47
0.768 0.47
0.768 0.456
0.793 0.434
0.705 0.411
0.708 0.412
0.75 0.474
0.745 0.45
0.706 0.436
0.719 0.357
0.5 0.328
0.7 0.369
0.0 0.392
0.713 0.436
0.68 0.512
0.843 0.476
0.824 0.482
0.85 0.472
0.884 0.505
0.865 0.508
0.807 0.487
0.807 0.498
0.768 0.488
0.789 0.471
0.739 0.471
0.739 0.545
0.788 0.536
0.786 0.438
0.85 0.424
0.85 0.446
0.855 0.48
0.856 0.467
0.912 0.442
0.894 0.399
0.853 0.426
0.9 0.43
0.882 0.417
0.876 0.397
0.872 0.397
0.872 0.437
0.737 0.471
0.746 0.514
0.784 0.434
0.762 0.482
0.725 0.51
0.605 0.51
0.753 0.469
0.8 0.445
0.717 0.494
0.628 0.495
0.627 0.495
0.627 0.458
0.652 0.461
0.782 0.366
0.536 0.415
0.695 0.412
0.606 0.539
0.62 0.507
0.653 0.46
0.71 0.394
0.649 0.398
0.701 0.417
0.775 0.417
0.821 0.456
0.772 0.402
0.853 0.402
0.853 0.416
0.783 0.409
0.737 0.365
0.75 0.5
0.0 0.4
0.475 0.638
0.306 0.599
0.521 0.626
0.62 0.578
0.551 0.591
0.16 0.534
0.323 0.609
0.111 0.476
0.308 1.0
0.789 0.448
0.829 0.447
0.711 0.416
0.864 0.496
0.739 0.446
0.729 0.464
0.744 0.44
0.762 0.487
0.733 0.445
0.75 0.409
0.811 0.409
0.811 0.509
0.737 0.354
1.0 0.544
0.753 0.457
0.823 0.552
0.766 0.504
0.795 0.571
0.703 0.525
0.699 0.5
0.774 0.502
0.737 0.568
0.721 0.589
0.692 0.566
0.753 0.597
0.71 0.595
0.769 0.556
0.71 0.419
0.692 0.419
0.692 0.459
0.697 0.609
0.575 0.403
0.672 0.415
0.787 0.397
0.741 0.463
0.75 0.517
0.777 0.479
0.77 0.448
0.796 0.466
0.764 0.46
0.753 0.412
0.77 0.426
0.816 0.431
0.791 0.469
0.761 0.469
0.761 0.455
0.755 0.387
0.731 0.4
0.818 0.408
0.752 0.387
0.813 0.421
0.856 0.373
0.716 0.38
0.56 0.419
0.81 0.382
0.5 0.484
0.863 0.422
0.787 0.455
0.864 0.434
0.908 0.455
0.864 0.416
0.861 0.44
0.85 0.442
0.86 0.408
0.843 0.343
0.81 0.437
0.836 0.437
0.757 0.469
0.716 0.492
0.824 0.463
0.824 0.438
0.82 0.403
0.798 0.422
0.833 0.445
0.746 0.438
0.727 0.378
0.8 0.418
0.815 0.418
0.815 0.447
0.721 0.399
0.571 0.503
0.511 0.517
0.5 0.529
0.671 0.531
0.595 0.603
0.586 0.599
0.59 0.572
0.594 0.612
0.592 0.593
0.596 0.573
0.491 0.578
0.492 0.591
0.547 0.593
0.528 0.593
0.528 0.62
0.489 0.633
0.436 0.379
0.523 0.47
0.671 0.483
0.605 0.422
0.792 0.441
0.668 0.527
0.665 0.481
0.752 0.448
0.789 0.501
0.813 0.473
0.744 0.473
0.744 0.41
0.798 0.407
0.743 0.5
0.754 0.447
0.82 0.456
0.721 0.473
0.724 0.443
0.733 0.445
0.693 0.454
0.617 0.451
0.574 0.48
0.652 0.466
0.596 0.466
0.596 0.478
0.614 0.528
0.75 0.533
0.5 0.313
0.875 0.464
0.417 0.474
0.875 0.466
0.474 0.469
0.701 0.439
0.727 0.448
0.686 0.394
0.726 0.332
0.791 0.422
0.75 0.421
1.0 0.356
0.125 0.431
0.563 0.0
0.833 0.341
0.788 0.442
0.556 0.325
0.63 0.499
0.642 0.514
0.681 0.5
0.721 0.497
0.738 0.498
0.68 0.496
0.761 0.492
0.774 0.494
0.77 0.509
0.69 0.481
0.655 0.481
0.655 0.485
0.649 0.499
0.558 0.449
0.548 0.462
0.694 0.386
0.731 0.387
0.725 0.507
0.698 0.526
0.711 0.41
0.754 0.469
0.797 0.502
0.717 0.511
0.746 0.427
0.688 0.463
0.655 0.48
0.847 0.473
0.844 0.456
0.869 0.42
0.867 0.417
0.876 0.436
0.888 0.413
0.894 0.45
0.89 0.43
0.891 0.427
0.881 0.427
0.881 0.372
0.682 0.483
0.779 0.43
0.828 0.469
0.828 0.503
0.887 0.449
0.845 0.446
0.802 0.427
0.807 0.392
0.873 0.394
0.857 0.407
0.667 0.407
0.667 0.368
0.857 0.444
0.766 0.461
0.843 0.467
0.848 0.432
0.807 0.427
0.792 0.399
0.717 0.426
0.803 0.25
0.609 0.415
0.656 0.532
0.593 0.535
0.57 0.561
0.593 0.53
0.562 0.573
0.562 0.533
0.514 0.477
0.5 0.0
0.733 0.403
0.725 0.374
0.692 0.43
0.791 0.306
0.673 0.422
0.76 0.467
0.782 0.391
0.667 0.382
0.81 0.36
0.571 0.441
0.545 0.581
0.688 0.556
0.689 0.393
0.822 0.441
0.81 0.461
0.719 0.446
0.754 0.414
0.706 0.435
0.738 0.407
0.709 0.422
0.762 0.415
0.652 0.417
0.75 0.417
0.75 0.415
0.634 0.346
0.688 0.425
0.719 0.439
0.693 0.457
0.71 0.492
0.588 0.505
0.618 0.477
0.725 0.458
0.63 0.465
0.517 0.419
0.532 0.419
0.498 0.419
0.498 0.364
0.667 0.453
0.735 0.452
0.653 0.508
0.593 0.431
0.719 0.333
0.5 0.39
0.556 0.515
0.789 0.394
0.743 0.371
0.818 0.401
0.743 0.383
0.819 0.413
0.784 0.402
0.733 0.412
0.791 0.362
0.778 0.325
0.333 0.526
0.587 0.4
0.753 0.455
0.78 0.369
0.883 0.463
0.85 0.461
0.82 0.493
0.837 0.5
0.864 0.44
0.709 0.441
0.816 0.438
0.833 0.487
0.853 0.487
0.853 0.434
0.9 0.467
0.535 0.527
0.513 0.476
0.616 0.461
0.598 0.536
0.616 0.572
0.663 0.528
0.667 0.514
0.672 0.478
0.755 0.495
0.681 0.555
0.733 0.555
0.733 0.427
0.64 0.357
0.64 0.394
0.947 0.346
0.885 0.392
0.878 0.454
0.835 0.387
0.921 0.402
0.848 0.402
0.704 0.487
0.851 0.427
0.853 0.413
0.736 0.457
0.833 0.445
0.81 0.458
0.867 0.461
0.618 0.444
0.84 0.435
0.882 0.403
0.736 0.362
0.804 0.433
0.798 0.504
0.714 0.394
0.63 0.459
1.0 0.465
0.882 0.445
0.744 0.488
0.826 0.4
0.333 0.463
0.884 0.423
0.789 0.422
0.816 0.396
0.851 0.374
0.754 0.379
0.81 0.379
0.805 0.457
0.75 0.289
0.944 0.404
0.632 0.341
0.75 0.499
0.822 0.496
0.867 0.511
0.825 0.515
0.815 0.479
0.81 0.486
0.86 0.486
0.858 0.504
0.79 0.504
0.79 0.549
0.845 0.575
0.623 0.5
0.833 0.437
0.612 0.474
0.695 0.471
0.704 0.478
0.744 0.445
0.777 0.38
0.673 0.512
0.685 0.476
0.629 0.553
0.577 0.511
0.587 0.577
0.571 0.52
0.629 0.495
0.442 0.449
0.609 0.451
0.5 0.627
0.344 0.563
0.524 0.563
0.524 0.627
0.48 0.469
0.296 0.558
0.668 0.636
0.695 0.56
0.707 0.57
0.739 0.574
0.66 0.558
0.848 0.521
0.818 0.519
0.908 0.497
0.981 0.482
0.798 0.44
0.854 0.457
0.882 0.491
0.9 0.456
0.825 0.415
0.906 0.415
0.906 0.459
0.875 0.41
0.833 0.425
0.8 0.37
0.901 0.413
0.8 0.2
0.81 0.477
0.8 0.478
0.851 0.527
0.712 0.475
0.763 0.531
0.767 0.451
0.83 0.449
0.753 0.451
0.789 0.433
0.796 0.416
0.773 0.451
0.788 0.445
0.752 0.445
0.752 0.427
0.786 0.443
0.783 0.404
0.725 0.384
0.797 0.413
0.8 0.408
0.805 0.459
0.763 0.425
0.805 0.407
0.806 0.427
0.789 0.395
0.721 0.406
0.8 0.406
0.8 0.406
0.847 0.43
0.825 0.433
0.787 0.488
0.78 0.423
0.722 0.451
0.81 0.432
0.832 0.416
0.772 0.429
0.833 0.463
0.779 0.444
0.82 0.466
0.882 0.436
0.855 0.376
0.8 0.393
0.857 0.401
0.526 0.27
0.25 0.27
0.752 0.467
0.811 0.457
0.83 0.431
0.807 0.447
0.825 0.41
0.718 0.326
0.812 0.495
0.84 0.434
0.844 0.481
0.825 0.52
0.74 0.458
0.933 0.425
0.889 0.586
0.75 0.414
0.806 0.496
0.646 0.405
0.777 0.459
0.803 0.446
0.852 0.447
0.878 0.428
0.848 0.425
0.848 0.416
0.873 0.286
0.625 0.378
0.94 0.401
0.757 0.401
0.784 0.419
0.805 0.344
0.829 0.439
0.662 0.371
0.6 0.273
0.644 0.573
0.618 0.511
0.458 0.372
0.368 0.489
0.545 0.527
0.662 0.429
0.667 0.442
0.625 0.431
0.8 0.478
0.545 0.478
0.545 0.5
0.699 0.437
0.79 0.432
0.815 0.382
0.792 0.437
0.828 0.415
0.375 0.5
0.8 0.454
0.871 0.431
0.867 0.453
0.852 0.481
0.842 0.408
0.85 0.456
0.872 0.452
0.843 0.41
0.839 0.439
0.881 0.439
0.881 0.391
0.893 0.667
0.91 0.398
1.0 0.545
0.786 0.558
0.673 0.595
0.657 0.623
0.638 0.568
0.788 0.576
0.69 0.554
0.727 0.562
0.636 0.574
0.612 0.574
0.612 0.585
0.57 0.576
0.462 0.0
0.5 0.532
0.483 0.571
0.667 0.0
0.704 0.422
0.852 0.472
0.77 0.447
0.7 0.25
0.577 0.6
0.815 0.552
0.819 0.549
0.755 0.545
0.812 0.507
0.787 0.503
0.782 0.519
0.797 0.523
0.78 0.511
0.654 0.511
0.654 0.531
0.763 0.59
0.0 0.397
0.759 0.36
0.333 0.5
0.526 0.538
0.633 0.575
0.532 0.511
0.574 0.492
0.515 0.478
0.547 0.446
0.621 0.448
0.484 0.422
0.577 0.422
0.766 0.5
0.736 0.35
0.69 0.453
0.748 0.393
0.75 0.345
0.609 0.479
0.788 0.459
0.876 0.429
0.695 0.407
0.811 0.381
0.794 0.415
0.869 0.435
0.853 0.398
0.807 0.398
0.807 0.409
0.75 0.434
0.556 0.562
0.647 0.608
0.607 0.587
0.571 0.625
0.765 0.6
0.847 0.437
0.818 0.488
0.851 0.503
0.868 0.493
0.847 0.463
0.878 0.478
0.861 0.481
0.885 0.467
0.855 0.485
0.9 0.485
0.9 0.462
0.896 0.476
0.627 0.516
0.649 0.419
0.736 0.415
0.552 0.535
0.667 0.445
0.536 0.419
0.838 0.436
0.8 0.462
0.714 0.46
0.724 0.444
0.76 0.366
0.645 0.452
1.0 0.39
0.673 0.431
0.684 0.379
0.756 0.405
0.695 0.352
0.744 0.377
0.8 0.325
0.708 0.304
0.692 0.345
0.8 0.345
0.8 0.384
0.756 0.167
0.606 0.479
0.545 0.286
0.0 0.615
0.25 0.333
1.0 0.423
0.478 0.452
0.752 0.434
0.777 0.423
0.786 0.437
0.841 0.436
0.746 0.399
0.818 0.424
0.832 0.433
0.799 0.428
0.835 0.345
0.674 0.345
0.674 0.0
0.308 0.304
0.882 0.391
0.78 0.366
0.9 0.416
0.897 0.361
0.698 0.4
1.0 0.4
0.556 0.549
0.664 0.474
0.753 0.508
0.79 0.582
0.474 0.632
0.622 0.576
0.591 0.505
0.365 0.598
0.42 0.0
0.0 0.0
0.706 0.47
0.82 0.435
0.783 0.447
0.838 0.439
0.815 0.442
0.767 0.385
0.857 0.377
0.551 0.38
0.571 0.414
0.571 0.414
0.571 0.382
0.75 0.0
0.0 0.279
0.667 0.447
0.661 0.524
0.771 0.502
0.704 0.491
0.711 0.482
0.737 0.511
0.721 0.411
0.768 0.406
0.859 0.396
0.705 0.422
0.735 0.0
0.0 0.405
0.813 0.447
0.77 0.423
0.792 0.442
0.848 0.433
0.84 0.264
0.75 0.264
0.704 0.456
0.767 0.507
0.803 0.471
0.849 0.469
0.801 0.439
0.845 0.407
0.843 0.44
0.859 0.45
0.801 0.387
0.834 0.387
0.834 0.414
0.869 0.438
0.615 0.441
0.696 0.424
0.783 0.398
0.79 0.47
0.824 0.406
0.823 0.407
0.812 0.422
0.868 0.4
0.849 0.404
0.861 0.404
0.861 0.408
0.83 0.429
0.747 0.433
0.815 0.462
0.822 0.458
0.806 0.455
0.819 0.458
0.845 0.432
0.788 0.423
0.778 0.439
0.781 0.424
0.713 0.424
0.713 0.452
0.833 0.422
0.5 0.438
0.603 0.413
0.687 0.415
0.747 0.406
0.688 0.125
0.875 0.4
0.606 0.323
0.5 0.349
0.722 0.484
0.762 0.484
0.781 0.495
0.757 0.5
0.791 0.512
0.814 0.484
0.81 0.458
0.822 0.466
0.845 0.466
0.845 0.513
0.858 0.477
0.4 0.5
0.286 0.536
0.442 0.551
0.545 0.454
0.391 0.43
0.427 0.395
0.333 0.5
0.25 0.427
0.471 0.427
0.471 0.358
0.597 0.453
0.629 0.561
0.633 0.354
0.469 0.487
0.0 0.529
0.782 0.445
0.717 0.464
0.808 0.545
0.567 0.489
0.432 0.558
0.646 0.333
0.333 0.462
0.75 0.5
0.667 0.418
0.8 0.442
0.753 0.44
0.844 0.439
0.847 0.4
0.776 0.417
0.824 0.386
0.84 0.45
0.831 0.47
0.774 0.448
0.82 0.432
0.873 0.399
0.844 0.442
0.824 0.454
0.813 0.454
0.813 0.455
0.544 0.548
0.456 0.528
0.376 0.525
0.675 0.558
0.759 0.508
0.702 0.487
0.639 0.48
0.654 0.427
0.56 0.354
0.41 0.2
0.6 0.5
0.449 0.143
0.714 0.349
0.586 0.473
0.821 0.427
0.818 0.425
0.911 0.42
0.808 0.42
0.784 0.364
0.714 0.368
0.75 0.368
0.609 0.403
0.679 0.416
0.758 0.401
0.825 0.418
0.585 0.326
0.605 0.425
0.609 0.367
0.7 0.369
0.6 0.408
0.794 0.5
0.66 0.41
0.71 0.35
0.526 0.2
0.733 0.394
0.923 0.382
0.711 0.461
0.679 0.391
0.584 0.435
0.671 0.392
0.82 0.467
0.854 0.429
0.815 0.407
0.846 0.414
0.89 0.388
0.893 0.398
0.859 0.397
0.819 0.413
0.849 0.368
0.818 0.368
0.818 0.351
0.824 0.363
0.731 0.32
0.727 0.461
0.785 0.453
0.767 0.466
0.753 0.471
0.805 0.455
0.791 0.416
0.814 0.455
0.822 0.455
0.858 0.455
0.858 0.463
0.78 0.455
0.805 0.439
0.718 0.432
0.81 0.391
0.767 0.466
0.694 0.4
0.822 0.351
0.791 0.34
0.774 0.389
0.84 0.396
0.6 0.489
0.671 0.532
0.597 0.558
0.69 0.598
0.681 0.548
0.52 0.614
0.75 0.736
0.625 0.646
0.574 0.646
0.574 0.62
0.661 0.488
0.561 0.429
0.787 0.4
0.55 0.604
0.716 0.443
0.718 0.405
0.661 0.393
0.826 0.0
0.0 0.353
0.796 0.421
0.833 0.449
0.893 0.432
0.698 0.435
0.801 0.397
0.827 0.426
0.765 0.409
0.864 0.401
0.795 0.423
0.813 0.412
0.808 0.412
0.808 0.427
0.811 0.464
0.673 0.504
0.677 0.534
0.699 0.538
0.693 0.531
0.757 0.495
0.792 0.49
0.742 0.461
0.731 0.476
0.757 0.476
0.757 0.47
0.757 0.442
0.333 0.362
0.483 0.412
1.0 0.561
1.0 0.48
0.75 0.444
0.913 0.389
0.778 0.522
1.0 0.478
0.846 0.414
0.909 0.411
1.0 0.393
0.0 0.393
0.0 0.444
1.0 0.286
0.647 0.552
0.6 0.536
0.55 0.533
0.835 0.476
0.816 0.426
0.834 0.434
0.789 0.399
0.779 0.433
0.736 0.572
0.71 0.524
0.689 0.429
0.587 0.496
0.676 0.424
0.867 0.408
0.81 0.357
1.0 0.363
0.9 0.444
0.794 0.391
0.871 0.439
0.86 0.441
0.875 0.425
0.911 0.434
0.9 0.455
0.915 0.477
0.901 0.477
0.901 0.48
0.888 0.445
0.0 0.364
1.0 0.286
0.808 0.352
0.658 0.392
0.792 0.476
0.647 0.492
0.611 0.505
0.642 0.508
0.621 0.475
0.568 0.448
0.597 0.484
0.645 0.403
0.627 0.426
0.397 0.426
0.397 0.454
0.58 0.408
0.838 0.454
0.753 0.48
0.824 0.473
0.78 0.4
0.511 0.428
0.721 0.426
0.836 0.44
0.674 0.471
0.747 0.432
0.884 0.481
0.826 0.415
0.768 0.418
0.776 0.418
0.776 0.505
0.626 0.441
0.586 0.458
0.471 0.667
0.485 0.286
0.0 0.44
0.624 0.563
0.665 0.562
0.677 0.569
0.635 0.553
0.735 0.504
0.606 0.423
0.741 0.451
0.783 0.462
0.686 0.471
0.787 0.367
0.759 0.353
0.714 0.45
0.365 0.448
0.847 0.379
0.787 0.235
0.333 0.384
0.55 0.427
0.717 0.286
0.764 0.434
0.676 0.446
0.73 0.521
0.765 0.468
0.773 0.478
0.782 0.437
0.817 0.465
0.735 0.498
0.847 0.471
0.798 0.439
0.857 0.459
0.815 0.424
0.843 0.424
0.843 0.443
0.84 0.44
0.968 0.333
0.667 0.407
0.592 0.483
0.652 0.478
0.717 0.535
0.644 0.559
0.69 0.515
0.607 0.375
0.5 0.581
0.682 0.581
0.682 0.6
0.75 0.625
0.778 0.442
0.769 0.406
0.835 0.437
0.784 0.417
0.783 0.395
0.839 0.485
0.847 0.423
0.848 0.423
0.848 0.386
0.833 0.429
0.8 0.411
0.737 0.431
0.648 0.395
0.708 0.434
0.692 0.425
0.69 0.481
0.718 0.426
0.743 0.426
0.743 0.384
0.75 0.422
0.857 0.404
0.866 0.432
0.822 0.375
0.63 0.432
0.795 0.479
0.806 0.45
0.807 0.392
0.833 0.462
0.793 0.416
0.724 0.429
0.775 0.429
0.732 0.442
0.817 0.445
0.743 0.444
0.733 0.433
0.861 0.44
0.83 0.45
0.815 0.446
0.859 0.446
0.859 0.422
0.834 0.46
0.825 0.375
0.875 0.32
0.84 0.436
0.8 0.368
0.636 0.305
0.692 0.46
0.643 0.486
0.66 0.442
0.73 0.437
0.696 0.448
0.736 0.421
0.683 0.448
0.718 0.457
0.693 0.459
0.632 0.459
0.737 0.477
0.676 0.459
0.754 0.477
0.743 0.485
0.726 0.468
0.796 0.438
0.655 0.468
0.716 0.468
0.716 0.478
0.735 0.454
0.873 0.476
0.863 0.476
0.9 0.462
0.88 0.496
0.86 0.51
0.905 0.503
0.873 0.51
0.854 0.51
0.854 0.505
0.898 0.537
0.5 0.583
0.333 0.547
0.421 0.44
0.391 0.4
0.0 0.25
0.667 0.567
0.578 0.533
0.68 0.561
0.725 0.555
0.649 0.521
0.652 0.542
0.686 0.566
0.703 0.566
0.703 0.567
0.705 0.579
0.566 0.485
0.576 0.512
0.714 0.566
0.5 0.516
0.532 0.533
0.523 0.443
0.744 0.446
0.788 0.453
0.74 0.449
0.655 0.466
0.662 0.468
0.689 0.465
0.534 0.489
0.727 0.464
0.777 0.456
0.783 0.393
0.647 0.393
0.647 0.405
0.831 0.484
0.731 0.525
0.727 0.551
0.789 0.557
0.798 0.553
0.733 0.543
0.644 0.567
0.682 0.538
0.759 0.538
0.759 0.505
0.798 0.473
0.841 0.382
0.772 0.403
0.798 0.418
0.681 0.378
0.661 0.574
0.813 0.536
0.806 0.502
0.74 0.503
0.799 0.54
0.817 0.517
0.824 0.515
0.82 0.515
0.82 0.556
0.792 0.374
0.817 0.467
0.776 0.435
0.438 0.432
0.725 0.365
0.0 0.396
0.769 0.448
0.736 0.429
0.0 0.422
0.769 0.521
0.5 0.547
0.739 0.475
0.639 0.455
0.765 0.436
0.729 0.528
0.615 0.528
0.615 0.372
0.7 0.373
0.741 0.468
0.85 0.462
0.8 0.407
0.882 0.292
0.0 0.333
0.691 0.556
0.676 0.504
0.744 0.525
0.739 0.508
0.748 0.481
0.751 0.475
0.737 0.445
0.603 0.445
0.603 0.383
0.489 0.49
0.645 0.386
0.828 0.41
0.5 0.307
0.5 0.188
0.668 0.531
0.76 0.514
0.779 0.504
0.738 0.491
0.773 0.472
0.787 0.47
0.728 0.467
0.699 0.467
0.699 0.45
0.726 0.47
0.78 0.445
0.794 0.456
0.717 0.466
0.823 0.428
0.782 0.408
0.839 0.429
0.807 0.374
0.769 0.374
0.769 0.473
0.756 0.38
0.0 0.5
0.814 0.439
0.803 0.405
0.833 0.439
0.866 0.429
0.834 0.406
0.783 0.436
0.836 0.44
0.819 0.44
0.819 0.413
0.829 0.373
0.743 0.446
0.754 0.473
0.725 0.476
0.833 0.43
0.788 0.436
0.793 0.457
0.87 0.468
0.771 0.371
0.742 0.368
0.808 0.418
0.78 0.437
0.784 0.434
0.826 0.434
0.826 0.343
0.872 0.387
0.654 0.412
0.467 0.571
0.6 0.429
0.609 0.417
0.625 0.429
0.675 0.528
0.635 0.466
0.567 0.5
0.61 0.513
0.815 0.444
0.85 0.418
0.8 0.441
0.816 0.403
0.852 0.413
0.82 0.435
0.825 0.366
0.892 0.366
0.892 0.339
0.829 0.43
0.738 0.495
0.735 0.47
0.691 0.541
0.707 0.507
0.771 0.531
0.574 0.454
0.712 0.466
0.655 0.466
0.655 0.514
0.644 0.527
0.714 0.5
0.0 0.444
0.699 0.167
0.845 0.436
0.866 0.43
0.812 0.439
0.877 0.423
0.844 0.438
0.952 0.399
0.854 0.399
0.854 0.427
0.873 0.418
0.667 0.432
0.567 0.497
0.893 0.386
0.779 0.416
0.906 0.376
0.875 0.35
0.838 0.415
0.885 0.399
0.868 0.399
0.868 0.423
0.805 0.377
0.808 0.519
0.843 0.455
0.841 0.451
0.836 0.423
0.848 0.465
0.803 0.4
0.857 0.4
0.857 0.426
0.849 0.403
0.806 0.414
0.831 0.422
0.806 0.424
0.852 0.419
0.836 0.402
0.797 0.426
0.883 0.426
0.883 0.423
0.778 0.344
0.772 0.45
0.8 0.45
0.753 0.445
0.642 0.405
0.746 0.499
0.772 0.434
0.769 0.434
0.769 0.522
0.776 0.532
0.791 0.371
0.767 0.401
0.745 0.399
0.871 0.448
0.792 0.429
0.795 0.454
0.742 0.403
0.774 0.403
0.774 0.41
0.0 0.45
0.417 0.525
0.823 0.445
0.847 0.429
0.769 0.452
0.736 0.435
0.624 0.462
0.805 0.443
0.748 0.505
0.76 0.501
0.774 0.501
0.774 0.477
0.727 0.475
0.839 0.378
0.867 0.37
0.863 0.44
0.963 0.423
0.818 0.414
0.862 0.414
0.871 0.418
0.733 0.581
0.67 0.527
0.748 0.482
0.748 0.494
0.848 0.473
0.768 0.494
0.795 0.494
0.795 0.464
0.829 0.459
0.0 0.467
0.854 0.449
0.742 0.45
0.825 0.45
0.754 0.402
0.842 0.436
0.785 0.411
0.805 0.411
0.805 0.418
0.888 0.406
0.853 0.441
0.643 0.404
0.662 0.406
0.6 0.387
0.737 0.517
0.652 0.542
0.692 0.427
0.286 0.526
0.667 0.495
0.754 0.461
0.745 0.497
0.711 0.448
0.741 0.439
0.77 0.446
0.824 0.446
0.824 0.443
0.807 0.544
0.672 0.554
0.681 0.458
0.673 0.467
0.642 0.562
0.679 0.508
0.517 0.475
0.577 0.475
0.577 0.516
0.781 0.478
0.772 0.453
0.863 0.442
0.778 0.443
0.817 0.442
0.807 0.477
0.79 0.477
0.79 0.441
0.76 0.477
0.0 0.333
0.686 0.3
0.667 0.487
0.0 0.441
0.385 0.605
0.375 0.686
0.452 0.632
0.525 0.643
0.386 0.676
0.428 0.71
0.397 0.71
0.397 0.703
0.43 0.714
0.706 0.468
0.6 0.453
0.558 0.599
0.6 0.581
0.558 0.495
0.645 0.508
0.647 0.508
0.647 0.532
0.548 0.551
0.83 0.436
0.869 0.439
0.792 0.433
0.826 0.464
0.861 0.48
0.884 0.448
0.86 0.448
0.86 0.454
0.839 0.456
0.793 0.499
0.817 0.492
0.787 0.494
0.625 0.521
0.758 0.563
0.817 0.513
0.814 0.513
0.814 0.511
0.787 0.474
0.691 0.588
0.704 0.501
0.74 0.461
0.714 0.534
0.778 0.551
0.818 0.535
0.772 0.535
0.772 0.539
0.795 0.493
0.789 0.45
0.815 0.47
0.85 0.448
0.824 0.352
0.704 0.457
0.821 0.434
0.804 0.434
0.804 0.419
0.822 0.427
0.8 0.368
0.8 0.39
0.7 0.44
0.579 0.381
0.714 0.42
0.738 0.283
0.0 0.283
0.879 0.458
0.809 0.407
0.756 0.408
0.773 0.449
0.82 0.407
0.864 0.422
0.827 0.422
0.827 0.371
0.729 0.48
0.699 0.463
0.707 0.51
0.641 0.401
0.571 0.451
0.687 0.395
0.589 0.395
0.589 0.454
0.526 0.505
0.66 0.508
0.638 0.55
0.583 0.556
0.461 0.575
0.591 0.447
1.0 0.532
0.667 0.532
0.667 0.575
0.5 0.652
0.87 0.468
0.886 0.45
0.897 0.413
0.933 0.441
0.909 0.458
0.828 0.463
0.888 0.463
0.888 0.408
0.744 0.389
0.637 0.605
0.716 0.443
0.801 0.466
0.674 0.47
0.762 0.491
0.689 0.386
0.788 0.489
0.766 0.445
0.858 0.435
0.697 0.423
0.629 0.421
0.755 0.501
0.793 0.667
0.667 0.333
0.6 0.204
0.455 0.204
0.455 0.427
0.643 0.374
0.773 0.477
0.745 0.495
0.753 0.453
0.771 0.445
0.771 0.441
0.821 0.492
0.843 0.492
0.843 0.432
0.825 0.445
0.692 0.472
0.715 0.507
0.605 0.535
0.602 0.502
0.694 0.506
0.579 0.47
0.622 0.47
0.622 0.481
0.5 0.43
0.769 0.45
0.802 0.39
0.745 0.38
0.863 0.42
0.805 0.41
0.783 0.41
0.783 0.386
0.617 0.442
0.733 0.467
0.696 0.517
0.796 0.441
0.705 0.398
0.707 0.364
0.833 0.36
0.375 0.515
0.688 0.444
0.815 0.418
0.78 0.442
0.842 0.457
0.823 0.438
0.8 0.437
0.826 0.426
0.835 0.426
0.835 0.454
0.812 0.425
0.769 0.61
0.9 0.507
0.719 0.493
0.705 0.522
0.556 0.0
0.0 0.393
0.711 0.325
0.687 0.463
0.808 0.422
0.767 0.422
0.841 0.369
0.547 0.501
0.657 0.534
0.613 0.524
0.629 0.534
0.636 0.456
0.667 0.456
0.667 0.412
0.597 0.511
0.678 0.333
0.667 0.565
0.533 0.518
0.77 0.425
0.855 0.442
0.771 0.414
0.762 0.394
0.821 0.433
0.827 0.433
0.827 0.435
0.623 0.333
1.0 0.41
0.875 0.46
0.765 0.47
0.773 0.487
0.702 0.487
0.702 0.389
0.6 0.4
0.672 0.412
0.673 0.403
0.685 0.394
0.537 0.422
0.68 0.489
0.733 0.489
0.733 0.481
0.648 0.47
0.722 0.43
0.574 0.367
0.724 0.44
0.697 0.372
0.647 0.367
0.25 0.367
0.851 0.457
0.871 0.44
0.83 0.471
0.88 0.467
0.857 0.473
0.788 0.473
0.788 0.486
0.858 0.476
0.646 0.462
0.726 0.516
0.652 0.468
0.65 0.464
0.567 0.457
0.617 0.457
0.617 0.451
0.695 0.485
0.885 0.48
0.934 0.49
0.809 0.451
0.9 0.471
0.885 0.487
0.914 0.487
0.914 0.504
0.908 0.468
0.821 0.41
0.759 0.322
0.814 0.433
0.765 0.353
0.6 0.355
0.833 0.355
0.763 0.467
0.813 0.422
0.81 0.445
0.831 0.429
0.824 0.413
0.832 0.413
0.832 0.446
0.85 0.467
0.809 0.416
0.794 0.324
0.846 0.403
0.905 0.384
0.735 0.373
0.615 0.373
0.615 0.411
0.848 0.368
0.871 0.403
0.792 0.404
0.8 0.427
0.907 0.437
0.909 0.412
0.813 0.412
0.813 0.389
0.857 0.416
0.748 0.409
0.771 0.453
0.779 0.478
0.775 0.436
0.771 0.447
0.694 0.447
0.694 0.433
0.796 0.405
0.826 0.365
0.762 0.351
0.5 0.4
0.5 0.376
0.621 0.458
0.783 0.412
0.788 0.41
0.795 0.415
0.705 0.468
0.701 0.468
0.701 0.518
0.667 0.214
0.646 0.466
0.676 0.495
0.622 0.485
0.679 0.479
0.751 0.502
0.717 0.502
0.717 0.526
0.692 0.515
0.667 0.486
0.0 0.442
0.79 0.448
0.848 0.432
0.794 0.436
0.874 0.436
0.874 0.376
0.739 0.392
0.743 0.465
0.779 0.405
0.813 0.432
0.72 0.474
0.681 0.521
0.698 0.521
0.698 0.451
0.808 0.436
0.843 0.491
0.846 0.438
0.851 0.456
0.866 0.44
0.868 0.44
0.868 0.439
0.86 0.44
0.745 0.454
0.785 0.459
0.76 0.447
0.824 0.433
0.761 0.437
0.848 0.437
0.848 0.439
0.767 0.423
0.676 0.491
0.706 0.497
0.638 0.497
0.656 0.549
0.685 0.459
0.738 0.459
0.738 0.506
0.712 0.385
0.756 0.446
0.823 0.432
0.783 0.431
0.752 0.447
0.81 0.446
0.855 0.446
0.855 0.439
0.843 0.454
0.846 0.25
0.5 0.383
0.63 0.543
0.75 0.535
0.661 0.573
0.749 0.536
0.784 0.476
0.836 0.476
0.836 0.479
0.752 0.48
0.684 0.477
0.817 0.39
0.809 0.418
0.808 0.399
0.819 0.373
0.751 0.401
0.839 0.401
0.839 0.368
0.731 0.359
0.729 0.456
0.662 0.45
0.704 0.413
0.597 0.464
0.844 0.589
0.657 0.589
0.657 0.475
0.574 0.479
0.757 0.503
0.764 0.488
0.824 0.461
0.756 0.431
0.798 0.436
0.73 0.436
0.73 0.393
0.686 0.454
0.829 0.449
0.844 0.412
0.86 0.436
0.797 0.441
0.837 0.448
0.752 0.448
0.752 0.388
0.863 0.393
0.722 0.402
0.729 0.359
1.0 0.377
0.726 0.317
0.795 0.425
0.894 0.409
0.906 0.387
0.896 0.463
0.857 0.416
0.906 0.416
0.906 0.35
1.0 0.402
0.571 0.412
0.766 0.485
1.0 0.469
0.842 0.464
0.89 0.381
0.0 0.321
0.5 0.425
0.821 0.385
0.646 0.442
0.8 0.356
0.667 0.339
0.8 0.39
0.79 0.413
0.0 0.372
0.667 0.372
0.711 0.406
0.45 0.431
0.778 0.25
0.717 0.48
0.837 0.438
0.794 0.476
0.757 0.451
0.881 0.438
0.846 0.46
0.862 0.46
0.862 0.439
0.837 0.442
0.7 0.294
0.581 0.425
0.543 0.524
0.65 0.604
0.604 0.565
0.814 0.434
0.788 0.438
0.865 0.429
0.881 0.394
0.804 0.406
0.821 0.406
0.821 0.399
0.848 0.4
0.839 0.469
0.746 0.416
0.725 0.432
0.476 0.556
0.0 0.385
1.0 0.385
0.715 0.374
0.667 0.429
0.587 0.495
0.777 0.472
0.767 0.354
0.731 0.392
0.579 0.438
0.583 0.429
0.65 0.52
0.639 0.432
0.579 0.432
0.0 0.361
0.5 0.524
0.929 0.55
0.6 0.541
0.867 0.478
0.781 0.478
0.781 0.596
0.714 0.523
0.773 0.411
0.754 0.475
0.737 0.474
0.664 0.412
0.712 0.412
0.712 0.416
0.737 0.393
0.778 0.379
0.75 0.413
0.857 0.431
0.503 0.506
0.456 0.541
0.562 0.532
0.619 0.517
0.582 0.517
0.582 0.533
0.545 0.477
0.333 0.41
0.85 0.368
0.769 0.39
0.778 0.479
0.684 0.479
0.684 0.422
0.78 0.402
0.744 0.389
0.636 0.445
0.791 0.477
0.772 0.447
0.8 0.447
0.8 0.453
0.802 0.434
0.673 0.531
0.602 0.491
0.556 0.551
0.618 0.487
0.581 0.487
0.581 0.49
0.67 0.516
0.0 0.273
0.5 0.498
0.795 0.402
0.755 0.438
0.804 0.429
0.79 0.429
0.79 0.447
0.78 0.463
0.687 0.448
0.702 0.465
0.738 0.496
0.726 0.467
0.782 0.467
0.782 0.451
0.718 0.452
0.869 0.4
0.793 0.415
0.811 0.415
0.555 0.513
0.67 0.539
0.617 0.534
0.528 0.601
0.487 0.601
0.487 0.611
0.559 0.528
0.783 0.416
0.657 0.329
0.65 0.527
0.703 0.643
0.5 0.614
0.636 0.527
0.68 0.552
0.828 0.552
0.828 0.542
0.643 0.24
0.595 0.499
0.649 0.482
0.688 0.522
0.669 0.525
0.669 0.525
0.669 0.515
0.709 0.487
0.769 0.46
0.562 0.457
0.642 0.403
0.636 0.488
0.833 0.488
0.678 0.413
0.762 0.44
0.802 0.419
0.807 0.424
0.864 0.367
0.727 0.367
0.727 0.418
0.86 0.461
0.642 0.549
0.521 0.538
0.66 0.528
0.715 0.502
0.728 0.502
0.728 0.499
0.727 0.493
0.731 0.354
0.763 0.4
0.711 0.456
0.832 0.435
0.827 0.413
0.816 0.445
0.812 0.445
0.812 0.433
0.824 0.471
0.786 0.342
0.583 0.2
0.635 0.395
0.612 0.41
0.63 0.417
0.655 0.231
0.583 0.231
0.643 0.371
0.667 0.0
0.0 0.222
0.591 0.465
0.75 0.488
0.789 0.64
0.618 0.397
0.86 0.403
0.875 0.403
0.875 0.371
0.696 0.398
0.706 0.407
0.771 0.425
0.792 0.414
0.804 0.414
0.804 0.404
0.652 0.365
0.824 0.397
0.784 0.367
0.76 0.446
0.798 0.441
0.785 0.446
0.823 0.424
0.795 0.424
0.795 0.412
0.815 0.438
0.622 0.521
0.739 0.486
0.689 0.497
0.657 0.496
0.75 0.496
0.75 0.522
0.74 0.533
0.712 0.526
0.684 0.506
0.769 0.523
0.754 0.555
0.718 0.555
0.718 0.565
0.716 0.515
0.5 0.0
0.808 0.436
0.781 0.412
0.865 0.41
0.895 0.374
0.867 0.374
0.867 0.465
0.855 0.0
0.444 0.364
0.714 0.44
0.702 0.512
0.762 0.46
0.704 0.449
0.788 0.449
0.788 0.414
0.853 0.401
0.763 0.564
0.743 0.52
0.744 0.541
0.747 0.424
0.837 0.424
0.837 0.38
0.0 0.468
0.643 0.364
0.0 0.0
0.706 0.452
0.623 0.428
0.787 0.392
0.808 0.421
0.74 0.421
0.618 0.455
0.701 0.367
0.56 0.457
0.474 0.506
0.618 0.469
0.473 0.5
0.5 0.5
0.71 0.531
0.671 0.461
0.693 0.505
0.871 0.513
0.707 0.513
0.707 0.41
0.826 0.551
0.571 0.383
0.7 0.352
0.429 0.423
0.564 0.39
0.596 0.39
0.596 0.411
0.693 0.439
0.543 0.618
0.691 0.56
0.73 0.523
0.699 0.558
0.75 0.558
0.75 0.523
0.813 0.452
0.786 0.376
0.471 0.46
0.652 0.491
0.711 0.376
0.627 0.376
0.627 0.481
0.784 0.45
0.808 0.446
0.676 0.419
0.74 0.425
0.813 0.429
0.752 0.429
0.752 0.456
0.827 0.426
0.656 0.431
0.754 0.435
0.748 0.399
0.638 0.458
0.778 0.458
0.589 0.354
0.773 0.43
0.821 0.433
0.805 0.421
0.88 0.408
0.758 0.408
0.758 0.326
0.846 0.25
0.766 0.423
0.789 0.441
0.804 0.433
0.805 0.445
0.785 0.445
0.785 0.424
0.791 0.451
0.0 0.444
0.786 0.454
0.717 0.447
0.66 0.472
0.702 0.472
0.702 0.516
0.63 0.458
0.619 0.551
0.4 0.51
0.483 0.451
0.521 0.611
0.517 0.543
0.583 0.543
0.583 0.542
0.628 0.528
0.764 0.463
0.734 0.456
0.727 0.42
0.713 0.457
0.748 0.403
0.822 0.403
0.822 0.41
0.752 0.399
0.768 0.467
0.803 0.397
0.769 0.462
0.834 0.462
0.834 0.454
0.832 0.455
0.776 0.421
0.65 0.414
0.779 0.412
0.716 0.412
0.716 0.405
0.8 0.308
0.667 0.0
0.665 0.552
0.613 0.545
0.65 0.507
0.691 0.507
0.691 0.558
0.613 0.548
0.833 0.421
0.859 0.471
0.905 0.38
0.956 0.38
0.956 0.4
0.917 0.0
0.4 0.418
0.5 0.391
0.784 0.4
0.0 0.4
0.0 0.422
0.615 0.444
0.5 0.463
0.667 0.148
0.815 0.455
0.752 0.464
0.807 0.466
0.788 0.466
0.788 0.469
0.831 0.481
0.7 0.316
0.6 0.273
0.872 0.452
0.855 0.43
0.861 0.468
0.863 0.468
0.863 0.448
0.885 0.473
0.862 0.458
0.839 0.44
0.893 0.434
0.83 0.434
0.83 0.434
0.864 0.419
0.872 0.405
0.72 0.52
0.647 0.464
0.857 0.475
0.823 0.504
0.734 0.504
0.734 0.439
0.764 0.452
0.667 0.544
0.795 0.491
0.73 0.519
0.782 0.519
0.782 0.576
0.797 0.545
0.759 0.407
0.733 0.422
0.802 0.422
0.874 0.422
0.874 0.415
0.852 0.398
0.824 0.382
0.773 0.494
0.825 0.522
0.802 0.479
0.802 0.479
0.802 0.506
0.874 0.485
0.75 0.481
0.462 0.492
0.787 0.443
0.627 0.443
0.627 0.481
0.762 0.48
0.474 0.447
0.5 1.0
0.712 0.46
0.563 0.417
0.865 0.401
0.806 0.401
0.806 0.439
0.738 0.446
1.0 0.396
0.797 0.428
0.765 0.446
0.6 0.446
0.6 0.481
0.629 0.457
0.667 0.388
0.649 0.406
0.654 0.34
0.444 0.34
0.75 0.422
0.564 0.442
0.761 0.434
0.628 0.434
0.628 0.434
0.749 0.418
0.717 0.407
0.732 0.486
0.792 0.465
0.763 0.465
0.763 0.425
0.735 0.457
0.44 0.462
0.529 0.447
0.593 0.396
0.551 0.486
0.729 0.472
0.742 0.462
0.72 0.462
0.72 0.492
0.684 0.338
0.803 0.36
0.799 0.381
0.802 0.356
0.803 0.356
0.803 0.374
0.847 0.402
0.786 0.273
0.798 0.396
0.766 0.378
0.746 0.41
0.672 0.41
0.672 0.374
0.784 0.411
0.682 0.382
0.571 0.373
0.767 0.346
0.8 0.376
0.6 0.408
0.779 0.408
0.779 0.44
0.0 0.62
0.623 0.643
0.4 0.612
0.513 0.612
0.513 0.563
0.714 0.368
0.707 0.457
0.768 0.574
0.594 0.75
0.5 0.75
0.727 1.0
0.75 0.412
0.832 0.44
0.882 0.453
0.85 0.42
0.868 0.42
0.868 0.428
0.871 0.463
0.839 0.5
0.729 0.222
0.5 0.412
0.727 0.412
0.727 0.442
0.857 0.398
0.5 0.5
0.625 0.438
0.0 0.45
0.692 0.45
0.868 0.422
0.841 0.444
0.795 0.463
0.879 0.463
0.879 0.47
0.873 0.468
0.552 0.488
0.608 0.477
0.693 0.547
0.641 0.547
0.641 0.588
0.616 0.6
0.558 0.375
0.667 0.517
0.532 0.5
0.308 0.514
0.529 0.519
0.683 0.507
0.766 0.523
0.752 0.523
0.752 0.51
0.753 0.468
0.789 0.423
0.798 0.393
0.837 0.385
0.827 0.385
0.827 0.427
0.847 0.444
0.697 0.43
0.706 0.427
0.718 0.447
0.684 0.447
0.684 0.45
0.758 0.443
0.774 0.5
0.0 0.6
0.816 0.468
0.66 0.459
0.784 0.459
0.784 0.556
0.735 0.412
0.758 0.399
0.718 0.482
0.72 0.482
0.72 0.466
0.761 0.468
0.769 0.417
0.813 0.425
0.787 0.425
0.787 0.432
0.806 0.443
0.583 0.436
0.905 0.566
0.865 0.566
0.865 0.505
0.764 0.513
0.614 0.429
0.606 0.426
0.6 0.426
0.6 0.441
0.815 0.409
0.786 0.419
0.788 0.427
0.783 0.427
0.783 0.449
0.767 0.482
0.829 0.414
0.814 0.383
0.75 0.383
0.75 0.434
0.682 0.42
0.467 0.405
0.909 0.45
0.0 0.45
0.759 0.47
0.714 0.361
0.733 0.361
0.733 0.333
0.644 0.439
0.754 0.42
0.773 0.42
0.773 0.443
0.82 0.463
1.0 0.286
0.813 0.364
0.538 0.364
0.538 0.343
0.751 0.519
0.791 0.535
0.805 0.535
0.805 0.493
0.758 0.505
0.795 0.418
0.371 0.623
0.418 0.514
0.389 0.514
0.389 0.521
0.355 0.53
0.769 0.419
0.756 0.44
0.728 0.44
0.728 0.462
0.836 0.439
0.667 0.475
0.69 0.49
0.84 0.49
0.5 0.381
0.818 0.407
0.667 0.443
0.66 0.443
0.66 0.49
0.696 0.418
0.57 0.464
0.594 0.399
0.537 0.399
0.537 0.474
0.622 0.503
0.533 0.538
0.514 0.566
0.569 0.566
0.569 0.564
0.59 0.515
0.61 0.478
0.545 0.444
0.87 0.444
0.843 0.381
1.0 0.495
0.842 0.495
0.842 0.444
0.833 0.4
0.719 0.319
0.0 0.0
0.667 0.459
0.667 0.397
0.649 0.397
0.765 0.542
0.605 0.528
0.606 0.528
0.606 0.452
0.664 0.47
0.749 0.473
0.614 0.465
0.701 0.465
0.701 0.541
0.69 0.477
0.297 0.533
0.588 0.394
1.0 0.432
0.797 0.416
0.891 0.416
0.891 0.451
0.727 0.46
0.809 0.451
0.762 0.51
0.938 0.51
0.938 0.448
0.761 0.386
0.844 0.424
0.871 0.434
0.864 0.434
0.864 0.419
0.892 0.444
0.571 0.406
0.528 0.455
0.889 0.455
0.889 0.364
0.844 0.44
0.861 0.467
0.859 0.467
0.859 0.444
0.888 0.45
1.0 0.44
0.806 0.143
0.0 0.143
0.5 0.367
0.709 0.237
0.727 0.237
0.627 0.443
0.604 0.504
0.602 0.504
0.602 0.439
0.642 0.413
0.643 0.421
0.798 0.429
0.825 0.437
0.6 0.437
0.6 0.471
0.785 0.387
0.667 0.501
0.687 0.492
0.772 0.492
0.772 0.476
0.767 0.521
0.75 0.517
0.561 0.535
0.478 0.535
0.478 0.601
0.576 0.478
0.88 0.461
0.917 0.399
0.854 0.399
0.854 0.374
0.546 0.405
0.636 0.409
0.675 0.409
0.675 0.438
0.681 0.442
0.909 0.42
0.94 0.389
0.892 0.389
0.892 0.448
0.894 0.377
0.523 0.481
0.564 0.485
0.528 0.485
0.528 0.447
0.431 0.536
0.714 0.423
0.837 0.41
0.786 0.41
0.786 0.431
0.79 0.437
0.636 0.477
0.681 0.412
0.671 0.412
0.671 0.413
0.768 0.479
0.78 0.444
0.792 0.444
0.792 0.468
0.794 0.288
0.563 0.464
0.72 0.321
0.756 0.397
0.807 0.397
0.0 0.474
0.744 0.474
0.774 0.474
0.774 0.429
0.806 0.447
0.826 0.386
0.769 0.386
0.769 0.389
0.659 0.41
0.746 0.427
0.778 0.439
0.744 0.439
0.744 0.435
0.64 0.319
0.728 0.376
0.553 0.395
0.634 0.395
0.556 0.341
0.563 0.319
0.818 0.418
0.71 0.382
0.717 0.382
0.717 0.427
0.774 0.373
0.789 0.531
0.762 0.572
0.786 0.572
0.786 0.565
0.761 0.557
0.5 0.6
0.746 0.433
0.685 0.396
0.68 0.396
0.68 0.399
0.713 0.424
0.895 0.5
0.724 0.427
0.641 0.403
0.667 0.403
0.667 0.338
0.764 0.538
0.719 0.549
0.823 0.549
0.823 0.476
0.815 0.494
0.581 0.544
0.502 0.544
0.502 0.613
0.582 0.571
0.683 0.491
0.741 0.491
0.741 0.506
0.724 0.521
0.758 0.365
0.715 0.365
0.79 0.42
0.809 0.42
0.809 0.446
0.771 0.414
0.638 0.421
0.641 0.421
0.641 0.296
0.9 0.413
0.2 0.3
0.4 0.3
0.692 0.426
0.632 0.426
0.632 0.32
0.778 0.343
0.667 0.343
0.667 0.439
0.933 0.422
0.903 0.368
0.752 0.368
0.752 0.413
0.817 0.455
0.889 0.45
0.9 0.45
0.611 0.421
0.533 0.421
0.77 0.401
0.696 0.401
0.696 0.42
0.811 0.399
0.724 0.386
0.817 0.386
0.817 0.36
0.833 0.364
0.703 0.396
0.694 0.396
0.694 0.452
0.654 0.366
0.714 0.345
1.0 0.345
1.0 0.441
0.824 0.487
0.0 0.396
0.82 0.396
0.82 0.385
0.791 0.399
0.75 0.412
0.75 0.412
0.75 0.459
0.867 0.468
0.0 0.0
0.0 0.0
0.0 0.455
0.833 0.481
0.0 0.37
0.846 0.37
0.846 0.476
0.556 0.374
0.8 0.483
1.0 0.483
0.642 0.401
0.649 0.401
0.656 0.562
0.531 0.562
0.531 0.559
0.75 0.622
0.792 0.362
0.763 0.362
0.763 0.405
0.864 0.39
0.634 0.506
0.783 0.506
0.783 0.532
0.827 0.502
1.0 0.5
0.0 0.5
0.492 0.604
0.623 0.604
0.623 0.559
0.569 0.661
0.673 0.393
0.735 0.393
0.735 0.417
0.674 0.545
0.75 0.537
0.692 0.537
0.692 0.545
1.0 0.478
0.83 0.478
0.857 0.396
0.824 0.396
0.824 0.447
0.857 0.383
0.938 0.459
0.828 0.459
0.9 0.403
0.763 0.403
0.763 0.405
0.815 0.337
0.832 0.337
0.832 0.369
0.685 0.286
0.455 0.667
1.0 0.667
0.64 0.433
0.782 0.433
0.782 0.442
1.0 0.333
0.727 0.333
0.645 0.507
0.702 0.507
0.702 0.423
0.728 0.497
0.625 0.404
1.0 0.404
0.744 0.438
0.679 0.438
0.679 0.377
0.676 0.436
0.699 0.436
0.699 0.448
0.827 0.48
0.804 0.437
0.813 0.437
0.813 0.429
0.718 0.43
0.667 0.15
0.0 0.15
0.65 0.489
0.717 0.489
0.717 0.465
0.764 0.482
0.59 0.4
1.0 0.4
1.0 0.55
0.88 0.55
0.88 0.5
0.795 0.504
0.78 0.436
0.819 0.436
0.819 0.438
0.83 0.442
0.811 0.475
0.684 0.475
0.684 0.455
0.75 0.512
0.5 0.857
0.375 0.857
0.626 0.573
0.495 0.573
0.495 0.516
0.642 0.536
0.667 0.45
0.734 0.45
0.734 0.473
0.754 0.516
0.644 0.368
0.673 0.368
0.673 0.385
0.818 0.375
1.0 0.375
0.7 0.458
0.479 0.458
0.479 0.496
0.611 0.464
0.674 0.427
0.827 0.427
0.827 0.421
0.791 0.451
0.756 0.429
0.8 0.429
0.8 0.372
0.909 0.455
0.712 0.413
0.708 0.413
0.708 0.397
0.719 0.385
0.712 0.5
0.68 0.5
0.68 0.537
0.729 0.534
0.656 0.351
0.333 0.351
0.73 0.461
0.774 0.461
0.774 0.529
0.754 0.571
0.609 0.407
0.609 0.333
0.481 0.513
0.643 0.348
0.643 0.468
0.747 0.445
0.8 0.214
0.8 0.325
0.0 0.0
0.0 0.5
0.551 0.575
0.551 0.548
0.422 0.51
0.821 0.453
0.821 0.433
0.833 0.445
0.753 0.412
0.825 0.362
0.825 0.394
0.0 0.333
0.0 0.083
0.0 0.375
0.174 0.483
0.174 0.582
0.379 0.643
0.5 0.263
0.0 0.25
0.829 0.448
0.829 0.433
0.804 0.445
0.429 0.409
0.833 0.42
0.833 0.4
0.0 0.167
0.912 0.302
0.912 0.352
0.576 0.444
0.6 0.367
0.667 0.345
0.75 0.355
0.75 0.3
0.84 0.409
0.84 0.478
0.735 0.455
0.714 0.361
0.714 0.449
0.735 0.433
0.625 0.349
0.476 0.344
0.476 0.419
0.716 0.403
0.808 0.399
0.808 0.393
0.754 0.38
0.721 0.447
0.721 0.473
0.668 0.454
0.5 0.421
0.591 0.352
0.591 0.419
0.658 0.463
0.833 0.377
0.833 0.385
0.8 0.574
0.8 0.465
0.752 0.5
0.861 0.323
0.861 0.355
0.745 0.304
0.745 0.469
0.82 0.502
0.6 0.4
0.6 0.25
0.0 0.425
0.763 0.414
0.763 0.42
0.86 0.408
0.75 0.415
0.75 0.426
0.722 0.452
0.574 0.449
0.574 0.409
1.0 0.269
0.68 0.347
0.681 0.419
0.681 0.486
0.797 0.433
1.0 0.35
1.0 0.456
0.896 0.415
1.0 0.25
0.643 0.404
0.643 0.513
0.899 0.44
0.842 0.422
0.842 0.452
0.793 0.459
0.0 0.0
0.313 0.318
0.313 0.296
0.56 0.545
0.56 0.536
0.531 0.53
0.752 0.396
0.752 0.403
0.8 0.456
0.667 0.402
0.667 0.452
0.857 0.447
0.625 0.533
0.625 0.478
1.0 0.273
0.674 0.34
0.674 0.282
0.722 0.143
0.803 0.405
0.803 0.407
0.807 0.413
0.0 1.0
0.0 0.5
0.786 0.382
0.786 0.338
0.733 0.399
0.609 0.462
0.609 0.521
0.59 0.595
0.5 0.25
0.5 0.636
0.533 0.66
0.636 0.446
0.636 0.417
0.616 0.507
0.444 0.367
0.444 0.411
0.675 0.5
0.722 0.35
0.722 0.364
0.697 0.49
0.697 0.493
0.768 0.49
0.652 0.414
0.652 0.366
0.654 0.426
0.551 0.425
0.551 0.436
0.589 0.471
0.758 0.463
0.758 0.493
0.739 0.515
0.0 0.333
0.0 0.429
0.715 0.488
0.696 0.452
0.696 0.403
1.0 0.352
0.67 0.422
0.67 0.442
0.646 0.367
0.646 0.348
0.777 0.359
0.923 0.32
0.923 0.318
0.859 0.365
0.859 0.385
0.771 0.396
0.5 0.333
0.536 0.568
0.536 0.6
0.5 1.0
0.692 0.395
0.692 0.421
0.745 0.481
0.737 0.528
0.737 0.501
0.703 0.495
0.0 0.0
0.769 0.402
0.783 0.452
0.783 0.455
0.76 0.437
0.76 0.459
0.761 0.452
1.0 0.421
1.0 0.394
0.75 0.258
0.552 0.353
0.552 0.306
0.25 0.431
0.825 0.425
0.81 0.44
0.8 0.424
0.727 0.424
0.84 0.423
0.85 0.36
0.648 0.53
0.0 0.442
1.0 0.514
0.0 0.473
1.0 0.316
0.714 0.579
0.78 0.425
0.522 0.652
0.417 0.0
0.907 0.355
0.725 0.373
0.712 0.434
0.689 0.558
0.931 0.368
0.0 0.545
0.857 0.0
0.784 0.353
0.811 0.578
0.718 0.414
0.73 0.399
0.0 0.523
0.695 0.362
0.763 0.545
0.726 0.384
0.634 0.461
0.478 0.5
0.75 0.387
0.587 0.642
0.5 0.441
0.67 0.377
0.681 0.526
0.743 0.451
0.686 0.514
0.633 0.421
0.727 0.2
0.792 0.332
0.727 0.488
0.838 0.45
0.811 0.449
0.545 0.568
0.667 0.394
0.8 0.367
0.737 0.405
0.75 0.42
0.375 0.8
0.765 0.556
0.811 0.542
0.727 0.511
0.8 0.365
0.75 0.417
0.643 0.517
0.684 0.356
0.619 0.522
0.743 0.422
0.8 0.361
