0.583 0.0
0.727 0.0
0.834 0.3
0.801 0.3
0.841 0.1
0.869 0.3
0.866 0.1
0.784 0.0
0.726 0.0
0.82 0.1
0.81 0.3
0.888 3.3
0.873 2.6
0.916 2.6
0.904 2.7
0.883 3.4
0.903 3.0
0.903 2.5
0.907 2.5
0.952 1.8
0.913 2.1
0.881 2.3
0.915 1.8
0.886 1.6
0.692 0.5
0.621 1.1
0.685 2.0
0.769 1.7
0.74 1.6
0.692 2.3
0.734 1.9
0.715 1.5
0.75 1.1
0.631 0.0
0.638 0.0
0.851 1.2
0.856 1.5
0.859 1.5
0.824 1.2
0.805 0.9
0.838 1.1
0.877 0.7
0.831 0.1
0.742 0.0
0.789 0.0
0.729 0.1
0.0 0.9
0.734 0.5
0.692 0.6
0.732 0.5
0.764 0.1
0.818 0.1
0.657 0.8
0.884 1.7
0.888 1.0
0.878 1.7
0.854 0.4
0.853 0.2
0.786 0.9
0.785 0.5
0.692 1.7
0.692 1.3
0.816 1.3
0.753 2.1
0.803 1.4
0.791 1.5
0.81 1.0
0.444 0.5
0.938 0.6
0.655 0.0
0.762 0.0
0.75 0.0
0.791 0.0
0.74 0.0
0.7 0.0
0.778 0.2
0.464 0.0
0.586 0.0
0.723 0.0
0.633 0.0
0.673 0.0
0.726 0.0
0.529 0.0
0.0 0.1
0.85 0.8
0.816 2.0
0.846 1.6
0.795 1.9
0.827 1.2
0.837 1.1
0.661 1.7
0.88 1.5
0.95 0.9
0.877 1.5
0.931 1.1
0.86 0.9
0.845 1.0
0.873 0.6
0.638 0.0
0.677 0.0
0.746 0.0
0.742 0.0
0.723 0.0
0.664 0.0
0.0 0.2
0.75 0.3
0.676 0.8
0.786 0.9
0.747 2.5
0.788 2.6
0.776 2.3
0.868 1.7
0.853 2.0
1.0 1.0
0.892 1.0
0.735 0.6
0.773 0.4
0.714 0.4
0.83 0.1
0.5 0.0
0.827 0.3
0.897 0.5
0.854 0.0
0.87 0.3
0.761 0.6
0.803 1.0
0.861 1.8
0.815 1.6
0.775 2.3
0.849 2.1
0.83 1.9
0.78 2.1
0.789 1.6
0.861 1.9
0.629 0.7
0.842 1.5
0.885 2.0
0.878 1.7
0.878 2.1
0.898 2.3
0.894 1.6
0.883 1.8
0.918 2.1
0.913 2.2
0.91 2.0
0.916 2.4
0.895 1.5
0.938 0.7
0.697 0.4
0.614 0.0
0.644 0.0
0.571 0.0
0.697 0.0
0.811 0.0
0.727 0.0
0.719 0.0
0.713 0.0
0.757 0.1
0.754 0.2
0.638 0.6
0.679 0.0
0.958 0.0
0.723 0.0
0.798 0.0
0.813 0.0
0.556 0.0
0.6 0.0
0.6 0.0
0.825 0.0
0.609 0.9
0.479 1.2
0.404 0.9
0.579 1.2
0.634 1.3
0.607 1.1
0.589 1.1
0.652 0.5
0.614 0.0
0.75 0.0
0.659 0.0
0.833 0.0
0.667 0.0
0.0 0.0
0.824 0.2
0.77 0.4
0.865 0.7
0.877 0.7
0.921 1.0
0.874 1.4
0.898 0.4
0.787 0.0
0.922 0.0
0.806 0.0
0.837 0.0
0.708 0.0
0.742 0.0
0.685 0.0
0.773 0.0
0.752 0.0
0.775 0.0
0.761 0.0
0.787 0.0
0.676 0.0
0.738 0.0
0.78 0.0
0.733 0.0
0.71 0.0
0.649 0.0
0.522 0.0
0.522 0.0
0.871 0.1
0.647 0.0
0.8 0.1
0.852 0.0
0.858 0.0
0.836 0.0
0.854 0.0
0.864 0.0
0.827 0.0
0.787 0.0
0.575 0.0
0.0 0.0
0.533 0.1
0.707 0.2
0.833 0.3
0.871 0.6
0.77 0.2
0.853 0.4
0.829 1.5
0.843 1.1
0.852 2.0
0.816 2.3
0.85 1.8
0.868 1.8
0.84 1.4
0.856 1.4
0.811 1.4
0.828 1.5
0.845 1.7
0.839 0.5
0.857 1.5
0.813 1.5
0.813 2.0
0.6 0.0
0.75 0.0
0.728 0.1
0.69 0.2
0.802 0.2
0.741 0.7
0.778 1.2
0.782 0.4
0.794 0.5
0.864 0.2
0.75 0.3
0.828 0.3
0.714 0.5
0.673 0.0
0.628 0.0
0.667 0.0
0.626 0.1
0.66 0.0
0.721 0.0
0.723 0.0
0.712 0.0
0.729 0.1
0.708 0.0
0.725 0.0
0.639 0.0
0.614 0.0
0.453 0.0
0.709 0.0
0.797 0.0
0.801 0.0
0.685 0.0
0.611 0.4
1.0 0.0
1.0 0.7
0.878 0.8
0.873 0.4
0.704 0.6
0.926 0.7
0.684 0.5
0.857 0.1
0.944 0.8
0.944 0.2
0.631 0.0
0.528 0.0
0.66 0.0
0.0 0.0
0.686 0.1
0.727 0.0
0.0 0.6
0.753 0.3
0.731 0.3
0.846 0.4
1.0 0.2
0.765 2.0
0.798 1.0
0.806 1.3
0.806 1.6
0.798 1.6
0.799 1.9
0.802 1.3
0.816 1.9
0.817 1.6
0.84 1.6
0.74 1.2
0.826 2.0
0.816 1.8
0.821 1.0
0.789 1.0
0.789 1.0
0.833 1.5
0.858 1.0
0.86 0.8
0.861 0.9
0.873 0.5
0.865 0.9
0.863 0.6
0.879 0.4
0.649 0.0
0.582 0.0
0.532 0.0
0.676 0.0
0.783 0.0
0.743 0.0
0.5 0.0
0.687 0.1
0.58 0.0
0.61 0.0
0.649 0.0
0.845 0.5
0.817 0.1
0.897 1.1
0.851 0.9
0.81 0.6
0.86 0.3
0.897 0.0
0.667 0.1
0.592 0.0
0.674 0.0
0.656 0.0
0.708 0.1
0.889 0.1
0.75 0.0
0.5 0.0
0.75 0.1
0.685 0.5
0.815 0.3
0.784 0.2
0.754 0.0
0.857 0.1
0.892 0.2
0.833 0.0
0.708 0.0
0.75 0.0
1.0 0.1
0.788 0.1
0.819 0.0
0.733 0.2
0.875 0.8
0.794 1.1
0.769 1.1
0.806 2.1
0.833 2.6
0.843 1.3
0.826 1.7
0.838 2.2
0.864 2.2
0.872 2.1
0.857 1.6
0.854 1.3
0.927 2.0
0.871 2.3
0.866 1.9
0.901 1.9
0.901 1.5
0.904 1.4
0.866 0.6
0.851 0.6
0.815 0.7
0.894 0.6
0.883 1.1
0.882 0.4
0.865 0.5
0.906 0.4
0.895 0.8
0.864 0.3
0.681 0.2
0.843 0.8
0.849 0.1
0.791 0.2
0.8 0.0
0.845 0.0
0.532 0.0
0.645 0.0
0.698 0.0
0.654 0.0
0.605 0.0
0.591 0.0
0.623 0.0
0.575 0.0
0.638 0.0
0.604 0.0
0.545 0.0
0.776 0.7
0.752 0.3
0.855 0.6
0.842 0.7
0.816 0.3
0.845 0.2
0.832 0.2
0.776 0.3
0.754 0.0
0.818 0.0
0.771 0.0
0.765 0.0
0.757 0.0
0.677 2.1
0.58 2.0
0.71 2.8
0.673 2.6
0.761 1.9
0.675 1.3
0.745 2.1
0.75 1.5
0.757 1.1
0.821 1.4
0.771 0.9
0.632 0.0
0.708 0.0
0.633 0.0
0.613 0.0
0.606 0.0
0.533 0.0
0.818 1.0
0.889 0.3
0.871 1.1
0.762 0.3
0.833 0.0
0.875 0.1
0.79 0.9
0.748 0.7
0.718 0.7
0.815 0.9
0.797 1.5
0.839 1.6
0.787 1.0
0.861 0.4
0.573 0.0
0.56 0.0
0.644 0.0
0.815 0.0
0.932 0.0
0.787 1.1
0.804 1.8
0.782 0.6
0.841 1.3
0.757 0.8
0.571 0.0
0.763 2.0
0.833 0.7
0.691 0.0
0.615 0.1
0.713 0.0
0.654 0.0
0.847 0.0
0.826 0.0
0.783 0.0
0.865 0.0
0.61 0.0
0.8 0.0
0.878 0.0
0.698 0.3
0.833 0.9
0.772 0.1
0.83 0.3
0.78 0.3
0.835 0.5
0.809 0.3
0.845 1.3
0.825 1.1
0.77 1.0
0.83 0.6
0.742 0.7
0.737 0.5
0.793 0.2
0.0 0.1
0.389 0.0
0.533 0.0
0.618 0.0
0.799 0.1
0.71 0.0
0.599 0.0
0.67 0.0
0.629 0.0
0.637 0.0
0.73 0.0
0.692 0.0
0.725 0.0
0.716 0.0
0.695 0.0
0.817 0.0
0.731 0.0
0.74 0.0
0.74 0.0
0.825 0.4
0.796 1.6
0.848 0.8
0.854 0.4
0.795 0.4
0.698 0.0
0.79 0.6
0.631 0.5
0.657 0.0
0.606 0.0
0.685 0.0
0.733 0.9
0.944 0.3
0.775 1.1
0.837 1.7
0.861 2.1
0.85 1.8
0.831 1.4
0.852 1.3
0.918 1.6
0.8 1.6
0.823 0.7
0.806 2.1
0.847 1.0
0.8 0.6
0.797 1.5
0.862 1.4
0.833 0.6
0.853 1.4
0.883 1.5
0.846 1.0
0.856 0.8
0.806 0.6
0.851 0.9
0.921 1.1
0.727 0.1
0.668 0.0
0.657 0.0
0.75 0.0
0.68 0.3
0.778 0.0
0.795 0.0
0.655 0.0
0.815 0.0
0.88 0.0
0.767 0.0
0.714 0.0
0.75 0.0
0.516 0.0
0.61 0.0
0.54 0.0
0.669 0.0
0.634 0.0
0.604 0.0
0.639 0.0
0.593 0.0
0.658 0.0
0.556 0.0
0.563 0.1
0.779 0.8
0.824 1.4
0.754 0.4
0.441 0.0
0.398 0.0
0.673 0.0
0.543 0.0
0.556 0.0
0.612 0.0
0.44 0.0
0.471 0.0
0.817 1.2
0.773 1.0
0.8 0.9
0.775 0.5
0.823 0.4
0.787 1.0
0.829 0.4
0.623 0.0
0.607 0.0
0.764 0.5
0.801 0.2
0.751 0.1
0.791 0.1
0.811 0.1
0.81 0.2
0.835 0.0
0.801 0.0
0.841 0.0
0.837 0.0
0.862 0.1
0.857 0.0
0.786 0.0
0.809 0.0
0.8 0.0
0.8 0.0
0.692 0.0
0.867 2.1
0.836 2.0
0.83 0.0
0.0 0.7
0.879 0.9
0.811 0.3
0.889 0.3
0.684 0.0
0.685 0.0
0.709 0.8
0.675 0.7
0.79 0.8
0.76 1.4
0.75 0.7
0.674 0.9
0.75 0.4
0.706 0.5
0.773 1.1
0.8 0.3
0.722 0.1
0.677 0.2
0.764 0.2
0.735 0.2
0.681 0.5
0.757 0.7
0.784 0.6
0.769 0.1
0.571 0.0
0.797 0.0
0.849 0.0
0.771 0.0
0.782 0.0
0.722 0.0
0.775 0.0
0.721 0.0
0.0 0.0
0.75 0.3
0.837 0.1
0.844 0.1
0.0 0.0
0.75 0.0
0.774 0.0
0.789 0.0
0.792 0.1
0.757 0.0
1.0 0.0
0.714 0.2
0.833 1.0
0.815 0.0
0.592 0.0
0.504 0.0
0.481 0.0
0.6 0.0
0.868 0.3
0.89 0.4
0.833 0.2
0.868 0.5
0.858 0.7
0.845 0.6
0.861 0.9
0.833 1.0
0.848 0.9
0.846 1.0
0.849 0.6
0.784 0.3
0.625 0.0
0.652 0.0
1.0 0.0
0.698 0.0
0.604 0.0
0.636 0.3
0.81 0.4
0.794 0.4
0.804 0.4
0.739 0.0
0.801 1.8
0.794 1.1
0.812 0.3
0.743 0.8
0.792 0.3
0.688 0.1
0.778 0.2
0.725 0.2
0.767 0.0
0.712 0.0
0.656 0.0
0.799 0.2
0.77 0.3
0.734 0.2
0.672 0.9
0.694 1.6
0.694 1.9
0.774 2.3
0.793 1.9
0.757 1.6
0.735 1.6
0.676 0.8
0.75 1.0
0.763 0.0
0.709 0.0
0.82 0.0
0.744 0.0
0.718 0.0
0.626 0.0
0.773 0.0
0.77 0.6
0.842 0.6
0.804 0.6
0.846 0.3
0.0 0.0
0.833 0.0
0.5 0.0
0.375 0.0
0.6 0.0
0.67 0.0
0.735 0.0
0.638 0.0
0.533 0.0
0.638 0.0
0.667 0.0
0.539 0.0
0.673 0.0
0.652 0.2
0.615 0.0
0.863 0.0
0.63 0.0
0.65 0.0
0.675 0.0
0.866 0.3
0.84 0.1
0.82 1.0
0.845 0.9
0.711 0.9
0.783 0.6
0.769 0.5
0.645 0.7
0.789 0.8
0.647 0.7
0.594 0.4
0.686 0.8
0.857 0.7
0.861 0.9
0.8 0.6
0.852 1.5
0.805 1.3
0.917 1.5
0.917 1.9
0.792 1.2
0.923 1.2
0.909 1.8
0.87 2.2
0.919 1.7
0.913 1.6
0.773 0.0
0.761 0.0
0.803 0.0
0.809 0.0
0.843 0.0
0.806 0.0
0.824 0.0
0.786 0.0
0.676 0.0
0.786 0.0
0.829 0.0
0.8 0.0
0.817 0.8
0.876 1.2
0.9 1.1
0.818 1.1
0.778 1.1
0.923 0.8
0.813 0.4
0.766 0.2
0.737 0.4
0.731 1.3
0.797 1.0
0.777 0.8
0.756 1.1
0.676 1.0
0.798 1.4
0.807 1.0
0.802 1.0
0.5 1.2
0.723 0.4
0.625 0.3
0.793 0.4
0.5 0.7
0.909 0.3
0.778 0.6
0.6 0.1
0.679 0.0
0.754 0.0
0.781 0.0
0.746 0.0
0.799 0.0
0.834 0.0
0.807 0.0
0.802 0.2
0.799 0.2
0.743 0.0
0.814 1.3
0.812 1.0
0.774 1.2
0.745 1.4
0.835 1.0
0.814 1.0
0.795 1.2
0.809 0.5
0.781 0.3
0.739 1.0
0.81 1.5
0.846 1.6
0.752 1.3
0.862 1.8
0.733 1.0
0.774 1.1
0.79 0.8
0.0 0.8
0.822 0.7
0.862 0.5
0.855 2.0
0.843 1.9
0.931 0.5
0.802 0.0
0.825 0.0
0.765 0.0
0.79 0.0
0.828 0.0
0.805 0.0
0.785 1.0
0.791 0.3
0.763 0.2
0.719 0.4
0.706 1.2
0.76 1.8
0.785 2.0
0.83 1.4
0.786 1.3
0.813 2.5
0.832 1.7
0.826 1.6
0.779 1.8
0.816 1.0
0.825 0.8
0.7 0.1
0.857 0.0
0.715 0.8
0.734 0.8
0.789 0.2
0.748 1.0
0.76 1.8
0.731 2.0
0.736 1.5
0.76 1.4
0.754 1.3
0.647 1.6
0.731 1.4
0.683 1.1
0.691 0.4
0.697 0.1
0.64 0.2
0.689 0.6
0.798 0.7
0.752 0.7
0.752 0.4
0.754 0.6
0.814 0.7
0.753 0.4
0.683 0.0
0.742 0.0
0.769 0.0
0.736 1.2
0.538 0.0
0.455 0.0
0.682 0.0
0.607 0.0
0.64 0.0
0.712 1.0
0.729 0.9
0.741 1.2
0.764 2.7
0.791 1.7
0.64 1.5
0.682 1.7
0.714 0.6
0.844 1.8
0.837 2.1
0.822 2.2
0.835 1.8
0.806 1.8
0.781 1.2
0.787 0.7
0.755 0.6
0.662 1.4
0.687 0.3
0.609 1.3
0.733 1.5
0.727 0.6
0.745 0.1
0.815 0.0
0.455 0.0
0.771 0.0
0.794 0.0
0.933 0.4
0.975 0.7
0.814 1.4
0.814 1.6
0.841 1.4
0.827 2.0
0.74 1.7
0.795 1.6
0.778 1.5
0.818 1.6
0.819 2.2
0.808 1.7
0.87 1.6
0.786 1.5
0.818 0.0
0.757 0.0
0.541 0.0
0.754 0.0
0.852 0.0
0.803 0.0
0.805 0.0
0.873 0.0
0.5 0.0
0.762 0.0
0.631 0.9
0.712 1.5
0.706 0.7
0.729 0.8
0.721 0.7
0.833 0.0
0.868 0.0
0.833 0.1
0.8 0.0
0.698 1.3
0.695 0.7
0.682 0.5
0.769 1.0
0.811 1.4
0.68 0.1
0.769 0.0
0.895 0.6
0.552 0.0
0.727 0.2
0.6 0.2
0.797 1.3
0.783 1.5
0.804 1.5
0.791 1.3
0.625 1.0
0.714 0.1
0.826 1.7
0.81 1.0
0.82 1.8
0.763 2.4
0.777 1.8
0.818 2.5
0.841 2.8
0.838 2.8
0.836 2.3
0.806 1.5
0.802 0.6
0.838 0.9
0.622 0.8
0.0 0.1
0.909 0.0
1.0 0.0
0.667 0.3
0.882 0.0
0.0 0.0
0.0 0.0
0.529 0.1
0.713 0.0
0.699 0.0
0.699 0.2
0.792 0.9
0.762 0.8
0.875 1.1
0.771 0.8
0.861 1.1
0.855 1.0
0.883 0.8
0.781 0.6
0.719 0.0
0.625 0.3
0.554 0.6
0.667 0.3
0.636 0.0
0.671 0.0
0.703 0.0
0.648 0.0
0.59 0.0
0.483 0.0
0.5 0.0
0.426 0.0
0.517 0.0
0.25 0.0
0.774 0.7
0.801 1.0
0.802 1.0
0.848 0.8
0.857 0.8
0.828 0.2
0.82 1.1
0.812 0.5
0.824 0.2
0.835 0.4
0.834 0.8
0.856 0.3
0.655 0.0
0.73 0.0
0.717 0.0
0.751 0.0
0.602 0.0
0.535 0.0
0.541 0.0
0.455 0.0
0.483 0.0
0.356 0.0
0.5 0.0
0.818 1.2
0.793 0.1
0.797 0.0
0.763 0.0
0.729 0.0
0.667 0.2
0.79 0.9
0.781 1.1
0.803 1.1
0.817 1.4
0.834 0.6
0.755 1.7
0.769 1.2
0.716 0.3
0.81 0.6
0.845 1.7
0.851 1.1
0.851 1.4
0.833 1.2
0.809 1.0
0.81 1.0
0.707 0.1
0.796 0.0
0.755 0.1
0.768 0.3
0.796 0.3
0.782 0.8
0.785 0.2
0.765 0.2
0.751 0.2
0.708 0.4
0.756 1.6
0.736 2.3
0.791 1.6
0.748 1.2
0.663 0.6
0.864 1.0
0.886 0.0
0.63 0.2
0.678 0.1
0.653 0.1
0.684 0.0
0.646 0.1
0.712 0.0
0.25 0.0
0.58 0.2
0.604 0.1
0.557 0.0
0.583 0.1
0.37 0.0
0.425 0.0
0.579 0.0
1.0 0.0
0.766 1.0
0.876 1.5
0.848 1.0
0.781 0.0
0.697 0.0
0.736 0.2
0.848 0.3
0.749 0.1
0.769 0.0
0.802 0.0
0.682 0.0
0.663 0.0
0.659 0.0
0.541 0.0
0.7 0.0
0.718 0.0
0.774 0.0
0.683 0.0
0.786 0.7
0.684 1.1
0.622 1.8
0.756 0.8
0.517 0.3
0.84 0.9
0.441 0.0
0.25 0.0
0.548 0.0
0.0 0.0
0.7 0.0
0.733 1.4
0.748 2.3
0.793 2.6
0.796 1.8
0.774 1.6
0.747 1.8
0.707 1.3
0.684 1.3
0.801 0.5
0.746 0.4
0.698 0.3
0.807 0.9
0.836 0.1
0.746 0.7
0.797 1.2
0.813 0.1
0.69 0.0
0.688 0.1
0.778 0.1
0.768 1.1
0.787 0.5
0.836 1.0
0.757 0.3
0.625 0.0
0.5 0.0
0.583 0.0
0.661 0.0
0.721 0.0
0.767 0.0
0.821 0.0
0.0 0.1
0.825 0.3
0.798 0.0
0.802 0.1
0.765 0.0
0.794 0.0
0.693 0.0
0.724 0.0
0.663 0.0
0.678 0.0
0.521 0.0
0.62 0.0
0.594 0.1
0.642 0.1
0.6 0.1
0.833 0.3
0.817 0.3
0.795 0.1
0.832 0.1
0.838 0.1
0.738 0.1
0.784 0.0
0.772 0.2
0.826 0.2
0.821 0.0
0.853 0.3
0.811 0.2
0.84 0.2
0.779 0.1
0.753 0.1
0.753 0.1
0.743 0.0
0.775 0.1
0.818 0.2
0.778 0.1
0.812 0.4
0.828 0.1
0.772 0.4
0.848 0.3
0.824 0.5
0.827 0.7
0.83 0.5
0.711 1.8
0.762 1.7
0.839 1.2
0.723 1.8
0.72 1.9
0.8 2.9
0.793 2.2
0.774 1.2
0.732 1.5
0.824 1.0
0.676 1.4
0.4 1.2
0.727 1.3
0.821 0.6
0.75 0.6
0.75 0.4
0.0 0.4
0.928 2.3
0.911 1.6
0.9 1.7
0.885 1.5
0.861 0.7
0.794 0.3
0.727 0.1
0.831 2.0
0.85 1.5
0.858 2.1
0.811 2.3
0.82 1.1
0.839 1.3
0.837 0.9
0.819 1.1
0.706 0.0
0.617 0.0
0.634 0.0
0.592 0.0
0.674 0.0
0.785 0.0
0.61 0.0
0.583 0.0
0.55 0.0
0.648 0.0
0.598 0.0
0.565 0.0
0.723 0.0
0.533 0.0
0.333 0.0
0.333 0.0
0.423 0.0
0.0 0.0
0.659 0.0
0.579 0.0
0.258 0.0
0.731 0.0
0.769 0.0
0.8 0.0
0.857 0.0
0.787 0.0
0.742 0.0
0.681 0.0
0.736 0.0
0.787 0.0
0.811 0.0
0.564 0.0
0.735 1.4
0.786 1.0
0.81 0.3
0.778 0.3
0.725 0.0
0.764 0.0
0.727 0.0
0.681 0.0
0.741 0.0
0.758 0.0
0.69 0.0
0.711 0.0
1.0 0.0
0.8 0.0
0.723 0.0
0.746 0.0
0.744 0.0
0.747 0.0
0.824 0.0
0.81 0.0
0.806 0.0
0.424 0.0
0.676 0.0
0.681 0.0
0.652 0.1
0.637 0.1
0.781 0.0
0.715 0.7
0.708 0.2
0.364 0.4
0.583 0.4
0.545 0.4
0.895 1.9
0.887 1.4
0.909 1.3
0.916 1.3
0.887 1.9
0.921 2.1
0.899 2.2
0.906 1.5
0.933 1.5
0.938 1.1
0.912 0.9
0.894 1.1
0.922 0.5
0.802 0.2
0.523 0.0
0.549 0.0
0.642 0.0
0.474 0.0
0.467 0.0
0.6 0.0
0.68 0.0
0.755 0.0
0.781 0.0
0.5 0.0
0.852 0.4
0.778 0.0
0.783 0.3
0.797 0.1
0.688 0.5
0.6 0.3
0.855 0.5
0.778 0.4
0.751 0.1
0.684 0.3
0.761 0.0
0.833 0.1
0.838 1.8
0.853 1.9
0.881 1.3
0.877 1.2
0.869 1.4
0.901 0.9
0.904 1.0
0.879 0.8
0.89 0.6
0.915 0.9
0.892 1.3
0.896 1.2
0.86 1.6
0.899 1.4
0.882 1.4
0.882 1.7
0.893 1.5
0.601 0.0
0.688 0.1
0.731 0.0
0.757 0.0
0.754 0.1
0.709 0.0
0.767 0.0
0.742 0.0
0.788 0.0
0.72 0.0
0.674 0.0
0.677 0.0
0.835 0.0
0.513 0.0
0.555 0.0
0.622 0.0
0.49 0.0
0.461 0.0
0.469 0.0
0.422 0.0
0.503 0.0
0.595 0.0
0.496 0.0
0.836 0.0
0.75 0.0
0.824 0.0
0.679 0.6
0.656 0.9
0.777 0.8
0.742 0.6
0.695 1.0
0.69 1.0
0.7 0.4
0.698 0.4
0.623 0.7
0.693 0.8
0.675 0.6
0.592 0.2
0.621 0.0
0.708 0.0
0.824 0.0
0.753 0.0
0.835 0.0
0.667 0.0
0.837 0.0
0.822 0.0
0.8 0.0
0.833 0.0
0.545 0.0
0.622 0.0
0.657 0.0
0.59 0.0
0.667 0.0
0.511 0.0
0.556 0.0
0.485 0.0
0.51 0.0
0.579 0.0
0.342 0.0
0.573 0.0
0.422 0.0
0.621 0.0
0.526 0.0
0.556 0.0
0.625 0.0
0.591 0.0
0.625 0.4
0.75 0.0
0.611 0.0
0.766 0.1
0.733 0.0
0.745 0.0
0.75 0.7
0.735 0.5
0.757 0.5
0.75 0.8
0.725 0.7
0.794 0.3
0.848 0.2
0.73 0.1
0.747 0.1
0.662 0.0
0.742 0.0
0.705 0.0
0.375 0.0
0.605 0.0
0.681 0.1
0.701 0.0
0.627 0.0
0.553 0.0
0.599 0.0
0.601 0.0
0.641 0.0
0.766 0.9
0.797 0.7
0.71 0.7
0.714 0.5
0.761 0.8
0.794 0.5
0.862 1.4
0.862 1.1
0.78 0.9
0.836 0.6
0.903 0.0
0.727 0.0
0.8 1.8
0.798 1.5
0.814 0.9
0.795 1.0
0.717 1.3
0.751 1.4
0.789 1.5
0.809 1.6
0.832 2.2
0.82 1.5
0.683 1.5
0.765 0.8
0.632 1.3
0.611 0.0
0.873 1.6
0.894 1.3
0.828 0.9
0.875 0.8
0.804 0.3
0.4 0.6
1.0 0.7
0.745 2.6
0.809 1.5
0.802 1.4
0.819 1.3
0.822 1.4
0.772 2.3
0.796 1.8
0.843 1.5
0.83 1.5
0.852 1.4
0.86 1.6
0.852 1.9
0.787 1.5
0.826 1.6
0.781 1.6
0.781 1.1
0.818 0.6
0.739 0.9
0.774 0.6
0.818 0.6
0.749 0.0
0.693 0.0
0.605 0.0
0.571 0.0
0.673 0.0
0.763 0.0
0.5 0.0
0.629 0.1
0.793 0.8
0.816 0.9
0.793 0.8
0.833 1.4
0.83 1.1
0.865 1.7
0.787 1.4
0.827 1.4
0.809 1.5
0.822 1.1
0.825 1.4
0.815 0.3
0.756 0.2
0.728 0.0
0.742 0.0
0.759 0.0
0.641 0.0
0.871 0.0
0.588 0.0
0.857 0.2
0.273 0.0
0.422 0.0
0.5 0.0
0.419 0.0
0.517 0.0
0.532 0.0
0.37 0.0
0.68 0.0
0.663 0.0
0.647 0.0
0.519 0.0
0.611 0.0
0.76 0.0
0.545 0.0
0.72 0.0
0.645 0.0
0.692 0.0
0.651 0.0
0.75 0.0
0.674 0.0
0.6 0.0
0.76 0.0
0.778 0.0
0.5 1.3
0.791 2.2
0.805 1.5
0.868 1.4
0.854 2.0
0.877 2.2
0.829 1.8
0.82 2.1
0.814 1.0
0.712 0.4
1.0 0.8
0.613 0.0
0.647 0.0
0.852 0.9
0.8 1.6
0.759 0.3
0.627 1.6
0.765 1.0
0.685 1.8
0.74 2.9
0.739 1.2
0.67 2.0
0.692 1.1
0.682 1.7
0.761 1.9
0.732 0.7
0.75 0.9
0.833 1.0
0.894 0.3
0.855 0.6
0.709 1.4
0.694 1.1
0.676 1.4
0.711 0.9
0.639 0.8
0.658 0.5
0.747 0.0
0.681 0.0
0.727 0.1
0.75 0.0
0.81 0.0
0.82 0.9
0.837 1.3
0.876 0.8
0.832 0.2
0.875 0.5
0.558 0.0
0.761 1.1
0.785 0.6
0.756 0.7
0.765 0.8
0.748 0.0
0.724 0.0
0.81 0.0
0.828 1.1
0.839 1.6
0.854 1.0
0.81 1.3
0.854 0.8
0.78 0.7
0.713 0.0
0.72 0.0
0.791 0.0
0.813 0.0
0.737 0.0
0.781 0.0
0.808 0.0
0.725 0.0
0.506 0.0
0.779 1.2
0.821 0.7
0.768 0.6
0.769 0.8
0.792 0.0
0.689 0.0
0.409 0.0
0.797 0.5
0.692 0.5
0.542 0.0
0.608 0.0
0.602 0.0
0.572 0.0
0.357 0.0
0.482 0.0
0.582 0.0
0.524 0.0
0.638 0.0
0.75 0.0
0.0 0.0
0.673 0.0
0.7 0.0
0.667 0.0
0.805 0.0
0.83 0.0
0.779 0.0
0.859 0.0
0.768 0.0
0.774 0.0
0.845 0.0
0.755 0.1
0.72 0.0
0.813 0.0
0.89 1.5
0.878 0.7
0.833 0.6
0.928 0.8
0.792 0.0
0.806 0.1
0.858 0.0
0.797 0.2
0.738 0.0
0.688 0.0
0.637 0.0
0.6 0.0
0.783 1.8
0.821 1.8
0.794 1.2
0.814 0.9
0.822 1.1
0.858 1.0
0.878 0.9
0.806 0.6
0.849 0.7
0.882 0.9
0.847 1.0
0.892 0.3
1.0 1.1
0.797 0.1
0.714 0.4
0.913 0.8
0.802 0.4
0.735 0.0
0.481 0.0
0.53 0.0
0.684 0.0
0.698 0.1
0.691 0.2
0.676 0.5
0.554 0.0
0.744 0.9
0.704 1.9
0.797 1.1
0.533 0.3
0.714 1.3
0.767 0.8
0.563 1.4
0.611 0.0
0.545 0.0
0.667 0.0
0.75 0.0
0.845 0.5
0.817 0.3
0.857 0.4
0.856 1.8
0.876 2.2
0.875 3.0
0.927 2.6
0.92 2.3
0.915 2.6
0.816 3.0
0.929 2.4
0.894 2.1
0.897 1.7
0.831 1.4
0.888 0.7
0.791 1.9
0.876 2.2
0.915 1.3
0.855 1.0
0.795 0.8
0.861 1.2
0.845 0.9
0.805 0.7
0.863 0.3
0.643 0.0
0.568 0.0
0.751 0.1
0.766 0.0
0.738 0.2
0.735 0.1
0.6 0.0
0.0 0.2
0.0 0.0
0.5 0.0
0.714 0.5
0.72 0.5
0.696 0.3
0.757 0.9
0.603 0.0
0.711 0.0
0.722 0.0
0.725 0.0
0.758 0.0
0.651 0.0
0.724 0.0
0.67 0.1
0.87 1.1
0.831 1.2
0.867 0.7
0.828 0.8
0.855 1.4
0.897 1.4
0.897 1.2
0.851 0.9
0.846 2.2
0.835 2.0
0.887 1.8
0.827 1.3
0.844 2.1
0.8 2.0
0.804 1.7
0.857 2.3
0.88 1.8
0.866 1.5
0.85 2.2
0.883 1.6
0.87 1.1
0.667 1.6
0.813 1.6
0.813 1.3
0.818 1.0
0.722 0.0
0.664 0.0
0.746 0.0
0.752 0.0
0.762 0.0
0.676 0.0
0.513 0.0
0.0 0.0
0.0 0.0
0.814 0.0
0.815 0.0
0.75 0.0
0.835 0.0
0.786 0.0
0.815 0.0
0.789 0.0
0.663 0.0
0.822 0.0
0.8 0.0
0.625 0.0
0.7 0.0
0.771 1.3
0.793 1.2
0.78 1.1
0.784 1.2
0.786 1.6
0.667 1.8
0.708 1.3
0.752 1.2
0.736 0.9
0.567 0.0
0.631 0.0
0.648 0.0
0.547 0.0
0.528 0.0
0.639 0.0
0.594 0.0
0.593 0.0
0.698 0.0
0.672 0.0
0.59 0.0
0.778 0.0
0.655 0.0
0.777 0.8
0.726 0.4
0.8 1.3
0.708 1.4
0.836 1.5
0.861 1.5
0.781 2.0
0.829 1.7
0.807 1.5
0.774 1.6
0.679 1.7
0.705 0.1
0.5 0.6
0.5 1.0
0.545 1.0
0.819 1.7
0.801 1.6
0.764 1.2
0.707 1.9
0.784 0.8
0.806 1.2
0.8 0.9
0.804 1.3
0.859 0.9
0.815 0.9
0.78 0.3
0.825 0.1
0.776 0.0
0.779 0.1
0.835 0.0
0.728 0.0
0.754 0.0
0.763 0.0
0.571 0.0
0.752 0.0
0.667 0.0
0.74 0.0
0.684 0.0
0.683 0.0
0.681 0.0
0.828 0.0
0.716 2.7
0.741 2.4
0.615 1.0
0.554 1.4
0.539 1.7
0.628 1.1
0.438 1.3
0.629 0.0
0.667 0.0
0.653 0.0
0.659 0.0
0.667 0.0
0.336 0.0
0.423 0.0
0.45 0.0
0.49 0.0
0.428 0.0
0.416 0.0
0.408 0.0
0.426 0.0
0.422 0.0
0.406 0.0
0.333 0.0
0.778 0.1
0.766 1.4
0.734 1.5
0.735 1.2
0.736 0.9
0.697 1.9
0.743 1.4
0.788 1.5
0.767 1.7
0.772 1.0
0.8 0.8
0.81 1.5
0.774 1.2
0.741 1.1
0.79 0.0
0.795 0.0
0.768 0.0
0.736 0.0
0.703 0.1
0.749 0.1
0.607 0.0
0.711 0.2
0.794 0.3
0.756 0.1
0.638 0.0
0.663 0.9
0.741 0.5
0.722 0.3
0.754 0.5
0.75 0.2
0.679 0.0
0.561 0.2
0.799 1.3
0.734 1.8
0.781 1.5
0.753 1.5
0.857 1.4
0.807 0.3
0.567 0.0
0.539 0.0
0.68 0.0
0.5 0.0
0.894 1.6
0.88 1.0
0.826 0.5
0.787 0.0
0.699 0.0
0.785 0.0
0.677 0.0
0.882 0.0
0.69 0.0
0.818 0.0
0.752 0.8
0.736 0.6
0.782 0.5
0.714 0.3
0.731 0.5
0.75 0.5
0.76 0.5
0.696 0.2
0.737 0.4
0.789 2.0
0.792 1.9
0.84 1.7
0.837 1.5
0.792 1.8
0.867 1.6
0.913 1.4
0.741 0.0
0.676 0.0
0.555 0.0
0.684 0.0
0.639 0.0
0.657 0.0
0.857 0.0
0.732 0.0
0.786 0.0
0.593 0.0
0.875 0.6
0.795 1.2
0.765 0.6
0.77 1.6
0.784 1.0
0.637 0.0
0.805 0.0
0.79 0.0
0.731 0.0
0.799 0.1
0.776 0.0
0.769 0.0
0.747 0.0
0.614 0.0
0.615 0.0
0.75 1.0
0.667 1.0
0.736 1.0
0.733 1.0
0.922 1.4
0.675 1.3
0.74 1.5
0.719 2.2
0.748 1.4
0.688 1.0
0.676 0.9
0.617 1.9
0.734 0.6
0.718 0.0
0.569 0.0
0.659 0.0
0.733 0.0
0.662 0.0
0.564 0.0
0.281 0.0
0.5 0.0
0.8 0.9
0.737 0.4
0.724 0.3
0.9 0.1
0.8 0.0
0.802 0.0
0.758 0.0
0.929 0.0
0.605 0.0
0.824 0.0
0.92 0.0
0.476 0.0
0.923 0.0
0.786 0.0
0.55 0.0
0.589 0.0
0.689 0.0
0.775 1.3
0.791 2.3
0.748 2.6
0.814 2.5
0.82 2.8
0.844 1.7
0.771 1.0
0.75 2.0
0.739 1.4
0.784 0.8
0.5 0.1
0.833 0.3
0.722 0.1
0.818 0.5
0.804 0.1
0.799 0.1
0.774 0.2
0.795 0.5
0.784 0.1
0.0 0.0
0.7 1.1
0.828 0.8
0.732 0.9
0.789 0.8
0.707 1.9
0.779 1.7
0.743 1.5
0.821 1.5
0.726 1.2
0.688 1.0
0.622 1.9
0.842 1.0
0.52 0.0
0.0 0.0
0.5 0.0
0.522 0.0
0.5 0.0
0.375 0.0
0.0 0.0
0.444 0.4
0.167 0.2
0.6 0.0
0.6 0.0
0.667 0.0
0.745 0.0
0.732 0.0
0.632 0.0
0.875 0.0
0.75 0.0
0.5 0.3
0.6 0.1
0.625 0.7
0.63 0.0
0.707 0.0
0.668 0.0
0.683 0.0
0.574 0.0
0.545 0.0
0.44 0.0
0.408 0.0
0.516 0.0
0.337 0.0
0.589 0.0
0.441 0.0
0.75 0.0
0.786 0.0
0.5 0.3
0.604 0.0
0.608 0.0
0.669 0.0
0.673 0.0
0.503 0.0
0.527 0.0
0.593 0.0
0.579 0.0
0.732 0.0
0.732 0.0
0.689 0.0
0.694 0.0
0.632 0.0
0.72 0.0
0.72 0.0
0.62 0.0
0.838 0.0
0.684 0.1
0.813 0.2
0.736 0.2
0.769 0.1
0.74 0.0
0.71 0.0
0.718 0.0
0.697 0.0
0.717 0.0
0.651 0.0
0.622 0.0
0.727 0.0
0.4 0.0
0.701 0.0
0.763 0.0
0.739 0.0
0.656 0.0
0.512 0.0
0.465 0.0
0.459 0.0
0.464 0.0
0.0 0.0
0.659 0.0
0.467 0.0
0.719 0.0
0.656 0.0
0.624 0.0
0.671 0.0
0.72 0.0
0.632 0.0
0.615 0.0
0.623 0.0
0.333 0.0
0.2 0.0
0.367 0.0
0.6 0.0
0.0 0.0
0.542 0.0
0.558 0.0
0.543 0.0
0.333 0.0
0.222 0.0
0.364 0.0
0.167 0.0
0.753 0.4
0.791 0.2
0.849 0.4
0.737 0.0
0.333 0.0
1.0 0.0
0.774 0.1
0.847 0.0
0.722 0.1
0.709 0.0
0.736 0.1
0.714 0.0
0.768 0.0
0.689 0.1
0.748 0.1
0.807 0.0
0.781 0.0
0.79 0.0
0.823 0.1
0.782 0.2
0.702 0.1
0.736 0.2
0.803 0.2
0.803 0.3
0.792 0.9
0.744 0.8
0.763 0.2
0.745 0.0
0.787 0.0
0.789 0.1
0.744 0.1
0.783 0.0
0.7 0.0
0.8 0.0
0.5 0.0
0.606 0.0
0.633 0.0
0.585 0.0
0.609 0.0
0.585 0.0
0.548 0.0
0.735 0.0
0.476 0.0
0.62 0.0
0.362 0.0
0.469 0.0
0.585 0.0
0.409 0.0
0.333 0.0
0.479 0.0
0.514 0.0
0.49 0.0
0.667 0.0
0.5 0.0
0.587 0.0
0.66 0.0
0.723 0.0
0.625 0.0
0.556 0.0
1.0 0.0
0.571 0.9
0.732 1.3
0.811 1.4
0.752 2.1
0.837 1.0
0.837 0.6
0.813 1.1
0.829 0.5
0.713 0.1
0.743 0.6
0.763 0.9
0.844 0.8
0.812 0.9
0.733 0.9
0.798 1.4
0.805 0.7
0.735 1.7
0.759 1.8
0.694 0.3
0.717 1.5
0.741 0.9
0.684 0.9
0.684 0.9
0.667 0.8
0.774 0.9
0.774 1.0
0.75 2.2
0.75 1.6
0.791 2.1
0.748 2.1
0.834 1.9
0.826 1.7
0.818 1.2
0.802 2.1
0.849 2.1
0.82 2.1
0.815 1.5
0.801 1.5
0.801 1.5
0.831 1.4
0.79 0.2
0.768 0.5
0.8 0.9
0.79 0.6
0.784 0.5
0.699 0.2
0.728 0.6
0.77 0.3
0.785 0.4
0.744 0.6
0.744 1.2
0.785 1.2
0.787 0.6
0.588 0.0
0.667 0.0
0.462 0.0
0.75 0.0
0.643 0.1
0.776 0.0
0.841 0.2
0.75 0.8
0.73 0.8
0.787 0.9
0.745 1.3
0.797 2.2
0.826 1.8
0.798 0.1
0.667 0.5
0.667 0.8
0.667 0.1
0.675 1.0
0.755 0.8
0.702 0.5
0.65 0.1
0.707 0.2
0.783 0.2
0.715 0.3
0.782 0.2
0.756 0.3
0.769 0.2
0.799 0.4
0.845 0.4
0.811 0.6
0.783 0.6
0.783 0.4
0.76 0.4
0.681 1.4
0.706 1.8
0.748 2.0
0.786 1.8
0.816 0.7
0.726 1.5
0.8 1.3
0.741 0.7
0.741 0.9
0.882 1.0
0.759 0.2
0.667 0.0
0.758 0.0
0.761 0.0
0.815 0.2
0.714 0.2
0.819 0.3
0.772 0.6
0.734 0.2
0.778 0.1
0.758 0.1
0.659 0.0
0.75 0.0
0.742 0.1
0.765 0.1
0.765 0.1
0.796 0.3
0.771 0.0
0.792 0.0
0.767 0.0
0.859 0.0
0.671 1.5
0.764 1.0
0.684 1.7
0.693 2.4
0.673 2.2
0.657 3.0
0.752 1.8
0.769 2.0
0.739 2.4
0.73 1.9
0.594 1.7
0.8 0.2
0.783 0.1
0.733 0.2
0.833 0.1
0.829 0.4
0.768 0.4
0.722 0.8
0.783 0.3
0.75 0.6
0.889 0.3
0.667 0.0
0.0 0.0
0.7 0.0
0.571 0.1
0.696 0.1
0.733 0.0
0.914 0.0
0.834 0.7
0.846 1.4
0.646 0.0
0.554 0.0
0.638 0.0
0.647 0.0
0.528 0.0
0.6 0.0
0.704 0.6
0.714 1.5
0.731 1.5
0.744 0.4
0.637 0.8
0.72 1.0
0.781 0.4
0.571 0.5
1.0 0.2
0.5 0.0
0.527 0.0
0.458 0.2
0.661 0.3
0.614 0.5
0.691 1.1
0.731 0.5
0.804 0.7
0.776 0.9
0.746 0.8
0.8 0.7
0.637 0.3
0.465 0.0
0.4 0.0
0.639 0.4
0.721 0.3
0.652 0.7
0.659 1.6
0.676 1.2
0.735 0.6
0.766 0.3
0.755 0.7
0.71 0.5
0.671 0.2
0.674 0.1
0.68 0.1
0.857 0.4
0.784 0.5
0.75 0.4
0.733 0.0
0.778 0.0
0.6 0.0
0.576 0.0
0.389 0.0
0.68 0.0
0.579 0.0
0.0 0.0
0.771 0.0
0.768 0.0
0.698 0.0
0.723 0.0
0.685 0.0
0.738 0.0
0.698 0.0
0.742 0.0
0.701 0.0
0.693 0.0
0.731 0.0
0.767 0.0
0.627 0.0
0.766 0.5
0.75 0.1
0.811 0.7
0.792 0.5
0.745 1.4
0.794 0.6
0.754 0.4
0.78 1.2
0.824 0.1
0.756 0.5
0.862 0.5
0.87 0.3
0.863 1.1
0.901 1.0
0.858 0.6
0.838 1.0
0.773 1.5
0.813 1.6
0.833 1.8
0.84 1.1
0.902 1.1
0.902 0.2
0.731 1.1
0.762 0.9
0.771 1.2
0.693 1.7
0.644 0.9
0.839 1.7
0.782 1.8
0.841 1.0
0.667 0.6
0.808 0.2
0.786 1.2
0.833 0.5
1.0 0.3
0.792 0.5
0.804 0.8
0.799 0.8
0.897 0.9
0.804 1.0
0.871 0.6
0.808 0.5
0.78 1.3
0.741 1.4
0.779 0.9
0.778 0.9
0.784 2.0
0.834 1.8
0.815 1.1
0.842 1.7
0.8 1.5
0.811 1.7
0.82 1.5
0.854 1.7
0.805 1.7
0.805 1.3
0.784 1.0
0.703 0.0
0.595 0.0
0.575 0.0
0.667 0.0
0.66 0.0
0.552 0.0
0.519 0.0
0.561 0.0
0.534 0.0
0.53 0.0
0.497 0.0
0.467 0.0
0.594 0.0
0.45 0.0
0.545 0.0
0.507 0.0
0.509 0.0
0.554 0.0
0.619 0.0
0.518 0.0
0.492 0.0
0.538 0.0
0.461 0.0
0.467 0.0
0.524 0.0
0.544 0.0
0.4 0.0
0.37 0.0
0.737 1.1
0.802 1.3
0.803 1.3
0.778 1.7
0.86 2.1
0.86 1.6
0.884 1.8
0.87 1.9
0.871 1.5
0.871 1.4
0.796 1.3
0.851 1.3
0.721 1.3
0.721 1.2
0.813 1.3
0.82 0.8
0.854 0.5
0.81 0.5
0.754 0.9
0.816 0.6
0.712 0.1
0.637 0.1
0.81 0.0
0.682 0.0
0.714 0.0
0.753 0.0
0.84 0.0
0.861 0.1
0.794 0.3
0.846 0.1
0.688 0.3
0.889 0.5
0.773 0.5
0.773 0.2
0.684 0.0
0.714 0.0
0.578 0.0
0.682 0.0
0.66 0.0
0.0 0.0
0.689 0.0
0.551 0.0
0.723 0.0
0.704 0.0
0.711 0.0
0.673 0.0
0.729 0.0
0.583 0.0
0.604 0.0
0.604 0.0
0.578 0.0
0.59 0.0
0.0 0.0
0.686 1.0
0.82 0.8
0.752 0.9
0.733 1.1
0.72 0.5
0.688 0.5
0.761 0.6
0.742 0.2
0.674 0.8
0.552 0.1
0.614 0.2
0.584 0.2
0.589 0.0
0.456 0.1
0.527 0.0
0.611 0.3
0.625 0.0
0.414 0.1
0.681 0.0
0.75 0.3
0.832 1.1
0.85 0.9
0.763 0.6
0.833 1.1
0.746 1.0
0.695 0.0
1.0 0.5
0.811 0.0
0.809 0.0
0.783 0.0
0.853 0.0
0.862 0.0
0.85 0.0
0.625 0.8
0.715 0.5
0.738 0.5
0.711 0.3
0.725 0.5
0.694 1.1
0.76 0.9
0.5 0.5
0.724 1.1
0.829 0.5
0.682 1.5
0.805 1.3
0.733 0.3
0.775 0.2
0.85 1.0
0.78 1.6
0.765 1.6
0.804 1.3
0.817 1.1
0.82 0.4
0.75 1.4
1.0 0.7
0.852 0.7
0.739 0.7
0.81 1.0
0.852 0.8
0.647 0.7
0.766 0.6
0.807 0.8
0.765 1.0
0.768 0.6
0.768 0.7
0.778 0.6
0.714 0.4
0.702 0.6
0.774 0.5
0.738 0.3
0.567 0.5
0.754 0.5
0.754 0.1
0.696 0.7
0.596 1.1
0.771 1.2
0.743 0.6
0.772 0.5
0.729 0.3
0.775 0.5
0.779 0.5
0.823 1.6
0.83 1.5
0.83 1.1
0.813 0.7
0.644 1.3
0.773 0.8
0.769 0.4
0.5 0.4
0.0 0.0
0.583 0.0
0.59 0.0
0.0 0.0
0.0 0.0
0.333 0.0
0.7 0.2
0.5 0.3
0.661 0.0
0.713 0.0
0.733 0.0
0.889 0.0
0.781 0.1
0.805 0.1
0.835 0.0
0.771 0.1
0.792 0.1
0.765 0.0
0.808 0.0
0.739 0.0
0.72 0.0
0.72 0.0
0.4 0.0
0.738 0.1
0.793 0.1
0.571 0.1
0.8 0.7
0.681 0.5
0.759 0.9
0.743 0.5
0.763 0.2
0.5 0.0
0.7 0.0
0.611 0.0
0.732 0.0
0.684 0.0
0.645 0.0
0.564 0.0
0.5 0.0
0.562 0.0
0.615 0.0
0.787 0.2
0.833 0.1
0.75 0.1
0.61 0.1
0.786 0.2
0.667 0.3
0.854 0.0
0.35 0.2
0.633 0.0
0.0 0.4
0.777 0.6
0.796 0.5
0.808 0.6
0.808 0.8
0.786 1.0
0.793 0.9
0.83 1.2
0.838 1.2
0.804 2.3
0.83 2.2
0.848 1.5
0.797 1.5
0.797 1.5
0.829 2.0
0.756 0.3
0.742 0.4
0.803 0.1
0.8 1.1
0.771 0.1
0.611 0.3
0.828 0.0
0.77 0.8
0.797 1.5
0.755 2.4
0.845 2.0
0.822 1.3
0.881 1.0
0.877 1.2
0.796 1.0
0.815 0.4
0.756 0.4
0.795 0.7
0.784 0.7
0.784 0.6
0.839 0.5
0.705 0.1
0.603 0.1
0.681 1.4
0.732 0.7
0.747 1.5
0.743 0.8
0.74 0.6
0.779 0.7
0.742 1.4
0.744 1.5
0.733 1.8
0.779 1.8
0.779 1.6
0.804 1.2
0.821 0.8
0.805 1.1
0.791 0.8
0.672 1.5
0.766 2.0
0.84 1.5
0.75 0.9
0.867 1.0
0.778 1.6
0.771 1.4
0.767 1.0
0.707 1.0
0.707 0.9
0.631 0.8
0.727 0.9
0.683 0.9
0.746 1.8
0.736 1.1
0.912 0.9
0.74 1.1
0.656 0.6
0.4 1.1
0.647 0.5
0.778 0.0
0.701 0.0
0.76 0.0
0.816 0.2
0.785 0.1
0.844 0.2
0.817 0.1
0.797 0.1
0.815 0.2
0.821 0.3
0.798 0.9
0.82 1.4
0.772 1.4
0.772 1.5
0.667 0.0
0.66 0.3
0.815 0.1
0.667 0.5
0.855 0.9
0.821 1.5
0.904 1.3
0.804 0.2
0.84 0.2
1.0 0.3
0.769 0.2
0.789 0.0
0.75 1.1
0.757 0.4
0.832 0.7
0.723 0.8
0.905 0.4
0.833 0.1
0.714 0.9
0.625 0.3
0.0 0.0
0.769 0.1
0.737 0.1
0.754 0.1
0.7 0.4
0.698 0.3
0.721 0.1
0.607 0.1
0.684 0.0
0.739 0.3
1.0 0.5
0.824 0.0
0.602 0.1
0.74 0.1
0.731 0.2
0.683 0.2
0.744 0.9
0.687 0.8
0.769 1.0
0.683 0.5
0.629 0.4
0.723 0.6
0.739 0.7
0.774 0.7
0.774 0.3
0.737 0.3
0.5 0.3
0.629 0.0
0.617 0.0
0.341 0.0
0.333 0.0
0.25 0.0
0.667 0.0
0.57 0.0
0.662 0.0
0.775 0.0
0.703 0.0
0.846 0.0
0.4 0.0
0.839 0.0
0.885 0.7
0.84 0.7
0.64 0.2
0.75 0.0
0.5 0.6
0.728 0.5
0.776 1.0
0.8 0.7
0.667 0.7
0.757 0.6
0.729 0.6
0.833 0.7
0.78 0.9
0.857 1.0
0.719 0.7
0.824 0.8
0.824 0.8
0.667 0.0
0.765 0.0
0.791 0.0
0.789 0.0
0.68 0.0
0.81 0.0
0.753 0.0
0.762 0.0
0.8 0.0
0.814 0.0
0.711 0.0
0.568 0.0
0.703 0.0
0.703 0.0
0.75 0.0
0.786 0.8
0.839 0.8
0.833 0.8
0.845 0.9
0.75 1.3
0.692 1.3
0.804 1.9
0.792 1.6
0.815 1.8
0.835 1.1
0.831 1.4
0.791 1.4
0.752 1.0
0.841 1.0
0.781 1.2
0.714 1.2
0.76 0.9
0.7 0.9
0.7 0.5
0.703 0.4
0.733 0.5
0.734 1.3
0.827 0.9
0.813 1.1
0.782 0.7
0.784 0.4
0.617 0.2
0.773 0.5
0.442 0.0
0.754 1.4
0.75 1.6
0.738 1.3
0.698 1.5
0.712 1.6
0.78 1.7
0.767 1.2
0.759 0.9
0.771 1.4
0.753 1.5
0.75 1.7
0.71 1.7
0.71 1.1
0.731 1.7
0.438 0.0
0.595 0.0
0.0 0.4
0.667 0.2
0.811 0.1
1.0 0.1
0.455 0.4
0.688 0.0
0.645 0.1
0.793 0.0
0.667 0.1
0.728 0.1
0.77 0.3
0.767 0.5
0.838 0.1
1.0 0.9
0.855 1.5
0.851 1.2
0.877 1.6
0.878 0.8
0.839 1.0
0.821 1.5
0.833 0.9
0.833 0.4
0.5 1.4
0.636 1.1
0.848 1.1
0.848 0.9
0.808 0.6
0.697 0.0
0.661 0.0
0.77 0.0
0.741 0.0
0.762 0.0
0.68 0.0
0.749 0.0
0.754 0.0
0.785 0.0
0.788 0.0
0.765 0.0
0.706 0.0
0.706 0.1
0.833 1.0
0.824 0.4
0.848 1.6
0.892 0.7
0.86 1.2
0.81 1.1
0.6 0.0
0.5 0.3
0.792 2.8
0.854 2.2
0.849 1.8
0.914 1.5
0.915 1.3
0.882 1.1
0.796 1.5
0.885 1.8
0.833 2.6
0.859 2.6
0.926 2.9
0.898 2.9
0.898 2.0
0.833 2.4
0.769 0.1
0.682 0.0
0.863 0.6
0.767 0.3
0.767 0.4
0.797 0.3
0.583 0.0
0.708 0.0
0.56 0.0
0.613 0.0
0.554 0.0
0.562 0.0
0.536 0.0
0.557 0.0
0.432 0.0
0.5 0.1
0.653 0.2
0.697 0.1
0.79 0.5
0.741 1.1
0.723 1.2
0.831 0.9
0.772 0.4
0.674 0.4
0.731 0.7
0.644 0.0
0.746 0.0
0.735 0.0
0.786 0.0
0.706 0.0
0.709 0.0
0.65 0.0
0.754 0.0
0.741 0.0
0.757 0.0
0.846 0.0
0.788 0.0
0.788 0.0
0.768 0.0
0.774 0.5
0.688 0.7
0.653 0.9
0.794 0.7
0.688 0.7
0.463 0.5
0.385 0.4
0.6 0.4
0.375 0.5
0.0 0.0
0.667 0.0
0.638 0.0
0.615 0.0
0.6 0.0
0.623 0.0
0.6 0.0
0.582 0.0
0.556 0.0
0.652 0.0
0.611 0.0
0.552 0.0
0.506 0.0
0.506 0.0
0.693 1.0
0.698 1.1
0.608 1.3
0.648 1.0
0.673 1.5
0.709 1.5
0.633 1.5
0.684 1.5
0.645 1.1
0.633 0.3
0.697 0.2
0.823 0.8
0.883 0.5
0.877 0.7
0.805 0.3
0.857 0.8
0.869 0.8
0.907 1.1
0.883 0.9
0.891 0.8
0.848 0.6
0.654 0.4
0.857 0.4
0.75 0.1
0.807 0.0
0.847 0.0
0.817 0.0
0.852 0.0
0.918 0.0
0.889 0.0
0.811 0.0
0.724 0.0
0.749 0.0
0.652 0.0
0.747 0.2
0.762 0.2
0.783 0.4
0.807 0.4
0.758 1.1
0.765 0.9
0.761 0.8
0.758 0.3
0.791 0.2
0.725 0.2
0.733 0.5
0.768 0.5
0.768 0.1
0.793 0.8
0.705 0.3
0.708 0.3
0.75 0.8
0.745 0.4
0.706 0.3
0.719 0.2
0.5 0.1
0.7 0.2
0.0 0.4
0.713 0.1
0.68 0.0
0.843 0.2
0.824 0.1
0.85 0.1
0.884 0.1
0.865 0.0
0.807 0.0
0.807 0.1
0.768 0.1
0.789 0.1
0.739 0.1
0.739 0.0
0.788 0.0
0.786 0.4
0.85 1.3
0.85 1.2
0.855 1.3
0.856 2.3
0.912 2.3
0.894 1.4
0.853 1.8
0.9 1.3
0.882 1.1
0.876 1.8
0.872 1.8
0.872 0.9
0.737 0.2
0.746 0.2
0.784 0.2
0.762 0.1
0.725 0.0
0.605 0.1
0.753 0.1
0.8 0.0
0.717 0.2
0.628 0.2
0.627 0.2
0.627 0.2
0.652 0.2
0.782 0.0
0.536 0.0
0.695 0.0
0.606 0.0
0.62 0.1
0.653 0.7
0.71 1.9
0.649 1.1
0.701 0.7
0.775 1.4
0.821 2.3
0.772 2.4
0.853 2.4
0.853 2.3
0.783 2.4
0.737 0.1
0.75 0.0
0.0 0.3
0.475 0.0
0.306 0.0
0.521 0.0
0.62 0.0
0.551 0.0
0.16 0.0
0.323 0.0
0.111 0.0
0.308 0.0
0.789 1.3
0.829 0.6
0.711 0.7
0.864 1.5
0.739 1.4
0.729 1.6
0.744 1.6
0.762 0.8
0.733 0.7
0.75 0.6
0.811 0.6
0.811 0.5
0.737 0.0
1.0 0.0
0.753 0.0
0.823 0.4
0.766 0.5
0.795 0.3
0.703 0.0
0.699 0.0
0.774 0.0
0.737 0.0
0.721 0.0
0.692 0.0
0.753 0.0
0.71 0.0
0.769 0.0
0.71 0.2
0.692 0.2
0.692 0.0
0.697 0.0
0.575 0.3
0.672 0.6
0.787 1.5
0.741 0.3
0.75 0.0
0.777 0.1
0.77 0.2
0.796 0.5
0.764 1.4
0.753 1.5
0.77 1.0
0.816 0.9
0.791 1.1
0.761 1.1
0.761 1.2
0.755 0.9
0.731 1.4
0.818 1.1
0.752 0.8
0.813 1.6
0.856 1.3
0.716 0.3
0.56 0.8
0.81 0.7
0.5 0.0
0.863 2.1
0.787 1.9
0.864 2.0
0.908 2.1
0.864 1.2
0.861 1.3
0.85 1.2
0.86 1.5
0.843 0.4
0.81 0.6
0.836 0.6
0.757 0.1
0.716 0.2
0.824 0.9
0.824 0.9
0.82 0.9
0.798 0.8
0.833 1.2
0.746 1.3
0.727 0.8
0.8 1.3
0.815 1.3
0.815 0.8
0.721 0.9
0.571 0.0
0.511 0.0
0.5 0.0
0.671 0.0
0.595 0.0
0.586 0.0
0.59 0.0
0.594 0.0
0.592 0.0
0.596 0.0
0.491 0.0
0.492 0.0
0.547 0.0
0.528 0.0
0.528 0.0
0.489 0.0
0.436 0.0
0.523 0.0
0.671 0.0
0.605 0.0
0.792 0.0
0.668 0.0
0.665 0.0
0.752 0.0
0.789 0.0
0.813 0.0
0.744 0.0
0.744 0.6
0.798 0.3
0.743 0.7
0.754 0.6
0.82 1.2
0.721 1.0
0.724 1.1
0.733 0.9
0.693 1.2
0.617 1.1
0.574 1.0
0.652 1.0
0.596 1.0
0.596 0.8
0.614 0.8
0.75 0.0
0.5 0.0
0.875 0.0
0.417 0.0
0.875 0.0
0.474 0.0
0.701 0.1
0.727 0.1
0.686 0.5
0.726 0.5
0.791 0.3
0.75 0.3
1.0 0.5
0.125 0.7
0.563 0.0
0.833 0.3
0.788 0.4
0.556 0.8
0.63 0.0
0.642 0.0
0.681 0.0
0.721 0.0
0.738 0.0
0.68 0.0
0.761 0.0
0.774 0.0
0.77 0.0
0.69 0.0
0.655 0.0
0.655 0.0
0.649 0.0
0.558 0.0
0.548 0.1
0.694 0.0
0.731 0.0
0.725 0.0
0.698 0.0
0.711 0.0
0.754 0.0
0.797 0.0
0.717 0.0
0.746 0.0
0.688 0.1
0.655 0.9
0.847 1.6
0.844 1.8
0.869 2.3
0.867 1.5
0.876 2.2
0.888 2.0
0.894 2.1
0.89 1.7
0.891 1.9
0.881 1.9
0.881 0.9
0.682 1.1
0.779 0.8
0.828 0.9
0.828 2.0
0.887 1.3
0.845 1.6
0.802 1.5
0.807 2.2
0.873 2.0
0.857 1.4
0.667 1.4
0.667 1.1
0.857 1.4
0.766 1.1
0.843 1.5
0.848 1.5
0.807 1.6
0.792 1.3
0.717 0.8
0.803 0.1
0.609 0.0
0.656 0.0
0.593 0.0
0.57 0.0
0.593 0.0
0.562 0.0
0.562 0.0
0.514 0.0
0.5 0.0
0.733 0.0
0.725 0.0
0.692 0.0
0.791 0.0
0.673 0.0
0.76 0.0
0.782 0.1
0.667 0.5
0.81 0.1
0.571 0.0
0.545 0.0
0.688 0.1
0.689 0.9
0.822 2.4
0.81 2.1
0.719 2.2
0.754 2.1
0.706 1.6
0.738 1.9
0.709 1.9
0.762 2.6
0.652 2.3
0.75 2.3
0.75 2.6
0.634 2.3
0.688 0.4
0.719 0.5
0.693 0.3
0.71 0.4
0.588 0.0
0.618 0.7
0.725 0.4
0.63 0.8
0.517 0.9
0.532 0.9
0.498 0.9
0.498 0.7
0.667 0.7
0.735 0.3
0.653 0.1
0.593 0.0
0.719 0.0
0.5 0.1
0.556 0.0
0.789 0.8
0.743 0.5
0.818 0.5
0.743 1.0
0.819 0.3
0.784 0.8
0.733 0.6
0.791 0.9
0.778 0.6
0.333 0.0
0.587 0.0
0.753 0.4
0.78 0.5
0.883 0.8
0.85 0.5
0.82 0.9
0.837 0.8
0.864 0.3
0.709 0.5
0.816 0.5
0.833 0.3
0.853 0.3
0.853 0.3
0.9 0.3
0.535 0.0
0.513 0.0
0.616 0.0
0.598 0.0
0.616 0.0
0.663 0.0
0.667 0.0
0.672 0.0
0.755 0.0
0.681 0.0
0.733 0.0
0.733 0.0
0.64 0.0
0.64 0.0
0.947 0.7
0.885 0.8
0.878 1.6
0.835 1.0
0.921 0.4
0.848 1.4
0.704 1.2
0.851 0.9
0.853 0.8
0.736 1.4
0.833 0.4
0.81 0.5
0.867 0.6
0.618 0.2
0.84 0.6
0.882 0.7
0.736 0.7
0.804 0.2
0.798 0.0
0.714 0.1
0.63 0.3
1.0 0.2
0.882 0.1
0.744 0.1
0.826 0.0
0.333 0.8
0.884 2.4
0.789 1.7
0.816 1.7
0.851 1.0
0.754 0.9
0.81 0.9
0.805 0.3
0.75 0.0
0.944 0.0
0.632 0.0
0.75 0.0
0.822 0.0
0.867 0.0
0.825 0.0
0.815 0.0
0.81 0.0
0.86 0.0
0.858 0.1
0.79 0.1
0.79 0.0
0.845 0.0
0.623 0.0
0.833 0.1
0.612 0.0
0.695 0.1
0.704 0.2
0.744 0.1
0.777 0.1
0.673 0.0
0.685 0.2
0.629 0.0
0.577 0.0
0.587 0.0
0.571 0.0
0.629 0.0
0.442 0.0
0.609 0.0
0.5 0.0
0.344 0.0
0.524 0.0
0.524 0.0
0.48 0.0
0.296 0.0
0.668 0.0
0.695 0.0
0.707 0.0
0.739 0.0
0.66 0.0
0.848 0.3
0.818 1.0
0.908 1.2
0.981 1.0
0.798 0.8
0.854 1.1
0.882 1.8
0.9 2.4
0.825 1.4
0.906 1.4
0.906 1.2
0.875 0.5
0.833 0.7
0.8 1.1
0.901 0.8
0.8 0.1
0.81 0.0
0.8 0.0
0.851 0.0
0.712 0.5
0.763 0.1
0.767 0.3
0.83 1.2
0.753 1.7
0.789 1.1
0.796 1.1
0.773 0.8
0.788 1.0
0.752 1.0
0.752 1.1
0.786 0.6
0.783 0.2
0.725 1.3
0.797 0.7
0.8 0.7
0.805 0.8
0.763 1.5
0.805 1.0
0.806 1.4
0.789 1.0
0.721 0.3
0.8 0.3
0.8 0.8
0.847 0.6
0.825 0.0
0.787 0.0
0.78 0.2
0.722 2.1
0.81 2.2
0.832 1.4
0.772 0.7
0.833 1.4
0.779 1.4
0.82 0.9
0.882 1.4
0.855 0.8
0.8 1.2
0.857 1.3
0.526 0.7
0.25 0.7
0.752 0.2
0.811 0.7
0.83 1.3
0.807 1.0
0.825 0.9
0.718 0.1
0.812 0.1
0.84 0.1
0.844 0.0
0.825 0.0
0.74 0.2
0.933 0.2
0.889 0.3
0.75 0.4
0.806 0.2
0.646 0.1
0.777 1.3
0.803 2.1
0.852 2.7
0.878 2.5
0.848 2.0
0.848 2.0
0.873 0.4
0.625 1.0
0.94 1.0
0.757 1.0
0.784 1.2
0.805 0.5
0.829 0.4
0.662 0.0
0.6 0.0
0.644 0.0
0.618 0.0
0.458 0.0
0.368 0.0
0.545 0.0
0.662 0.0
0.667 0.0
0.625 0.0
0.8 0.0
0.545 0.0
0.545 0.0
0.699 2.2
0.79 1.1
0.815 0.6
0.792 0.8
0.828 0.7
0.375 0.0
0.8 0.8
0.871 0.8
0.867 1.0
0.852 1.0
0.842 0.4
0.85 0.9
0.872 1.0
0.843 0.8
0.839 0.5
0.881 0.5
0.881 1.0
0.893 0.0
0.91 0.7
1.0 0.0
0.786 0.0
0.673 0.0
0.657 0.0
0.638 0.0
0.788 0.0
0.69 0.1
0.727 0.3
0.636 0.3
0.612 0.3
0.612 0.1
0.57 0.3
0.462 0.0
0.5 0.0
0.483 0.0
0.667 0.0
0.704 1.1
0.852 1.2
0.77 1.1
0.7 0.1
0.577 0.0
0.815 0.0
0.819 0.0
0.755 0.0
0.812 0.0
0.787 0.0
0.782 0.0
0.797 0.0
0.78 0.0
0.654 0.0
0.654 0.0
0.763 0.0
0.0 0.3
0.759 0.1
0.333 0.0
0.526 0.0
0.633 0.0
0.532 0.0
0.574 0.0
0.515 0.0
0.547 0.0
0.621 0.0
0.484 0.0
0.577 0.0
0.766 0.1
0.736 0.5
0.69 1.9
0.748 1.1
0.75 0.2
0.609 0.5
0.788 0.9
0.876 1.2
0.695 1.4
0.811 0.8
0.794 1.9
0.869 1.6
0.853 2.2
0.807 2.2
0.807 2.2
0.75 2.2
0.556 0.0
0.647 0.0
0.607 0.0
0.571 0.0
0.765 0.0
0.847 0.8
0.818 1.2
0.851 0.8
0.868 1.2
0.847 0.9
0.878 1.3
0.861 1.1
0.885 1.3
0.855 1.7
0.9 1.7
0.9 1.6
0.896 2.0
0.627 0.0
0.649 0.0
0.736 0.0
0.552 0.0
0.667 0.0
0.536 0.0
0.838 0.0
0.8 0.0
0.714 0.0
0.724 0.0
0.76 0.1
0.645 0.0
1.0 0.4
0.673 0.4
0.684 0.4
0.756 0.3
0.695 0.3
0.744 0.4
0.8 0.3
0.708 0.3
0.692 0.7
0.8 0.7
0.8 1.1
0.756 0.2
0.606 0.0
0.545 0.0
0.0 0.1
0.25 0.0
1.0 1.1
0.478 0.0
0.752 1.3
0.777 1.3
0.786 1.7
0.841 1.6
0.746 1.1
0.818 1.3
0.832 1.7
0.799 1.3
0.835 0.7
0.674 0.7
0.674 0.0
0.308 0.0
0.882 0.0
0.78 0.1
0.9 0.9
0.897 0.8
0.698 0.1
1.0 0.0
0.556 0.0
0.664 0.0
0.753 0.0
0.79 0.0
0.474 0.0
0.622 0.0
0.591 0.0
0.365 0.0
0.42 0.0
0.0 0.0
0.706 0.7
0.82 0.7
0.783 1.1
0.838 1.3
0.815 1.6
0.767 1.2
0.857 1.3
0.551 0.7
0.571 1.3
0.571 1.3
0.571 0.8
0.75 0.0
0.0 0.1
0.667 1.0
0.661 0.0
0.771 0.2
0.704 0.1
0.711 0.0
0.737 0.0
0.721 0.0
0.768 0.0
0.859 1.1
0.705 1.6
0.735 0.0
0.0 1.5
0.813 1.2
0.77 0.8
0.792 1.8
0.848 1.9
0.84 0.3
0.75 0.3
0.704 1.0
0.767 1.0
0.803 1.0
0.849 1.3
0.801 1.6
0.845 2.1
0.843 2.2
0.859 1.5
0.801 1.3
0.834 1.3
0.834 1.5
0.869 1.3
0.615 0.2
0.696 0.7
0.783 0.8
0.79 1.1
0.824 1.2
0.823 1.3
0.812 1.8
0.868 1.3
0.849 1.9
0.861 1.9
0.861 1.6
0.83 2.0
0.747 0.2
0.815 0.0
0.822 0.9
0.806 0.5
0.819 0.6
0.845 1.0
0.788 0.7
0.778 1.3
0.781 1.2
0.713 1.2
0.713 1.9
0.833 1.6
0.5 0.3
0.603 0.6
0.687 0.7
0.747 0.9
0.688 0.0
0.875 0.3
0.606 0.1
0.5 0.0
0.722 0.0
0.762 0.1
0.781 0.1
0.757 0.0
0.791 0.0
0.814 0.0
0.81 0.0
0.822 0.5
0.845 0.5
0.845 0.0
0.858 0.3
0.4 0.0
0.286 0.0
0.442 0.0
0.545 0.0
0.391 0.0
0.427 0.0
0.333 0.0
0.25 0.0
0.471 0.0
0.471 0.0
0.597 0.0
0.629 0.0
0.633 0.0
0.469 0.0
0.0 0.0
0.782 0.9
0.717 1.3
0.808 1.1
0.567 0.0
0.432 0.0
0.646 0.0
0.333 0.1
0.75 0.1
0.667 0.5
0.8 0.7
0.753 0.7
0.844 0.8
0.847 1.3
0.776 1.3
0.824 1.2
0.84 1.5
0.831 1.5
0.774 1.2
0.82 1.1
0.873 1.1
0.844 0.7
0.824 0.5
0.813 0.5
0.813 0.1
0.544 0.0
0.456 0.0
0.376 0.0
0.675 0.1
0.759 0.3
0.702 0.1
0.639 0.1
0.654 0.3
0.56 0.4
0.41 0.0
0.6 0.0
0.449 0.0
0.714 0.4
0.586 0.3
0.821 0.8
0.818 0.9
0.911 1.2
0.808 0.7
0.784 0.0
0.714 0.6
0.75 0.6
0.609 0.5
0.679 1.2
0.758 0.6
0.825 0.6
0.585 0.2
0.605 0.3
0.609 0.1
0.7 0.0
0.6 0.0
0.794 0.0
0.66 0.4
0.71 0.8
0.526 0.2
0.733 0.6
0.923 0.5
0.711 1.4
0.679 0.8
0.584 1.0
0.671 1.5
0.82 1.4
0.854 1.6
0.815 1.6
0.846 0.9
0.89 1.1
0.893 2.0
0.859 2.2
0.819 2.3
0.849 1.9
0.818 1.9
0.818 0.9
0.824 1.0
0.731 0.9
0.727 1.7
0.785 1.1
0.767 0.8
0.753 1.1
0.805 0.8
0.791 1.1
0.814 0.9
0.822 1.2
0.858 1.2
0.858 1.1
0.78 1.4
0.805 0.4
0.718 2.0
0.81 1.4
0.767 1.3
0.694 1.8
0.822 1.6
0.791 1.2
0.774 0.4
0.84 0.7
0.6 0.0
0.671 0.0
0.597 0.0
0.69 0.0
0.681 0.0
0.52 0.0
0.75 0.0
0.625 0.0
0.574 0.0
0.574 0.0
0.661 0.0
0.561 0.4
0.787 0.0
0.55 0.0
0.716 0.0
0.718 0.0
0.661 0.0
0.826 0.0
0.0 0.0
0.796 0.3
0.833 0.1
0.893 0.4
0.698 0.3
0.801 0.5
0.827 1.7
0.765 1.7
0.864 1.5
0.795 2.4
0.813 1.9
0.808 1.9
0.808 2.8
0.811 3.2
0.673 0.0
0.677 0.0
0.699 0.0
0.693 0.1
0.757 0.1
0.792 0.2
0.742 1.0
0.731 1.1
0.757 1.1
0.757 0.9
0.757 1.1
0.333 0.0
0.483 0.0
1.0 0.0
1.0 1.0
0.75 1.7
0.913 0.4
0.778 0.9
1.0 2.5
0.846 1.8
0.909 1.0
1.0 0.5
0.0 0.5
0.0 0.7
1.0 0.1
0.647 0.0
0.6 0.0
0.55 0.0
0.835 1.6
0.816 1.2
0.834 1.3
0.789 1.2
0.779 1.0
0.736 0.0
0.71 0.0
0.689 0.0
0.587 0.0
0.676 1.1
0.867 0.8
0.81 0.4
1.0 0.3
0.9 0.5
0.794 1.0
0.871 1.4
0.86 1.5
0.875 1.7
0.911 2.1
0.9 2.1
0.915 2.6
0.901 2.6
0.901 2.7
0.888 2.6
0.0 0.3
1.0 0.5
0.808 0.2
0.658 0.5
0.792 0.5
0.647 0.1
0.611 0.2
0.642 0.2
0.621 0.1
0.568 0.2
0.597 0.3
0.645 0.9
0.627 0.4
0.397 0.4
0.397 0.9
0.58 0.7
0.838 1.0
0.753 1.1
0.824 1.1
0.78 0.8
0.511 0.4
0.721 0.4
0.836 0.5
0.674 0.4
0.747 0.7
0.884 1.3
0.826 0.8
0.768 0.5
0.776 0.5
0.776 0.6
0.626 0.7
0.586 0.0
0.471 0.0
0.485 0.0
0.0 0.0
0.624 0.0
0.665 0.0
0.677 0.0
0.635 0.0
0.735 0.0
0.606 0.0
0.741 0.0
0.783 0.0
0.686 0.0
0.787 0.0
0.759 0.1
0.714 0.4
0.365 0.0
0.847 1.0
0.787 0.2
0.333 0.4
0.55 0.7
0.717 0.1
0.764 0.0
0.676 0.0
0.73 0.0
0.765 0.0
0.773 0.0
0.782 0.6
0.817 1.3
0.735 1.5
0.847 1.4
0.798 1.1
0.857 1.8
0.815 1.5
0.843 1.5
0.843 1.3
0.84 1.0
0.968 0.7
0.667 0.2
0.592 0.0
0.652 0.0
0.717 0.0
0.644 0.0
0.69 0.0
0.607 0.0
0.5 0.0
0.682 0.0
0.682 0.0
0.75 0.0
0.778 1.2
0.769 0.9
0.835 1.7
0.784 1.6
0.783 1.1
0.839 1.6
0.847 1.4
0.848 1.4
0.848 1.3
0.833 1.4
0.8 0.3
0.737 1.0
0.648 0.4
0.708 0.6
0.692 1.1
0.69 0.7
0.718 0.8
0.743 0.8
0.743 0.7
0.75 0.3
0.857 1.4
0.866 2.5
0.822 1.2
0.63 1.3
0.795 0.6
0.806 1.6
0.807 0.4
0.833 1.2
0.793 2.0
0.724 1.8
0.775 1.8
0.732 1.1
0.817 1.0
0.743 1.0
0.733 1.0
0.861 1.3
0.83 1.4
0.815 1.5
0.859 1.5
0.859 1.4
0.834 2.5
0.825 2.0
0.875 0.9
0.84 1.5
0.8 1.4
0.636 0.5
0.692 0.0
0.643 0.0
0.66 0.0
0.73 0.0
0.696 0.0
0.736 0.0
0.683 0.0
0.718 0.1
0.693 0.0
0.632 0.0
0.737 0.4
0.676 1.5
0.754 1.3
0.743 1.2
0.726 1.3
0.796 1.1
0.655 1.0
0.716 1.0
0.716 1.2
0.735 1.2
0.873 1.3
0.863 1.6
0.9 1.9
0.88 2.0
0.86 1.7
0.905 2.4
0.873 2.4
0.854 2.4
0.854 2.6
0.898 1.9
0.5 0.0
0.333 0.0
0.421 0.0
0.391 0.0
0.0 0.3
0.667 0.0
0.578 0.0
0.68 0.0
0.725 0.0
0.649 0.0
0.652 0.0
0.686 0.0
0.703 0.0
0.703 0.0
0.705 0.0
0.566 0.0
0.576 0.0
0.714 0.0
0.5 0.0
0.532 0.0
0.523 0.0
0.744 1.2
0.788 1.3
0.74 0.9
0.655 0.5
0.662 0.4
0.689 0.1
0.534 0.1
0.727 0.4
0.777 1.6
0.783 0.8
0.647 0.8
0.647 0.7
0.831 0.5
0.731 0.0
0.727 0.0
0.789 0.0
0.798 0.0
0.733 0.0
0.644 0.1
0.682 0.1
0.759 0.1
0.759 1.1
0.798 1.3
0.841 0.8
0.772 0.3
0.798 0.0
0.681 0.1
0.661 0.0
0.813 0.0
0.806 0.0
0.74 0.0
0.799 0.0
0.817 0.0
0.824 0.0
0.82 0.0
0.82 0.2
0.792 0.2
0.817 0.2
0.776 0.1
0.438 0.0
0.725 0.0
0.0 0.0
0.769 0.0
0.736 0.0
0.0 0.0
0.769 0.2
0.5 0.3
0.739 0.1
0.639 0.4
0.765 1.3
0.729 0.5
0.615 0.5
0.615 0.3
0.7 0.6
0.741 0.8
0.85 0.5
0.8 0.6
0.882 0.3
0.0 0.0
0.691 0.0
0.676 0.0
0.744 0.0
0.739 0.0
0.748 0.0
0.751 0.0
0.737 0.0
0.603 0.0
0.603 0.0
0.489 0.0
0.645 0.4
0.828 0.3
0.5 0.3
0.5 0.0
0.668 0.0
0.76 0.0
0.779 0.0
0.738 0.0
0.773 0.0
0.787 0.0
0.728 0.1
0.699 0.1
0.699 0.9
0.726 0.5
0.78 0.1
0.794 0.0
0.717 0.0
0.823 0.7
0.782 0.5
0.839 0.4
0.807 0.3
0.769 0.3
0.769 0.4
0.756 0.4
0.0 0.0
0.814 0.3
0.803 0.2
0.833 0.4
0.866 0.6
0.834 0.7
0.783 0.3
0.836 0.8
0.819 0.8
0.819 0.3
0.829 0.5
0.743 0.3
0.754 0.1
0.725 0.1
0.833 0.3
0.788 0.1
0.793 0.6
0.87 0.7
0.771 0.5
0.742 1.4
0.808 1.1
0.78 0.8
0.784 1.2
0.826 1.2
0.826 0.4
0.872 0.5
0.654 0.0
0.467 0.0
0.6 0.2
0.609 0.0
0.625 0.0
0.675 0.0
0.635 0.0
0.567 0.0
0.61 0.0
0.815 0.7
0.85 0.9
0.8 1.6
0.816 1.7
0.852 1.3
0.82 2.1
0.825 2.0
0.892 2.0
0.892 1.4
0.829 2.8
0.738 0.7
0.735 0.7
0.691 0.1
0.707 0.0
0.771 0.0
0.574 1.1
0.712 0.5
0.655 0.5
0.655 0.1
0.644 0.6
0.714 0.0
0.0 0.4
0.699 0.0
0.845 1.2
0.866 2.1
0.812 2.7
0.877 2.6
0.844 3.0
0.952 2.0
0.854 2.0
0.854 2.0
0.873 2.8
0.667 0.0
0.567 0.0
0.893 0.9
0.779 1.4
0.906 1.3
0.875 0.9
0.838 1.9
0.885 1.0
0.868 1.0
0.868 1.1
0.805 1.2
0.808 1.5
0.843 1.5
0.841 1.8
0.836 2.3
0.848 1.8
0.803 1.4
0.857 1.4
0.857 2.0
0.849 1.8
0.806 0.4
0.831 0.7
0.806 1.4
0.852 0.9
0.836 1.1
0.797 0.5
0.883 0.5
0.883 1.9
0.778 0.7
0.772 0.4
0.8 0.8
0.753 0.8
0.642 0.6
0.746 0.4
0.772 0.3
0.769 0.3
0.769 0.2
0.776 0.3
0.791 0.6
0.767 1.0
0.745 1.2
0.871 1.6
0.792 1.6
0.795 1.2
0.742 0.9
0.774 0.9
0.774 0.8
0.0 0.0
0.417 0.0
0.823 0.2
0.847 0.3
0.769 0.9
0.736 0.8
0.624 1.0
0.805 1.1
0.748 1.6
0.76 1.2
0.774 1.2
0.774 0.9
0.727 1.6
0.839 1.6
0.867 1.5
0.863 1.3
0.963 2.3
0.818 1.7
0.862 1.4
0.871 1.9
0.733 0.0
0.67 0.0
0.748 0.0
0.748 0.0
0.848 0.0
0.768 0.0
0.795 0.0
0.795 0.0
0.829 1.4
0.0 0.0
0.854 1.9
0.742 1.9
0.825 1.1
0.754 1.3
0.842 1.6
0.785 2.3
0.805 2.3
0.805 2.5
0.888 3.3
0.853 0.9
0.643 0.7
0.662 0.5
0.6 0.0
0.737 0.0
0.652 0.0
0.692 0.0
0.286 0.0
0.667 0.0
0.754 0.0
0.745 0.0
0.711 0.0
0.741 0.0
0.77 0.0
0.824 0.0
0.824 0.0
0.807 0.0
0.672 0.0
0.681 0.0
0.673 0.0
0.642 0.0
0.679 0.0
0.517 0.0
0.577 0.0
0.577 0.0
0.781 1.0
0.772 1.0
0.863 1.1
0.778 1.7
0.817 1.3
0.807 1.6
0.79 1.6
0.79 1.7
0.76 1.9
0.0 0.0
0.686 0.0
0.667 0.1
0.0 0.0
0.385 0.0
0.375 0.0
0.452 0.0
0.525 0.0
0.386 0.0
0.428 0.0
0.397 0.0
0.397 0.0
0.43 0.0
0.706 0.0
0.6 0.0
0.558 0.0
0.6 0.0
0.558 0.0
0.645 0.0
0.647 0.0
0.647 0.0
0.548 0.0
0.83 1.1
0.869 0.9
0.792 1.5
0.826 0.7
0.861 0.9
0.884 1.2
0.86 1.2
0.86 1.0
0.839 1.4
0.793 0.0
0.817 0.0
0.787 0.0
0.625 0.0
0.758 0.0
0.817 0.0
0.814 0.0
0.814 0.0
0.787 1.8
0.691 0.0
0.704 0.0
0.74 0.0
0.714 0.0
0.778 0.0
0.818 0.0
0.772 0.0
0.772 0.0
0.795 0.0
0.789 0.6
0.815 1.2
0.85 1.9
0.824 1.1
0.704 2.5
0.821 1.9
0.804 1.9
0.804 2.1
0.822 2.4
0.8 0.9
0.8 0.8
0.7 1.7
0.579 1.4
0.714 1.0
0.738 0.3
0.0 0.3
0.879 1.7
0.809 1.4
0.756 1.5
0.773 1.7
0.82 1.6
0.864 1.4
0.827 1.4
0.827 1.3
0.729 0.1
0.699 0.0
0.707 0.0
0.641 0.2
0.571 0.1
0.687 0.9
0.589 0.9
0.589 0.2
0.526 0.5
0.66 0.0
0.638 0.0
0.583 0.0
0.461 0.0
0.591 0.0
1.0 0.0
0.667 0.0
0.667 0.0
0.5 0.0
0.87 2.0
0.886 1.9
0.897 1.7
0.933 0.4
0.909 1.2
0.828 1.9
0.888 1.9
0.888 1.2
0.744 0.8
0.637 0.0
0.716 0.0
0.801 0.0
0.674 0.0
0.762 0.0
0.689 0.4
0.788 0.2
0.766 1.6
0.858 1.4
0.697 1.5
0.629 1.4
0.755 1.5
0.793 0.0
0.667 0.4
0.6 0.1
0.455 0.1
0.455 0.9
0.643 0.9
0.773 0.0
0.745 0.0
0.753 0.0
0.771 0.0
0.771 0.1
0.821 0.1
0.843 0.1
0.843 0.3
0.825 1.3
0.692 0.0
0.715 0.0
0.605 0.0
0.602 0.0
0.694 0.0
0.579 0.0
0.622 0.0
0.622 0.1
0.5 1.1
0.769 0.7
0.802 0.5
0.745 0.7
0.863 1.6
0.805 1.4
0.783 1.4
0.783 1.4
0.617 1.4
0.733 0.2
0.696 1.4
0.796 1.0
0.705 1.1
0.707 0.6
0.833 0.6
0.375 0.0
0.688 0.3
0.815 0.3
0.78 0.4
0.842 0.9
0.823 1.2
0.8 1.5
0.826 1.3
0.835 1.3
0.835 1.3
0.812 2.5
0.769 0.0
0.9 0.0
0.719 0.0
0.705 0.0
0.556 0.0
0.0 0.6
0.711 0.5
0.687 0.2
0.808 0.9
0.767 0.7
0.841 0.5
0.547 0.0
0.657 0.0
0.613 0.0
0.629 0.0
0.636 0.0
0.667 0.0
0.667 0.0
0.597 0.0
0.678 0.0
0.667 0.1
0.533 0.1
0.77 1.1
0.855 1.5
0.771 1.1
0.762 1.0
0.821 0.8
0.827 0.8
0.827 0.4
0.623 0.0
1.0 0.3
0.875 0.3
0.765 1.3
0.773 1.7
0.702 1.7
0.702 1.8
0.6 1.5
0.672 1.3
0.673 0.8
0.685 0.6
0.537 0.9
0.68 0.5
0.733 0.5
0.733 1.6
0.648 0.4
0.722 0.0
0.574 0.0
0.724 0.6
0.697 0.8
0.647 0.4
0.25 0.4
0.851 0.5
0.871 0.6
0.83 0.6
0.88 0.9
0.857 1.3
0.788 1.3
0.788 1.2
0.858 1.1
0.646 0.0
0.726 0.0
0.652 0.0
0.65 0.0
0.567 0.0
0.617 0.0
0.617 0.7
0.695 1.1
0.885 2.0
0.934 2.1
0.809 3.5
0.9 3.3
0.885 3.6
0.914 3.6
0.914 5.1
0.908 4.1
0.821 1.0
0.759 0.3
0.814 0.7
0.765 0.5
0.6 0.7
0.833 0.7
0.763 0.1
0.813 0.4
0.81 0.4
0.831 0.8
0.824 0.4
0.832 0.4
0.832 0.6
0.85 0.4
0.809 1.8
0.794 0.7
0.846 1.2
0.905 0.6
0.735 0.4
0.615 0.4
0.615 1.3
0.848 0.3
0.871 0.8
0.792 0.7
0.8 1.2
0.907 0.6
0.909 1.4
0.813 1.4
0.813 1.3
0.857 2.4
0.748 0.8
0.771 0.3
0.779 0.7
0.775 0.3
0.771 0.9
0.694 0.9
0.694 1.3
0.796 1.1
0.826 0.6
0.762 0.3
0.5 0.4
0.5 0.5
0.621 0.3
0.783 0.7
0.788 0.8
0.795 0.3
0.705 0.2
0.701 0.2
0.701 0.2
0.667 0.0
0.646 0.0
0.676 0.0
0.622 0.0
0.679 0.0
0.751 0.0
0.717 0.0
0.717 0.0
0.692 0.0
0.667 0.9
0.0 1.5
0.79 2.2
0.848 1.9
0.794 2.4
0.874 2.4
0.874 1.5
0.739 1.7
0.743 0.0
0.779 0.0
0.813 0.0
0.72 0.0
0.681 0.0
0.698 0.0
0.698 0.0
0.808 1.4
0.843 1.8
0.846 2.3
0.851 2.4
0.866 2.6
0.868 2.6
0.868 2.9
0.86 3.2
0.745 0.1
0.785 0.2
0.76 0.5
0.824 0.5
0.761 0.6
0.848 0.6
0.848 0.7
0.767 0.8
0.676 0.0
0.706 0.0
0.638 0.0
0.656 0.0
0.685 0.0
0.738 0.0
0.738 0.0
0.712 0.0
0.756 1.0
0.823 1.0
0.783 1.2
0.752 0.9
0.81 1.3
0.855 1.3
0.855 1.3
0.843 1.5
0.846 0.4
0.5 1.0
0.63 0.0
0.75 0.0
0.661 0.3
0.749 0.3
0.784 1.2
0.836 1.2
0.836 0.8
0.752 1.6
0.684 0.1
0.817 1.6
0.809 2.0
0.808 2.2
0.819 1.9
0.751 1.9
0.839 1.9
0.839 1.1
0.731 1.0
0.729 0.2
0.662 0.3
0.704 0.0
0.597 0.4
0.844 0.2
0.657 0.2
0.657 0.4
0.574 1.1
0.757 0.9
0.764 1.2
0.824 1.2
0.756 1.2
0.798 0.9
0.73 0.9
0.73 0.5
0.686 0.5
0.829 1.9
0.844 2.0
0.86 2.4
0.797 2.5
0.837 2.9
0.752 2.9
0.752 2.4
0.863 2.4
0.722 0.5
0.729 0.7
1.0 0.5
0.726 0.4
0.795 1.9
0.894 1.5
0.906 1.6
0.896 2.1
0.857 1.2
0.906 1.2
0.906 1.3
1.0 1.6
0.571 0.7
0.766 1.5
1.0 0.9
0.842 1.7
0.89 1.2
0.0 0.0
0.5 0.2
0.821 1.2
0.646 0.7
0.8 0.8
0.667 0.6
0.8 1.2
0.79 0.2
0.0 0.6
0.667 0.6
0.711 0.4
0.45 0.3
0.778 0.0
0.717 0.4
0.837 0.3
0.794 0.8
0.757 1.1
0.881 0.9
0.846 1.0
0.862 1.0
0.862 1.4
0.837 1.1
0.7 0.4
0.581 0.0
0.543 0.0
0.65 0.0
0.604 0.0
0.814 1.2
0.788 2.1
0.865 2.0
0.881 1.5
0.804 1.1
0.821 1.1
0.821 1.5
0.848 0.8
0.839 1.3
0.746 1.0
0.725 0.6
0.476 0.3
0.0 0.2
1.0 0.2
0.715 0.3
0.667 0.5
0.587 0.2
0.777 0.2
0.767 0.1
0.731 0.3
0.579 0.0
0.583 0.0
0.65 0.0
0.639 0.0
0.579 0.0
0.0 0.0
0.5 0.0
0.929 0.0
0.6 0.0
0.867 0.0
0.781 0.0
0.781 0.0
0.714 0.0
0.773 0.2
0.754 0.1
0.737 0.2
0.664 0.5
0.712 0.5
0.712 1.5
0.737 1.1
0.778 0.4
0.75 0.5
0.857 1.4
0.503 0.0
0.456 0.0
0.562 0.0
0.619 0.0
0.582 0.0
0.582 0.0
0.545 0.0
0.333 1.1
0.85 1.0
0.769 1.3
0.778 0.9
0.684 0.9
0.684 0.9
0.78 1.3
0.744 0.2
0.636 0.4
0.791 1.2
0.772 1.1
0.8 1.1
0.8 1.5
0.802 1.6
0.673 0.0
0.602 0.0
0.556 0.0
0.618 0.4
0.581 0.4
0.581 0.2
0.67 0.4
0.0 0.2
0.5 0.3
0.795 0.8
0.755 1.3
0.804 1.6
0.79 1.6
0.79 1.9
0.78 2.0
0.687 0.0
0.702 0.1
0.738 0.0
0.726 0.0
0.782 0.0
0.782 1.1
0.718 1.8
0.869 1.2
0.793 1.2
0.811 1.1
0.555 0.0
0.67 0.0
0.617 0.0
0.528 0.0
0.487 0.0
0.487 0.0
0.559 0.0
0.783 0.0
0.657 0.3
0.65 0.0
0.703 0.0
0.5 0.0
0.636 0.0
0.68 0.1
0.828 0.1
0.828 0.1
0.643 0.1
0.595 0.0
0.649 0.0
0.688 0.0
0.669 0.0
0.669 0.0
0.669 0.0
0.709 0.1
0.769 0.5
0.562 0.0
0.642 0.0
0.636 0.0
0.833 0.0
0.678 0.6
0.762 1.4
0.802 2.2
0.807 2.3
0.864 1.5
0.727 1.5
0.727 2.6
0.86 2.6
0.642 0.0
0.521 0.1
0.66 0.2
0.715 0.1
0.728 0.1
0.728 0.2
0.727 0.6
0.731 0.2
0.763 0.5
0.711 0.8
0.832 1.4
0.827 1.1
0.816 1.6
0.812 1.6
0.812 1.8
0.824 2.0
0.786 0.2
0.583 0.0
0.635 0.2
0.612 0.1
0.63 0.7
0.655 0.0
0.583 0.0
0.643 0.0
0.667 0.0
0.0 0.0
0.591 0.1
0.75 0.0
0.789 0.0
0.618 1.1
0.86 1.0
0.875 1.0
0.875 0.4
0.696 0.8
0.706 1.0
0.771 1.3
0.792 1.2
0.804 1.2
0.804 1.3
0.652 0.4
0.824 0.0
0.784 0.0
0.76 0.7
0.798 1.1
0.785 1.2
0.823 0.9
0.795 0.9
0.795 1.0
0.815 1.6
0.622 0.0
0.739 0.0
0.689 0.0
0.657 0.0
0.75 0.0
0.75 0.0
0.74 0.0
0.712 0.0
0.684 0.0
0.769 0.0
0.754 0.0
0.718 0.0
0.718 0.0
0.716 0.0
0.5 0.0
0.808 1.5
0.781 1.3
0.865 1.3
0.895 0.9
0.867 0.9
0.867 1.0
0.855 0.0
0.444 0.3
0.714 0.0
0.702 0.7
0.762 0.8
0.704 1.3
0.788 1.3
0.788 1.3
0.853 1.4
0.763 0.0
0.743 0.0
0.744 0.0
0.747 0.0
0.837 0.0
0.837 0.0
0.0 0.0
0.643 0.0
0.0 0.0
0.706 0.3
0.623 1.0
0.787 0.7
0.808 1.2
0.74 1.2
0.618 0.0
0.701 0.0
0.56 0.0
0.474 0.0
0.618 0.0
0.473 0.0
0.5 0.0
0.71 0.0
0.671 0.0
0.693 0.0
0.871 0.0
0.707 0.0
0.707 0.0
0.826 0.0
0.571 0.1
0.7 0.2
0.429 0.0
0.564 0.3
0.596 0.3
0.596 0.7
0.693 0.3
0.543 0.0
0.691 0.0
0.73 0.0
0.699 0.0
0.75 0.0
0.75 0.0
0.813 0.3
0.786 0.1
0.471 0.8
0.652 1.1
0.711 0.3
0.627 0.3
0.627 0.4
0.784 0.3
0.808 0.2
0.676 0.7
0.74 0.6
0.813 0.4
0.752 0.4
0.752 0.2
0.827 0.5
0.656 0.0
0.754 0.0
0.748 0.0
0.638 0.0
0.778 0.0
0.589 0.0
0.773 0.7
0.821 1.1
0.805 1.4
0.88 1.6
0.758 1.6
0.758 0.8
0.846 0.3
0.766 0.0
0.789 0.2
0.804 1.3
0.805 0.8
0.785 0.8
0.785 1.5
0.791 1.1
0.0 0.0
0.786 0.0
0.717 0.0
0.66 0.0
0.702 0.0
0.702 0.0
0.63 0.0
0.619 0.0
0.4 0.0
0.483 0.0
0.521 0.0
0.517 0.0
0.583 0.0
0.583 0.0
0.628 0.0
0.764 0.2
0.734 0.4
0.727 0.5
0.713 0.6
0.748 1.0
0.822 1.0
0.822 1.0
0.752 0.6
0.768 0.5
0.803 1.0
0.769 1.1
0.834 1.1
0.834 1.0
0.832 1.2
0.776 0.4
0.65 0.7
0.779 0.7
0.716 0.7
0.716 0.7
0.8 0.2
0.667 0.0
0.665 0.0
0.613 0.0
0.65 0.0
0.691 0.0
0.691 0.0
0.613 0.0
0.833 0.9
0.859 0.8
0.905 0.2
0.956 0.2
0.956 0.2
0.917 0.0
0.4 0.7
0.5 1.2
0.784 0.7
0.0 0.7
0.0 1.2
0.615 0.2
0.5 0.4
0.667 0.0
0.815 0.6
0.752 0.5
0.807 1.3
0.788 1.3
0.788 1.1
0.831 1.3
0.7 0.2
0.6 0.0
0.872 1.8
0.855 1.7
0.861 2.1
0.863 2.1
0.863 1.6
0.885 2.5
0.862 0.3
0.839 1.0
0.893 0.9
0.83 0.9
0.83 1.5
0.864 1.3
0.872 0.0
0.72 0.0
0.647 0.2
0.857 0.2
0.823 0.2
0.734 0.2
0.734 0.4
0.764 0.6
0.667 0.0
0.795 0.0
0.73 0.2
0.782 0.2
0.782 0.1
0.797 0.1
0.759 1.6
0.733 1.5
0.802 2.0
0.874 2.0
0.874 2.3
0.852 0.8
0.824 0.5
0.773 1.1
0.825 1.0
0.802 1.0
0.802 1.0
0.802 1.8
0.874 2.0
0.75 0.0
0.462 0.5
0.787 0.1
0.627 0.1
0.627 0.6
0.762 0.7
0.474 0.2
0.5 0.0
0.712 0.6
0.563 0.8
0.865 0.7
0.806 0.7
0.806 0.8
0.738 0.7
1.0 0.9
0.797 0.7
0.765 0.2
0.6 0.2
0.6 0.8
0.629 1.1
0.667 0.5
0.649 0.4
0.654 0.2
0.444 0.2
0.75 1.1
0.564 1.2
0.761 1.4
0.628 1.4
0.628 1.4
0.749 1.5
0.717 0.5
0.732 0.4
0.792 0.7
0.763 0.7
0.763 0.7
0.735 0.9
0.44 0.0
0.529 0.0
0.593 0.6
0.551 2.0
0.729 1.8
0.742 2.0
0.72 2.0
0.72 1.7
0.684 0.7
0.803 0.5
0.799 0.5
0.802 0.6
0.803 0.6
0.803 0.8
0.847 0.8
0.786 0.1
0.798 1.1
0.766 1.0
0.746 1.1
0.672 1.1
0.672 0.8
0.784 1.2
0.682 0.1
0.571 0.3
0.767 0.3
0.8 0.2
0.6 0.8
0.779 0.8
0.779 0.6
0.0 0.0
0.623 0.0
0.4 0.0
0.513 0.0
0.513 0.0
0.714 0.2
0.707 0.0
0.768 0.0
0.594 0.0
0.5 0.0
0.727 0.0
0.75 0.1
0.832 1.5
0.882 1.8
0.85 1.9
0.868 1.9
0.868 2.0
0.871 3.2
0.839 0.0
0.729 0.0
0.5 0.1
0.727 0.1
0.727 0.7
0.857 0.8
0.5 0.0
0.625 0.1
0.0 0.0
0.692 0.0
0.868 2.6
0.841 2.8
0.795 3.1
0.879 3.1
0.879 3.5
0.873 3.4
0.552 0.0
0.608 0.0
0.693 0.0
0.641 0.0
0.641 0.0
0.616 0.0
0.558 0.0
0.667 0.0
0.532 0.0
0.308 0.0
0.529 0.0
0.683 0.0
0.766 0.0
0.752 0.0
0.752 0.0
0.753 0.3
0.789 1.3
0.798 1.5
0.837 1.4
0.827 1.4
0.827 2.2
0.847 3.0
0.697 0.8
0.706 0.3
0.718 0.7
0.684 0.7
0.684 0.6
0.758 0.6
0.774 0.0
0.0 0.0
0.816 0.1
0.66 0.3
0.784 0.3
0.784 0.3
0.735 1.0
0.758 0.8
0.718 1.1
0.72 1.1
0.72 1.2
0.761 1.0
0.769 0.2
0.813 0.4
0.787 0.4
0.787 1.4
0.806 1.5
0.583 0.0
0.905 0.0
0.865 0.0
0.865 0.0
0.764 0.0
0.614 0.6
0.606 0.6
0.6 0.6
0.6 1.5
0.815 1.3
0.786 1.9
0.788 1.7
0.783 1.7
0.783 1.9
0.767 2.9
0.829 1.6
0.814 2.1
0.75 2.1
0.75 1.7
0.682 1.6
0.467 0.1
0.909 0.6
0.0 0.6
0.759 0.8
0.714 1.0
0.733 1.0
0.733 0.4
0.644 0.6
0.754 0.7
0.773 0.7
0.773 1.7
0.82 2.2
1.0 0.1
0.813 0.2
0.538 0.2
0.538 0.3
0.751 0.0
0.791 0.0
0.805 0.0
0.805 0.6
0.758 0.5
0.795 0.4
0.371 0.0
0.418 0.0
0.389 0.0
0.389 0.0
0.355 0.0
0.769 1.2
0.756 1.5
0.728 1.5
0.728 2.0
0.836 1.9
0.667 0.0
0.69 0.0
0.84 0.0
0.5 0.5
0.818 0.7
0.667 1.4
0.66 1.4
0.66 1.2
0.696 1.1
0.57 0.7
0.594 0.2
0.537 0.2
0.537 0.5
0.622 0.9
0.533 0.0
0.514 0.0
0.569 0.0
0.569 0.0
0.59 0.0
0.61 0.0
0.545 0.0
0.87 0.0
0.843 0.3
1.0 0.9
0.842 0.9
0.842 0.4
0.833 0.3
0.719 0.2
0.0 0.0
0.667 0.4
0.667 0.3
0.649 0.3
0.765 0.4
0.605 0.4
0.606 0.4
0.606 0.5
0.664 0.4
0.749 0.0
0.614 0.0
0.701 0.0
0.701 0.4
0.69 0.0
0.297 0.0
0.588 0.7
1.0 1.1
0.797 0.8
0.891 0.8
0.891 0.8
0.727 0.7
0.809 0.0
0.762 0.9
0.938 0.9
0.938 1.4
0.761 1.0
0.844 2.7
0.871 2.4
0.864 2.4
0.864 3.1
0.892 2.9
0.571 1.3
0.528 0.6
0.889 0.6
0.889 0.5
0.844 1.5
0.861 1.4
0.859 1.4
0.859 1.8
0.888 1.6
1.0 0.6
0.806 0.0
0.0 0.0
0.5 0.6
0.709 0.3
0.727 0.3
0.627 0.3
0.604 0.7
0.602 0.7
0.602 0.4
0.642 0.3
0.643 0.0
0.798 0.4
0.825 0.3
0.6 0.3
0.6 0.7
0.785 0.1
0.667 0.0
0.687 0.2
0.772 0.2
0.772 0.1
0.767 0.0
0.75 0.0
0.561 0.0
0.478 0.0
0.478 0.0
0.576 0.0
0.88 1.0
0.917 0.9
0.854 0.9
0.854 0.5
0.546 0.5
0.636 0.5
0.675 0.5
0.675 0.9
0.681 1.5
0.909 0.9
0.94 0.9
0.892 0.9
0.892 0.3
0.894 0.4
0.523 0.0
0.564 0.0
0.528 0.0
0.528 0.0
0.431 0.0
0.714 2.0
0.837 1.8
0.786 1.8
0.786 1.8
0.79 1.8
0.636 0.0
0.681 0.0
0.671 0.0
0.671 0.0
0.768 0.8
0.78 1.0
0.792 1.0
0.792 0.8
0.794 0.2
0.563 0.0
0.72 0.5
0.756 1.1
0.807 1.1
0.0 0.0
0.744 0.1
0.774 0.1
0.774 0.0
0.806 1.1
0.826 1.2
0.769 1.2
0.769 0.4
0.659 0.2
0.746 0.8
0.778 0.9
0.744 0.9
0.744 0.4
0.64 0.3
0.728 0.7
0.553 0.4
0.634 0.4
0.556 0.1
0.563 0.1
0.818 1.9
0.71 1.6
0.717 1.6
0.717 2.3
0.774 1.5
0.789 0.0
0.762 0.0
0.786 0.0
0.786 0.0
0.761 0.0
0.5 0.0
0.746 1.3
0.685 0.9
0.68 0.9
0.68 1.1
0.713 1.8
0.895 0.0
0.724 0.6
0.641 1.2
0.667 1.2
0.667 0.4
0.764 0.0
0.719 0.0
0.823 0.0
0.823 0.0
0.815 0.0
0.581 0.0
0.502 0.0
0.502 0.0
0.582 0.0
0.683 0.1
0.741 0.1
0.741 0.4
0.724 0.6
0.758 0.8
0.715 0.8
0.79 0.7
0.809 0.7
0.809 1.4
0.771 1.5
0.638 0.1
0.641 0.1
0.641 0.2
0.9 0.6
0.2 1.0
0.4 1.0
0.692 0.2
0.632 0.2
0.632 0.1
0.778 0.4
0.667 0.4
0.667 0.6
0.933 0.9
0.903 1.6
0.752 1.6
0.752 1.4
0.817 0.5
0.889 1.2
0.9 1.2
0.611 0.2
0.533 0.2
0.77 1.9
0.696 1.9
0.696 1.5
0.811 2.0
0.724 1.9
0.817 1.9
0.817 2.3
0.833 0.6
0.703 0.5
0.694 0.5
0.694 0.3
0.654 0.3
0.714 0.3
1.0 0.3
1.0 0.5
0.824 0.8
0.0 2.4
0.82 2.4
0.82 2.5
0.791 2.0
0.75 0.6
0.75 0.6
0.75 1.4
0.867 1.7
0.0 0.0
0.0 0.0
0.0 1.1
0.833 2.0
0.0 0.9
0.846 0.9
0.846 1.4
0.556 2.1
0.8 0.9
1.0 0.9
0.642 0.3
0.649 0.3
0.656 0.0
0.531 0.0
0.531 0.0
0.75 0.0
0.792 1.0
0.763 1.0
0.763 1.3
0.864 1.0
0.634 0.0
0.783 0.0
0.783 0.1
0.827 0.2
1.0 0.3
0.0 0.3
0.492 0.0
0.623 0.0
0.623 0.0
0.569 0.0
0.673 0.3
0.735 0.3
0.735 0.4
0.674 0.3
0.75 0.0
0.692 0.0
0.692 0.0
1.0 0.2
0.83 0.2
0.857 0.8
0.824 0.8
0.824 0.4
0.857 1.2
0.938 0.4
0.828 0.4
0.9 0.5
0.763 0.5
0.763 0.3
0.815 0.9
0.832 0.9
0.832 0.1
0.685 0.3
0.455 0.0
1.0 0.0
0.64 0.5
0.782 0.5
0.782 0.5
1.0 0.6
0.727 0.6
0.645 0.0
0.702 0.0
0.702 0.0
0.728 0.0
0.625 0.4
1.0 0.4
0.744 0.5
0.679 0.5
0.679 0.4
0.676 0.9
0.699 0.9
0.699 2.5
0.827 2.3
0.804 1.7
0.813 1.7
0.813 1.0
0.718 1.1
0.667 0.0
0.0 0.0
0.65 0.5
0.717 0.5
0.717 0.5
0.764 0.6
0.59 0.0
1.0 0.0
1.0 0.2
0.88 0.2
0.88 0.2
0.795 0.7
0.78 1.2
0.819 1.2
0.819 1.4
0.83 1.9
0.811 1.0
0.684 1.0
0.684 1.2
0.75 0.9
0.5 0.0
0.375 0.0
0.626 0.0
0.495 0.0
0.495 0.0
0.642 0.0
0.667 0.5
0.734 0.5
0.734 1.3
0.754 1.9
0.644 0.3
0.673 0.3
0.673 0.2
0.818 0.0
1.0 0.0
0.7 0.3
0.479 0.3
0.479 0.5
0.611 0.6
0.674 0.7
0.827 0.7
0.827 1.0
0.791 1.3
0.756 1.0
0.8 1.0
0.8 0.9
0.909 1.8
0.712 1.6
0.708 1.6
0.708 1.9
0.719 0.8
0.712 0.0
0.68 0.0
0.68 0.0
0.729 0.0
0.656 0.0
0.333 0.0
0.73 0.0
0.774 0.0
0.774 0.0
0.754 0.0
0.609 0.3
0.609 0.0
0.481 0.0
0.643 0.1
0.643 0.2
0.747 0.2
0.8 0.0
0.8 0.1
0.0 0.0
0.0 0.0
0.551 0.0
0.551 0.0
0.422 0.0
0.821 1.2
0.821 1.6
0.833 1.8
0.753 1.2
0.825 0.4
0.825 0.6
0.0 0.3
0.0 0.2
0.0 0.2
0.174 0.0
0.174 0.0
0.379 0.0
0.5 0.3
0.0 0.0
0.829 0.6
0.829 1.4
0.804 1.4
0.429 0.0
0.833 0.5
0.833 0.0
0.0 0.3
0.912 0.4
0.912 0.1
0.576 0.6
0.6 0.2
0.667 0.3
0.75 0.6
0.75 0.2
0.84 0.5
0.84 1.2
0.735 0.8
0.714 0.4
0.714 0.3
0.735 0.5
0.625 1.0
0.476 0.5
0.476 0.3
0.716 0.6
0.808 1.4
0.808 0.9
0.754 1.6
0.721 0.3
0.721 0.5
0.668 1.0
0.5 0.0
0.591 0.8
0.591 0.5
0.658 0.5
0.833 0.3
0.833 0.1
0.8 0.0
0.8 0.2
0.752 0.7
0.861 1.1
0.861 1.1
0.745 0.4
0.745 1.4
0.82 1.9
0.6 0.6
0.6 0.2
0.0 1.6
0.763 1.2
0.763 2.0
0.86 1.9
0.75 0.9
0.75 1.0
0.722 1.5
0.574 0.0
0.574 0.0
1.0 0.1
0.68 0.2
0.681 0.6
0.681 0.8
0.797 1.3
1.0 1.0
1.0 1.3
0.896 1.5
1.0 0.0
0.643 0.1
0.643 0.2
0.899 0.5
0.842 0.7
0.842 1.5
0.793 2.6
0.0 0.0
0.313 0.3
0.313 0.3
0.56 0.0
0.56 0.0
0.531 0.0
0.752 0.7
0.752 0.2
0.8 0.4
0.667 0.4
0.667 1.4
0.857 1.2
0.625 0.0
0.625 0.0
1.0 0.2
0.674 0.6
0.674 0.1
0.722 0.0
0.803 1.2
0.803 2.0
0.807 1.8
0.0 0.0
0.0 0.0
0.786 0.8
0.786 0.6
0.733 0.6
0.609 0.0
0.609 0.0
0.59 0.0
0.5 0.0
0.5 0.0
0.533 0.1
0.636 0.0
0.636 0.0
0.616 0.0
0.444 0.0
0.444 0.0
0.675 0.3
0.722 0.7
0.722 0.4
0.697 0.2
0.697 0.1
0.768 1.3
0.652 0.0
0.652 0.2
0.654 0.2
0.551 0.1
0.551 0.4
0.589 0.5
0.758 0.1
0.758 0.0
0.739 0.3
0.0 0.0
0.0 0.1
0.715 0.2
0.696 1.0
0.696 0.5
1.0 0.4
0.67 0.4
0.67 0.2
0.646 1.4
0.646 1.0
0.777 1.2
0.923 0.2
0.923 0.1
0.859 0.7
0.859 1.5
0.771 1.7
0.5 0.3
0.536 0.0
0.536 0.0
0.5 0.0
0.692 0.2
0.692 0.1
0.745 0.1
0.737 0.1
0.737 0.6
0.703 0.4
0.0 0.0
0.769 0.2
0.783 0.1
0.783 0.0
0.76 0.5
0.76 0.7
0.761 1.3
1.0 0.3
1.0 0.4
0.75 0.1
0.552 0.5
0.552 0.2
0.25 0.4
0.825 1.5
0.81 1.8
0.8 0.8
0.727 0.9
0.84 1.9
0.85 0.6
0.648 0.0
0.0 0.0
1.0 0.4
0.0 0.8
1.0 0.8
0.714 0.0
0.78 0.8
0.522 0.0
0.417 0.0
0.907 0.7
0.725 0.3
0.712 0.2
0.689 0.5
0.931 0.2
0.0 1.0
0.857 0.0
0.784 0.6
0.811 0.6
0.718 0.4
0.73 1.5
0.0 0.0
0.695 0.9
0.763 0.0
0.726 0.2
0.634 0.1
0.478 0.1
0.75 0.5
0.587 0.0
0.5 0.0
0.67 1.0
0.681 0.2
0.743 0.3
0.686 0.0
0.633 0.7
0.727 0.2
0.792 0.9
0.727 0.5
0.838 1.7
0.811 0.7
0.545 0.0
0.667 1.4
0.8 0.8
0.737 2.1
0.75 0.4
0.375 0.0
0.765 0.3
0.811 1.2
0.727 0.5
0.8 0.6
0.75 0.1
0.643 0.0
0.684 0.4
0.619 0.0
0.743 0.4
0.8 0.2
