0.583 18.4
0.727 14.6
0.834 38.7
0.801 38.1
0.841 31.6
0.869 34.6
0.866 27.2
0.784 25.2
0.726 8.5
0.82 23.7
0.81 20.6
0.888 36.6
0.873 37.9
0.916 38.4
0.904 39.3
0.883 38.7
0.903 40.3
0.903 35.9
0.907 36.4
0.952 35.2
0.913 36.1
0.881 34.0
0.915 25.8
0.886 26.5
0.692 12.0
0.621 20.9
0.685 31.5
0.769 34.0
0.74 38.6
0.692 37.1
0.734 34.1
0.715 31.8
0.75 27.3
0.631 10.9
0.638 9.5
0.851 26.6
0.856 33.6
0.859 35.5
0.824 26.4
0.805 24.3
0.838 23.8
0.877 14.1
0.831 32.0
0.742 18.6
0.789 20.6
0.729 17.3
0.0 14.6
0.734 19.5
0.692 21.1
0.732 24.7
0.764 17.7
0.818 13.3
0.657 25.2
0.884 33.3
0.888 28.7
0.878 28.4
0.854 15.0
0.853 10.0
0.786 15.7
0.785 11.0
0.692 28.9
0.692 21.5
0.816 24.1
0.753 35.4
0.803 24.1
0.791 27.5
0.81 14.7
0.444 12.5
0.938 16.1
0.655 17.1
0.762 12.3
0.75 20.5
0.791 12.1
0.74 10.7
0.7 14.6
0.778 9.2
0.464 12.8
0.586 7.6
0.723 31.1
0.633 18.1
0.673 24.3
0.726 7.6
0.529 10.6
0.0 12.0
0.85 20.1
0.816 37.5
0.846 33.1
0.795 30.6
0.827 21.5
0.837 17.0
0.661 21.7
0.88 17.9
0.95 15.3
0.877 24.2
0.931 18.4
0.86 19.3
0.845 21.8
0.873 17.1
0.638 24.6
0.677 25.1
0.746 20.2
0.742 23.4
0.723 27.0
0.664 23.9
0.0 12.0
0.75 15.6
0.676 24.6
0.786 28.4
0.747 37.5
0.788 37.4
0.776 35.3
0.868 34.6
0.853 30.0
1.0 30.8
0.892 23.4
0.735 21.1
0.773 17.8
0.714 12.9
0.83 13.3
0.5 10.5
0.827 23.6
0.897 25.1
0.854 12.5
0.87 19.2
0.761 33.2
0.803 33.4
0.861 36.3
0.815 38.6
0.775 38.6
0.849 34.0
0.83 32.8
0.78 34.7
0.789 27.4
0.861 28.6
0.629 14.3
0.842 28.7
0.885 31.4
0.878 35.4
0.878 35.8
0.898 36.1
0.894 36.2
0.883 32.3
0.918 35.3
0.913 34.1
0.91 32.1
0.916 30.4
0.895 19.0
0.938 16.3
0.697 17.1
0.614 19.8
0.644 16.7
0.571 16.9
0.697 9.4
0.811 17.3
0.727 29.3
0.719 26.0
0.713 27.7
0.757 31.0
0.754 22.3
0.638 10.4
0.679 18.6
0.958 12.2
0.723 17.0
0.798 8.8
0.813 7.6
0.556 8.6
0.6 6.6
0.6 7.0
0.825 11.3
0.609 28.8
0.479 31.3
0.404 32.0
0.579 32.0
0.634 33.6
0.607 30.0
0.589 30.2
0.652 18.8
0.614 22.5
0.75 16.1
0.659 7.5
0.833 9.2
0.667 9.6
0.0 9.7
0.824 11.2
0.77 19.4
0.865 22.5
0.877 26.4
0.921 25.7
0.874 30.8
0.898 16.0
0.787 14.3
0.922 21.4
0.806 11.7
0.837 11.5
0.708 37.8
0.742 39.6
0.685 38.7
0.773 37.0
0.752 39.2
0.775 38.5
0.761 34.3
0.787 31.7
0.676 30.2
0.738 34.7
0.78 28.9
0.733 21.2
0.71 19.4
0.649 13.5
0.522 13.5
0.522 13.2
0.871 30.1
0.647 5.1
0.8 9.3
0.852 32.0
0.858 33.4
0.836 34.4
0.854 34.4
0.864 31.7
0.827 20.2
0.787 11.6
0.575 6.0
0.0 8.2
0.533 8.8
0.707 11.5
0.833 10.3
0.871 24.3
0.77 9.1
0.853 38.3
0.829 41.5
0.843 37.6
0.852 40.7
0.816 41.0
0.85 40.8
0.868 38.9
0.84 36.1
0.856 38.8
0.811 33.9
0.828 38.5
0.845 38.6
0.839 29.5
0.857 34.5
0.813 34.5
0.813 28.2
0.6 6.9
0.75 6.3
0.728 20.1
0.69 20.2
0.802 13.3
0.741 21.7
0.778 24.1
0.782 18.1
0.794 16.8
0.864 13.9
0.75 10.4
0.828 28.1
0.714 11.3
0.673 12.3
0.628 17.5
0.667 34.7
0.626 21.2
0.66 30.0
0.721 30.5
0.723 33.2
0.712 33.8
0.729 34.9
0.708 31.0
0.725 31.3
0.639 26.1
0.614 22.9
0.453 10.4
0.709 28.0
0.797 15.5
0.801 13.7
0.685 9.8
0.611 5.4
1.0 3.0
1.0 21.5
0.878 24.7
0.873 11.2
0.704 11.2
0.926 11.9
0.684 14.2
0.857 9.2
0.944 11.0
0.944 6.3
0.631 22.8
0.528 18.6
0.66 17.4
0.0 11.2
0.686 13.1
0.727 18.5
0.0 28.0
0.753 22.9
0.731 15.9
0.846 14.0
1.0 8.7
0.765 39.8
0.798 34.2
0.806 38.2
0.806 36.7
0.798 36.8
0.799 38.1
0.802 38.9
0.816 36.8
0.817 30.8
0.84 28.1
0.74 25.3
0.826 25.8
0.816 24.4
0.821 16.5
0.789 16.5
0.789 16.8
0.833 24.6
0.858 35.2
0.86 34.6
0.861 35.0
0.873 25.8
0.865 34.0
0.863 24.3
0.879 23.2
0.649 25.6
0.582 17.1
0.532 25.3
0.676 24.6
0.783 12.3
0.743 5.3
0.5 24.0
0.687 29.0
0.58 26.2
0.61 17.3
0.649 10.7
0.845 22.8
0.817 8.8
0.897 34.5
0.851 33.9
0.81 33.9
0.86 29.3
0.897 26.4
0.667 11.7
0.592 27.0
0.674 22.3
0.656 13.5
0.708 4.8
0.889 4.6
0.75 23.0
0.5 4.6
0.75 8.5
0.685 35.9
0.815 27.2
0.784 24.8
0.754 10.0
0.857 14.7
0.892 19.7
0.833 7.7
0.708 14.6
0.75 8.0
1.0 27.3
0.788 13.5
0.819 18.7
0.733 7.6
0.875 21.6
0.794 20.9
0.769 24.9
0.806 35.1
0.833 38.4
0.843 32.3
0.826 37.3
0.838 39.9
0.864 38.1
0.872 31.1
0.857 30.2
0.854 26.9
0.927 29.3
0.871 30.3
0.866 26.6
0.901 26.6
0.901 26.9
0.904 26.3
0.866 16.9
0.851 12.9
0.815 13.6
0.894 25.0
0.883 23.0
0.882 11.9
0.865 10.4
0.906 7.1
0.895 19.6
0.864 15.0
0.681 8.6
0.843 15.8
0.849 23.3
0.791 19.9
0.8 17.6
0.845 13.8
0.532 23.8
0.645 24.1
0.698 32.5
0.654 27.3
0.605 23.6
0.591 25.2
0.623 24.4
0.575 23.0
0.638 23.3
0.604 16.0
0.545 5.5
0.776 26.5
0.752 13.0
0.855 21.3
0.842 27.0
0.816 28.5
0.845 22.0
0.832 30.4
0.776 13.8
0.754 38.7
0.818 35.7
0.771 32.1
0.765 25.6
0.757 21.4
0.677 40.5
0.58 37.8
0.71 40.1
0.673 34.4
0.761 36.5
0.675 35.3
0.745 39.0
0.75 34.6
0.757 33.6
0.821 28.4
0.771 20.5
0.632 31.4
0.708 29.3
0.633 22.1
0.613 21.4
0.606 6.4
0.533 10.1
0.818 27.6
0.889 14.2
0.871 24.1
0.762 7.6
0.833 4.6
0.875 23.8
0.79 39.6
0.748 31.3
0.718 32.9
0.815 41.1
0.797 37.3
0.839 36.1
0.787 21.8
0.861 13.9
0.573 10.4
0.56 17.2
0.644 17.1
0.815 6.1
0.932 3.0
0.787 23.0
0.804 28.0
0.782 15.4
0.841 23.9
0.757 16.0
0.571 9.3
0.763 31.0
0.833 14.5
0.691 30.3
0.615 29.8
0.713 28.6
0.654 8.7
0.847 16.8
0.826 13.9
0.783 14.3
0.865 14.7
0.61 12.0
0.8 12.5
0.878 10.7
0.698 11.1
0.833 17.6
0.772 19.6
0.83 16.0
0.78 22.7
0.835 21.7
0.809 18.5
0.845 26.9
0.825 18.3
0.77 22.0
0.83 14.4
0.742 11.7
0.737 12.7
0.793 6.1
0.0 5.2
0.389 7.6
0.533 3.7
0.618 40.6
0.799 39.3
0.71 36.6
0.599 33.4
0.67 34.8
0.629 34.1
0.637 34.0
0.73 33.7
0.692 31.3
0.725 28.4
0.716 28.2
0.695 30.1
0.817 29.2
0.731 28.9
0.74 28.9
0.74 25.2
0.825 15.6
0.796 27.4
0.848 21.7
0.854 19.3
0.795 12.3
0.698 5.2
0.79 25.5
0.631 14.3
0.657 9.6
0.606 7.9
0.685 13.9
0.733 16.0
0.944 9.4
0.775 39.9
0.837 38.3
0.861 38.6
0.85 36.8
0.831 26.5
0.852 22.2
0.918 26.9
0.8 28.8
0.823 15.4
0.806 28.2
0.847 34.5
0.8 21.6
0.797 30.0
0.862 31.6
0.833 27.9
0.853 27.4
0.883 29.8
0.846 27.2
0.856 28.0
0.806 23.9
0.851 17.4
0.921 17.6
0.727 25.8
0.668 21.3
0.657 16.0
0.75 16.7
0.68 13.0
0.778 28.8
0.795 13.1
0.655 11.2
0.815 16.9
0.88 12.0
0.767 11.3
0.714 4.0
0.75 18.6
0.516 21.8
0.61 10.4
0.54 23.9
0.669 26.1
0.634 25.1
0.604 23.2
0.639 24.5
0.593 24.7
0.658 15.9
0.556 16.8
0.563 12.8
0.779 27.9
0.824 28.7
0.754 22.3
0.441 18.8
0.398 21.8
0.673 13.0
0.543 21.8
0.556 23.7
0.612 9.9
0.44 9.4
0.471 6.2
0.817 41.1
0.773 41.0
0.8 40.4
0.775 38.2
0.823 34.2
0.787 28.1
0.829 19.9
0.623 12.9
0.607 8.5
0.764 39.2
0.801 40.5
0.751 39.4
0.791 38.1
0.811 38.9
0.81 39.4
0.835 32.8
0.801 31.1
0.841 29.9
0.837 31.3
0.862 31.1
0.857 29.7
0.786 20.5
0.809 20.3
0.8 20.3
0.8 14.6
0.692 5.4
0.867 30.1
0.836 31.9
0.83 11.0
0.0 13.5
0.879 16.5
0.811 8.4
0.889 9.2
0.684 15.0
0.685 9.0
0.709 21.5
0.675 22.7
0.79 23.8
0.76 20.4
0.75 21.7
0.674 21.4
0.75 15.5
0.706 16.5
0.773 16.9
0.8 16.7
0.722 21.7
0.677 25.2
0.764 25.2
0.735 20.3
0.681 21.0
0.757 24.9
0.784 23.8
0.769 9.7
0.571 5.6
0.797 31.3
0.849 32.2
0.771 30.3
0.782 16.5
0.722 11.8
0.775 29.1
0.721 17.0
0.0 20.1
0.75 23.8
0.837 18.6
0.844 7.0
0.0 9.7
0.75 23.9
0.774 10.8
0.789 8.8
0.792 25.7
0.757 16.6
1.0 14.9
0.714 20.6
0.833 13.5
0.815 4.5
0.592 17.3
0.504 12.3
0.481 9.0
0.6 5.9
0.868 35.0
0.89 32.2
0.833 35.5
0.868 38.5
0.858 35.3
0.845 36.8
0.861 33.7
0.833 34.0
0.848 33.7
0.846 27.2
0.849 24.9
0.784 21.8
0.625 15.7
0.652 4.0
1.0 10.3
0.698 9.9
0.604 4.1
0.636 30.8
0.81 30.6
0.794 27.6
0.804 24.2
0.739 18.0
0.801 23.5
0.794 12.7
0.812 31.4
0.743 32.8
0.792 36.6
0.688 33.1
0.778 27.4
0.725 25.5
0.767 18.1
0.712 11.0
0.656 29.8
0.799 30.1
0.77 30.9
0.734 38.6
0.672 36.6
0.694 32.9
0.694 27.0
0.774 34.9
0.793 30.5
0.757 22.8
0.735 27.5
0.676 11.9
0.75 15.0
0.763 20.3
0.709 25.0
0.82 15.6
0.744 18.2
0.718 11.4
0.626 8.5
0.773 7.5
0.77 21.0
0.842 25.6
0.804 21.8
0.846 15.5
0.0 9.2
0.833 9.4
0.5 8.0
0.375 17.9
0.6 20.9
0.67 13.1
0.735 5.3
0.638 16.2
0.533 18.2
0.638 11.3
0.667 15.4
0.539 10.4
0.673 11.0
0.652 5.8
0.615 36.6
0.863 29.1
0.63 31.2
0.65 24.1
0.675 7.6
0.866 17.8
0.84 12.4
0.82 22.8
0.845 16.7
0.711 26.4
0.783 29.3
0.769 15.9
0.645 18.6
0.789 18.8
0.647 16.5
0.594 13.0
0.686 19.2
0.857 18.6
0.861 19.8
0.8 13.1
0.852 17.5
0.805 16.9
0.917 19.0
0.917 18.3
0.792 17.9
0.923 17.5
0.909 37.8
0.87 37.9
0.919 36.0
0.913 26.6
0.773 32.5
0.761 35.5
0.803 35.5
0.809 26.6
0.843 31.7
0.806 26.5
0.824 7.1
0.786 11.2
0.676 22.4
0.786 10.4
0.829 6.8
0.8 7.3
0.817 22.9
0.876 32.9
0.9 17.3
0.818 21.9
0.778 22.2
0.923 16.3
0.813 10.3
0.766 28.1
0.737 31.9
0.731 33.8
0.797 38.7
0.777 35.6
0.756 37.1
0.676 29.7
0.798 26.9
0.807 24.8
0.802 19.7
0.5 23.2
0.723 20.0
0.625 15.1
0.793 11.8
0.5 14.3
0.909 9.0
0.778 9.5
0.6 9.4
0.679 21.4
0.754 30.0
0.781 31.3
0.746 33.5
0.799 29.3
0.834 27.3
0.807 30.4
0.802 27.2
0.799 20.9
0.743 15.9
0.814 43.7
0.812 42.5
0.774 42.5
0.745 42.3
0.835 43.1
0.814 42.5
0.795 41.8
0.809 36.7
0.781 30.9
0.739 21.6
0.81 28.4
0.846 23.7
0.752 21.4
0.862 25.0
0.733 23.8
0.774 19.3
0.79 20.9
0.0 16.0
0.822 33.2
0.862 20.8
0.855 39.0
0.843 31.0
0.931 12.8
0.802 12.7
0.825 13.5
0.765 27.2
0.79 24.4
0.828 16.0
0.805 18.3
0.785 28.9
0.791 17.9
0.763 13.7
0.719 9.9
0.706 28.2
0.76 36.8
0.785 35.4
0.83 35.9
0.786 33.1
0.813 39.1
0.832 39.6
0.826 38.6
0.779 35.9
0.816 25.8
0.825 19.5
0.7 11.9
0.857 4.6
0.715 37.0
0.734 39.3
0.789 29.0
0.748 38.3
0.76 40.1
0.731 38.0
0.736 38.7
0.76 38.2
0.754 36.5
0.647 32.9
0.731 33.1
0.683 21.5
0.691 11.3
0.697 10.8
0.64 12.8
0.689 21.9
0.798 27.7
0.752 26.4
0.752 19.4
0.754 22.2
0.814 18.5
0.753 13.1
0.683 19.9
0.742 9.0
0.769 13.8
0.736 24.0
0.538 20.5
0.455 17.0
0.682 14.6
0.607 8.9
0.64 4.5
0.712 16.2
0.729 14.5
0.741 24.6
0.764 31.4
0.791 25.5
0.64 19.6
0.682 19.9
0.714 6.0
0.844 39.0
0.837 38.1
0.822 37.0
0.835 35.5
0.806 32.5
0.781 24.9
0.787 19.6
0.755 26.4
0.662 27.6
0.687 8.9
0.609 24.1
0.733 27.5
0.727 7.7
0.745 24.3
0.815 8.5
0.455 2.0
0.771 16.4
0.794 20.7
0.933 11.9
0.975 12.7
0.814 37.3
0.814 37.4
0.841 36.6
0.827 36.9
0.74 37.2
0.795 36.7
0.778 36.3
0.818 35.6
0.819 36.0
0.808 33.2
0.87 28.7
0.786 26.9
0.818 21.7
0.757 16.9
0.541 18.5
0.754 29.5
0.852 34.1
0.803 28.3
0.805 22.6
0.873 12.7
0.5 8.8
0.762 9.0
0.631 25.3
0.712 27.0
0.706 20.8
0.729 20.7
0.721 15.7
0.833 25.3
0.868 29.1
0.833 20.5
0.8 15.1
0.698 31.5
0.695 23.3
0.682 19.3
0.769 27.5
0.811 24.8
0.68 13.0
0.769 7.5
0.895 10.8
0.552 12.8
0.727 9.0
0.6 6.2
0.797 23.5
0.783 30.6
0.804 30.6
0.791 18.0
0.625 17.6
0.714 13.6
0.826 36.4
0.81 39.5
0.82 36.6
0.763 38.0
0.777 36.9
0.818 39.1
0.841 38.0
0.838 36.2
0.836 32.9
0.806 32.0
0.802 26.0
0.838 14.4
0.622 16.2
0.0 13.5
0.909 6.0
1.0 12.0
0.667 13.4
0.882 4.4
0.0 6.5
0.0 15.7
0.529 8.1
0.713 28.3
0.699 11.9
0.699 8.7
0.792 20.5
0.762 26.5
0.875 30.7
0.771 28.7
0.861 24.2
0.855 26.6
0.883 14.7
0.781 11.8
0.719 19.8
0.625 18.5
0.554 21.8
0.667 21.2
0.636 24.2
0.671 19.3
0.703 11.0
0.648 14.5
0.59 17.3
0.483 14.7
0.5 10.9
0.426 8.4
0.517 7.6
0.25 6.1
0.774 25.6
0.801 31.3
0.802 36.0
0.848 36.9
0.857 29.5
0.828 30.5
0.82 35.7
0.812 31.1
0.824 29.7
0.835 20.9
0.834 27.5
0.856 14.3
0.655 18.9
0.73 29.8
0.717 33.9
0.751 30.6
0.602 30.1
0.535 21.0
0.541 9.2
0.455 12.9
0.483 10.0
0.356 8.8
0.5 11.0
0.818 18.2
0.793 38.0
0.797 36.2
0.763 32.7
0.729 13.5
0.667 6.8
0.79 38.9
0.781 40.0
0.803 40.2
0.817 40.0
0.834 36.6
0.755 37.1
0.769 33.5
0.716 18.0
0.81 38.4
0.845 41.6
0.851 40.7
0.851 38.8
0.833 40.3
0.809 37.6
0.81 36.7
0.707 35.8
0.796 31.8
0.755 28.2
0.768 30.5
0.796 30.0
0.782 31.7
0.785 19.3
0.765 19.3
0.751 30.2
0.708 30.5
0.756 36.4
0.736 25.3
0.791 25.6
0.748 16.8
0.663 13.1
0.864 7.6
0.886 7.3
0.63 34.3
0.678 34.1
0.653 34.6
0.684 32.5
0.646 27.6
0.712 31.5
0.25 30.4
0.58 32.0
0.604 34.2
0.557 25.7
0.583 22.4
0.37 23.9
0.425 19.8
0.579 9.5
1.0 9.5
0.766 40.0
0.876 40.5
0.848 38.4
0.781 38.3
0.697 32.6
0.736 32.3
0.848 34.5
0.749 30.9
0.769 36.2
0.802 30.0
0.682 34.3
0.663 28.8
0.659 27.3
0.541 13.2
0.7 17.1
0.718 13.7
0.774 13.4
0.683 11.5
0.786 12.8
0.684 23.8
0.622 24.7
0.756 12.6
0.517 9.8
0.84 26.5
0.441 5.0
0.25 20.4
0.548 6.0
0.0 8.8
0.7 23.6
0.733 38.3
0.748 39.4
0.793 39.9
0.796 40.8
0.774 37.1
0.747 35.8
0.707 37.0
0.684 33.7
0.801 22.4
0.746 23.4
0.698 16.1
0.807 37.4
0.836 17.5
0.746 33.8
0.797 34.9
0.813 17.4
0.69 18.5
0.688 26.1
0.778 19.1
0.768 30.6
0.787 29.7
0.836 28.2
0.757 16.4
0.625 8.6
0.5 13.1
0.583 10.3
0.661 10.7
0.721 21.2
0.767 9.8
0.821 3.0
0.0 5.8
0.825 32.4
0.798 23.2
0.802 13.2
0.765 21.7
0.794 22.4
0.693 15.6
0.724 17.5
0.663 24.9
0.678 26.1
0.521 27.2
0.62 30.0
0.594 26.3
0.642 27.0
0.6 32.2
0.833 37.3
0.817 36.4
0.795 34.6
0.832 34.8
0.838 35.8
0.738 37.1
0.784 36.8
0.772 36.3
0.826 30.5
0.821 32.7
0.853 27.4
0.811 26.2
0.84 16.9
0.779 15.5
0.753 15.5
0.753 11.8
0.743 29.8
0.775 31.1
0.818 36.4
0.778 37.3
0.812 37.0
0.828 28.3
0.772 34.9
0.848 30.0
0.824 23.8
0.827 16.9
0.83 9.7
0.711 33.7
0.762 33.6
0.839 27.2
0.723 30.0
0.72 30.6
0.8 39.1
0.793 35.3
0.774 32.3
0.732 33.4
0.824 20.4
0.676 19.3
0.4 15.3
0.727 20.8
0.821 13.5
0.75 13.5
0.75 7.9
0.0 7.6
0.928 36.6
0.911 30.2
0.9 28.2
0.885 31.9
0.861 18.7
0.794 12.5
0.727 9.8
0.831 42.1
0.85 41.7
0.858 40.4
0.811 36.2
0.82 37.7
0.839 36.4
0.837 35.1
0.819 33.2
0.706 26.4
0.617 12.7
0.634 20.1
0.592 25.1
0.674 17.4
0.785 15.2
0.61 20.1
0.583 8.7
0.55 17.0
0.648 17.1
0.598 11.0
0.565 11.0
0.723 7.0
0.533 5.6
0.333 5.6
0.333 3.8
0.423 5.1
0.0 12.6
0.659 11.9
0.579 6.0
0.258 13.4
0.731 7.2
0.769 5.4
0.8 12.3
0.857 15.9
0.787 12.4
0.742 26.4
0.681 29.1
0.736 17.2
0.787 17.7
0.811 16.7
0.564 32.7
0.735 32.6
0.786 11.8
0.81 6.2
0.778 5.0
0.725 36.3
0.764 21.4
0.727 23.0
0.681 15.2
0.741 14.9
0.758 17.2
0.69 15.9
0.711 10.7
1.0 9.2
0.8 16.5
0.723 13.1
0.746 6.5
0.744 24.2
0.747 10.7
0.824 13.7
0.81 29.7
0.806 10.8
0.424 21.9
0.676 23.0
0.681 12.4
0.652 17.4
0.637 22.6
0.781 22.1
0.715 21.3
0.708 11.8
0.364 14.9
0.583 12.0
0.545 12.3
0.895 34.6
0.887 33.1
0.909 33.5
0.916 34.3
0.887 35.4
0.921 35.3
0.899 34.3
0.906 33.6
0.933 32.8
0.938 33.3
0.912 31.6
0.894 32.5
0.922 20.9
0.802 21.4
0.523 27.0
0.549 30.4
0.642 28.7
0.474 25.5
0.467 18.9
0.6 21.0
0.68 20.9
0.755 17.3
0.781 9.8
0.5 30.3
0.852 26.5
0.778 19.5
0.783 24.8
0.797 9.8
0.688 8.6
0.6 14.2
0.855 15.4
0.778 27.4
0.751 16.8
0.684 12.8
0.761 9.5
0.833 9.4
0.838 38.0
0.853 39.0
0.881 37.9
0.877 38.7
0.869 38.1
0.901 36.2
0.904 36.0
0.879 37.7
0.89 37.5
0.915 34.3
0.892 33.5
0.896 31.3
0.86 32.9
0.899 29.6
0.882 29.6
0.882 31.5
0.893 26.4
0.601 37.6
0.688 37.2
0.731 35.7
0.757 34.8
0.754 35.3
0.709 35.6
0.767 28.7
0.742 29.8
0.788 28.4
0.72 18.0
0.674 22.8
0.677 18.7
0.835 20.1
0.513 36.1
0.555 37.8
0.622 36.8
0.49 34.1
0.461 30.6
0.469 28.4
0.422 28.7
0.503 30.0
0.595 23.4
0.496 20.3
0.836 24.3
0.75 12.2
0.824 3.6
0.679 34.4
0.656 34.3
0.777 37.5
0.742 36.3
0.695 40.3
0.69 39.3
0.7 37.9
0.698 29.7
0.623 31.5
0.693 32.2
0.675 20.5
0.592 19.7
0.621 22.6
0.708 21.3
0.824 23.1
0.753 17.1
0.835 6.1
0.667 15.3
0.837 17.3
0.822 7.5
0.8 17.0
0.833 10.5
0.545 32.1
0.622 38.0
0.657 21.5
0.59 19.6
0.667 19.1
0.511 9.8
0.556 15.0
0.485 23.8
0.51 27.6
0.579 9.9
0.342 13.5
0.573 23.2
0.422 22.5
0.621 19.6
0.526 5.5
0.556 11.1
0.625 11.2
0.591 3.5
0.625 7.2
0.75 6.1
0.611 5.4
0.766 15.8
0.733 15.7
0.745 8.5
0.75 17.3
0.735 16.1
0.757 9.4
0.75 14.3
0.725 11.6
0.794 7.5
0.848 11.4
0.73 24.7
0.747 20.5
0.662 19.2
0.742 19.4
0.705 5.6
0.375 21.6
0.605 5.3
0.681 23.5
0.701 21.2
0.627 22.6
0.553 28.0
0.599 25.2
0.601 31.0
0.641 16.4
0.766 40.3
0.797 40.1
0.71 34.5
0.714 33.0
0.761 28.5
0.794 22.1
0.862 25.1
0.862 27.4
0.78 18.5
0.836 13.2
0.903 4.0
0.727 24.0
0.8 35.8
0.798 29.4
0.814 17.9
0.795 16.3
0.717 31.6
0.751 36.0
0.789 26.2
0.809 30.6
0.832 38.3
0.82 21.3
0.683 23.6
0.765 12.0
0.632 21.2
0.611 5.8
0.873 24.2
0.894 21.9
0.828 14.3
0.875 12.4
0.804 7.9
0.4 6.6
1.0 7.1
0.745 40.3
0.809 39.2
0.802 38.7
0.819 36.1
0.822 39.0
0.772 37.0
0.796 35.9
0.843 37.5
0.83 34.0
0.852 34.7
0.86 34.0
0.852 33.4
0.787 28.0
0.826 26.2
0.781 26.2
0.781 18.1
0.818 11.1
0.739 32.2
0.774 29.9
0.818 17.9
0.749 23.5
0.693 14.1
0.605 11.1
0.571 17.7
0.673 17.1
0.763 4.5
0.5 7.9
0.629 9.5
0.793 18.0
0.816 30.7
0.793 30.3
0.833 29.9
0.83 27.6
0.865 28.6
0.787 27.0
0.827 24.6
0.809 28.5
0.822 22.5
0.825 17.1
0.815 7.8
0.756 8.2
0.728 17.0
0.742 15.5
0.759 21.8
0.641 10.2
0.871 10.7
0.588 4.3
0.857 4.5
0.273 15.9
0.422 17.1
0.5 20.4
0.419 24.4
0.517 24.9
0.532 16.3
0.37 23.6
0.68 23.8
0.663 22.7
0.647 14.4
0.519 16.6
0.611 5.7
0.76 27.3
0.545 31.1
0.72 31.3
0.645 27.5
0.692 23.7
0.651 22.0
0.75 16.8
0.674 12.6
0.6 16.5
0.76 7.1
0.778 5.5
0.5 21.1
0.791 28.2
0.805 36.8
0.868 38.0
0.854 39.1
0.877 38.4
0.829 37.5
0.82 36.5
0.814 27.3
0.712 13.4
1.0 15.1
0.613 10.5
0.647 10.0
0.852 30.3
0.8 24.7
0.759 14.6
0.627 26.6
0.765 23.2
0.685 36.0
0.74 35.9
0.739 26.2
0.67 33.1
0.692 28.3
0.682 26.3
0.761 27.4
0.732 16.8
0.75 18.0
0.833 29.0
0.894 11.1
0.855 17.3
0.709 35.7
0.694 34.9
0.676 34.7
0.711 23.8
0.639 23.3
0.658 19.1
0.747 29.5
0.681 26.2
0.727 22.5
0.75 21.2
0.81 20.1
0.82 35.5
0.837 37.6
0.876 31.8
0.832 17.4
0.875 5.0
0.558 7.6
0.761 24.4
0.785 19.2
0.756 20.4
0.765 23.6
0.748 11.9
0.724 19.2
0.81 10.8
0.828 38.0
0.839 40.9
0.854 37.8
0.81 33.5
0.854 27.5
0.78 8.5
0.713 21.0
0.72 24.5
0.791 18.7
0.813 19.4
0.737 15.5
0.781 12.5
0.808 10.1
0.725 12.4
0.506 11.3
0.779 30.3
0.821 19.8
0.768 13.1
0.769 14.7
0.792 3.0
0.689 8.0
0.409 12.0
0.797 10.9
0.692 12.5
0.542 17.0
0.608 17.9
0.602 28.2
0.572 19.2
0.357 14.5
0.482 22.7
0.582 12.8
0.524 16.5
0.638 7.7
0.75 3.0
0.0 4.0
0.673 5.9
0.7 5.4
0.667 7.9
0.805 26.7
0.83 20.7
0.779 29.7
0.859 30.6
0.768 20.2
0.774 23.1
0.845 22.4
0.755 19.3
0.72 9.3
0.813 4.3
0.89 28.7
0.878 19.5
0.833 13.1
0.928 15.0
0.792 36.5
0.806 37.9
0.858 36.2
0.797 22.8
0.738 28.7
0.688 23.5
0.637 13.9
0.6 7.8
0.783 41.1
0.821 38.6
0.794 37.8
0.814 30.6
0.822 35.3
0.858 39.2
0.878 29.8
0.806 28.9
0.849 27.7
0.882 24.1
0.847 24.3
0.892 16.2
1.0 20.4
0.797 7.1
0.714 9.1
0.913 14.7
0.802 14.1
0.735 13.2
0.481 20.2
0.53 10.8
0.684 16.9
0.698 12.5
0.691 30.6
0.676 19.8
0.554 32.3
0.744 29.5
0.704 31.3
0.797 27.7
0.533 13.8
0.714 16.1
0.767 18.8
0.563 20.7
0.611 8.5
0.545 5.3
0.667 5.9
0.75 12.1
0.845 13.3
0.817 31.3
0.857 27.7
0.856 37.3
0.876 34.0
0.875 40.3
0.927 38.4
0.92 36.6
0.915 32.7
0.816 35.2
0.929 34.2
0.894 31.4
0.897 18.7
0.831 37.3
0.888 22.3
0.791 38.0
0.876 34.1
0.915 31.9
0.855 24.2
0.795 17.3
0.861 20.8
0.845 18.0
0.805 13.3
0.863 16.4
0.643 14.2
0.568 3.3
0.751 30.2
0.766 20.3
0.738 19.6
0.735 12.3
0.6 4.0
0.0 5.3
0.0 6.6
0.5 3.5
0.714 22.8
0.72 20.5
0.696 20.8
0.757 31.5
0.603 26.5
0.711 22.1
0.722 19.8
0.725 21.3
0.758 20.4
0.651 19.1
0.724 15.1
0.67 9.7
0.87 38.0
0.831 35.3
0.867 22.2
0.828 31.6
0.855 37.9
0.897 28.1
0.897 23.1
0.851 20.6
0.846 38.0
0.835 38.0
0.887 37.3
0.827 30.0
0.844 35.0
0.8 35.1
0.804 31.5
0.857 33.7
0.88 33.0
0.866 31.3
0.85 31.7
0.883 26.9
0.87 16.3
0.667 21.3
0.813 21.3
0.813 17.5
0.818 18.4
0.722 34.5
0.664 30.0
0.746 36.5
0.752 29.7
0.762 28.0
0.676 22.8
0.513 12.2
0.0 7.8
0.0 12.0
0.814 33.8
0.815 31.8
0.75 31.9
0.835 35.7
0.786 26.6
0.815 18.0
0.789 22.6
0.663 17.8
0.822 15.0
0.8 22.7
0.625 15.2
0.7 10.1
0.771 26.9
0.793 29.5
0.78 31.7
0.784 27.3
0.786 23.0
0.667 27.0
0.708 30.8
0.752 19.5
0.736 15.8
0.567 11.1
0.631 12.3
0.648 13.3
0.547 17.9
0.528 17.8
0.639 15.3
0.594 15.1
0.593 23.6
0.698 16.5
0.672 13.3
0.59 9.0
0.778 14.4
0.655 10.8
0.777 24.6
0.726 17.5
0.8 25.9
0.708 26.2
0.836 33.5
0.861 31.1
0.781 36.9
0.829 36.6
0.807 30.7
0.774 31.4
0.679 31.2
0.705 17.2
0.5 10.3
0.5 11.4
0.545 11.4
0.819 34.7
0.801 27.8
0.764 32.2
0.707 30.5
0.784 15.2
0.806 30.4
0.8 31.6
0.804 32.5
0.859 24.2
0.815 20.6
0.78 22.6
0.825 21.1
0.776 17.9
0.779 19.9
0.835 15.4
0.728 11.9
0.754 15.4
0.763 9.7
0.571 15.3
0.752 14.6
0.667 24.3
0.74 9.5
0.684 16.0
0.683 14.3
0.681 8.8
0.828 6.3
0.716 42.0
0.741 41.5
0.615 34.6
0.554 38.4
0.539 26.8
0.628 23.3
0.438 19.4
0.629 24.0
0.667 18.6
0.653 12.7
0.659 9.6
0.667 3.1
0.336 36.5
0.423 39.4
0.45 37.7
0.49 36.1
0.428 35.2
0.416 35.0
0.408 30.6
0.426 23.5
0.422 28.6
0.406 22.9
0.333 15.8
0.778 10.7
0.766 37.5
0.734 36.3
0.735 35.1
0.736 34.0
0.697 34.8
0.743 32.3
0.788 30.5
0.767 32.2
0.772 22.5
0.8 16.8
0.81 22.2
0.774 17.6
0.741 25.7
0.79 30.9
0.795 25.6
0.768 16.7
0.736 13.1
0.703 38.4
0.749 39.1
0.607 36.1
0.711 35.4
0.794 38.6
0.756 29.9
0.638 14.0
0.663 31.7
0.741 31.9
0.722 26.0
0.754 21.6
0.75 32.4
0.679 21.1
0.561 21.4
0.799 37.1
0.734 37.1
0.781 32.8
0.753 34.7
0.857 33.4
0.807 10.1
0.567 19.0
0.539 14.4
0.68 14.0
0.5 7.9
0.894 26.5
0.88 20.6
0.826 11.6
0.787 18.9
0.699 19.7
0.785 18.6
0.677 7.5
0.882 16.5
0.69 9.8
0.818 9.9
0.752 35.7
0.736 33.8
0.782 30.9
0.714 23.6
0.731 28.7
0.75 26.6
0.76 24.0
0.696 12.6
0.737 5.8
0.789 34.4
0.792 31.7
0.84 29.4
0.837 27.5
0.792 31.8
0.867 30.6
0.913 28.1
0.741 24.1
0.676 33.0
0.555 24.1
0.684 15.3
0.639 18.9
0.657 13.1
0.857 18.0
0.732 12.6
0.786 12.3
0.593 8.0
0.875 12.1
0.795 24.1
0.765 14.4
0.77 23.3
0.784 17.6
0.637 21.8
0.805 25.1
0.79 19.9
0.731 21.2
0.799 9.8
0.776 19.7
0.769 16.6
0.747 11.8
0.614 7.8
0.615 11.9
0.75 29.9
0.667 33.6
0.736 37.2
0.733 41.6
0.922 39.4
0.675 37.7
0.74 38.1
0.719 35.5
0.748 33.8
0.688 29.4
0.676 26.9
0.617 33.7
0.734 13.4
0.718 29.1
0.569 28.3
0.659 25.8
0.733 28.6
0.662 21.7
0.564 15.4
0.281 8.9
0.5 7.4
0.8 10.9
0.737 10.0
0.724 7.1
0.9 4.6
0.8 29.0
0.802 13.7
0.758 14.4
0.929 13.0
0.605 10.6
0.824 15.0
0.92 11.8
0.476 8.9
0.923 9.9
0.786 15.4
0.55 14.5
0.589 21.3
0.689 17.8
0.775 35.0
0.791 37.6
0.748 40.9
0.814 42.3
0.82 39.8
0.844 32.7
0.771 31.5
0.75 36.5
0.739 25.7
0.784 12.4
0.5 4.1
0.833 7.8
0.722 6.5
0.818 28.3
0.804 20.7
0.799 15.5
0.774 18.1
0.795 20.5
0.784 3.8
0.0 5.7
0.7 30.6
0.828 24.6
0.732 31.5
0.789 35.0
0.707 36.4
0.779 36.3
0.743 33.9
0.821 32.4
0.726 29.0
0.688 23.1
0.622 24.8
0.842 20.1
0.52 2.5
0.0 2.9
0.5 19.6
0.522 6.1
0.5 6.6
0.375 8.0
0.0 8.0
0.444 12.3
0.167 10.3
0.6 5.0
0.6 4.0
0.667 31.6
0.745 27.4
0.732 14.4
0.632 9.5
0.875 23.0
0.75 5.7
0.5 10.9
0.6 13.1
0.625 17.6
0.63 6.9
0.707 22.2
0.668 30.3
0.683 21.6
0.574 27.5
0.545 27.6
0.44 18.8
0.408 17.2
0.516 13.8
0.337 26.0
0.589 20.8
0.441 12.2
0.75 11.2
0.786 5.7
0.5 14.0
0.604 24.4
0.608 22.3
0.669 27.4
0.673 26.8
0.503 34.6
0.527 35.2
0.593 32.1
0.579 22.8
0.732 27.8
0.732 33.2
0.689 32.8
0.694 30.2
0.632 30.5
0.72 30.5
0.72 24.5
0.62 27.6
0.838 15.7
0.684 26.6
0.813 30.1
0.736 28.4
0.769 25.1
0.74 19.1
0.71 21.4
0.718 19.2
0.697 21.9
0.717 11.1
0.651 10.0
0.622 7.7
0.727 7.7
0.4 6.5
0.701 23.5
0.763 28.5
0.739 31.8
0.656 26.7
0.512 23.1
0.465 15.8
0.459 13.6
0.464 4.8
0.0 12.1
0.659 10.3
0.467 10.1
0.719 7.8
0.656 19.4
0.624 29.5
0.671 28.7
0.72 25.9
0.632 35.2
0.615 25.9
0.623 4.0
0.333 8.9
0.2 11.8
0.367 13.0
0.6 7.8
0.0 18.6
0.542 18.3
0.558 16.4
0.543 13.8
0.333 9.7
0.222 11.3
0.364 12.0
0.167 10.3
0.753 24.2
0.791 15.6
0.849 20.2
0.737 2.8
0.333 4.6
1.0 5.1
0.774 15.5
0.847 7.3
0.722 7.0
0.709 36.0
0.736 31.5
0.714 32.0
0.768 39.2
0.689 36.2
0.748 35.6
0.807 37.0
0.781 37.0
0.79 37.0
0.823 37.4
0.782 33.8
0.702 31.4
0.736 34.4
0.803 34.4
0.803 31.8
0.792 25.4
0.744 24.5
0.763 24.4
0.745 28.0
0.787 25.2
0.789 32.6
0.744 29.3
0.783 12.3
0.7 20.6
0.8 21.3
0.5 4.8
0.606 23.8
0.633 19.3
0.585 27.4
0.609 23.8
0.585 22.6
0.548 27.9
0.735 29.2
0.476 30.6
0.62 18.5
0.362 21.2
0.469 19.0
0.585 13.5
0.409 13.4
0.333 13.8
0.479 19.0
0.514 22.9
0.49 6.3
0.667 10.5
0.5 15.0
0.587 15.2
0.66 16.6
0.723 9.0
0.625 6.7
0.556 2.5
1.0 5.0
0.571 22.1
0.732 27.1
0.811 25.1
0.752 37.0
0.837 25.2
0.837 13.3
0.813 27.0
0.829 11.5
0.713 36.0
0.743 38.2
0.763 41.1
0.844 39.2
0.812 35.6
0.733 39.0
0.798 35.8
0.805 31.1
0.735 30.4
0.759 27.7
0.694 10.1
0.717 27.0
0.741 16.8
0.684 16.8
0.684 17.9
0.667 20.4
0.774 27.5
0.774 40.6
0.75 39.5
0.75 40.7
0.791 41.4
0.748 40.8
0.834 39.5
0.826 38.0
0.818 35.5
0.802 35.5
0.849 36.7
0.82 32.6
0.815 34.9
0.801 34.9
0.801 33.4
0.831 23.6
0.79 37.0
0.768 27.7
0.8 37.1
0.79 32.9
0.784 37.7
0.699 29.3
0.728 30.8
0.77 27.3
0.785 29.0
0.744 31.2
0.744 30.0
0.785 34.7
0.787 22.1
0.588 9.7
0.667 2.0
0.462 6.4
0.75 10.8
0.643 12.9
0.776 31.8
0.841 21.8
0.75 33.9
0.73 34.0
0.787 27.2
0.745 28.1
0.797 34.0
0.826 32.6
0.798 13.3
0.667 16.2
0.667 18.3
0.667 6.2
0.675 33.8
0.755 34.4
0.702 34.2
0.65 33.9
0.707 32.5
0.783 33.5
0.715 34.1
0.782 30.9
0.756 32.4
0.769 32.1
0.799 32.9
0.845 29.4
0.811 28.7
0.783 28.7
0.783 27.5
0.76 25.2
0.681 26.5
0.706 30.1
0.748 29.5
0.786 25.6
0.816 17.9
0.726 22.8
0.8 18.5
0.741 21.7
0.741 15.8
0.882 15.4
0.759 5.8
0.667 16.9
0.758 37.9
0.761 34.8
0.815 34.4
0.714 35.7
0.819 32.5
0.772 35.1
0.734 37.7
0.778 36.3
0.758 26.3
0.659 34.3
0.75 34.2
0.742 32.5
0.765 32.5
0.765 29.6
0.796 24.5
0.771 16.3
0.792 11.4
0.767 16.0
0.859 14.2
0.671 32.9
0.764 37.6
0.684 37.8
0.693 38.4
0.673 32.8
0.657 38.4
0.752 33.5
0.769 31.5
0.739 33.9
0.73 29.5
0.594 28.4
0.8 13.7
0.783 12.9
0.733 12.3
0.833 13.4
0.829 21.6
0.768 13.2
0.722 19.0
0.783 10.7
0.75 12.9
0.889 9.1
0.667 4.9
0.0 4.4
0.7 10.0
0.571 10.2
0.696 8.0
0.733 10.5
0.914 24.6
0.834 37.3
0.846 33.8
0.646 4.3
0.554 13.5
0.638 24.1
0.647 20.8
0.528 15.8
0.6 19.2
0.704 30.6
0.714 26.5
0.731 32.5
0.744 26.7
0.637 31.2
0.72 33.2
0.781 6.4
0.571 12.1
1.0 8.7
0.5 12.1
0.527 9.1
0.458 30.7
0.661 34.5
0.614 36.7
0.691 38.3
0.731 37.6
0.804 41.0
0.776 37.9
0.746 35.8
0.8 30.1
0.637 24.4
0.465 8.9
0.4 8.9
0.639 17.3
0.721 20.6
0.652 22.6
0.659 22.5
0.676 27.9
0.735 29.1
0.766 26.1
0.755 29.4
0.71 19.6
0.671 20.7
0.674 17.3
0.68 6.7
0.857 21.7
0.784 13.7
0.75 11.7
0.733 9.3
0.778 13.3
0.6 15.8
0.576 12.0
0.389 8.0
0.68 12.4
0.579 9.0
0.0 9.8
0.771 34.6
0.768 34.7
0.698 31.1
0.723 34.6
0.685 34.9
0.738 32.4
0.698 34.3
0.742 31.9
0.701 29.5
0.693 32.2
0.731 28.2
0.767 23.8
0.627 23.8
0.766 12.3
0.75 10.8
0.811 18.5
0.792 21.1
0.745 28.7
0.794 22.6
0.754 13.8
0.78 21.2
0.824 29.9
0.756 35.7
0.862 36.1
0.87 39.3
0.863 39.9
0.901 38.6
0.858 37.6
0.838 29.9
0.773 29.7
0.813 24.1
0.833 25.3
0.84 20.8
0.902 20.8
0.902 10.4
0.731 15.0
0.762 18.5
0.771 23.7
0.693 27.4
0.644 17.2
0.839 31.9
0.782 33.0
0.841 16.4
0.667 13.3
0.808 6.8
0.786 29.4
0.833 12.3
1.0 8.9
0.792 15.5
0.804 20.8
0.799 16.7
0.897 25.3
0.804 23.8
0.871 12.6
0.808 16.3
0.78 31.1
0.741 32.5
0.779 31.8
0.778 31.5
0.784 36.0
0.834 27.5
0.815 22.2
0.842 27.6
0.8 26.3
0.811 25.9
0.82 31.5
0.854 29.2
0.805 29.2
0.805 22.7
0.784 15.9
0.703 12.1
0.595 20.9
0.575 23.6
0.667 10.3
0.66 11.9
0.552 12.0
0.519 17.1
0.561 23.8
0.534 20.8
0.53 17.1
0.497 23.2
0.467 14.4
0.594 11.1
0.45 26.6
0.545 13.8
0.507 24.6
0.509 16.6
0.554 16.3
0.619 16.3
0.518 16.8
0.492 22.0
0.538 12.0
0.461 15.6
0.467 10.5
0.524 14.0
0.544 9.8
0.4 11.0
0.37 6.5
0.737 29.4
0.802 29.6
0.803 27.9
0.778 27.5
0.86 31.1
0.86 26.8
0.884 28.7
0.87 30.3
0.871 23.3
0.871 23.2
0.796 22.8
0.851 22.7
0.721 22.7
0.721 19.6
0.813 18.7
0.82 28.0
0.854 20.5
0.81 25.8
0.754 19.5
0.816 14.8
0.712 27.0
0.637 30.8
0.81 27.5
0.682 28.0
0.714 30.8
0.753 24.8
0.84 25.1
0.861 24.6
0.794 26.2
0.846 9.4
0.688 18.0
0.889 16.9
0.773 16.9
0.773 10.2
0.684 8.5
0.714 11.8
0.578 32.5
0.682 23.9
0.66 3.0
0.0 26.8
0.689 16.6
0.551 32.6
0.723 33.6
0.704 30.5
0.711 28.5
0.673 27.2
0.729 29.4
0.583 25.3
0.604 25.3
0.604 19.2
0.578 17.9
0.59 5.5
0.0 9.1
0.686 23.4
0.82 21.4
0.752 30.3
0.733 33.1
0.72 28.0
0.688 22.2
0.761 29.2
0.742 11.4
0.674 9.3
0.552 23.3
0.614 26.1
0.584 25.3
0.589 23.8
0.456 18.2
0.527 23.4
0.611 25.6
0.625 14.3
0.414 18.7
0.681 9.2
0.75 18.6
0.832 29.5
0.85 27.0
0.763 20.9
0.833 25.1
0.746 28.8
0.695 6.3
1.0 12.6
0.811 32.8
0.809 30.6
0.783 34.2
0.853 33.8
0.862 37.2
0.85 33.6
0.625 24.6
0.715 18.0
0.738 27.8
0.711 21.4
0.725 20.8
0.694 24.7
0.76 22.3
0.5 11.5
0.724 18.9
0.829 13.9
0.682 20.2
0.805 22.1
0.733 22.3
0.775 28.1
0.85 35.9
0.78 33.3
0.765 33.2
0.804 33.5
0.817 29.4
0.82 12.9
0.75 26.7
1.0 15.5
0.852 14.2
0.739 11.3
0.81 20.9
0.852 18.7
0.647 32.9
0.766 37.1
0.807 35.3
0.765 36.6
0.768 32.9
0.768 37.3
0.778 34.0
0.714 32.8
0.702 33.1
0.774 32.1
0.738 25.6
0.567 24.1
0.754 24.1
0.754 19.0
0.696 17.3
0.596 20.2
0.771 23.6
0.743 20.8
0.772 17.1
0.729 25.1
0.775 27.0
0.779 31.1
0.823 37.5
0.83 34.9
0.83 35.0
0.813 27.2
0.644 30.0
0.773 22.1
0.769 12.9
0.5 12.9
0.0 13.0
0.583 14.3
0.59 3.3
0.0 5.7
0.0 12.3
0.333 3.3
0.7 7.5
0.5 9.8
0.661 36.8
0.713 36.1
0.733 16.7
0.889 32.8
0.781 33.9
0.805 36.8
0.835 34.6
0.771 36.8
0.792 32.8
0.765 23.5
0.808 22.6
0.739 21.1
0.72 21.1
0.72 14.7
0.4 2.1
0.738 7.9
0.793 6.3
0.571 5.8
0.8 16.1
0.681 9.3
0.759 26.9
0.743 18.5
0.763 14.9
0.5 20.6
0.7 18.6
0.611 19.9
0.732 31.5
0.684 28.0
0.645 16.9
0.564 13.0
0.5 17.5
0.562 17.2
0.615 13.6
0.787 5.6
0.833 5.8
0.75 7.4
0.61 11.4
0.786 12.5
0.667 12.8
0.854 7.9
0.35 10.9
0.633 13.3
0.0 20.7
0.777 34.8
0.796 36.8
0.808 38.2
0.808 36.4
0.786 34.5
0.793 38.2
0.83 35.7
0.838 34.1
0.804 37.0
0.83 38.7
0.848 35.7
0.797 35.7
0.797 35.1
0.829 34.3
0.756 14.1
0.742 25.8
0.803 11.2
0.8 15.8
0.771 9.4
0.611 11.1
0.828 7.3
0.77 17.3
0.797 27.9
0.755 32.7
0.845 29.5
0.822 24.4
0.881 17.9
0.877 24.1
0.796 21.6
0.815 12.5
0.756 18.4
0.795 14.9
0.784 14.9
0.784 15.9
0.839 14.4
0.705 16.6
0.603 11.3
0.681 23.9
0.732 19.4
0.747 27.0
0.743 25.9
0.74 19.2
0.779 22.9
0.742 25.7
0.744 27.5
0.733 29.9
0.779 29.9
0.779 28.8
0.804 24.0
0.821 14.7
0.805 26.2
0.791 27.1
0.672 29.9
0.766 31.7
0.84 27.0
0.75 20.0
0.867 23.3
0.778 26.1
0.771 27.2
0.767 18.9
0.707 18.9
0.707 17.0
0.631 24.2
0.727 26.6
0.683 16.8
0.746 26.8
0.736 19.6
0.912 19.7
0.74 17.8
0.656 18.8
0.4 19.0
0.647 9.2
0.778 12.8
0.701 37.2
0.76 39.3
0.816 38.5
0.785 36.2
0.844 38.0
0.817 36.1
0.797 36.3
0.815 35.2
0.821 33.2
0.798 32.0
0.82 35.4
0.772 35.4
0.772 33.5
0.667 3.4
0.66 11.9
0.815 8.3
0.667 17.2
0.855 16.3
0.821 26.1
0.904 25.2
0.804 11.2
0.84 4.8
1.0 10.8
0.769 11.2
0.789 6.0
0.75 15.1
0.757 19.0
0.832 15.7
0.723 12.3
0.905 5.7
0.833 2.9
0.714 11.2
0.625 8.6
0.0 14.8
0.769 23.5
0.737 28.5
0.754 17.8
0.7 20.9
0.698 31.5
0.721 18.4
0.607 19.1
0.684 12.7
0.739 18.4
1.0 7.8
0.824 2.8
0.602 18.2
0.74 35.5
0.731 31.1
0.683 28.1
0.744 34.0
0.687 35.4
0.769 33.9
0.683 25.0
0.629 22.8
0.723 25.0
0.739 24.5
0.774 24.5
0.774 18.2
0.737 17.6
0.5 5.5
0.629 10.0
0.617 7.4
0.341 4.9
0.333 4.2
0.25 27.0
0.667 14.0
0.57 21.9
0.662 19.0
0.775 12.9
0.703 16.6
0.846 5.5
0.4 9.8
0.839 3.2
0.885 11.6
0.84 10.4
0.64 8.9
0.75 4.5
0.5 18.3
0.728 18.7
0.776 15.3
0.8 24.9
0.667 26.6
0.757 22.6
0.729 21.3
0.833 21.7
0.78 17.4
0.857 16.5
0.719 15.8
0.824 18.3
0.824 18.3
0.667 14.1
0.765 33.4
0.791 30.8
0.789 31.4
0.68 36.8
0.81 34.1
0.753 27.9
0.762 26.5
0.8 24.8
0.814 18.9
0.711 14.2
0.568 16.0
0.703 16.0
0.703 7.0
0.75 8.1
0.786 28.9
0.839 24.6
0.833 20.1
0.845 15.7
0.75 24.8
0.692 23.0
0.804 36.4
0.792 36.5
0.815 35.5
0.835 31.7
0.831 26.3
0.791 33.5
0.752 30.0
0.841 25.8
0.781 29.4
0.714 29.0
0.76 24.4
0.7 24.4
0.7 13.7
0.703 32.2
0.733 32.5
0.734 35.1
0.827 36.3
0.813 32.0
0.782 26.2
0.784 22.7
0.617 23.0
0.773 18.8
0.442 7.2
0.754 42.4
0.75 42.5
0.738 40.9
0.698 40.4
0.712 37.7
0.78 39.0
0.767 38.8
0.759 37.5
0.771 37.9
0.753 37.7
0.75 36.1
0.71 36.1
0.71 35.6
0.731 37.8
0.438 14.5
0.595 7.5
0.0 14.6
0.667 13.3
0.811 7.9
1.0 5.5
0.455 12.5
0.688 13.6
0.645 21.4
0.793 8.2
0.667 18.1
0.728 24.9
0.77 13.1
0.767 16.2
0.838 13.0
1.0 17.7
0.855 23.6
0.851 18.1
0.877 22.0
0.878 15.8
0.839 14.0
0.821 19.1
0.833 13.1
0.833 5.8
0.5 11.8
0.636 11.7
0.848 11.7
0.848 9.6
0.808 7.9
0.697 25.9
0.661 32.8
0.77 29.0
0.741 37.2
0.762 29.7
0.68 34.3
0.749 26.2
0.754 29.2
0.785 20.7
0.788 18.9
0.765 18.9
0.706 18.9
0.706 7.0
0.833 18.4
0.824 13.0
0.848 26.4
0.892 18.9
0.86 22.9
0.81 17.1
0.6 4.7
0.5 10.0
0.792 32.5
0.854 31.3
0.849 30.9
0.914 23.1
0.915 24.0
0.882 18.3
0.796 20.1
0.885 22.6
0.833 30.5
0.859 33.9
0.926 32.2
0.898 32.2
0.898 30.0
0.833 26.2
0.769 10.3
0.682 4.7
0.863 16.7
0.767 26.1
0.767 18.7
0.797 15.0
0.583 6.9
0.708 13.9
0.56 23.9
0.613 23.8
0.554 17.0
0.562 21.4
0.536 24.4
0.557 16.3
0.432 5.0
0.5 13.4
0.653 16.7
0.697 22.9
0.79 26.7
0.741 27.7
0.723 21.5
0.831 28.8
0.772 12.8
0.674 11.7
0.731 16.9
0.644 18.9
0.746 31.4
0.735 28.1
0.786 15.2
0.706 19.1
0.709 14.0
0.65 15.7
0.754 28.3
0.741 21.8
0.757 25.0
0.846 23.7
0.788 23.7
0.788 26.4
0.768 18.1
0.774 13.3
0.688 15.3
0.653 22.9
0.794 23.3
0.688 16.0
0.463 12.4
0.385 11.7
0.6 11.7
0.375 13.5
0.0 3.0
0.667 9.1
0.638 19.6
0.615 21.9
0.6 24.5
0.623 29.6
0.6 27.6
0.582 25.6
0.556 26.8
0.652 25.1
0.611 19.5
0.552 16.9
0.506 16.9
0.506 14.6
0.693 20.0
0.698 22.7
0.608 26.9
0.648 19.9
0.673 24.6
0.709 22.5
0.633 19.4
0.684 21.9
0.645 20.3
0.633 12.0
0.697 10.6
0.823 31.4
0.883 33.2
0.877 29.5
0.805 20.0
0.857 28.2
0.869 21.5
0.907 30.4
0.883 33.0
0.891 30.2
0.848 18.7
0.654 14.5
0.857 14.5
0.75 15.5
0.807 20.6
0.847 21.4
0.817 18.9
0.852 19.4
0.918 19.8
0.889 18.8
0.811 7.1
0.724 19.6
0.749 18.5
0.652 8.0
0.747 38.6
0.762 38.6
0.783 37.9
0.807 38.3
0.758 38.6
0.765 36.3
0.761 37.1
0.758 33.2
0.791 34.7
0.725 32.9
0.733 31.8
0.768 31.8
0.768 30.5
0.793 29.9
0.705 12.6
0.708 19.3
0.75 33.0
0.745 23.4
0.706 17.9
0.719 9.4
0.5 9.0
0.7 12.1
0.0 17.1
0.713 18.4
0.68 34.1
0.843 36.5
0.824 37.8
0.85 39.2
0.884 36.4
0.865 35.0
0.807 29.2
0.807 33.4
0.768 30.9
0.789 28.7
0.739 28.7
0.739 18.0
0.788 12.6
0.786 28.2
0.85 26.4
0.85 36.4
0.855 36.5
0.856 35.0
0.912 34.2
0.894 30.8
0.853 28.3
0.9 30.8
0.882 24.8
0.876 29.1
0.872 29.1
0.872 18.2
0.737 19.2
0.746 24.4
0.784 18.3
0.762 19.3
0.725 16.5
0.605 20.8
0.753 26.3
0.8 26.7
0.717 23.2
0.628 26.2
0.627 26.2
0.627 25.3
0.652 27.0
0.782 11.6
0.536 8.9
0.695 17.5
0.606 22.4
0.62 15.6
0.653 24.4
0.71 36.5
0.649 34.7
0.701 32.9
0.775 26.3
0.821 35.4
0.772 35.7
0.853 35.7
0.853 35.3
0.783 34.7
0.737 14.8
0.75 4.8
0.0 6.3
0.475 14.7
0.306 29.0
0.521 27.3
0.62 30.0
0.551 23.1
0.16 23.7
0.323 15.7
0.111 9.3
0.308 7.5
0.789 21.9
0.829 11.7
0.711 12.5
0.864 23.8
0.739 17.9
0.729 21.7
0.744 20.4
0.762 13.4
0.733 11.3
0.75 13.0
0.811 13.0
0.811 6.9
0.737 10.0
1.0 13.5
0.753 9.4
0.823 30.4
0.766 36.8
0.795 29.9
0.703 21.9
0.699 29.0
0.774 28.5
0.737 25.8
0.721 20.8
0.692 21.5
0.753 20.7
0.71 19.5
0.769 16.7
0.71 16.7
0.692 16.7
0.692 11.8
0.697 6.4
0.575 10.7
0.672 16.7
0.787 23.5
0.741 33.4
0.75 37.5
0.777 33.8
0.77 34.0
0.796 37.9
0.764 39.1
0.753 39.4
0.77 38.7
0.816 35.1
0.791 33.6
0.761 33.6
0.761 32.4
0.755 26.5
0.731 29.1
0.818 24.4
0.752 22.6
0.813 36.8
0.856 30.9
0.716 15.2
0.56 19.5
0.81 17.8
0.5 7.4
0.863 31.0
0.787 33.0
0.864 31.8
0.908 36.6
0.864 27.9
0.861 26.0
0.85 26.9
0.86 20.8
0.843 14.7
0.81 14.1
0.836 14.1
0.757 22.8
0.716 26.0
0.824 31.6
0.824 36.1
0.82 34.7
0.798 31.7
0.833 27.6
0.746 24.5
0.727 20.5
0.8 22.2
0.815 22.2
0.815 20.0
0.721 16.7
0.571 15.4
0.511 7.9
0.5 12.8
0.671 36.8
0.595 36.9
0.586 37.7
0.59 35.7
0.594 34.7
0.592 37.6
0.596 38.3
0.491 35.8
0.492 33.7
0.547 29.8
0.528 29.8
0.528 32.1
0.489 29.7
0.436 10.0
0.523 11.2
0.671 13.2
0.605 9.1
0.792 17.7
0.668 27.9
0.665 34.9
0.752 18.3
0.789 19.9
0.813 21.0
0.744 21.0
0.744 15.8
0.798 12.3
0.743 37.6
0.754 40.3
0.82 39.5
0.721 39.9
0.724 38.9
0.733 36.9
0.693 35.6
0.617 34.7
0.574 32.4
0.652 26.9
0.596 26.9
0.596 26.6
0.614 26.3
0.75 5.5
0.5 3.8
0.875 7.8
0.417 7.9
0.875 7.2
0.474 8.0
0.701 13.4
0.727 10.2
0.686 19.2
0.726 12.1
0.791 7.4
0.75 6.2
1.0 10.4
0.125 13.2
0.563 2.5
0.833 8.8
0.788 10.6
0.556 16.3
0.63 18.0
0.642 33.6
0.681 35.6
0.721 36.7
0.738 32.4
0.68 35.9
0.761 34.0
0.774 33.1
0.77 35.0
0.69 30.6
0.655 30.6
0.655 23.3
0.649 14.1
0.558 7.6
0.548 21.6
0.694 7.0
0.731 11.7
0.725 30.9
0.698 32.6
0.711 18.0
0.754 24.8
0.797 22.9
0.717 22.1
0.746 25.0
0.688 29.8
0.655 26.6
0.847 35.2
0.844 36.3
0.869 38.2
0.867 35.5
0.876 32.5
0.888 31.6
0.894 27.7
0.89 32.0
0.891 33.4
0.881 33.4
0.881 19.9
0.682 28.8
0.779 30.3
0.828 28.4
0.828 31.2
0.887 28.6
0.845 30.5
0.802 29.9
0.807 35.3
0.873 32.0
0.857 22.3
0.667 22.3
0.667 26.6
0.857 27.3
0.766 27.3
0.843 26.5
0.848 24.6
0.807 26.2
0.792 19.7
0.717 17.2
0.803 5.1
0.609 33.6
0.656 34.8
0.593 33.1
0.57 32.8
0.593 28.9
0.562 31.8
0.562 28.9
0.514 26.0
0.5 18.0
0.733 13.8
0.725 7.8
0.692 19.7
0.791 9.0
0.673 22.6
0.76 21.0
0.782 19.8
0.667 17.1
0.81 10.8
0.571 9.8
0.545 7.9
0.688 5.5
0.689 18.0
0.822 23.3
0.81 19.2
0.719 27.7
0.754 27.8
0.706 24.9
0.738 27.6
0.709 33.5
0.762 32.7
0.652 29.7
0.75 29.7
0.75 30.7
0.634 29.0
0.688 32.0
0.719 36.8
0.693 35.5
0.71 35.1
0.588 35.4
0.618 34.4
0.725 35.3
0.63 35.3
0.517 35.5
0.532 27.7
0.498 27.7
0.498 16.0
0.667 19.3
0.735 14.4
0.653 21.1
0.593 14.0
0.719 4.9
0.5 4.6
0.556 21.0
0.789 24.1
0.743 20.2
0.818 32.2
0.743 27.9
0.819 15.3
0.784 19.2
0.733 14.9
0.791 16.6
0.778 7.7
0.333 6.8
0.587 7.9
0.753 10.9
0.78 13.0
0.883 32.0
0.85 31.1
0.82 31.4
0.837 34.6
0.864 18.3
0.709 22.1
0.816 15.7
0.833 18.9
0.853 18.9
0.853 16.1
0.9 14.4
0.535 15.8
0.513 23.9
0.616 27.5
0.598 28.5
0.616 28.5
0.663 32.1
0.667 31.4
0.672 36.0
0.755 27.7
0.681 24.5
0.733 24.5
0.733 9.4
0.64 6.6
0.64 9.9
0.947 17.7
0.885 12.8
0.878 17.8
0.835 16.2
0.921 8.6
0.848 24.6
0.704 34.1
0.851 32.2
0.853 25.1
0.736 33.6
0.833 25.0
0.81 18.9
0.867 24.1
0.618 18.6
0.84 24.8
0.882 24.3
0.736 15.5
0.804 19.8
0.798 13.0
0.714 15.4
0.63 18.0
1.0 6.6
0.882 19.6
0.744 25.1
0.826 12.2
0.333 20.8
0.884 38.4
0.789 27.0
0.816 22.6
0.851 14.5
0.754 12.3
0.81 12.3
0.805 15.1
0.75 7.3
0.944 19.3
0.632 7.7
0.75 19.7
0.822 19.4
0.867 13.0
0.825 26.1
0.815 31.7
0.81 27.6
0.86 27.6
0.858 23.5
0.79 23.5
0.79 20.3
0.845 11.1
0.623 6.2
0.833 12.2
0.612 20.4
0.695 24.0
0.704 27.9
0.744 33.9
0.777 24.1
0.673 19.0
0.685 22.2
0.629 34.2
0.577 34.9
0.587 31.2
0.571 32.3
0.629 35.3
0.442 30.3
0.609 24.6
0.5 26.4
0.344 23.6
0.524 23.6
0.524 20.7
0.48 21.6
0.296 21.9
0.668 28.8
0.695 28.9
0.707 30.4
0.739 27.8
0.66 35.2
0.848 21.0
0.818 30.3
0.908 34.3
0.981 26.7
0.798 30.9
0.854 33.9
0.882 29.6
0.9 30.5
0.825 30.2
0.906 30.2
0.906 28.1
0.875 13.1
0.833 11.1
0.8 20.5
0.901 13.1
0.8 5.7
0.81 12.9
0.8 10.2
0.851 7.4
0.712 34.3
0.763 37.9
0.767 35.7
0.83 41.4
0.753 40.3
0.789 36.6
0.796 37.5
0.773 36.9
0.788 33.7
0.752 33.7
0.752 33.8
0.786 27.0
0.783 11.7
0.725 36.3
0.797 37.6
0.8 37.6
0.805 33.0
0.763 36.5
0.805 31.8
0.806 34.0
0.789 31.0
0.721 9.7
0.8 9.7
0.8 27.4
0.847 21.3
0.825 26.3
0.787 17.2
0.78 11.8
0.722 27.0
0.81 33.0
0.832 26.1
0.772 17.8
0.833 26.5
0.779 30.4
0.82 23.0
0.882 23.9
0.855 16.3
0.8 17.7
0.857 19.7
0.526 14.3
0.25 14.3
0.752 31.2
0.811 29.7
0.83 31.9
0.807 29.1
0.825 27.6
0.718 13.3
0.812 16.7
0.84 8.7
0.844 19.8
0.825 12.0
0.74 15.0
0.933 11.8
0.889 5.8
0.75 13.2
0.806 11.5
0.646 16.3
0.777 34.0
0.803 36.0
0.852 36.2
0.878 36.7
0.848 35.0
0.848 33.3
0.873 14.8
0.625 20.7
0.94 20.4
0.757 20.4
0.784 22.0
0.805 12.1
0.829 9.9
0.662 6.2
0.6 8.7
0.644 22.0
0.618 19.9
0.458 12.1
0.368 21.6
0.545 28.1
0.662 19.2
0.667 16.3
0.625 12.4
0.8 8.8
0.545 8.8
0.545 12.0
0.699 27.6
0.79 18.9
0.815 15.6
0.792 17.3
0.828 16.3
0.375 7.2
0.8 33.6
0.871 27.2
0.867 33.1
0.852 27.4
0.842 20.7
0.85 34.0
0.872 29.7
0.843 28.2
0.839 28.0
0.881 28.0
0.881 32.1
0.893 16.5
0.91 15.4
1.0 15.5
0.786 12.3
0.673 14.7
0.657 17.7
0.638 25.7
0.788 24.3
0.69 28.7
0.727 28.8
0.636 26.4
0.612 26.4
0.612 22.8
0.57 20.1
0.462 4.5
0.5 8.4
0.483 8.7
0.667 3.5
0.704 18.8
0.852 23.9
0.77 22.2
0.7 4.1
0.577 29.8
0.815 29.1
0.819 34.9
0.755 37.3
0.812 36.1
0.787 37.2
0.782 36.8
0.797 33.2
0.78 18.4
0.654 18.4
0.654 16.4
0.763 18.7
0.0 8.1
0.759 9.0
0.333 14.1
0.526 21.6
0.633 18.1
0.532 20.4
0.574 16.3
0.515 22.6
0.547 24.8
0.621 14.4
0.484 14.4
0.577 14.4
0.766 23.9
0.736 15.0
0.69 26.9
0.748 19.0
0.75 10.1
0.609 11.5
0.788 22.5
0.876 23.8
0.695 25.2
0.811 20.4
0.794 21.0
0.869 19.3
0.853 26.3
0.807 26.3
0.807 22.9
0.75 23.4
0.556 17.3
0.647 20.0
0.607 12.5
0.571 11.4
0.765 9.0
0.847 36.8
0.818 37.6
0.851 38.5
0.868 38.0
0.847 36.0
0.878 36.4
0.861 33.4
0.885 35.0
0.855 34.8
0.9 34.8
0.9 32.7
0.896 31.5
0.627 18.6
0.649 18.2
0.736 11.4
0.552 12.1
0.667 11.6
0.536 15.6
0.838 11.4
0.8 9.5
0.714 19.2
0.724 11.7
0.76 9.2
0.645 12.1
1.0 9.7
0.673 9.6
0.684 14.2
0.756 13.4
0.695 12.2
0.744 14.4
0.8 13.1
0.708 12.2
0.692 22.8
0.8 22.8
0.8 19.5
0.756 9.6
0.606 13.8
0.545 3.0
0.0 3.7
0.25 8.8
1.0 11.4
0.478 17.9
0.752 21.2
0.777 26.2
0.786 29.9
0.841 19.9
0.746 17.2
0.818 23.4
0.832 25.4
0.799 19.7
0.835 14.1
0.674 14.1
0.674 11.5
0.308 10.7
0.882 11.6
0.78 7.1
0.9 17.0
0.897 11.5
0.698 7.9
1.0 8.3
0.556 15.1
0.664 18.7
0.753 21.5
0.79 20.8
0.474 17.8
0.622 16.4
0.591 10.8
0.365 19.5
0.42 9.5
0.0 9.5
0.706 25.2
0.82 24.1
0.783 26.9
0.838 23.7
0.815 21.9
0.767 13.8
0.857 15.8
0.551 9.0
0.571 10.6
0.571 10.6
0.571 10.7
0.75 1.0
0.0 5.3
0.667 19.4
0.661 26.2
0.771 23.4
0.704 24.7
0.711 20.5
0.737 17.7
0.721 14.4
0.768 17.5
0.859 21.5
0.705 28.4
0.735 5.0
0.0 24.5
0.813 23.8
0.77 24.3
0.792 28.9
0.848 27.7
0.84 11.0
0.75 11.0
0.704 36.9
0.767 37.3
0.803 36.8
0.849 36.9
0.801 37.9
0.845 36.3
0.843 36.4
0.859 32.2
0.801 31.1
0.834 31.1
0.834 32.4
0.869 25.9
0.615 11.3
0.696 23.3
0.783 23.7
0.79 29.9
0.824 23.3
0.823 26.3
0.812 28.7
0.868 24.1
0.849 25.2
0.861 25.2
0.861 28.5
0.83 24.6
0.747 34.0
0.815 34.6
0.822 34.3
0.806 30.5
0.819 28.7
0.845 26.3
0.788 23.7
0.778 25.4
0.781 26.1
0.713 26.1
0.713 28.9
0.833 30.2
0.5 18.0
0.603 22.0
0.687 23.9
0.747 20.8
0.688 4.4
0.875 10.0
0.606 6.3
0.5 4.9
0.722 34.9
0.762 37.1
0.781 37.5
0.757 39.6
0.791 36.3
0.814 37.7
0.81 36.2
0.822 35.4
0.845 35.4
0.845 30.6
0.858 32.4
0.4 4.0
0.286 13.7
0.442 14.8
0.545 15.0
0.391 12.6
0.427 9.5
0.333 9.7
0.25 17.7
0.471 17.7
0.471 7.0
0.597 11.3
0.629 15.6
0.633 10.2
0.469 9.2
0.0 6.0
0.782 21.4
0.717 32.1
0.808 25.7
0.567 14.6
0.432 14.7
0.646 7.0
0.333 7.8
0.75 8.2
0.667 10.5
0.8 20.3
0.753 19.8
0.844 20.6
0.847 25.2
0.776 23.1
0.824 23.9
0.84 31.4
0.831 35.0
0.774 35.7
0.82 33.3
0.873 28.7
0.844 29.9
0.824 27.1
0.813 27.1
0.813 13.8
0.544 25.3
0.456 16.0
0.376 16.6
0.675 27.5
0.759 32.2
0.702 30.0
0.639 22.0
0.654 24.8
0.56 14.2
0.41 6.7
0.6 8.7
0.449 10.3
0.714 11.4
0.586 9.9
0.821 20.7
0.818 19.1
0.911 23.7
0.808 23.8
0.784 8.7
0.714 17.8
0.75 17.8
0.609 14.8
0.679 17.9
0.758 12.6
0.825 12.4
0.585 13.8
0.605 18.5
0.609 10.9
0.7 8.8
0.6 11.9
0.794 4.0
0.66 10.0
0.71 13.5
0.526 7.3
0.733 11.8
0.923 11.1
0.711 20.6
0.679 18.3
0.584 18.0
0.671 24.6
0.82 21.3
0.854 32.3
0.815 35.6
0.846 23.8
0.89 24.6
0.893 25.9
0.859 27.4
0.819 30.7
0.849 21.7
0.818 21.7
0.818 20.3
0.824 18.6
0.731 10.6
0.727 37.0
0.785 37.3
0.767 39.7
0.753 39.9
0.805 37.3
0.791 35.8
0.814 34.7
0.822 35.4
0.858 35.4
0.858 34.0
0.78 33.8
0.805 11.9
0.718 30.4
0.81 23.9
0.767 19.1
0.694 27.8
0.822 26.2
0.791 20.0
0.774 8.3
0.84 10.7
0.6 8.9
0.671 9.9
0.597 16.8
0.69 16.9
0.681 13.4
0.52 11.1
0.75 7.9
0.625 9.6
0.574 9.6
0.574 12.4
0.661 12.8
0.561 11.3
0.787 4.1
0.55 10.7
0.716 13.0
0.718 13.5
0.661 13.9
0.826 13.0
0.0 7.7
0.796 8.7
0.833 5.5
0.893 25.5
0.698 21.8
0.801 24.3
0.827 34.2
0.765 32.1
0.864 29.7
0.795 36.2
0.813 34.5
0.808 34.5
0.808 37.0
0.811 37.4
0.673 20.8
0.677 30.1
0.699 27.8
0.693 34.3
0.757 32.8
0.792 30.4
0.742 33.5
0.731 32.7
0.757 32.7
0.757 32.7
0.757 34.0
0.333 10.1
0.483 3.9
1.0 4.4
1.0 7.5
0.75 16.4
0.913 6.7
0.778 7.2
1.0 18.9
0.846 20.3
0.909 10.0
1.0 5.6
0.0 5.6
0.0 4.4
1.0 2.8
0.647 4.1
0.6 6.5
0.55 4.6
0.835 32.1
0.816 33.0
0.834 28.3
0.789 29.0
0.779 25.1
0.736 14.4
0.71 17.5
0.689 11.8
0.587 10.9
0.676 22.3
0.867 14.6
0.81 8.9
1.0 7.1
0.9 8.1
0.794 17.4
0.871 22.0
0.86 25.6
0.875 27.2
0.911 30.5
0.9 28.2
0.915 30.9
0.901 30.9
0.901 28.0
0.888 28.2
0.0 4.9
1.0 7.8
0.808 8.7
0.658 15.3
0.792 15.9
0.647 29.9
0.611 33.0
0.642 36.6
0.621 37.2
0.568 36.9
0.597 37.4
0.645 33.3
0.627 29.7
0.397 29.7
0.397 35.2
0.58 26.7
0.838 37.7
0.753 37.2
0.824 37.2
0.78 27.9
0.511 20.8
0.721 22.0
0.836 28.6
0.674 25.9
0.747 21.8
0.884 27.5
0.826 26.0
0.768 18.8
0.776 18.8
0.776 23.4
0.626 25.7
0.586 4.8
0.471 4.8
0.485 6.2
0.0 4.7
0.624 20.1
0.665 19.7
0.677 16.4
0.635 12.2
0.735 9.9
0.606 18.0
0.741 27.5
0.783 22.6
0.686 21.0
0.787 18.8
0.759 13.8
0.714 5.3
0.365 5.3
0.847 16.1
0.787 6.0
0.333 14.1
0.55 14.9
0.717 11.3
0.764 12.1
0.676 11.4
0.73 11.1
0.765 15.4
0.773 22.0
0.782 16.7
0.817 27.1
0.735 33.7
0.847 33.6
0.798 36.0
0.857 35.0
0.815 32.1
0.843 32.1
0.843 33.4
0.84 25.9
0.968 6.3
0.667 10.2
0.592 16.1
0.652 16.5
0.717 19.5
0.644 21.1
0.69 9.1
0.607 5.6
0.5 8.3
0.682 8.3
0.682 5.1
0.75 6.4
0.778 21.0
0.769 17.0
0.835 24.5
0.784 29.8
0.783 25.8
0.839 25.2
0.847 22.4
0.848 22.4
0.848 24.6
0.833 24.0
0.8 20.5
0.737 30.3
0.648 21.9
0.708 21.8
0.692 24.4
0.69 32.2
0.718 26.1
0.743 26.1
0.743 20.4
0.75 15.6
0.857 25.0
0.866 35.6
0.822 21.8
0.63 33.4
0.795 35.7
0.806 33.3
0.807 26.9
0.833 25.1
0.793 31.1
0.724 31.7
0.775 31.7
0.732 30.6
0.817 32.1
0.743 35.5
0.733 35.1
0.861 34.5
0.83 33.5
0.815 31.8
0.859 31.8
0.859 31.4
0.834 33.2
0.825 24.4
0.875 15.4
0.84 13.9
0.8 17.4
0.636 9.0
0.692 18.6
0.643 7.9
0.66 21.5
0.73 17.3
0.696 29.5
0.736 23.4
0.683 31.3
0.718 24.4
0.693 12.2
0.632 12.2
0.737 17.0
0.676 24.3
0.754 26.1
0.743 31.1
0.726 27.5
0.796 23.4
0.655 23.8
0.716 23.8
0.716 25.9
0.735 21.3
0.873 39.0
0.863 39.5
0.9 38.9
0.88 38.6
0.86 38.5
0.905 38.5
0.873 33.8
0.854 33.8
0.854 35.8
0.898 33.4
0.5 7.4
0.333 8.3
0.421 8.6
0.391 5.7
0.0 6.1
0.667 12.6
0.578 13.4
0.68 25.4
0.725 32.0
0.649 30.8
0.652 32.8
0.686 29.9
0.703 29.9
0.703 30.1
0.705 31.2
0.566 12.8
0.576 9.7
0.714 13.0
0.5 16.6
0.532 12.2
0.523 9.6
0.744 36.8
0.788 37.1
0.74 32.4
0.655 29.3
0.662 26.4
0.689 21.2
0.534 24.9
0.727 27.2
0.777 30.9
0.783 17.5
0.647 17.5
0.647 18.2
0.831 14.8
0.731 33.5
0.727 35.1
0.789 35.1
0.798 31.6
0.733 37.2
0.644 33.0
0.682 30.5
0.759 30.5
0.759 32.1
0.798 32.3
0.841 23.3
0.772 31.8
0.798 17.7
0.681 6.8
0.661 21.3
0.813 30.9
0.806 26.4
0.74 24.4
0.799 23.2
0.817 12.9
0.824 17.0
0.82 17.0
0.82 15.8
0.792 10.2
0.817 9.0
0.776 14.2
0.438 26.2
0.725 6.0
0.0 14.6
0.769 17.6
0.736 14.9
0.0 8.5
0.769 12.5
0.5 22.2
0.739 14.4
0.639 22.2
0.765 30.3
0.729 17.4
0.615 17.4
0.615 14.2
0.7 17.3
0.741 25.9
0.85 17.2
0.8 17.7
0.882 15.4
0.0 3.5
0.691 24.2
0.676 30.1
0.744 32.8
0.739 30.4
0.748 36.8
0.751 35.3
0.737 30.6
0.603 30.6
0.603 21.9
0.489 22.1
0.645 8.7
0.828 10.2
0.5 7.8
0.5 4.6
0.668 30.3
0.76 32.6
0.779 32.6
0.738 31.3
0.773 26.6
0.787 17.1
0.728 20.5
0.699 20.5
0.699 21.5
0.726 12.8
0.78 27.5
0.794 21.1
0.717 26.3
0.823 26.7
0.782 27.1
0.839 26.7
0.807 18.6
0.769 18.6
0.769 20.3
0.756 16.2
0.0 6.5
0.814 31.9
0.803 34.2
0.833 31.2
0.866 29.9
0.834 28.6
0.783 26.7
0.836 26.4
0.819 26.4
0.819 22.0
0.829 17.8
0.743 37.4
0.754 27.7
0.725 19.5
0.833 9.4
0.788 6.4
0.793 24.5
0.87 27.5
0.771 13.3
0.742 23.7
0.808 19.0
0.78 18.9
0.784 24.9
0.826 24.9
0.826 19.9
0.872 16.3
0.654 5.1
0.467 3.6
0.6 19.3
0.609 11.1
0.625 11.4
0.675 17.6
0.635 14.3
0.567 12.8
0.61 14.7
0.815 22.4
0.85 19.2
0.8 31.8
0.816 27.9
0.852 23.9
0.82 28.3
0.825 23.8
0.892 23.8
0.892 19.1
0.829 25.9
0.738 34.4
0.735 32.0
0.691 26.0
0.707 27.9
0.771 34.6
0.574 34.4
0.712 32.0
0.655 32.0
0.655 33.0
0.644 30.2
0.714 5.0
0.0 10.0
0.699 3.6
0.845 14.5
0.866 22.3
0.812 32.2
0.877 30.9
0.844 36.1
0.952 27.5
0.854 27.5
0.854 30.4
0.873 29.4
0.667 14.3
0.567 20.1
0.893 18.4
0.779 33.6
0.906 29.3
0.875 16.1
0.838 27.3
0.885 24.0
0.868 24.0
0.868 19.0
0.805 19.7
0.808 24.8
0.843 31.5
0.841 30.4
0.836 38.5
0.848 36.0
0.803 33.5
0.857 33.5
0.857 35.0
0.849 34.0
0.806 17.6
0.831 21.1
0.806 22.7
0.852 22.1
0.836 23.4
0.797 22.3
0.883 22.3
0.883 28.9
0.778 23.7
0.772 29.8
0.8 32.3
0.753 23.1
0.642 20.7
0.746 15.1
0.772 21.0
0.769 21.0
0.769 18.2
0.776 16.7
0.791 11.5
0.767 24.8
0.745 22.6
0.871 28.5
0.792 26.9
0.795 29.8
0.742 29.6
0.774 29.6
0.774 22.5
0.0 7.1
0.417 12.1
0.823 25.8
0.847 20.1
0.769 18.0
0.736 17.6
0.624 26.5
0.805 33.5
0.748 35.1
0.76 33.8
0.774 33.8
0.774 32.8
0.727 33.7
0.839 23.2
0.867 23.3
0.863 22.9
0.963 33.9
0.818 33.9
0.862 31.4
0.871 32.5
0.733 35.8
0.67 31.9
0.748 36.5
0.748 35.0
0.848 33.4
0.768 33.2
0.795 33.2
0.795 34.4
0.829 34.2
0.0 7.5
0.854 36.0
0.742 37.7
0.825 34.4
0.754 30.1
0.842 32.1
0.785 33.1
0.805 33.1
0.805 32.9
0.888 31.0
0.853 21.4
0.643 16.3
0.662 14.7
0.6 6.7
0.737 5.4
0.652 5.9
0.692 10.7
0.286 6.7
0.667 25.1
0.754 27.7
0.745 29.8
0.711 28.7
0.741 29.7
0.77 25.3
0.824 25.3
0.824 23.2
0.807 14.2
0.672 20.9
0.681 28.2
0.673 23.0
0.642 29.0
0.679 26.9
0.517 19.3
0.577 19.3
0.577 12.5
0.781 29.2
0.772 28.3
0.863 25.5
0.778 34.5
0.817 32.0
0.807 29.5
0.79 29.5
0.79 34.1
0.76 31.5
0.0 4.7
0.686 4.4
0.667 8.2
0.0 10.6
0.385 16.2
0.375 25.6
0.452 27.2
0.525 24.5
0.386 35.0
0.428 34.4
0.397 34.4
0.397 33.7
0.43 31.7
0.706 4.8
0.6 8.7
0.558 16.5
0.6 22.4
0.558 16.9
0.645 16.6
0.647 16.6
0.647 19.0
0.548 20.0
0.83 33.5
0.869 21.3
0.792 30.3
0.826 24.9
0.861 25.0
0.884 30.6
0.86 30.6
0.86 29.5
0.839 31.9
0.793 36.9
0.817 35.2
0.787 27.2
0.625 30.4
0.758 31.4
0.817 29.2
0.814 29.2
0.814 33.7
0.787 29.6
0.691 19.3
0.704 14.8
0.74 14.0
0.714 26.0
0.778 31.7
0.818 27.8
0.772 27.8
0.772 27.1
0.795 28.0
0.789 28.6
0.815 35.8
0.85 39.0
0.824 34.3
0.704 36.3
0.821 33.8
0.804 33.8
0.804 31.5
0.822 31.4
0.8 21.7
0.8 10.4
0.7 23.0
0.579 16.9
0.714 14.7
0.738 8.6
0.0 8.6
0.879 38.0
0.809 26.3
0.756 26.8
0.773 35.5
0.82 25.9
0.864 23.9
0.827 23.9
0.827 26.6
0.729 25.6
0.699 26.5
0.707 23.5
0.641 22.9
0.571 15.7
0.687 28.6
0.589 28.6
0.589 17.0
0.526 22.3
0.66 16.1
0.638 27.8
0.583 25.2
0.461 18.1
0.591 15.8
1.0 11.1
0.667 11.1
0.667 10.9
0.5 9.6
0.87 29.2
0.886 32.0
0.897 26.4
0.933 9.3
0.909 18.8
0.828 24.4
0.888 24.4
0.888 13.6
0.744 14.6
0.637 23.9
0.716 22.7
0.801 14.8
0.674 15.2
0.762 8.4
0.689 12.3
0.788 36.8
0.766 37.4
0.858 35.3
0.697 30.4
0.629 26.2
0.755 26.4
0.793 12.5
0.667 11.0
0.6 8.2
0.455 8.2
0.455 14.7
0.643 21.9
0.773 16.4
0.745 11.5
0.753 22.4
0.771 16.5
0.771 12.4
0.821 15.9
0.843 15.9
0.843 11.6
0.825 15.7
0.692 31.4
0.715 23.3
0.605 25.9
0.602 27.9
0.694 24.5
0.579 24.6
0.622 24.6
0.622 10.0
0.5 31.0
0.769 21.0
0.802 17.3
0.745 15.5
0.863 20.3
0.805 18.8
0.783 18.8
0.783 18.6
0.617 22.7
0.733 7.5
0.696 21.9
0.796 12.9
0.705 19.4
0.707 12.0
0.833 13.8
0.375 19.8
0.688 23.9
0.815 34.3
0.78 34.7
0.842 35.3
0.823 34.9
0.8 30.7
0.826 34.4
0.835 34.4
0.835 34.4
0.812 34.6
0.769 8.5
0.9 14.6
0.719 18.9
0.705 7.2
0.556 5.0
0.0 13.7
0.711 15.0
0.687 9.3
0.808 17.7
0.767 21.7
0.841 12.2
0.547 21.4
0.657 21.3
0.613 14.0
0.629 15.6
0.636 6.2
0.667 6.2
0.667 7.5
0.597 10.7
0.678 6.8
0.667 11.8
0.533 22.2
0.77 22.3
0.855 22.4
0.771 22.1
0.762 18.3
0.821 19.2
0.827 19.2
0.827 14.1
0.623 4.2
1.0 14.5
0.875 16.8
0.765 32.1
0.773 31.3
0.702 31.3
0.702 30.2
0.6 26.1
0.672 24.0
0.673 20.6
0.685 11.7
0.537 18.1
0.68 21.1
0.733 21.1
0.733 27.2
0.648 17.9
0.722 11.0
0.574 12.4
0.724 23.1
0.697 14.2
0.647 9.3
0.25 9.3
0.851 29.9
0.871 31.3
0.83 29.3
0.88 25.9
0.857 34.8
0.788 34.8
0.788 30.0
0.858 30.3
0.646 21.0
0.726 17.6
0.652 25.1
0.65 20.2
0.567 25.0
0.617 25.0
0.617 24.6
0.695 25.0
0.885 33.6
0.934 28.2
0.809 38.2
0.9 36.5
0.885 32.7
0.914 32.7
0.914 34.2
0.908 33.4
0.821 20.1
0.759 14.7
0.814 12.3
0.765 6.7
0.6 10.1
0.833 10.1
0.763 34.8
0.813 35.0
0.81 36.7
0.831 38.2
0.824 35.0
0.832 35.0
0.832 35.9
0.85 35.4
0.809 24.3
0.794 17.3
0.846 18.2
0.905 13.2
0.735 14.8
0.615 14.8
0.615 20.7
0.848 16.4
0.871 19.0
0.792 19.1
0.8 21.3
0.907 8.7
0.909 25.8
0.813 25.8
0.813 21.3
0.857 24.2
0.748 37.0
0.771 34.3
0.779 31.0
0.775 28.2
0.771 34.1
0.694 34.1
0.694 30.6
0.796 19.7
0.826 18.5
0.762 14.3
0.5 12.5
0.5 13.9
0.621 20.0
0.783 29.0
0.788 31.0
0.795 15.7
0.705 12.3
0.701 12.3
0.701 22.4
0.667 6.8
0.646 21.8
0.676 20.4
0.622 22.4
0.679 28.7
0.751 27.3
0.717 27.3
0.717 26.5
0.692 25.5
0.667 11.5
0.0 23.1
0.79 27.5
0.848 24.3
0.794 28.5
0.874 28.5
0.874 26.1
0.739 26.6
0.743 21.9
0.779 21.8
0.813 16.9
0.72 15.3
0.681 14.3
0.698 14.3
0.698 7.8
0.808 26.7
0.843 31.4
0.846 38.3
0.851 38.0
0.866 36.8
0.868 36.8
0.868 38.1
0.86 36.4
0.745 24.4
0.785 33.3
0.76 31.4
0.824 32.0
0.761 28.9
0.848 28.9
0.848 19.9
0.767 23.2
0.676 15.6
0.706 14.1
0.638 15.8
0.656 20.8
0.685 26.8
0.738 26.8
0.738 20.7
0.712 6.7
0.756 35.4
0.823 33.8
0.783 37.5
0.752 33.6
0.81 32.6
0.855 32.6
0.855 28.2
0.843 32.7
0.846 6.6
0.5 20.9
0.63 27.0
0.75 27.2
0.661 31.1
0.749 32.9
0.784 33.1
0.836 33.1
0.836 32.1
0.752 30.7
0.684 18.9
0.817 34.4
0.809 35.3
0.808 36.2
0.819 34.1
0.751 28.6
0.839 28.6
0.839 18.1
0.731 22.2
0.729 21.6
0.662 25.2
0.704 16.3
0.597 18.4
0.844 19.6
0.657 19.6
0.657 16.2
0.574 27.4
0.757 26.3
0.764 34.8
0.824 34.4
0.756 35.8
0.798 35.5
0.73 35.5
0.73 21.4
0.686 25.1
0.829 33.6
0.844 33.8
0.86 34.8
0.797 33.9
0.837 33.7
0.752 33.7
0.752 33.9
0.863 34.2
0.722 14.6
0.729 15.2
1.0 15.0
0.726 10.5
0.795 27.9
0.894 24.9
0.906 21.3
0.896 33.2
0.857 24.4
0.906 24.4
0.906 14.3
1.0 20.5
0.571 12.2
0.766 16.3
1.0 11.3
0.842 18.9
0.89 15.7
0.0 6.5
0.5 22.5
0.821 26.9
0.646 9.2
0.8 15.9
0.667 12.9
0.8 22.4
0.79 3.5
0.0 12.5
0.667 12.5
0.711 9.0
0.45 13.9
0.778 3.5
0.717 14.2
0.837 13.8
0.794 33.1
0.757 32.9
0.881 32.2
0.846 30.5
0.862 30.5
0.862 28.5
0.837 32.4
0.7 9.6
0.581 7.9
0.543 7.0
0.65 11.7
0.604 8.3
0.814 24.3
0.788 34.9
0.865 24.0
0.881 24.2
0.804 15.0
0.821 15.0
0.821 18.2
0.848 17.4
0.839 20.3
0.746 22.6
0.725 9.5
0.476 5.7
0.0 5.3
1.0 5.3
0.715 13.8
0.667 18.3
0.587 13.3
0.777 20.2
0.767 10.7
0.731 12.4
0.579 7.9
0.583 13.7
0.65 18.1
0.639 12.6
0.579 12.6
0.0 8.7
0.5 6.7
0.929 8.6
0.6 7.2
0.867 16.0
0.781 16.0
0.781 13.3
0.714 8.6
0.773 22.4
0.754 27.2
0.737 25.6
0.664 18.5
0.712 18.5
0.712 28.5
0.737 29.1
0.778 11.8
0.75 10.3
0.857 28.9
0.503 14.7
0.456 30.0
0.562 20.2
0.619 26.1
0.582 26.1
0.582 17.3
0.545 15.5
0.333 13.4
0.85 11.8
0.769 17.5
0.778 13.2
0.684 13.2
0.684 18.0
0.78 15.7
0.744 11.6
0.636 20.4
0.791 32.9
0.772 34.6
0.8 34.6
0.8 34.2
0.802 33.0
0.673 25.2
0.602 18.5
0.556 21.6
0.618 19.8
0.581 19.8
0.581 20.7
0.67 24.7
0.0 6.3
0.5 21.4
0.795 28.7
0.755 30.9
0.804 31.5
0.79 31.5
0.79 33.4
0.78 33.4
0.687 30.5
0.702 30.5
0.738 32.4
0.726 34.1
0.782 34.1
0.782 34.6
0.718 34.2
0.869 27.4
0.793 24.4
0.811 23.0
0.555 23.2
0.67 20.1
0.617 15.2
0.528 23.3
0.487 23.3
0.487 20.8
0.559 17.2
0.783 16.5
0.657 10.4
0.65 11.9
0.703 7.5
0.5 5.8
0.636 18.3
0.68 7.0
0.828 7.0
0.828 8.4
0.643 14.6
0.595 21.2
0.649 23.2
0.688 30.2
0.669 30.8
0.669 30.8
0.669 32.0
0.709 23.7
0.769 28.7
0.562 20.3
0.642 10.7
0.636 8.3
0.833 8.3
0.678 14.9
0.762 29.7
0.802 37.6
0.807 36.2
0.864 15.2
0.727 15.2
0.727 34.8
0.86 35.9
0.642 36.2
0.521 32.5
0.66 35.8
0.715 35.2
0.728 35.2
0.728 33.4
0.727 34.0
0.731 11.0
0.763 17.5
0.711 30.5
0.832 29.2
0.827 36.4
0.816 34.4
0.812 34.4
0.812 36.2
0.824 34.5
0.786 5.4
0.583 7.8
0.635 16.9
0.612 12.5
0.63 21.1
0.655 9.6
0.583 9.6
0.643 24.3
0.667 0.0
0.0 10.0
0.591 13.8
0.75 6.5
0.789 9.5
0.618 19.7
0.86 18.1
0.875 18.1
0.875 12.2
0.696 22.6
0.706 19.1
0.771 28.4
0.792 29.5
0.804 29.5
0.804 20.8
0.652 11.9
0.824 8.1
0.784 11.7
0.76 26.9
0.798 32.2
0.785 28.9
0.823 25.8
0.795 25.8
0.795 26.3
0.815 24.5
0.622 31.5
0.739 33.2
0.689 32.8
0.657 31.0
0.75 31.0
0.75 29.3
0.74 22.5
0.712 15.6
0.684 8.9
0.769 21.6
0.754 25.2
0.718 25.2
0.718 17.4
0.716 20.4
0.5 1.0
0.808 21.5
0.781 21.8
0.865 21.4
0.895 22.1
0.867 22.1
0.867 20.2
0.855 9.0
0.444 10.7
0.714 23.2
0.702 25.0
0.762 23.6
0.704 26.6
0.788 26.6
0.788 25.6
0.853 24.6
0.763 26.9
0.743 31.6
0.744 30.8
0.747 26.3
0.837 26.3
0.837 13.0
0.0 8.6
0.643 2.9
0.0 1.5
0.706 15.7
0.623 21.1
0.787 18.0
0.808 23.9
0.74 23.9
0.618 15.3
0.701 10.9
0.56 12.4
0.474 27.3
0.618 25.4
0.473 21.7
0.5 21.7
0.71 20.6
0.671 21.8
0.693 10.9
0.871 15.6
0.707 15.6
0.707 11.0
0.826 11.4
0.571 9.0
0.7 9.9
0.429 14.4
0.564 15.1
0.596 15.1
0.596 29.1
0.693 24.1
0.543 19.0
0.691 24.7
0.73 21.5
0.699 19.8
0.75 19.8
0.75 16.1
0.813 9.5
0.786 10.5
0.471 29.2
0.652 35.3
0.711 25.8
0.627 25.8
0.627 19.9
0.784 20.1
0.808 26.4
0.676 35.3
0.74 30.3
0.813 27.6
0.752 27.6
0.752 28.0
0.827 25.5
0.656 21.1
0.754 17.3
0.748 19.1
0.638 3.9
0.778 3.9
0.589 20.6
0.773 25.8
0.821 34.4
0.805 22.5
0.88 24.3
0.758 24.3
0.758 20.0
0.846 13.0
0.766 36.2
0.789 32.7
0.804 36.3
0.805 35.9
0.785 35.9
0.785 36.2
0.791 36.4
0.0 6.1
0.786 21.1
0.717 16.5
0.66 17.0
0.702 17.0
0.702 20.2
0.63 14.3
0.619 13.3
0.4 16.5
0.483 27.3
0.521 13.9
0.517 19.4
0.583 19.4
0.583 22.0
0.628 22.1
0.764 12.5
0.734 9.0
0.727 17.8
0.713 28.1
0.748 33.3
0.822 33.3
0.822 25.7
0.752 15.5
0.768 26.0
0.803 38.7
0.769 38.7
0.834 38.7
0.834 36.9
0.832 37.0
0.776 19.9
0.65 24.6
0.779 24.4
0.716 24.4
0.716 26.6
0.8 9.6
0.667 2.0
0.665 28.1
0.613 27.2
0.65 27.8
0.691 27.8
0.691 25.3
0.613 21.2
0.833 14.0
0.859 10.6
0.905 10.2
0.956 10.2
0.956 3.0
0.917 6.0
0.4 9.9
0.5 17.0
0.784 8.7
0.0 8.7
0.0 27.6
0.615 5.2
0.5 9.9
0.667 6.9
0.815 23.6
0.752 30.3
0.807 34.8
0.788 34.8
0.788 33.1
0.831 31.3
0.7 5.3
0.6 3.6
0.872 34.7
0.855 35.2
0.861 36.4
0.863 36.4
0.863 31.5
0.885 35.1
0.862 14.2
0.839 28.5
0.893 29.5
0.83 29.5
0.83 30.7
0.864 27.4
0.872 7.5
0.72 15.0
0.647 13.9
0.857 13.8
0.823 18.3
0.734 18.3
0.734 25.6
0.764 25.0
0.667 15.4
0.795 26.7
0.73 28.5
0.782 28.5
0.782 21.0
0.797 21.3
0.759 31.5
0.733 33.3
0.802 32.3
0.874 32.3
0.874 36.0
0.852 21.1
0.824 18.1
0.773 31.2
0.825 29.1
0.802 31.8
0.802 31.8
0.802 33.1
0.874 33.4
0.75 6.7
0.462 13.1
0.787 13.1
0.627 13.1
0.627 18.7
0.762 25.9
0.474 7.4
0.5 1.0
0.712 13.4
0.563 20.4
0.865 15.1
0.806 15.1
0.806 20.3
0.738 21.9
1.0 22.4
0.797 19.1
0.765 9.0
0.6 9.0
0.6 21.4
0.629 24.9
0.667 14.2
0.649 11.6
0.654 7.9
0.444 7.9
0.75 19.8
0.564 22.0
0.761 25.2
0.628 25.2
0.628 35.7
0.749 32.5
0.717 22.4
0.732 26.6
0.792 31.5
0.763 31.5
0.763 25.5
0.735 31.2
0.44 8.0
0.529 11.4
0.593 16.8
0.551 36.3
0.729 37.6
0.742 33.1
0.72 33.1
0.72 29.5
0.684 19.9
0.803 29.7
0.799 32.2
0.802 31.5
0.803 31.5
0.803 30.6
0.847 32.9
0.786 5.9
0.798 22.1
0.766 26.5
0.746 24.9
0.672 24.9
0.672 24.4
0.784 25.5
0.682 16.2
0.571 10.0
0.767 11.4
0.8 8.2
0.6 20.9
0.779 20.9
0.779 21.6
0.0 15.9
0.623 9.1
0.4 8.6
0.513 8.6
0.513 10.7
0.714 7.2
0.707 15.9
0.768 18.3
0.594 3.9
0.5 3.9
0.727 7.0
0.75 5.7
0.832 26.9
0.882 34.7
0.85 25.8
0.868 25.8
0.868 32.2
0.871 33.8
0.839 10.9
0.729 8.4
0.5 24.0
0.727 24.0
0.727 22.3
0.857 21.0
0.5 4.8
0.625 7.9
0.0 11.4
0.692 11.4
0.868 35.8
0.841 35.4
0.795 31.9
0.879 31.9
0.879 33.3
0.873 34.0
0.552 31.3
0.608 31.6
0.693 26.8
0.641 26.8
0.641 27.7
0.616 29.9
0.558 3.2
0.667 9.7
0.532 11.8
0.308 14.4
0.529 33.2
0.683 31.8
0.766 34.2
0.752 34.2
0.752 31.3
0.753 28.8
0.789 34.9
0.798 35.8
0.837 34.2
0.827 34.2
0.827 35.6
0.847 34.7
0.697 24.6
0.706 23.3
0.718 19.8
0.684 19.8
0.684 17.9
0.758 16.1
0.774 1.3
0.0 15.8
0.816 13.4
0.66 18.9
0.784 18.9
0.784 14.8
0.735 14.7
0.758 28.3
0.718 28.3
0.72 28.3
0.72 30.9
0.761 35.5
0.769 9.4
0.813 16.9
0.787 16.9
0.787 28.7
0.806 28.4
0.583 9.3
0.905 16.0
0.865 16.0
0.865 15.2
0.764 15.5
0.614 13.6
0.606 17.7
0.6 17.7
0.6 27.8
0.815 26.9
0.786 34.7
0.788 33.4
0.783 33.4
0.783 31.1
0.767 34.9
0.829 31.3
0.814 30.8
0.75 30.8
0.75 28.7
0.682 30.7
0.467 8.8
0.909 7.6
0.0 7.6
0.759 6.5
0.714 16.6
0.733 16.6
0.733 6.5
0.644 16.1
0.754 20.1
0.773 20.1
0.773 31.6
0.82 32.4
1.0 6.2
0.813 4.7
0.538 4.7
0.538 9.3
0.751 35.2
0.791 36.1
0.805 36.1
0.805 35.5
0.758 36.1
0.795 10.5
0.371 32.3
0.418 30.5
0.389 30.5
0.389 32.9
0.355 29.7
0.769 19.8
0.756 28.6
0.728 28.6
0.728 32.5
0.836 32.9
0.667 14.0
0.69 12.9
0.84 12.9
0.5 14.8
0.818 21.9
0.667 31.5
0.66 31.5
0.66 34.7
0.696 32.5
0.57 24.4
0.594 15.0
0.537 15.0
0.537 18.7
0.622 28.9
0.533 26.5
0.514 18.3
0.569 18.3
0.569 16.8
0.59 19.4
0.61 4.9
0.545 9.9
0.87 9.9
0.843 12.2
1.0 12.4
0.842 12.4
0.842 11.2
0.833 3.3
0.719 8.7
0.0 5.0
0.667 12.3
0.667 14.7
0.649 14.7
0.765 27.3
0.605 26.9
0.606 26.9
0.606 20.9
0.664 23.5
0.749 24.2
0.614 28.9
0.701 28.9
0.701 29.3
0.69 29.0
0.297 3.0
0.588 13.1
1.0 19.7
0.797 13.5
0.891 13.5
0.891 18.6
0.727 18.4
0.809 8.9
0.762 15.4
0.938 15.4
0.938 21.9
0.761 16.5
0.844 35.8
0.871 35.7
0.864 35.7
0.864 35.7
0.892 35.9
0.571 29.0
0.528 14.9
0.889 14.9
0.889 13.3
0.844 30.0
0.861 30.1
0.859 30.1
0.859 36.1
0.888 30.7
1.0 16.1
0.806 8.6
0.0 8.6
0.5 15.2
0.709 11.9
0.727 11.9
0.627 15.4
0.604 28.7
0.602 28.7
0.602 14.8
0.642 14.1
0.643 15.6
0.798 15.4
0.825 12.3
0.6 12.3
0.6 14.7
0.785 9.0
0.667 17.2
0.687 16.2
0.772 16.2
0.772 11.8
0.767 15.6
0.75 24.6
0.561 16.4
0.478 16.4
0.478 14.3
0.576 10.8
0.88 19.4
0.917 17.9
0.854 17.9
0.854 13.9
0.546 19.4
0.636 20.6
0.675 20.6
0.675 21.9
0.681 27.8
0.909 23.2
0.94 18.5
0.892 18.5
0.892 9.2
0.894 10.1
0.523 12.5
0.564 14.8
0.528 14.8
0.528 12.9
0.431 11.7
0.714 26.7
0.837 25.5
0.786 25.5
0.786 23.9
0.79 25.1
0.636 16.8
0.681 16.9
0.671 16.9
0.671 12.8
0.768 18.5
0.78 16.5
0.792 16.5
0.792 15.3
0.794 10.8
0.563 5.9
0.72 10.5
0.756 18.3
0.807 18.3
0.0 19.0
0.744 19.2
0.774 19.2
0.774 18.8
0.806 28.5
0.826 21.8
0.769 21.8
0.769 14.4
0.659 12.0
0.746 27.6
0.778 27.0
0.744 27.0
0.744 23.6
0.64 10.7
0.728 24.2
0.553 14.8
0.634 14.8
0.556 11.7
0.563 11.1
0.818 19.4
0.71 22.3
0.717 22.3
0.717 21.3
0.774 16.2
0.789 28.2
0.762 26.2
0.786 26.2
0.786 26.0
0.761 25.8
0.5 14.1
0.746 29.6
0.685 27.6
0.68 27.6
0.68 27.6
0.713 30.1
0.895 4.5
0.724 24.5
0.641 29.8
0.667 29.8
0.667 18.0
0.764 15.0
0.719 21.1
0.823 21.1
0.823 11.8
0.815 10.3
0.581 25.3
0.502 25.3
0.502 25.2
0.582 29.9
0.683 31.4
0.741 31.4
0.741 35.3
0.724 35.6
0.758 16.5
0.715 16.5
0.79 17.7
0.809 17.7
0.809 22.5
0.771 22.0
0.638 15.7
0.641 15.7
0.641 4.4
0.9 11.5
0.2 37.0
0.4 37.0
0.692 18.9
0.632 18.9
0.632 7.6
0.778 9.4
0.667 9.4
0.667 11.6
0.933 15.1
0.903 30.1
0.752 30.1
0.752 21.3
0.817 12.3
0.889 20.5
0.9 20.5
0.611 14.4
0.533 14.4
0.77 31.5
0.696 31.5
0.696 36.7
0.811 33.3
0.724 20.0
0.817 20.0
0.817 25.5
0.833 15.2
0.703 32.6
0.694 32.6
0.694 30.5
0.654 18.8
0.714 6.4
1.0 6.4
1.0 8.8
0.824 14.8
0.0 27.9
0.82 27.9
0.82 28.4
0.791 31.6
0.75 13.4
0.75 13.4
0.75 26.0
0.867 28.5
0.0 4.0
0.0 4.0
0.0 15.7
0.833 29.0
0.0 8.4
0.846 8.4
0.846 11.1
0.556 17.7
0.8 10.0
1.0 10.0
0.642 15.7
0.649 15.7
0.656 14.3
0.531 14.3
0.531 12.2
0.75 17.5
0.792 20.6
0.763 20.6
0.763 24.6
0.864 26.1
0.634 30.0
0.783 30.0
0.783 27.1
0.827 32.4
1.0 4.3
0.0 4.3
0.492 26.3
0.623 26.3
0.623 31.7
0.569 33.9
0.673 13.0
0.735 13.0
0.735 19.5
0.674 14.3
0.75 8.8
0.692 8.8
0.692 5.3
1.0 17.4
0.83 17.4
0.857 29.0
0.824 29.0
0.824 14.7
0.857 29.7
0.938 16.5
0.828 16.5
0.9 16.8
0.763 16.8
0.763 10.0
0.815 23.7
0.832 23.7
0.832 13.1
0.685 6.9
0.455 4.5
1.0 4.5
0.64 24.5
0.782 24.5
0.782 22.4
1.0 14.4
0.727 14.4
0.645 22.0
0.702 22.0
0.702 23.3
0.728 20.3
0.625 13.0
1.0 13.0
0.744 21.1
0.679 21.1
0.679 11.6
0.676 15.7
0.699 15.7
0.699 34.8
0.827 35.0
0.804 32.6
0.813 32.6
0.813 21.2
0.718 19.3
0.667 10.8
0.0 10.8
0.65 22.8
0.717 22.8
0.717 20.5
0.764 19.4
0.59 3.6
1.0 3.6
1.0 12.6
0.88 12.6
0.88 9.4
0.795 17.7
0.78 35.7
0.819 35.7
0.819 33.0
0.83 33.2
0.811 22.2
0.684 22.2
0.684 20.2
0.75 20.5
0.5 11.3
0.375 11.3
0.626 21.3
0.495 21.3
0.495 25.4
0.642 26.5
0.667 19.4
0.734 19.4
0.734 30.3
0.754 32.6
0.644 12.0
0.673 12.0
0.673 12.3
0.818 4.6
1.0 4.6
0.7 19.2
0.479 19.2
0.479 22.2
0.611 30.1
0.674 19.7
0.827 19.7
0.827 20.3
0.791 31.5
0.756 19.6
0.8 19.6
0.8 20.3
0.909 29.2
0.712 25.0
0.708 25.0
0.708 28.0
0.719 18.8
0.712 7.0
0.68 7.0
0.68 12.9
0.729 8.5
0.656 11.8
0.333 11.8
0.73 24.0
0.774 24.0
0.774 24.3
0.754 27.8
0.609 8.3
0.609 7.5
0.481 13.2
0.643 10.8
0.643 16.0
0.747 14.2
0.8 3.6
0.8 5.7
0.0 1.5
0.0 1.0
0.551 19.0
0.551 12.7
0.422 16.3
0.821 23.8
0.821 26.8
0.833 25.7
0.753 29.9
0.825 16.6
0.825 15.8
0.0 2.9
0.0 7.2
0.0 4.4
0.174 7.5
0.174 19.1
0.379 23.9
0.5 8.6
0.0 7.3
0.829 25.0
0.829 32.3
0.804 29.2
0.429 5.4
0.833 10.6
0.833 4.9
0.0 5.5
0.912 13.4
0.912 13.3
0.576 22.6
0.6 4.7
0.667 18.3
0.75 16.6
0.75 9.1
0.84 17.0
0.84 15.0
0.735 23.5
0.714 12.5
0.714 14.2
0.735 11.1
0.625 22.2
0.476 21.7
0.476 14.5
0.716 23.5
0.808 32.4
0.808 24.8
0.754 20.2
0.721 17.0
0.721 23.9
0.668 28.7
0.5 7.9
0.591 21.2
0.591 26.8
0.658 19.1
0.833 9.5
0.833 4.7
0.8 6.8
0.8 18.5
0.752 27.3
0.861 15.3
0.861 19.9
0.745 13.1
0.745 32.1
0.82 31.3
0.6 9.7
0.6 3.0
0.0 21.9
0.763 21.3
0.763 32.2
0.86 27.0
0.75 21.2
0.75 15.3
0.722 24.0
0.574 10.6
0.574 6.3
1.0 6.4
0.68 9.4
0.681 18.8
0.681 24.0
0.797 29.8
1.0 18.0
1.0 19.9
0.896 25.1
1.0 2.8
0.643 11.2
0.643 17.6
0.899 14.0
0.842 24.7
0.842 28.0
0.793 37.2
0.0 6.0
0.313 13.0
0.313 8.9
0.56 9.1
0.56 6.4
0.531 8.8
0.752 21.8
0.752 6.4
0.8 10.3
0.667 8.9
0.667 23.0
0.857 22.8
0.625 15.2
0.625 3.6
1.0 6.0
0.674 19.7
0.674 8.7
0.722 11.5
0.803 20.2
0.803 24.9
0.807 24.0
0.0 0.7
0.0 6.0
0.786 19.8
0.786 10.9
0.733 9.7
0.609 30.8
0.609 29.3
0.59 20.5
0.5 3.8
0.5 7.8
0.533 19.1
0.636 17.8
0.636 17.1
0.616 21.4
0.444 10.8
0.444 13.0
0.675 7.3
0.722 18.5
0.722 11.3
0.697 29.5
0.697 31.7
0.768 33.9
0.652 23.1
0.652 9.3
0.654 7.5
0.551 30.4
0.551 29.4
0.589 29.4
0.758 8.1
0.758 14.4
0.739 17.3
0.0 14.0
0.0 28.2
0.715 28.8
0.696 15.4
0.696 8.4
1.0 7.0
0.67 15.3
0.67 15.9
0.646 27.0
0.646 27.3
0.777 30.4
0.923 5.4
0.923 4.4
0.859 15.4
0.859 24.8
0.771 27.4
0.5 11.0
0.536 6.6
0.536 2.6
0.5 3.5
0.692 10.4
0.692 15.1
0.745 17.1
0.737 15.4
0.737 22.8
0.703 31.0
0.0 3.5
0.769 13.2
0.783 5.4
0.783 5.9
0.76 36.2
0.76 35.1
0.761 37.2
1.0 4.8
1.0 7.3
0.75 4.9
0.552 10.7
0.552 6.9
0.25 7.6
0.825 20.5
0.81 21.9
0.8 16.4
0.727 18.3
0.84 35.0
0.85 14.5
0.648 18.9
0.0 7.6
1.0 8.1
0.0 18.4
1.0 12.4
0.714 15.8
0.78 16.3
0.522 18.3
0.417 3.4
0.907 14.8
0.725 9.8
0.712 22.6
0.689 20.9
0.931 10.3
0.0 15.5
0.857 3.0
0.784 17.8
0.811 27.9
0.718 12.9
0.73 26.1
0.0 8.4
0.695 16.3
0.763 8.4
0.726 13.3
0.634 26.3
0.478 5.0
0.75 10.4
0.587 12.4
0.5 5.6
0.67 25.6
0.681 22.9
0.743 8.7
0.686 22.7
0.633 20.3
0.727 8.0
0.792 14.9
0.727 15.6
0.838 32.8
0.811 18.0
0.545 14.5
0.667 30.5
0.8 17.1
0.737 28.7
0.75 17.8
0.375 14.0
0.765 11.8
0.811 37.0
0.727 31.4
0.8 11.2
0.75 10.3
0.643 15.1
0.684 34.7
0.619 8.2
0.743 16.5
0.8 4.1
