0.583 0.727
0.727 0.5
0.834 0.801
0.801 0.841
0.841 0.869
0.869 0.866
0.866 0.784
0.784 0.726
0.726 1.0
0.82 0.81
0.81 0.808
0.888 0.873
0.873 0.916
0.916 0.904
0.904 0.883
0.883 0.903
0.903 0.903
0.903 0.907
0.907 0.952
0.952 0.913
0.913 0.881
0.881 0.915
0.915 0.886
0.886 0.905
0.692 0.621
0.621 0.685
0.685 0.769
0.769 0.74
0.74 0.692
0.692 0.734
0.734 0.715
0.715 0.75
0.75 0.728
0.631 0.638
0.638 0.481
0.851 0.856
0.856 0.859
0.859 0.824
0.824 0.805
0.805 0.838
0.838 0.877
0.877 0.737
0.831 0.742
0.742 0.789
0.789 0.729
0.729 0.73
0.0 0.556
0.734 0.692
0.692 0.732
0.732 0.764
0.764 0.818
0.818 0.722
0.657 0.659
0.884 0.888
0.888 0.878
0.878 0.854
0.854 0.853
0.853 0.786
0.786 0.785
0.785 0.667
0.692 0.692
0.692 0.816
0.816 0.753
0.753 0.803
0.803 0.791
0.791 0.81
0.81 0.444
0.444 0.938
0.938 0.926
0.655 0.762
0.762 0.75
0.75 0.791
0.791 0.74
0.74 0.7
0.7 1.0
0.778 0.684
0.464 0.586
0.586 0.75
0.723 0.633
0.633 0.673
0.673 0.726
0.726 0.529
0.529 0.722
0.0 0.9
0.85 0.778
0.816 0.846
0.846 0.795
0.795 0.827
0.827 0.837
0.837 0.661
0.661 0.88
0.88 0.95
0.95 0.95
0.877 0.931
0.931 0.86
0.86 0.845
0.845 0.873
0.873 0.828
0.638 0.677
0.677 0.746
0.746 0.742
0.742 0.723
0.723 0.664
0.664 0.675
0.0 0.75
0.75 0.676
0.676 0.786
0.786 0.747
0.747 0.788
0.788 0.776
0.776 0.868
0.868 0.853
0.853 1.0
1.0 0.892
0.892 0.84
0.735 0.773
0.773 0.714
0.714 0.83
0.83 0.5
0.5 1.0
0.827 0.897
0.897 0.854
0.854 0.87
0.87 0.885
0.761 0.803
0.803 0.861
0.861 0.815
0.815 0.775
0.775 0.849
0.849 0.83
0.83 0.78
0.78 0.789
0.789 0.861
0.861 0.629
0.629 0.75
0.842 0.885
0.885 0.878
0.878 0.878
0.878 0.898
0.898 0.894
0.894 0.883
0.883 0.918
0.918 0.913
0.913 0.91
0.91 0.916
0.916 0.895
0.895 0.938
0.938 0.833
0.697 0.5
0.614 0.644
0.644 0.571
0.571 0.556
0.697 0.811
0.811 0.727
0.727 0.719
0.719 0.713
0.713 0.757
0.757 0.754
0.754 0.638
0.638 0.615
0.679 0.958
0.958 0.723
0.723 0.798
0.798 0.813
0.813 0.556
0.556 0.6
0.6 0.6
0.6 0.75
0.825 0.83
0.609 0.479
0.479 0.404
0.404 0.579
0.579 0.634
0.634 0.607
0.607 0.589
0.589 0.652
0.652 0.538
0.614 0.75
0.75 0.659
0.659 0.833
0.833 0.667
0.667 0.786
0.0 0.0
0.824 0.77
0.77 0.865
0.865 0.877
0.877 0.921
0.921 0.874
0.874 0.898
0.898 0.831
0.787 0.922
0.922 0.806
0.806 0.837
0.837 0.683
0.708 0.742
0.742 0.685
0.685 0.773
0.773 0.752
0.752 0.775
0.775 0.761
0.761 0.787
0.787 0.676
0.676 0.738
0.738 0.78
0.78 0.733
0.733 0.71
0.71 0.649
0.649 0.522
0.522 0.522
0.522 0.889
0.871 0.988
0.647 0.5
0.8 0.0
0.852 0.858
0.858 0.836
0.836 0.854
0.854 0.864
0.864 0.827
0.827 0.787
0.787 0.688
0.575 0.0
0.0 0.75
0.533 0.707
0.707 0.833
0.833 0.871
0.871 0.77
0.77 0.583
0.853 0.829
0.829 0.843
0.843 0.852
0.852 0.816
0.816 0.85
0.85 0.868
0.868 0.84
0.84 0.856
0.856 0.811
0.811 0.828
0.828 0.845
0.845 0.839
0.839 0.857
0.857 0.813
0.813 0.813
0.813 0.826
0.6 0.75
0.75 0.75
0.728 0.69
0.69 0.802
0.802 0.741
0.741 0.778
0.778 0.782
0.782 0.794
0.794 0.864
0.864 0.8
0.75 0.5
0.828 0.725
0.714 0.917
0.673 0.628
0.628 0.651
0.667 0.626
0.626 0.66
0.66 0.721
0.721 0.723
0.723 0.712
0.712 0.729
0.729 0.708
0.708 0.725
0.725 0.639
0.639 0.614
0.614 0.453
0.453 0.421
0.709 0.797
0.797 0.801
0.801 0.685
0.685 0.764
0.611 1.0
1.0 1.0
1.0 0.878
0.878 0.873
0.873 0.704
0.704 0.926
0.926 0.684
0.684 0.857
0.857 0.944
0.944 0.944
0.944 0.833
0.631 0.528
0.528 0.66
0.66 0.0
0.0 0.686
0.686 0.727
0.727 0.0
0.0 0.753
0.753 0.731
0.731 0.846
0.846 1.0
1.0 0.8
0.765 0.798
0.798 0.806
0.806 0.806
0.806 0.798
0.798 0.799
0.799 0.802
0.802 0.816
0.816 0.817
0.817 0.84
0.84 0.74
0.74 0.826
0.826 0.816
0.816 0.821
0.821 0.789
0.789 0.789
0.789 0.833
0.833 0.765
0.858 0.86
0.86 0.861
0.861 0.873
0.873 0.865
0.865 0.863
0.863 0.879
0.879 0.882
0.649 0.582
0.582 0.532
0.532 0.676
0.676 0.783
0.783 0.743
0.743 0.667
0.5 0.687
0.687 0.58
0.58 0.61
0.61 0.649
0.649 1.0
0.845 0.817
0.817 0.667
0.897 0.851
0.851 0.81
0.81 0.86
0.86 0.897
0.897 0.667
0.667 0.667
0.592 0.674
0.674 0.656
0.656 0.0
0.708 0.889
0.889 0.75
0.75 0.5
0.5 0.75
0.75 0.792
0.685 0.815
0.815 0.784
0.784 0.754
0.754 1.0
0.857 0.892
0.892 0.833
0.833 0.667
0.708 0.75
0.75 1.0
1.0 0.788
0.788 0.676
0.819 0.733
0.733 0.875
0.875 0.866
0.794 0.769
0.769 0.806
0.806 0.833
0.833 0.843
0.843 0.826
0.826 0.838
0.838 0.864
0.864 0.872
0.872 0.857
0.857 0.854
0.854 0.927
0.927 0.871
0.871 0.866
0.866 0.901
0.901 0.901
0.901 0.904
0.904 0.857
0.866 0.851
0.851 0.815
0.815 0.894
0.894 0.883
0.883 0.882
0.882 0.865
0.865 0.906
0.906 0.583
0.895 0.864
0.864 0.6
0.681 0.75
0.843 0.892
0.849 0.791
0.791 0.8
0.8 0.845
0.845 0.5
0.532 0.645
0.645 0.698
0.698 0.654
0.654 0.605
0.605 0.591
0.591 0.623
0.623 0.575
0.575 0.638
0.638 0.604
0.604 0.545
0.545 0.0
0.776 0.752
0.752 0.855
0.855 0.842
0.842 0.816
0.816 0.845
0.845 0.832
0.832 0.776
0.776 0.8
0.754 0.818
0.818 0.771
0.771 0.765
0.765 0.757
0.757 0.642
0.677 0.58
0.58 0.71
0.71 0.673
0.673 0.761
0.761 0.675
0.675 0.745
0.745 0.75
0.75 0.757
0.757 0.821
0.821 0.771
0.771 0.667
0.632 0.708
0.708 0.633
0.633 0.613
0.613 0.606
0.606 0.533
0.533 0.654
0.818 0.889
0.889 0.773
0.871 0.762
0.762 0.833
0.833 1.0
0.875 0.79
0.79 0.748
0.748 0.718
0.718 0.815
0.815 0.797
0.797 0.839
0.839 0.787
0.787 0.861
0.861 0.581
0.573 0.56
0.56 0.644
0.644 0.815
0.815 0.333
0.932 0.0
0.787 0.804
0.804 0.782
0.782 0.841
0.841 0.757
0.757 0.741
0.571 0.75
0.763 0.833
0.833 1.0
0.691 0.615
0.615 0.713
0.713 0.654
0.654 0.667
0.847 0.826
0.826 0.783
0.783 0.865
0.865 0.61
0.61 0.8
0.8 0.878
0.878 0.5
0.698 0.833
0.833 0.772
0.772 0.83
0.83 0.78
0.78 0.835
0.835 0.809
0.809 0.845
0.845 0.825
0.825 0.77
0.77 0.83
0.83 0.742
0.742 0.857
0.737 0.793
0.793 0.0
0.0 1.0
0.389 0.533
0.533 0.0
0.618 0.799
0.799 0.71
0.71 0.599
0.599 0.67
0.67 0.629
0.629 0.637
0.637 0.73
0.73 0.692
0.692 0.725
0.725 0.716
0.716 0.695
0.695 0.817
0.817 0.731
0.731 0.74
0.74 0.74
0.74 0.702
0.825 0.796
0.796 0.848
0.848 0.854
0.854 0.795
0.795 0.833
0.698 0.7
0.79 0.631
0.631 0.758
0.657 0.606
0.606 0.75
0.685 0.701
0.733 0.944
0.944 0.769
0.775 0.837
0.837 0.861
0.861 0.85
0.85 0.831
0.831 0.852
0.852 0.918
0.918 0.8
0.8 0.823
0.823 0.533
0.806 0.847
0.847 0.8
0.8 0.797
0.797 0.862
0.862 0.833
0.833 0.853
0.853 0.883
0.883 0.846
0.846 0.856
0.856 0.806
0.806 0.851
0.851 0.921
0.921 0.775
0.727 0.668
0.668 0.657
0.657 0.75
0.75 0.68
0.68 0.5
0.778 0.795
0.795 0.655
0.655 0.815
0.815 0.88
0.88 0.767
0.767 0.769
0.714 0.75
0.75 0.813
0.516 0.61
0.61 0.54
0.54 0.669
0.669 0.634
0.634 0.604
0.604 0.639
0.639 0.593
0.593 0.658
0.658 0.556
0.556 0.563
0.563 0.667
0.779 0.824
0.824 0.754
0.754 0.733
0.441 0.398
0.398 0.673
0.673 0.543
0.543 0.556
0.556 0.612
0.612 0.44
0.44 0.471
0.471 0.5
0.817 0.773
0.773 0.8
0.8 0.775
0.775 0.823
0.823 0.787
0.787 0.829
0.829 0.565
0.623 0.607
0.607 0.588
0.764 0.801
0.801 0.751
0.751 0.791
0.791 0.811
0.811 0.81
0.81 0.835
0.835 0.801
0.801 0.841
0.841 0.837
0.837 0.862
0.862 0.857
0.857 0.786
0.786 0.809
0.809 0.8
0.8 0.8
0.8 0.667
0.692 0.0
0.867 0.836
0.836 0.83
0.83 0.0
0.0 0.879
0.879 0.811
0.811 0.889
0.889 0.8
0.684 0.701
0.685 0.5
0.709 0.675
0.675 0.79
0.79 0.76
0.76 0.75
0.75 0.674
0.674 0.75
0.75 0.706
0.706 0.773
0.773 0.696
0.8 0.795
0.722 0.677
0.677 0.764
0.764 0.735
0.735 0.9
0.681 0.757
0.757 0.784
0.784 0.769
0.769 0.8
0.571 0.5
0.797 0.849
0.849 0.771
0.771 0.782
0.782 0.722
0.722 0.875
0.775 0.721
0.721 0.0
0.0 0.722
0.75 0.837
0.837 0.844
0.844 0.0
0.0 0.75
0.75 0.774
0.774 0.789
0.789 0.556
0.792 0.757
0.757 1.0
1.0 0.714
0.714 0.767
0.833 0.815
0.815 0.0
0.592 0.504
0.504 0.481
0.481 0.6
0.6 0.387
0.868 0.89
0.89 0.833
0.833 0.868
0.868 0.858
0.858 0.845
0.845 0.861
0.861 0.833
0.833 0.848
0.848 0.846
0.846 0.849
0.849 0.784
0.784 0.857
0.625 0.652
0.652 1.0
1.0 0.698
0.698 0.604
0.604 0.667
0.636 0.81
0.81 0.794
0.794 0.804
0.804 0.739
0.739 1.0
0.801 0.794
0.794 0.5
0.812 0.743
0.743 0.792
0.792 0.688
0.688 0.778
0.778 0.725
0.725 0.767
0.767 0.712
0.712 0.764
0.656 0.799
0.799 0.77
0.77 0.734
0.734 0.672
0.672 0.694
0.694 0.694
0.694 0.774
0.774 0.793
0.793 0.757
0.757 0.735
0.735 0.676
0.676 0.75
0.75 0.771
0.763 0.709
0.709 0.82
0.82 0.744
0.744 0.718
0.718 0.626
0.626 0.773
0.773 0.625
0.77 0.842
0.842 0.804
0.804 0.846
0.846 0.812
0.0 1.0
0.833 0.5
0.5 0.0
0.375 0.6
0.6 0.67
0.67 0.735
0.735 1.0
0.638 0.533
0.533 0.638
0.638 0.667
0.667 0.539
0.539 0.673
0.673 0.702
0.652 0.571
0.615 0.863
0.863 0.819
0.63 0.65
0.65 0.675
0.675 0.75
0.866 0.84
0.84 0.82
0.82 0.845
0.845 0.873
0.711 0.783
0.783 0.769
0.769 0.645
0.645 0.789
0.789 0.647
0.647 0.594
0.594 0.643
0.686 0.857
0.857 0.861
0.861 0.8
0.8 0.852
0.852 0.805
0.805 0.917
0.917 0.917
0.917 0.792
0.792 0.923
0.923 0.95
0.909 0.87
0.87 0.919
0.919 0.913
0.913 0.837
0.773 0.761
0.761 0.803
0.803 0.809
0.809 0.843
0.843 0.806
0.806 0.824
0.824 0.786
0.786 0.676
0.676 0.786
0.786 0.829
0.829 0.8
0.8 1.0
0.817 0.876
0.876 0.9
0.9 0.818
0.818 0.778
0.778 0.923
0.923 0.813
0.813 1.0
0.766 0.737
0.737 0.731
0.731 0.797
0.797 0.777
0.777 0.756
0.756 0.676
0.676 0.798
0.798 0.807
0.807 0.832
0.802 0.5
0.5 0.723
0.723 0.625
0.625 0.793
0.793 0.5
0.5 0.909
0.909 0.778
0.778 0.6
0.6 1.0
0.679 0.754
0.754 0.781
0.781 0.746
0.746 0.799
0.799 0.834
0.834 0.807
0.807 0.802
0.802 0.799
0.799 0.743
0.743 0.783
0.814 0.812
0.812 0.774
0.774 0.745
0.745 0.835
0.835 0.814
0.814 0.795
0.795 0.809
0.809 0.781
0.781 0.794
0.739 0.81
0.81 0.846
0.846 0.752
0.752 0.862
0.862 0.733
0.733 0.774
0.774 0.79
0.79 0.851
0.0 0.5
0.822 0.862
0.862 0.855
0.855 0.843
0.843 0.931
0.931 0.692
0.802 0.825
0.825 0.765
0.765 0.79
0.79 0.828
0.828 0.805
0.805 0.874
0.785 0.791
0.791 0.763
0.763 0.718
0.719 0.706
0.706 0.76
0.76 0.785
0.785 0.83
0.83 0.786
0.786 0.813
0.813 0.832
0.832 0.826
0.826 0.779
0.779 0.816
0.816 0.825
0.825 0.7
0.7 0.5
0.857 0.333
0.715 0.734
0.734 0.789
0.789 0.748
0.748 0.76
0.76 0.731
0.731 0.736
0.736 0.76
0.76 0.754
0.754 0.647
0.647 0.731
0.731 0.683
0.683 0.691
0.691 0.72
0.697 0.64
0.64 0.689
0.689 0.798
0.798 0.752
0.752 0.752
0.752 0.754
0.754 0.814
0.814 0.753
0.753 0.95
0.683 0.742
0.742 0.769
0.769 0.667
0.736 0.81
0.538 0.455
0.455 0.682
0.682 0.607
0.607 0.64
0.64 0.5
0.712 0.729
0.729 0.741
0.741 0.764
0.764 0.791
0.791 0.64
0.64 0.682
0.682 0.714
0.714 0.0
0.844 0.837
0.837 0.822
0.822 0.835
0.835 0.806
0.806 0.781
0.781 0.787
0.787 0.714
0.755 0.662
0.662 0.687
0.687 0.609
0.609 0.733
0.733 0.727
0.727 1.0
0.745 0.815
0.815 0.455
0.455 0.0
0.771 0.794
0.794 0.742
0.933 0.975
0.975 0.882
0.814 0.814
0.814 0.841
0.841 0.827
0.827 0.74
0.74 0.795
0.795 0.778
0.778 0.818
0.818 0.819
0.819 0.808
0.808 0.87
0.87 0.786
0.786 0.833
0.818 0.757
0.757 0.541
0.541 0.754
0.754 0.852
0.852 0.803
0.803 0.805
0.805 0.873
0.873 0.75
0.5 0.762
0.762 0.769
0.631 0.712
0.712 0.706
0.706 0.729
0.729 0.721
0.721 0.714
0.833 0.868
0.868 0.833
0.833 0.8
0.8 0.763
0.698 0.695
0.695 0.682
0.682 0.769
0.769 0.811
0.811 0.68
0.68 0.769
0.769 0.579
0.895 0.913
0.552 0.727
0.727 0.6
0.6 1.0
0.797 0.783
0.783 0.804
0.804 0.791
0.791 0.625
0.625 0.516
0.714 0.65
0.826 0.81
0.81 0.82
0.82 0.763
0.763 0.777
0.777 0.818
0.818 0.841
0.841 0.838
0.838 0.836
0.836 0.806
0.806 0.802
0.802 0.838
0.838 0.622
0.622 0.788
0.0 0.909
0.909 1.0
1.0 0.667
0.667 0.882
0.882 0.0
0.0 0.0
0.0 0.529
0.529 0.2
0.713 0.699
0.699 0.783
0.699 0.673
0.792 0.762
0.762 0.875
0.875 0.771
0.771 0.861
0.861 0.855
0.855 0.883
0.883 0.781
0.781 0.737
0.719 0.625
0.625 0.554
0.554 0.667
0.667 0.739
0.636 0.671
0.671 0.671
0.703 0.648
0.648 0.59
0.59 0.483
0.483 0.5
0.5 0.426
0.426 0.517
0.517 0.25
0.25 0.0
0.774 0.801
0.801 0.802
0.802 0.848
0.848 0.857
0.857 0.828
0.828 0.82
0.82 0.812
0.812 0.824
0.824 0.835
0.835 0.834
0.834 0.856
0.856 0.75
0.655 0.73
0.73 0.717
0.717 0.751
0.751 0.602
0.602 0.535
0.535 0.541
0.541 0.455
0.455 0.483
0.483 0.356
0.356 0.5
0.5 0.259
0.818 0.59
0.793 0.797
0.797 0.763
0.763 0.747
0.729 0.667
0.667 0.833
0.79 0.781
0.781 0.803
0.803 0.817
0.817 0.834
0.834 0.755
0.755 0.769
0.769 0.716
0.716 0.462
0.81 0.845
0.845 0.851
0.851 0.851
0.851 0.833
0.833 0.809
0.809 0.81
0.81 0.707
0.707 0.796
0.796 0.755
0.755 0.768
0.768 0.796
0.796 0.782
0.782 0.785
0.785 0.765
0.765 0.765
0.751 0.708
0.708 0.756
0.756 0.736
0.736 0.791
0.791 0.748
0.748 0.663
0.663 0.864
0.864 0.5
0.886 0.5
0.63 0.678
0.678 0.653
0.653 0.684
0.684 0.646
0.646 0.712
0.712 0.25
0.25 0.58
0.58 0.604
0.604 0.557
0.557 0.583
0.583 0.37
0.37 0.425
0.425 0.579
0.579 1.0
1.0 1.0
0.766 0.876
0.876 0.848
0.848 0.813
0.781 0.697
0.697 0.718
0.736 0.848
0.848 0.749
0.749 0.769
0.769 0.802
0.802 0.682
0.682 0.663
0.663 0.659
0.659 0.541
0.541 0.75
0.7 0.718
0.718 0.774
0.774 0.683
0.683 0.762
0.786 0.684
0.684 0.622
0.622 0.756
0.756 0.517
0.517 0.571
0.84 0.81
0.441 0.25
0.25 0.548
0.548 0.0
0.0 0.2
0.7 0.818
0.733 0.748
0.748 0.793
0.793 0.796
0.796 0.774
0.774 0.747
0.747 0.707
0.707 0.684
0.684 0.801
0.801 0.746
0.746 0.698
0.698 0.675
0.807 0.836
0.836 0.746
0.746 0.797
0.797 0.813
0.813 0.69
0.69 0.688
0.688 0.767
0.778 0.714
0.768 0.787
0.787 0.836
0.836 0.757
0.757 0.625
0.625 0.5
0.5 0.0
0.583 0.661
0.661 0.721
0.721 0.767
0.767 0.821
0.821 0.0
0.0 0.85
0.825 0.798
0.798 0.802
0.802 0.765
0.765 0.7
0.794 0.693
0.693 0.724
0.724 0.663
0.663 0.678
0.678 0.716
0.521 0.62
0.62 0.594
0.594 0.642
0.642 0.6
0.6 0.534
0.833 0.817
0.817 0.795
0.795 0.832
0.832 0.838
0.838 0.738
0.738 0.784
0.784 0.772
0.772 0.826
0.826 0.821
0.821 0.853
0.853 0.811
0.811 0.84
0.84 0.779
0.779 0.753
0.753 0.753
0.753 0.75
0.743 0.775
0.775 0.818
0.818 0.778
0.778 0.812
0.812 0.828
0.828 0.772
0.772 0.848
0.848 0.824
0.824 0.827
0.827 0.83
0.83 0.833
0.711 0.762
0.762 0.839
0.839 0.723
0.723 0.72
0.72 0.8
0.8 0.793
0.793 0.774
0.774 0.732
0.732 0.824
0.824 0.676
0.676 0.4
0.4 0.727
0.727 0.821
0.821 0.75
0.75 0.75
0.75 0.0
0.0 1.0
0.928 0.911
0.911 0.9
0.9 0.885
0.885 0.933
0.861 0.794
0.794 0.889
0.727 0.776
0.831 0.85
0.85 0.858
0.858 0.811
0.811 0.82
0.82 0.839
0.839 0.837
0.837 0.819
0.819 0.722
0.706 0.617
0.617 0.634
0.634 0.592
0.592 0.674
0.674 0.785
0.785 0.61
0.61 0.583
0.583 0.55
0.55 0.648
0.648 0.598
0.598 0.565
0.565 0.723
0.723 0.533
0.533 0.333
0.333 0.333
0.333 1.0
0.423 0.0
0.0 0.659
0.659 0.579
0.579 0.769
0.258 0.323
0.731 0.769
0.769 0.8
0.8 0.857
0.857 0.787
0.787 0.742
0.742 0.681
0.681 0.736
0.736 0.787
0.787 0.636
0.811 0.75
0.564 0.657
0.735 0.817
0.786 0.81
0.81 0.778
0.778 0.0
0.725 0.764
0.764 0.727
0.727 0.681
0.681 0.741
0.741 0.758
0.758 0.69
0.69 0.711
0.711 0.667
1.0 0.8
0.8 0.723
0.723 0.746
0.746 0.571
0.744 0.747
0.747 0.824
0.824 0.81
0.81 0.806
0.806 0.867
0.424 0.676
0.676 0.681
0.681 0.652
0.652 0.637
0.637 0.781
0.781 0.715
0.715 0.708
0.708 0.364
0.364 0.583
0.583 0.545
0.545 0.5
0.895 0.887
0.887 0.909
0.909 0.916
0.916 0.887
0.887 0.921
0.921 0.899
0.899 0.906
0.906 0.933
0.933 0.938
0.938 0.912
0.912 0.894
0.894 0.922
0.922 0.917
0.802 0.688
0.523 0.549
0.549 0.642
0.642 0.474
0.474 0.467
0.467 0.6
0.6 0.68
0.68 0.755
0.755 0.781
0.781 0.2
0.5 0.852
0.852 0.778
0.778 0.783
0.783 0.797
0.797 0.688
0.688 0.6
0.6 0.769
0.855 0.724
0.778 0.751
0.751 0.684
0.684 0.761
0.761 0.833
0.833 0.69
0.838 0.853
0.853 0.881
0.881 0.877
0.877 0.869
0.869 0.901
0.901 0.904
0.904 0.879
0.879 0.89
0.89 0.915
0.915 0.892
0.892 0.896
0.896 0.86
0.86 0.899
0.899 0.882
0.882 0.882
0.882 0.893
0.893 0.875
0.601 0.688
0.688 0.731
0.731 0.757
0.757 0.754
0.754 0.709
0.709 0.767
0.767 0.742
0.742 0.788
0.788 0.72
0.72 0.674
0.674 0.677
0.677 0.835
0.835 0.75
0.513 0.555
0.555 0.622
0.622 0.49
0.49 0.461
0.461 0.469
0.469 0.422
0.422 0.503
0.503 0.595
0.595 0.496
0.496 0.557
0.836 0.75
0.75 0.824
0.824 0.833
0.679 0.656
0.656 0.777
0.777 0.742
0.742 0.695
0.695 0.69
0.69 0.7
0.7 0.698
0.698 0.623
0.623 0.693
0.693 0.675
0.675 0.592
0.592 0.476
0.621 0.56
0.708 0.824
0.824 0.753
0.753 0.835
0.835 0.667
0.667 0.837
0.837 0.822
0.822 0.8
0.8 0.833
0.833 1.0
0.545 0.622
0.622 0.657
0.657 0.59
0.59 0.667
0.667 0.511
0.511 0.667
0.556 0.485
0.485 0.51
0.51 0.579
0.579 0.342
0.342 0.5
0.573 0.422
0.422 0.621
0.621 0.526
0.526 0.556
0.556 0.625
0.625 0.591
0.591 0.0
0.625 0.571
0.75 0.611
0.611 0.636
0.766 0.733
0.733 0.745
0.745 0.833
0.75 0.735
0.735 0.757
0.757 0.75
0.75 0.725
0.725 0.794
0.794 0.462
0.848 0.73
0.73 0.747
0.747 0.662
0.662 0.742
0.742 0.653
0.705 0.375
0.375 0.605
0.605 0.667
0.681 0.701
0.701 0.627
0.627 0.553
0.553 0.599
0.599 0.601
0.601 0.641
0.641 0.558
0.766 0.797
0.797 0.71
0.71 0.714
0.714 0.761
0.761 0.794
0.794 0.667
0.862 0.862
0.862 0.78
0.78 0.836
0.836 0.889
0.903 0.75
0.727 0.5
0.8 0.798
0.798 0.814
0.814 0.795
0.795 0.692
0.717 0.751
0.751 0.789
0.789 0.809
0.809 0.832
0.832 0.82
0.82 0.683
0.683 0.765
0.765 0.632
0.632 0.611
0.611 0.0
0.873 0.894
0.894 0.828
0.828 0.875
0.875 0.804
0.804 0.4
0.4 1.0
1.0 1.0
0.745 0.809
0.809 0.802
0.802 0.819
0.819 0.822
0.822 0.772
0.772 0.796
0.796 0.843
0.843 0.83
0.83 0.852
0.852 0.86
0.86 0.852
0.852 0.787
0.787 0.826
0.826 0.781
0.781 0.781
0.781 0.818
0.818 0.769
0.739 0.774
0.774 0.818
0.818 0.63
0.749 0.693
0.693 0.605
0.605 0.571
0.571 0.673
0.673 0.763
0.763 0.5
0.5 0.682
0.629 0.524
0.793 0.819
0.816 0.793
0.793 0.833
0.833 0.83
0.83 0.865
0.865 0.787
0.787 0.827
0.827 0.809
0.809 0.822
0.822 0.825
0.825 0.733
0.815 0.756
0.756 0.867
0.728 0.742
0.742 0.759
0.759 0.641
0.641 0.871
0.871 0.588
0.588 0.0
0.857 0.692
0.273 0.422
0.422 0.5
0.5 0.419
0.419 0.517
0.517 0.532
0.532 0.37
0.37 0.68
0.68 0.663
0.663 0.647
0.647 0.519
0.519 0.611
0.611 0.0
0.76 0.545
0.545 0.72
0.72 0.645
0.645 0.692
0.692 0.651
0.651 0.75
0.75 0.674
0.674 0.6
0.6 0.76
0.76 0.0
0.778 1.0
0.5 0.791
0.791 0.805
0.805 0.868
0.868 0.854
0.854 0.877
0.877 0.829
0.829 0.82
0.82 0.814
0.814 0.712
0.712 1.0
1.0 0.793
0.613 0.647
0.647 0.5
0.852 0.8
0.8 0.759
0.759 1.0
0.627 0.765
0.765 0.685
0.685 0.74
0.74 0.739
0.739 0.67
0.67 0.692
0.692 0.682
0.682 0.761
0.761 0.732
0.732 0.75
0.75 0.833
0.833 1.0
0.894 0.955
0.855 0.765
0.709 0.694
0.694 0.676
0.676 0.711
0.711 0.639
0.639 0.658
0.658 0.444
0.747 0.681
0.681 0.71
0.727 0.75
0.75 0.81
0.81 0.651
0.82 0.837
0.837 0.876
0.876 0.832
0.832 0.87
0.875 0.0
0.558 0.526
0.761 0.785
0.785 0.756
0.756 0.765
0.765 0.743
0.748 0.724
0.724 0.81
0.81 0.892
0.828 0.839
0.839 0.854
0.854 0.81
0.81 0.854
0.854 0.78
0.78 0.917
0.713 0.72
0.72 0.791
0.791 0.813
0.813 0.737
0.737 0.781
0.781 0.808
0.808 0.725
0.725 0.784
0.506 0.25
0.779 0.821
0.821 0.768
0.768 0.769
0.769 0.792
0.792 0.0
0.689 0.0
0.409 0.4
0.797 0.692
0.692 0.667
0.542 0.608
0.608 0.602
0.602 0.572
0.572 0.357
0.357 0.482
0.482 0.582
0.582 0.524
0.524 0.638
0.638 0.75
0.75 0.0
0.0 0.0
0.673 0.7
0.7 0.6
0.667 0.656
0.805 0.83
0.83 0.779
0.779 0.859
0.859 0.768
0.768 0.774
0.774 0.845
0.845 0.755
0.755 0.72
0.72 0.813
0.813 1.0
0.89 0.878
0.878 0.833
0.833 0.928
0.928 0.863
0.792 0.806
0.806 0.858
0.858 0.797
0.797 0.738
0.738 0.688
0.688 0.637
0.637 0.455
0.6 0.515
0.783 0.821
0.821 0.794
0.794 0.814
0.814 0.83
0.822 0.858
0.858 0.878
0.878 0.806
0.806 0.849
0.849 0.882
0.882 0.847
0.847 0.892
0.892 1.0
1.0 0.797
0.797 0.714
0.714 0.913
0.913 0.87
0.802 0.805
0.735 0.481
0.481 0.53
0.53 0.611
0.684 0.698
0.698 0.691
0.691 0.676
0.676 0.554
0.554 0.744
0.744 0.704
0.704 0.797
0.797 0.533
0.533 0.714
0.714 0.767
0.767 0.563
0.563 0.522
0.611 0.545
0.545 0.667
0.667 0.75
0.75 0.429
0.845 0.846
0.817 0.857
0.857 0.826
0.856 0.876
0.876 0.875
0.875 0.927
0.927 0.92
0.92 0.915
0.915 0.816
0.816 0.929
0.929 0.894
0.894 0.897
0.897 0.92
0.831 0.888
0.888 0.791
0.791 0.876
0.876 0.915
0.915 0.855
0.855 0.795
0.795 0.794
0.861 0.845
0.845 0.805
0.805 0.863
0.863 0.813
0.643 0.568
0.568 0.0
0.751 0.766
0.766 0.738
0.738 0.735
0.735 0.9
0.6 0.0
0.0 0.0
0.0 0.5
0.5 1.0
0.714 0.72
0.72 0.696
0.696 0.757
0.757 0.75
0.603 0.711
0.711 0.722
0.722 0.725
0.725 0.758
0.758 0.651
0.651 0.724
0.724 0.67
0.67 0.5
0.87 0.831
0.831 0.867
0.867 0.828
0.828 0.855
0.855 0.897
0.897 0.897
0.897 0.851
0.851 0.849
0.846 0.835
0.835 0.887
0.887 0.827
0.827 0.844
0.844 0.8
0.8 0.804
0.804 0.857
0.857 0.88
0.88 0.866
0.866 0.85
0.85 0.883
0.883 0.87
0.87 0.667
0.667 0.813
0.813 0.813
0.813 0.818
0.818 0.828
0.722 0.664
0.664 0.746
0.746 0.752
0.752 0.762
0.762 0.676
0.676 0.513
0.513 0.0
0.0 0.0
0.0 0.583
0.814 0.815
0.815 0.75
0.75 0.835
0.835 0.786
0.786 0.815
0.815 0.789
0.789 0.663
0.663 0.822
0.822 0.8
0.8 0.625
0.625 0.7
0.7 0.462
0.771 0.793
0.793 0.78
0.78 0.784
0.784 0.786
0.786 0.667
0.667 0.708
0.708 0.752
0.752 0.736
0.736 0.875
0.567 0.631
0.631 0.648
0.648 0.547
0.547 0.539
0.528 0.639
0.639 0.594
0.594 0.758
0.593 0.698
0.698 0.672
0.672 0.59
0.59 0.778
0.778 0.655
0.655 0.667
0.777 0.726
0.726 0.8
0.8 0.708
0.708 0.836
0.836 0.861
0.861 0.781
0.781 0.829
0.829 0.807
0.807 0.774
0.774 0.679
0.679 0.705
0.705 0.5
0.5 0.5
0.5 0.545
0.545 0.545
0.819 0.801
0.801 0.764
0.764 0.707
0.707 0.784
0.784 0.683
0.806 0.8
0.8 0.804
0.804 0.859
0.859 0.815
0.815 0.832
0.78 0.825
0.825 0.776
0.776 0.779
0.779 0.835
0.835 0.728
0.728 0.754
0.754 0.763
0.763 0.889
0.571 0.752
0.752 0.667
0.667 0.74
0.74 0.684
0.684 0.683
0.683 0.681
0.681 0.828
0.828 0.786
0.716 0.741
0.741 0.615
0.615 0.554
0.554 0.539
0.539 0.628
0.628 0.438
0.438 0.53
0.629 0.667
0.667 0.653
0.653 0.659
0.659 0.667
0.667 1.0
0.336 0.423
0.423 0.45
0.45 0.49
0.49 0.428
0.428 0.416
0.416 0.408
0.408 0.426
0.426 0.422
0.422 0.406
0.406 0.333
0.333 0.34
0.778 0.87
0.766 0.734
0.734 0.735
0.735 0.736
0.736 0.697
0.697 0.743
0.743 0.788
0.788 0.767
0.767 0.772
0.772 0.768
0.8 0.81
0.81 0.774
0.774 0.741
0.741 0.846
0.79 0.795
0.795 0.768
0.768 0.736
0.736 0.829
0.703 0.749
0.749 0.607
0.607 0.711
0.711 0.794
0.794 0.756
0.756 0.638
0.638 0.417
0.663 0.741
0.741 0.722
0.722 0.754
0.754 0.75
0.75 0.679
0.679 0.561
0.561 0.643
0.799 0.734
0.734 0.781
0.781 0.753
0.753 0.857
0.857 0.807
0.807 0.714
0.567 0.539
0.539 0.68
0.68 0.5
0.5 0.35
0.894 0.88
0.88 0.826
0.826 1.0
0.787 0.699
0.699 0.785
0.785 0.677
0.677 0.882
0.882 0.69
0.69 0.818
0.818 0.778
0.752 0.736
0.736 0.782
0.782 0.776
0.714 0.731
0.731 0.75
0.75 0.76
0.76 0.696
0.696 0.737
0.737 0.571
0.789 0.792
0.792 0.84
0.84 0.837
0.837 0.792
0.792 0.867
0.867 0.913
0.913 0.863
0.741 0.676
0.676 0.555
0.555 0.684
0.684 0.669
0.639 0.657
0.657 0.75
0.857 0.732
0.732 0.786
0.786 0.593
0.593 0.818
0.875 0.795
0.795 0.765
0.765 0.879
0.77 0.784
0.784 0.62
0.637 0.805
0.805 0.79
0.79 0.731
0.731 0.799
0.799 0.776
0.776 0.715
0.769 0.747
0.747 0.614
0.614 0.615
0.615 0.739
0.75 0.667
0.667 0.736
0.736 0.733
0.733 0.922
0.922 0.675
0.675 0.74
0.74 0.719
0.719 0.748
0.748 0.688
0.688 0.676
0.676 0.617
0.617 0.734
0.734 0.625
0.718 0.569
0.569 0.659
0.659 0.733
0.733 0.662
0.662 0.564
0.564 0.281
0.281 0.5
0.5 0.375
0.8 0.737
0.737 0.724
0.724 0.9
0.9 0.583
0.8 0.802
0.802 0.758
0.758 0.929
0.929 0.605
0.605 0.824
0.824 0.92
0.92 0.476
0.476 0.923
0.923 0.5
0.786 0.55
0.55 0.589
0.589 0.689
0.689 0.476
0.775 0.791
0.791 0.748
0.748 0.814
0.814 0.82
0.82 0.844
0.844 0.771
0.771 0.75
0.75 0.739
0.739 0.784
0.784 0.7
0.5 0.833
0.833 0.5
0.722 0.818
0.818 0.804
0.804 0.799
0.799 0.774
0.774 0.795
0.795 0.853
0.784 0.0
0.0 0.0
0.7 0.828
0.828 0.732
0.732 0.789
0.789 0.707
0.707 0.779
0.779 0.743
0.743 0.821
0.821 0.726
0.726 0.688
0.688 0.622
0.622 0.842
0.842 0.652
0.52 0.0
0.0 1.0
0.5 0.522
0.522 0.5
0.5 0.375
0.375 0.667
0.0 0.444
0.444 0.167
0.167 0.462
0.6 0.6
0.6 0.667
0.667 0.745
0.745 0.732
0.732 0.632
0.632 0.6
0.875 0.75
0.75 0.5
0.5 0.444
0.6 0.625
0.625 0.63
0.63 0.8
0.707 0.668
0.668 0.683
0.683 0.574
0.574 0.545
0.545 0.44
0.44 0.408
0.408 0.516
0.516 0.337
0.337 0.589
0.589 0.441
0.441 0.368
0.75 0.786
0.786 0.5
0.5 0.787
0.604 0.608
0.608 0.669
0.669 0.673
0.673 0.503
0.503 0.527
0.527 0.593
0.593 0.579
0.579 0.732
0.732 0.732
0.732 0.689
0.689 0.694
0.694 0.632
0.632 0.72
0.72 0.72
0.72 0.62
0.62 0.734
0.838 0.684
0.684 0.813
0.813 0.736
0.736 0.769
0.769 0.55
0.74 0.71
0.71 0.718
0.718 0.697
0.697 0.717
0.717 0.651
0.651 0.622
0.622 0.727
0.727 0.4
0.4 0.7
0.701 0.763
0.763 0.739
0.739 0.656
0.656 0.512
0.512 0.465
0.465 0.459
0.459 0.464
0.464 0.0
0.0 0.659
0.659 0.467
0.467 0.719
0.719 0.75
0.656 0.624
0.624 0.671
0.671 0.72
0.72 0.632
0.632 0.615
0.615 0.623
0.623 0.333
0.333 0.588
0.2 0.367
0.367 0.6
0.6 0.0
0.0 0.542
0.542 0.558
0.558 0.543
0.543 0.333
0.333 0.222
0.222 0.364
0.364 0.167
0.167 0.0
0.753 0.791
0.791 0.849
0.849 0.8
0.737 0.333
0.333 0.5
1.0 0.667
0.774 0.847
0.847 0.722
0.722 0.0
0.709 0.736
0.736 0.714
0.714 0.768
0.768 0.689
0.689 0.748
0.748 0.807
0.807 0.781
0.781 0.79
0.79 0.823
0.823 0.782
0.782 0.702
0.702 0.736
0.736 0.803
0.803 0.803
0.803 0.792
0.792 0.707
0.744 0.617
0.763 0.745
0.745 0.787
0.787 0.789
0.789 0.744
0.744 0.783
0.783 0.7
0.7 0.8
0.8 0.754
0.5 0.5
0.606 0.633
0.633 0.585
0.585 0.609
0.609 0.585
0.585 0.548
0.548 0.735
0.735 0.476
0.476 0.62
0.62 0.362
0.362 0.469
0.469 0.455
0.585 0.409
0.409 0.333
0.333 0.479
0.479 0.514
0.514 0.49
0.49 0.45
0.667 0.727
0.5 0.587
0.587 0.66
0.66 0.723
0.723 0.625
0.625 0.556
0.556 1.0
1.0 0.0
0.571 0.732
0.732 0.811
0.811 0.752
0.752 0.837
0.837 0.837
0.837 0.813
0.813 0.829
0.829 0.5
0.713 0.743
0.743 0.763
0.763 0.844
0.844 0.812
0.812 0.733
0.733 0.798
0.798 0.805
0.805 0.735
0.735 0.759
0.759 0.694
0.694 0.717
0.717 0.741
0.741 0.684
0.684 0.684
0.684 0.667
0.667 0.741
0.774 0.774
0.774 0.75
0.75 0.75
0.75 0.791
0.791 0.748
0.748 0.834
0.834 0.826
0.826 0.818
0.818 0.802
0.802 0.849
0.849 0.82
0.82 0.815
0.815 0.801
0.801 0.801
0.801 0.831
0.831 0.818
0.79 0.821
0.768 0.8
0.8 0.79
0.79 0.784
0.784 0.699
0.699 0.728
0.728 0.77
0.77 0.785
0.785 0.744
0.744 0.77
0.744 0.785
0.785 0.787
0.787 0.6
0.588 0.667
0.667 0.0
0.462 0.75
0.75 0.704
0.643 0.786
0.776 0.841
0.841 0.75
0.75 0.73
0.73 0.787
0.787 0.745
0.745 0.797
0.797 0.826
0.826 0.798
0.798 0.667
0.667 0.667
0.667 0.909
0.667 0.875
0.675 0.755
0.755 0.702
0.702 0.65
0.65 0.707
0.707 0.783
0.783 0.715
0.715 0.782
0.782 0.756
0.756 0.769
0.769 0.799
0.799 0.845
0.845 0.811
0.811 0.783
0.783 0.783
0.783 0.76
0.76 0.726
0.681 0.706
0.706 0.748
0.748 0.786
0.786 0.816
0.816 0.726
0.726 0.8
0.8 0.741
0.741 0.741
0.741 0.882
0.882 0.759
0.759 0.667
0.667 0.758
0.758 0.761
0.761 0.815
0.815 0.714
0.714 0.819
0.819 0.772
0.772 0.734
0.734 0.778
0.778 0.758
0.758 0.659
0.659 0.75
0.75 0.742
0.742 0.765
0.765 0.765
0.765 0.796
0.796 0.731
0.771 0.792
0.792 0.767
0.767 0.859
0.859 0.756
0.671 0.764
0.764 0.684
0.684 0.693
0.693 0.673
0.673 0.657
0.657 0.752
0.752 0.769
0.769 0.739
0.739 0.73
0.73 0.594
0.594 0.606
0.8 0.679
0.783 0.68
0.733 0.833
0.833 0.829
0.829 0.768
0.768 0.722
0.722 0.783
0.783 0.75
0.75 0.889
0.889 0.667
0.667 0.0
0.0 0.5
0.7 0.571
0.571 0.696
0.696 0.542
0.733 0.914
0.914 0.834
0.834 0.846
0.846 0.825
0.646 0.75
0.554 0.638
0.638 0.647
0.647 0.528
0.528 0.6
0.6 0.558
0.704 0.714
0.714 0.731
0.731 0.744
0.744 0.637
0.637 0.72
0.72 0.72
0.781 0.7
0.571 1.0
1.0 0.5
0.5 0.527
0.527 0.458
0.458 0.661
0.661 0.614
0.614 0.691
0.691 0.731
0.731 0.804
0.804 0.776
0.776 0.746
0.746 0.8
0.8 0.637
0.637 0.465
0.465 0.4
0.4 0.4
0.639 0.721
0.721 0.652
0.652 0.659
0.659 0.676
0.676 0.735
0.735 0.766
0.766 0.755
0.755 0.71
0.71 0.671
0.671 0.674
0.674 0.68
0.68 1.0
0.857 0.784
0.784 0.75
0.75 0.614
0.733 0.778
0.778 0.6
0.6 0.576
0.576 0.429
0.389 0.452
0.68 0.579
0.579 0.0
0.0 0.8
0.771 0.768
0.768 0.698
0.698 0.723
0.723 0.685
0.685 0.738
0.738 0.698
0.698 0.742
0.742 0.701
0.701 0.693
0.693 0.731
0.731 0.767
0.767 0.627
0.627 0.627
0.766 0.65
0.75 0.811
0.811 0.792
0.792 0.745
0.745 0.794
0.794 0.754
0.754 0.78
0.78 0.802
0.824 0.756
0.756 0.862
0.862 0.87
0.87 0.863
0.863 0.901
0.901 0.858
0.858 0.838
0.838 0.773
0.773 0.813
0.813 0.833
0.833 0.84
0.84 0.902
0.902 0.902
0.902 0.833
0.731 0.762
0.762 0.771
0.771 0.693
0.693 0.644
0.644 0.839
0.839 0.782
0.782 0.841
0.841 0.667
0.667 0.583
0.808 0.786
0.786 0.833
0.833 1.0
1.0 0.792
0.792 0.829
0.804 0.799
0.799 0.897
0.897 0.804
0.804 0.871
0.871 0.808
0.808 0.872
0.78 0.741
0.741 0.779
0.779 0.778
0.778 0.784
0.784 0.834
0.834 0.815
0.815 0.842
0.842 0.8
0.8 0.811
0.811 0.82
0.82 0.854
0.854 0.805
0.805 0.805
0.805 0.784
0.784 0.8
0.703 0.595
0.595 0.575
0.575 0.667
0.667 0.66
0.66 0.552
0.552 0.639
0.519 0.561
0.561 0.534
0.534 0.53
0.53 0.497
0.497 0.467
0.467 0.594
0.594 0.45
0.45 0.545
0.545 0.507
0.507 0.509
0.509 0.554
0.554 0.619
0.619 0.619
0.518 0.492
0.492 0.538
0.538 0.461
0.461 0.467
0.467 0.524
0.524 0.544
0.544 0.4
0.4 0.37
0.37 0.0
0.737 0.802
0.802 0.803
0.803 0.778
0.778 0.86
0.86 0.86
0.86 0.884
0.884 0.87
0.87 0.871
0.871 0.871
0.871 0.796
0.796 0.851
0.851 0.721
0.721 0.721
0.721 0.813
0.813 0.804
0.82 0.854
0.854 0.81
0.81 0.754
0.754 0.816
0.816 0.885
0.712 0.637
0.637 0.81
0.81 0.682
0.682 0.714
0.714 0.753
0.753 0.84
0.84 0.861
0.861 0.794
0.794 0.846
0.846 0.688
0.688 0.889
0.889 0.773
0.773 0.773
0.773 0.643
0.684 0.714
0.714 0.545
0.578 0.682
0.682 0.66
0.66 0.0
0.0 0.689
0.689 0.551
0.551 0.723
0.723 0.704
0.704 0.711
0.711 0.673
0.673 0.729
0.729 0.583
0.583 0.604
0.604 0.604
0.604 0.578
0.578 0.589
0.59 0.0
0.0 0.486
0.686 0.82
0.82 0.786
0.752 0.733
0.733 0.72
0.72 0.688
0.688 0.761
0.761 0.742
0.742 0.707
0.674 0.65
0.552 0.614
0.614 0.584
0.584 0.589
0.589 0.456
0.456 0.527
0.527 0.611
0.611 0.625
0.625 0.414
0.414 0.681
0.681 0.522
0.75 0.832
0.832 0.85
0.85 0.763
0.763 0.833
0.833 0.746
0.746 0.815
0.695 0.667
1.0 0.864
0.811 0.809
0.809 0.783
0.783 0.853
0.853 0.862
0.862 0.85
0.85 0.866
0.625 0.715
0.715 0.738
0.738 0.711
0.711 0.725
0.725 0.694
0.694 0.76
0.76 0.727
0.5 0.724
0.724 0.829
0.829 0.682
0.682 0.805
0.805 0.786
0.733 0.775
0.775 0.85
0.85 0.78
0.78 0.765
0.765 0.804
0.804 0.817
0.817 0.82
0.82 0.75
0.75 0.6
1.0 0.852
0.852 0.739
0.739 0.81
0.81 0.852
0.852 0.877
0.647 0.766
0.766 0.807
0.807 0.765
0.765 0.768
0.768 0.768
0.768 0.778
0.778 0.714
0.714 0.702
0.702 0.774
0.774 0.738
0.738 0.567
0.567 0.754
0.754 0.754
0.754 0.684
0.696 0.596
0.596 0.771
0.771 0.714
0.743 0.772
0.772 0.729
0.729 0.775
0.775 0.779
0.779 0.823
0.823 0.83
0.83 0.83
0.83 0.813
0.813 0.644
0.644 0.773
0.773 0.769
0.769 0.5
0.5 0.5
0.0 0.583
0.583 0.59
0.59 0.0
0.0 0.429
0.0 0.333
0.333 0.5
0.7 0.5
0.5 0.0
0.661 0.713
0.713 0.733
0.733 0.889
0.889 0.781
0.781 0.805
0.805 0.835
0.835 0.771
0.771 0.792
0.792 0.765
0.765 0.808
0.808 0.739
0.739 0.72
0.72 0.72
0.72 0.746
0.4 0.5
0.738 0.793
0.793 0.571
0.571 0.643
0.8 0.681
0.681 0.75
0.759 0.743
0.743 0.763
0.763 0.747
0.5 0.7
0.7 0.611
0.611 0.732
0.732 0.684
0.684 0.645
0.645 0.564
0.564 0.5
0.5 0.562
0.562 0.615
0.615 0.672
0.787 0.833
0.833 0.75
0.75 0.61
0.61 0.786
0.786 1.0
0.667 0.854
0.854 0.0
0.35 0.633
0.633 0.0
0.0 0.645
0.777 0.796
0.796 0.808
0.808 0.808
0.808 0.786
0.786 0.793
0.793 0.83
0.83 0.838
0.838 0.804
0.804 0.83
0.83 0.848
0.848 0.797
0.797 0.797
0.797 0.829
0.829 0.833
0.756 0.742
0.742 0.803
0.803 0.8
0.8 0.771
0.771 0.611
0.611 0.828
0.828 0.75
0.77 0.797
0.797 0.755
0.755 0.845
0.845 0.822
0.822 0.881
0.881 0.877
0.877 0.796
0.796 0.815
0.815 0.756
0.756 0.795
0.795 0.784
0.784 0.784
0.784 0.839
0.839 0.889
0.705 0.603
0.603 0.681
0.681 0.732
0.732 0.747
0.747 0.743
0.743 0.74
0.74 0.779
0.779 0.742
0.742 0.744
0.744 0.733
0.733 0.779
0.779 0.779
0.779 0.804
0.804 0.787
0.821 0.805
0.805 0.791
0.791 0.672
0.672 0.766
0.766 0.84
0.84 0.75
0.75 0.867
0.867 0.778
0.778 0.771
0.771 0.767
0.767 0.707
0.707 0.707
0.707 0.8
0.631 0.727
0.727 0.683
0.683 0.746
0.746 0.736
0.736 0.912
0.912 0.74
0.74 0.656
0.656 0.4
0.4 0.647
0.647 1.0
0.778 0.732
0.701 0.76
0.76 0.816
0.816 0.785
0.785 0.844
0.844 0.817
0.817 0.797
0.797 0.815
0.815 0.821
0.821 0.798
0.798 0.82
0.82 0.772
0.772 0.772
0.772 0.795
0.667 0.0
0.66 0.815
0.815 0.714
0.667 0.855
0.855 0.821
0.821 0.904
0.904 0.804
0.804 0.84
0.84 1.0
1.0 0.769
0.769 0.789
0.789 0.0
0.75 0.757
0.757 0.832
0.832 0.723
0.723 0.905
0.905 0.833
0.833 0.714
0.714 0.625
0.625 0.9
0.0 0.5
0.769 0.737
0.737 0.754
0.754 0.7
0.7 0.698
0.698 0.721
0.721 0.607
0.607 0.684
0.684 0.739
0.739 0.741
1.0 0.824
0.824 0.667
0.602 0.74
0.74 0.731
0.731 0.683
0.683 0.744
0.744 0.687
0.687 0.769
0.769 0.683
0.683 0.629
0.629 0.723
0.723 0.739
0.739 0.774
0.774 0.774
0.774 0.737
0.737 0.743
0.5 1.0
0.629 0.617
0.617 0.341
0.341 0.333
0.333 1.0
0.25 0.556
0.667 0.57
0.57 0.662
0.662 0.775
0.775 0.703
0.703 0.846
0.846 0.4
0.4 0.839
0.839 0.0
0.885 0.84
0.84 0.7
0.64 0.75
0.75 0.25
0.5 0.75
0.728 0.776
0.776 0.8
0.8 0.667
0.667 0.757
0.757 0.729
0.729 0.833
0.833 0.78
0.78 0.857
0.857 0.719
0.719 0.824
0.824 0.824
0.824 0.824
0.667 0.529
0.765 0.791
0.791 0.789
0.789 0.68
0.68 0.81
0.81 0.753
0.753 0.762
0.762 0.8
0.8 0.814
0.814 0.711
0.711 0.568
0.568 0.703
0.703 0.703
0.703 0.75
0.75 0.6
0.786 0.839
0.839 0.833
0.833 0.845
0.845 0.75
0.75 0.692
0.692 0.778
0.804 0.792
0.792 0.815
0.815 0.835
0.835 0.831
0.831 0.791
0.791 0.752
0.752 0.841
0.841 0.781
0.781 0.714
0.714 0.76
0.76 0.7
0.7 0.7
0.7 0.938
0.703 0.733
0.733 0.734
0.734 0.827
0.827 0.813
0.813 0.782
0.782 0.784
0.784 0.617
0.617 0.773
0.773 0.583
0.442 0.538
0.754 0.75
0.75 0.738
0.738 0.698
0.698 0.712
0.712 0.78
0.78 0.767
0.767 0.759
0.759 0.771
0.771 0.753
0.753 0.75
0.75 0.71
0.71 0.71
0.71 0.731
0.731 0.674
0.438 0.0
0.595 0.0
0.0 0.667
0.667 0.811
0.811 1.0
1.0 0.0
0.455 0.688
0.688 0.645
0.645 0.793
0.793 0.667
0.667 0.728
0.728 0.77
0.77 0.767
0.767 0.838
0.838 0.77
1.0 0.855
0.855 0.851
0.851 0.877
0.877 0.878
0.878 0.839
0.839 0.821
0.821 0.833
0.833 0.833
0.833 0.5
0.5 0.636
0.636 0.848
0.848 0.848
0.848 0.808
0.808 0.65
0.697 0.661
0.661 0.77
0.77 0.741
0.741 0.762
0.762 0.68
0.68 0.749
0.749 0.754
0.754 0.785
0.785 0.788
0.788 0.765
0.765 0.706
0.706 0.706
0.706 1.0
0.833 0.824
0.824 0.848
0.848 0.892
0.892 0.86
0.86 0.81
0.81 0.6
0.6 0.5
0.5 1.0
0.792 0.854
0.854 0.849
0.849 0.914
0.914 0.915
0.915 0.882
0.882 0.796
0.796 0.885
0.885 0.833
0.833 0.859
0.859 0.926
0.926 0.898
0.898 0.898
0.898 0.833
0.833 0.905
0.769 0.682
0.682 0.0
0.863 0.818
0.767 0.767
0.767 0.797
0.797 0.885
0.583 0.708
0.708 0.56
0.56 0.613
0.613 0.554
0.554 0.562
0.562 0.536
0.536 0.557
0.557 0.432
0.432 0.0
0.5 0.653
0.653 0.697
0.697 0.79
0.79 0.741
0.741 0.723
0.723 0.831
0.831 0.772
0.772 0.674
0.674 0.731
0.731 0.808
0.644 0.746
0.746 0.735
0.735 0.786
0.786 0.706
0.706 0.709
0.709 0.65
0.65 0.754
0.754 0.741
0.741 0.757
0.757 0.846
0.846 0.788
0.788 0.788
0.788 0.768
0.768 0.778
0.774 0.688
0.688 0.653
0.653 0.794
0.794 0.688
0.688 0.463
0.463 0.385
0.385 0.6
0.6 0.375
0.375 0.167
0.0 0.0
0.667 0.638
0.638 0.615
0.615 0.6
0.6 0.623
0.623 0.6
0.6 0.582
0.582 0.556
0.556 0.652
0.652 0.611
0.611 0.552
0.552 0.506
0.506 0.506
0.506 0.44
0.693 0.698
0.698 0.608
0.608 0.648
0.648 0.673
0.673 0.709
0.709 0.633
0.633 0.684
0.684 0.645
0.645 0.667
0.633 0.697
0.697 0.697
0.823 0.883
0.883 0.877
0.877 0.805
0.805 0.857
0.857 0.869
0.869 0.907
0.907 0.883
0.883 0.891
0.891 0.848
0.848 0.654
0.654 0.857
0.857 0.857
0.75 0.875
0.807 0.847
0.847 0.817
0.817 0.852
0.852 0.918
0.918 0.889
0.889 0.811
0.811 0.5
0.724 0.749
0.749 0.652
0.652 0.561
0.747 0.762
0.762 0.783
0.783 0.807
0.807 0.758
0.758 0.765
0.765 0.761
0.761 0.758
0.758 0.791
0.791 0.725
0.725 0.733
0.733 0.768
0.768 0.768
0.768 0.793
0.793 0.794
0.705 0.708
0.708 0.75
0.75 0.745
0.745 0.706
0.706 0.719
0.719 0.5
0.5 0.7
0.7 0.0
0.0 0.5
0.713 0.68
0.68 0.843
0.843 0.824
0.824 0.85
0.85 0.884
0.884 0.865
0.865 0.807
0.807 0.807
0.807 0.768
0.768 0.789
0.789 0.739
0.739 0.739
0.739 0.788
0.788 0.768
0.786 0.85
0.85 0.85
0.85 0.855
0.855 0.856
0.856 0.912
0.912 0.894
0.894 0.853
0.853 0.9
0.9 0.882
0.882 0.876
0.876 0.872
0.872 0.872
0.872 0.905
0.737 0.746
0.746 0.784
0.784 0.762
0.762 0.725
0.725 0.605
0.605 0.753
0.753 0.8
0.8 0.717
0.717 0.628
0.628 0.627
0.627 0.627
0.627 0.652
0.652 0.615
0.782 0.536
0.536 0.621
0.695 0.606
0.606 0.62
0.62 0.653
0.653 0.71
0.71 0.649
0.649 0.701
0.701 0.775
0.775 0.821
0.821 0.772
0.772 0.853
0.853 0.853
0.853 0.783
0.783 0.738
0.737 0.75
0.75 0.0
0.0 0.5
0.475 0.306
0.306 0.521
0.521 0.62
0.62 0.551
0.551 0.16
0.16 0.323
0.323 0.111
0.111 0.308
0.308 0.167
0.789 0.829
0.829 0.711
0.711 0.864
0.864 0.739
0.739 0.729
0.729 0.744
0.744 0.762
0.762 0.733
0.733 0.75
0.75 0.811
0.811 0.811
0.811 0.75
0.737 0.435
1.0 0.753
0.753 0.9
0.823 0.766
0.766 0.795
0.795 0.807
0.703 0.699
0.699 0.774
0.774 0.737
0.737 0.721
0.721 0.692
0.692 0.753
0.753 0.71
0.71 0.769
0.769 0.71
0.71 0.692
0.692 0.692
0.692 0.697
0.697 0.625
0.575 0.672
0.672 0.787
0.787 0.744
0.741 0.75
0.75 0.777
0.777 0.77
0.77 0.796
0.796 0.764
0.764 0.753
0.753 0.77
0.77 0.816
0.816 0.791
0.791 0.761
0.761 0.761
0.761 0.755
0.755 0.73
0.731 0.818
0.818 0.752
0.752 0.813
0.813 0.856
0.856 0.716
0.716 0.56
0.56 0.81
0.81 0.462
0.5 0.727
0.863 0.787
0.787 0.864
0.864 0.908
0.908 0.864
0.864 0.861
0.861 0.85
0.85 0.86
0.86 0.843
0.843 0.81
0.81 0.836
0.836 0.836
0.757 0.716
0.716 0.824
0.824 0.824
0.824 0.82
0.82 0.798
0.798 0.833
0.833 0.746
0.746 0.727
0.727 0.8
0.8 0.815
0.815 0.815
0.815 0.721
0.721 0.829
0.571 0.511
0.511 0.5
0.5 0.51
0.671 0.595
0.595 0.586
0.586 0.59
0.59 0.594
0.594 0.592
0.592 0.596
0.596 0.491
0.491 0.492
0.492 0.547
0.547 0.528
0.528 0.528
0.528 0.489
0.489 0.533
0.436 0.523
0.523 0.671
0.671 0.605
0.605 0.792
0.792 0.668
0.668 0.665
0.665 0.752
0.752 0.789
0.789 0.813
0.813 0.744
0.744 0.744
0.744 0.798
0.798 0.78
0.743 0.754
0.754 0.82
0.82 0.721
0.721 0.724
0.724 0.733
0.733 0.693
0.693 0.617
0.617 0.574
0.574 0.652
0.652 0.596
0.596 0.596
0.596 0.614
0.614 0.706
0.75 0.5
0.5 0.875
0.875 0.417
0.417 0.875
0.875 0.474
0.474 0.722
0.701 0.727
0.727 0.686
0.686 0.726
0.726 0.791
0.791 0.75
0.75 1.0
1.0 0.125
0.125 0.563
0.563 0.0
0.833 0.788
0.788 0.556
0.556 0.696
0.63 0.642
0.642 0.681
0.681 0.721
0.721 0.738
0.738 0.68
0.68 0.761
0.761 0.774
0.774 0.77
0.77 0.69
0.69 0.655
0.655 0.655
0.655 0.649
0.649 0.765
0.558 0.783
0.548 0.694
0.694 0.731
0.731 0.571
0.725 0.698
0.698 0.711
0.711 0.754
0.754 0.797
0.797 0.717
0.717 0.774
0.746 0.688
0.688 0.707
0.655 0.847
0.847 0.844
0.844 0.869
0.869 0.867
0.867 0.876
0.876 0.888
0.888 0.894
0.894 0.89
0.89 0.891
0.891 0.881
0.881 0.881
0.881 0.89
0.682 0.779
0.779 0.828
0.828 0.828
0.828 0.887
0.887 0.845
0.845 0.802
0.802 0.807
0.807 0.873
0.873 0.857
0.857 0.667
0.667 0.667
0.667 0.857
0.857 0.714
0.766 0.843
0.843 0.848
0.848 0.807
0.807 0.792
0.792 0.717
0.717 0.803
0.803 0.545
0.609 0.656
0.656 0.593
0.593 0.57
0.57 0.593
0.593 0.562
0.562 0.562
0.562 0.514
0.514 0.571
0.5 0.5
0.733 0.725
0.725 0.867
0.692 0.791
0.791 0.852
0.673 0.76
0.76 0.782
0.782 0.667
0.667 0.81
0.81 0.571
0.571 0.357
0.545 0.471
0.688 0.5
0.689 0.822
0.822 0.81
0.81 0.719
0.719 0.754
0.754 0.706
0.706 0.738
0.738 0.709
0.709 0.762
0.762 0.652
0.652 0.75
0.75 0.75
0.75 0.634
0.634 0.667
0.688 0.719
0.719 0.693
0.693 0.71
0.71 0.588
0.588 0.618
0.618 0.725
0.725 0.63
0.63 0.517
0.517 0.532
0.532 0.498
0.498 0.498
0.498 0.552
0.667 0.735
0.735 0.653
0.653 0.727
0.593 0.719
0.719 0.667
0.5 0.571
0.556 0.582
0.789 0.743
0.743 0.818
0.818 0.743
0.743 0.819
0.819 0.784
0.784 0.733
0.733 0.791
0.791 0.783
0.778 1.0
0.333 0.571
0.587 0.75
0.753 0.78
0.78 0.883
0.883 0.85
0.85 0.82
0.82 0.837
0.837 0.864
0.864 0.709
0.709 0.816
0.816 0.833
0.833 0.853
0.853 0.853
0.853 0.9
0.9 0.941
0.535 0.513
0.513 0.616
0.616 0.598
0.598 0.616
0.616 0.663
0.663 0.667
0.667 0.672
0.672 0.755
0.755 0.681
0.681 0.733
0.733 0.733
0.733 0.64
0.64 0.727
0.64 0.477
0.947 0.885
0.885 0.878
0.878 0.835
0.835 0.921
0.921 0.848
0.848 0.844
0.704 0.851
0.851 0.853
0.853 0.736
0.736 0.833
0.833 0.81
0.81 0.867
0.867 0.886
0.618 0.84
0.84 0.882
0.882 0.736
0.736 0.804
0.804 0.798
0.798 0.714
0.714 0.63
0.63 0.743
1.0 0.882
0.882 0.744
0.744 0.826
0.826 0.333
0.333 0.884
0.884 0.789
0.789 0.816
0.816 0.851
0.851 0.754
0.754 0.81
0.81 0.81
0.805 0.826
0.75 0.944
0.944 0.701
0.632 0.75
0.75 0.822
0.822 0.867
0.867 0.825
0.825 0.815
0.815 0.81
0.81 0.86
0.86 0.858
0.858 0.79
0.79 0.79
0.79 0.845
0.845 0.875
0.623 0.571
0.833 0.612
0.612 0.695
0.695 0.704
0.704 0.744
0.744 0.777
0.777 0.673
0.673 0.685
0.685 0.742
0.629 0.577
0.577 0.587
0.587 0.571
0.571 0.629
0.629 0.442
0.442 0.609
0.609 0.5
0.5 0.344
0.344 0.524
0.524 0.524
0.524 0.48
0.48 0.273
0.296 0.668
0.668 0.695
0.695 0.707
0.707 0.739
0.739 0.66
0.66 0.692
0.848 0.818
0.818 0.908
0.908 0.981
0.981 0.798
0.798 0.854
0.854 0.882
0.882 0.9
0.9 0.825
0.825 0.906
0.906 0.906
0.906 0.875
0.875 0.917
0.833 0.8
0.8 0.901
0.901 0.8
0.8 0.25
0.81 0.8
0.8 0.851
0.851 0.755
0.712 0.763
0.763 0.767
0.767 0.83
0.83 0.753
0.753 0.789
0.789 0.796
0.796 0.773
0.773 0.788
0.788 0.752
0.752 0.752
0.752 0.786
0.786 0.727
0.783 0.778
0.725 0.797
0.797 0.8
0.8 0.805
0.805 0.763
0.763 0.805
0.805 0.806
0.806 0.789
0.789 0.721
0.721 0.8
0.8 0.8
0.8 0.847
0.847 0.781
0.825 0.787
0.787 0.78
0.78 0.722
0.722 0.81
0.81 0.832
0.832 0.89
0.772 0.833
0.833 0.779
0.779 0.82
0.82 0.882
0.882 0.855
0.855 0.8
0.8 0.857
0.857 0.526
0.526 0.25
0.25 0.25
0.752 0.811
0.811 0.83
0.83 0.807
0.807 0.825
0.825 0.718
0.718 0.727
0.812 0.84
0.84 0.844
0.844 0.825
0.825 0.74
0.74 0.806
0.933 0.889
0.889 0.75
0.75 0.806
0.806 0.646
0.646 0.816
0.777 0.803
0.803 0.852
0.852 0.878
0.878 0.848
0.848 0.848
0.848 0.873
0.873 0.625
0.625 0.94
0.94 0.757
0.757 0.757
0.784 0.805
0.805 0.829
0.829 0.844
0.662 0.6
0.6 0.0
0.644 0.618
0.618 0.458
0.458 0.368
0.368 0.545
0.545 0.662
0.662 0.667
0.667 0.625
0.625 0.8
0.8 0.545
0.545 0.545
0.545 1.0
0.699 0.79
0.79 0.815
0.815 0.792
0.792 0.828
0.828 0.78
0.375 0.75
0.8 0.871
0.871 0.867
0.867 0.852
0.852 0.842
0.842 0.85
0.85 0.872
0.872 0.843
0.843 0.839
0.839 0.881
0.881 0.881
0.881 0.893
0.893 1.0
0.91 0.905
1.0 0.786
0.786 0.673
0.673 0.657
0.657 0.638
0.638 0.788
0.788 0.69
0.69 0.727
0.727 0.636
0.636 0.612
0.612 0.612
0.612 0.57
0.57 0.67
0.462 0.5
0.5 0.483
0.483 0.667
0.667 0.0
0.704 0.852
0.852 0.77
0.77 0.725
0.7 0.5
0.577 0.815
0.815 0.819
0.819 0.755
0.755 0.812
0.812 0.787
0.787 0.782
0.782 0.797
0.797 0.78
0.78 0.654
0.654 0.654
0.654 0.763
0.763 0.708
0.0 0.789
0.759 0.689
0.333 0.526
0.526 0.633
0.633 0.532
0.532 0.574
0.574 0.515
0.515 0.547
0.547 0.621
0.621 0.484
0.484 0.577
0.577 0.577
0.766 0.768
0.736 0.69
0.69 0.748
0.748 0.759
0.75 0.609
0.609 0.788
0.788 0.876
0.876 0.695
0.695 0.811
0.811 0.794
0.794 0.869
0.869 0.853
0.853 0.807
0.807 0.807
0.807 0.75
0.75 0.903
0.556 0.647
0.647 0.607
0.607 0.571
0.571 0.765
0.765 0.5
0.847 0.818
0.818 0.851
0.851 0.868
0.868 0.847
0.847 0.878
0.878 0.861
0.861 0.885
0.885 0.855
0.855 0.9
0.9 0.9
0.9 0.896
0.896 0.892
0.627 0.649
0.649 0.736
0.736 0.552
0.552 0.667
0.667 0.536
0.536 0.838
0.838 0.917
0.8 0.714
0.714 0.724
0.724 0.76
0.76 0.645
0.645 0.8
1.0 0.673
0.673 0.684
0.684 0.756
0.756 0.695
0.695 0.744
0.744 0.8
0.8 0.708
0.708 0.692
0.692 0.8
0.8 0.8
0.8 0.756
0.756 0.75
0.606 0.545
0.545 0.0
0.0 0.25
0.25 1.0
1.0 0.667
0.478 0.725
0.752 0.777
0.777 0.786
0.786 0.841
0.841 0.746
0.746 0.818
0.818 0.832
0.832 0.799
0.799 0.835
0.835 0.674
0.674 0.674
0.674 0.0
0.308 0.714
0.882 0.714
0.78 0.759
0.9 0.897
0.897 0.82
0.698 0.524
1.0 0.833
0.556 0.664
0.664 0.753
0.753 0.79
0.79 0.474
0.474 0.622
0.622 0.591
0.591 0.365
0.365 0.42
0.42 0.0
0.0 0.0
0.706 0.82
0.82 0.783
0.783 0.838
0.838 0.815
0.815 0.767
0.767 0.857
0.857 0.551
0.551 0.571
0.571 0.571
0.571 0.571
0.571 0.917
0.75 0.0
0.0 0.667
0.667 0.752
0.661 0.771
0.771 0.704
0.704 0.711
0.711 0.737
0.737 0.721
0.721 0.768
0.768 0.682
0.859 0.705
0.705 0.735
0.735 0.0
0.0 0.813
0.813 0.77
0.77 0.792
0.792 0.848
0.848 0.84
0.84 0.75
0.75 0.75
0.704 0.767
0.767 0.803
0.803 0.849
0.849 0.801
0.801 0.845
0.845 0.843
0.843 0.859
0.859 0.801
0.801 0.834
0.834 0.834
0.834 0.869
0.869 0.826
0.615 0.696
0.696 0.783
0.783 0.79
0.79 0.824
0.824 0.823
0.823 0.812
0.812 0.868
0.868 0.849
0.849 0.861
0.861 0.861
0.861 0.83
0.83 0.88
0.747 0.815
0.815 0.822
0.822 0.806
0.806 0.819
0.819 0.845
0.845 0.788
0.788 0.778
0.778 0.781
0.781 0.713
0.713 0.713
0.713 0.833
0.833 0.873
0.5 0.603
0.603 0.687
0.687 0.747
0.747 0.688
0.688 0.0
0.875 0.722
0.606 0.5
0.5 0.5
0.722 0.762
0.762 0.781
0.781 0.757
0.757 0.791
0.791 0.814
0.814 0.81
0.81 0.822
0.822 0.845
0.845 0.845
0.845 0.858
0.858 0.812
0.4 0.286
0.286 0.442
0.442 0.545
0.545 0.391
0.391 0.427
0.427 0.333
0.333 0.25
0.25 0.471
0.471 0.471
0.471 0.519
0.597 0.629
0.629 0.633
0.633 0.469
0.469 0.485
0.0 0.5
0.782 0.717
0.717 0.808
0.808 0.679
0.567 0.432
0.432 0.646
0.646 0.333
0.333 0.75
0.75 0.727
0.667 0.8
0.8 0.753
0.753 0.844
0.844 0.847
0.847 0.776
0.776 0.784
0.824 0.84
0.84 0.831
0.831 0.774
0.774 0.82
0.82 0.873
0.873 0.844
0.844 0.824
0.824 0.813
0.813 0.813
0.813 0.825
0.544 0.456
0.456 0.376
0.376 0.328
0.675 0.759
0.759 0.702
0.702 0.639
0.639 0.654
0.654 0.56
0.56 0.41
0.41 0.0
0.6 0.449
0.449 1.0
0.714 0.586
0.586 0.821
0.821 0.818
0.818 0.911
0.911 0.808
0.808 0.784
0.784 0.714
0.714 0.75
0.75 0.75
0.609 0.679
0.679 0.758
0.758 0.825
0.825 0.667
0.585 0.605
0.605 0.609
0.609 0.619
0.7 0.6
0.6 0.794
0.794 0.5
0.66 0.71
0.71 0.526
0.526 0.0
0.733 0.923
0.923 0.895
0.711 0.679
0.679 0.584
0.584 0.671
0.671 0.82
0.82 0.905
0.854 0.815
0.815 0.846
0.846 0.89
0.89 0.893
0.893 0.859
0.859 0.819
0.819 0.849
0.849 0.818
0.818 0.818
0.818 0.824
0.824 0.857
0.731 0.0
0.727 0.785
0.785 0.767
0.767 0.753
0.753 0.805
0.805 0.791
0.791 0.814
0.814 0.822
0.822 0.858
0.858 0.858
0.858 0.78
0.78 0.855
0.805 0.778
0.718 0.81
0.81 0.767
0.767 0.694
0.694 0.822
0.822 0.791
0.791 0.703
0.774 0.84
0.84 0.76
0.6 0.671
0.671 0.597
0.597 0.69
0.69 0.681
0.681 0.52
0.52 0.75
0.75 0.625
0.625 0.574
0.574 0.574
0.574 0.619
0.661 0.687
0.561 0.784
0.787 0.55
0.55 0.716
0.716 0.718
0.718 0.661
0.661 0.826
0.826 0.0
0.0 0.5
0.796 0.833
0.833 0.868
0.893 0.698
0.698 0.801
0.801 0.827
0.827 0.765
0.765 0.864
0.864 0.795
0.795 0.813
0.813 0.808
0.808 0.808
0.808 0.811
0.811 0.819
0.673 0.677
0.677 0.699
0.699 0.693
0.693 0.757
0.757 0.792
0.792 0.742
0.742 0.731
0.731 0.757
0.757 0.757
0.757 0.757
0.757 0.768
0.333 0.483
0.483 1.0
1.0 0.593
1.0 0.75
0.75 0.913
0.913 0.778
0.778 1.0
1.0 0.846
0.846 0.909
0.909 1.0
1.0 0.0
0.0 0.0
0.0 1.0
1.0 0.0
0.647 0.6
0.6 0.55
0.55 0.5
0.835 0.816
0.816 0.834
0.834 0.789
0.789 0.779
0.779 0.625
0.736 0.71
0.71 0.689
0.689 0.587
0.587 0.556
0.676 0.867
0.867 0.81
0.81 1.0
1.0 0.5
0.9 0.794
0.794 0.871
0.871 0.86
0.86 0.875
0.875 0.911
0.911 0.9
0.9 0.915
0.915 0.901
0.901 0.901
0.901 0.888
0.888 0.891
0.0 1.0
1.0 0.5
0.808 0.658
0.658 0.792
0.792 0.731
0.647 0.611
0.611 0.642
0.642 0.621
0.621 0.568
0.568 0.597
0.597 0.645
0.645 0.627
0.627 0.397
0.397 0.397
0.397 0.58
0.58 0.6
0.838 0.753
0.753 0.824
0.824 0.78
0.78 0.848
0.511 0.721
0.721 0.836
0.836 0.674
0.674 0.747
0.747 0.884
0.884 0.826
0.826 0.768
0.768 0.776
0.776 0.776
0.776 0.626
0.626 0.733
0.586 0.471
0.471 0.8
0.485 0.0
0.0 0.438
0.624 0.665
0.665 0.677
0.677 0.635
0.635 0.735
0.735 0.717
0.606 0.741
0.741 0.783
0.783 0.686
0.686 0.787
0.787 0.759
0.759 0.839
0.714 0.455
0.365 0.308
0.847 0.787
0.787 0.333
0.333 0.673
0.55 0.717
0.717 0.818
0.764 0.676
0.676 0.73
0.73 0.765
0.765 0.773
0.773 0.731
0.782 0.817
0.817 0.735
0.735 0.847
0.847 0.798
0.798 0.857
0.857 0.815
0.815 0.843
0.843 0.843
0.843 0.84
0.84 0.892
0.968 1.0
0.667 0.808
0.592 0.652
0.652 0.717
0.717 0.644
0.644 0.69
0.69 0.607
0.607 0.5
0.5 0.682
0.682 0.682
0.682 0.75
0.75 0.625
0.778 0.769
0.769 0.835
0.835 0.784
0.784 0.783
0.783 0.839
0.839 0.847
0.847 0.848
0.848 0.848
0.848 0.833
0.833 0.893
0.8 0.737
0.737 0.648
0.648 0.708
0.708 0.692
0.692 0.69
0.69 0.718
0.718 0.743
0.743 0.743
0.743 0.75
0.75 0.735
0.857 0.866
0.866 0.822
0.822 0.886
0.63 0.795
0.795 0.806
0.806 0.807
0.807 0.833
0.833 0.793
0.793 0.724
0.724 0.775
0.775 0.775
0.732 0.817
0.817 0.743
0.743 0.733
0.733 0.861
0.861 0.83
0.83 0.815
0.815 0.859
0.859 0.859
0.859 0.834
0.834 0.859
0.825 0.875
0.875 0.84
0.84 0.8
0.8 0.636
0.636 0.75
0.692 0.576
0.643 0.471
0.66 0.73
0.73 0.696
0.696 0.736
0.736 0.683
0.683 0.718
0.718 0.693
0.693 0.632
0.632 0.632
0.737 0.676
0.676 0.754
0.754 0.743
0.743 0.726
0.726 0.796
0.796 0.655
0.655 0.716
0.716 0.716
0.716 0.735
0.735 0.662
0.873 0.863
0.863 0.9
0.9 0.88
0.88 0.86
0.86 0.905
0.905 0.873
0.873 0.854
0.854 0.854
0.854 0.898
0.898 0.875
0.5 0.333
0.333 0.421
0.421 0.391
0.391 0.667
0.0 0.5
0.667 0.578
0.578 0.68
0.68 0.725
0.725 0.649
0.649 0.652
0.652 0.686
0.686 0.703
0.703 0.703
0.703 0.705
0.705 0.648
0.566 0.576
0.576 0.714
0.714 0.5
0.5 0.532
0.532 0.523
0.523 0.55
0.744 0.788
0.788 0.74
0.74 0.811
0.655 0.662
0.662 0.689
0.689 0.534
0.534 0.727
0.727 0.777
0.777 0.783
0.783 0.647
0.647 0.647
0.647 0.831
0.831 0.846
0.731 0.727
0.727 0.789
0.789 0.798
0.798 0.733
0.733 0.644
0.644 0.682
0.682 0.759
0.759 0.759
0.759 0.798
0.798 0.8
0.841 0.772
0.772 0.798
0.798 0.681
0.681 0.667
0.661 0.813
0.813 0.806
0.806 0.74
0.74 0.799
0.799 0.817
0.817 0.824
0.824 0.82
0.82 0.82
0.82 0.736
0.792 0.817
0.817 0.776
0.776 0.734
0.438 0.725
0.725 0.0
0.0 0.769
0.769 0.736
0.736 0.3
0.0 0.769
0.769 0.5
0.5 0.739
0.739 0.639
0.639 0.765
0.765 0.729
0.729 0.615
0.615 0.615
0.615 0.7
0.7 0.667
0.741 0.85
0.85 0.8
0.8 0.882
0.882 1.0
0.0 0.5
0.691 0.676
0.676 0.744
0.744 0.739
0.739 0.748
0.748 0.751
0.751 0.737
0.737 0.603
0.603 0.603
0.603 0.489
0.489 0.436
0.645 0.828
0.828 0.906
0.5 0.81
0.5 0.429
0.668 0.76
0.76 0.779
0.779 0.738
0.738 0.773
0.773 0.787
0.787 0.728
0.728 0.699
0.699 0.699
0.699 0.726
0.726 0.676
0.78 0.794
0.794 0.717
0.717 0.823
0.823 0.782
0.782 0.839
0.839 0.807
0.807 0.769
0.769 0.769
0.769 0.756
0.756 0.771
0.0 0.0
0.814 0.803
0.803 0.833
0.833 0.866
0.866 0.834
0.834 0.783
0.783 0.836
0.836 0.819
0.819 0.819
0.819 0.829
0.829 0.748
0.743 0.754
0.754 0.725
0.725 0.775
0.833 0.788
0.788 0.762
0.793 0.87
0.87 0.771
0.771 0.742
0.742 0.808
0.808 0.78
0.78 0.784
0.784 0.826
0.826 0.826
0.826 0.872
0.872 0.864
0.654 0.467
0.467 0.6
0.6 0.6
0.609 0.625
0.625 0.526
0.675 0.741
0.635 0.567
0.567 0.61
0.61 0.512
0.815 0.85
0.85 0.8
0.8 0.816
0.816 0.852
0.852 0.82
0.82 0.825
0.825 0.892
0.892 0.892
0.892 0.829
0.829 0.856
0.738 0.735
0.735 0.691
0.691 0.707
0.707 0.771
0.771 0.574
0.574 0.712
0.712 0.655
0.655 0.655
0.655 0.644
0.644 0.523
0.714 0.0
0.0 0.722
0.699 0.667
0.845 0.866
0.866 0.812
0.812 0.877
0.877 0.844
0.844 0.952
0.952 0.854
0.854 0.854
0.854 0.873
0.873 0.86
0.667 0.567
0.567 0.813
0.893 0.779
0.779 0.906
0.906 0.875
0.875 0.838
0.838 0.885
0.885 0.868
0.868 0.868
0.868 0.805
0.805 0.814
0.808 0.843
0.843 0.841
0.841 0.836
0.836 0.848
0.848 0.803
0.803 0.857
0.857 0.857
0.857 0.849
0.849 0.856
0.806 0.831
0.831 0.806
0.806 0.852
0.852 0.836
0.836 0.797
0.797 0.883
0.883 0.883
0.883 0.778
0.778 0.9
0.772 0.8
0.8 0.753
0.753 0.642
0.642 0.746
0.746 0.772
0.772 0.769
0.769 0.769
0.769 0.776
0.776 0.743
0.791 0.867
0.767 0.745
0.745 0.871
0.871 0.792
0.792 0.795
0.795 0.742
0.742 0.774
0.774 0.774
0.774 0.832
0.0 0.417
0.417 0.477
0.823 0.847
0.847 0.831
0.769 0.736
0.736 0.624
0.624 0.805
0.805 0.748
0.748 0.76
0.76 0.774
0.774 0.774
0.774 0.727
0.727 0.79
0.839 0.867
0.867 0.863
0.863 0.698
0.963 0.818
0.818 0.862
0.862 0.871
0.871 0.822
0.733 0.67
0.67 0.748
0.748 0.748
0.748 0.848
0.848 0.768
0.768 0.795
0.795 0.795
0.795 0.829
0.829 0.837
0.0 0.565
0.854 0.742
0.742 0.825
0.825 0.754
0.754 0.842
0.842 0.785
0.785 0.805
0.805 0.805
0.805 0.888
0.888 0.84
0.853 0.643
0.643 0.662
0.662 0.8
0.6 0.737
0.737 0.652
0.652 0.692
0.692 0.519
0.286 0.567
0.667 0.754
0.754 0.745
0.745 0.711
0.711 0.741
0.741 0.77
0.77 0.824
0.824 0.824
0.824 0.807
0.807 0.813
0.672 0.681
0.681 0.673
0.673 0.642
0.642 0.679
0.679 0.517
0.517 0.577
0.577 0.577
0.577 0.447
0.781 0.772
0.772 0.863
0.863 0.778
0.778 0.817
0.817 0.807
0.807 0.79
0.79 0.79
0.79 0.76
0.76 0.801
0.0 0.75
0.686 0.667
0.667 0.612
0.0 0.684
0.385 0.375
0.375 0.452
0.452 0.525
0.525 0.386
0.386 0.428
0.428 0.397
0.397 0.397
0.397 0.43
0.43 0.482
0.706 0.6
0.6 0.558
0.558 0.6
0.6 0.558
0.558 0.645
0.645 0.647
0.647 0.647
0.647 0.548
0.548 0.613
0.83 0.869
0.869 0.792
0.792 0.826
0.826 0.861
0.861 0.884
0.884 0.86
0.86 0.86
0.86 0.839
0.839 0.867
0.793 0.817
0.817 0.787
0.787 0.625
0.625 0.758
0.758 0.817
0.817 0.814
0.814 0.814
0.814 0.787
0.787 0.81
0.691 0.704
0.704 0.74
0.74 0.714
0.714 0.778
0.778 0.818
0.818 0.772
0.772 0.772
0.772 0.795
0.795 0.721
0.789 0.815
0.815 0.85
0.85 0.824
0.824 0.704
0.704 0.821
0.821 0.804
0.804 0.804
0.804 0.822
0.822 0.871
0.8 0.8
0.8 0.7
0.7 0.579
0.579 0.714
0.714 0.738
0.738 0.0
0.0 0.0
0.879 0.809
0.809 0.756
0.756 0.773
0.773 0.82
0.82 0.864
0.864 0.827
0.827 0.827
0.827 0.775
0.729 0.699
0.699 0.707
0.707 0.641
0.641 0.571
0.571 0.687
0.687 0.589
0.589 0.589
0.589 0.526
0.526 0.678
0.66 0.638
0.638 0.583
0.583 0.461
0.461 0.591
0.591 1.0
1.0 0.667
0.667 0.667
0.667 0.5
0.5 0.505
0.87 0.886
0.886 0.897
0.897 0.933
0.933 0.909
0.909 0.828
0.828 0.888
0.888 0.888
0.888 0.744
0.744 0.919
0.637 0.766
0.716 0.801
0.801 0.674
0.674 0.762
0.762 0.689
0.689 0.754
0.788 0.766
0.766 0.858
0.858 0.812
0.697 0.629
0.629 0.755
0.755 0.793
0.793 0.667
0.667 0.6
0.6 0.455
0.455 0.455
0.455 0.643
0.643 0.722
0.773 0.745
0.745 0.753
0.753 0.771
0.771 0.771
0.771 0.821
0.821 0.843
0.843 0.843
0.843 0.825
0.825 0.876
0.692 0.715
0.715 0.605
0.605 0.602
0.602 0.694
0.694 0.579
0.579 0.622
0.622 0.622
0.622 0.704
0.5 0.769
0.769 0.802
0.802 0.745
0.745 0.863
0.863 0.805
0.805 0.783
0.783 0.783
0.783 0.617
0.617 0.744
0.733 0.818
0.696 0.796
0.796 0.705
0.705 0.85
0.707 0.833
0.833 0.875
0.375 0.688
0.688 0.766
0.815 0.78
0.78 0.842
0.842 0.823
0.823 0.8
0.8 0.826
0.826 0.835
0.835 0.835
0.835 0.812
0.812 0.845
0.769 0.9
0.9 0.719
0.719 0.705
0.705 0.556
0.556 0.0
0.0 0.711
0.711 0.75
0.687 0.636
0.808 0.767
0.767 0.841
0.841 0.789
0.547 0.657
0.657 0.613
0.613 0.629
0.629 0.636
0.636 0.667
0.667 0.667
0.667 0.385
0.597 0.678
0.678 0.467
0.667 0.533
0.533 0.667
0.77 0.855
0.855 0.771
0.771 0.762
0.762 0.821
0.821 0.827
0.827 0.827
0.827 0.696
0.623 1.0
1.0 0.875
0.875 0.765
0.765 0.773
0.773 0.702
0.702 0.702
0.702 0.6
0.6 0.761
0.672 0.673
0.673 0.685
0.685 0.537
0.537 0.68
0.68 0.733
0.733 0.733
0.733 0.648
0.648 0.586
0.722 0.574
0.574 0.724
0.724 0.697
0.697 0.647
0.647 0.25
0.25 0.25
0.851 0.871
0.871 0.83
0.83 0.88
0.88 0.857
0.857 0.788
0.788 0.788
0.788 0.858
0.858 0.86
0.646 0.726
0.726 0.652
0.652 0.65
0.65 0.567
0.567 0.617
0.617 0.617
0.617 0.695
0.695 0.593
0.885 0.934
0.934 0.809
0.809 0.9
0.9 0.885
0.885 0.914
0.914 0.914
0.914 0.908
0.908 0.898
0.821 0.759
0.759 0.814
0.814 0.765
0.765 0.6
0.6 0.833
0.833 0.833
0.763 0.813
0.813 0.81
0.81 0.831
0.831 0.824
0.824 0.832
0.832 0.832
0.832 0.85
0.85 0.842
0.809 0.794
0.794 0.846
0.846 0.905
0.905 0.735
0.735 0.615
0.615 0.615
0.615 0.848
0.848 0.828
0.871 0.792
0.792 0.8
0.8 0.907
0.907 0.909
0.909 0.813
0.813 0.813
0.813 0.857
0.857 0.86
0.748 0.771
0.771 0.779
0.779 0.775
0.775 0.771
0.771 0.694
0.694 0.694
0.694 0.796
0.796 0.75
0.826 0.762
0.762 0.744
0.5 0.5
0.5 0.615
0.621 0.783
0.783 0.788
0.788 0.795
0.795 0.705
0.705 0.701
0.701 0.701
0.701 0.667
0.667 0.556
0.646 0.676
0.676 0.622
0.622 0.679
0.679 0.751
0.751 0.717
0.717 0.717
0.717 0.692
0.692 0.715
0.667 0.0
0.0 0.79
0.79 0.848
0.848 0.794
0.794 0.874
0.874 0.874
0.874 0.739
0.739 0.844
0.743 0.779
0.779 0.813
0.813 0.72
0.72 0.681
0.681 0.698
0.698 0.698
0.698 0.585
0.808 0.843
0.843 0.846
0.846 0.851
0.851 0.866
0.866 0.868
0.868 0.868
0.868 0.86
0.86 0.847
0.745 0.785
0.785 0.76
0.76 0.824
0.824 0.761
0.761 0.848
0.848 0.848
0.848 0.767
0.767 0.806
0.676 0.706
0.706 0.638
0.638 0.656
0.656 0.685
0.685 0.738
0.738 0.738
0.738 0.712
0.712 1.0
0.756 0.823
0.823 0.783
0.783 0.752
0.752 0.81
0.81 0.855
0.855 0.855
0.855 0.843
0.843 0.708
0.846 0.5
0.5 0.829
0.63 0.75
0.75 0.661
0.661 0.749
0.749 0.784
0.784 0.836
0.836 0.836
0.836 0.752
0.752 0.856
0.684 0.652
0.817 0.809
0.809 0.808
0.808 0.819
0.819 0.751
0.751 0.839
0.839 0.839
0.839 0.731
0.731 0.75
0.729 0.662
0.662 0.704
0.704 0.597
0.597 0.844
0.844 0.657
0.657 0.657
0.657 0.574
0.574 0.707
0.757 0.764
0.764 0.824
0.824 0.756
0.756 0.798
0.798 0.73
0.73 0.73
0.73 0.686
0.686 0.797
0.829 0.844
0.844 0.86
0.86 0.797
0.797 0.837
0.837 0.752
0.752 0.752
0.752 0.863
0.863 0.816
0.722 0.729
0.729 1.0
1.0 0.726
0.726 0.545
0.795 0.894
0.894 0.906
0.906 0.896
0.896 0.857
0.857 0.906
0.906 0.906
0.906 1.0
1.0 0.878
0.571 0.766
0.766 1.0
1.0 0.842
0.842 0.89
0.89 0.825
0.0 0.5
0.5 0.821
0.821 0.646
0.646 0.5
0.8 0.667
0.667 0.8
0.8 0.79
0.79 0.0
0.0 0.667
0.667 0.667
0.711 0.45
0.45 0.778
0.778 0.0
0.717 0.75
0.837 0.794
0.794 0.757
0.757 0.881
0.881 0.846
0.846 0.862
0.862 0.862
0.862 0.837
0.837 0.867
0.7 0.412
0.581 0.543
0.543 0.65
0.65 0.604
0.604 0.2
0.814 0.788
0.788 0.865
0.865 0.881
0.881 0.804
0.804 0.821
0.821 0.821
0.821 0.848
0.848 0.852
0.839 0.746
0.746 0.725
0.725 0.476
0.476 0.0
0.0 1.0
1.0 1.0
0.715 0.667
0.667 0.587
0.587 0.429
0.777 0.767
0.767 0.731
0.731 0.535
0.579 0.583
0.583 0.65
0.65 0.639
0.639 0.579
0.579 0.579
0.0 0.875
0.5 0.929
0.929 0.6
0.6 0.867
0.867 0.781
0.781 0.781
0.781 0.714
0.714 0.682
0.773 0.754
0.754 0.737
0.737 0.664
0.664 0.712
0.712 0.712
0.712 0.737
0.737 0.706
0.778 0.75
0.75 0.857
0.857 0.726
0.503 0.456
0.456 0.562
0.562 0.619
0.619 0.582
0.582 0.582
0.582 0.545
0.545 0.59
0.333 0.85
0.85 0.769
0.769 0.778
0.778 0.684
0.684 0.684
0.684 0.78
0.78 0.733
0.744 0.636
0.636 0.791
0.791 0.772
0.772 0.8
0.8 0.8
0.8 0.802
0.802 0.847
0.673 0.602
0.602 0.556
0.556 0.618
0.618 0.581
0.581 0.581
0.581 0.67
0.67 0.673
0.0 0.5
0.5 0.795
0.795 0.755
0.755 0.804
0.804 0.79
0.79 0.79
0.79 0.78
0.78 0.731
0.687 0.702
0.702 0.738
0.738 0.726
0.726 0.782
0.782 0.782
0.782 0.718
0.718 0.772
0.869 0.793
0.793 0.811
0.811 0.864
0.555 0.67
0.67 0.617
0.617 0.528
0.528 0.487
0.487 0.487
0.487 0.559
0.559 0.617
0.783 0.657
0.657 0.786
0.65 0.512
0.703 0.5
0.5 0.636
0.636 0.68
0.68 0.828
0.828 0.828
0.828 0.714
0.643 0.5
0.595 0.649
0.649 0.688
0.688 0.669
0.669 0.669
0.669 0.669
0.669 0.709
0.709 0.615
0.769 0.562
0.562 0.642
0.642 0.636
0.636 0.833
0.833 0.833
0.678 0.725
0.762 0.802
0.802 0.807
0.807 0.864
0.864 0.727
0.727 0.727
0.727 0.86
0.86 0.898
0.642 0.521
0.521 0.66
0.66 0.715
0.715 0.728
0.728 0.728
0.728 0.727
0.727 0.76
0.731 0.75
0.763 0.695
0.711 0.832
0.832 0.827
0.827 0.816
0.816 0.812
0.812 0.812
0.812 0.824
0.824 0.844
0.786 0.583
0.583 1.0
0.635 0.612
0.612 0.63
0.63 0.655
0.655 0.583
0.583 0.583
0.643 0.667
0.667 0.0
0.0 1.0
0.591 1.0
0.75 0.789
0.789 0.618
0.618 0.86
0.86 0.875
0.875 0.875
0.875 0.81
0.696 0.706
0.706 0.771
0.771 0.792
0.792 0.804
0.804 0.804
0.804 0.652
0.652 0.647
0.824 0.784
0.784 0.66
0.76 0.798
0.798 0.785
0.785 0.823
0.823 0.795
0.795 0.795
0.795 0.815
0.815 0.816
0.622 0.739
0.739 0.689
0.689 0.657
0.657 0.75
0.75 0.75
0.75 0.74
0.74 0.741
0.712 0.684
0.684 0.769
0.769 0.754
0.754 0.718
0.718 0.718
0.718 0.716
0.716 0.808
0.5 0.0
0.808 0.781
0.781 0.865
0.865 0.895
0.895 0.867
0.867 0.867
0.867 0.855
0.855 1.0
0.444 0.75
0.714 0.702
0.702 0.762
0.762 0.704
0.704 0.788
0.788 0.788
0.788 0.853
0.853 0.717
0.763 0.743
0.743 0.744
0.744 0.747
0.747 0.837
0.837 0.837
0.837 0.8
0.0 0.643
0.643 0.0
0.0 0.0
0.706 0.623
0.623 0.787
0.787 0.808
0.808 0.74
0.74 0.74
0.618 0.701
0.701 0.583
0.56 0.474
0.474 0.618
0.618 0.473
0.473 0.5
0.5 0.5
0.71 0.671
0.671 0.693
0.693 0.871
0.871 0.707
0.707 0.707
0.707 0.826
0.826 0.636
0.571 0.7
0.7 0.429
0.429 0.564
0.564 0.596
0.596 0.596
0.596 0.693
0.693 0.706
0.543 0.691
0.691 0.73
0.73 0.699
0.699 0.75
0.75 0.75
0.75 0.813
0.813 0.818
0.786 0.471
0.471 0.652
0.652 0.711
0.711 0.627
0.627 0.627
0.627 0.784
0.784 0.615
0.808 0.676
0.676 0.74
0.74 0.813
0.813 0.752
0.752 0.752
0.752 0.827
0.827 0.825
0.656 0.754
0.754 0.748
0.748 0.638
0.638 0.778
0.778 0.778
0.589 0.579
0.773 0.821
0.821 0.805
0.805 0.88
0.88 0.758
0.758 0.758
0.758 0.846
0.846 0.667
0.766 0.789
0.789 0.804
0.804 0.805
0.805 0.785
0.785 0.785
0.785 0.791
0.791 0.801
0.0 0.417
0.786 0.717
0.717 0.66
0.66 0.702
0.702 0.702
0.702 0.63
0.63 0.697
0.619 0.4
0.4 0.4
0.483 0.521
0.521 0.517
0.517 0.583
0.583 0.583
0.583 0.628
0.628 0.534
0.764 0.734
0.734 0.727
0.727 0.713
0.713 0.748
0.748 0.822
0.822 0.822
0.822 0.752
0.752 0.769
0.768 0.803
0.803 0.769
0.769 0.834
0.834 0.834
0.834 0.832
0.832 0.865
0.776 0.65
0.65 0.779
0.779 0.716
0.716 0.716
0.716 0.8
0.8 0.8
0.667 0.0
0.665 0.613
0.613 0.65
0.65 0.691
0.691 0.691
0.691 0.613
0.613 0.693
0.833 0.859
0.859 0.905
0.905 0.956
0.956 0.956
0.956 0.8
0.917 0.0
0.4 0.5
0.5 0.784
0.784 0.0
0.0 0.0
0.0 0.667
0.615 0.5
0.5 0.714
0.667 0.7
0.815 0.752
0.752 0.807
0.807 0.788
0.788 0.788
0.788 0.831
0.831 0.841
0.7 0.5
0.6 1.0
0.872 0.855
0.855 0.861
0.861 0.863
0.863 0.863
0.863 0.885
0.885 0.905
0.862 0.839
0.839 0.893
0.893 0.83
0.83 0.83
0.83 0.864
0.864 0.868
0.872 0.545
0.72 0.618
0.647 0.857
0.857 0.823
0.823 0.734
0.734 0.734
0.734 0.764
0.764 0.77
0.667 0.795
0.795 0.73
0.73 0.782
0.782 0.782
0.782 0.797
0.797 0.786
0.759 0.733
0.733 0.802
0.802 0.874
0.874 0.874
0.874 0.852
0.852 0.857
0.824 0.6
0.773 0.825
0.825 0.802
0.802 0.802
0.802 0.802
0.802 0.874
0.874 0.88
0.75 0.462
0.462 0.787
0.787 0.627
0.627 0.627
0.627 0.762
0.762 0.867
0.474 0.5
0.5 0.0
0.712 0.563
0.563 0.865
0.865 0.806
0.806 0.806
0.806 0.738
0.738 0.688
1.0 0.797
0.797 0.765
0.765 0.6
0.6 0.6
0.6 0.629
0.629 0.77
0.667 0.649
0.649 0.654
0.654 0.444
0.444 0.444
0.75 0.564
0.564 0.761
0.761 0.628
0.628 0.628
0.628 0.749
0.749 0.784
0.717 0.732
0.732 0.792
0.792 0.763
0.763 0.763
0.763 0.735
0.735 0.837
0.44 0.529
0.529 0.767
0.593 0.677
0.551 0.729
0.729 0.742
0.742 0.72
0.72 0.72
0.72 0.684
0.684 0.814
0.803 0.799
0.799 0.802
0.802 0.803
0.803 0.803
0.803 0.847
0.847 0.891
0.786 0.636
0.798 0.766
0.766 0.746
0.746 0.672
0.672 0.672
0.672 0.784
0.784 0.789
0.682 0.571
0.571 0.72
0.767 0.8
0.8 0.6
0.6 0.779
0.779 0.779
0.779 0.75
0.0 0.623
0.623 0.4
0.4 0.513
0.513 0.513
0.513 0.412
0.714 0.714
0.707 0.768
0.768 0.594
0.594 0.5
0.5 0.5
0.727 0.75
0.75 0.667
0.832 0.882
0.882 0.85
0.85 0.868
0.868 0.868
0.868 0.871
0.871 0.909
0.839 0.729
0.729 0.5
0.5 0.727
0.727 0.727
0.727 0.857
0.857 0.843
0.5 0.625
0.625 0.0
0.0 0.692
0.692 0.692
0.868 0.841
0.841 0.795
0.795 0.879
0.879 0.879
0.879 0.873
0.873 0.853
0.552 0.608
0.608 0.693
0.693 0.641
0.641 0.641
0.641 0.616
0.616 0.498
0.558 0.667
0.667 0.542
0.532 0.308
0.308 0.339
0.529 0.683
0.683 0.766
0.766 0.752
0.752 0.752
0.752 0.753
0.753 0.669
0.789 0.798
0.798 0.837
0.837 0.827
0.827 0.827
0.827 0.847
0.847 0.847
0.697 0.706
0.706 0.718
0.718 0.684
0.684 0.684
0.684 0.758
0.758 0.652
0.774 0.0
0.0 0.4
0.816 0.66
0.66 0.784
0.784 0.784
0.784 0.735
0.735 0.75
0.758 0.718
0.718 0.72
0.72 0.72
0.72 0.761
0.761 0.861
0.769 0.813
0.813 0.787
0.787 0.787
0.787 0.806
0.806 0.753
0.583 0.905
0.905 0.865
0.865 0.865
0.865 0.764
0.764 0.84
0.614 0.606
0.606 0.6
0.6 0.6
0.6 0.815
0.815 0.708
0.786 0.788
0.788 0.783
0.783 0.783
0.783 0.767
0.767 0.825
0.829 0.814
0.814 0.75
0.75 0.75
0.75 0.682
0.682 0.768
0.467 0.909
0.909 0.0
0.0 0.0
0.759 0.714
0.714 0.733
0.733 0.733
0.733 0.857
0.644 0.754
0.754 0.773
0.773 0.773
0.773 0.82
0.82 0.811
1.0 0.813
0.813 0.538
0.538 0.538
0.538 0.655
0.751 0.791
0.791 0.805
0.805 0.805
0.805 0.758
0.758 0.802
0.795 0.886
0.371 0.418
0.418 0.389
0.389 0.389
0.389 0.355
0.355 0.386
0.769 0.756
0.756 0.728
0.728 0.728
0.728 0.836
0.836 0.805
0.667 0.69
0.69 0.84
0.84 0.84
0.5 0.833
0.818 0.667
0.667 0.66
0.66 0.66
0.66 0.696
0.696 0.709
0.57 0.594
0.594 0.537
0.537 0.537
0.537 0.622
0.622 0.621
0.533 0.514
0.514 0.569
0.569 0.569
0.569 0.59
0.59 0.692
0.61 0.545
0.545 0.87
0.87 0.87
0.843 1.0
1.0 0.842
0.842 0.842
0.842 0.833
0.833 1.0
0.719 0.731
0.0 0.0
0.667 0.667
0.667 0.649
0.649 0.649
0.765 0.605
0.605 0.606
0.606 0.606
0.606 0.664
0.664 0.606
0.749 0.614
0.614 0.701
0.701 0.701
0.701 0.69
0.69 0.784
0.297 0.5
0.588 0.806
1.0 0.797
0.797 0.891
0.891 0.891
0.891 0.727
0.727 0.853
0.809 0.762
0.762 0.938
0.938 0.938
0.938 0.761
0.761 0.875
0.844 0.871
0.871 0.864
0.864 0.864
0.864 0.892
0.892 0.895
0.571 0.528
0.528 0.889
0.889 0.889
0.889 0.692
0.844 0.861
0.861 0.859
0.859 0.859
0.859 0.888
0.888 0.88
1.0 0.806
0.806 0.0
0.0 0.0
0.5 0.709
0.709 0.727
0.727 0.727
0.627 0.604
0.604 0.602
0.602 0.602
0.602 0.642
0.642 0.51
0.643 0.8
0.798 0.825
0.825 0.6
0.6 0.6
0.6 0.785
0.785 0.643
0.667 0.687
0.687 0.772
0.772 0.772
0.772 0.767
0.767 0.771
0.75 0.561
0.561 0.478
0.478 0.478
0.478 0.576
0.576 0.641
0.88 0.917
0.917 0.854
0.854 0.854
0.854 0.875
0.546 0.636
0.636 0.675
0.675 0.675
0.675 0.681
0.681 0.691
0.909 0.94
0.94 0.892
0.892 0.892
0.892 0.894
0.894 0.846
0.523 0.564
0.564 0.528
0.528 0.528
0.528 0.431
0.431 0.47
0.714 0.837
0.837 0.786
0.786 0.786
0.786 0.79
0.79 0.831
0.636 0.681
0.681 0.671
0.671 0.671
0.671 0.658
0.768 0.78
0.78 0.792
0.792 0.792
0.792 0.794
0.794 0.875
0.563 0.375
0.72 0.756
0.756 0.807
0.807 0.807
0.0 0.744
0.744 0.774
0.774 0.774
0.774 0.833
0.806 0.826
0.826 0.769
0.769 0.769
0.769 0.659
0.659 0.765
0.746 0.778
0.778 0.744
0.744 0.744
0.744 0.64
0.64 0.5
0.728 0.553
0.553 0.634
0.634 0.634
0.556 0.8
0.563 0.743
0.818 0.71
0.71 0.717
0.717 0.717
0.717 0.774
0.774 0.778
0.789 0.762
0.762 0.786
0.786 0.786
0.786 0.761
0.761 0.811
0.5 0.519
0.746 0.685
0.685 0.68
0.68 0.68
0.68 0.713
0.713 0.646
0.895 0.0
0.724 0.641
0.641 0.667
0.667 0.667
0.667 0.541
0.764 0.719
0.719 0.823
0.823 0.823
0.823 0.815
0.815 0.564
0.581 0.502
0.502 0.502
0.502 0.582
0.582 0.611
0.683 0.741
0.741 0.741
0.741 0.724
0.724 0.77
0.758 0.715
0.715 0.715
0.79 0.809
0.809 0.809
0.809 0.771
0.771 0.863
0.638 0.641
0.641 0.641
0.641 0.9
0.9 0.722
0.2 0.4
0.4 0.4
0.692 0.632
0.632 0.632
0.632 0.75
0.778 0.667
0.667 0.667
0.667 0.933
0.933 0.714
0.903 0.752
0.752 0.752
0.752 0.817
0.817 0.759
0.889 0.9
0.9 0.9
0.611 0.533
0.533 0.533
0.77 0.696
0.696 0.696
0.696 0.811
0.811 0.832
0.724 0.817
0.817 0.817
0.817 0.833
0.833 0.909
0.703 0.694
0.694 0.694
0.694 0.654
0.654 0.753
0.714 1.0
1.0 1.0
1.0 0.824
0.824 0.759
0.0 0.82
0.82 0.82
0.82 0.791
0.791 0.822
0.75 0.75
0.75 0.75
0.75 0.867
0.867 0.847
0.0 0.0
0.0 0.0
0.0 0.833
0.833 0.85
0.0 0.846
0.846 0.846
0.846 0.556
0.556 0.796
0.8 1.0
1.0 1.0
0.642 0.649
0.649 0.649
0.656 0.531
0.531 0.531
0.531 0.75
0.75 0.699
0.792 0.763
0.763 0.763
0.763 0.864
0.864 0.854
0.634 0.783
0.783 0.783
0.783 0.827
0.827 0.814
1.0 0.0
0.0 0.0
0.492 0.623
0.623 0.623
0.623 0.569
0.569 0.653
0.673 0.735
0.735 0.735
0.735 0.674
0.674 0.786
0.75 0.692
0.692 0.692
0.692 0.909
1.0 0.83
0.83 0.83
0.857 0.824
0.824 0.824
0.824 0.857
0.857 0.805
0.938 0.828
0.828 0.828
0.9 0.763
0.763 0.763
0.763 0.929
0.815 0.832
0.832 0.832
0.832 0.685
0.685 0.833
0.455 1.0
1.0 1.0
0.64 0.782
0.782 0.782
0.782 0.776
1.0 0.727
0.727 0.727
0.645 0.702
0.702 0.702
0.702 0.728
0.728 0.721
0.625 1.0
1.0 1.0
0.744 0.679
0.679 0.679
0.679 0.8
0.676 0.699
0.699 0.699
0.699 0.827
0.827 0.912
0.804 0.813
0.813 0.813
0.813 0.718
0.718 0.753
0.667 0.0
0.0 0.0
0.65 0.717
0.717 0.717
0.717 0.764
0.764 0.774
0.59 1.0
1.0 1.0
1.0 0.88
0.88 0.88
0.88 0.795
0.795 0.766
0.78 0.819
0.819 0.819
0.819 0.83
0.83 0.753
0.811 0.684
0.684 0.684
0.684 0.75
0.75 0.732
0.5 0.375
0.375 0.375
0.626 0.495
0.495 0.495
0.495 0.642
0.642 0.58
0.667 0.734
0.734 0.734
0.734 0.754
0.754 0.832
0.644 0.673
0.673 0.673
0.673 0.52
0.818 1.0
1.0 1.0
0.7 0.479
0.479 0.479
0.479 0.611
0.611 0.423
0.674 0.827
0.827 0.827
0.827 0.791
0.791 0.855
0.756 0.8
0.8 0.8
0.8 0.909
0.909 0.81
0.712 0.708
0.708 0.708
0.708 0.719
0.719 0.655
0.712 0.68
0.68 0.68
0.68 0.729
0.729 0.75
0.656 0.333
0.333 0.333
0.73 0.774
0.774 0.774
0.774 0.754
0.754 0.679
0.609 0.609
0.609 0.6
0.481 0.481
0.643 0.643
0.643 0.747
0.747 0.789
0.8 0.8
0.8 0.875
0.0 0.0
0.0 0.0
0.551 0.551
0.551 0.422
0.422 0.752
0.821 0.821
0.821 0.833
0.833 0.893
0.753 0.753
0.825 0.825
0.825 0.755
0.0 0.0
0.0 0.0
0.0 0.0
0.174 0.174
0.174 0.379
0.379 0.531
0.5 0.5
0.0 0.0
0.829 0.829
0.829 0.804
0.804 0.798
0.429 0.429
0.833 0.833
0.833 0.0
0.0 0.0
0.912 0.912
0.912 0.576
0.576 0.792
0.6 0.6
0.667 0.667
0.75 0.75
0.75 0.75
0.84 0.84
0.84 0.735
0.735 0.782
0.714 0.714
0.714 0.735
0.735 0.84
0.625 0.625
0.476 0.476
0.476 0.716
0.716 0.76
0.808 0.808
0.808 0.754
0.754 0.797
0.721 0.721
0.721 0.668
0.668 0.719
0.5 0.5
0.591 0.591
0.591 0.658
0.658 0.612
0.833 0.833
0.833 1.0
0.8 0.8
0.8 0.752
0.752 0.802
0.861 0.861
0.861 0.781
0.745 0.745
0.745 0.82
0.82 0.776
0.6 0.6
0.6 0.0
0.0 0.714
0.763 0.763
0.763 0.86
0.86 0.783
0.75 0.75
0.75 0.722
0.722 0.735
0.574 0.574
0.574 0.667
1.0 1.0
0.68 0.68
0.681 0.681
0.681 0.797
0.797 0.768
1.0 1.0
1.0 0.896
0.896 0.843
1.0 1.0
0.643 0.643
0.643 0.899
0.899 0.63
0.842 0.842
0.842 0.793
0.793 0.836
0.0 0.0
0.313 0.313
0.313 0.417
0.56 0.56
0.56 0.531
0.531 0.5
0.752 0.752
0.752 0.8
0.8 0.842
0.667 0.667
0.667 0.857
0.857 0.845
0.625 0.625
0.625 0.4
1.0 1.0
0.674 0.674
0.674 0.722
0.722 0.5
0.803 0.803
0.803 0.807
0.807 0.773
0.0 0.0
0.0 0.5
0.786 0.786
0.786 0.733
0.733 0.776
0.609 0.609
0.609 0.59
0.59 0.694
0.5 0.5
0.5 0.533
0.533 0.657
0.636 0.636
0.636 0.616
0.616 0.571
0.444 0.444
0.444 0.675
0.675 0.833
0.722 0.722
0.722 0.643
0.697 0.697
0.697 0.768
0.768 0.743
0.652 0.652
0.652 0.654
0.654 0.737
0.551 0.551
0.551 0.589
0.589 0.692
0.758 0.758
0.758 0.739
0.739 0.759
0.0 0.0
0.0 0.715
0.715 0.723
0.696 0.696
0.696 1.0
1.0 0.0
0.67 0.67
0.67 0.656
0.646 0.646
0.646 0.777
0.777 0.812
0.923 0.923
0.923 0.615
0.859 0.859
0.859 0.771
0.771 0.813
0.5 0.5
0.536 0.536
0.536 0.5
0.5 0.5
0.692 0.692
0.692 0.745
0.745 0.638
0.737 0.737
0.737 0.703
0.703 0.773
0.0 0.0
0.769 0.769
0.783 0.783
0.783 0.5
0.76 0.76
0.76 0.761
0.761 0.76
1.0 1.0
1.0 0.75
0.75 1.0
0.552 0.552
0.552 0.25
0.25 0.667
0.825 0.81
0.81 0.825
0.8 0.791
0.727 0.738
0.84 0.832
0.85 0.0
0.648 0.669
0.0 0.724
1.0 0.778
0.0 0.559
1.0 0.889
0.714 0.645
0.78 0.89
0.522 0.628
0.417 0.5
0.907 0.8
0.725 0.75
0.712 0.751
0.689 0.699
0.931 0.529
0.0 0.0
0.857 0.0
0.784 0.679
0.811 0.825
0.718 0.767
0.73 0.756
0.0 0.618
0.695 0.722
0.763 0.81
0.726 0.8
0.634 0.811
0.478 0.6
0.75 0.794
0.587 0.59
0.5 0.571
0.67 0.784
0.681 0.738
0.743 0.889
0.686 0.671
0.633 0.758
0.727 0.667
0.792 0.625
0.727 0.661
0.838 0.786
0.811 0.792
0.545 0.557
0.667 0.779
0.8 0.773
0.737 0.782
0.75 0.75
0.375 0.0
0.765 0.0
0.811 0.832
0.727 0.809
0.8 0.4
0.75 0.688
0.643 0.625
0.684 0.617
0.619 0.733
0.743 0.764
0.8 0.733
