0.583 9.8
0.727 12.4
0.834 19.8
0.801 19.9
0.841 19.9
0.869 18.7
0.866 17.2
0.784 13.1
0.726 5.5
0.82 13.6
0.81 9.3
0.888 21.6
0.873 21.3
0.916 21.7
0.904 20.9
0.883 22.2
0.903 21.6
0.903 16.4
0.907 17.3
0.952 15.2
0.913 16.4
0.881 14.8
0.915 14.7
0.886 12.8
0.692 13.9
0.621 14.4
0.685 13.7
0.769 16.5
0.74 12.6
0.692 12.9
0.734 13.2
0.715 13.8
0.75 8.2
0.631 5.4
0.638 3.1
0.851 15.5
0.856 16.9
0.859 15.1
0.824 11.7
0.805 10.8
0.838 13.7
0.877 10.0
0.831 13.6
0.742 13.6
0.789 11.1
0.729 10.1
0.0 4.9
0.734 8.0
0.692 13.4
0.732 10.1
0.764 9.0
0.818 6.2
0.657 12.6
0.884 16.7
0.888 14.6
0.878 15.6
0.854 11.0
0.853 7.3
0.786 15.1
0.785 8.7
0.692 14.5
0.692 10.1
0.816 12.1
0.753 13.4
0.803 12.9
0.791 17.4
0.81 8.9
0.444 6.2
0.938 8.3
0.655 11.5
0.762 9.3
0.75 10.0
0.791 9.8
0.74 7.6
0.7 7.8
0.778 5.4
0.464 8.6
0.586 7.1
0.723 14.1
0.633 10.6
0.673 14.8
0.726 1.4
0.529 11.2
0.0 9.8
0.85 10.5
0.816 19.3
0.846 15.8
0.795 18.3
0.827 14.0
0.837 14.8
0.661 16.6
0.88 16.7
0.95 9.2
0.877 17.7
0.931 17.9
0.86 14.6
0.845 13.4
0.873 8.5
0.638 14.5
0.677 15.2
0.746 11.9
0.742 8.6
0.723 12.2
0.664 9.8
0.0 8.6
0.75 7.9
0.676 12.7
0.786 12.2
0.747 12.9
0.788 12.0
0.776 10.5
0.868 10.7
0.853 13.8
1.0 8.2
0.892 8.3
0.735 10.6
0.773 13.3
0.714 15.7
0.83 5.8
0.5 26.4
0.827 14.3
0.897 11.2
0.854 10.1
0.87 11.9
0.761 14.9
0.803 17.6
0.861 19.3
0.815 19.2
0.775 17.9
0.849 16.0
0.83 14.5
0.78 16.3
0.789 12.7
0.861 10.9
0.629 7.8
0.842 17.6
0.885 20.4
0.878 18.6
0.878 19.0
0.898 23.4
0.894 21.3
0.883 23.6
0.918 18.8
0.913 20.2
0.91 18.7
0.916 16.1
0.895 15.0
0.938 5.3
0.697 9.2
0.614 10.2
0.644 9.6
0.571 11.9
0.697 9.3
0.811 10.6
0.727 16.0
0.719 12.5
0.713 12.1
0.757 12.7
0.754 11.4
0.638 8.7
0.679 11.9
0.958 9.9
0.723 13.6
0.798 11.9
0.813 8.9
0.556 9.6
0.6 7.1
0.6 11.4
0.825 9.4
0.609 8.2
0.479 9.1
0.404 8.2
0.579 9.5
0.634 9.1
0.607 7.1
0.589 7.0
0.652 5.4
0.614 11.4
0.75 12.7
0.659 9.9
0.833 7.7
0.667 4.0
0.0 16.4
0.824 13.9
0.77 17.6
0.865 16.2
0.877 17.1
0.921 15.7
0.874 16.2
0.898 10.0
0.787 14.6
0.922 18.3
0.806 15.6
0.837 11.0
0.708 23.6
0.742 21.7
0.685 23.2
0.773 22.4
0.752 26.5
0.775 23.1
0.761 18.0
0.787 14.6
0.676 15.7
0.738 18.5
0.78 18.0
0.733 15.2
0.71 14.0
0.649 9.4
0.522 9.4
0.522 11.4
0.871 21.2
0.647 10.1
0.8 -3.2
0.852 15.1
0.858 17.6
0.836 15.7
0.854 15.5
0.864 12.7
0.827 9.7
0.787 10.2
0.575 8.6
0.0 7.2
0.533 12.2
0.707 13.4
0.833 13.1
0.871 11.6
0.77 6.3
0.853 23.2
0.829 26.2
0.843 23.7
0.852 23.3
0.816 28.0
0.85 26.1
0.868 24.2
0.84 24.4
0.856 21.9
0.811 23.9
0.828 21.9
0.845 23.0
0.839 10.7
0.857 17.6
0.813 17.6
0.813 14.9
0.6 11.5
0.75 0.4
0.728 13.3
0.69 11.6
0.802 7.4
0.741 13.7
0.778 11.4
0.782 7.8
0.794 7.2
0.864 6.3
0.75 7.8
0.828 10.1
0.714 6.8
0.673 11.2
0.628 10.5
0.667 15.1
0.626 17.5
0.66 17.8
0.721 18.0
0.723 19.9
0.712 19.1
0.729 17.2
0.708 18.7
0.725 17.9
0.639 14.8
0.614 16.2
0.453 8.6
0.709 19.5
0.797 14.1
0.801 13.8
0.685 7.2
0.611 15.9
1.0 13.8
1.0 19.4
0.878 14.0
0.873 10.0
0.704 17.7
0.926 7.3
0.684 8.1
0.857 6.9
0.944 9.7
0.944 3.3
0.631 8.9
0.528 9.9
0.66 0.3
0.0 11.3
0.686 10.6
0.727 3.3
0.0 12.8
0.753 10.8
0.731 10.3
0.846 9.2
1.0 8.7
0.765 20.5
0.798 21.9
0.806 20.0
0.806 22.9
0.798 21.6
0.799 21.8
0.802 18.8
0.816 19.3
0.817 17.1
0.84 14.8
0.74 13.6
0.826 17.8
0.816 15.9
0.821 9.6
0.789 9.6
0.789 12.7
0.833 11.7
0.858 21.3
0.86 22.3
0.861 22.8
0.873 18.6
0.865 18.5
0.863 17.1
0.879 15.4
0.649 15.0
0.582 15.5
0.532 13.2
0.676 14.9
0.783 9.3
0.743 12.3
0.5 10.3
0.687 9.8
0.58 10.6
0.61 7.8
0.649 6.0
0.845 8.8
0.817 6.2
0.897 15.2
0.851 15.0
0.81 14.0
0.86 9.9
0.897 6.8
0.667 4.1
0.592 16.7
0.674 13.9
0.656 8.8
0.708 8.8
0.889 -3.7
0.75 6.8
0.5 9.1
0.75 9.1
0.685 16.2
0.815 15.4
0.784 11.6
0.754 1.2
0.857 8.8
0.892 6.7
0.833 1.8
0.708 11.1
0.75 15.0
1.0 14.6
0.788 11.0
0.819 11.5
0.733 28.8
0.875 15.8
0.794 15.3
0.769 15.4
0.806 15.9
0.833 15.2
0.843 15.5
0.826 14.5
0.838 16.0
0.864 15.1
0.872 18.4
0.857 14.2
0.854 15.7
0.927 16.8
0.871 17.3
0.866 16.6
0.901 16.6
0.901 14.0
0.904 12.0
0.866 14.3
0.851 16.1
0.815 14.4
0.894 13.5
0.883 15.2
0.882 10.9
0.865 13.2
0.906 14.2
0.895 14.5
0.864 7.6
0.681 11.8
0.843 12.0
0.849 6.2
0.791 5.7
0.8 3.6
0.845 5.1
0.532 11.3
0.645 15.8
0.698 20.1
0.654 15.2
0.605 13.9
0.591 14.9
0.623 15.3
0.575 15.7
0.638 14.0
0.604 9.7
0.545 5.5
0.776 13.4
0.752 13.3
0.855 19.7
0.842 18.0
0.816 13.7
0.845 15.0
0.832 13.7
0.776 12.1
0.754 14.8
0.818 14.5
0.771 11.8
0.765 11.1
0.757 8.3
0.677 18.2
0.58 16.9
0.71 20.7
0.673 20.8
0.761 18.3
0.675 21.0
0.745 19.8
0.75 14.5
0.757 17.4
0.821 17.0
0.771 10.0
0.632 16.6
0.708 14.5
0.633 12.9
0.613 13.4
0.606 9.9
0.533 13.2
0.818 6.5
0.889 8.0
0.871 10.7
0.762 8.8
0.833 -2.3
0.875 15.9
0.79 16.1
0.748 16.1
0.718 15.0
0.815 15.6
0.797 15.9
0.839 12.0
0.787 7.1
0.861 8.5
0.573 10.1
0.56 11.3
0.644 10.6
0.815 5.6
0.932 7.1
0.787 13.8
0.804 13.7
0.782 13.2
0.841 15.1
0.757 16.1
0.571 11.0
0.763 6.4
0.833 10.0
0.691 17.0
0.615 15.6
0.713 16.3
0.654 10.5
0.847 8.8
0.826 8.9
0.783 12.4
0.865 9.7
0.61 9.9
0.8 11.0
0.878 7.5
0.698 7.4
0.833 9.6
0.772 10.0
0.83 10.1
0.78 12.6
0.835 11.1
0.809 14.1
0.845 13.6
0.825 11.6
0.77 11.3
0.83 6.9
0.742 11.2
0.737 12.4
0.793 9.4
0.0 4.5
0.389 7.1
0.533 -1.7
0.618 27.0
0.799 26.9
0.71 27.1
0.599 27.0
0.67 23.1
0.629 26.1
0.637 24.4
0.73 24.4
0.692 24.7
0.725 21.9
0.716 22.5
0.695 24.4
0.817 21.3
0.731 22.6
0.74 22.6
0.74 16.9
0.825 8.5
0.796 14.1
0.848 12.4
0.854 9.3
0.795 9.2
0.698 11.0
0.79 9.1
0.631 11.0
0.657 9.9
0.606 7.4
0.685 14.4
0.733 11.2
0.944 5.1
0.775 17.6
0.837 17.6
0.861 17.8
0.85 14.3
0.831 12.7
0.852 13.7
0.918 11.4
0.8 11.4
0.823 9.0
0.806 14.0
0.847 11.9
0.8 11.5
0.797 13.4
0.862 14.8
0.833 11.4
0.853 13.8
0.883 12.1
0.846 9.3
0.856 8.9
0.806 8.0
0.851 7.7
0.921 10.1
0.727 14.2
0.668 17.9
0.657 13.4
0.75 11.6
0.68 14.1
0.778 15.9
0.795 9.9
0.655 15.9
0.815 17.0
0.88 8.5
0.767 4.3
0.714 4.8
0.75 4.7
0.516 12.9
0.61 12.0
0.54 16.2
0.669 15.4
0.634 15.1
0.604 13.0
0.639 15.7
0.593 13.0
0.658 9.6
0.556 14.3
0.563 11.1
0.779 11.3
0.824 11.9
0.754 8.0
0.441 12.5
0.398 15.3
0.673 13.0
0.543 12.7
0.556 10.3
0.612 13.7
0.44 9.9
0.471 19.7
0.817 19.1
0.773 20.6
0.8 15.8
0.775 18.9
0.823 15.2
0.787 15.1
0.829 9.1
0.623 13.8
0.607 11.8
0.764 23.8
0.801 26.4
0.751 29.4
0.791 28.2
0.811 26.8
0.81 24.1
0.835 25.3
0.801 21.2
0.841 19.4
0.837 20.6
0.862 20.4
0.857 19.2
0.786 13.3
0.809 15.2
0.8 15.2
0.8 12.3
0.692 6.3
0.867 12.3
0.836 11.2
0.83 0.5
0.0 9.1
0.879 9.1
0.811 6.4
0.889 3.2
0.684 13.4
0.685 -1.6
0.709 12.6
0.675 11.4
0.79 11.5
0.76 10.7
0.75 11.3
0.674 9.7
0.75 7.0
0.706 7.0
0.773 11.6
0.8 9.2
0.722 7.6
0.677 10.6
0.764 11.1
0.735 12.2
0.681 13.1
0.757 13.5
0.784 12.2
0.769 14.0
0.571 -0.9
0.797 12.7
0.849 15.6
0.771 12.1
0.782 10.0
0.722 6.6
0.775 13.9
0.721 13.1
0.0 10.6
0.75 14.2
0.837 11.5
0.844 4.5
0.0 10.7
0.75 11.6
0.774 10.7
0.789 8.7
0.792 9.7
0.757 10.9
1.0 9.1
0.714 9.9
0.833 11.8
0.815 -9.0
0.592 9.7
0.504 5.5
0.481 8.3
0.6 5.6
0.868 16.9
0.89 18.7
0.833 16.8
0.868 16.0
0.858 18.2
0.845 18.1
0.861 18.2
0.833 16.9
0.848 14.9
0.846 15.8
0.849 13.2
0.784 10.6
0.625 13.5
0.652 17.7
1.0 15.9
0.698 10.4
0.604 17.6
0.636 13.9
0.81 13.0
0.794 11.8
0.804 9.0
0.739 2.0
0.801 13.6
0.794 14.7
0.812 14.1
0.743 19.3
0.792 16.1
0.688 15.5
0.778 16.3
0.725 14.7
0.767 14.1
0.712 12.3
0.656 14.3
0.799 12.4
0.77 14.9
0.734 14.4
0.672 16.0
0.694 14.8
0.694 15.6
0.774 15.9
0.793 16.8
0.757 12.3
0.735 15.3
0.676 10.3
0.75 9.7
0.763 13.0
0.709 12.3
0.82 9.0
0.744 14.5
0.718 11.1
0.626 5.0
0.773 5.8
0.77 15.7
0.842 13.5
0.804 11.1
0.846 9.0
0.0 13.5
0.833 7.8
0.5 2.9
0.375 14.1
0.6 12.5
0.67 10.4
0.735 35.2
0.638 13.4
0.533 12.1
0.638 18.2
0.667 12.4
0.539 12.2
0.673 15.7
0.652 14.4
0.615 16.7
0.863 20.8
0.63 10.1
0.65 9.9
0.675 8.2
0.866 12.2
0.84 10.2
0.82 13.6
0.845 16.7
0.711 14.5
0.783 12.4
0.769 14.5
0.645 14.9
0.789 13.5
0.647 11.9
0.594 9.6
0.686 11.6
0.857 12.1
0.861 12.0
0.8 15.8
0.852 15.2
0.805 15.0
0.917 13.0
0.917 15.4
0.792 10.5
0.923 11.9
0.909 15.2
0.87 17.7
0.919 14.8
0.913 12.5
0.773 15.8
0.761 17.2
0.803 15.6
0.809 13.0
0.843 12.5
0.806 12.8
0.824 4.1
0.786 10.9
0.676 10.0
0.786 8.4
0.829 3.6
0.8 9.9
0.817 15.3
0.876 15.2
0.9 12.5
0.818 12.1
0.778 12.2
0.923 10.8
0.813 5.2
0.766 15.4
0.737 15.5
0.731 17.6
0.797 21.6
0.777 14.0
0.756 12.1
0.676 11.9
0.798 13.4
0.807 12.0
0.802 9.4
0.5 10.6
0.723 9.0
0.625 9.6
0.793 10.5
0.5 12.7
0.909 8.8
0.778 7.9
0.6 -2.2
0.679 17.4
0.754 19.4
0.781 20.2
0.746 19.5
0.799 21.9
0.834 18.0
0.807 18.7
0.802 18.0
0.799 11.9
0.743 12.8
0.814 21.9
0.812 21.2
0.774 19.3
0.745 23.2
0.835 25.9
0.814 19.6
0.795 20.9
0.809 15.8
0.781 13.4
0.739 17.3
0.81 18.4
0.846 19.2
0.752 18.0
0.862 14.6
0.733 15.1
0.774 13.5
0.79 12.4
0.0 7.2
0.822 11.3
0.862 12.4
0.855 12.2
0.843 10.9
0.931 3.0
0.802 11.1
0.825 13.4
0.765 13.2
0.79 15.9
0.828 12.5
0.805 11.9
0.785 16.3
0.791 12.2
0.763 8.9
0.719 7.9
0.706 14.5
0.76 16.1
0.785 15.9
0.83 13.6
0.786 14.4
0.813 14.9
0.832 16.1
0.826 15.6
0.779 14.6
0.816 10.7
0.825 8.0
0.7 0.1
0.857 4.8
0.715 17.1
0.734 19.0
0.789 21.2
0.748 16.9
0.76 17.7
0.731 18.4
0.736 20.3
0.76 20.6
0.754 17.3
0.647 16.8
0.731 16.1
0.683 15.3
0.691 7.8
0.697 11.8
0.64 11.3
0.689 11.6
0.798 14.3
0.752 14.2
0.752 9.9
0.754 11.2
0.814 10.3
0.753 12.4
0.683 16.6
0.742 12.2
0.769 11.7
0.736 11.3
0.538 8.6
0.455 9.4
0.682 8.5
0.607 8.3
0.64 3.1
0.712 11.2
0.729 11.5
0.741 14.2
0.764 15.5
0.791 9.3
0.64 10.2
0.682 11.3
0.714 6.2
0.844 17.5
0.837 18.9
0.822 16.7
0.835 13.6
0.806 14.7
0.781 12.3
0.787 7.6
0.755 13.2
0.662 12.3
0.687 7.6
0.609 13.1
0.733 12.1
0.727 3.2
0.745 14.4
0.815 7.0
0.455 -7.8
0.771 12.1
0.794 11.7
0.933 12.3
0.975 11.4
0.814 19.1
0.814 22.2
0.841 19.7
0.827 19.5
0.74 19.2
0.795 19.4
0.778 16.7
0.818 16.9
0.819 17.2
0.808 14.4
0.87 13.1
0.786 13.5
0.818 14.9
0.757 11.2
0.541 13.6
0.754 18.0
0.852 17.3
0.803 14.3
0.805 11.4
0.873 9.5
0.5 5.3
0.762 8.3
0.631 14.4
0.712 18.0
0.706 16.1
0.729 12.8
0.721 11.9
0.833 13.7
0.868 16.1
0.833 14.5
0.8 16.3
0.698 17.9
0.695 16.5
0.682 16.8
0.769 17.3
0.811 12.0
0.68 8.7
0.769 10.4
0.895 13.5
0.552 8.5
0.727 9.4
0.6 1.8
0.797 14.5
0.783 14.4
0.804 13.5
0.791 15.1
0.625 10.9
0.714 7.0
0.826 18.5
0.81 16.7
0.82 17.5
0.763 19.4
0.777 20.0
0.818 20.7
0.841 16.7
0.838 16.8
0.836 14.0
0.806 12.0
0.802 9.3
0.838 11.1
0.622 10.7
0.0 12.0
0.909 19.6
1.0 1.7
0.667 13.3
0.882 -3.0
0.0 -1.2
0.0 10.7
0.529 6.2
0.713 7.7
0.699 5.3
0.699 7.8
0.792 13.7
0.762 12.9
0.875 12.6
0.771 14.1
0.861 15.5
0.855 14.1
0.883 11.9
0.781 10.3
0.719 9.0
0.625 12.9
0.554 9.7
0.667 7.9
0.636 17.7
0.671 14.9
0.703 12.7
0.648 9.3
0.59 9.4
0.483 6.9
0.5 5.3
0.426 4.5
0.517 0.2
0.25 -0.1
0.774 14.3
0.801 17.4
0.802 20.1
0.848 19.9
0.857 18.9
0.828 18.6
0.82 19.3
0.812 16.9
0.824 20.3
0.835 15.8
0.834 14.1
0.856 7.9
0.655 18.8
0.73 15.4
0.717 16.5
0.751 12.9
0.602 11.1
0.535 11.5
0.541 1.4
0.455 10.6
0.483 9.4
0.356 12.7
0.5 2.7
0.818 10.3
0.793 21.1
0.797 21.7
0.763 17.8
0.729 11.7
0.667 17.9
0.79 18.1
0.781 20.1
0.803 20.4
0.817 21.9
0.834 16.4
0.755 15.3
0.769 13.8
0.716 4.4
0.81 19.8
0.845 21.3
0.851 19.9
0.851 21.7
0.833 23.6
0.809 20.8
0.81 19.2
0.707 16.0
0.796 14.7
0.755 17.0
0.768 15.0
0.796 18.0
0.782 13.7
0.785 11.0
0.765 11.0
0.751 19.2
0.708 18.4
0.756 18.9
0.736 19.9
0.791 13.4
0.748 15.3
0.663 9.8
0.864 18.9
0.886 -11.2
0.63 14.5
0.678 16.9
0.653 18.7
0.684 17.5
0.646 16.7
0.712 5.4
0.25 14.7
0.58 13.6
0.604 13.4
0.557 14.1
0.583 9.9
0.37 13.9
0.425 12.2
0.579 10.0
1.0 10.0
0.766 16.9
0.876 18.0
0.848 14.7
0.781 12.9
0.697 11.3
0.736 13.4
0.848 15.2
0.749 15.7
0.769 14.8
0.802 9.2
0.682 10.8
0.663 12.3
0.659 7.1
0.541 6.2
0.7 11.4
0.718 9.2
0.774 9.7
0.683 8.5
0.786 11.5
0.684 10.8
0.622 10.9
0.756 8.2
0.517 5.9
0.84 9.8
0.441 9.5
0.25 12.4
0.548 -3.8
0.0 6.2
0.7 21.0
0.733 25.1
0.748 30.3
0.793 25.3
0.796 22.9
0.774 21.9
0.747 23.2
0.707 18.4
0.684 16.3
0.801 12.2
0.746 14.9
0.698 13.6
0.807 13.8
0.836 10.0
0.746 15.1
0.797 12.4
0.813 9.2
0.69 7.7
0.688 6.5
0.778 8.8
0.768 15.8
0.787 13.7
0.836 13.9
0.757 8.4
0.625 6.1
0.5 7.5
0.583 15.6
0.661 10.3
0.721 13.6
0.767 11.9
0.821 11.0
0.0 13.7
0.825 10.2
0.798 9.3
0.802 9.3
0.765 9.4
0.794 10.0
0.693 13.2
0.724 14.6
0.663 15.7
0.678 15.3
0.521 14.4
0.62 9.7
0.594 16.1
0.642 15.5
0.6 12.5
0.833 21.8
0.817 15.2
0.795 18.8
0.832 16.5
0.838 16.4
0.738 16.1
0.784 18.4
0.772 18.6
0.826 18.1
0.821 17.8
0.853 14.8
0.811 15.7
0.84 13.9
0.779 13.3
0.753 13.3
0.753 13.4
0.743 20.1
0.775 19.3
0.818 19.4
0.778 20.7
0.812 17.5
0.828 13.5
0.772 16.8
0.848 16.7
0.824 12.9
0.827 16.3
0.83 10.7
0.711 15.0
0.762 14.7
0.839 14.9
0.723 16.7
0.72 17.2
0.8 16.4
0.793 16.1
0.774 13.8
0.732 13.9
0.824 9.7
0.676 11.4
0.4 13.5
0.727 12.5
0.821 4.6
0.75 4.6
0.75 6.5
0.0 7.6
0.928 16.5
0.911 15.9
0.9 16.1
0.885 16.6
0.861 12.3
0.794 12.7
0.727 9.4
0.831 16.7
0.85 14.7
0.858 14.1
0.811 15.0
0.82 13.1
0.839 12.5
0.837 11.5
0.819 10.3
0.706 14.0
0.617 12.4
0.634 16.1
0.592 16.4
0.674 15.0
0.785 16.5
0.61 15.8
0.583 7.7
0.55 19.6
0.648 15.9
0.598 11.0
0.565 10.8
0.723 10.1
0.533 8.7
0.333 8.7
0.333 6.0
0.423 5.9
0.0 14.5
0.659 12.3
0.579 12.3
0.258 5.8
0.731 14.9
0.769 17.9
0.8 13.3
0.857 12.7
0.787 8.6
0.742 14.8
0.681 11.5
0.736 8.9
0.787 11.2
0.811 8.4
0.564 18.9
0.735 16.7
0.786 13.6
0.81 5.2
0.778 2.4
0.725 16.0
0.764 11.2
0.727 14.3
0.681 16.4
0.741 12.7
0.758 14.4
0.69 14.5
0.711 10.8
1.0 20.6
0.8 13.5
0.723 12.9
0.746 10.6
0.744 14.4
0.747 14.3
0.824 13.2
0.81 14.5
0.806 14.5
0.424 14.8
0.676 14.8
0.681 11.5
0.652 11.2
0.637 10.9
0.781 13.5
0.715 12.1
0.708 7.7
0.364 8.4
0.583 5.5
0.545 9.3
0.895 20.7
0.887 22.6
0.909 20.5
0.916 22.0
0.887 23.3
0.921 23.8
0.899 21.1
0.906 19.5
0.933 21.6
0.938 20.8
0.912 20.3
0.894 16.0
0.922 12.2
0.802 13.1
0.523 12.9
0.549 14.7
0.642 15.3
0.474 12.0
0.467 11.0
0.6 13.9
0.68 16.1
0.755 14.1
0.781 16.0
0.5 11.5
0.852 11.7
0.778 6.7
0.783 8.6
0.797 4.0
0.688 14.9
0.6 9.7
0.855 8.3
0.778 13.1
0.751 11.8
0.684 10.9
0.761 6.1
0.833 10.1
0.838 24.1
0.853 25.6
0.881 22.5
0.877 26.1
0.869 28.1
0.901 27.6
0.904 24.6
0.879 23.1
0.89 22.9
0.915 23.4
0.892 21.7
0.896 19.8
0.86 23.6
0.899 19.2
0.882 19.2
0.882 19.0
0.893 17.0
0.601 18.1
0.688 21.4
0.731 21.1
0.757 22.9
0.754 20.4
0.709 18.8
0.767 14.4
0.742 15.4
0.788 17.9
0.72 9.2
0.674 9.4
0.677 16.7
0.835 15.3
0.513 29.7
0.555 29.5
0.622 24.4
0.49 27.0
0.461 24.4
0.469 21.7
0.422 17.1
0.503 22.3
0.595 17.9
0.496 17.4
0.836 6.6
0.75 8.3
0.824 8.1
0.679 13.7
0.656 14.6
0.777 18.5
0.742 17.3
0.695 17.0
0.69 16.1
0.7 16.9
0.698 16.6
0.623 15.9
0.693 19.4
0.675 9.2
0.592 10.9
0.621 14.4
0.708 12.3
0.824 13.7
0.753 12.2
0.835 6.7
0.667 7.8
0.837 8.4
0.822 9.7
0.8 9.9
0.833 7.0
0.545 12.4
0.622 10.5
0.657 11.2
0.59 10.4
0.667 8.3
0.511 4.5
0.556 12.7
0.485 11.5
0.51 14.3
0.579 10.0
0.342 11.6
0.573 11.4
0.422 12.2
0.621 13.1
0.526 8.1
0.556 11.8
0.625 11.4
0.591 8.6
0.625 4.8
0.75 11.2
0.611 9.4
0.766 9.1
0.733 13.3
0.745 8.0
0.75 15.4
0.735 12.4
0.757 15.6
0.75 12.3
0.725 12.5
0.794 4.9
0.848 9.7
0.73 8.2
0.747 7.4
0.662 12.5
0.742 9.9
0.705 7.6
0.375 13.3
0.605 7.0
0.681 18.8
0.701 14.5
0.627 14.6
0.553 15.8
0.599 16.4
0.601 18.5
0.641 10.9
0.766 22.9
0.797 21.1
0.71 17.3
0.714 15.1
0.761 10.7
0.794 9.0
0.862 12.2
0.862 11.0
0.78 11.8
0.836 10.2
0.903 31.3
0.727 5.3
0.8 16.3
0.798 13.5
0.814 11.5
0.795 14.1
0.717 15.3
0.751 12.6
0.789 12.1
0.809 14.4
0.832 15.3
0.82 13.2
0.683 11.2
0.765 10.7
0.632 9.3
0.611 1.7
0.873 13.8
0.894 16.0
0.828 8.7
0.875 12.4
0.804 6.2
0.4 7.7
1.0 8.3
0.745 22.3
0.809 22.7
0.802 19.4
0.819 21.8
0.822 23.6
0.772 21.7
0.796 19.6
0.843 17.7
0.83 18.2
0.852 19.7
0.86 19.6
0.852 19.1
0.787 16.8
0.826 15.2
0.781 15.2
0.781 8.2
0.818 5.7
0.739 14.9
0.774 15.3
0.818 12.4
0.749 15.0
0.693 14.6
0.605 8.3
0.571 11.2
0.673 12.3
0.763 8.5
0.5 8.7
0.629 7.3
0.793 13.9
0.816 12.9
0.793 13.5
0.833 18.8
0.83 10.5
0.865 9.8
0.787 12.7
0.827 12.0
0.809 10.8
0.822 8.7
0.825 7.5
0.815 11.0
0.756 7.8
0.728 11.4
0.742 8.2
0.759 11.2
0.641 14.5
0.871 7.4
0.588 -22.1
0.857 6.6
0.273 10.2
0.422 7.9
0.5 6.7
0.419 15.5
0.517 15.3
0.532 7.4
0.37 12.3
0.68 15.4
0.663 11.2
0.647 6.2
0.519 6.0
0.611 3.3
0.76 11.1
0.545 13.8
0.72 14.4
0.645 10.1
0.692 12.2
0.651 6.7
0.75 11.9
0.674 11.2
0.6 10.3
0.76 4.4
0.778 5.3
0.5 20.0
0.791 21.0
0.805 19.9
0.868 18.3
0.854 21.2
0.877 22.3
0.829 18.8
0.82 17.9
0.814 12.1
0.712 9.7
1.0 13.9
0.613 10.1
0.647 -17.3
0.852 8.0
0.8 11.9
0.759 7.3
0.627 17.4
0.765 12.5
0.685 15.1
0.74 13.6
0.739 9.6
0.67 14.3
0.692 8.5
0.682 11.6
0.761 12.9
0.732 8.1
0.75 8.7
0.833 0.7
0.894 10.7
0.855 16.3
0.709 13.5
0.694 12.4
0.676 10.8
0.711 10.3
0.639 9.6
0.658 5.9
0.747 20.3
0.681 17.8
0.727 12.5
0.75 11.5
0.81 11.0
0.82 19.1
0.837 16.7
0.876 15.0
0.832 17.2
0.875 3.8
0.558 15.3
0.761 17.0
0.785 11.7
0.756 14.2
0.765 8.9
0.748 7.5
0.724 7.7
0.81 6.8
0.828 16.8
0.839 14.9
0.854 12.4
0.81 16.6
0.854 13.9
0.78 13.4
0.713 16.4
0.72 16.1
0.791 15.0
0.813 12.2
0.737 10.2
0.781 7.7
0.808 7.3
0.725 5.3
0.506 5.5
0.779 9.8
0.821 9.1
0.768 11.6
0.769 11.8
0.792 16.4
0.689 9.6
0.409 14.5
0.797 11.8
0.692 10.2
0.542 11.3
0.608 15.4
0.602 14.4
0.572 13.7
0.357 10.5
0.482 8.9
0.582 11.4
0.524 10.6
0.638 5.5
0.75 0.0
0.0 -14.6
0.673 17.9
0.7 19.2
0.667 13.1
0.805 16.0
0.83 14.3
0.779 16.6
0.859 15.0
0.768 16.1
0.774 13.9
0.845 16.1
0.755 13.8
0.72 11.2
0.813 -0.1
0.89 13.9
0.878 12.0
0.833 11.8
0.928 13.6
0.792 14.7
0.806 15.6
0.858 13.5
0.797 9.0
0.738 8.1
0.688 8.6
0.637 3.1
0.6 0.8
0.783 13.7
0.821 14.3
0.794 14.7
0.814 12.1
0.822 19.0
0.858 18.7
0.878 13.2
0.806 15.9
0.849 14.5
0.882 16.8
0.847 13.3
0.892 3.4
1.0 11.1
0.797 6.0
0.714 11.5
0.913 8.5
0.802 6.0
0.735 13.9
0.481 13.6
0.53 12.2
0.684 8.2
0.698 8.2
0.691 11.6
0.676 9.3
0.554 10.9
0.744 12.9
0.704 12.6
0.797 6.9
0.533 3.3
0.714 9.8
0.767 4.3
0.563 8.1
0.611 8.6
0.545 5.9
0.667 4.2
0.75 10.6
0.845 11.1
0.817 21.9
0.857 21.0
0.856 19.3
0.876 19.6
0.875 21.8
0.927 17.3
0.92 16.7
0.915 15.8
0.816 15.7
0.929 12.5
0.894 12.4
0.897 15.2
0.831 14.7
0.888 12.1
0.791 14.8
0.876 16.6
0.915 13.7
0.855 12.6
0.795 8.9
0.861 12.9
0.845 13.5
0.805 14.0
0.863 8.1
0.643 11.4
0.568 16.3
0.751 15.6
0.766 15.4
0.738 14.9
0.735 4.6
0.6 8.7
0.0 1.2
0.0 3.5
0.5 1.2
0.714 17.1
0.72 14.2
0.696 16.2
0.757 14.4
0.603 17.2
0.711 18.0
0.722 19.2
0.725 16.7
0.758 14.6
0.651 14.2
0.724 14.8
0.67 6.8
0.87 17.1
0.831 17.3
0.867 15.3
0.828 17.1
0.855 17.7
0.897 14.8
0.897 13.9
0.851 12.1
0.846 19.2
0.835 18.2
0.887 16.2
0.827 18.4
0.844 18.4
0.8 18.9
0.804 17.8
0.857 19.3
0.88 16.5
0.866 15.9
0.85 15.7
0.883 12.8
0.87 7.4
0.667 11.4
0.813 11.4
0.813 10.2
0.818 9.1
0.722 16.4
0.664 14.9
0.746 15.9
0.752 15.2
0.762 15.0
0.676 10.2
0.513 2.6
0.0 8.8
0.0 9.0
0.814 15.8
0.815 16.7
0.75 14.1
0.835 14.1
0.786 13.1
0.815 11.4
0.789 14.2
0.663 14.0
0.822 9.9
0.8 10.0
0.625 9.5
0.7 13.3
0.771 13.1
0.793 14.3
0.78 15.1
0.784 12.3
0.786 12.2
0.667 13.6
0.708 12.2
0.752 12.2
0.736 15.1
0.567 13.0
0.631 15.3
0.648 16.2
0.547 12.0
0.528 15.4
0.639 15.9
0.594 12.9
0.593 11.7
0.698 10.2
0.672 12.5
0.59 11.8
0.778 17.3
0.655 8.4
0.777 14.2
0.726 12.0
0.8 14.1
0.708 16.0
0.836 16.7
0.861 14.2
0.781 17.8
0.829 14.8
0.807 13.3
0.774 13.4
0.679 11.7
0.705 3.4
0.5 11.3
0.5 10.5
0.545 10.5
0.819 17.8
0.801 15.6
0.764 13.1
0.707 12.5
0.784 11.0
0.806 16.0
0.8 17.3
0.804 17.8
0.859 15.7
0.815 13.8
0.78 13.1
0.825 10.5
0.776 8.0
0.779 8.9
0.835 7.5
0.728 10.9
0.754 9.2
0.763 7.6
0.571 13.9
0.752 11.8
0.667 11.2
0.74 8.7
0.684 11.0
0.683 10.9
0.681 8.7
0.828 0.4
0.716 17.1
0.741 14.6
0.615 15.8
0.554 15.5
0.539 14.4
0.628 9.6
0.438 11.4
0.629 14.5
0.667 11.6
0.653 10.4
0.659 3.1
0.667 -6.2
0.336 18.6
0.423 17.2
0.45 17.3
0.49 17.4
0.428 17.5
0.416 14.6
0.408 12.0
0.426 12.2
0.422 15.8
0.406 12.3
0.333 10.7
0.778 13.7
0.766 19.3
0.734 18.5
0.735 17.8
0.736 16.4
0.697 17.6
0.743 15.7
0.788 17.2
0.767 14.9
0.772 13.1
0.8 14.5
0.81 15.9
0.774 14.5
0.741 8.7
0.79 13.3
0.795 14.5
0.768 14.6
0.736 9.0
0.703 24.4
0.749 20.9
0.607 17.2
0.711 18.6
0.794 18.4
0.756 16.0
0.638 10.7
0.663 18.4
0.741 15.7
0.722 13.0
0.754 15.9
0.75 16.6
0.679 8.9
0.561 14.4
0.799 11.3
0.734 15.1
0.781 12.6
0.753 11.8
0.857 9.6
0.807 6.6
0.567 14.9
0.539 14.8
0.68 11.8
0.5 6.8
0.894 15.6
0.88 9.2
0.826 10.1
0.787 15.2
0.699 11.9
0.785 13.2
0.677 5.9
0.882 11.6
0.69 9.4
0.818 10.3
0.752 13.8
0.736 16.7
0.782 11.4
0.714 8.8
0.731 13.1
0.75 12.5
0.76 10.7
0.696 6.8
0.737 11.4
0.789 15.1
0.792 17.1
0.84 16.9
0.837 15.4
0.792 15.0
0.867 15.0
0.913 12.7
0.741 15.7
0.676 15.6
0.555 14.7
0.684 13.2
0.639 14.7
0.657 12.5
0.857 10.5
0.732 9.7
0.786 14.4
0.593 6.8
0.875 14.3
0.795 12.4
0.765 13.1
0.77 13.1
0.784 11.7
0.637 20.0
0.805 15.7
0.79 14.4
0.731 14.7
0.799 8.1
0.776 12.7
0.769 16.1
0.747 12.5
0.614 14.9
0.615 8.0
0.75 15.8
0.667 17.6
0.736 18.2
0.733 23.5
0.922 15.2
0.675 18.5
0.74 18.8
0.719 15.6
0.748 12.1
0.688 11.2
0.676 11.0
0.617 12.5
0.734 11.7
0.718 14.8
0.569 14.4
0.659 14.0
0.733 13.9
0.662 12.2
0.564 6.6
0.281 2.5
0.5 4.0
0.8 16.1
0.737 11.6
0.724 11.5
0.9 16.3
0.8 9.9
0.802 10.5
0.758 14.2
0.929 11.5
0.605 10.4
0.824 9.8
0.92 7.3
0.476 5.9
0.923 3.3
0.786 14.0
0.55 14.4
0.589 18.5
0.689 14.1
0.775 18.6
0.791 16.0
0.748 21.3
0.814 23.8
0.82 24.0
0.844 18.2
0.771 18.9
0.75 18.7
0.739 10.8
0.784 9.9
0.5 3.9
0.833 5.5
0.722 14.1
0.818 16.8
0.804 11.3
0.799 15.6
0.774 14.4
0.795 12.8
0.784 -8.4
0.0 7.2
0.7 15.0
0.828 15.3
0.732 14.8
0.789 14.7
0.707 12.0
0.779 11.7
0.743 10.7
0.821 11.1
0.726 12.3
0.688 9.7
0.622 10.7
0.842 8.7
0.52 18.4
0.0 3.4
0.5 12.8
0.522 4.1
0.5 11.7
0.375 8.4
0.0 13.4
0.444 6.6
0.167 4.0
0.6 10.9
0.6 9.7
0.667 16.1
0.745 15.3
0.732 9.7
0.632 5.4
0.875 1.6
0.75 -4.3
0.5 7.4
0.6 8.8
0.625 12.5
0.63 9.7
0.707 13.6
0.668 15.7
0.683 10.4
0.574 11.7
0.545 13.7
0.44 10.1
0.408 11.5
0.516 7.9
0.337 12.8
0.589 11.1
0.441 8.8
0.75 17.4
0.786 -9.2
0.5 9.5
0.604 15.8
0.608 14.2
0.669 16.4
0.673 12.2
0.503 17.0
0.527 17.5
0.593 13.4
0.579 12.5
0.732 18.4
0.732 18.7
0.689 18.9
0.694 16.4
0.632 20.1
0.72 20.1
0.72 14.7
0.62 16.6
0.838 15.9
0.684 17.3
0.813 15.8
0.736 16.1
0.769 7.3
0.74 8.2
0.71 11.1
0.718 8.0
0.697 11.0
0.717 8.0
0.651 6.1
0.622 5.8
0.727 3.7
0.4 1.6
0.701 9.9
0.763 10.0
0.739 8.6
0.656 5.5
0.512 3.0
0.465 3.4
0.459 3.3
0.464 0.9
0.0 5.4
0.659 3.7
0.467 3.0
0.719 4.1
0.656 17.5
0.624 14.8
0.671 16.3
0.72 17.0
0.632 17.0
0.615 15.0
0.623 2.8
0.333 -1.9
0.2 6.7
0.367 10.4
0.6 6.3
0.0 11.5
0.542 10.6
0.558 12.5
0.543 9.7
0.333 7.8
0.222 5.4
0.364 6.8
0.167 6.6
0.753 12.5
0.791 12.6
0.849 12.7
0.737 -2.2
0.333 12.4
1.0 3.4
0.774 12.4
0.847 6.5
0.722 7.5
0.709 20.7
0.736 21.7
0.714 22.5
0.768 22.7
0.689 24.1
0.748 21.6
0.807 22.2
0.781 22.9
0.79 23.3
0.823 20.4
0.782 16.7
0.702 19.3
0.736 22.7
0.803 22.7
0.803 21.7
0.792 20.2
0.744 15.4
0.763 6.0
0.745 8.2
0.787 9.3
0.789 9.5
0.744 9.7
0.783 4.2
0.7 7.2
0.8 6.5
0.5 -9.1
0.606 13.5
0.633 17.2
0.585 16.5
0.609 13.8
0.585 14.2
0.548 18.3
0.735 14.9
0.476 16.1
0.62 11.7
0.362 12.9
0.469 8.7
0.585 13.4
0.409 11.2
0.333 14.7
0.479 13.9
0.514 12.3
0.49 8.6
0.667 9.0
0.5 13.1
0.587 11.3
0.66 10.0
0.723 6.3
0.625 5.1
0.556 45.3
1.0 12.5
0.571 11.8
0.732 14.4
0.811 16.6
0.752 19.8
0.837 13.3
0.837 8.6
0.813 9.7
0.829 5.5
0.713 16.6
0.743 18.1
0.763 16.6
0.844 18.9
0.812 13.8
0.733 17.4
0.798 15.4
0.805 13.1
0.735 12.4
0.759 11.1
0.694 10.3
0.717 11.8
0.741 11.3
0.684 11.3
0.684 9.7
0.667 8.3
0.774 11.6
0.774 13.9
0.75 15.1
0.75 17.9
0.791 19.5
0.748 17.3
0.834 18.2
0.826 19.3
0.818 16.4
0.802 18.4
0.849 14.1
0.82 15.5
0.815 14.1
0.801 14.1
0.801 12.0
0.831 12.8
0.79 19.3
0.768 21.1
0.8 22.6
0.79 24.4
0.784 20.7
0.699 14.3
0.728 17.2
0.77 16.8
0.785 18.2
0.744 16.6
0.744 18.3
0.785 14.7
0.787 10.0
0.588 3.8
0.667 -20.7
0.462 7.3
0.75 7.3
0.643 11.9
0.776 15.9
0.841 16.8
0.75 16.8
0.73 15.9
0.787 14.5
0.745 16.0
0.797 17.8
0.826 18.0
0.798 8.0
0.667 9.0
0.667 9.1
0.667 11.2
0.675 16.5
0.755 15.7
0.702 18.0
0.65 20.8
0.707 21.4
0.783 20.0
0.715 23.4
0.782 16.4
0.756 20.4
0.769 22.0
0.799 23.0
0.845 18.9
0.811 15.9
0.783 15.9
0.783 16.2
0.76 13.0
0.681 13.0
0.706 15.1
0.748 13.7
0.786 13.6
0.816 11.0
0.726 12.6
0.8 11.0
0.741 7.9
0.741 12.6
0.882 11.7
0.759 6.3
0.667 19.9
0.758 19.6
0.761 18.6
0.815 16.9
0.714 22.8
0.819 18.0
0.772 19.6
0.734 21.2
0.778 22.6
0.758 17.9
0.659 17.9
0.75 18.3
0.742 19.5
0.765 19.5
0.765 18.3
0.796 18.5
0.771 14.0
0.792 10.5
0.767 14.0
0.859 10.7
0.671 14.8
0.764 16.8
0.684 19.0
0.693 19.2
0.673 15.5
0.657 18.4
0.752 16.7
0.769 16.6
0.739 15.0
0.73 13.3
0.594 12.6
0.8 8.3
0.783 4.8
0.733 8.9
0.833 9.5
0.829 11.0
0.768 5.9
0.722 6.6
0.783 5.1
0.75 7.4
0.889 3.6
0.667 6.5
0.0 13.5
0.7 6.1
0.571 13.0
0.696 14.8
0.733 13.0
0.914 12.6
0.834 16.1
0.846 13.8
0.646 5.9
0.554 15.8
0.638 16.4
0.647 13.0
0.528 13.6
0.6 15.6
0.704 13.4
0.714 16.4
0.731 18.6
0.744 12.1
0.637 15.2
0.72 12.8
0.781 14.7
0.571 17.5
1.0 2.3
0.5 12.5
0.527 10.6
0.458 14.1
0.661 21.3
0.614 19.8
0.691 17.5
0.731 18.6
0.804 18.3
0.776 16.2
0.746 15.9
0.8 11.6
0.637 10.0
0.465 6.2
0.4 6.2
0.639 14.6
0.721 12.8
0.652 13.1
0.659 14.6
0.676 13.5
0.735 14.6
0.766 9.5
0.755 10.9
0.71 10.2
0.671 9.5
0.674 7.7
0.68 2.1
0.857 9.8
0.784 16.4
0.75 12.3
0.733 9.9
0.778 12.3
0.6 11.3
0.576 12.3
0.389 5.6
0.68 12.6
0.579 -8.0
0.0 11.9
0.771 20.8
0.768 19.2
0.698 21.4
0.723 24.1
0.685 21.9
0.738 17.2
0.698 21.3
0.742 18.8
0.701 19.7
0.693 17.1
0.731 14.4
0.767 16.4
0.627 16.4
0.766 6.2
0.75 13.1
0.811 14.6
0.792 10.3
0.745 14.3
0.794 11.3
0.754 9.7
0.78 10.0
0.824 10.7
0.756 15.8
0.862 17.0
0.87 18.3
0.863 20.7
0.901 18.8
0.858 13.7
0.838 14.2
0.773 11.7
0.813 12.4
0.833 12.2
0.84 9.3
0.902 9.3
0.902 11.3
0.731 14.0
0.762 10.3
0.771 10.8
0.693 10.8
0.644 8.8
0.839 11.8
0.782 10.7
0.841 6.2
0.667 4.8
0.808 9.0
0.786 14.9
0.833 10.4
1.0 12.2
0.792 12.5
0.804 13.5
0.799 15.2
0.897 14.6
0.804 11.8
0.871 11.3
0.808 9.3
0.78 15.1
0.741 14.5
0.779 12.5
0.778 14.1
0.784 17.3
0.834 14.4
0.815 13.1
0.842 14.6
0.8 16.6
0.811 13.6
0.82 12.6
0.854 11.6
0.805 11.6
0.805 9.1
0.784 10.1
0.703 11.1
0.595 10.5
0.575 14.3
0.667 5.2
0.66 9.0
0.552 6.0
0.519 9.9
0.561 13.0
0.534 12.5
0.53 13.5
0.497 11.0
0.467 10.4
0.594 11.4
0.45 12.4
0.545 9.2
0.507 12.8
0.509 11.7
0.554 11.7
0.619 11.7
0.518 17.0
0.492 18.1
0.538 17.2
0.461 11.9
0.467 10.7
0.524 12.2
0.544 10.5
0.4 9.9
0.37 -4.3
0.737 18.5
0.802 22.3
0.803 22.4
0.778 24.1
0.86 24.3
0.86 22.9
0.884 22.5
0.87 21.7
0.871 24.1
0.871 19.0
0.796 20.0
0.851 16.2
0.721 16.2
0.721 17.8
0.813 13.9
0.82 13.2
0.854 12.9
0.81 8.7
0.754 11.3
0.816 9.8
0.712 15.6
0.637 19.7
0.81 17.6
0.682 16.5
0.714 13.8
0.753 16.3
0.84 16.9
0.861 15.9
0.794 18.8
0.846 7.7
0.688 18.4
0.889 11.9
0.773 11.9
0.773 7.5
0.684 14.6
0.714 4.0
0.578 14.8
0.682 15.6
0.66 -54.4
0.0 17.8
0.689 11.1
0.551 18.8
0.723 18.9
0.704 20.4
0.711 18.6
0.673 17.0
0.729 16.6
0.583 14.3
0.604 14.3
0.604 16.8
0.578 18.9
0.59 -1.0
0.0 10.2
0.686 9.6
0.82 10.3
0.752 12.6
0.733 13.9
0.72 11.7
0.688 9.6
0.761 12.1
0.742 7.3
0.674 8.4
0.552 8.7
0.614 11.2
0.584 11.6
0.589 8.6
0.456 7.9
0.527 9.4
0.611 9.8
0.625 8.0
0.414 10.9
0.681 2.4
0.75 11.8
0.832 13.3
0.85 11.0
0.763 10.0
0.833 10.9
0.746 10.4
0.695 21.6
1.0 7.7
0.811 21.9
0.809 23.2
0.783 25.6
0.853 26.5
0.862 22.5
0.85 22.7
0.625 15.4
0.715 9.9
0.738 11.5
0.711 10.8
0.725 13.2
0.694 14.7
0.76 11.7
0.5 8.3
0.724 10.1
0.829 7.2
0.682 14.5
0.805 12.4
0.733 18.3
0.775 18.9
0.85 19.0
0.78 18.1
0.765 15.2
0.804 17.5
0.817 15.6
0.82 12.6
0.75 8.4
1.0 11.5
0.852 11.1
0.739 9.9
0.81 13.4
0.852 11.9
0.647 13.3
0.766 16.2
0.807 14.8
0.765 16.0
0.768 15.6
0.768 15.0
0.778 16.0
0.714 15.1
0.702 12.8
0.774 11.5
0.738 8.2
0.567 12.0
0.754 12.0
0.754 6.3
0.696 10.4
0.596 10.1
0.771 9.8
0.743 10.6
0.772 9.7
0.729 10.7
0.775 12.7
0.779 13.9
0.823 16.0
0.83 14.7
0.83 12.8
0.813 9.0
0.644 10.2
0.773 7.8
0.769 5.1
0.5 5.1
0.0 15.0
0.583 11.6
0.59 24.4
0.0 11.3
0.0 4.6
0.333 9.9
0.7 7.8
0.5 1.5
0.661 19.8
0.713 26.6
0.733 17.8
0.889 23.1
0.781 27.6
0.805 20.3
0.835 22.6
0.771 22.7
0.792 17.7
0.765 22.1
0.808 18.8
0.739 20.3
0.72 20.3
0.72 17.3
0.4 -12.1
0.738 7.1
0.793 2.7
0.571 8.3
0.8 8.6
0.681 5.0
0.759 12.6
0.743 10.9
0.763 9.8
0.5 15.3
0.7 13.6
0.611 17.3
0.732 16.6
0.684 16.3
0.645 13.3
0.564 12.0
0.5 18.0
0.562 12.4
0.615 15.3
0.787 14.4
0.833 11.0
0.75 5.8
0.61 12.7
0.786 8.6
0.667 10.7
0.854 0.3
0.35 9.4
0.633 7.7
0.0 12.4
0.777 16.7
0.796 22.0
0.808 22.1
0.808 21.1
0.786 19.0
0.793 22.2
0.83 21.7
0.838 21.1
0.804 24.8
0.83 24.4
0.848 21.5
0.797 21.5
0.797 20.3
0.829 17.9
0.756 12.3
0.742 13.6
0.803 11.3
0.8 12.6
0.771 7.8
0.611 15.3
0.828 6.8
0.77 12.8
0.797 15.1
0.755 18.4
0.845 15.8
0.822 19.4
0.881 14.0
0.877 15.3
0.796 14.0
0.815 13.5
0.756 11.5
0.795 15.3
0.784 15.3
0.784 11.7
0.839 11.5
0.705 9.0
0.603 10.7
0.681 14.7
0.732 12.9
0.747 12.6
0.743 13.6
0.74 14.6
0.779 15.5
0.742 15.5
0.744 12.0
0.733 11.3
0.779 11.3
0.779 11.7
0.804 10.3
0.821 8.4
0.805 14.5
0.791 9.9
0.672 12.0
0.766 14.4
0.84 11.6
0.75 7.5
0.867 8.5
0.778 11.7
0.771 11.0
0.767 9.5
0.707 9.5
0.707 9.8
0.631 10.4
0.727 10.7
0.683 9.2
0.746 10.9
0.736 9.7
0.912 7.7
0.74 9.0
0.656 4.8
0.4 6.7
0.647 9.9
0.778 9.4
0.701 17.5
0.76 23.2
0.816 22.6
0.785 23.8
0.844 22.1
0.817 25.0
0.797 19.4
0.815 18.9
0.821 20.0
0.798 19.0
0.82 19.8
0.772 19.8
0.772 20.2
0.667 11.6
0.66 16.9
0.815 9.9
0.667 14.7
0.855 13.9
0.821 14.6
0.904 10.7
0.804 5.5
0.84 7.1
1.0 12.2
0.769 5.6
0.789 2.9
0.75 14.1
0.757 15.6
0.832 14.8
0.723 8.6
0.905 7.6
0.833 2.4
0.714 11.6
0.625 5.8
0.0 17.0
0.769 14.6
0.737 14.9
0.754 11.6
0.7 11.6
0.698 12.8
0.721 9.6
0.607 11.7
0.684 8.1
0.739 9.2
1.0 11.4
0.824 13.6
0.602 10.0
0.74 17.3
0.731 13.0
0.683 12.0
0.744 14.4
0.687 12.8
0.769 13.9
0.683 11.2
0.629 11.9
0.723 14.1
0.739 12.7
0.774 12.7
0.774 14.0
0.737 9.0
0.5 6.7
0.629 11.8
0.617 10.4
0.341 7.4
0.333 15.0
0.25 17.8
0.667 10.7
0.57 10.1
0.662 11.2
0.775 6.9
0.703 10.3
0.846 5.5
0.4 8.9
0.839 6.3
0.885 12.4
0.84 9.4
0.64 3.5
0.75 6.7
0.5 8.4
0.728 9.6
0.776 8.6
0.8 10.3
0.667 12.8
0.757 11.1
0.729 12.8
0.833 10.8
0.78 13.9
0.857 11.8
0.719 7.1
0.824 7.9
0.824 7.9
0.667 10.3
0.765 15.5
0.791 13.7
0.789 13.7
0.68 12.7
0.81 13.1
0.753 14.6
0.762 12.7
0.8 10.9
0.814 9.9
0.711 10.5
0.568 10.6
0.703 10.6
0.703 9.1
0.75 8.8
0.786 11.1
0.839 12.2
0.833 10.7
0.845 13.0
0.75 10.8
0.692 9.7
0.804 15.3
0.792 15.5
0.815 17.0
0.835 13.1
0.831 13.9
0.791 11.6
0.752 12.3
0.841 9.2
0.781 10.8
0.714 10.8
0.76 6.8
0.7 6.8
0.7 7.2
0.703 15.8
0.733 19.3
0.734 20.0
0.827 18.3
0.813 17.0
0.782 12.7
0.784 9.2
0.617 10.5
0.773 9.5
0.442 12.2
0.754 25.7
0.75 28.1
0.738 24.5
0.698 29.1
0.712 31.7
0.78 31.1
0.767 27.3
0.759 30.7
0.771 31.6
0.753 29.3
0.75 25.9
0.71 25.9
0.71 27.5
0.731 27.0
0.438 0.4
0.595 -3.4
0.0 10.1
0.667 14.0
0.811 8.2
1.0 3.4
0.455 9.6
0.688 8.0
0.645 9.6
0.793 13.5
0.667 9.0
0.728 10.8
0.77 13.7
0.767 10.3
0.838 6.4
1.0 10.5
0.855 13.2
0.851 10.8
0.877 13.6
0.878 8.4
0.839 8.8
0.821 11.1
0.833 9.7
0.833 8.1
0.5 15.4
0.636 11.1
0.848 11.1
0.848 11.6
0.808 11.1
0.697 13.1
0.661 15.0
0.77 12.9
0.741 17.5
0.762 14.4
0.68 16.5
0.749 15.7
0.754 15.3
0.785 16.3
0.788 17.0
0.765 17.3
0.706 17.3
0.706 11.1
0.833 11.8
0.824 9.0
0.848 13.8
0.892 10.8
0.86 8.9
0.81 8.4
0.6 1.6
0.5 4.5
0.792 12.8
0.854 12.3
0.849 14.2
0.914 12.8
0.915 12.1
0.882 13.9
0.796 13.0
0.885 13.6
0.833 13.9
0.859 13.5
0.926 14.8
0.898 14.8
0.898 9.7
0.833 12.1
0.769 7.3
0.682 -4.4
0.863 12.9
0.767 10.4
0.767 8.6
0.797 10.2
0.583 4.7
0.708 15.2
0.56 13.8
0.613 11.0
0.554 13.8
0.562 12.8
0.536 12.2
0.557 9.0
0.432 -30.2
0.5 15.4
0.653 12.9
0.697 15.3
0.79 15.7
0.741 15.1
0.723 13.3
0.831 8.8
0.772 9.6
0.674 13.0
0.731 10.4
0.644 14.4
0.746 15.0
0.735 16.8
0.786 11.0
0.706 14.1
0.709 13.1
0.65 12.4
0.754 14.0
0.741 13.1
0.757 14.0
0.846 15.6
0.788 15.6
0.788 16.2
0.768 16.1
0.774 9.0
0.688 6.9
0.653 12.1
0.794 7.2
0.688 8.6
0.463 5.4
0.385 6.0
0.6 6.7
0.375 6.2
0.0 -4.3
0.667 11.2
0.638 13.2
0.615 9.5
0.6 13.3
0.623 13.2
0.6 15.0
0.582 9.6
0.556 8.7
0.652 8.2
0.611 6.3
0.552 7.0
0.506 7.0
0.506 6.0
0.693 14.2
0.698 10.0
0.608 13.0
0.648 12.7
0.673 11.6
0.709 11.9
0.633 9.8
0.684 8.5
0.645 6.0
0.633 12.5
0.697 6.9
0.823 14.6
0.883 16.0
0.877 13.7
0.805 11.3
0.857 12.9
0.869 17.7
0.907 15.0
0.883 13.6
0.891 13.0
0.848 9.0
0.654 10.0
0.857 10.0
0.75 5.2
0.807 14.9
0.847 13.6
0.817 13.6
0.852 11.8
0.918 13.9
0.889 11.6
0.811 1.2
0.724 16.4
0.749 13.9
0.652 10.9
0.747 23.1
0.762 27.6
0.783 28.9
0.807 21.5
0.758 30.4
0.765 28.0
0.761 25.6
0.758 26.3
0.791 24.0
0.725 22.0
0.733 21.4
0.768 21.4
0.768 20.3
0.793 18.5
0.705 11.4
0.708 11.6
0.75 14.7
0.745 12.3
0.706 11.3
0.719 9.7
0.5 5.1
0.7 3.4
0.0 11.3
0.713 11.1
0.68 19.7
0.843 18.9
0.824 19.9
0.85 18.9
0.884 18.9
0.865 20.4
0.807 17.8
0.807 20.1
0.768 17.5
0.789 16.0
0.739 16.0
0.739 17.6
0.788 16.6
0.786 14.1
0.85 15.0
0.85 16.3
0.855 17.0
0.856 17.2
0.912 16.1
0.894 13.9
0.853 15.0
0.9 14.4
0.882 11.8
0.876 15.4
0.872 15.4
0.872 12.4
0.737 12.9
0.746 17.0
0.784 10.7
0.762 12.9
0.725 14.2
0.605 18.3
0.753 15.7
0.8 13.2
0.717 15.6
0.628 14.6
0.627 14.6
0.627 12.9
0.652 13.3
0.782 4.5
0.536 8.3
0.695 11.8
0.606 16.2
0.62 16.1
0.653 15.5
0.71 13.3
0.649 11.3
0.701 14.2
0.775 14.0
0.821 15.8
0.772 12.7
0.853 12.7
0.853 12.9
0.783 12.4
0.737 11.3
0.75 8.2
0.0 12.5
0.475 13.6
0.306 16.2
0.521 19.2
0.62 19.1
0.551 13.0
0.16 12.1
0.323 8.8
0.111 7.7
0.308 2.4
0.789 13.7
0.829 16.4
0.711 12.4
0.864 15.0
0.739 14.9
0.729 13.5
0.744 13.2
0.762 11.8
0.733 11.2
0.75 10.1
0.811 10.1
0.811 14.1
0.737 5.1
1.0 14.8
0.753 9.6
0.823 15.8
0.766 16.2
0.795 17.8
0.703 14.0
0.699 14.2
0.774 15.0
0.737 14.8
0.721 13.1
0.692 10.8
0.753 12.1
0.71 13.6
0.769 11.8
0.71 11.2
0.692 11.2
0.692 7.7
0.697 12.9
0.575 10.6
0.672 12.8
0.787 13.6
0.741 15.8
0.75 18.7
0.777 17.0
0.77 14.7
0.796 16.1
0.764 15.5
0.753 14.1
0.77 15.1
0.816 15.2
0.791 15.5
0.761 15.5
0.761 15.0
0.755 10.1
0.731 12.9
0.818 11.9
0.752 11.1
0.813 12.2
0.856 10.7
0.716 5.6
0.56 8.4
0.81 8.0
0.5 6.4
0.863 14.5
0.787 18.2
0.864 16.4
0.908 17.0
0.864 14.0
0.861 12.4
0.85 13.5
0.86 12.7
0.843 6.4
0.81 10.6
0.836 10.6
0.757 17.4
0.716 16.0
0.824 17.5
0.824 21.6
0.82 16.2
0.798 17.2
0.833 16.0
0.746 14.6
0.727 14.6
0.8 14.8
0.815 14.8
0.815 13.1
0.721 13.8
0.571 11.8
0.511 7.0
0.5 8.6
0.671 19.3
0.595 21.1
0.586 22.9
0.59 25.4
0.594 24.0
0.592 26.1
0.596 24.2
0.491 19.4
0.492 21.3
0.547 19.2
0.528 19.2
0.528 18.9
0.489 20.8
0.436 10.3
0.523 13.5
0.671 15.7
0.605 16.3
0.792 15.1
0.668 17.8
0.665 17.9
0.752 13.6
0.789 18.2
0.813 15.4
0.744 15.4
0.744 13.1
0.798 13.6
0.743 14.8
0.754 18.1
0.82 19.0
0.721 18.4
0.724 17.8
0.733 17.2
0.693 17.6
0.617 15.2
0.574 13.7
0.652 12.3
0.596 12.3
0.596 12.2
0.614 14.3
0.75 13.4
0.5 7.2
0.875 9.4
0.417 13.9
0.875 11.6
0.474 9.7
0.701 8.4
0.727 9.6
0.686 8.8
0.726 7.6
0.791 11.0
0.75 8.2
1.0 4.7
0.125 8.1
0.563 -16.5
0.833 7.9
0.788 10.3
0.556 9.1
0.63 16.2
0.642 19.8
0.681 22.7
0.721 23.1
0.738 19.0
0.68 20.1
0.761 22.8
0.774 20.9
0.77 22.7
0.69 19.7
0.655 19.7
0.655 18.2
0.649 18.9
0.558 8.9
0.548 11.5
0.694 9.5
0.731 9.7
0.725 14.4
0.698 16.9
0.711 8.5
0.754 13.6
0.797 13.7
0.717 13.1
0.746 10.2
0.688 13.7
0.655 14.8
0.847 20.1
0.844 21.0
0.869 19.2
0.867 17.0
0.876 21.4
0.888 16.5
0.894 16.0
0.89 16.3
0.891 16.7
0.881 16.7
0.881 11.5
0.682 19.5
0.779 13.9
0.828 15.5
0.828 20.6
0.887 15.5
0.845 15.4
0.802 14.6
0.807 14.4
0.873 13.9
0.857 12.1
0.667 12.1
0.667 9.5
0.857 11.5
0.766 16.1
0.843 15.6
0.848 13.6
0.807 12.2
0.792 11.1
0.717 10.1
0.803 1.8
0.609 14.9
0.656 20.1
0.593 17.4
0.57 18.0
0.593 16.5
0.562 16.0
0.562 15.1
0.514 15.8
0.5 2.3
0.733 7.9
0.725 6.3
0.692 12.0
0.791 7.6
0.673 7.4
0.76 10.5
0.782 7.6
0.667 6.9
0.81 3.0
0.571 3.7
0.545 6.9
0.688 12.7
0.689 12.7
0.822 15.6
0.81 18.1
0.719 16.8
0.754 15.0
0.706 16.4
0.738 15.2
0.709 17.6
0.762 14.0
0.652 13.6
0.75 13.6
0.75 12.4
0.634 8.1
0.688 15.5
0.719 18.3
0.693 19.0
0.71 17.2
0.588 21.0
0.618 19.2
0.725 21.1
0.63 17.7
0.517 14.1
0.532 14.9
0.498 14.9
0.498 10.6
0.667 14.6
0.735 12.2
0.653 13.3
0.593 9.5
0.719 16.4
0.5 9.2
0.556 12.7
0.789 13.0
0.743 8.6
0.818 10.4
0.743 10.8
0.819 10.3
0.784 10.5
0.733 13.2
0.791 10.9
0.778 9.8
0.333 5.4
0.587 3.4
0.753 15.3
0.78 10.3
0.883 13.3
0.85 12.3
0.82 15.7
0.837 15.7
0.864 13.1
0.709 14.2
0.816 12.7
0.833 15.4
0.853 15.4
0.853 9.5
0.9 16.2
0.535 14.8
0.513 14.4
0.616 12.0
0.598 14.6
0.616 15.8
0.663 15.2
0.667 18.9
0.672 21.7
0.755 17.0
0.681 17.7
0.733 17.7
0.733 11.1
0.64 9.4
0.64 5.9
0.947 8.4
0.885 11.7
0.878 15.1
0.835 12.6
0.921 11.4
0.848 12.3
0.704 15.1
0.851 14.0
0.853 12.1
0.736 14.1
0.833 13.8
0.81 12.3
0.867 15.3
0.618 13.1
0.84 13.1
0.882 11.3
0.736 8.3
0.804 11.5
0.798 11.4
0.714 6.9
0.63 12.5
1.0 13.2
0.882 12.7
0.744 14.4
0.826 3.7
0.333 14.5
0.884 15.0
0.789 15.0
0.816 16.0
0.851 11.9
0.754 13.4
0.81 13.4
0.805 10.1
0.75 6.6
0.944 9.4
0.632 7.2
0.75 15.9
0.822 16.4
0.867 16.5
0.825 15.9
0.815 14.1
0.81 12.3
0.86 15.0
0.858 16.3
0.79 16.3
0.79 17.4
0.845 19.7
0.623 12.5
0.833 12.1
0.612 15.5
0.695 15.0
0.704 17.6
0.744 16.9
0.777 10.6
0.673 21.9
0.685 18.8
0.629 15.5
0.577 17.5
0.587 16.2
0.571 20.7
0.629 16.7
0.442 14.9
0.609 13.8
0.5 17.0
0.344 15.8
0.524 15.8
0.524 15.9
0.48 9.3
0.296 15.4
0.668 22.6
0.695 20.0
0.707 20.2
0.739 21.1
0.66 22.9
0.848 19.1
0.818 20.5
0.908 18.8
0.981 16.5
0.798 16.3
0.854 16.7
0.882 18.8
0.9 15.2
0.825 11.3
0.906 11.3
0.906 12.3
0.875 8.9
0.833 11.6
0.8 12.2
0.901 13.7
0.8 7.6
0.81 14.9
0.8 17.2
0.851 20.3
0.712 15.0
0.763 19.0
0.767 14.5
0.83 16.7
0.753 18.6
0.789 17.5
0.796 16.2
0.773 16.8
0.788 16.5
0.752 16.5
0.752 13.7
0.786 9.9
0.783 9.3
0.725 13.5
0.797 13.8
0.8 13.7
0.805 15.2
0.763 16.6
0.805 13.4
0.806 15.2
0.789 12.9
0.721 12.4
0.8 12.4
0.8 11.9
0.847 10.9
0.825 10.5
0.787 14.8
0.78 10.0
0.722 15.0
0.81 12.8
0.832 14.9
0.772 11.7
0.833 15.1
0.779 14.1
0.82 12.4
0.882 13.5
0.855 10.7
0.8 11.0
0.857 9.3
0.526 3.6
0.25 3.6
0.752 13.7
0.811 15.7
0.83 12.5
0.807 12.1
0.825 9.0
0.718 4.4
0.812 12.9
0.84 10.3
0.844 11.9
0.825 10.6
0.74 7.7
0.933 5.4
0.889 21.9
0.75 8.5
0.806 11.2
0.646 4.4
0.777 13.9
0.803 16.7
0.852 21.8
0.878 19.8
0.848 17.8
0.848 18.6
0.873 4.0
0.625 10.9
0.94 8.6
0.757 8.6
0.784 12.0
0.805 8.7
0.829 11.4
0.662 6.5
0.6 -3.3
0.644 13.9
0.618 11.2
0.458 7.8
0.368 11.7
0.545 16.2
0.662 8.9
0.667 10.7
0.625 10.0
0.8 10.4
0.545 10.4
0.545 1.6
0.699 13.7
0.79 13.6
0.815 9.9
0.792 11.5
0.828 11.7
0.375 14.0
0.8 14.5
0.871 13.0
0.867 13.1
0.852 16.3
0.842 14.2
0.85 17.9
0.872 15.9
0.843 11.5
0.839 14.6
0.881 14.6
0.881 14.5
0.893 7.7
0.91 12.4
1.0 20.6
0.786 17.5
0.673 13.5
0.657 16.7
0.638 17.6
0.788 14.4
0.69 17.3
0.727 15.4
0.636 15.4
0.612 15.4
0.612 16.0
0.57 15.0
0.462 -0.5
0.5 11.1
0.483 8.0
0.667 1.4
0.704 11.1
0.852 14.4
0.77 13.2
0.7 8.0
0.577 20.2
0.815 18.0
0.819 19.0
0.755 22.2
0.812 17.8
0.787 19.7
0.782 19.2
0.797 19.1
0.78 17.8
0.654 17.8
0.654 19.6
0.763 18.5
0.0 11.8
0.759 6.7
0.333 14.4
0.526 16.7
0.633 15.8
0.532 14.0
0.574 9.4
0.515 11.7
0.547 11.3
0.621 8.1
0.484 10.4
0.577 10.4
0.766 19.1
0.736 7.2
0.69 14.6
0.748 13.0
0.75 2.8
0.609 14.2
0.788 11.8
0.876 10.8
0.695 14.4
0.811 12.4
0.794 15.3
0.869 16.0
0.853 14.1
0.807 14.1
0.807 14.0
0.75 13.8
0.556 11.9
0.647 13.8
0.607 10.6
0.571 5.7
0.765 0.8
0.847 22.0
0.818 28.3
0.851 30.0
0.868 23.7
0.847 23.7
0.878 27.0
0.861 26.4
0.885 25.9
0.855 26.0
0.9 26.0
0.9 26.2
0.896 26.2
0.627 11.6
0.649 10.0
0.736 8.1
0.552 10.7
0.667 9.9
0.536 10.3
0.838 11.0
0.8 9.6
0.714 10.7
0.724 9.9
0.76 6.7
0.645 8.0
1.0 10.5
0.673 12.3
0.684 8.5
0.756 10.3
0.695 5.5
0.744 8.4
0.8 6.8
0.708 7.6
0.692 10.2
0.8 10.2
0.8 9.6
0.756 5.9
0.606 15.3
0.545 15.6
0.0 19.4
0.25 6.2
1.0 11.4
0.478 13.4
0.752 15.2
0.777 15.3
0.786 18.9
0.841 16.3
0.746 10.0
0.818 18.0
0.832 17.4
0.799 15.6
0.835 10.6
0.674 10.6
0.674 2.6
0.308 3.9
0.882 6.3
0.78 11.9
0.9 11.4
0.897 11.1
0.698 10.3
1.0 11.6
0.556 15.5
0.664 15.0
0.753 14.5
0.79 12.6
0.474 13.6
0.622 12.3
0.591 9.4
0.365 13.9
0.42 4.3
0.0 4.3
0.706 15.8
0.82 14.9
0.783 18.6
0.838 16.0
0.815 15.9
0.767 16.2
0.857 14.0
0.551 12.7
0.571 17.4
0.571 17.4
0.571 11.9
0.75 -40.7
0.0 1.0
0.667 14.7
0.661 15.9
0.771 16.2
0.704 16.9
0.711 15.6
0.737 16.5
0.721 13.1
0.768 11.5
0.859 9.9
0.705 12.0
0.735 -8.4
0.0 12.5
0.813 12.4
0.77 10.0
0.792 13.9
0.848 11.5
0.84 5.9
0.75 5.9
0.704 17.1
0.767 20.8
0.803 21.1
0.849 20.6
0.801 21.1
0.845 20.3
0.843 20.3
0.859 17.6
0.801 15.7
0.834 15.7
0.834 14.6
0.869 14.0
0.615 14.6
0.696 16.7
0.783 16.3
0.79 18.2
0.824 18.9
0.823 20.2
0.812 15.9
0.868 14.2
0.849 19.9
0.861 19.9
0.861 17.7
0.83 21.4
0.747 12.2
0.815 14.5
0.822 16.0
0.806 13.0
0.819 13.5
0.845 15.8
0.788 10.9
0.778 14.0
0.781 11.8
0.713 11.8
0.713 16.8
0.833 13.7
0.5 8.1
0.603 8.4
0.687 8.6
0.747 8.6
0.688 -4.8
0.875 13.8
0.606 1.8
0.5 2.2
0.722 18.5
0.762 19.1
0.781 18.2
0.757 21.5
0.791 22.7
0.814 20.4
0.81 21.8
0.822 22.8
0.845 22.8
0.845 22.4
0.858 18.6
0.4 7.4
0.286 13.3
0.442 14.4
0.545 11.5
0.391 11.5
0.427 9.3
0.333 9.1
0.25 11.8
0.471 11.8
0.471 6.7
0.597 7.7
0.629 10.7
0.633 6.9
0.469 8.8
0.0 10.8
0.782 13.5
0.717 14.7
0.808 19.8
0.567 11.5
0.432 16.8
0.646 6.6
0.333 9.3
0.75 14.3
0.667 11.7
0.8 13.4
0.753 12.8
0.844 14.8
0.847 14.9
0.776 14.1
0.824 10.6
0.84 14.6
0.831 15.5
0.774 16.4
0.82 17.9
0.873 11.2
0.844 14.5
0.824 16.6
0.813 16.6
0.813 11.8
0.544 14.8
0.456 13.3
0.376 13.7
0.675 18.4
0.759 16.1
0.702 12.5
0.639 13.8
0.654 12.3
0.56 10.0
0.41 3.4
0.6 13.5
0.449 -1.5
0.714 6.3
0.586 12.9
0.821 12.4
0.818 13.6
0.911 13.6
0.808 13.1
0.784 4.7
0.714 4.4
0.75 4.4
0.609 12.1
0.679 12.1
0.758 12.7
0.825 10.8
0.585 5.9
0.605 9.5
0.609 5.7
0.7 9.0
0.6 10.7
0.794 33.3
0.66 8.1
0.71 6.4
0.526 -3.7
0.733 9.7
0.923 10.2
0.711 15.4
0.679 9.9
0.584 12.3
0.671 14.1
0.82 17.4
0.854 12.7
0.815 13.7
0.846 13.2
0.89 11.4
0.893 13.5
0.859 11.7
0.819 13.3
0.849 11.0
0.818 11.0
0.818 7.6
0.824 7.3
0.731 10.4
0.727 17.4
0.785 15.3
0.767 16.2
0.753 17.8
0.805 17.8
0.791 15.6
0.814 18.3
0.822 19.7
0.858 19.7
0.858 15.5
0.78 17.9
0.805 10.5
0.718 11.7
0.81 10.1
0.767 11.3
0.694 13.2
0.822 9.2
0.791 7.7
0.774 13.2
0.84 11.4
0.6 11.4
0.671 12.9
0.597 11.0
0.69 10.7
0.681 6.9
0.52 11.3
0.75 11.9
0.625 13.1
0.574 13.1
0.574 12.3
0.661 8.9
0.561 9.9
0.787 6.8
0.55 12.0
0.716 9.9
0.718 8.5
0.661 9.1
0.826 -5.7
0.0 5.8
0.796 10.3
0.833 11.0
0.893 14.3
0.698 14.4
0.801 15.5
0.827 16.5
0.765 18.8
0.864 17.5
0.795 20.1
0.813 19.3
0.808 19.3
0.808 22.2
0.811 22.9
0.673 16.1
0.677 18.6
0.699 16.7
0.693 19.8
0.757 21.8
0.792 19.8
0.742 19.8
0.731 20.0
0.757 20.0
0.757 21.3
0.757 17.8
0.333 4.3
0.483 1.8
1.0 14.6
1.0 17.3
0.75 13.5
0.913 8.3
0.778 17.8
1.0 15.9
0.846 11.3
0.909 11.1
1.0 8.6
0.0 8.6
0.0 14.4
1.0 1.3
0.647 14.0
0.6 11.8
0.55 9.9
0.835 14.4
0.816 12.1
0.834 9.9
0.789 10.5
0.779 10.9
0.736 20.9
0.71 17.2
0.689 10.2
0.587 15.0
0.676 13.8
0.867 12.9
0.81 9.3
1.0 7.5
0.9 12.7
0.794 9.9
0.871 15.0
0.86 12.8
0.875 15.1
0.911 14.7
0.9 16.6
0.915 16.2
0.901 16.2
0.901 17.5
0.888 14.8
0.0 4.2
1.0 2.8
0.808 9.0
0.658 12.5
0.792 14.8
0.647 15.6
0.611 18.8
0.642 19.1
0.621 17.1
0.568 17.5
0.597 18.1
0.645 15.3
0.627 13.5
0.397 13.5
0.397 16.9
0.58 13.6
0.838 19.4
0.753 24.0
0.824 21.3
0.78 13.9
0.511 11.4
0.721 12.1
0.836 9.8
0.674 10.4
0.747 9.8
0.884 12.8
0.826 10.4
0.768 13.8
0.776 13.8
0.776 12.4
0.626 11.9
0.586 18.2
0.471 32.9
0.485 0.0
0.0 10.8
0.624 16.7
0.665 16.9
0.677 16.9
0.635 15.4
0.735 13.6
0.606 14.6
0.741 15.9
0.783 16.8
0.686 18.2
0.787 9.0
0.759 9.6
0.714 11.6
0.365 13.2
0.847 11.0
0.787 3.7
0.333 10.6
0.55 12.8
0.717 7.5
0.764 11.9
0.676 13.7
0.73 14.1
0.765 12.3
0.773 11.9
0.782 8.9
0.817 10.9
0.735 13.6
0.847 14.7
0.798 13.0
0.857 16.0
0.815 10.7
0.843 10.7
0.843 10.9
0.84 8.9
0.968 12.9
0.667 7.3
0.592 9.3
0.652 10.2
0.717 7.3
0.644 10.3
0.69 10.4
0.607 8.1
0.5 14.7
0.682 14.7
0.682 14.1
0.75 11.6
0.778 11.8
0.769 12.6
0.835 12.1
0.784 11.9
0.783 10.4
0.839 15.0
0.847 12.4
0.848 12.4
0.848 9.4
0.833 13.3
0.8 11.2
0.737 12.1
0.648 11.0
0.708 13.7
0.692 14.7
0.69 12.7
0.718 13.9
0.743 13.9
0.743 9.9
0.75 9.1
0.857 12.9
0.866 16.0
0.822 13.1
0.63 12.9
0.795 13.7
0.806 14.6
0.807 9.0
0.833 16.6
0.793 12.4
0.724 13.2
0.775 13.2
0.732 14.3
0.817 13.9
0.743 15.9
0.733 16.8
0.861 18.3
0.83 20.0
0.815 18.6
0.859 18.6
0.859 19.4
0.834 23.2
0.825 10.3
0.875 7.5
0.84 12.8
0.8 9.2
0.636 5.8
0.692 10.4
0.643 12.3
0.66 10.7
0.73 11.5
0.696 12.8
0.736 13.2
0.683 15.0
0.718 13.1
0.693 10.8
0.632 10.8
0.737 13.5
0.676 13.6
0.754 15.6
0.743 15.4
0.726 14.9
0.796 8.9
0.655 12.3
0.716 12.3
0.716 11.7
0.735 10.6
0.873 20.8
0.863 26.2
0.9 23.6
0.88 26.2
0.86 28.3
0.905 29.8
0.873 27.6
0.854 27.6
0.854 28.2
0.898 27.6
0.5 13.0
0.333 9.7
0.421 5.8
0.391 29.8
0.0 1.5
0.667 17.0
0.578 13.9
0.68 17.8
0.725 21.2
0.649 15.4
0.652 17.6
0.686 18.2
0.703 18.2
0.703 19.0
0.705 15.4
0.566 11.5
0.576 16.6
0.714 11.0
0.5 11.1
0.532 9.0
0.523 7.8
0.744 13.9
0.788 13.8
0.74 12.9
0.655 13.0
0.662 13.8
0.689 12.8
0.534 18.1
0.727 16.0
0.777 15.7
0.783 9.8
0.647 9.8
0.647 12.4
0.831 15.6
0.731 17.0
0.727 19.4
0.789 20.7
0.798 19.0
0.733 19.8
0.644 22.0
0.682 21.4
0.759 21.4
0.759 19.4
0.798 17.7
0.841 10.9
0.772 12.3
0.798 10.1
0.681 10.4
0.661 17.7
0.813 19.0
0.806 14.8
0.74 18.2
0.799 17.5
0.817 11.2
0.824 14.9
0.82 14.9
0.82 22.4
0.792 10.6
0.817 16.0
0.776 9.9
0.438 10.8
0.725 3.8
0.0 10.4
0.769 11.8
0.736 7.7
0.0 12.5
0.769 14.8
0.5 16.0
0.739 10.9
0.639 12.7
0.765 13.8
0.729 10.2
0.615 10.2
0.615 9.9
0.7 9.8
0.741 13.3
0.85 12.6
0.8 10.1
0.882 3.4
0.0 8.8
0.691 16.5
0.676 17.9
0.744 18.8
0.739 19.6
0.748 18.1
0.751 20.0
0.737 15.3
0.603 15.3
0.603 14.1
0.489 15.2
0.645 14.5
0.828 12.0
0.5 7.6
0.5 5.3
0.668 17.0
0.76 17.2
0.779 18.4
0.738 15.4
0.773 16.7
0.787 13.4
0.728 16.8
0.699 16.8
0.699 13.6
0.726 13.9
0.78 17.6
0.794 12.9
0.717 19.0
0.823 16.7
0.782 17.7
0.839 16.0
0.807 11.1
0.769 11.1
0.769 15.9
0.756 12.4
0.0 12.8
0.814 14.8
0.803 15.6
0.833 18.4
0.866 17.6
0.834 13.0
0.783 14.0
0.836 15.4
0.819 15.4
0.819 12.6
0.829 9.5
0.743 12.6
0.754 11.8
0.725 11.7
0.833 13.0
0.788 13.4
0.793 14.2
0.87 13.8
0.771 12.8
0.742 13.3
0.808 13.9
0.78 13.0
0.784 15.4
0.826 15.4
0.826 8.6
0.872 9.3
0.654 10.0
0.467 9.9
0.6 9.1
0.609 8.8
0.625 7.0
0.675 18.7
0.635 12.6
0.567 11.8
0.61 12.1
0.815 13.1
0.85 10.7
0.8 14.5
0.816 12.9
0.852 13.3
0.82 16.0
0.825 14.2
0.892 14.2
0.892 9.1
0.829 14.1
0.738 15.3
0.735 14.0
0.691 18.4
0.707 18.9
0.771 18.2
0.574 16.6
0.712 15.7
0.655 15.7
0.655 17.5
0.644 14.9
0.714 6.3
0.0 12.2
0.699 2.8
0.845 18.1
0.866 19.0
0.812 21.2
0.877 18.1
0.844 18.8
0.952 15.6
0.854 15.6
0.854 17.2
0.873 13.5
0.667 10.5
0.567 15.7
0.893 11.2
0.779 15.9
0.906 14.1
0.875 11.0
0.838 16.2
0.885 13.9
0.868 13.9
0.868 13.9
0.805 11.0
0.808 17.3
0.843 14.8
0.841 17.3
0.836 15.7
0.848 15.8
0.803 13.1
0.857 13.1
0.857 15.6
0.849 15.8
0.806 14.3
0.831 14.1
0.806 17.7
0.852 13.5
0.836 12.0
0.797 11.1
0.883 11.1
0.883 12.4
0.778 8.7
0.772 16.1
0.8 15.5
0.753 13.0
0.642 10.8
0.746 16.8
0.772 10.6
0.769 10.6
0.769 22.5
0.776 17.8
0.791 9.3
0.767 10.7
0.745 10.3
0.871 13.0
0.792 13.3
0.795 14.0
0.742 11.7
0.774 11.7
0.774 17.3
0.0 9.8
0.417 14.2
0.823 11.5
0.847 11.5
0.769 14.8
0.736 13.2
0.624 18.0
0.805 17.5
0.748 21.4
0.76 17.4
0.774 17.4
0.774 15.5
0.727 19.8
0.839 13.1
0.867 13.4
0.863 13.3
0.963 14.8
0.818 15.7
0.862 16.5
0.871 16.7
0.733 19.3
0.67 16.8
0.748 18.4
0.748 19.5
0.848 18.2
0.768 21.7
0.795 21.7
0.795 17.7
0.829 20.3
0.0 9.2
0.854 14.1
0.742 18.5
0.825 19.2
0.754 15.4
0.842 14.9
0.785 12.7
0.805 12.7
0.805 13.5
0.888 13.2
0.853 11.6
0.643 9.7
0.662 11.8
0.6 7.2
0.737 19.7
0.652 16.3
0.692 10.2
0.286 11.6
0.667 16.2
0.754 15.9
0.745 19.3
0.711 17.3
0.741 13.5
0.77 15.4
0.824 15.4
0.824 11.2
0.807 13.5
0.672 15.2
0.681 15.6
0.673 14.9
0.642 19.7
0.679 16.2
0.517 14.3
0.577 14.3
0.577 16.8
0.781 14.7
0.772 14.6
0.863 15.7
0.778 16.6
0.817 13.4
0.807 21.5
0.79 21.5
0.79 13.2
0.76 19.3
0.0 7.9
0.686 -0.1
0.667 12.3
0.0 11.0
0.385 12.7
0.375 14.8
0.452 16.4
0.525 17.2
0.386 18.2
0.428 21.0
0.397 21.0
0.397 20.6
0.43 21.8
0.706 7.7
0.6 12.6
0.558 17.3
0.6 17.2
0.558 16.5
0.645 14.2
0.647 14.2
0.647 15.1
0.548 13.8
0.83 12.8
0.869 12.6
0.792 12.6
0.826 11.7
0.861 13.8
0.884 11.5
0.86 11.5
0.86 11.5
0.839 12.2
0.793 20.1
0.817 19.3
0.787 21.9
0.625 24.7
0.758 25.4
0.817 22.7
0.814 22.7
0.814 21.7
0.787 20.4
0.691 17.6
0.704 13.9
0.74 15.2
0.714 18.9
0.778 17.7
0.818 16.2
0.772 16.2
0.772 17.6
0.795 14.4
0.789 20.7
0.815 24.3
0.85 25.4
0.824 17.9
0.704 26.9
0.821 18.8
0.804 18.8
0.804 19.0
0.822 21.1
0.8 9.0
0.8 11.7
0.7 12.8
0.579 9.7
0.714 11.0
0.738 1.6
0.0 1.6
0.879 14.6
0.809 12.6
0.756 14.7
0.773 13.9
0.82 11.2
0.864 13.5
0.827 13.5
0.827 7.7
0.729 11.8
0.699 11.5
0.707 13.9
0.641 9.1
0.571 8.3
0.687 10.6
0.589 10.6
0.589 7.3
0.526 10.2
0.66 17.0
0.638 17.4
0.583 19.9
0.461 20.7
0.591 10.2
1.0 14.4
0.667 14.4
0.667 19.9
0.5 25.2
0.87 14.0
0.886 12.1
0.897 13.1
0.933 12.0
0.909 13.9
0.828 14.8
0.888 14.8
0.888 10.7
0.744 10.1
0.637 23.1
0.716 18.7
0.801 16.2
0.674 17.6
0.762 15.6
0.689 12.2
0.788 18.6
0.766 23.5
0.858 23.0
0.697 9.6
0.629 10.6
0.755 15.2
0.793 11.9
0.667 4.1
0.6 0.8
0.455 0.8
0.455 10.1
0.643 6.6
0.773 17.6
0.745 15.3
0.753 14.1
0.771 17.3
0.771 15.2
0.821 19.5
0.843 19.5
0.843 17.1
0.825 17.5
0.692 14.6
0.715 13.6
0.605 16.4
0.602 14.6
0.694 11.1
0.579 10.2
0.622 10.2
0.622 14.2
0.5 13.6
0.769 13.3
0.802 8.3
0.745 8.4
0.863 11.0
0.805 11.1
0.783 11.1
0.783 10.2
0.617 11.1
0.733 12.2
0.696 14.6
0.796 11.3
0.705 8.2
0.707 10.7
0.833 11.3
0.375 12.9
0.688 10.2
0.815 17.8
0.78 23.6
0.842 22.9
0.823 23.9
0.8 24.7
0.826 29.1
0.835 29.1
0.835 27.6
0.812 30.6
0.769 25.9
0.9 15.3
0.719 12.4
0.705 14.7
0.556 2.4
0.0 8.2
0.711 4.8
0.687 10.9
0.808 11.4
0.767 15.3
0.841 10.6
0.547 17.1
0.657 17.6
0.613 14.6
0.629 17.3
0.636 7.7
0.667 7.7
0.667 5.4
0.597 9.6
0.678 6.6
0.667 12.9
0.533 14.7
0.77 14.2
0.855 14.9
0.771 12.6
0.762 9.7
0.821 12.2
0.827 12.2
0.827 10.7
0.623 8.7
1.0 11.1
0.875 15.5
0.765 13.9
0.773 15.9
0.702 15.9
0.702 11.9
0.6 11.9
0.672 11.7
0.673 11.2
0.685 12.9
0.537 12.9
0.68 14.4
0.733 14.4
0.733 13.9
0.648 10.0
0.722 10.1
0.574 8.1
0.724 12.4
0.697 9.1
0.647 6.7
0.25 6.7
0.851 15.6
0.871 13.6
0.83 16.3
0.88 16.2
0.857 17.5
0.788 17.5
0.788 15.9
0.858 15.3
0.646 10.7
0.726 14.9
0.652 13.3
0.65 12.6
0.567 8.9
0.617 8.9
0.617 8.6
0.695 10.2
0.885 19.4
0.934 21.2
0.809 21.3
0.9 24.1
0.885 28.0
0.914 28.0
0.914 31.5
0.908 24.6
0.821 13.0
0.759 7.1
0.814 12.9
0.765 11.0
0.6 8.2
0.833 8.2
0.763 14.5
0.813 12.8
0.81 14.7
0.831 18.4
0.824 17.4
0.832 17.4
0.832 21.5
0.85 24.0
0.809 15.2
0.794 7.1
0.846 13.4
0.905 9.2
0.735 11.2
0.615 11.2
0.615 14.7
0.848 10.6
0.871 8.6
0.792 9.4
0.8 12.2
0.907 12.2
0.909 11.6
0.813 11.6
0.813 10.1
0.857 12.6
0.748 14.4
0.771 16.4
0.779 18.1
0.775 18.4
0.771 17.7
0.694 17.7
0.694 17.9
0.796 15.5
0.826 7.1
0.762 11.2
0.5 11.3
0.5 15.0
0.621 10.8
0.783 13.2
0.788 10.5
0.795 8.6
0.705 13.0
0.701 13.0
0.701 8.4
0.667 3.1
0.646 14.3
0.676 16.9
0.622 14.4
0.679 16.0
0.751 16.1
0.717 16.1
0.717 15.7
0.692 15.0
0.667 13.2
0.0 15.5
0.79 14.1
0.848 13.9
0.794 16.5
0.874 16.5
0.874 10.5
0.739 10.1
0.743 16.4
0.779 14.7
0.813 15.3
0.72 14.2
0.681 13.3
0.698 13.3
0.698 12.5
0.808 16.4
0.843 21.1
0.846 23.0
0.851 23.5
0.866 26.7
0.868 26.7
0.868 25.3
0.86 27.4
0.745 13.2
0.785 14.0
0.76 16.4
0.824 13.1
0.761 13.2
0.848 13.2
0.848 12.9
0.767 10.8
0.676 13.0
0.706 15.8
0.638 18.5
0.656 19.3
0.685 16.2
0.738 16.2
0.738 16.4
0.712 5.5
0.756 15.4
0.823 14.7
0.783 16.7
0.752 17.1
0.81 18.8
0.855 18.8
0.855 19.7
0.843 17.1
0.846 6.0
0.5 13.9
0.63 17.7
0.75 19.0
0.661 19.4
0.749 19.6
0.784 16.6
0.836 16.6
0.836 13.9
0.752 16.4
0.684 13.3
0.817 15.6
0.809 18.4
0.808 16.1
0.819 15.6
0.751 19.7
0.839 19.7
0.839 13.7
0.731 12.1
0.729 12.6
0.662 14.5
0.704 10.2
0.597 18.5
0.844 17.9
0.657 17.9
0.657 11.4
0.574 17.0
0.757 17.9
0.764 19.4
0.824 17.9
0.756 19.0
0.798 18.5
0.73 18.5
0.73 9.7
0.686 15.4
0.829 15.5
0.844 14.1
0.86 14.1
0.797 15.7
0.837 16.1
0.752 16.1
0.752 10.9
0.863 11.9
0.722 11.7
0.729 9.1
1.0 9.3
0.726 6.2
0.795 12.6
0.894 11.5
0.906 11.4
0.896 14.7
0.857 14.1
0.906 14.1
0.906 13.5
1.0 13.1
0.571 13.0
0.766 21.5
1.0 14.1
0.842 18.7
0.89 13.0
0.0 3.5
0.5 13.0
0.821 12.3
0.646 12.8
0.8 10.7
0.667 11.5
0.8 12.4
0.79 9.7
0.0 12.0
0.667 12.0
0.711 4.4
0.45 9.0
0.778 4.3
0.717 12.2
0.837 14.6
0.794 15.8
0.757 16.8
0.881 17.1
0.846 20.6
0.862 20.6
0.862 17.9
0.837 19.2
0.7 4.7
0.581 4.7
0.543 12.4
0.65 11.6
0.604 2.6
0.814 16.5
0.788 17.4
0.865 16.3
0.881 12.0
0.804 15.0
0.821 15.0
0.821 14.7
0.848 10.4
0.839 14.9
0.746 12.4
0.725 13.2
0.476 16.4
0.0 10.5
1.0 10.5
0.715 6.9
0.667 13.1
0.587 12.3
0.777 12.5
0.767 9.7
0.731 7.5
0.579 11.2
0.583 13.4
0.65 17.4
0.639 14.2
0.579 14.2
0.0 14.2
0.5 17.7
0.929 11.1
0.6 19.1
0.867 18.1
0.781 18.1
0.781 21.3
0.714 12.7
0.773 10.6
0.754 13.7
0.737 13.2
0.664 14.4
0.712 14.4
0.712 12.7
0.737 11.3
0.778 8.8
0.75 13.9
0.857 10.9
0.503 13.4
0.456 14.9
0.562 14.0
0.619 15.5
0.582 15.5
0.582 11.0
0.545 9.8
0.333 11.3
0.85 9.4
0.769 12.1
0.778 11.1
0.684 11.1
0.684 11.6
0.78 8.3
0.744 11.2
0.636 17.5
0.791 19.6
0.772 18.4
0.8 18.4
0.8 20.0
0.802 20.5
0.673 15.4
0.602 13.9
0.556 15.0
0.618 15.3
0.581 15.3
0.581 14.4
0.67 15.7
0.0 4.3
0.5 11.3
0.795 8.8
0.755 12.7
0.804 11.5
0.79 11.5
0.79 13.2
0.78 14.4
0.687 21.7
0.702 20.2
0.738 26.1
0.726 25.2
0.782 25.2
0.782 23.6
0.718 25.8
0.869 14.5
0.793 13.8
0.811 14.3
0.555 14.2
0.67 17.8
0.617 15.9
0.528 20.0
0.487 20.0
0.487 18.7
0.559 11.5
0.783 8.3
0.657 6.3
0.65 9.9
0.703 19.6
0.5 19.9
0.636 16.2
0.68 20.5
0.828 20.5
0.828 12.6
0.643 4.8
0.595 17.1
0.649 17.5
0.688 19.0
0.669 21.8
0.669 21.8
0.669 21.6
0.709 15.8
0.769 12.0
0.562 10.3
0.642 8.6
0.636 10.8
0.833 10.8
0.678 13.3
0.762 16.5
0.802 16.8
0.807 20.1
0.864 13.0
0.727 13.0
0.727 20.9
0.86 20.2
0.642 23.4
0.521 22.4
0.66 23.9
0.715 22.8
0.728 22.8
0.728 22.1
0.727 22.6
0.731 10.4
0.763 11.7
0.711 15.5
0.832 16.8
0.827 16.2
0.816 20.2
0.812 20.2
0.812 18.3
0.824 22.2
0.786 3.1
0.583 11.2
0.635 9.2
0.612 7.6
0.63 12.3
0.655 4.9
0.583 4.9
0.643 6.1
0.667 0.0
0.0 4.1
0.591 12.9
0.75 10.8
0.789 18.4
0.618 10.8
0.86 10.2
0.875 10.2
0.875 8.2
0.696 8.0
0.706 10.3
0.771 11.0
0.792 11.1
0.804 11.1
0.804 11.0
0.652 8.4
0.824 11.8
0.784 12.4
0.76 19.9
0.798 14.9
0.785 14.3
0.823 15.6
0.795 15.6
0.795 13.8
0.815 19.2
0.622 22.0
0.739 19.5
0.689 18.1
0.657 21.2
0.75 21.2
0.75 21.8
0.74 21.1
0.712 13.2
0.684 12.3
0.769 16.7
0.754 16.6
0.718 16.6
0.718 14.6
0.716 12.3
0.5 -13.1
0.808 14.2
0.781 11.5
0.865 12.5
0.895 11.1
0.867 11.1
0.867 13.5
0.855 -4.3
0.444 5.8
0.714 11.5
0.702 15.2
0.762 14.6
0.704 14.6
0.788 14.6
0.788 10.6
0.853 10.8
0.763 21.4
0.743 20.2
0.744 20.7
0.747 16.6
0.837 16.6
0.837 6.5
0.0 10.4
0.643 1.6
0.0 13.1
0.706 9.4
0.623 11.0
0.787 10.3
0.808 9.9
0.74 9.9
0.618 11.1
0.701 6.2
0.56 13.3
0.474 18.7
0.618 14.0
0.473 15.2
0.5 15.2
0.71 15.8
0.671 10.3
0.693 12.5
0.871 12.5
0.707 12.5
0.707 10.8
0.826 14.4
0.571 14.1
0.7 8.5
0.429 11.7
0.564 12.3
0.596 12.3
0.596 14.9
0.693 14.7
0.543 20.5
0.691 18.7
0.73 16.5
0.699 18.9
0.75 18.9
0.75 13.7
0.813 15.0
0.786 7.0
0.471 11.8
0.652 14.7
0.711 8.8
0.627 8.8
0.627 13.5
0.784 9.6
0.808 12.6
0.676 12.1
0.74 12.4
0.813 12.8
0.752 12.8
0.752 13.6
0.827 11.4
0.656 12.5
0.754 12.0
0.748 7.6
0.638 11.6
0.778 11.6
0.589 10.9
0.773 14.2
0.821 16.3
0.805 14.1
0.88 12.6
0.758 12.6
0.758 7.4
0.846 4.1
0.766 17.7
0.789 20.8
0.804 19.5
0.805 19.9
0.785 19.9
0.785 19.8
0.791 23.2
0.0 16.2
0.786 11.5
0.717 12.5
0.66 14.9
0.702 14.9
0.702 12.4
0.63 11.6
0.619 12.8
0.4 12.9
0.483 10.1
0.521 13.3
0.517 15.2
0.583 15.2
0.583 14.9
0.628 12.2
0.764 13.5
0.734 15.5
0.727 11.5
0.713 15.8
0.748 13.0
0.822 13.0
0.822 14.3
0.752 11.6
0.768 15.2
0.803 13.5
0.769 21.3
0.834 21.3
0.834 21.3
0.832 25.1
0.776 7.9
0.65 8.8
0.779 10.9
0.716 10.9
0.716 10.8
0.8 5.4
0.667 -19.4
0.665 18.5
0.613 19.8
0.65 18.4
0.691 18.4
0.691 21.0
0.613 20.3
0.833 14.6
0.859 15.8
0.905 9.8
0.956 9.8
0.956 12.0
0.917 -6.4
0.4 16.9
0.5 12.7
0.784 8.3
0.0 8.3
0.0 12.4
0.615 8.5
0.5 13.4
0.667 -3.8
0.815 16.0
0.752 16.5
0.807 16.7
0.788 16.7
0.788 16.2
0.831 16.9
0.7 12.6
0.6 1.9
0.872 21.4
0.855 20.1
0.861 21.5
0.863 21.5
0.863 19.9
0.885 23.0
0.862 14.2
0.839 15.4
0.893 17.2
0.83 17.2
0.83 19.6
0.864 14.9
0.872 7.5
0.72 15.7
0.647 13.5
0.857 14.7
0.823 15.5
0.734 15.5
0.734 12.4
0.764 13.2
0.667 17.6
0.795 15.6
0.73 20.3
0.782 20.3
0.782 24.0
0.797 23.7
0.759 12.0
0.733 16.5
0.802 17.1
0.874 17.1
0.874 14.7
0.852 12.4
0.824 9.8
0.773 16.4
0.825 19.4
0.802 22.0
0.802 22.0
0.802 26.0
0.874 27.6
0.75 10.4
0.462 17.6
0.787 11.9
0.627 11.9
0.627 16.2
0.762 14.2
0.474 9.4
0.5 129.1
0.712 11.3
0.563 13.2
0.865 13.2
0.806 13.2
0.806 13.6
0.738 10.9
1.0 10.7
0.797 11.1
0.765 10.3
0.6 10.3
0.6 11.4
0.629 12.1
0.667 8.1
0.649 9.2
0.654 6.7
0.444 6.7
0.75 11.3
0.564 14.8
0.761 13.7
0.628 13.7
0.628 12.7
0.749 12.4
0.717 12.6
0.732 18.4
0.792 15.8
0.763 15.8
0.763 12.2
0.735 13.7
0.44 14.0
0.529 10.5
0.593 10.4
0.551 15.3
0.729 15.9
0.742 16.3
0.72 16.3
0.72 16.2
0.684 7.7
0.803 16.2
0.799 15.4
0.802 15.2
0.803 15.2
0.803 17.6
0.847 16.8
0.786 0.1
0.798 11.7
0.766 9.6
0.746 11.4
0.672 11.4
0.672 8.4
0.784 9.0
0.682 7.8
0.571 8.8
0.767 9.6
0.8 8.5
0.6 13.1
0.779 13.1
0.779 13.9
0.0 16.1
0.623 13.7
0.4 10.2
0.513 10.2
0.513 7.9
0.714 7.1
0.707 10.5
0.768 9.7
0.594 7.8
0.5 7.8
0.727 11.4
0.75 6.6
0.832 17.5
0.882 20.5
0.85 20.6
0.868 20.6
0.868 21.5
0.871 26.5
0.839 10.1
0.729 0.5
0.5 8.0
0.727 8.0
0.727 10.4
0.857 8.4
0.5 13.8
0.625 4.6
0.0 8.2
0.692 8.2
0.868 12.7
0.841 14.3
0.795 20.8
0.879 20.8
0.879 18.6
0.873 17.4
0.552 16.1
0.608 14.9
0.693 15.6
0.641 15.6
0.641 15.9
0.616 15.3
0.558 6.2
0.667 13.0
0.532 7.6
0.308 12.7
0.529 17.8
0.683 18.8
0.766 21.5
0.752 21.5
0.752 21.1
0.753 19.1
0.789 18.8
0.798 16.8
0.837 17.6
0.827 17.6
0.827 20.8
0.847 21.3
0.697 14.5
0.706 11.5
0.718 12.8
0.684 12.8
0.684 17.2
0.758 10.6
0.774 -1.9
0.0 16.5
0.816 10.1
0.66 11.9
0.784 11.9
0.784 14.7
0.735 11.8
0.758 9.8
0.718 13.4
0.72 13.4
0.72 12.3
0.761 16.3
0.769 13.5
0.813 13.6
0.787 13.6
0.787 16.0
0.806 15.5
0.583 9.7
0.905 15.9
0.865 15.9
0.865 17.8
0.764 13.1
0.614 11.2
0.606 9.7
0.6 9.7
0.6 13.4
0.815 11.5
0.786 14.3
0.788 14.0
0.783 14.0
0.783 15.5
0.767 20.1
0.829 12.4
0.814 11.3
0.75 11.3
0.75 13.0
0.682 13.0
0.467 8.8
0.909 9.2
0.0 9.2
0.759 17.6
0.714 7.4
0.733 7.4
0.733 5.4
0.644 11.9
0.754 13.9
0.773 13.9
0.773 15.8
0.82 14.9
1.0 8.5
0.813 7.3
0.538 7.3
0.538 5.9
0.751 26.5
0.791 30.8
0.805 30.8
0.805 25.0
0.758 27.5
0.795 13.1
0.371 22.6
0.418 21.4
0.389 21.4
0.389 21.2
0.355 20.9
0.769 10.3
0.756 12.4
0.728 12.4
0.728 14.6
0.836 13.9
0.667 11.3
0.69 12.2
0.84 12.2
0.5 7.1
0.818 12.7
0.667 16.4
0.66 16.4
0.66 19.3
0.696 16.5
0.57 11.8
0.594 8.4
0.537 8.4
0.537 13.3
0.622 13.1
0.533 17.9
0.514 18.0
0.569 18.0
0.569 18.6
0.59 15.3
0.61 8.5
0.545 16.0
0.87 16.0
0.843 4.7
1.0 15.9
0.842 15.9
0.842 10.0
0.833 17.3
0.719 5.3
0.0 -23.0
0.667 10.1
0.667 6.9
0.649 6.9
0.765 19.1
0.605 18.3
0.606 18.3
0.606 13.5
0.664 16.1
0.749 12.0
0.614 15.1
0.701 15.1
0.701 16.9
0.69 14.3
0.297 10.5
0.588 7.5
1.0 13.4
0.797 14.9
0.891 14.9
0.891 15.9
0.727 17.0
0.809 9.4
0.762 14.8
0.938 14.8
0.938 11.3
0.761 8.9
0.844 18.6
0.871 20.7
0.864 20.7
0.864 22.2
0.892 24.1
0.571 12.6
0.528 12.4
0.889 12.4
0.889 6.7
0.844 12.5
0.861 15.6
0.859 15.6
0.859 16.8
0.888 15.0
1.0 9.0
0.806 -5.1
0.0 -5.1
0.5 8.6
0.709 7.4
0.727 7.4
0.627 10.7
0.604 14.4
0.602 14.4
0.602 11.3
0.642 9.1
0.643 6.7
0.798 9.9
0.825 10.3
0.6 10.3
0.6 14.8
0.785 5.9
0.667 16.5
0.687 14.8
0.772 14.8
0.772 17.5
0.767 20.5
0.75 14.6
0.561 13.4
0.478 13.4
0.478 17.4
0.576 8.4
0.88 13.0
0.917 12.2
0.854 12.2
0.854 10.2
0.546 11.6
0.636 10.3
0.675 10.3
0.675 11.1
0.681 11.4
0.909 13.4
0.94 11.7
0.892 11.7
0.892 13.8
0.894 9.8
0.523 14.1
0.564 15.3
0.528 15.3
0.528 14.5
0.431 17.3
0.714 12.0
0.837 11.2
0.786 11.2
0.786 12.9
0.79 13.4
0.636 12.1
0.681 10.9
0.671 10.9
0.671 10.4
0.768 15.3
0.78 15.1
0.792 15.1
0.792 14.0
0.794 5.9
0.563 3.9
0.72 10.2
0.756 19.5
0.807 19.5
0.0 16.1
0.744 14.5
0.774 14.5
0.774 13.9
0.806 11.8
0.826 8.5
0.769 8.5
0.769 6.6
0.659 5.9
0.746 16.4
0.778 17.9
0.744 17.9
0.744 16.7
0.64 6.0
0.728 5.9
0.553 8.2
0.634 8.2
0.556 5.4
0.563 3.8
0.818 14.3
0.71 10.7
0.717 10.7
0.717 16.2
0.774 8.8
0.789 16.1
0.762 20.6
0.786 20.6
0.786 22.6
0.761 20.1
0.5 13.3
0.746 14.0
0.685 10.9
0.68 10.9
0.68 9.4
0.713 14.5
0.895 19.3
0.724 12.9
0.641 14.9
0.667 14.9
0.667 1.8
0.764 15.4
0.719 18.9
0.823 18.9
0.823 15.4
0.815 13.0
0.581 14.1
0.502 14.1
0.502 15.5
0.582 16.5
0.683 14.8
0.741 14.8
0.741 18.8
0.724 26.1
0.758 9.5
0.715 9.5
0.79 15.1
0.809 15.1
0.809 15.4
0.771 17.2
0.638 11.4
0.641 11.4
0.641 10.4
0.9 14.7
0.2 4.0
0.4 4.0
0.692 11.0
0.632 11.0
0.632 4.4
0.778 6.2
0.667 6.2
0.667 12.0
0.933 11.7
0.903 12.6
0.752 12.6
0.752 14.0
0.817 10.8
0.889 13.1
0.9 13.1
0.611 12.3
0.533 12.3
0.77 11.2
0.696 11.2
0.696 12.4
0.811 12.8
0.724 12.4
0.817 12.4
0.817 11.1
0.833 8.1
0.703 14.1
0.694 14.1
0.694 13.9
0.654 9.9
0.714 8.8
1.0 8.8
1.0 11.5
0.824 13.1
0.0 14.7
0.82 14.7
0.82 13.2
0.791 13.2
0.75 8.7
0.75 8.7
0.75 12.2
0.867 11.6
0.0 -11.4
0.0 -11.4
0.0 13.8
0.833 15.5
0.0 9.6
0.846 9.6
0.846 14.9
0.556 10.4
0.8 15.1
1.0 15.1
0.642 10.5
0.649 10.5
0.656 13.3
0.531 13.3
0.531 17.0
0.75 16.0
0.792 8.5
0.763 8.5
0.763 11.3
0.864 9.4
0.634 17.2
0.783 17.2
0.783 17.1
0.827 14.2
1.0 4.9
0.0 4.9
0.492 21.6
0.623 21.6
0.623 17.5
0.569 23.3
0.673 11.2
0.735 11.2
0.735 11.1
0.674 18.7
0.75 11.0
0.692 11.0
0.692 19.1
1.0 14.6
0.83 14.6
0.857 10.2
0.824 10.2
0.824 12.2
0.857 8.0
0.938 9.7
0.828 9.7
0.9 10.5
0.763 10.5
0.763 8.5
0.815 8.6
0.832 8.6
0.832 10.3
0.685 7.8
0.455 12.9
1.0 12.9
0.64 10.9
0.782 10.9
0.782 13.3
1.0 6.3
0.727 6.3
0.645 13.5
0.702 13.5
0.702 12.4
0.728 15.0
0.625 13.0
1.0 13.0
0.744 12.5
0.679 12.5
0.679 9.1
0.676 13.1
0.699 13.1
0.699 17.7
0.827 19.9
0.804 10.4
0.813 10.4
0.813 8.6
0.718 9.8
0.667 0.5
0.0 0.5
0.65 19.9
0.717 19.9
0.717 15.2
0.764 14.9
0.59 1.1
1.0 1.1
1.0 18.0
0.88 18.0
0.88 13.6
0.795 14.4
0.78 15.9
0.819 15.9
0.819 16.7
0.83 13.6
0.811 15.9
0.684 15.9
0.684 16.3
0.75 15.3
0.5 22.8
0.375 22.8
0.626 18.0
0.495 18.0
0.495 17.2
0.642 18.1
0.667 11.6
0.734 11.6
0.734 14.5
0.754 17.3
0.644 11.8
0.673 11.8
0.673 10.6
0.818 3.3
1.0 3.3
0.7 9.1
0.479 9.1
0.479 10.2
0.611 9.6
0.674 15.7
0.827 15.7
0.827 15.5
0.791 16.1
0.756 10.2
0.8 10.2
0.8 6.4
0.909 9.7
0.712 10.9
0.708 10.9
0.708 9.2
0.719 7.9
0.712 17.6
0.68 17.6
0.68 17.7
0.729 18.8
0.656 4.6
0.333 4.6
0.73 14.1
0.774 14.1
0.774 16.1
0.754 16.7
0.609 12.8
0.609 17.3
0.481 12.0
0.643 8.2
0.643 12.9
0.747 12.5
0.8 2.1
0.8 6.8
0.0 4.7
0.0 44.3
0.551 14.7
0.551 12.3
0.422 15.0
0.821 11.6
0.821 10.7
0.833 13.5
0.753 11.0
0.825 9.1
0.825 11.3
0.0 -1.8
0.0 -7.7
0.0 14.6
0.174 12.1
0.174 18.3
0.379 21.4
0.5 5.8
0.0 -2.6
0.829 16.9
0.829 14.3
0.804 13.2
0.429 11.4
0.833 14.5
0.833 1.7
0.0 -5.0
0.912 10.2
0.912 8.9
0.576 12.7
0.6 8.2
0.667 4.5
0.75 8.4
0.75 2.2
0.84 11.5
0.84 17.8
0.735 10.6
0.714 7.3
0.714 10.7
0.735 10.9
0.625 5.7
0.476 8.1
0.476 13.9
0.716 12.4
0.808 12.3
0.808 11.7
0.754 10.4
0.721 11.4
0.721 17.0
0.668 14.5
0.5 3.7
0.591 8.7
0.591 12.6
0.658 10.1
0.833 8.9
0.833 12.4
0.8 14.9
0.8 14.6
0.752 13.5
0.861 9.0
0.861 6.9
0.745 4.9
0.745 12.7
0.82 16.5
0.6 5.6
0.6 3.4
0.0 9.0
0.763 12.3
0.763 14.1
0.86 12.4
0.75 9.6
0.75 10.3
0.722 12.4
0.574 13.2
0.574 12.7
1.0 1.5
0.68 4.8
0.681 12.0
0.681 13.8
0.797 15.9
1.0 10.0
1.0 15.6
0.896 13.1
1.0 8.5
0.643 10.5
0.643 15.7
0.899 12.6
0.842 11.3
0.842 14.3
0.793 14.6
0.0 -0.7
0.313 5.9
0.313 5.2
0.56 17.7
0.56 15.9
0.531 13.1
0.752 10.6
0.752 10.6
0.8 11.5
0.667 6.1
0.667 10.9
0.857 10.7
0.625 16.6
0.625 7.4
1.0 1.2
0.674 7.9
0.674 6.5
0.722 -3.4
0.803 17.9
0.803 15.6
0.807 14.5
0.0 40.8
0.0 7.4
0.786 9.3
0.786 9.6
0.733 13.6
0.609 15.0
0.609 16.2
0.59 20.4
0.5 5.2
0.5 15.6
0.533 15.5
0.636 14.8
0.636 15.9
0.616 17.5
0.444 3.8
0.444 7.4
0.675 14.9
0.722 7.8
0.722 6.0
0.697 14.5
0.697 14.8
0.768 19.1
0.652 7.7
0.652 5.6
0.654 14.4
0.551 13.8
0.551 13.9
0.589 17.2
0.758 13.8
0.758 16.8
0.739 17.6
0.0 -7.5
0.0 13.9
0.715 16.3
0.696 8.2
0.696 5.5
1.0 6.3
0.67 9.4
0.67 8.3
0.646 11.0
0.646 11.3
0.777 12.0
0.923 5.2
0.923 10.5
0.859 7.5
0.859 9.2
0.771 9.0
0.5 10.8
0.536 18.6
0.536 20.0
0.5 31.5
0.692 13.2
0.692 8.6
0.745 10.8
0.737 14.0
0.737 15.7
0.703 15.6
0.0 2.4
0.769 8.5
0.783 20.0
0.783 7.4
0.76 13.9
0.76 16.5
0.761 16.5
1.0 8.5
1.0 12.9
0.75 2.9
0.552 8.5
0.552 3.6
0.25 10.0
0.825 14.6
0.81 15.2
0.8 13.9
0.727 11.0
0.84 14.6
0.85 7.2
0.648 16.3
0.0 10.4
1.0 11.8
0.0 13.1
1.0 9.7
0.714 15.3
0.78 13.2
0.522 19.2
0.417 -2.2
0.907 7.2
0.725 5.9
0.712 13.7
0.689 18.6
0.931 9.1
0.0 26.1
0.857 -3.2
0.784 7.2
0.811 26.3
0.718 13.8
0.73 13.0
0.0 13.6
0.695 9.9
0.763 29.6
0.726 8.7
0.634 13.7
0.478 15.2
0.75 9.7
0.587 14.8
0.5 9.8
0.67 10.9
0.681 15.7
0.743 10.7
0.686 14.8
0.633 9.1
0.727 -1.9
0.792 5.5
0.727 14.9
0.838 17.4
0.811 14.0
0.545 17.1
0.667 10.7
0.8 10.9
0.737 15.3
0.75 9.9
0.375 21.3
0.765 6.2
0.811 25.9
0.727 18.5
0.8 7.8
0.75 11.0
0.643 19.5
0.684 8.2
0.619 15.1
0.743 15.0
0.8 11.4
