Alex Abrines 5.64791926379 1.39228526516 0.506323931874 0.792052221092 0.470354260663 1.99375133771 6.35101233484
Quincy Acy 5.7320072355 1.37459591603 0.519334010739 0.75876807895 0.475132224165 2.02006540976 6.09584030664
Steven Adams 5.54456699087 1.38505150294 0.525118052548 0.821933898216 0.476567028763 2.07966641064 10.9441088425
Arron Afflalo 4.94045734599 1.43554128662 0.505604123775 0.655708484892 0.46975800489 1.97766747662 9.66824870147
Alexis Ajinca 5.26739646004 1.32180891437 0.529714999186 0.799143190505 0.478075772926 2.05855142695 6.19152981722
Cole Aldrich 3.51307980415 1.42167395996 0.52870823336 0.886048792378 0.479574492212 2.00182443853 4.1501535916
LaMarcus Aldridge 7.30300046081 1.46736703096 0.521631353204 0.701445389706 0.477393816003 2.02742485347 11.7415214306
Lavoy Allen 3.57081492102 1.48354593643 0.52449284148 0.717671423055 0.475307409331 2.00207445464 5.96825429254
Tony Allen 5.08373294118 1.44178972613 0.519293108499 0.970114341903 0.472279139076 2.05399631863 10.0191102402
Al-Farouq Aminu 4.65469702667 1.45358357241 0.524768526881 0.805941748808 0.47440586041 2.05305712104 10.6889368143
Chris Andersen 4.01382703582 1.40507589144 0.52686691165 0.856990572557 0.483405804671 2.02402850078 4.43722212333
Alan Anderson 4.45841782729 1.39275715235 0.505652807207 0.643348396512 0.468869354459 1.9542704036 4.69239415153
Justin Anderson 6.16443596377 1.45318892407 0.519024251094 0.780378064132 0.473079606807 2.06330096062 6.63808086657
Kyle Anderson 3.98375072671 1.59132362352 0.519349565111 0.904409130802 0.475352747746 2.00283154567 5.93635778901
Ryan Anderson 6.49869168346 1.36178353699 0.51418032853 0.669045608829 0.470435071885 1.97823278239 10.7846263248
Giannis Antetokounmpo 8.53492804735 1.81784664723 0.523999623524 0.8757097254 0.481153199324 2.14503450867 12.7622095434
Carmelo Anthony 8.64540813774 1.56495126183 0.515863163537 0.733133087487 0.47222446323 2.08281435082 12.3475549976
Joel Anthony 3.57450928117 1.36418585806 0.524303632868 0.682363787987 0.479658126101 1.99065184364 3.44843051404
Trevor Ariza 5.08529675159 1.48529191711 0.515024777077 0.921406216432 0.470859214358 1.97431474092 12.4751410117
Darrell Arthur 5.9089344158 1.48793619219 0.515978453916 0.790688573128 0.476246292334 2.07195395718 6.38290883837
Omer Asik 3.24844425925 1.36798307524 0.534253564486 0.664414771661 0.473324073072 1.99375133771 6.35101233484
D.J. Augustin 5.80478388107 1.76273945986 0.505487460644 0.713223677873 0.468869354459 2.08185878319 7.6906654829
Luke Babbitt 4.73092244677 1.36643516505 0.51172306786 0.705334633368 0.471801334863 1.97290378527 6.41480534189
Ron Baker 4.08572662998 1.72588805418 0.509709341888 0.859094113722 0.471659178237 2.09954740177 6.66997737009
Wade Baldwin 4.21733796027 1.79771692153 0.509565358748 0.847396372606 0.47261180099 2.19453807515 5.33032422203
Leandro Barbosa 6.21597679328 1.56037541217 0.509272059761 0.80830235933 0.470467690998 2.0440320192 6.00015079606
J.J. Barea 6.869139669 2.18818198532 0.509053418697 0.699224985142 0.468869354459 2.1461337368 8.42428506398
Harrison Barnes 7.38070274979 1.40563435541 0.51249008668 0.727933877951 0.470166033116 2.00716210639 12.7303130399
Matt Barnes 4.61935643041 1.65454639814 0.520696055322 0.744188177555 0.472705362154 2.07392491751 9.06221513449
Will Barton 6.72194803503 1.69743177673 0.513633333085 0.765086562761 0.472921475263 2.06778995649 10.4656612896
Brandon Bass 6.97113507301 1.38221408736 0.521622325233 0.757555613138 0.473016389805 2.06076742559 4.94756617973
Nicolas Batum 6.29055940538 1.90012955764 0.516982372555 0.792677894864 0.471577124596 2.12064827117 12.251865487
Jerryd Bayless 6.51616044303 1.92990712928 0.515513016696 0.579323138707 0.468869354459 2.2837698203 8.96652562391
Aron Baynes 4.84809426228 1.34368088531 0.527969397148 0.664414771661 0.476293885481 2.03342486173 6.35101233484
Kent Bazemore 5.89389450927 1.58254701977 0.510121427461 0.873506107655 0.474858660153 2.08887930424 9.98721373672
Bradley Beal 8.74492333973 1.62423539311 0.506860116798 0.787175909748 0.47084781115 2.07076799251 12.5389340187
Malik Beasley 6.99550320574 1.49759475485 0.508791049421 0.843107200864 0.468869354459 2.05855142695 3.79929205282
Michael Beasley 7.62897737859 1.44947544865 0.519281107243 0.776766299004 0.475760386246 2.11550391892 6.73377037714
Marco Belinelli 6.21597679328 1.56037541217 0.508069533912 0.744188177555 0.469828356383 2.00986870684 9.06221513449
DeAndre' Bembry 4.39030945158 1.51553208552 0.514916568846 0.713906843889 0.471217930599 2.02006540976 4.5329116339
Dragan Bender 4.16635688915 1.38808263082 0.51677654438 0.678490079368 0.477522003395 2.05639374406 5.64928925729
Anthony Bennett 6.18535108299 1.41024775337 0.529244445593 0.694011861384 0.470870749778 2.02825005425 5.07515219383
Ben Bentil 1.28523743735 1.24647212559 0.52020411293 0.579323138707 0.468869354459 2.17408553782 2.45963890476
Davis Bertans 5.47665696069 1.46438845677 0.510663411982 0.742825656573 0.476477964763 2.02162116863 5.26653121498
Patrick Beverley 4.77277760534 1.76180520844 0.518046189731 0.901534941016 0.471868187836 2.04479707709 11.1992808707
Bismack Biyombo 4.34503690838 1.39987282673 0.531526949899 0.668842616815 0.480325305041 2.06151946132 8.45618156751
Nemanja Bjelica 5.10357736013 1.49347799044 0.519720235166 0.795539583098 0.472642476782 2.04578218889 7.24411443355
Tarik Black 5.2263717867 1.38512879206 0.531109338974 0.741153851687 0.478753546065 2.06433613505 6.60618436304
Eric Bledsoe 8.49137426229 1.96559601848 0.512988957838 0.859094113722 0.472356634181 2.21135460585 11.9329004518
Bojan Bogdanovic 7.29311996553 1.45166960476 0.511564813324 0.681962851609 0.469764920458 2.08598842177 9.60445569442
Andrew Bogut 2.79837438256 1.56037541217 0.537832048664 0.731975952455 0.478459373696 2.12232294334 8.29669904988
Joel Bolomboy 5.89579891302 1.41769210009 0.531682768757 0.729200446751 0.479331193627 2.03432653273 2.81050044354
Devin Booker 8.40160248329 1.61239367109 0.507141871115 0.748898607237 0.470842158416 2.16689793185 12.5708305223
Trevor Booker 5.84809629766 1.53622900551 0.532300186335 0.873009847586 0.472596649385 2.11863459653 9.28549065916
Avery Bradley 6.7853949396 1.49458729822 0.517012869864 0.816254931064 0.470247560816 2.04185845516 12.0604864659
Corey Brewer 4.53627437532 1.53622900551 0.511122099528 0.875234746896 0.471820129609 2.03253475062 6.38290883837
Malcolm Brogdon 5.63965660882 1.84574203633 0.508725457102 0.854098203454 0.47061299432 2.069266284 9.82773121909
Aaron Brooks 5.36866547538 1.76509494689 0.505873617145 0.770471009835 0.470537183891 2.11737173866 5.80877177491
Anthony Brown 4.31654912021 1.42831954678 0.519638661904 0.806723192291 0.470456667988 2.00059160047 6.03204729959
Bobby Brown 7.03537079703 1.70771777117 0.501664243168 0.579323138707 0.468869354459 2.02006540976 2.96998296117
Jaylen Brown 5.60987261996 1.42167395996 0.514865203243 0.732685965543 0.471545638897 2.05545289397 6.89325289477
Nicolas Brussino 4.57239700797 1.59961332299 0.51753942497 0.785404437267 0.471266859268 2.05470805431 4.46911862685
Reggie Bullock 4.64392460506 1.47098573453 0.512298283751 0.841360286545 0.470393595927 1.9556542451 6.22342632074
Trey Burke 5.86664450441 1.79771692153 0.504285976974 0.686552432267 0.470740577725 2.09454789265 5.33032422203
Alec Burks 6.15689881021 1.41658745509 0.517495784919 0.749506404615 0.470354260663 2.05326162374 6.35101233484
Jimmy Butler 8.56521708873 1.80640771786 0.515382191099 0.917964840125 0.471357575666 2.06907742048 13.2087605928
Bruno Caboclo 5.38351430461 1.58891207459 0.524303632868 0.879077754795 0.474100274043 2.03432653273 2.81050044354
Jose Calderon 4.21034344566 1.8503166158 0.512117731616 0.730344548339 0.468869354459 2.12927730718 5.58549625024
Kentavious Caldwell-Pope 5.9557962095 1.52926787927 0.507972031816 0.816966437948 0.470251699574 1.99613413194 12.0285899623
Isaiah Canaan 4.69597443544 1.46950867132 0.506503085767 0.839636357941 0.468869354459 1.99570891291 6.25532282427
Clint Capela 7.22688151478 1.40408047032 0.533926355401 0.717285514312 0.480425528268 2.06181052118 9.03031863096
DeMarre Carroll 5.12835338855 1.39079547574 0.513004036532 0.857256537532 0.472396717856 1.98881114793 9.73204170852
Vince Carter 4.950363091 1.52209452356 0.510885204192 0.793781725827 0.473547412623 1.98205893733 9.25359415564
Michael Carter-Williams 5.24181856186 1.74738162545 0.516819828385 0.859944481427 0.474990643334 2.13988918551 7.40359695117
Omri Casspi 4.55927985086 1.45691008307 0.515990081261 0.800371235487 0.470155167094 2.03198420304 7.11652841945
Willie Cauley-Stein 6.11534945948 1.46570616701 0.523015212316 0.823567640704 0.476176035782 2.04098172345 7.4354934547
Tyson Chandler 4.7153169893 1.32835993948 0.542341520596 0.746577525944 0.47303892804 2.05053047535 10.2104892614
Wilson Chandler 7.01155147438 1.49028050352 0.52001306734 0.728715406919 0.471848777911 2.05377519687 11.2630738777
Marquese Chriss 6.15314376325 1.370264971 0.518587400841 0.827007704113 0.478594444389 2.08222515889 8.20100953931
Rakeem Christmas 4.25109569655 1.29603580242 0.524303632868 0.666094211785 0.474926208714 2.01593718996 3.83118855635
Semaj Christon 3.43548467527 1.74210889387 0.507215107651 0.752865284863 0.470383568023 2.03616546701 6.25532282427
Ian Clark 6.46346564126 1.55189153956 0.508947052775 0.802113731745 0.470424492713 2.03999243834 6.12773681016
Jordan Clarkson 6.9589649154 1.58187563728 0.508366047135 0.827749909574 0.469657575218 2.10516328874 10.7208333178
Norris Cole 5.15938978844 1.67808914464 0.506265745139 0.991485735827 0.468869354459 2.05470805431 4.46911862685
Darren Collison 6.19505427833 1.81833553876 0.505104890979 0.796966754348 0.469628959943 2.06707534251 11.0716948566
Nick Collison 4.27890061773 1.59961332299 0.524303632868 0.682363787987 0.472465611673 1.99065184364 3.44843051404
Mike Conley 8.24428437687 1.96126394683 0.508656308573 0.83754548871 0.470949117667 2.10757372215 11.9966934588
Pat Connaughton 4.76371317345 1.57200145982 0.514616619088 0.742152806705 0.47171084164 2.04640447144 3.99067107397
Quinn Cook 5.99519741913 1.78057622514 0.501285134349 0.726963472004 0.468869354459 2.10107710233 5.68118576081
DeMarcus Cousins 10.182812215 1.75312304428 0.532056760049 0.849277588283 0.477618143938 2.22721030584 12.3156584941
Robert Covington 5.88607199008 1.42527779516 0.51950875132 0.975833991633 0.476152913373 2.08916867397 11.4863494024
Allen Crabbe 5.51652855381 1.40507589144 0.508259406415 0.741295808453 0.471292096161 1.98087484307 10.4975577931
Jamal Crawford 6.55612013831 1.61885929446 0.503830973222 0.75484485307 0.470619624129 2.08162140518 9.79583471557
Jordan Crawford 8.10543853298 1.73147291172 0.505607710609 0.749141204473 0.469857167599 2.06611720771 8.83893960981
Jae Crowder 6.12031871053 1.50224517391 0.516620828835 0.782860223705 0.471000469845 1.99895542651 11.7415214306
Dante Cunningham 4.26058644298 1.33687627213 0.515428992105 0.737593576001 0.472551921846 1.94376269744 9.38118016974
Seth Curry 6.25969763486 1.59717786646 0.506949940881 0.829463197649 0.469663011223 2.03239882232 10.6570403107
Stephen Curry 9.82229171998 1.99081764346 0.511828327283 0.934720827242 0.470247560816 2.17073801674 12.0604864659
Troy Daniels 6.50648847446 1.39544317685 0.506418608595 0.691096046401 0.47016969605 2.01616575806 7.0527354124
Anthony Davis 10.0267144118 1.46559574946 0.53262304646 0.816801865026 0.482895753786 2.09897959049 12.921692061
Deyonta Davis 4.01742201553 1.30354545042 0.525123536856 0.67924134407 0.486305753072 1.9877401977 3.5122235211
Ed Davis 4.10280278359 1.37787350137 0.530595919285 0.694345258834 0.475560065554 2.03757674215 6.89325289477
Dewayne Dedmon 4.5697136124 1.37562090636 0.537445522499 0.767740325962 0.479390975565 2.03512515562 6.98894240535
Sam Dekker 5.26657977443 1.45119166032 0.519009904948 0.75852426789 0.472621970682 1.97811910677 7.27601093707
Malcolm Delaney 4.8442673484 1.81920794671 0.508006243078 0.772147745547 0.468869354459 2.12831650692 6.86135639125
Matthew Dellavedova 4.56699937321 1.9247918713 0.505125418904 0.75618984705 0.468869354459 2.1066156733 9.73204170852
Luol Deng 4.51746334398 1.43126047543 0.518892266549 0.803290738652 0.472343474635 1.98738860272 9.85962772262
DeMar DeRozan 9.97671020034 1.66146291124 0.513144600629 0.784240136145 0.47016969605 2.10302163693 12.6984165364
Cheick Diallo 6.19791547695 1.31086254335 0.537022656266 0.692051370398 0.476738088192 1.99968541181 5.13894520088
Boris Diaw 4.2308739357 1.73872955227 0.510775217072 0.654261792729 0.470177084355 2.10420603528 7.02083890887
Gorgui Dieng 4.76371317345 1.46736703096 0.523635562952 0.803213932205 0.477393816003 2.01793504448 11.7415214306
Spencer Dinwiddie 4.92563160152 1.76316249111 0.510655496578 0.783580708961 0.472942990949 2.04422097557 8.61566408513
Toney Douglas 4.65257163164 1.77474838837 0.51374486932 0.901011019386 0.471676189357 2.06330096062 6.63808086657
Goran Dragic 8.07414859803 1.89477090143 0.509450476059 0.814145745969 0.470235291917 2.15915579247 12.1561759764
Andre Drummond 6.44603052946 1.3859846974 0.547534245851 0.912383823249 0.477393816003 2.09126538666 10.8803158354
Jared Dudley 4.8832551565 1.58248127742 0.515030634247 0.796047133437 0.472111051102 2.05335475408 8.20100953931
Mike Dunleavy 4.97110908527 1.45968945232 0.512221651465 0.703749583121 0.470316904532 1.99125614752 6.47859834894
Kris Dunn 3.78973996735 1.77515134509 0.510537876444 0.964972352387 0.47559919252 2.09235512549 6.86135639125
Kevin Durant 9.75480512486 1.78781432041 0.524141615912 0.796510615034 0.479895005318 2.09709255298 12.0604864659
Jarell Eddie 5.64791926379 1.24647212559 0.509466015543 0.6856876799 0.468869354459 1.94415943268 5.36222072556
Henry Ellenson 5.96898242851 1.44215209645 0.528168894524 0.664967314732 0.471858451364 2.17408553782 3.86308505987
Wayne Ellington 6.17522688124 1.41769210009 0.50663842877 0.742825656573 0.469820430747 1.95809434814 9.12600814154
Monta Ellis 4.83328268818 1.69291235539 0.508470375862 0.847992090904 0.472279139076 2.09954740177 10.0191102402
Joel Embiid 10.248201216 1.55790373275 0.530481964491 0.812990122901 0.491522943208 2.35456173337 9.50876618384
James Ennis 4.49846089605 1.40676316555 0.515668473849 0.775758078611 0.471807573119 2.01232192342 8.90273261686
Tyler Ennis 5.65119455045 1.78943997264 0.505046968942 0.876377262758 0.468869354459 2.11616739157 4.94756617973
Tyreke Evans 7.17781064878 1.83922350938 0.515925629177 0.880599351831 0.471206008892 2.12868159708 7.6906654829
Dante Exum 5.04199123234 1.59075314958 0.508884148197 0.6856876799 0.471344198133 2.09293514777 7.33980394412
Kenneth Faried 6.38875202677 1.40638512064 0.536045276767 0.797069416431 0.476468992345 2.03960045745 8.16911303578
Jordan Farmar 5.14932705506 2.21508798131 0.50652342925 0.956157513217 0.468869354459 2.1581130801 6.98894240535
Derrick Favors 5.80285276044 1.42130433584 0.525102779793 0.829751045818 0.476638483967 2.0502484447 8.96652562391
Kay Felder 6.18535108299 1.81968682282 0.509010641098 0.866044945399 0.473872842756 2.12851194921 4.34153261275
Cristiano Felicio 4.7091143138 1.38951666125 0.529441005955 0.746275076781 0.473239489807 1.99186810081 6.44670184542
Raymond Felton 4.83034313122 1.67090473843 0.510965758139 0.827007704113 0.472111051102 2.03891955168 8.20100953931
Yogi Ferrell 5.61995335465 1.78252235344 0.507237016017 0.807597807881 0.470639819549 2.07195395718 9.70014520499
Dorian Finney-Smith 3.67253418392 1.39491900003 0.511641568822 0.77423747035 0.472270740592 1.98544530435 7.88204450405
Bryn Forbes 4.99443738684 1.5325611969 0.505466598215 0.579323138707 0.468869354459 2.01132821544 3.92687806692
Evan Fournier 7.17728898208 1.58995292549 0.507444512879 0.779766954936 0.46956893033 2.09082485394 11.9010039482
Randy Foye 4.43606320089 1.6515086244 0.510047882889 0.756597374028 0.470106776296 2.09293514777 7.33980394412
Tim Frazier 4.69029513239 2.07998553335 0.509681430262 0.831882347155 0.469848760679 2.10390867569 8.90273261686
Channing Frye 6.71165958567 1.36605433 0.519579424177 0.718891425563 0.474958255562 2.00844523549 7.4354934547
Danilo Gallinari 7.3359382399 1.47981616163 0.513848043078 0.696041750281 0.470227233289 2.0124763048 12.2199689835
Langston Galloway 5.69291391959 1.48889248552 0.508498156987 0.775202392784 0.470008762685 1.98589519434 7.85014800053
Patricio Garino 1.28523743735 1.24647212559 0.514865203243 0.579323138707 0.468869354459 2.10908134941 4.1501535916
Marc Gasol 7.71126366563 1.75312304428 0.517183414028 0.752865284863 0.477618143938 2.09235512549 12.3156584941
Pau Gasol 6.78725480639 1.58756388581 0.530481964491 0.683175131682 0.478836933508 2.05193396644 9.50876618384
Rudy Gay 7.52055956454 1.55851799627 0.517419350273 0.871982970982 0.474997887462 2.12198602705 12.18807248
Michael Gbinije 2.53748870235 1.45574098331 0.506265745139 0.579323138707 0.468869354459 1.89456752764 2.55532841534
Alonzo Gee 2.61115054147 1.52344561375 0.516345741223 0.967240877173 0.472254067131 2.03021597376 3.57601652815
Paul George 8.72549356058 1.59272756148 0.51714374707 0.873232957266 0.471433816428 2.14294146984 12.857899054
Marcus Georges-Hunt 4.57239700797 1.48189959053 0.51753942497 0.716710671081 0.468869354459 2.02267994898 4.46911862685
Jonathan Gibson 6.42315071579 1.66193235783 0.507592060414 0.821771725248 0.468869354459 2.16586441988 5.74497876786
Taj Gibson 6.05852461216 1.37941939991 0.523560896314 0.708629051529 0.476090074826 2.05131684316 9.54066268737
Manu Ginobili 5.80539574683 1.7903473387 0.510558183663 1.00250612612 0.471330963675 2.12475883014 7.37170044765
Rudy Gobert 5.93962267008 1.37981157476 0.538111396483 0.696041750281 0.486521779249 2.05782583447 12.2199689835
Archie Goodwin 7.03858765485 1.6679366782 0.511626655828 0.717671423055 0.473697895613 2.08807999623 5.96825429254
Aaron Gordon 6.27242627321 1.49584477137 0.516478834881 0.76314478481 0.4728791186 2.01241309988 10.5613508002
Eric Gordon 7.17485790305 1.5502494997 0.506673052282 0.706960588138 0.47258161997 2.05326162374 11.2949703813
Marcin Gortat 5.18648176292 1.42757017554 0.533322576732 0.685005855918 0.474033210971 2.04238955226 11.3587633883
Treveon Graham 4.66631585284 1.35409610956 0.509615638575 0.767740325962 0.468869354459 1.93849178639 3.6398095352
Jerami Grant 4.53060066339 1.36480216032 0.511979316907 0.717429977533 0.480919640411 1.99115490289 7.49928646175
Jerian Grant 5.36465720246 1.68555156939 0.509198285169 0.862526886422 0.470281381831 2.02660977785 6.60618436304
Danny Green 4.37820390766 1.50137103499 0.51067349966 0.827240490358 0.475791473607 2.02171669769 9.89152422614
Draymond Green 4.82236562587 2.05779138936 0.523554366762 0.985144772795 0.478783958962 2.12162215745 11.7734179341
Gerald Green 6.82150618786 1.47776928412 0.514335326492 0.695017902811 0.470888305877 2.02942270799 5.04325569031
JaMychal Green 4.95942521487 1.39824953888 0.525393834873 0.724259436596 0.472241668916 2.029719093 10.1147997508
Jeff Green 5.9557962095 1.45008506824 0.512359626129 0.727850200733 0.470942872132 2.04691743409 8.48807807103
Blake Griffin 8.44516819957 1.78934016238 0.523030370205 0.753886121017 0.471577124596 2.10256181169 12.251865487
Justin Hamilton 5.51158545672 1.43071970684 0.521362672912 0.75852426789 0.47762545898 2.01153973842 7.27601093707
A.J. Hammons 4.63585568694 1.34827859691 0.520647304274 0.579323138707 0.487531013515 2.10231740007 3.7673955493
Tim Hardaway 7.2712737041 1.56382489883 0.508347039877 0.748415486244 0.470555511687 2.04098172345 10.1147997508
James Harden 10.295254094 2.40549964526 0.521330354671 0.851078697248 0.472030899262 2.37604497924 13.0173815716
Maurice Harkless 5.18498186122 1.38984663711 0.513724318093 0.830328734185 0.476036981293 2.01159755959 10.6251438072
Justin Harper 5.6620379752 1.50247092241 0.51510956388 0.579323138707 0.468869354459 2.28263622139 4.69239415153
Montrezl Harrell 6.88957506594 1.47289416837 0.519720235166 0.687431360903 0.477673306545 2.02898055986 7.24411443355
Devin Harris 5.80683931036 1.72014654606 0.510208157727 0.855743563123 0.470247560816 2.0602698211 6.73377037714
Gary Harris 6.6503139433 1.59547641866 0.507965801651 0.832151313298 0.469604691397 2.02227064411 11.3906598918
Joe Harris 5.50515265912 1.41847392646 0.511084085012 0.759997153883 0.470971276483 2.04900441911 8.39238856046
Manny Harris 4.86309819449 1.54542763662 0.536758364871 0.579323138707 0.468869354459 2.13859118732 3.41653401052
Tobias Harris 7.08240064176 1.45106084911 0.514881285764 0.726806240552 0.47254603915 2.01244732746 11.3906598918
Aaron Harrison 1.94819398941 1.91120849717 0.516345741223 0.579323138707 0.468869354459 1.89456752764 2.49153540829
Andrew Harrison 4.52887364083 1.76096726847 0.507277626646 0.804504655183 0.472237556337 2.07454985615 7.9458375111
Udonis Haslem 3.92887899679 1.43248888801 0.527978017405 0.904982474703 0.47171084164 2.08436370739 3.99067107397
Spencer Hawes 6.00656315268 1.62824639305 0.52284110143 0.71299749453 0.478200183987 2.08154241283 6.12773681016
Gordon Hayward 8.43940335999 1.62861525708 0.51418673062 0.770471009835 0.470870749778 2.06389872801 12.4113480046
Gerald Henderson 5.75447902105 1.50625415586 0.509375725782 0.749873178895 0.47085349637 2.01384460957 8.80704310628
John Henson 5.23563833518 1.44063910698 0.525698314909 0.749287096283 0.48429247818 2.0372081617 7.59497597233
Juan Hernangomez 5.3458463187 1.38495886967 0.52112047621 0.821771725248 0.472254067131 2.00760789941 5.74497876786
Willy Hernangomez 6.30785392413 1.51260752073 0.538420240655 0.794364493726 0.475123714831 2.12851194921 7.27601093707
Mario Hezonja 5.01660776075 1.5009883039 0.513334647087 0.802113731745 0.471979630968 2.08154241283 6.12773681016
Roy Hibbert 4.93616718178 1.3525802788 0.521636057922 0.672204850734 0.485077837676 2.04613715288 5.93635778901
Buddy Hield 6.47935790173 1.49213556726 0.512775069841 0.722684042053 0.469870052118 2.05498655957 8.74325009923
Nene Hilario 7.014811661 1.45691008307 0.522640922547 0.874053934413 0.47658423027 2.08351545631 7.11652841945
George Hill 7.33182211691 1.74871738411 0.508928480947 0.78867556899 0.470330690724 2.06050361623 11.4544528989
Jordan Hill 4.14485599772 1.24647212559 0.529553465863 0.677750027572 0.468869354459 2.16991362722 3.54412002462
Solomon Hill 3.94152799947 1.47476542492 0.511094068622 0.779159549432 0.471969158657 1.9980927166 10.8803158354
Darrun Hilliard 5.08032545474 1.55396922265 0.506081685061 0.78119869648 0.471217930599 2.11418882135 4.5329116339
Jrue Holiday 6.59294463394 2.08738735202 0.51015464754 0.881827797144 0.473796336819 2.16724717672 11.8372109412
Justin Holiday 5.62428807057 1.47248249193 0.511857490335 0.843107200864 0.473472563693 2.01755545212 7.78635499348
Rondae Hollis-Jefferson 5.62378938643 1.57982074851 0.52502195583 0.900299320535 0.474979809194 2.09864041118 8.61566408513
Richaun Holmes 6.5698576083 1.42670367769 0.525727676636 0.800194961087 0.479881816741 2.04168226984 8.0734235252
Rodney Hood 6.58643445917 1.46969224049 0.510875427559 0.725869839906 0.470574246768 2.01983300628 10.0191102402
Al Horford 6.17018045251 1.82957420592 0.520031501564 0.742656923325 0.478132778614 2.05639374406 11.7096249271
Danuel House 1.28523743735 1.24647212559 0.605474127646 0.579323138707 0.468869354459 1.89456752764 1.72601932368
Dwight Howard 6.40808352143 1.42403358063 0.543525826356 0.779159549432 0.478168767052 2.13267546224 10.8803158354
Marcelo Huertas 4.2395778004 2.08761102943 0.50775430869 0.835424169927 0.471103922048 2.13337903148 4.69239415153
Josh Huestis 6.37503290153 1.61100497452 0.528667637963 0.579323138707 0.491142947526 1.89456752764 6.35101233484
Kris Humphries 5.50013193905 1.39959568002 0.529802988883 0.740167079047 0.476354247522 2.01955525577 5.33032422203
R.J. Hunter 1.28523743735 1.24647212559 0.508069533912 0.579323138707 0.468869354459 1.89456752764 2.36394939419
Serge Ibaka 6.71845790959 1.35690064335 0.5212189778 0.68672707281 0.480864687967 2.0247664705 11.1992808707
Andre Iguodala 4.54204300867 1.7334399618 0.513707231141 0.83006844494 0.473245028635 1.98809446641 9.79583471557
Ersan Ilyasova 6.94195866889 1.49182182085 0.521711982332 0.75618984705 0.471514877007 2.05949386315 9.73204170852
Joe Ingles 4.61935643041 1.67024156247 0.511677111458 0.909053216403 0.469828356383 2.06111367537 9.06221513449
Brandon Ingram 4.96372552828 1.52113750135 0.512278374382 0.716710671081 0.472865195808 2.05470805431 10.5932473037
Kyrie Irving 9.37670714964 1.8689128306 0.507113680033 0.804779602089 0.470836537892 2.11356311966 12.6027270258
Jarrett Jack 3.33437587098 1.81720537391 0.497246801275 0.978995960157 0.468869354459 2.17408553782 6.66997737009
Demetrius Jackson 7.91480295792 1.91120849717 0.522712054539 0.579323138707 0.468869354459 1.89456752764 2.49153540829
Pierre Jackson 6.00801363677 2.10746399735 0.508584902133 0.767740325962 0.468869354459 2.01169888429 4.75618715858
Reggie Jackson 7.24942685641 1.96134676364 0.505936586604 0.747798360888 0.469709356144 2.14144109868 10.1466962543
LeBron James 9.15653110305 2.11344310757 0.521869949603 0.78867556899 0.472522695121 2.2280665292 13.463932621
Al Jefferson 7.75964291383 1.48690868552 0.529484728279 0.719633810067 0.472134041859 2.00359937559 5.90446128549
Richard Jefferson 4.43428105962 1.4311211177 0.511040480126 0.676302573324 0.469997592016 2.00007187462 7.91394100758
John Jenkins 7.43265273825 1.58891207459 0.507085649127 0.579323138707 0.468869354459 1.89456752764 2.45963890476
Brandon Jennings 4.88969040282 2.07789164139 0.508947052775 0.846671850353 0.468869354459 2.11616739157 8.48807807103
Jonas Jerebko 3.99580663121 1.46103892908 0.521221209016 0.704537092263 0.471782778025 1.99186810081 6.44670184542
Amir Johnson 4.92984932801 1.58380103057 0.522015244126 0.776176916436 0.478029969849 2.04753758297 7.818251497
Brice Johnson 6.16901737084 1.62315606948 0.533322576732 2.11806350129 0.491885400628 2.20203733884 2.36394939419
James Johnson 6.55017706245 1.74138533655 0.516601323144 0.820002027536 0.478109372994 2.15266262463 10.1466962543
Joe Johnson 5.6787291637 1.53377343873 0.51146310262 0.719039273324 0.470819866846 2.01182296412 8.93462912039
Stanley Johnson 4.071144746 1.54274039607 0.512447268462 0.838661402064 0.472748463364 2.05002979173 7.08463191592
Tyler Johnson 6.46653210091 1.65096495125 0.511773959177 0.844877563697 0.473503457714 2.01838087443 10.912212339
Wesley Johnson 3.84235556671 1.34143446439 0.521802581208 0.800990417831 0.476605840566 1.97208092542 5.20273820793
Nikola Jokic 8.0312361875 1.90803174031 0.535262134552 0.768415656382 0.47546893759 2.14803726447 10.306178772
Dahntay Jones 9.73793347608 1.56037541217 0.515284689004 0.579323138707 0.468869354459 2.15079237031 5.23463471146
Damian Jones 3.80447233517 1.24647212559 0.526531842528 0.656906686401 0.479700435009 2.11160504143 4.11825708807
Derrick Jones 4.79890716325 1.3351036418 0.513162584565 0.734490234094 0.474284894734 1.96691336557 6.82945988772
James Jones 5.27976045987 1.38951666125 0.508206530528 0.662799107744 0.47469620159 1.97240798617 3.92687806692
Terrence Jones 6.46476181853 1.42279226954 0.523497684693 0.775758078611 0.478663416658 2.01232192342 8.90273261686
Tyus Jones 4.34306029374 2.00568007452 0.50647548802 0.988290676935 0.470653544084 2.03757674215 5.52170324319
DeAndre Jordan 5.80045256635 1.38906541666 0.544361536414 0.704142095564 0.481212344518 2.03035861145 11.5182459059
Cory Joseph 5.47777467256 1.74369493153 0.509801171134 0.790350388433 0.470710638152 2.06675062191 9.38118016974
Frank Kaminsky 6.33742357544 1.56398349592 0.515906685132 0.73092317443 0.473278558706 2.01237205301 9.73204170852
Enes Kanter 8.85165705261 1.40563435541 0.531290138678 0.70316542141 0.474272182198 2.1399659685 8.20100953931
Ryan Kelly 3.89863138169 1.51943150522 0.514500433015 0.866044945399 0.478876331054 2.02825005425 3.60791303167
Michael Kidd-Gilchrist 4.86063070431 1.42831954678 0.523370638675 0.806723192291 0.476805922103 1.96878437862 10.6570403107
Sean Kilpatrick 7.16732604863 1.57663335131 0.514494183964 0.73696301649 0.46978632841 2.12731359986 9.41307667326
Brandon Knight 7.16072915464 1.67492779637 0.508531167058 0.73559331771 0.469960162334 2.12771999111 8.13721653225
Kyle Korver 5.62988018499 1.47650812186 0.508813080429 0.7051743134 0.471504779593 2.01192241741 9.76393821204
Kosta Koufos 5.00442369439 1.37831150595 0.528091589291 0.744188177555 0.476924970618 2.03292894268 7.78635499348
Mindaugas Kuzminskas 6.05051574106 1.49928014163 0.511047601282 0.756359422034 0.471958756629 2.05965199003 6.15963331369
Skal Labissiere 6.64622663669 1.40936247971 0.525912417449 0.757555613138 0.473845796874 2.07738741538 7.3079074406
Jeremy Lamb 7.22662523269 1.49213556726 0.522539056894 0.722684042053 0.473872842756 1.9948294226 7.27601093707
Nicolas Laprovittola 5.11945007348 1.86780646603 0.503941275071 0.715294304768 0.471242142724 2.24324463312 4.50101513038
Joffrey Lauvergne 5.63233825727 1.51553208552 0.525076685199 0.767740325962 0.470513357757 2.07026456261 5.87256478196
Zach LaVine 7.01125733456 1.5502494997 0.507138546159 0.738869950496 0.470106776296 2.04334324274 13.2725535998
Ty Lawson 5.73047997565 1.9668238908 0.508457600023 0.868329581309 0.46978632841 2.12731359986 9.41307667326
Jake Layman 4.77743110593 1.40563435541 0.507917101058 0.857968274788 0.472111051102 2.02448434928 3.67170603872
Courtney Lee 5.10087452066 1.51806242997 0.508782002205 0.806723192291 0.471033872907 1.98131449632 11.582038913
David Lee 5.68485819191 1.56876854817 0.529657123611 0.720384134513 0.475023377499 2.05898988657 7.37170044765
Alex Len 5.72671975655 1.35780728142 0.532434010834 0.74175174841 0.48360869437 2.09146937718 7.88204450405
Kawhi Leonard 9.8897783151 1.64120080931 0.51604076813 0.934720827242 0.47369307671 2.08788687001 12.0604864659
Meyers Leonard 4.97368661789 1.47476542492 0.518236343359 0.659257702997 0.474449002015 1.9877401977 6.66997737009
Jon Leuer 5.72371875499 1.46462884985 0.519811572024 0.681170266953 0.471535305753 2.00141031918 9.66824870147
Caris LeVert 5.54404588697 1.57628756034 0.513705334779 0.852831958916 0.469930001748 2.03625868488 8.32859555341
DeAndre Liggins 3.53928971435 1.51768456519 0.511965717662 1.00137763816 0.472551921846 2.06675062191 5.39411722908
Damian Lillard 9.7614785904 1.86553487461 0.512018776184 0.744647411647 0.470792700935 2.11724761375 12.857899054
Jeremy Lin 7.95539213458 2.03058972308 0.514033080467 0.902324031144 0.472627076282 2.19576244473 9.22169765211
Shaun Livingston 4.53260088726 1.62954054311 0.509475877701 0.765611318197 0.472770379233 2.03353693383 7.0527354124
Shawn Long 8.39417154172 1.44930194153 0.536375142348 0.832961660012 0.477721679908 2.06012819521 5.55359974671
Kevon Looney 4.63948189716 1.47068875886 0.526880473972 0.814844622776 0.477089370948 2.0043781745 4.08636058455
Brook Lopez 9.09065495059 1.53916573064 0.516990975681 0.690718435226 0.482088029623 2.15425486818 10.8484193319
Robin Lopez 5.4713345232 1.38100210555 0.521984475874 0.626427435521 0.480377377543 2.01535923919 10.3380752755
Kevin Love 8.10482235183 1.47440190056 0.53550550582 0.768340380699 0.471801334863 2.09040817172 11.4225563954
Kyle Lowry 8.03534051284 1.95149554999 0.511136939419 0.843812505843 0.470715561371 2.13297994809 13.3363466069
John Lucas III 3.33437587098 1.58891207459 0.497246801275 1.77834160306 0.468869354459 1.89456752764 2.10877736598
Timothe Luwawu-Cabarrot 5.47882306897 1.48737464785 0.511089831392 0.771026672251 0.470207496678 2.09120519759 6.89325289477
Trey Lyles 5.57208532611 1.4775665697 0.51915785508 0.741153851687 0.473105436576 2.06433613505 6.60618436304
Shelvin Mack 5.29930313611 1.72807716801 0.508613141488 0.820221825608 0.469920315471 2.11920300614 8.39238856046
Ian Mahinmi 4.81112926729 1.37273490008 0.526268654157 0.984577982803 0.47915585554 2.08351545631 7.11652841945
Thon Maker 5.83887840098 1.39866765848 0.519110907613 0.712547412524 0.480493620201 1.9877401977 4.56480813743
Boban Marjanovic 8.66457524894 1.38100210555 0.5449183617 0.73633746142 0.477089370948 2.0043781745 4.08636058455
Jarell Martin 4.59005092618 1.30311632768 0.52898263382 0.777657020028 0.472330414033 2.05639374406 5.64928925729
Wesley Matthews 5.73402482616 1.56588248737 0.508322697249 0.791430206231 0.470215322071 2.02043236264 12.3156584941
Luc Mbah a Moute 4.36813404938 1.33093040898 0.507438612279 0.875045181484 0.472997793234 1.9772948311 8.51997457456
James Michael McAdoo 4.87122969621 1.37488710646 0.519384208942 0.804139100773 0.48456211321 2.03432653273 4.21394659865
Patrick McCaw 4.27073714198 1.52087764763 0.507281122925 0.797687428572 0.471917837395 1.9963787234 6.22342632074
Sheldon McClellan 4.80719412016 1.4426616797 0.509647849089 0.785404437267 0.471266859268 1.95862373831 4.46911862685
C.J. McCollum 8.69140920462 1.63391846788 0.508378754845 0.748898607237 0.472157361054 2.08783426611 12.5708305223
T.J. McConnell 4.24207407447 2.19176263118 0.510003634422 1.0055901593 0.469744489294 2.12838487456 9.79583471557
Chris McCullough 6.46955767444 1.32180891437 0.523221359604 0.711215169786 0.473472563693 2.01755545212 3.00187946469
K.J. McDaniels 5.8808780021 1.35618589566 0.51510956388 0.835424169927 0.477807624816 2.07367615552 4.69239415153
Doug McDermott 5.73402482616 1.39516315608 0.510063195188 0.637170520759 0.469878830168 1.97548063585 8.67945709218
JaVale McGee 8.44654935905 1.32494794724 0.533322576732 0.716710671081 0.490446897742 2.05470805431 4.46911862685
Rodney McGruder 4.14752604306 1.48563653441 0.511419427348 0.73633746142 0.47069602479 1.97997580853 9.44497317679
Ben McLemore 6.01524351084 1.40261054793 0.509022831606 0.75016773855 0.470061895711 2.05387831065 7.5630794688
Jordan McRae 6.05342494638 1.42757017554 0.508693922334 0.70614239936 0.473295517184 2.01282514733 4.72429065505
Josh McRoberts 4.4773923961 1.74726580822 0.51851691166 0.769918559341 0.471530169045 2.07229574221 6.9251493983
Jodie Meeks 6.28813395458 1.4853448705 0.508333503001 0.868842231318 0.469992088418 2.0445528014 7.9458375111
Salah Mejri 3.92102437416 1.30722760041 0.533904444078 0.792052221092 0.483718416503 2.01854729022 5.36222072556
Jordan Mickey 4.30405745118 1.44826709553 0.524303632868 0.697083880742 0.477089370948 2.11418882135 3.19325848584
Khris Middleton 6.68174696045 1.66364652599 0.5120531456 0.880054154195 0.470368771147 2.11490420016 11.1992808707
C.J. Miles 6.43873302792 1.34305775223 0.511122099528 0.748415486244 0.471820129609 1.96026620525 8.87083611334
Mike Miller 3.36133821879 1.7916725707 0.524303632868 0.666094211785 0.468869354459 2.17776340638 3.83118855635
Patty Mills 6.17416360891 1.84847842862 0.506142197963 0.820221825608 0.468869354459 2.07708385392 8.39238856046
Elijah Millsap 2.75527153104 1.41024775337 0.52548001685 0.579323138707 0.468869354459 2.16193258086 5.07515219383
Paul Millsap 7.28499423347 1.65639288806 0.521757107541 0.83146966871 0.474961837268 2.10256181169 12.251865487
Nikola Mirotic 6.26293621571 1.41911893321 0.522048896902 0.799143190505 0.476541369849 2.03549119111 9.06221513449
Greg Monroe 7.14577335754 1.63152682379 0.528993483677 0.901725881343 0.473984031385 2.12687805166 8.58376758161
E'Twaun Moore 5.63039845324 1.57928524871 0.506374407114 0.764713543838 0.472566711273 1.99335300915 9.34928366621
Marcus Morris 6.14011926472 1.47827762953 0.512565130546 0.721360710638 0.470993912567 1.99863423297 11.7734179341
Markieff Morris 6.34240600753 1.4517165822 0.519794160936 0.81182511657 0.473295517184 2.06209915554 11.3587633883
Anthony Morrow 5.5308838495 1.37547347624 0.501694499619 0.805165657677 0.468869354459 1.91562710375 6.06394380311
Donatas Motiejunas 4.80219843692 1.48690868552 0.520273891992 0.813174257641 0.473766385559 2.09082485394 5.90446128549
Timofey Mozgov 5.37346950837 1.39419131928 0.523242580649 0.676302573324 0.475638779803 2.09050417203 7.91394100758
Emmanuel Mudiay 6.12792787621 1.82032657137 0.510775217072 0.759644274947 0.470667483066 2.15879939664 9.57255919089
Shabazz Muhammad 7.03655639154 1.32413891815 0.512867240133 0.681301513252 0.470055748591 2.00551024302 7.59497597233
Dejounte Murray 5.79334199134 1.82257698096 0.51125269057 0.734490234094 0.474284894734 2.25629671729 4.11825708807
Jamal Murray 6.47479965648 1.61439597777 0.510334757022 0.76335853091 0.472080895785 2.09478042796 8.26480254636
Mike Muscala 5.23301261175 1.54441422811 0.5180362312 0.728353682299 0.476671404008 2.03353693383 7.0527354124
Larry Nance Jr. 4.77951061784 1.49320833338 0.525130697589 0.953689165786 0.474899759569 2.01540719143 8.71135359571
Shabazz Napier 6.04895616708 1.7513062772 0.510635748867 0.987236636888 0.468869354459 2.14815087708 4.50101513038
Maurice Ndour 4.67725785419 1.35618589566 0.518261816104 0.899449427733 0.475573057227 2.01397327956 4.69239415153
Gary Neal 3.78973996735 1.45574098331 0.503259430518 0.579323138707 0.468869354459 1.89456752764 4.2777396057
Jameer Nelson 5.08327424108 1.95016740539 0.507554165691 0.748415486244 0.469712433073 2.08603224524 10.1147997508
Raul Neto 4.5238182951 1.636145171 0.507198739332 0.958323228013 0.471514877007 2.03593295808 4.18205009513
Georges Niang 3.82104624897 1.43481409754 0.51618658339 0.744188177555 0.468869354459 2.04830243324 2.68291442944
Andrew Nicholson 4.54109072634 1.37203344022 0.516487214852 0.872416541104 0.473984031385 2.03122077706 4.2777396057
Joakim Noah 3.83507032988 1.62145161725 0.54034184526 0.788201920958 0.477200954882 2.07543212246 8.45618156751
Nerlens Noel 6.06822641536 1.43022039091 0.527867215565 0.99751738359 0.480096694053 2.0445528014 7.9458375111
Lucas Nogueira 3.88152801818 1.38452383278 0.521612115589 0.890063526065 0.488149811983 2.02335069464 7.49928646175
Steve Novak 3.70029344842 1.24647212559 0.5127078479 0.579323138707 0.468869354459 1.89456752764 2.30015638714
Dirk Nowitzki 7.34727197018 1.46049709371 0.523893680874 0.729200446751 0.474972093973 1.99938678146 9.82773121909
Jusuf Nurkic 6.6570442657 1.5809111412 0.533659733512 0.825850299601 0.480700032396 2.21065798775 8.23290604283
David Nwaba 4.68330619664 1.3789740154 0.51465019044 0.811294047639 0.473495695397 1.98727199333 7.75445848995
Johnny O'Bryant 6.68878741645 1.50447482689 0.522450425225 0.579323138707 0.472022237496 2.10516328874 3.73549904577
Kyle O'Quinn 5.83668915051 1.60866822549 0.536097636383 0.790688573128 0.488049392933 2.09166356046 6.38290883837
Daniel Ochefu 5.04199123234 1.43964337887 0.530547517082 0.748415486244 0.468869354459 2.0522443539 2.65101792591
Jahlil Okafor 7.14378740839 1.44560020166 0.520131874693 0.695527571376 0.479008581846 2.1383761885 8.64756058866
Victor Oladipo 6.68274213678 1.54146557563 0.511264195956 0.817682231018 0.470949117667 2.06126802769 11.9966934588
Kelly Olynyk 6.23315706978 1.61396865622 0.522587833791 0.772335867115 0.473360290297 2.08954838352 7.9458375111
Arinze Onuaku 2.89527477806 1.5693440775 0.521984475874 0.579323138707 0.47544536765 2.1581130801 2.52343191181
Chinanu Onuaku 4.31953857946 1.46378978553 0.518059748654 0.959780920664 0.473295517184 2.13108276702 4.72429065505
Kelly Oubre 4.78290476372 1.35780728142 0.514840406055 0.806723192291 0.471136945214 1.98544530435 7.88204450405
Zaza Pachulia 5.083502324 1.64188621034 0.532525322026 0.870797240538 0.475227378262 2.09841491628 7.1803214265
Georgios Papagiannis 5.20532835386 1.45704078988 0.523463358595 0.620283396806 0.480305899139 2.10464006945 6.54239135599
Jabari Parker 7.9676048072 1.55759750698 0.517040589579 0.773854157997 0.471585112119 2.05782583447 12.2199689835
Tony Parker 5.80228664323 1.9191220254 0.504977324587 0.710168407634 0.468869354459 2.06538408942 9.44497317679
Chandler Parsons 4.79657515528 1.54933358802 0.51084319906 0.778155346363 0.470025939693 2.00272273761 7.75445848995
Lamar Patterson 3.82104624897 1.81149804143 0.51618658339 0.744188177555 0.468869354459 2.20203733884 3.95877457045
Patrick Patterson 4.40059424295 1.43022039091 0.517044482928 0.740167079047 0.47261180099 1.96956016452 9.25359415564
Chris Paul 7.76116540776 2.34662840617 0.514425741969 0.998027999274 0.469600022591 2.12883024094 11.4544528989
Adreian Payne 6.54469275034 1.447370229 0.523221359604 0.931035221583 0.481144579082 2.05855142695 3.79929205282
Cameron Payne 5.21848302137 1.70152655446 0.508142169702 0.800618492866 0.470414055544 2.08028754783 6.15963331369
Elfrid Payton 6.19201790428 2.07927676345 0.514548448688 0.826059931541 0.472783648025 2.1246469782 10.7846263248
Gary Payton 3.53928971435 1.74871738411 0.510365265078 0.779159549432 0.478633737682 2.21135460585 6.66997737009
Paul Pierce 4.53432180059 1.38221408736 0.515772199483 0.698144788327 0.473016389805 2.06076742559 4.94756617973
Marshall Plumlee 3.92887899679 1.47899307861 0.529314157237 0.742152806705 0.474552328822 2.12232294334 3.99067107397
Mason Plumlee 5.70828341485 1.7439792213 0.527877176663 0.803290738652 0.478423184944 2.09181231218 9.85962772262
Miles Plumlee 3.89409423943 1.42086284036 0.518291003625 0.823567640704 0.475262700617 2.09385351638 4.85187666916
Jakob Poeltl 4.29711763506 1.31141763316 0.526169621254 0.749873178895 0.476805922103 2.02709761868 5.10704869736
Otto Porter 5.91779886553 1.41979295867 0.518493883753 0.882755725544 0.47239942289 1.95115706345 11.8053144377
Bobby Portis 6.19791547695 1.36720415889 0.529159987256 0.70614239936 0.471820129609 2.01282514733 6.38290883837
Kristaps Porzingis 7.50449753089 1.41873612432 0.521004019259 0.720061586504 0.482903528952 2.06330096062 11.8691074447
Dwight Powell 5.65002074829 1.37711395584 0.522270460552 0.884275811721 0.475521390924 1.96565881347 6.9251493983
Norman Powell 6.54469275034 1.47666786908 0.510474585609 0.835779865804 0.471426692922 2.04830243324 7.14842492297
Alex Poythress 5.88797777396 1.36149012373 0.517074708397 0.7051743134 0.471504779593 1.95324497253 9.76393821204
Ronnie Price 2.45922299829 1.75656496628 0.506265745139 1.1288732682 0.471266859268 1.95862373831 4.46911862685
Tim Quarterman 5.56793676364 1.77382964704 0.516727720022 0.711215169786 0.478075772926 2.32502526332 3.00187946469
Chasson Randle 6.47935790173 1.67228875782 0.508540087505 0.751356222723 0.470870749778 2.08172306489 5.07515219383
Julius Randle 6.45077390546 1.71732705546 0.529564683455 0.739608593143 0.472865195808 2.1401163352 10.5932473037
Zach Randolph 7.77138786707 1.50784465809 0.533469824795 0.713906843889 0.469808784915 2.07026456261 9.22169765211
J.J. Redick 7.28005732298 1.43347833887 0.505690067871 0.743018921961 0.470501698159 2.03630892997 10.4018682825
Willie Reed 5.40471228841 1.3503849377 0.532327382926 0.715763170857 0.479980549161 1.9793867859 6.03204729959
Josh Richardson 5.0543084579 1.56757974989 0.508601799452 0.817161227537 0.474151725711 2.01553925664 11.1354878636
Malachi Richardson 5.79334199134 1.45574098331 0.509272059761 0.725869839906 0.468869354459 2.03122077706 4.2777396057
Austin Rivers 6.15009846684 1.62586602592 0.505811553722 0.721652668648 0.469697269789 2.07152857006 10.2742822684
Andre Roberson 3.7564575417 1.371616293 0.51558432169 0.842230841854 0.476515881425 1.95585719101 11.0079018495
Brian Roberts 5.19077356086 1.73131284545 0.507962378144 0.709909308092 0.468869354459 2.07722286103 4.62860114448
Glenn Robinson 4.60642557495 1.37385316942 0.516068944992 0.770471009835 0.472205013324 1.96883559798 8.00963051815
Thomas Robinson 6.10158845657 1.43964337887 0.539797715917 0.861143717935 0.472803721325 2.15736223807 5.13894520088
Sergio Rodriguez 5.22730195766 2.10794661611 0.508409260946 0.786328568651 0.469901464152 2.15653732194 8.51997457456
Rajon Rondo 4.57767334757 2.19170898854 0.517919436649 0.925107489849 0.470593402861 2.17094488602 9.92342072967
Derrick Rose 7.52722835826 1.75644423425 0.509901073282 0.721360710638 0.470993912567 2.11216154787 11.7734179341
Terrence Ross 6.22439581324 1.41155273845 0.508457600023 0.868329581309 0.472537250263 2.00481566712 9.41307667326
Terry Rozier 4.91017530971 1.64298154022 0.516866959857 0.810712666915 0.470215322071 2.00245167192 6.86135639125
Ricky Rubio 5.08766605052 2.28836388529 0.510734097267 0.920077626296 0.46956893033 2.13755278877 11.9010039482
Damjan Rudez 4.18330465063 1.46172009353 0.50652342925 0.86194891959 0.468869354459 1.98241604513 3.6398095352
Brandon Rush 3.44665742899 1.41847392646 0.507624764078 0.729884818021 0.47412415952 1.97880583208 8.39238856046
D'Angelo Russell 7.41123317274 1.87646617809 0.510445255711 0.901011019386 0.471275212943 2.19453807515 10.5613508002
Domantas Sabonis 4.59342361503 1.4338770728 0.516630800028 0.743367953481 0.473449662154 2.04753758297 7.818251497
Larry Sanders 4.75301017119 1.24647212559 0.530547517082 1.08660018132 0.486574005358 2.36759800641 2.23636338009
Dario Saric 6.77038366274 1.56156896079 0.523171978315 0.75484485307 0.4723698938 2.1634574766 9.79583471557
Tomas Satoransky 3.70029344842 1.72480094323 0.510131006796 0.841013676561 0.47069602479 2.06538408942 5.42601373261
Dennis Schroder 7.68960819262 1.99984001338 0.507897744505 0.767740325962 0.470330690724 2.21667875842 11.4544528989
Luis Scola 5.77573220793 1.54075645676 0.530222314779 0.785404437267 0.470667483066 2.11075723864 5.48980673966
Mike Scott 3.89409423943 1.56037541217 0.518291003625 0.701445389706 0.473131585231 2.00844523549 4.85187666916
Thabo Sefolosha 4.44266475143 1.49564049315 0.515775993339 0.964222062088 0.473347184453 2.00224178059 9.60445569442
Wayne Selden 4.686322234 1.44707304246 0.504291183465 0.735408382587 0.470231250682 2.05830884722 6.79756338419
Kevin Seraphin 5.9317487101 1.41168438169 0.524778314124 0.637170520759 0.476945160132 2.05639374406 5.04325569031
Ramon Sessions 5.59854735012 1.85102660344 0.507267850013 0.782860223705 0.470290098049 2.06538408942 6.57428785952
Iman Shumpert 4.60002019764 1.45327899675 0.509555007019 0.786212599222 0.472479714642 2.01514392419 9.54066268737
Pascal Siakam 4.31953857946 1.31891134557 0.520834808305 0.790688573128 0.480672455058 2.01282514733 6.38290883837
Jonathon Simmons 5.21083409953 1.58506443471 0.510015193712 0.801613078727 0.472748463364 2.06730337663 7.08463191592
Kyle Singler 3.91496509384 1.34064311157 0.510775217072 0.689233164606 0.472705362154 1.97143498044 5.23463471146
Marcus Smart 5.2149996308 1.81645440911 0.511131228014 0.926407431019 0.471897781586 2.09685029817 11.1035913601
Ish Smith 5.68110702319 2.05923416221 0.510270006523 0.798231074107 0.472689445109 2.07318069597 9.09411163801
J.R. Smith 4.62745288255 1.4413086483 0.507696336235 0.806723192291 0.471250324752 1.95818197134 10.6570403107
Jason Smith 5.7463825689 1.37726516167 0.523552054213 0.716710671081 0.480057710235 2.06538408942 6.00015079606
Tony Snell 4.56596421037 1.40127374637 0.508736688664 0.737412901986 0.470445795977 1.96827604403 10.7208333178
Marreese Speights 7.53054151692 1.43841298872 0.528267372528 0.705334633368 0.476199305468 2.0512400429 6.41480534189
Tiago Splitter 7.09831962539 1.4447268329 0.529145381679 0.64873999717 0.471292096161 2.15348947391 4.43722212333
Nik Stauskas 5.19280981535 1.57641426623 0.508306528058 0.723730472005 0.472229361199 2.07411194294 10.1466962543
Lance Stephenson 5.09806218451 1.86490845139 0.51286168916 0.677750027572 0.471159508306 2.10872560509 7.818251497
Jarnell Stokes 6.11534945948 2.32271196528 0.528168894524 1.52140907498 0.468869354459 1.89456752764 2.52343191181
Diamond Stone 5.92593330175 1.24647212559 0.525895211197 0.579323138707 0.475638779803 2.16586441988 2.49153540829
Rodney Stuckey 5.8439948515 1.71203655063 0.5106232124 0.727516432054 0.468869354459 2.13639771622 7.08463191592
Jared Sullinger 4.86644198959 1.35208444631 0.522533559773 0.825850299601 0.471020386811 2.00950951314 4.81998016563
Edy Tavares 4.50531211877 1.38100210555 0.539764679492 0.579323138707 0.518189453393 2.11418882135 5.87256478196
Isaiah Taylor 1.97879198412 1.47827762953 0.503906944436 0.73150625149 0.474180749729 1.89456752764 5.55359974671
Jeff Teague 6.60730531359 2.15330384237 0.510608199593 0.823567640704 0.47171084164 2.14130256132 11.7415214306
Mirza Teletovic 5.73768637956 1.40923679271 0.51261240934 0.660737972706 0.47171084164 1.98946561752 6.57428785952
Garrett Temple 4.59005092618 1.61465943917 0.508639151419 0.901615695854 0.472330414033 2.03327571315 9.89152422614
Jason Terry 3.79654568074 1.51260752073 0.505481489151 0.794364493726 0.472621970682 1.97811910677 7.27601093707
Isaiah Thomas 10.9216443612 1.9039973531 0.505892179417 0.754919038072 0.470231250682 2.14927624698 12.18807248
Lance Thomas 4.50531211877 1.38997077088 0.51322321612 0.73633746142 0.469965356657 1.96777462555 8.10532002873
Hollis Thompson 4.34259557902 1.42679954554 0.513365764777 0.754711477907 0.471317870009 1.94363185922 7.40359695117
Klay Thompson 8.67720299279 1.47912985564 0.50902448091 0.734490234094 0.472254067131 2.0392592035 12.251865487
Tristan Thompson 4.3383851704 1.37245337773 0.530547517082 0.689600756666 0.477336796193 1.97683369786 10.9441088425
Marcus Thornton 5.56016416958 1.50625415586 0.511552712232 0.806723192291 0.470192115733 2.03593295808 6.95704590182
Mike Tobey 2.18685834815 1.39714570315 0.51023408044 0.579323138707 0.468869354459 2.01755545212 5.39411722908
Anthony Tolliver 4.81029716569 1.44560020166 0.514410606338 0.724578679543 0.471911122675 2.01647185807 8.64756058866
Axel Toupane 3.95953674904 1.24647212559 0.499998343471 0.746982500248 0.47472089162 1.89456752764 5.17084170441
Karl-Anthony Towns 8.93073907959 1.52134959816 0.533225074636 0.704085870809 0.476956073383 2.11062739497 13.2087605928
P.J. Tucker 4.02113422283 1.41024775337 0.519990224933 0.913831913181 0.470537183891 1.98368921205 10.2104892614
Evan Turner 5.26297674969 1.71917354538 0.513374795009 0.786212599222 0.472479714642 2.07543212246 9.54066268737
Myles Turner 6.48965750366 1.40242407689 0.522407931291 0.768340380699 0.484262251578 2.02186394629 11.4225563954
Beno Udrih 5.82464827297 2.13586477089 0.508520481105 0.716710671081 0.468869354459 2.08673615964 6.00015079606
Tyler Ulis 5.756591139 2.00393440407 0.506657873134 0.866044945399 0.470120226533 2.11180163338 7.27601093707
Jarrod Uthoff 5.15938978844 1.54075645676 0.51753942497 0.682363787987 0.476061868887 1.96663076464 5.48980673966
Jonas Valanciunas 6.52721947687 1.34867319564 0.537097948582 0.707125494403 0.476006112961 2.0494941767 9.63635219794
Denzel Valentine 4.64654346445 1.48878343453 0.51370241815 0.772147745547 0.470215322071 2.05639374406 6.86135639125
Fred VanVleet 5.42242199639 1.67560573256 0.512316428998 0.913227014855 0.471782778025 2.0502484447 3.92687806692
Anderson Varejao 3.50513740712 1.64598539942 0.528403152806 0.779159549432 0.475843913904 2.17408553782 3.5122235211
Greivis Vasquez 3.27920675931 1.73905882145 0.503074426541 0.73150625149 0.474180749729 1.96552209946 5.55359974671
Rashad Vaughn 4.80719412016 1.44826709553 0.508842586243 0.873724993793 0.472979362703 1.97692551279 4.97946268326
Noah Vonleh 4.18518773524 1.33458532884 0.530158035025 0.733582824179 0.474253224908 2.05639374406 6.86135639125
Nikola Vucevic 6.9986338339 1.6126926266 0.536328891353 0.80830235933 0.476861037156 2.06538408942 10.5932473037
Sasha Vujacic 4.77088528837 1.71247288092 0.512867240133 0.783279887798 0.468869354459 2.02135920236 4.50101513038
Dwyane Wade 8.18308972314 1.72520088372 0.513535194876 0.888100468991 0.474257726472 2.13108276702 10.9441088425
Dion Waiters 7.20118859624 1.78459204544 0.509112255661 0.776503916067 0.471927965245 2.1192962933 11.0079018495
Kemba Walker 8.82039778696 1.84352160438 0.509410679455 0.788373908428 0.470859214358 2.08064435863 12.4751410117
John Wall 8.43751870089 2.35375734527 0.509734569703 0.941663883428 0.472663208223 2.24089341388 13.0173815716
Taurean Waller-Prince 5.15514646713 1.45069836023 0.514850041107 0.857408746403 0.475801898486 2.07979030547 6.70187387362
T.J. Warren 6.52045562908 1.3801341702 0.515051942065 0.834598037569 0.473324073072 1.9838329567 11.2949703813
C.J. Watson 4.3966592921 1.66244212498 0.506542399859 0.862526886422 0.468869354459 2.04547295645 6.60618436304
Briante Weber 4.67725785419 1.64875594917 0.510906560914 0.963474685538 0.471103922048 2.01397327956 4.69239415153
David West 5.39977730806 1.90417424985 0.523015212316 0.893351784132 0.481656046775 2.16299355329 5.42601373261
Russell Westbrook 11.5783085288 2.37870132111 0.530715945557 0.884275811721 0.471530169045 2.37443370697 12.4432445082
Okaro White 3.62277313201 1.41388721177 0.515685530953 0.725869839906 0.473984031385 2.00844523549 5.71308226434
Isaiah Whitehead 4.99190118174 1.68175134965 0.509272059761 0.755179180145 0.473984031385 2.15420870154 8.58376758161
Hassan Whiteside 7.16236760743 1.32735518103 0.544056779859 0.720925012564 0.483695641868 2.08319931365 11.8053144377
Andrew Wiggins 8.43518820846 1.47936811241 0.508884148197 0.756597374028 0.471344198133 2.08466983026 13.2725535998
C.J. Wilcox 3.58529078122 1.63084349691 0.508290406007 0.713906843889 0.468869354459 2.08281435082 2.96998296117
Alan Williams 6.80841189091 1.37120190834 0.541684511441 0.841360286545 0.479539044736 2.05746544086 6.22342632074
Deron Williams 6.07183493676 2.06092389617 0.50685772215 0.706632049015 0.46975800489 2.15573879584 9.66824870147
Derrick Williams 5.55533647141 1.38685123512 0.514724506155 0.702203913004 0.470298922544 2.00915255045 6.54239135599
Lou Williams 9.30269980471 1.70584278888 0.508245513305 0.847396372606 0.470740577725 2.1445429839 9.25359415564
Marvin Williams 5.46493702383 1.42109382144 0.520899130879 0.754014570599 0.474204199597 1.97601648425 11.0397983531
Reggie Williams 5.12737200041 1.44622876251 0.505445841152 0.829118652113 0.468869354459 1.89456752764 5.61739275376
Troy Williams 5.04199123234 1.40848672512 0.510629750235 0.898416762284 0.47258161997 2.07640451276 7.33980394412
Kyle Wiltjer 4.55724880718 1.36798307524 0.521685229811 1.00478130348 0.476293885481 2.2913027679 2.39584589771
Justise Winslow 4.82546363609 1.64812359314 0.513465305515 0.845387754716 0.470859214358 2.0540619542 12.4751410117
Jeff Withey 5.13038543928 1.2907878837 0.527805105192 0.812073781787 0.485115975284 2.00308628454 4.11825708807
Christian Wood 4.99617716167 1.33834625825 0.526283401033 0.740167079047 0.482903528952 2.08204911984 4.0225675775
Metta World Peace 5.33548762258 1.48189959053 0.510775217072 0.991485735827 0.472465611673 2.03869400164 3.44843051404
Brandan Wright 6.07509852596 1.36418585806 0.51618658339 0.744188177555 0.478938874658 1.97143498044 6.51049485247
Delon Wright 5.1102958468 1.72588805418 0.509053418697 0.978995960157 0.474449002015 2.06227833375 6.66997737009
James Young 4.69597443544 1.29603580242 0.510063195188 0.839636357941 0.471897781586 1.93502408175 3.83118855635
Joe Young 7.05781034185 1.70584278888 0.510445255711 0.740167079047 0.468869354459 2.0445528014 2.71481093296
Nick Young 7.02915443664 1.39190994177 0.50685772215 0.732093831076 0.470646655321 1.96579605533 9.66824870147
Thaddeus Young 5.39029953122 1.44603977799 0.519107287728 0.906869573505 0.471917837395 2.02692208213 11.0397983531
Cody Zeller 5.46090982099 1.46326864006 0.522551751686 0.816539021942 0.476320592427 2.00516817915 10.2742822684
Tyler Zeller 5.11493790797 1.5390421791 0.52246481907 0.643348396512 0.477807624816 2.01397327956 4.69239415153
Stephen Zimmerman 3.65792404471 1.37864193047 0.531423851708 0.695017902811 0.480983062969 2.00245167192 3.22515498937
Paul Zipser 4.51369772992 1.40342376888 0.513029953038 0.682363787987 0.473664364077 2.03869400164 7.53118296528
Ivica Zubac 6.56817246156 1.43481409754 0.525656474447 0.744188177555 0.481815880429 2.04830243324 6.51049485247
