76.7	+46.1
83.5	+42.1
79.5	+42.0
81.5	+36.8
85.5	+36.6
90.5	+34.3
77.4	+32.9
90.2	+32.0
82.1	+30.2
79.8	+28.7
94.9	+28.7
74.4	+28.7
85.6	+26.1
67.8	+25.5
93.7	+24.4
83.0	+24.4
86.7	+24.3
79.7	+23.9
84.7	+23.3
88.7	+22.7
84.5	+22.6
73.1	+22.5
81.1	+22.3
81.7	+22.1
76.2	+21.7
84.7	+21.0
88.5	+20.8
76.2	+20.1
86.7	+20.1
88.9	+19.4
80.0	+19.3
86.0	+19.1
76.0	+19.1
84.9	+19.0
64.5	+18.8
72.2	+18.8
92.5	+18.7
79.5	+18.7
78.2	+18.4
90.2	+18.3
79.1	+18.1
96.8	+17.6
92.7	+17.5
78.9	+17.4
70.7	+17.2
76.4	+16.6
94.6	+16.6
83.4	+16.6
81.3	+16.5
79.8	+16.4
92.8	+15.9
89.5	+15.6
85.7	+15.5
63.5	+15.4
93.7	+15.4
87.0	+15.2
86.4	+15.2
83.7	+15.1
90.9	+14.9
83.6	+14.8
80.5	+14.6
76.5	+14.6
68.4	+14.6
86.8	+14.5
71.4	+14.5
86.2	+14.4
78.7	+14.3
75.2	+14.2
88.5	+14.1
72.4	+13.9
88.5	+13.9
75.3	+13.9
81.7	+13.9
81.7	+13.8
73.2	+13.7
83.2	+13.7
90.3	+13.4
64.3	+13.4
87.9	+13.3
81.5	+13.3
92.4	+13.2
67.8	+13.1
95.3	+12.8
91.6	+12.8
72.4	+12.7
77.1	+12.7
73.6	+12.2
65.9	+12.1
88.7	+11.9
77.3	+11.9
75.9	+11.8
79.7	+11.7
74.6	+11.7
68.3	+11.7
82.3	+11.5
73.3	+11.5
82.7	+11.4
88.2	+11.4
80.2	+11.3
76.3	+11.1
83.6	+11.1
77.4	+11.0
80.1	+10.6
83.1	+10.3
84.2	+10.2
88.3	+10.2
61.7	+10.2
76.8	+10.0
77.0	+10.0
86.1	+9.9
86.8	+9.9
83.1	+9.8
76.0	+9.7
61.0	+9.5
81.5	+9.5
79.3	+9.5
78.7	+9.5
73.9	+9.3
77.2	+9.3
74.2	+9.2
73.3	+9.2
81.3	+9.2
71.4	+9.1
63.8	+9.0
66.6	+9.0
73.0	+8.9
89.1	+8.8
78.7	+8.8
85.1	+8.7
82.4	+8.6
81.8	+8.6
77.7	+8.5
80.8	+8.5
83.5	+8.4
76.3	+8.3
95.6	+8.3
64.7	+8.2
76.1	+8.0
71.6	+8.0
95.3	+7.8
89.3	+7.6
85.4	+7.3
88.4	+7.1
82.7	+6.9
80.3	+6.7
86.4	+6.7
76.5	+6.5
73.1	+6.4
78.0	+6.4
76.3	+6.1
89.7	+6.0
88.2	+5.9
78.5	+5.9
73.7	+5.8
84.0	+5.6
85.2	+5.6
72.7	+5.3
69.1	+5.1
75.3	+5.0
77.0	+4.8
66.9	+4.7
82.1	+4.7
82.9	+4.7
79.1	+4.5
68.5	+4.3
76.5	+4.2
74.8	+4.2
75.4	+4.1
73.5	+4.1
79.5	+3.9
86.3	+3.8
74.5	+3.7
83.9	+3.7
90.7	+3.5
92.5	+3.5
76.9	+3.5
65.7	+3.5
68.5	+3.5
75.0	+3.5
87.5	+3.4
80.1	+3.4
77.7	+3.3
76.6	+3.2
71.8	+3.1
67.7	+3.1
76.9	+3.0
77.8	+3.0
80.3	+2.9
83.8	+2.9
79.2	+2.9
80.7	+2.8
87.1	+2.7
94.3	+2.7
75.5	+2.6
76.8	+2.6
70.6	+2.5
76.2	+2.5
78.9	+2.5
83.5	+2.4
78.5	+2.3
75.8	+2.3
86.8	+2.2
88.3	+2.2
88.3	+2.2
80.4	+2.1
73.1	+2.0
73.8	+2.0
66.8	+1.8
93.2	+1.8
74.2	+1.8
74.1	+1.7
79.0	+1.6
72.2	+1.6
79.5	+1.6
83.2	+1.4
61.7	+1.4
88.4	+1.4
67.6	+1.3
67.0	+1.3
76.3	+1.2
68.1	+1.1
70.3	+0.9
76.9	+0.9
75.0	+0.8
72.0	+0.7
74.1	+0.7
79.5	+0.7
63.8	+0.7
79.7	+0.6
84.2	+0.5
78.2	+0.5
71.1	+0.3
90.8	0.0
80.4	0.0
79.1	0.0
80.5	0.0
80.2	0.0
66.8	0.0
83.5	0.0
73.9	0.0
73.9	0.0
72.0	0.0
80.3	0.0
86.3	0.0
83.2	-0.7
84.6	-0.8
74.2	-0.9
66.9	-0.9
72.6	-0.9
87.6	-1.1
84.8	-1.5
74.2	-1.6
81.8	-1.6
79.3	-1.6
77.6	-1.6
79.7	-1.6
68.0	-1.7
69.8	-1.8
56.9	-1.9
61.6	-1.9
76.3	-1.9
68.2	-2.0
75.0	-2.2
68.6	-2.3
72.5	-2.4
81.7	-2.4
67.4	-2.7
76.2	-2.7
72.0	-2.7
71.4	-2.8
73.8	-3.0
87.0	-3.1
75.4	-3.1
71.0	-3.2
69.5	-3.2
76.2	-3.4
77.3	-3.4
68.3	-3.4
63.7	-3.5
78.0	-3.8
70.9	-3.8
72.3	-3.9
77.8	-4.0
82.7	-4.0
71.7	-4.2
73.4	-4.5
72.2	-4.9
68.7	-4.9
74.4	-4.9
73.1	-5.0
73.1	-5.1
75.2	-5.4
74.6	-5.4
79.1	-5.7
80.7	-6.0
74.3	-6.0
75.2	-6.3
75.9	-6.3
76.3	-6.3
70.5	-6.3
59.7	-6.4
75.7	-6.5
83.1	-6.8
69.1	-7.5
76.2	-7.7
82.6	-7.8
73.5	-7.8
66.7	-7.9
72.4	-8.1
88.0	-8.5
77.9	-8.6
75.2	-8.6
78.8	-8.6
84.4	-8.6
86.9	-8.7
73.3	-8.8
72.5	-8.9
83.4	-9.3
71.7	-9.7
80.3	-9.8
89.8	-9.9
81.7	-10.0
77.1	-10.1
74.5	-10.5
78.0	-10.8
75.6	-10.9
82.2	-11.0
76.6	-11.0
71.4	-11.1
80.8	-11.2
70.7	-11.2
71.8	-11.4
72.5	-11.4
73.7	-11.6
79.9	-11.6
74.8	-11.7
82.5	-11.7
74.2	-11.9
75.6	-12.1
79.6	-12.2
76.2	-12.4
81.9	-12.5
80.4	-12.5
79.0	-12.7
72.3	-12.7
72.3	-12.8
68.0	-13.1
69.0	-13.5
79.7	-13.6
81.2	-13.7
78.0	-13.8
70.8	-13.9
73.9	-14.0
62.9	-14.3
75.0	-14.4
81.1	-14.6
76.4	-14.7
76.6	-14.8
72.1	-14.8
76.0	-15.1
78.6	-15.2
76.3	-15.3
82.7	-15.7
64.5	-16.1
81.0	-16.2
76.5	-16.3
75.8	-16.4
71.0	-16.6
68.3	-16.7
75.3	-16.9
81.2	-17.1
69.3	-18.0
78.2	-18.8
74.1	-18.8
74.2	-18.9
81.4	-19.2
69.0	-19.4
65.6	-19.6
62.3	-19.8
79.6	-21.9
78.5	-22.2
80.0	-22.6
72.5	-23.8
91.0	-24.5
74.5	-27.2
89.0	-27.7
69.6	-28.7
66.0	-29.1
77.1	-34.2
79.8	-37.8
64.7	-39.3
94.0	+42.1
66.5	+39.1
85.8	+38.5
76.2	+35.6
83.9	+32.6
75.9	+30.1
74.5	+30.0
76.9	+29.5
80.4	+29.5
89.4	+28.7
89.9	+28.0
84.4	+26.0
75.2	+25.6
88.5	+25.3
80.8	+24.3
85.7	+23.5
75.2	+23.2
79.8	+23.1
86.0	+22.2
75.0	+22.1
75.5	+22.0
76.1	+21.7
76.2	+21.1
80.5	+20.7
93.6	+20.5
81.6	+20.4
68.4	+19.5
74.2	+19.5
82.5	+19.3
79.6	+19.1
86.8	+19.0
78.0	+18.8
90.4	+18.7
78.3	+18.4
80.6	+17.9
78.9	+17.6
81.0	+17.6
80.4	+17.4
81.1	+17.3
80.0	+17.1
85.3	+16.7
81.9	+16.7
80.3	+16.6
84.5	+16.6
71.0	+16.6
80.2	+16.5
64.0	+16.2
84.3	+16.1
87.0	+16.1
78.0	+15.5
85.3	+15.3
88.1	+15.2
88.8	+15.0
78.3	+14.9
90.8	+14.7
81.5	+14.7
88.6	+14.6
76.7	+14.4
91.0	+14.1
81.9	+13.9
75.2	+13.8
81.4	+13.8
76.9	+13.5
81.6	+13.3
75.8	+13.3
76.7	+13.2
83.1	+13.2
69.6	+13.2
83.6	+13.1
83.3	+12.8
65.0	+12.7
78.2	+12.7
75.7	+12.7
66.8	+12.7
84.6	+12.5
74.2	+12.5
78.5	+12.4
86.1	+12.3
86.5	+12.2
79.4	+12.1
87.5	+12.1
67.4	+12.1
80.9	+12.0
79.2	+11.9
81.0	+11.9
66.5	+11.7
90.2	+11.2
84.3	+11.1
80.8	+10.9
83.0	+10.7
92.7	+10.7
77.5	+10.7
71.5	+10.6
73.8	+10.6
80.5	+10.5
59.0	+10.5
64.8	+10.4
76.3	+10.3
88.0	+10.3
74.9	+10.3
79.4	+10.2
84.6	+10.2
78.8	+10.0
81.1	+9.9
80.6	+9.9
66.2	+9.9
88.2	+9.8
85.1	+9.5
75.1	+9.5
82.5	+9.5
83.3	+9.2
79.1	+9.2
73.3	+8.9
84.0	+8.8
69.4	+8.7
86.0	+8.7
87.8	+8.7
78.7	+8.7
83.9	+8.5
73.2	+8.4
79.3	+8.2
80.9	+8.1
87.4	+8.1
79.6	+8.0
77.8	+8.0
95.1	+8.0
74.3	+7.9
83.5	+7.7
84.9	+7.7
67.5	+7.4
76.4	+7.4
92.7	+7.3
80.0	+7.2
84.7	+7.2
73.2	+7.1
78.3	+7.0
72.5	+7.0
84.6	+6.8
82.7	+6.7
75.6	+6.5
81.4	+6.4
78.2	+6.4
82.4	+6.3
77.8	+6.3
77.3	+6.2
76.2	+6.0
77.8	+5.8
82.5	+5.7
76.9	+5.7
77.7	+5.6
86.7	+5.6
82.9	+5.6
73.6	+5.5
75.2	+5.4
61.8	+5.3
81.0	+5.2
83.9	+5.0
78.7	+5.0
80.8	+4.9
72.8	+4.9
85.1	+4.8
83.4	+4.7
66.0	+4.7
73.4	+4.6
87.8	+4.6
98.1	+4.6
77.4	+4.5
69.4	+4.4
84.3	+4.3
87.4	+4.2
76.0	+4.2
67.8	+4.0
85.4	+4.0
90.8	+4.0
85.6	+3.8
84.7	+3.7
80.9	+3.6
72.4	+3.6
77.1	+3.6
76.8	+3.6
90.3	+3.5
72.3	+3.5
91.2	+3.4
79.3	+3.3
78.6	+3.3
82.7	+3.2
77.6	+3.1
83.1	+3.1
77.7	+2.8
80.3	+2.8
76.8	+2.8
74.6	+2.8
77.3	+2.6
76.3	+2.6
66.4	+2.5
81.7	+2.5
60.2	+2.5
82.9	+2.3
83.3	+2.3
92.8	+2.2
87.0	+2.0
79.1	+1.9
83.5	+1.8
86.8	+1.8
76.3	+1.7
77.9	+1.6
83.0	+1.6
72.6	+1.5
79.1	+1.4
78.4	+1.4
86.7	+1.3
73.0	+1.3
71.8	+1.3
71.7	+1.2
83.7	+1.1
78.9	+0.9
61.4	+0.8
66.2	+0.8
88.1	+0.7
74.2	+0.7
65.0	+0.7
83.0	+0.6
80.4	+0.6
82.7	+0.6
75.8	+0.6
86.1	+0.5
80.2	+0.4
83.6	+0.3
82.3	+0.2
84.8	0.0
75.3	0.0
68.5	0.0
88.1	0.0
73.1	-0.4
91.8	-0.6
73.3	-0.6
83.0	-0.7
62.5	-0.8
62.0	-0.8
71.8	-0.9
72.5	-0.9
72.5	-0.9
74.9	-0.9
74.9	-1.0
88.1	-1.1
71.0	-1.1
75.6	-1.1
78.5	-1.2
78.0	-1.3
83.5	-1.3
81.0	-1.5
74.7	-1.5
74.9	-1.5
76.7	-1.6
78.0	-1.7
79.2	-1.7
76.7	-2.0
80.5	-2.0
73.8	-2.1
81.3	-2.1
73.9	-2.2
84.6	-2.2
80.4	-2.2
78.7	-2.3
82.8	-2.4
74.6	-2.6
78.0	-2.7
78.8	-2.8
81.6	-2.8
82.2	-2.9
71.7	-2.9
85.5	-3.0
75.2	-3.4
72.3	-3.4
79.1	-3.4
65.3	-3.4
76.8	-3.5
85.8	-3.5
81.0	-3.5
81.9	-3.7
77.3	-4.0
74.1	-4.0
81.5	-4.0
87.2	-4.3
62.3	-4.5
74.9	-4.6
81.8	-5.0
73.7	-5.1
83.5	-5.4
83.5	-5.5
75.7	-5.5
79.2	-5.7
75.7	-5.7
86.3	-5.8
75.0	-5.9
92.4	-6.0
81.5	-6.1
67.5	-6.5
68.2	-6.6
77.2	-6.8
86.1	-6.9
69.5	-7.0
73.5	-7.3
64.3	-7.3
75.5	-7.3
73.9	-7.4
79.4	-7.4
69.9	-7.4
78.6	-7.5
80.3	-7.8
73.4	-7.9
72.6	-8.0
66.4	-8.0
71.1	-8.0
68.9	-8.2
63.9	-8.2
75.0	-8.3
69.5	-8.4
69.5	-8.4
75.0	-8.8
89.8	-9.0
77.9	-9.1
77.5	-9.2
72.6	-9.2
71.1	-9.2
66.4	-9.2
80.5	-9.5
72.8	-9.5
67.6	-9.6
76.1	-9.6
67.1	-9.7
69.2	-9.8
74.0	-10.0
74.3	-10.5
74.1	-10.6
75.6	-10.6
77.6	-10.7
81.9	-10.8
81.5	-11.0
72.2	-11.1
59.9	-11.1
82.3	-11.4
69.8	-11.4
68.9	-11.5
75.4	-11.6
76.3	-11.7
80.8	-11.8
77.6	-11.8
75.6	-12.0
70.1	-12.2
73.7	-12.3
75.5	-12.7
76.6	-12.8
74.7	-12.8
80.0	-12.9
77.2	-13.2
85.3	-13.4
73.4	-13.5
76.3	-13.6
74.5	-13.8
65.4	-13.9
64.0	-14.3
80.1	-14.5
82.4	-14.5
86.7	-14.7
63.8	-15.0
61.7	-15.2
78.8	-15.3
71.3	-16.2
80.2	-16.9
78.5	-17.2
67.4	-18.1
75.4	-18.5
75.1	-18.5
71.2	-18.7
72.2	-19.0
77.4	-19.7
73.6	-19.8
75.2	-19.9
70.2	-19.9
91.5	-20.1
65.3	-20.2
77.7	-20.4
70.3	-20.9
76.7	-22.3
66.4	-23.2
73.4	-23.3
68.9	-23.8
66.5	-26.0
72.4	-28.4
80.7	-29.5
73.6	-30.9
75.2	-34.6
86.8	+40.4
92.3	+33.6
73.6	+33.6
76.9	+31.6
80.8	+29.7
73.7	+29.2
76.4	+28.8
95.5	+28.7
74.5	+28.5
81.7	+27.9
83.3	+27.8
81.3	+26.1
78.6	+25.7
86.6	+25.5
75.7	+25.1
87.7	+23.2
84.5	+22.8
79.2	+22.8
80.6	+22.6
91.4	+22.3
84.2	+21.6
94.6	+20.9
83.5	+20.6
86.8	+19.6
75.9	+19.2
79.7	+18.9
86.1	+18.9
80.2	+18.8
83.3	+18.8
77.8	+18.8
73.7	+18.7
80.9	+18.3
73.9	+18.2
82.0	+18.1
73.3	+18.0
83.6	+17.9
79.3	+17.9
68.7	+17.8
79.1	+17.7
84.4	+17.6
89.5	+17.6
92.0	+17.5
91.6	+17.2
79.3	+17.1
85.1	+16.8
80.7	+16.8
79.5	+16.4
83.2	+16.3
81.6	+16.3
88.8	+16.3
79.2	+16.2
61.2	+16.1
97.9	+15.9
85.3	+15.7
79.1	+15.6
84.1	+15.3
67.0	+15.2
73.9	+14.9
74.8	+14.8
82.3	+14.5
82.8	+14.2
70.7	+14.2
76.8	+14.2
77.8	+13.8
84.8	+13.7
95.8	+13.7
95.6	+13.6
84.0	+13.6
78.0	+13.5
82.7	+13.4
82.7	+13.4
85.2	+13.2
82.2	+13.2
84.4	+13.0
69.5	+12.8
81.9	+12.8
62.9	+12.8
75.7	+12.7
82.4	+12.2
81.0	+12.1
88.7	+12.0
83.2	+11.4
72.3	+11.3
93.1	+11.2
76.3	+11.1
84.2	+10.9
86.9	+10.7
88.7	+10.5
80.5	+10.4
77.3	+10.2
81.3	+10.1
90.2	+10.1
84.2	+10.0
85.8	+9.9
87.0	+9.9
81.4	+9.8
82.9	+9.8
78.5	+9.7
84.6	+9.7
81.1	+9.7
91.9	+9.7
83.2	+9.6
73.5	+9.5
77.2	+9.4
75.8	+9.4
79.0	+9.3
77.0	+9.1
81.7	+9.0
79.1	+9.0
72.2	+8.9
84.1	+8.9
80.9	+8.8
100.6	+8.7
78.6	+8.7
58.6	+8.6
83.2	+8.5
83.3	+8.5
73.7	+8.2
84.2	+7.8
64.4	+7.7
71.3	+7.4
85.2	+7.2
72.5	+7.2
79.1	+7.2
79.3	+7.2
78.6	+7.2
76.0	+7.0
80.8	+7.0
70.9	+6.9
83.0	+6.7
78.4	+6.7
74.9	+6.7
73.5	+6.7
77.9	+6.7
79.3	+6.6
87.8	+6.6
63.7	+6.6
61.8	+6.5
93.8	+6.4
81.3	+6.3
83.1	+6.3
70.1	+6.3
73.8	+6.3
70.4	+6.2
77.3	+6.1
64.7	+5.8
62.8	+5.7
81.2	+5.7
90.2	+5.7
82.1	+5.5
82.0	+5.5
77.2	+5.4
84.8	+5.4
78.4	+5.2
78.0	+4.9
77.0	+4.9
83.1	+4.8
82.1	+4.8
58.9	+4.8
78.0	+4.6
79.4	+4.4
77.0	+4.1
77.0	+4.1
82.5	+4.1
84.3	+4.0
78.2	+3.9
83.9	+3.9
93.9	+3.8
75.4	+3.8
76.5	+3.7
91.0	+3.7
81.1	+3.6
83.2	+3.6
82.0	+3.6
62.1	+3.5
77.3	+3.5
87.6	+3.5
77.7	+3.3
88.6	+3.2
82.8	+3.2
70.4	+3.1
88.8	+3.0
75.3	+2.8
87.9	+2.8
74.1	+2.7
79.2	+2.7
78.7	+2.7
80.1	+2.7
78.6	+2.3
74.4	+2.2
99.7	+2.1
83.1	+2.0
91.1	+1.9
67.0	+1.9
83.6	+1.7
75.5	+1.7
80.7	+1.7
79.0	+1.6
80.4	+1.4
73.4	+1.2
92.9	+1.1
74.2	+1.1
78.6	+1.0
72.9	+1.0
77.9	+0.9
76.0	+0.8
78.6	+0.8
72.8	+0.7
71.1	+0.5
74.0	+0.3
74.5	0.0
78.3	0.0
81.4	0.0
85.8	0.0
61.3	0.0
59.6	0.0
79.8	0.0
73.5	-0.3
82.4	-0.3
70.9	-0.6
82.7	-0.7
80.8	-0.8
68.7	-0.9
74.4	-1.0
77.1	-1.1
78.3	-1.1
72.5	-1.2
69.5	-1.3
72.7	-1.3
84.2	-1.5
78.2	-1.6
76.4	-1.7
71.0	-1.8
79.7	-1.8
71.8	-1.9
66.8	-1.9
78.4	-2.0
74.7	-2.1
81.8	-2.3
76.5	-2.3
80.6	-2.4
73.0	-2.5
74.8	-2.5
71.0	-2.5
74.4	-2.6
75.1	-2.8
81.8	-2.8
78.5	-3.0
53.7	-3.0
65.4	-3.1
72.0	-3.1
79.3	-3.6
73.9	-3.6
79.2	-3.8
77.5	-3.8
83.6	-3.9
89.8	-3.9
89.7	-3.9
76.2	-4.0
75.4	-4.1
74.9	-4.1
80.9	-4.1
76.7	-4.1
70.7	-4.2
77.8	-4.3
74.9	-4.3
81.8	-4.3
84.1	-4.4
79.7	-4.4
83.2	-4.5
85.9	-4.7
82.9	-4.7
65.7	-4.7
74.5	-4.7
70.5	-4.7
83.2	-4.7
70.4	-4.8
75.9	-4.9
69.7	-5.0
61.0	-5.1
53.4	-5.1
80.3	-5.4
80.4	-5.4
83.5	-5.5
74.2	-5.8
80.5	-6.0
69.4	-6.0
78.1	-6.4
65.1	-6.7
75.1	-6.8
79.3	-6.9
79.9	-7.0
80.6	-7.0
71.8	-7.0
80.6	-7.1
82.5	-7.1
82.6	-7.1
80.6	-7.2
82.7	-7.3
67.3	-7.4
78.5	-7.4
82.9	-7.5
73.2	-7.5
71.0	-7.7
85.3	-7.7
77.1	-7.7
77.9	-7.7
80.7	-7.8
78.9	-8.0
75.8	-8.1
79.4	-8.1
80.3	-8.5
81.0	-8.5
64.2	-8.7
67.3	-9.3
80.8	-9.4
86.0	-9.4
63.2	-9.7
82.5	-10.0
85.0	-10.0
76.1	-10.0
88.7	-10.5
77.0	-10.5
63.8	-10.7
79.5	-10.8
69.6	-11.1
82.3	-11.2
69.0	-11.4
63.9	-11.7
61.5	-12.1
72.4	-12.3
77.2	-12.6
64.1	-13.4
80.4	-13.4
87.2	-14.1
86.0	-14.1
72.3	-14.1
73.7	-14.3
83.5	-14.7
58.8	-14.9
75.0	-15.0
79.6	-15.0
75.6	-15.2
81.9	-15.3
66.0	-15.3
76.6	-15.4
68.7	-15.8
86.9	-15.8
67.0	-15.8
74.0	-16.1
77.7	-16.4
60.0	-16.5
71.3	-16.6
75.9	-16.7
74.2	-16.9
67.4	-16.9
63.3	-17.2
65.0	-17.8
63.7	-18.1
71.7	-18.2
81.1	-18.3
67.6	-18.4
79.6	-19.2
64.5	-20.3
80.7	-20.5
82.3	-20.8
74.1	-21.2
70.1	-21.5
79.4	-21.6
68.2	-22.0
85.0	-22.6
61.3	-23.2
80.0	-23.9
66.4	-24.1
82.4	-27.7
74.5	-28.0
72.6	-30.5
69.4	-34.2
73.2	+44.2
71.7	+39.0
84.9	+38.7
89.9	+37.2
78.1	+36.5
80.2	+35.7
74.0	+34.0
76.0	+33.9
83.2	+29.9
79.1	+29.8
96.0	+29.7
93.4	+28.8
85.4	+26.8
80.2	+26.5
80.3	+25.9
81.3	+25.0
77.4	+24.8
88.6	+24.7
82.5	+24.6
94.7	+23.5
73.1	+23.2
84.2	+22.9
88.0	+22.7
90.4	+22.6
77.3	+22.6
73.8	+22.3
94.6	+22.3
77.1	+22.1
84.4	+21.9
79.6	+21.6
83.4	+21.6
88.0	+21.5
76.3	+21.4
84.0	+21.3
77.7	+20.9
89.7	+20.6
82.0	+20.3
89.9	+19.8
63.8	+18.1
64.3	+17.9
89.6	+17.8
77.2	+17.6
66.9	+17.5
79.8	+17.3
67.0	+17.0
67.8	+16.8
73.2	+16.4
82.7	+16.3
77.5	+16.3
93.0	+16.3
77.6	+16.2
73.4	+15.9
78.1	+15.6
81.8	+15.6
70.3	+15.2
70.7	+15.2
86.3	+15.0
75.7	+14.8
75.6	+14.5
85.2	+14.5
79.4	+14.4
81.8	+14.3
75.7	+14.1
80.4	+13.9
67.9	+13.9
72.2	+13.7
97.8	+13.6
94.7	+13.5
84.0	+13.5
88.4	+13.4
86.3	+13.3
90.8	+13.2
82.8	+13.2
75.7	+13.2
90.5	+13.1
93.7	+12.7
87.0	+12.5
70.4	+12.3
80.9	+12.3
85.8	+12.2
73.8	+11.9
92.5	+11.7
88.0	+11.7
82.5	+11.6
78.6	+11.5
83.2	+11.4
70.2	+11.3
91.7	+11.3
84.3	+11.2
91.0	+11.0
75.4	+10.8
81.4	+10.7
87.4	+10.5
80.4	+10.4
76.2	+10.0
84.7	+9.8
76.4	+9.8
78.6	+9.7
76.7	+9.6
93.4	+9.5
86.9	+9.4
83.6	+9.4
83.2	+9.2
86.7	+9.1
77.9	+9.1
78.1	+8.9
91.2	+8.9
84.3	+8.7
66.5	+8.7
84.0	+8.5
77.3	+8.3
77.2	+8.2
83.9	+8.2
68.3	+8.0
70.9	+7.9
72.0	+7.9
85.2	+7.7
78.9	+7.7
80.2	+7.3
71.7	+7.2
76.7	+7.1
75.9	+7.0
74.9	+7.0
83.6	+7.0
74.5	+7.0
83.8	+6.9
82.5	+6.8
77.6	+6.8
84.8	+6.8
68.1	+6.8
82.5	+6.6
81.4	+6.5
81.2	+6.4
69.3	+6.1
72.7	+5.9
65.0	+5.9
79.6	+5.7
78.6	+5.7
80.0	+5.7
79.8	+5.6
73.5	+5.6
95.7	+5.4
70.0	+5.4
76.8	+5.3
92.3	+5.0
77.2	+5.0
76.0	+4.8
71.8	+4.8
87.5	+4.7
78.2	+4.7
75.6	+4.5
80.1	+4.5
73.4	+4.5
86.9	+4.5
61.4	+4.4
70.3	+4.3
68.8	+4.1
84.4	+4.0
71.0	+4.0
83.8	+3.9
70.9	+3.6
78.8	+3.6
69.8	+3.6
77.5	+3.5
70.1	+3.3
71.3	+3.3
78.9	+3.2
72.6	+3.1
79.8	+3.0
78.1	+3.0
81.9	+3.0
66.6	+2.8
93.4	+2.7
81.1	+2.7
76.6	+2.6
80.8	+2.5
71.7	+2.4
81.9	+2.3
91.5	+2.1
89.0	+2.1
77.5	+2.1
58.9	+2.0
78.7	+1.9
76.7	+1.9
70.4	+1.8
82.0	+1.8
84.5	+1.7
78.0	+1.6
75.8	+1.6
97.7	+1.5
83.5	+1.5
73.1	+1.4
96.7	+1.4
75.9	+1.3
63.2	+1.3
91.7	+1.2
86.0	+1.1
75.3	+1.1
78.7	+0.9
81.9	+0.9
84.5	+0.8
79.7	+0.7
78.1	+0.6
81.9	+0.6
66.7	+0.5
63.0	+0.4
84.4	+0.3
89.8	0.0
78.5	0.0
80.2	0.0
70.2	0.0
66.7	-0.3
82.1	-0.4
75.5	-0.5
80.1	-0.6
79.6	-0.6
72.6	-0.6
92.2	-0.7
77.0	-0.7
76.7	-0.7
72.7	-0.8
77.0	-0.8
74.9	-0.9
73.4	-0.9
78.5	-1.0
80.2	-1.2
86.3	-1.2
74.6	-1.2
82.9	-1.3
75.1	-1.3
75.2	-1.6
80.3	-1.6
84.8	-1.7
75.2	-1.7
72.7	-1.7
75.8	-1.7
73.9	-1.9
77.8	-2.0
83.8	-2.1
83.7	-2.1
91.5	-2.4
73.3	-2.4
78.7	-2.5
72.0	-2.6
82.2	-2.6
80.0	-2.7
73.4	-2.7
67.1	-2.9
75.0	-3.2
75.6	-3.3
73.3	-3.3
76.3	-3.3
71.8	-3.4
65.2	-3.4
72.1	-3.4
78.2	-3.5
82.3	-3.7
79.9	-3.9
63.5	-3.9
68.6	-3.9
88.0	-4.0
64.8	-4.1
86.1	-4.1
75.5	-4.3
70.0	-4.6
75.3	-4.8
80.5	-4.9
75.4	-4.9
77.2	-4.9
77.6	-4.9
77.6	-5.3
81.1	-5.3
75.5	-5.4
74.1	-5.4
69.2	-5.5
84.6	-5.5
81.4	-5.6
72.7	-5.7
77.2	-5.8
71.9	-5.8
75.8	-5.9
80.6	-6.1
68.4	-6.2
84.2	-6.2
72.3	-6.2
83.6	-6.4
71.0	-6.4
72.5	-6.6
78.5	-6.7
82.9	-6.7
69.9	-6.9
71.9	-6.9
67.3	-7.0
70.7	-7.1
81.9	-7.4
71.0	-7.5
88.6	-7.5
70.1	-7.6
75.6	-7.6
73.0	-7.7
58.2	-7.8
72.8	-7.8
85.2	-8.0
82.0	-8.0
65.2	-8.1
70.3	-8.2
72.2	-8.2
79.0	-8.2
75.9	-8.2
80.0	-8.3
65.3	-8.3
78.6	-8.4
84.2	-8.5
68.1	-9.0
75.9	-9.5
68.7	-9.5
70.3	-9.9
76.6	-10.4
77.8	-10.9
74.7	-11.0
76.6	-11.1
80.5	-11.1
80.3	-11.2
72.5	-11.3
80.1	-11.4
86.8	-11.6
80.9	-11.9
70.0	-11.9
68.9	-12.0
82.4	-12.1
80.3	-12.2
71.5	-12.2
71.4	-12.2
70.8	-12.4
73.9	-12.7
73.7	-12.7
82.4	-12.9
72.8	-12.9
78.9	-13.1
76.5	-13.1
82.9	-13.2
63.6	-13.8
78.3	-13.9
70.6	-14.2
61.5	-14.5
86.2	-14.7
61.0	-15.1
78.5	-15.2
88.1	-15.3
66.6	-15.4
66.6	-15.5
78.5	-16.0
78.6	-16.4
74.0	-16.5
72.3	-17.6
75.7	-18.1
74.0	-18.3
61.2	-19.3
75.1	-19.7
69.9	-21.0
68.3	-21.4
71.5	-22.9
74.4	-24.5
80.4	-24.5
89.4	-27.7
82.1	-28.4
78.1	-30.1
64.0	-31.9
61.0	-33.1
75.7	-43.7
66.4	-49.5
89.0	+42.4
82.9	+38.3
73.7	+32.2
81.6	+31.1
91.4	+30.6
81.2	+29.7
76.3	+28.5
80.6	+28.3
84.5	+28.3
91.7	+26.8
91.9	+26.8
75.5	+26.5
78.8	+26.5
80.0	+26.4
72.5	+25.7
87.0	+24.9
90.0	+24.9
80.4	+23.0
58.8	+22.9
85.5	+22.6
76.3	+21.8
75.4	+21.8
94.4	+21.1
75.6	+21.1
79.5	+19.7
89.8	+18.8
84.6	+18.6
88.8	+18.4
89.4	+18.4
95.5	+18.3
76.6	+18.1
62.3	+18.1
65.7	+17.7
75.9	+17.5
77.1	+17.3
75.9	+17.2
90.3	+17.2
80.7	+16.8
99.0	+16.7
87.4	+16.5
85.3	+15.7
86.8	+15.3
86.3	+15.0
75.4	+14.8
78.6	+14.5
78.8	+14.4
77.6	+14.1
74.7	+13.9
89.0	+13.7
80.7	+13.6
87.5	+13.6
84.2	+13.5
80.3	+13.3
81.6	+13.2
80.5	+13.2
84.0	+13.2
80.7	+13.1
72.8	+12.8
82.8	+12.7
77.3	+12.7
86.1	+12.6
74.9	+12.5
81.0	+12.5
84.4	+12.4
83.3	+12.3
80.8	+12.1
83.1	+11.8
81.4	+11.3
68.7	+11.3
71.7	+11.1
80.9	+11.1
85.0	+11.0
71.8	+11.0
72.8	+11.0
76.4	+10.9
76.8	+10.9
77.0	+10.9
84.8	+10.7
85.0	+10.4
73.3	+10.4
94.7	+10.3
79.0	+10.2
90.1	+10.1
70.8	+10.0
68.8	+9.8
78.5	+9.7
96.3	+9.7
75.4	+9.7
78.2	+9.6
70.1	+9.5
65.7	+9.5
87.1	+9.5
79.9	+9.1
73.6	+8.9
81.0	+8.9
82.5	+8.8
89.8	+8.7
84.4	+8.7
63.2	+8.6
77.1	+8.6
79.5	+8.5
66.7	+8.5
62.2	+8.4
75.1	+8.3
84.9	+8.3
80.8	+8.3
74.3	+8.3
81.4	+8.1
70.5	+8.1
87.0	+8.0
67.5	+7.9
76.7	+7.7
85.8	+7.6
87.5	+7.6
83.9	+7.5
85.7	+7.4
75.2	+7.4
72.5	+7.3
71.4	+7.1
70.0	+6.8
82.7	+6.8
86.4	+6.6
67.4	+6.6
86.3	+6.5
80.9	+6.5
80.1	+6.5
77.2	+6.4
81.1	+6.2
65.5	+6.2
60.8	+6.1
74.8	+6.1
79.1	+6.0
77.5	+5.8
86.1	+5.7
79.8	+5.7
82.0	+5.5
79.0	+5.2
83.1	+5.0
82.2	+4.9
82.5	+4.9
74.1	+4.8
89.9	+4.8
80.2	+4.8
81.0	+4.7
85.1	+4.7
75.8	+4.6
83.9	+4.6
74.6	+4.4
89.1	+4.0
84.7	+4.0
79.8	+3.8
85.3	+3.8
67.8	+3.7
81.9	+3.6
63.8	+3.6
75.7	+3.5
85.6	+3.5
85.8	+3.3
73.9	+3.3
70.1	+3.3
82.7	+3.2
85.0	+3.2
84.1	+3.2
83.1	+3.2
84.0	+3.2
70.5	+3.1
77.4	+3.1
82.9	+2.8
82.5	+2.8
89.3	+2.8
76.8	+2.8
64.6	+2.8
69.9	+2.8
77.5	+2.7
85.9	+2.5
75.9	+2.5
85.9	+2.4
80.3	+2.4
62.7	+2.2
68.9	+2.1
81.0	+2.1
82.4	+1.9
84.3	+1.8
89.5	+1.8
76.5	+1.8
77.9	+1.7
81.1	+1.7
68.7	+1.6
83.4	+1.5
75.6	+1.5
78.6	+1.4
78.6	+1.3
70.4	+1.2
79.9	+1.2
73.7	+1.2
75.7	+1.1
82.5	+1.1
85.8	+0.9
80.4	+0.9
84.9	+0.8
74.6	+0.7
77.6	+0.5
80.1	+0.5
85.4	+0.5
90.8	+0.5
76.6	+0.2
67.9	0.0
67.6	0.0
78.1	0.0
76.4	-0.2
83.8	-0.2
81.7	-0.3
86.0	-0.3
72.1	-0.3
81.2	-0.4
65.7	-0.5
69.3	-0.5
85.3	-0.7
82.5	-0.7
85.6	-0.7
86.7	-0.7
68.2	-0.8
77.9	-0.9
81.9	-0.9
81.4	-1.0
76.3	-1.1
83.4	-1.2
78.6	-1.2
77.1	-1.3
71.2	-1.4
81.5	-1.4
77.4	-1.5
84.0	-1.5
75.1	-1.7
71.9	-1.7
77.1	-1.8
77.8	-2.1
75.2	-2.4
79.9	-2.5
87.1	-2.6
80.3	-2.7
81.3	-2.7
78.4	-2.8
72.0	-2.8
85.4	-3.0
67.4	-3.2
80.1	-3.2
76.9	-3.3
83.6	-3.3
68.4	-3.4
80.6	-3.4
82.8	-3.4
93.4	-3.6
72.1	-3.6
74.9	-3.6
79.0	-3.7
69.2	-3.7
72.1	-4.0
84.0	-4.1
79.7	-4.2
86.4	-4.3
84.8	-4.4
85.5	-4.8
79.9	-4.8
72.1	-4.8
68.4	-5.0
70.0	-5.0
79.0	-5.1
79.7	-5.1
90.1	-5.1
69.1	-5.1
80.2	-5.1
77.2	-5.1
72.0	-5.3
81.0	-5.3
62.0	-5.4
66.2	-5.5
70.8	-5.6
76.1	-5.8
69.5	-5.8
87.0	-5.9
79.0	-5.9
93.8	-6.0
81.3	-6.1
78.2	-6.3
80.9	-6.3
47.0	-6.5
81.3	-6.6
83.6	-6.8
58.0	-6.8
68.5	-6.8
80.9	-6.9
78.0	-7.1
72.8	-7.3
62.6	-7.3
76.1	-7.6
71.9	-7.6
82.6	-7.7
79.4	-7.9
69.5	-7.9
66.8	-8.1
72.6	-8.1
82.9	-8.2
75.7	-8.4
76.3	-8.5
69.0	-8.6
76.7	-8.9
75.9	-9.1
72.6	-9.2
65.4	-9.3
74.4	-9.5
70.6	-9.5
87.9	-9.6
68.2	-9.6
73.5	-9.8
79.9	-10.1
82.4	-10.2
58.1	-10.5
82.7	-10.7
86.3	-10.9
75.3	-10.9
70.4	-11.3
76.4	-11.5
78.8	-11.7
79.8	-12.0
74.6	-12.2
73.8	-12.3
59.1	-12.4
87.1	-12.6
88.9	-13.1
60.8	-13.3
68.7	-13.3
68.7	-14.2
76.3	-14.3
64.7	-14.7
59.7	-15.0
70.5	-15.0
77.4	-15.1
72.8	-15.1
73.0	-15.3
78.1	-15.5
76.0	-16.5
78.0	-16.9
71.9	-17.2
78.6	-18.5
66.2	-18.6
77.4	-18.7
82.1	-19.0
65.2	-19.9
74.8	-20.1
80.5	-21.0
78.4	-21.0
58.0	-21.3
82.7	-21.6
84.0	-23.4
61.0	-26.6
70.9	-27.0
65.6	-29.0
69.9	-29.3
75.1	-30.1
66.3	-33.0
74.0	-34.8
78.5	-35.5
86.2	+49.2
70.7	+45.1
77.6	+38.0
84.4	+31.8
77.5	+31.5
86.3	+30.4
77.9	+30.1
82.1	+29.5
81.0	+27.7
86.0	+27.1
85.8	+26.1
84.0	+25.5
83.0	+23.2
80.8	+22.8
77.1	+22.8
77.2	+22.6
83.8	+22.3
85.2	+22.2
79.6	+22.0
82.2	+22.0
88.9	+21.4
80.1	+21.1
84.0	+20.1
78.5	+19.7
79.8	+19.1
81.4	+18.5
86.2	+18.5
83.4	+18.1
78.1	+17.8
80.5	+17.7
77.1	+17.5
71.6	+17.4
79.2	+17.4
81.9	+17.3
92.0	+17.2
84.8	+17.2
85.5	+17.0
80.0	+16.7
92.3	+16.2
84.8	+16.2
90.4	+15.9
89.3	+15.9
80.3	+15.8
85.5	+15.7
83.7	+15.6
88.9	+15.5
84.2	+15.5
92.5	+14.6
83.4	+14.3
80.6	+14.0
80.0	+14.0
95.1	+13.9
85.3	+13.9
90.1	+13.8
69.5	+13.8
86.4	+13.6
91.5	+13.6
88.6	+13.4
84.5	+13.4
94.2	+13.4
70.9	+13.2
78.9	+13.0
81.1	+13.0
84.1	+12.7
90.2	+12.5
68.3	+12.5
90.3	+12.0
73.6	+12.0
75.8	+11.6
82.3	+11.6
82.1	+11.0
78.8	+10.8
81.1	+10.6
67.8	+10.2
91.3	+10.2
71.9	+10.2
79.5	+10.0
81.4	+9.9
81.7	+9.9
85.7	+9.7
80.7	+9.6
89.8	+9.5
81.6	+9.3
79.6	+9.3
92.2	+9.3
83.0	+9.1
73.4	+9.1
69.1	+9.0
85.0	+8.7
72.3	+8.7
85.8	+8.6
72.5	+8.6
69.3	+8.5
76.6	+8.5
59.7	+8.4
83.7	+8.2
86.7	+8.0
88.4	+8.0
78.3	+8.0
80.3	+8.0
77.2	+7.9
74.3	+7.9
90.5	+7.8
80.1	+7.7
76.5	+7.7
85.0	+7.5
72.3	+7.5
94.6	+7.4
86.7	+7.4
73.0	+7.3
89.5	+7.2
78.6	+7.2
77.4	+7.2
81.2	+7.2
77.9	+7.2
92.2	+7.1
74.6	+7.1
67.4	+6.9
76.5	+6.8
87.3	+6.8
80.5	+6.7
71.7	+6.7
76.3	+6.5
70.7	+6.5
80.4	+6.5
85.6	+6.3
86.0	+6.2
74.1	+6.0
85.0	+5.9
81.6	+5.9
69.5	+5.8
84.7	+5.7
85.2	+5.6
82.5	+5.6
86.7	+5.6
74.8	+5.5
71.4	+5.5
80.9	+5.4
85.9	+5.3
77.9	+5.3
76.4	+5.3
69.6	+5.1
85.8	+4.9
81.7	+4.7
75.3	+4.5
74.0	+4.4
70.9	+4.3
80.7	+4.3
87.2	+4.1
82.2	+4.0
76.7	+3.8
74.2	+3.7
72.2	+3.7
67.1	+3.7
66.8	+3.6
80.8	+3.5
82.8	+3.5
80.9	+3.5
73.9	+3.5
70.3	+3.4
78.6	+3.3
86.1	+3.3
76.7	+3.3
86.1	+3.2
82.4	+3.2
75.5	+3.1
79.8	+3.1
75.1	+3.0
72.0	+3.0
82.2	+2.7
69.2	+2.6
83.7	+2.5
72.5	+2.4
69.8	+2.3
85.9	+2.2
80.7	+2.2
71.0	+2.1
74.4	+2.0
85.3	+1.9
83.9	+1.7
80.2	+1.6
89.3	+1.5
66.8	+1.4
86.5	+1.3
72.7	+1.2
68.6	+1.1
71.5	+1.0
76.7	+0.9
87.1	+0.8
88.6	+0.7
78.7	+0.7
90.8	+0.7
70.8	+0.7
81.4	+0.6
79.9	+0.5
78.0	+0.3
79.1	+0.3
76.2	+0.2
83.9	+0.1
74.4	0.0
77.0	0.0
73.3	0.0
77.9	0.0
79.4	0.0
83.0	0.0
85.3	-0.2
88.0	-0.4
82.2	-0.5
77.7	-0.5
80.1	-0.6
76.9	-0.7
80.7	-0.7
78.4	-0.8
71.3	-0.8
89.4	-0.9
82.6	-1.0
89.8	-1.0
81.4	-1.1
84.9	-1.1
77.4	-1.2
76.0	-1.4
81.2	-1.5
83.8	-1.7
68.0	-1.8
72.8	-1.8
84.9	-1.8
71.9	-1.9
67.8	-1.9
84.4	-2.1
80.4	-2.1
86.7	-2.1
89.7	-2.3
82.6	-2.4
79.5	-2.5
91.8	-2.5
69.8	-2.5
68.2	-2.6
75.3	-2.7
72.6	-2.7
80.2	-2.8
80.2	-3.0
77.7	-3.0
69.7	-3.2
75.6	-3.3
81.5	-3.4
84.2	-3.8
80.6	-4.0
65.9	-4.0
77.6	-4.0
85.4	-4.1
70.9	-4.1
86.4	-4.4
73.2	-4.4
91.4	-4.4
76.4	-4.6
71.2	-4.6
72.8	-4.6
75.7	-4.6
88.2	-4.6
82.2	-4.8
82.4	-5.0
70.1	-5.0
79.8	-5.1
78.1	-5.2
86.9	-5.2
67.1	-5.3
74.3	-5.5
71.5	-5.5
76.4	-5.6
79.5	-5.6
69.7	-5.6
85.9	-6.1
82.6	-6.2
86.9	-6.3
76.7	-6.5
80.2	-6.6
78.3	-6.6
79.9	-6.7
68.0	-6.7
76.5	-6.8
81.2	-6.9
84.1	-7.2
60.0	-7.3
75.2	-7.3
76.5	-7.4
69.0	-7.6
80.8	-7.7
75.4	-7.7
70.3	-7.7
84.0	-7.9
81.1	-8.1
58.1	-8.3
83.4	-8.7
74.2	-9.0
73.0	-9.0
87.1	-9.0
82.3	-9.3
76.4	-9.4
73.6	-9.4
81.9	-9.7
79.6	-10.2
82.2	-10.3
69.0	-10.3
70.6	-10.7
64.0	-10.7
73.7	-11.2
73.4	-11.2
75.8	-11.4
81.5	-11.5
74.2	-11.6
76.9	-11.8
74.5	-12.1
81.9	-12.2
80.6	-12.3
76.6	-12.3
58.6	-12.5
77.4	-12.5
69.8	-12.6
80.7	-12.6
65.2	-12.9
81.7	-13.1
83.6	-13.4
81.7	-13.8
83.3	-13.8
67.0	-14.1
81.5	-14.4
71.0	-14.7
74.4	-14.8
69.7	-14.9
67.7	-14.9
84.5	-15.0
58.4	-15.1
76.6	-15.3
85.9	-15.3
64.0	-15.8
73.7	-15.8
76.0	-16.5
77.2	-16.8
70.9	-17.3
64.5	-17.7
77.2	-17.8
74.6	-18.1
70.4	-20.0
74.2	-20.0
72.7	-20.0
75.5	-20.3
70.2	-21.2
81.1	-21.3
67.8	-25.2
74.0	-27.7
76.2	-28.8
63.4	-29.8
68.0	-38.8
74.5	-40.5
78.4	+55.0
75.5	+46.5
79.2	+43.8
91.0	+39.6
81.4	+37.0
72.5	+32.8
80.7	+32.1
85.8	+32.1
73.1	+30.5
70.6	+30.2
97.5	+28.9
89.9	+27.9
94.2	+27.9
64.2	+27.0
83.1	+26.6
89.2	+26.3
84.9	+25.7
89.9	+25.0
88.5	+24.6
81.7	+24.1
83.0	+23.7
75.2	+23.6
96.9	+23.4
78.1	+22.4
81.4	+22.2
74.4	+21.9
78.4	+21.7
61.0	+21.5
80.4	+21.4
86.4	+21.3
76.5	+21.1
82.9	+21.1
95.3	+21.1
89.9	+21.0
65.6	+20.1
87.3	+20.0
78.6	+19.8
84.1	+19.7
89.5	+19.5
75.9	+19.3
78.7	+19.3
81.5	+18.9
97.4	+18.8
80.7	+18.5
75.4	+18.4
82.2	+18.2
77.0	+18.1
83.8	+17.9
88.0	+17.8
81.8	+17.6
98.1	+17.3
78.7	+17.3
79.0	+17.0
79.0	+16.6
79.6	+16.6
74.4	+16.5
80.8	+16.5
87.4	+16.0
74.0	+15.8
76.4	+15.6
91.3	+15.4
83.0	+14.7
76.4	+14.6
89.2	+14.5
71.5	+14.5
86.8	+14.4
78.2	+14.4
68.2	+14.2
80.2	+13.8
75.0	+13.8
80.1	+13.8
74.6	+13.7
90.5	+13.7
94.2	+13.6
89.7	+13.3
70.1	+13.1
68.3	+12.9
83.1	+12.6
78.2	+12.5
74.6	+12.5
91.1	+12.4
88.3	+12.3
79.3	+12.3
82.2	+12.3
72.8	+12.3
99.1	+11.7
80.4	+11.7
83.3	+11.6
72.5	+11.6
76.6	+11.6
74.9	+11.6
64.6	+11.5
72.0	+11.5
68.8	+11.4
71.7	+11.3
90.6	+11.1
77.9	+11.0
84.3	+11.0
73.8	+11.0
77.5	+10.5
84.2	+10.5
92.7	+10.3
81.9	+10.3
79.2	+10.2
90.0	+9.8
84.3	+9.7
83.2	+9.5
78.1	+9.5
80.2	+9.3
67.1	+9.3
68.3	+9.2
90.6	+9.2
80.5	+9.0
81.5	+8.8
80.8	+8.7
73.4	+8.5
86.8	+8.3
75.8	+8.2
74.1	+8.1
86.4	+8.0
93.1	+7.8
87.8	+7.8
80.0	+7.7
78.6	+7.6
75.9	+7.5
88.4	+7.1
75.6	+7.0
76.3	+6.9
82.4	+6.7
82.1	+6.6
76.5	+6.5
80.9	+6.5
84.2	+6.3
83.8	+6.2
75.6	+6.1
75.3	+6.0
85.1	+5.9
75.3	+5.8
71.3	+5.8
75.7	+5.6
93.9	+5.5
77.3	+5.5
74.2	+5.4
88.3	+5.3
80.4	+5.2
86.2	+5.0
81.2	+4.9
82.2	+4.7
86.8	+4.6
69.2	+4.5
71.8	+4.5
72.8	+4.4
73.8	+4.4
85.7	+4.3
84.9	+4.3
84.5	+4.0
87.6	+3.9
78.1	+3.9
76.5	+3.8
85.0	+3.8
81.9	+3.8
71.9	+3.7
92.4	+3.4
74.8	+3.4
88.1	+3.4
71.3	+3.4
82.2	+3.2
73.5	+3.2
75.4	+3.2
81.3	+3.1
74.3	+3.0
78.3	+2.8
83.1	+2.7
76.4	+2.7
84.2	+2.7
84.9	+2.6
77.1	+2.5
85.4	+2.3
81.2	+2.3
88.5	+2.3
81.0	+2.2
72.2	+2.1
77.4	+2.1
79.1	+2.0
74.9	+1.9
89.2	+1.8
79.2	+1.8
81.2	+1.8
76.2	+1.8
76.5	+1.6
65.5	+1.5
84.1	+1.4
82.9	+1.4
79.5	+1.4
76.8	+1.4
81.3	+1.3
78.2	+1.2
76.1	+1.2
79.7	+1.1
82.6	+1.1
77.9	+1.1
73.1	+1.0
91.6	+0.9
87.1	+0.9
79.3	+0.8
74.2	+0.8
81.4	+0.8
82.9	+0.8
66.7	+0.7
84.5	+0.7
83.9	+0.6
72.2	+0.6
84.0	+0.5
77.8	+0.4
74.0	+0.2
71.2	0.0
81.0	0.0
84.8	0.0
81.5	0.0
80.6	0.0
75.8	0.0
75.9	0.0
77.3	0.0
81.3	-0.2
75.7	-0.2
75.3	-0.3
72.6	-0.4
74.5	-0.5
65.7	-0.5
70.7	-0.5
87.0	-0.6
85.3	-0.6
68.7	-0.6
76.5	-0.6
78.8	-0.7
75.0	-0.8
79.0	-1.0
80.2	-1.2
80.8	-1.3
71.6	-1.4
87.1	-1.4
74.1	-1.5
82.3	-1.6
79.4	-1.6
82.3	-1.7
70.0	-1.8
74.8	-1.9
72.5	-2.2
78.9	-2.3
79.2	-2.6
73.2	-2.6
76.4	-2.7
77.6	-2.7
81.6	-2.7
78.9	-2.8
83.9	-2.8
86.6	-2.9
91.1	-3.0
87.1	-3.0
80.0	-3.1
76.4	-3.3
70.3	-3.3
77.9	-3.4
79.3	-3.4
72.7	-3.5
70.0	-3.5
84.7	-3.6
76.8	-3.7
64.8	-4.1
80.1	-4.2
80.4	-4.2
75.9	-4.2
76.6	-4.3
84.9	-4.4
65.6	-4.6
65.3	-4.8
71.6	-4.9
83.0	-4.9
76.9	-5.0
80.0	-5.2
90.3	-5.4
60.7	-5.4
72.5	-5.5
70.7	-5.6
63.0	-5.8
66.3	-5.8
72.3	-5.9
72.2	-5.9
78.7	-6.3
79.9	-6.3
70.1	-6.3
76.1	-6.4
74.8	-6.4
68.9	-6.4
81.0	-6.5
79.4	-6.6
82.3	-6.9
76.4	-6.9
80.2	-6.9
74.8	-7.0
72.5	-7.2
73.0	-7.2
69.0	-7.3
81.2	-7.4
72.9	-7.7
75.6	-8.0
83.7	-8.1
98.2	-8.2
72.0	-8.3
66.5	-8.3
78.9	-8.7
79.3	-8.7
80.0	-9.0
60.8	-9.2
74.0	-9.5
66.2	-9.5
63.9	-9.6
81.9	-9.7
77.9	-10.4
75.9	-10.5
72.5	-10.6
68.1	-10.7
73.4	-10.8
83.0	-11.0
78.3	-11.2
67.9	-11.2
73.5	-11.3
75.6	-11.4
75.4	-11.7
65.9	-11.8
79.4	-12.1
75.7	-12.2
75.6	-12.7
77.1	-12.9
81.7	-13.0
72.1	-13.1
80.8	-13.2
80.4	-13.8
71.0	-13.8
81.4	-14.4
79.3	-14.8
78.5	-14.9
62.3	-14.9
77.1	-15.5
78.6	-15.6
75.0	-15.8
78.9	-16.2
72.1	-16.2
65.8	-16.6
84.3	-17.1
82.8	-17.3
82.4	-17.5
71.6	-17.5
76.3	-17.7
75.7	-18.0
84.9	-18.6
61.8	-18.8
77.8	-18.8
77.7	-19.0
77.3	-19.4
71.6	-20.1
71.3	-20.1
79.5	-20.5
67.2	-20.6
88.8	-21.3
81.3	-21.3
76.1	-21.4
76.1	-21.8
73.1	-22.1
61.1	-22.6
77.0	-22.8
68.0	-22.9
66.2	-22.9
77.3	-23.5
67.1	-26.3
76.1	-26.5
73.1	-26.7
83.4	-27.9
73.9	-28.6
78.9	-33.0
72.8	-33.7
71.9	-34.5
81.0	-38.0
72.7	-39.0
88.1	+43.3
93.2	+38.7
90.7	+36.3
80.5	+34.4
80.1	+32.7
83.8	+30.8
83.3	+29.7
86.6	+29.5
94.4	+29.1
63.4	+26.5
73.0	+26.4
84.8	+25.2
88.8	+24.2
78.6	+23.8
76.5	+22.8
84.5	+22.7
90.1	+22.6
90.4	+22.6
83.5	+21.6
78.8	+21.4
79.5	+20.9
87.3	+20.7
85.6	+20.6
79.1	+20.5
75.8	+20.3
74.9	+20.1
80.2	+19.6
90.2	+19.4
78.5	+19.3
89.4	+19.2
82.4	+19.0
85.6	+18.9
85.7	+18.8
89.8	+18.7
81.1	+18.6
94.1	+18.2
91.7	+18.1
87.4	+17.8
90.2	+17.7
82.7	+17.5
78.6	+17.2
82.0	+17.0
94.1	+16.5
83.6	+16.5
93.3	+16.4
80.2	+16.2
70.0	+15.7
86.4	+15.5
89.9	+15.5
73.0	+15.3
73.9	+14.7
74.7	+14.4
84.5	+14.4
88.5	+14.3
88.2	+13.7
73.2	+13.6
72.7	+13.5
92.1	+13.5
89.8	+13.3
86.9	+13.3
69.4	+13.0
78.5	+13.0
79.3	+13.0
94.9	+12.7
76.8	+12.7
82.5	+12.6
89.6	+12.5
93.5	+12.5
70.8	+12.5
89.1	+12.5
88.2	+12.3
80.2	+12.2
83.3	+12.0
82.6	+11.9
70.4	+11.9
80.0	+11.6
78.5	+11.3
91.3	+11.0
78.3	+10.9
99.4	+10.9
62.0	+10.5
92.6	+10.1
88.7	+10.1
83.1	+10.1
84.3	+10.0
85.8	+9.9
86.8	+9.9
90.5	+9.8
67.1	+9.6
72.7	+9.6
84.3	+9.1
72.2	+9.1
94.2	+9.0
71.3	+9.0
76.7	+8.9
77.1	+8.9
91.6	+8.7
75.9	+8.5
75.2	+8.5
84.1	+8.5
64.5	+8.5
80.5	+8.3
87.9	+8.2
79.1	+8.1
87.1	+8.0
86.6	+8.0
81.9	+7.8
87.6	+7.7
92.7	+7.7
85.7	+7.6
77.5	+7.2
75.4	+7.2
77.1	+7.1
76.6	+7.1
92.0	+7.1
73.9	+6.4
75.9	+6.3
87.0	+6.2
85.7	+6.2
79.6	+6.2
79.0	+6.2
70.5	+6.1
89.0	+6.0
79.6	+5.9
79.3	+5.8
76.5	+5.8
83.3	+5.8
86.3	+5.6
66.2	+5.6
80.2	+5.5
83.2	+5.5
82.2	+5.5
83.2	+5.4
82.5	+5.3
84.1	+5.3
74.2	+5.2
70.6	+5.0
74.7	+5.0
77.8	+4.9
72.4	+4.9
82.0	+4.9
77.0	+4.7
89.5	+4.7
72.3	+4.7
75.9	+4.6
80.7	+4.5
88.9	+4.4
90.1	+4.1
87.0	+4.0
93.5	+3.9
71.9	+3.9
82.6	+3.8
73.0	+3.7
76.9	+3.6
79.9	+3.6
70.5	+3.5
68.1	+3.5
71.6	+3.4
78.2	+3.2
71.4	+3.1
83.8	+3.0
93.6	+3.0
79.9	+2.9
80.7	+2.7
66.6	+2.7
83.8	+2.6
72.0	+2.6
76.6	+2.4
88.2	+2.3
84.4	+2.0
79.0	+1.9
86.7	+1.8
85.6	+1.7
88.3	+1.6
81.0	+1.6
85.0	+1.6
74.6	+1.5
89.9	+1.4
77.0	+1.4
76.5	+1.3
85.2	+1.1
74.2	+1.0
76.2	+1.0
79.2	+0.9
76.7	+0.8
66.1	+0.8
85.0	+0.6
70.7	+0.5
81.4	+0.5
82.8	+0.4
80.0	+0.4
72.1	+0.3
84.4	0.0
82.9	0.0
77.7	0.0
89.4	0.0
76.8	-0.1
76.5	-0.2
83.2	-0.4
65.1	-0.5
80.0	-0.7
63.2	-0.7
82.3	-0.8
70.5	-0.8
77.1	-0.9
74.0	-0.9
77.9	-1.1
86.2	-1.3
74.4	-1.4
80.7	-1.7
65.9	-1.7
64.7	-1.8
74.9	-1.8
69.1	-1.8
92.2	-1.9
74.3	-2.0
75.8	-2.1
76.5	-2.1
75.7	-2.2
78.9	-2.2
72.2	-2.6
78.8	-2.7
76.7	-2.8
74.3	-2.8
85.3	-2.8
67.9	-2.8
80.7	-3.0
80.4	-3.0
70.6	-3.1
76.5	-3.1
80.7	-3.3
64.2	-3.5
80.5	-3.7
76.9	-3.7
81.6	-3.7
75.2	-3.7
65.3	-3.8
76.4	-3.8
76.1	-4.2
78.6	-4.2
82.2	-4.2
71.9	-4.3
71.3	-4.4
76.0	-4.4
89.3	-4.5
82.8	-4.5
77.8	-4.6
70.4	-4.7
64.9	-5.0
78.4	-5.1
74.0	-5.2
83.0	-5.2
81.6	-5.2
73.6	-5.4
73.8	-5.4
82.0	-5.6
90.4	-5.7
78.5	-5.8
77.7	-5.8
82.8	-5.8
82.6	-5.9
78.5	-6.0
65.6	-6.0
72.3	-6.4
81.8	-6.6
77.0	-6.6
78.9	-6.6
88.0	-6.7
66.1	-6.7
79.2	-6.7
79.1	-6.9
66.5	-6.9
70.5	-7.1
80.1	-7.3
75.4	-7.4
67.8	-7.7
74.1	-7.7
82.9	-7.9
65.2	-8.2
75.5	-8.3
69.3	-8.4
78.3	-8.6
72.5	-8.6
68.9	-8.7
86.4	-8.8
65.4	-8.9
69.0	-9.2
77.9	-9.3
63.5	-9.4
82.5	-9.5
68.4	-9.6
76.2	-9.7
75.5	-9.8
72.4	-9.8
91.6	-9.9
59.3	-10.2
75.2	-10.4
68.8	-10.4
75.2	-10.5
69.8	-10.7
68.0	-10.8
95.8	-10.8
92.0	-11.0
68.4	-11.2
77.2	-11.3
70.7	-11.3
76.1	-11.3
78.6	-11.5
73.3	-11.6
77.3	-11.8
70.5	-11.9
95.7	-12.1
81.3	-12.4
78.7	-12.7
65.7	-12.9
72.1	-13.0
76.1	-13.1
86.5	-13.4
80.5	-13.4
73.4	-13.5
75.0	-13.6
80.4	-13.6
88.4	-13.6
69.4	-13.6
72.8	-13.8
72.5	-13.9
72.2	-13.9
73.1	-14.0
77.6	-14.3
76.5	-14.3
78.8	-14.5
73.0	-14.6
72.5	-15.0
73.0	-15.2
78.5	-15.4
71.4	-15.5
57.1	-15.6
83.3	-16.2
71.5	-16.2
75.8	-16.2
64.2	-16.4
78.7	-16.9
65.6	-16.9
71.9	-16.9
75.1	-17.0
69.2	-17.0
80.9	-17.1
75.0	-17.3
69.1	-17.3
61.5	-17.7
54.5	-17.8
62.1	-18.4
71.2	-18.5
65.4	-19.0
70.2	-19.2
71.3	-19.5
69.1	-20.4
63.6	-20.7
70.3	-21.0
74.6	-21.1
87.1	-21.2
70.8	-21.8
71.5	-23.2
74.4	-23.5
74.9	-24.7
59.6	-24.9
71.5	-25.5
73.4	-26.4
70.9	-27.1
80.1	-28.0
71.2	-28.0
79.7	-28.3
82.8	-28.7
64.8	-29.4
66.5	-33.8
88.4	+34.7
80.6	+34.0
79.8	+32.4
80.5	+32.0
79.6	+31.5
92.7	+29.7
82.4	+29.2
96.7	+28.7
91.6	+28.3
84.4	+25.6
92.2	+25.4
86.3	+25.2
74.4	+24.5
85.5	+23.9
82.4	+23.9
91.1	+23.2
82.7	+23.1
88.3	+22.4
86.2	+22.4
77.7	+22.3
85.4	+22.3
85.2	+22.2
86.1	+22.1
79.5	+22.0
75.1	+22.0
85.0	+21.9
75.7	+21.6
91.5	+21.6
90.7	+21.2
72.0	+21.1
74.5	+20.4
74.0	+20.4
87.3	+19.8
65.9	+19.2
88.1	+19.0
82.7	+19.0
76.1	+18.6
93.2	+18.5
67.1	+18.5
90.1	+18.3
87.0	+18.2
75.3	+18.0
82.3	+18.0
77.6	+17.5
82.6	+17.3
78.3	+17.3
85.7	+17.1
78.2	+17.1
86.6	+16.8
77.2	+16.7
83.3	+16.1
73.6	+15.9
77.0	+15.8
79.8	+15.7
80.5	+15.6
73.9	+15.5
81.0	+15.2
78.0	+15.1
90.8	+15.0
87.7	+14.9
85.8	+14.9
67.3	+14.5
67.8	+14.5
72.0	+14.3
66.6	+14.1
81.0	+14.0
83.2	+14.0
97.6	+14.0
83.1	+13.9
74.6	+13.8
70.7	+13.8
86.3	+13.7
82.0	+13.7
76.9	+13.6
70.6	+13.6
86.7	+13.6
83.8	+13.5
78.9	+13.4
82.2	+13.3
88.6	+13.2
92.0	+12.9
76.2	+12.9
71.8	+12.8
82.0	+12.6
80.8	+12.4
84.3	+12.4
76.1	+12.4
61.2	+12.3
84.0	+12.2
83.4	+12.2
69.3	+12.1
74.6	+12.1
74.9	+12.1
81.0	+12.0
95.6	+11.6
88.2	+11.6
89.2	+11.6
79.0	+11.4
85.4	+10.8
74.2	+10.7
73.5	+10.4
78.9	+10.4
91.1	+10.3
83.9	+10.1
89.8	+10.1
77.4	+10.1
91.2	+10.0
74.7	+9.9
84.4	+9.7
88.0	+9.5
75.4	+9.5
78.9	+9.4
81.0	+9.3
90.0	+9.3
79.6	+9.3
82.7	+9.1
89.2	+9.0
75.1	+8.9
79.3	+8.9
80.1	+8.8
84.4	+8.8
70.6	+8.7
73.3	+8.3
77.3	+8.2
88.0	+8.1
71.4	+8.0
70.5	+8.0
66.0	+7.9
77.7	+7.8
70.6	+7.8
79.6	+7.7
74.8	+7.7
86.1	+7.6
94.0	+7.6
71.7	+7.5
85.6	+7.3
82.1	+7.3
86.6	+7.1
75.4	+7.1
89.6	+7.0
73.3	+6.9
79.2	+6.8
85.4	+6.7
83.1	+6.6
89.7	+6.4
87.5	+6.1
97.1	+6.1
78.3	+6.1
82.2	+6.1
86.6	+5.9
74.7	+5.8
83.6	+5.8
71.2	+5.7
78.5	+5.7
85.7	+5.6
78.2	+5.4
84.3	+5.1
82.8	+4.9
78.6	+4.8
76.4	+4.8
78.4	+4.8
76.8	+4.7
76.6	+4.5
67.2	+4.5
73.9	+4.3
72.2	+4.2
85.5	+4.1
85.1	+4.1
68.1	+4.1
77.0	+4.0
77.0	+4.0
78.2	+3.9
70.1	+3.7
77.8	+3.6
82.2	+3.6
81.3	+3.6
84.4	+3.3
79.1	+3.3
94.2	+3.1
86.0	+3.1
73.7	+3.0
66.8	+3.0
77.1	+3.0
75.9	+2.9
79.2	+2.8
81.7	+2.7
81.7	+2.6
69.1	+2.5
84.2	+2.4
74.6	+2.4
65.8	+2.4
81.5	+2.4
74.2	+2.3
81.6	+2.2
77.2	+2.1
86.3	+1.9
85.8	+1.8
80.0	+1.8
83.7	+1.5
78.5	+1.4
78.9	+1.4
78.6	+1.3
88.5	+1.0
73.0	+0.8
73.8	+0.8
81.6	+0.7
74.8	+0.7
73.5	0.0
83.2	0.0
73.1	0.0
76.1	0.0
79.2	0.0
69.4	0.0
77.6	0.0
86.6	0.0
73.0	0.0
89.0	0.0
65.0	0.0
91.4	0.0
90.0	-0.2
78.1	-0.2
63.1	-0.6
80.1	-0.6
72.5	-0.7
70.4	-0.7
76.4	-0.8
72.5	-0.8
89.1	-0.8
67.5	-0.8
83.2	-0.9
76.3	-0.9
80.3	-1.0
79.8	-1.1
80.3	-1.2
67.5	-1.4
80.3	-1.5
82.4	-1.5
79.2	-1.6
55.6	-1.6
68.5	-1.6
86.5	-1.7
81.9	-1.8
83.6	-1.8
83.9	-2.0
80.0	-2.1
77.4	-2.2
81.8	-2.2
90.2	-2.3
85.1	-2.4
76.5	-2.6
80.5	-2.7
65.7	-2.8
82.1	-2.8
82.2	-2.9
84.9	-3.0
72.5	-3.0
83.4	-3.1
69.2	-3.1
74.0	-3.3
68.5	-3.4
81.6	-3.5
84.7	-3.6
68.5	-3.7
84.0	-3.7
80.1	-3.8
58.7	-4.1
69.1	-4.2
85.5	-4.2
76.4	-4.3
77.7	-4.4
79.5	-4.5
80.5	-4.6
80.5	-4.7
79.5	-4.8
71.6	-4.8
70.3	-5.0
70.7	-5.1
69.4	-5.1
81.4	-5.1
77.7	-5.2
77.9	-5.4
79.6	-5.4
75.9	-5.5
74.2	-5.6
87.5	-5.7
74.3	-5.8
76.9	-5.8
80.4	-5.9
66.4	-6.1
78.6	-6.4
79.7	-6.4
82.1	-6.5
76.1	-6.6
79.2	-6.6
74.9	-6.6
75.2	-6.7
70.6	-6.7
69.1	-6.8
83.6	-7.0
73.2	-7.1
80.1	-7.2
74.8	-7.2
80.9	-7.4
74.5	-7.4
73.4	-7.4
66.3	-7.5
65.9	-7.7
78.6	-7.8
84.3	-7.9
69.0	-7.9
80.0	-8.3
74.4	-8.4
69.0	-8.4
70.8	-8.5
79.5	-8.5
85.4	-8.6
73.6	-9.1
73.7	-9.2
74.3	-9.3
76.8	-9.4
71.8	-9.5
78.3	-9.5
71.9	-9.7
81.8	-9.8
70.0	-9.8
67.4	-9.9
65.5	-9.9
75.7	-10.0
74.1	-10.0
78.2	-10.1
74.5	-10.4
71.1	-10.7
66.8	-10.8
83.7	-11.0
74.9	-11.1
71.0	-11.2
75.0	-11.3
71.3	-11.3
71.9	-11.4
71.5	-11.4
74.6	-11.5
78.5	-11.5
82.0	-11.6
75.6	-12.0
76.8	-12.4
76.1	-12.9
77.0	-13.0
72.8	-13.0
73.8	-13.1
71.7	-13.2
77.5	-13.3
77.1	-14.0
78.0	-14.1
65.1	-14.1
75.0	-14.3
72.9	-14.3
76.5	-14.9
80.1	-15.5
77.1	-15.7
75.5	-15.7
73.7	-15.8
69.9	-16.1
81.6	-16.2
73.4	-16.6
75.6	-17.2
75.1	-17.6
79.2	-17.6
77.5	-17.8
93.1	-17.8
62.5	-18.2
70.1	-18.3
73.4	-19.3
88.7	-19.4
81.0	-19.7
67.1	-20.0
68.0	-20.1
81.8	-20.7
66.2	-21.2
83.0	-21.4
72.5	-21.7
72.6	-21.8
82.5	-22.0
72.1	-22.5
49.4	-23.1
77.7	-23.2
68.9	-24.1
66.5	-24.2
70.2	-24.3
68.5	-25.3
75.5	-28.1
74.4	-30.5
64.0	-30.6
72.7	-32.0
81.4	-39.4
71.1	-44.9
86.2	+46.4
77.0	+37.4
82.2	+34.2
90.2	+32.0
88.3	+30.8
82.4	+27.8
79.6	+27.5
80.3	+27.2
88.9	+26.5
69.6	+26.5
76.4	+26.3
72.5	+26.1
74.1	+25.9
80.3	+25.7
81.6	+25.7
72.6	+25.6
84.8	+25.3
71.7	+25.2
78.5	+24.5
80.6	+23.5
62.5	+23.4
81.1	+23.0
73.0	+23.0
66.0	+22.6
74.3	+22.4
72.6	+20.9
78.3	+20.9
83.3	+20.4
92.0	+20.3
75.6	+20.0
86.4	+19.4
85.3	+18.6
77.6	+18.6
67.3	+18.5
81.3	+17.9
82.5	+17.5
69.1	+17.5
81.6	+17.4
70.3	+17.4
89.4	+17.2
82.9	+16.9
76.8	+16.4
83.3	+16.4
76.7	+16.2
75.2	+16.1
89.8	+16.0
88.9	+15.8
90.8	+15.7
84.2	+15.7
85.0	+15.5
60.7	+15.2
71.8	+15.1
81.5	+15.0
78.0	+15.0
76.5	+14.9
88.1	+14.8
85.5	+14.5
89.1	+14.4
89.9	+14.3
83.6	+14.2
81.6	+14.1
92.8	+13.7
90.7	+13.5
74.9	+13.3
68.0	+13.3
76.4	+13.2
84.9	+13.1
83.3	+13.0
72.3	+13.0
92.3	+12.9
78.0	+12.8
79.5	+12.4
79.9	+12.3
74.6	+12.3
82.9	+12.2
86.9	+12.1
76.5	+12.0
76.4	+12.0
76.1	+11.9
72.6	+11.8
85.4	+11.8
84.8	+11.8
71.8	+11.7
65.1	+11.7
74.0	+11.5
69.1	+11.4
86.4	+11.4
74.1	+11.3
86.6	+11.0
87.2	+11.0
88.7	+10.9
81.6	+10.8
89.7	+10.7
63.4	+10.6
77.4	+10.5
85.1	+10.5
76.6	+10.4
89.3	+10.2
71.9	+10.0
87.2	+10.0
71.8	+9.9
85.7	+9.9
88.0	+9.6
73.0	+9.6
69.8	+9.6
72.9	+9.6
73.6	+9.5
82.2	+9.2
80.6	+9.2
87.0	+9.0
78.3	+8.9
89.8	+8.8
90.2	+8.7
85.4	+8.5
86.2	+8.2
89.6	+8.2
86.3	+8.1
90.2	+8.1
91.1	+8.0
87.2	+7.9
74.4	+7.9
87.4	+7.8
81.5	+7.7
81.9	+7.5
75.4	+7.5
85.2	+7.4
75.6	+7.4
85.6	+7.3
84.5	+7.0
79.5	+7.0
92.1	+6.8
78.5	+6.5
73.9	+6.4
79.6	+6.2
73.7	+6.2
71.0	+6.1
83.0	+6.1
79.9	+6.0
79.4	+5.9
73.1	+5.9
84.1	+5.8
70.9	+5.8
77.7	+5.7
76.2	+5.7
70.0	+5.7
82.8	+5.6
82.5	+5.5
82.6	+5.4
79.1	+5.4
79.1	+5.3
71.7	+5.3
85.4	+5.2
71.6	+5.2
81.0	+5.0
67.9	+5.0
84.2	+4.8
67.8	+4.8
83.9	+4.7
86.7	+4.6
80.3	+4.6
74.4	+4.6
67.3	+4.6
87.2	+4.3
85.6	+4.3
83.6	+4.3
77.5	+4.2
88.2	+4.1
83.6	+4.0
82.1	+4.0
86.3	+4.0
69.0	+4.0
76.2	+3.9
81.8	+3.8
82.9	+3.8
90.3	+3.7
80.7	+3.7
76.6	+3.5
67.6	+3.5
80.2	+3.4
78.9	+3.3
74.5	+3.3
71.1	+2.9
74.3	+2.9
76.1	+2.8
81.5	+2.8
76.2	+2.8
92.4	+2.7
75.6	+2.6
85.6	+2.5
72.0	+2.5
57.6	+2.4
63.6	+2.4
74.2	+2.4
75.7	+2.3
79.4	+2.3
81.7	+2.3
77.1	+2.2
78.7	+2.1
73.3	+1.8
81.3	+1.7
85.9	+1.7
84.6	+1.7
78.6	+1.5
67.7	+0.9
71.2	+0.9
69.1	+0.8
78.0	+0.6
86.6	+0.4
78.9	+0.3
78.1	0.0
80.4	0.0
79.6	0.0
82.1	0.0
70.4	0.0
69.3	-0.4
74.3	-0.5
87.3	-0.6
59.5	-0.6
81.0	-0.7
83.4	-0.7
76.9	-0.7
80.8	-0.7
71.0	-0.7
69.3	-0.8
78.0	-1.0
72.2	-1.0
82.8	-1.1
82.3	-1.2
81.5	-1.3
70.2	-1.4
84.0	-1.6
82.8	-1.6
69.8	-1.6
77.7	-1.8
67.3	-1.8
74.8	-1.9
73.4	-1.9
71.1	-1.9
80.1	-2.1
80.6	-2.2
76.6	-2.5
82.8	-2.5
69.7	-2.5
83.1	-2.5
88.2	-2.6
91.4	-2.8
78.2	-2.9
78.0	-2.9
71.8	-3.0
90.8	-3.2
78.5	-3.3
75.2	-3.4
77.7	-3.6
76.0	-3.8
73.6	-3.9
72.9	-4.0
75.3	-4.0
85.0	-4.2
73.2	-4.3
87.0	-4.3
84.1	-4.5
74.4	-4.5
67.3	-4.7
65.9	-4.8
82.5	-4.9
69.4	-5.0
75.6	-5.1
80.2	-5.2
78.1	-5.2
90.2	-5.3
78.4	-5.3
66.4	-5.3
63.8	-5.5
81.7	-5.9
67.9	-6.0
78.3	-6.1
68.2	-6.3
69.3	-6.3
81.9	-6.4
71.0	-6.6
67.7	-6.6
79.7	-6.6
72.8	-6.7
79.1	-6.8
69.1	-6.8
71.4	-6.9
80.2	-7.5
89.2	-7.6
77.9	-7.7
81.1	-7.8
74.8	-8.0
81.8	-8.3
74.3	-8.4
84.9	-8.5
85.8	-8.6
78.8	-8.7
67.7	-8.8
74.3	-8.9
68.1	-9.1
70.6	-9.4
69.6	-9.4
82.7	-9.5
74.5	-9.6
81.8	-9.6
76.3	-9.8
78.7	-9.8
82.0	-10.0
72.2	-10.2
68.3	-10.5
73.0	-10.5
68.7	-10.6
79.0	-10.7
72.6	-10.9
86.8	-11.7
80.8	-11.7
78.6	-11.7
73.4	-11.8
72.9	-12.1
71.1	-12.2
68.1	-12.3
73.6	-12.3
73.6	-12.5
73.1	-12.8
82.6	-12.9
77.8	-13.6
84.8	-13.7
75.3	-13.8
82.8	-14.2
74.3	-14.4
74.0	-15.0
73.5	-15.3
72.4	-16.8
67.8	-16.8
74.3	-17.1
73.9	-17.2
66.1	-17.4
77.0	-17.6
65.5	-17.7
80.9	-18.1
88.4	-18.3
66.1	-19.1
78.5	-19.1
88.0	-19.4
68.0	-19.5
86.0	-19.7
73.1	-20.6
67.2	-21.0
70.7	-21.3
78.7	-21.4
66.6	-21.4
67.9	-21.5
74.3	-22.5
74.8	-24.5
75.4	-24.7
85.8	-24.9
73.7	-26.2
78.0	-27.3
74.2	-27.8
77.7	-28.2
73.8	-29.9
73.9	-29.9
68.0	-29.9
69.0	-35.5
67.6	-41.1
68.9	-46.1
92.1	+40.3
78.9	+38.9
83.6	+38.3
70.4	+35.1
92.0	+34.1
84.4	+29.0
75.7	+28.1
83.0	+27.9
72.6	+26.7
84.6	+26.3
80.6	+25.7
77.1	+25.5
83.0	+25.3
83.7	+25.2
78.9	+24.7
87.9	+24.2
89.9	+23.4
73.8	+22.7
69.2	+22.5
80.7	+22.4
82.7	+22.4
69.4	+21.8
78.6	+21.3
84.5	+21.2
76.1	+21.1
80.2	+20.7
73.4	+20.6
89.1	+20.5
80.7	+20.2
84.8	+19.9
85.9	+19.7
82.1	+19.5
86.7	+19.2
87.7	+19.1
92.3	+18.9
73.5	+18.8
91.4	+18.5
84.1	+18.4
91.2	+18.3
84.2	+18.1
88.6	+17.7
82.1	+17.7
83.4	+17.6
70.5	+17.6
73.0	+17.5
83.0	+17.4
83.3	+17.0
86.3	+16.9
88.3	+16.9
84.9	+16.9
78.9	+16.8
66.9	+16.8
78.1	+16.8
92.9	+16.7
86.9	+16.6
83.2	+16.4
64.5	+16.3
88.4	+16.0
86.6	+15.6
85.1	+15.6
81.1	+15.6
85.6	+15.2
83.8	+15.1
78.8	+15.1
89.6	+14.1
76.8	+13.9
74.9	+13.7
91.0	+13.7
72.8	+13.7
85.0	+13.7
78.7	+13.6
76.8	+13.5
77.0	+13.4
80.9	+13.4
82.6	+13.3
92.1	+13.2
75.8	+13.1
79.9	+13.1
92.3	+13.0
83.4	+13.0
86.7	+12.9
82.0	+12.9
89.9	+12.9
79.5	+12.7
78.4	+12.7
76.3	+12.7
85.7	+12.5
67.6	+12.5
74.1	+12.3
72.3	+12.3
69.6	+12.3
95.4	+12.2
66.7	+12.2
79.0	+12.0
89.2	+11.9
83.4	+11.7
81.4	+11.7
73.9	+11.7
94.1	+11.6
68.1	+11.5
86.4	+11.3
69.1	+11.2
80.9	+11.2
78.8	+11.1
80.7	+10.8
76.7	+10.6
93.5	+10.4
85.8	+10.2
71.0	+10.2
86.7	+10.1
72.5	+10.1
78.9	+10.0
85.9	+9.9
77.8	+9.9
80.2	+9.8
69.1	+9.8
78.3	+9.7
84.8	+9.7
85.6	+9.7
81.8	+9.7
88.4	+9.4
84.9	+9.3
74.4	+9.3
71.4	+8.8
69.5	+8.8
84.6	+8.8
91.7	+8.7
74.1	+8.6
85.8	+8.5
69.4	+8.4
85.3	+8.4
72.1	+8.1
64.7	+8.1
86.9	+8.1
72.8	+8.1
79.3	+8.0
75.2	+7.9
80.0	+7.8
68.2	+7.7
81.2	+7.6
72.7	+7.6
86.1	+7.6
76.8	+7.6
90.9	+7.5
88.5	+7.3
79.8	+7.2
82.8	+7.1
73.4	+7.1
72.6	+7.0
83.4	+7.0
68.9	+6.8
88.9	+6.7
88.7	+6.6
90.8	+6.6
80.3	+6.6
74.5	+6.5
88.4	+6.4
85.8	+6.4
74.1	+6.2
75.2	+6.2
80.7	+6.1
76.5	+6.1
74.0	+6.1
82.8	+6.0
81.7	+5.9
79.9	+5.8
70.0	+5.7
76.9	+5.7
80.5	+5.7
76.8	+5.6
84.6	+5.6
85.6	+5.5
76.6	+5.5
84.9	+5.5
73.7	+5.4
84.1	+5.4
72.9	+5.3
87.3	+5.2
70.4	+5.1
82.8	+5.1
77.0	+5.0
77.6	+4.9
83.1	+4.9
83.0	+4.9
85.7	+4.9
84.4	+4.9
81.0	+4.8
75.0	+4.7
75.0	+4.7
80.6	+4.6
51.1	+4.6
72.7	+4.5
85.6	+4.4
74.1	+4.4
80.6	+4.4
81.1	+4.3
63.7	+4.0
68.0	+3.9
81.8	+3.7
67.3	+3.7
81.3	+3.6
88.6	+3.6
80.3	+3.5
85.1	+3.3
90.5	+3.3
82.8	+3.2
83.5	+3.2
64.6	+3.2
69.5	+3.0
75.4	+3.0
77.4	+3.0
83.5	+2.9
75.9	+2.9
72.7	+2.8
80.6	+2.6
71.8	+2.3
69.6	+2.3
91.4	+2.1
79.9	+1.9
86.7	+1.9
76.4	+1.9
65.7	+1.9
85.2	+1.9
78.3	+1.7
73.4	+1.7
84.4	+1.6
80.1	+1.3
75.6	+0.9
66.6	+0.7
86.1	+0.5
91.2	+0.5
88.2	+0.4
78.9	+0.4
68.9	0.0
85.0	0.0
64.4	0.0
58.1	0.0
76.8	0.0
66.5	0.0
83.6	-0.6
69.7	-0.6
69.5	-0.8
55.4	-0.9
79.3	-1.1
77.8	-1.2
80.1	-1.2
72.7	-1.2
80.8	-1.3
70.8	-1.3
76.5	-1.6
80.6	-1.6
69.7	-1.9
85.9	-1.9
82.7	-1.9
75.6	-2.1
75.8	-2.1
89.6	-2.2
74.4	-2.4
72.5	-2.5
71.9	-2.7
86.7	-2.8
73.5	-2.8
78.7	-2.8
70.9	-2.8
83.7	-3.0
90.2	-3.1
77.2	-3.2
82.1	-3.2
70.7	-3.4
76.4	-3.4
80.4	-3.4
85.8	-3.5
78.7	-3.5
79.6	-3.5
75.0	-3.7
61.7	-3.8
81.6	-3.8
67.6	-3.9
79.2	-4.2
89.5	-4.4
82.3	-4.4
78.8	-4.5
85.9	-4.5
76.2	-4.5
66.0	-4.6
80.4	-4.6
82.9	-4.7
77.2	-4.9
82.8	-5.0
81.4	-5.0
75.5	-5.4
77.9	-5.4
74.9	-5.7
78.7	-5.7
79.2	-5.7
94.2	-5.8
71.7	-6.0
82.4	-6.1
84.6	-6.1
71.4	-6.2
85.3	-6.3
67.6	-6.4
80.3	-6.5
86.2	-6.7
81.6	-6.9
82.2	-7.2
78.4	-7.5
67.9	-7.6
73.1	-7.6
73.4	-7.7
72.7	-7.8
67.5	-7.8
62.9	-7.9
82.1	-8.0
67.6	-8.2
78.0	-8.5
73.8	-8.5
62.6	-8.6
81.9	-8.6
71.1	-8.7
71.2	-8.8
76.0	-8.8
71.0	-8.9
79.8	-8.9
84.8	-9.0
82.2	-9.0
69.4	-9.0
82.8	-9.1
76.3	-9.4
74.5	-9.6
85.5	-9.9
75.8	-10.3
74.7	-10.4
68.8	-10.5
70.2	-10.7
65.4	-10.7
70.4	-10.7
67.4	-10.7
74.1	-11.0
75.2	-11.1
72.6	-11.3
72.0	-11.3
63.5	-11.9
76.0	-12.7
66.2	-12.8
75.9	-12.9
74.0	-13.5
64.2	-13.6
70.6	-13.7
75.6	-14.2
78.3	-14.5
82.1	-14.5
73.2	-14.6
88.3	-14.8
74.6	-15.1
78.2	-15.3
71.2	-15.8
83.6	-15.9
82.1	-16.1
79.8	-16.1
75.6	-16.3
70.1	-17.1
78.4	-17.2
77.7	-17.3
86.1	-17.5
76.2	-17.8
90.1	-18.1
88.9	-18.2
80.4	-18.5
61.2	-18.7
68.7	-18.9
79.6	-18.9
66.6	-19.0
88.8	-19.1
67.6	-19.9
71.0	-20.4
66.6	-21.0
73.4	-21.0
69.8	-22.0
69.4	-22.8
77.8	-23.6
74.5	-23.8
65.3	-24.2
81.4	-24.6
70.4	-24.6
67.7	-25.5
84.0	-25.7
73.2	-26.9
73.6	-29.2
68.5	-30.4
69.8	-31.6
69.6	-35.0
82.1	-40.2
86.1	+42.5
93.2	+37.7
82.4	+31.0
86.0	+30.5
79.3	+29.8
85.9	+29.6
74.3	+29.0
51.3	+25.1
87.8	+25.0
98.6	+24.7
93.3	+24.5
70.6	+24.1
90.3	+23.7
78.5	+23.5
89.5	+23.4
70.8	+22.7
87.4	+22.2
82.1	+22.1
86.8	+22.0
82.6	+21.9
87.4	+21.9
78.8	+21.8
81.7	+21.7
78.1	+21.2
82.6	+20.3
98.4	+19.8
85.4	+19.8
72.8	+19.3
76.3	+19.2
83.8	+19.2
84.6	+18.6
81.1	+18.6
73.7	+18.5
86.1	+18.2
75.6	+18.0
82.9	+18.0
71.2	+18.0
62.5	+17.9
75.9	+17.8
85.6	+17.7
77.5	+17.7
80.3	+17.5
73.9	+17.3
78.3	+16.9
88.7	+16.7
89.1	+16.7
68.2	+16.3
101.3	+16.2
90.0	+16.2
86.6	+15.5
76.2	+15.3
79.3	+15.3
94.6	+15.2
80.2	+15.2
87.9	+15.1
90.1	+15.1
73.9	+14.6
79.9	+14.4
89.8	+14.3
82.9	+14.2
85.0	+14.1
87.4	+14.0
77.8	+13.9
84.1	+13.4
84.4	+13.0
75.3	+13.0
81.8	+12.9
83.4	+12.9
91.5	+12.8
72.6	+12.6
79.0	+12.5
74.6	+12.5
99.8	+12.4
80.6	+12.4
80.3	+12.4
78.8	+12.3
80.7	+12.3
83.5	+12.2
82.5	+12.1
85.9	+12.0
89.2	+12.0
83.6	+12.0
76.0	+11.0
72.7	+10.9
85.0	+10.7
68.1	+10.6
74.5	+10.6
81.4	+10.2
86.2	+10.1
62.6	+10.0
69.1	+10.0
99.2	+9.7
78.4	+9.1
85.8	+9.0
78.5	+9.0
80.7	+8.8
65.3	+8.6
82.3	+8.5
59.3	+8.4
82.7	+8.3
66.8	+8.2
78.4	+8.1
65.5	+8.1
80.1	+7.9
87.8	+7.8
76.3	+7.7
77.0	+7.5
83.6	+7.4
79.9	+7.3
81.7	+7.3
76.1	+7.3
67.5	+7.2
87.3	+7.0
79.6	+7.0
81.7	+7.0
73.4	+7.0
91.4	+6.9
97.9	+6.8
92.9	+6.8
72.4	+6.7
74.5	+6.7
88.2	+6.5
84.2	+6.5
76.5	+6.5
76.9	+6.3
85.5	+6.3
92.0	+6.2
86.6	+5.9
66.2	+5.9
85.0	+5.8
86.4	+5.7
62.9	+5.6
74.5	+5.6
58.8	+5.3
87.0	+5.3
90.1	+5.2
89.6	+5.1
82.7	+4.9
80.1	+4.8
88.7	+4.6
72.4	+4.5
79.6	+4.4
82.6	+3.9
77.4	+3.9
70.0	+3.7
77.3	+3.7
76.9	+3.7
89.4	+3.7
69.5	+3.5
61.5	+3.5
66.3	+3.4
90.0	+3.3
66.6	+3.1
89.8	+2.8
85.4	+2.6
55.3	+2.5
80.9	+2.5
76.1	+2.3
93.5	+2.2
68.5	+2.2
75.5	+2.1
82.6	+2.0
83.2	+1.9
64.3	+1.9
80.3	+1.8
87.9	+1.8
83.0	+1.6
63.7	+1.6
78.9	+1.6
72.6	+1.4
72.3	+1.4
76.0	+1.2
94.2	+1.0
67.3	+0.9
88.5	+0.8
76.1	+0.7
76.6	+0.5
91.0	+0.5
81.3	+0.5
69.5	+0.3
97.3	0.0
84.9	0.0
66.6	-0.6
82.8	-0.6
85.7	-0.7
71.0	-0.7
76.4	-0.7
74.2	-0.8
82.9	-0.8
60.2	-0.9
72.5	-0.9
62.0	-0.9
69.9	-1.1
88.7	-1.4
79.0	-1.4
73.5	-1.5
63.5	-1.8
70.6	-1.8
75.4	-1.9
84.5	-2.1
63.8	-2.2
87.2	-2.2
72.4	-2.4
71.9	-2.4
78.0	-2.5
89.4	-2.7
75.8	-2.9
85.1	-2.9
57.9	-3.2
64.0	-3.3
77.2	-3.4
87.8	-3.6
85.7	-3.8
79.4	-3.9
84.4	-4.1
67.8	-4.3
89.5	-4.4
71.7	-4.5
84.9	-4.5
88.7	-4.6
67.5	-4.8
82.2	-4.9
80.4	-4.9
82.4	-5.0
77.8	-5.1
78.5	-5.4
83.4	-5.4
69.0	-5.5
70.2	-5.5
71.7	-5.6
84.7	-5.7
65.7	-5.7
86.6	-6.0
78.4	-6.1
72.5	-6.3
86.9	-6.4
66.4	-6.4
86.0	-6.6
75.9	-6.7
70.8	-7.0
76.5	-7.0
86.0	-7.3
66.6	-7.4
69.8	-7.4
76.9	-7.4
73.0	-7.5
70.5	-7.7
85.5	-8.3
51.3	-8.3
73.4	-8.4
64.4	-8.5
74.9	-8.6
70.4	-8.7
71.3	-8.8
71.2	-8.9
80.9	-8.9
72.6	-9.1
71.3	-9.1
75.8	-9.3
79.4	-9.6
80.4	-9.6
70.8	-9.8
74.2	-9.8
81.3	-10.0
73.8	-10.1
82.7	-10.1
77.5	-10.1
67.4	-10.1
65.0	-10.2
68.5	-10.3
72.6	-10.7
83.6	-10.7
78.4	-10.8
73.7	-10.9
64.9	-11.2
74.8	-11.6
81.8	-11.7
73.4	-12.4
82.9	-12.5
58.1	-12.7
62.3	-13.5
67.2	-13.8
61.8	-13.9
65.8	-14.4
62.4	-14.8
74.3	-15.5
58.1	-15.9
79.7	-16.6
75.8	-16.7
75.7	-17.2
68.0	-17.8
69.4	-18.1
63.2	-18.5
72.8	-19.0
74.3	-20.3
57.0	-20.7
81.0	-20.9
74.2	-22.5
69.6	-23.0
88.6	-23.6
81.9	-24.1
80.1	-24.2
53.7	-24.6
70.7	-25.4
68.1	-25.5
65.2	-32.0
69.3	-32.6
80.3	-38.8
81.5	+45.6
76.0	+42.8
103.6	+37.2
81.2	+36.5
69.4	+35.8
84.9	+33.3
72.5	+29.4
86.1	+28.7
70.3	+28.6
89.5	+28.1
81.1	+27.7
79.0	+26.9
66.9	+26.5
98.3	+26.0
83.5	+25.9
93.9	+25.7
73.6	+25.1
79.1	+24.9
90.0	+24.7
79.5	+24.6
82.3	+24.5
90.0	+24.4
77.8	+23.4
80.3	+22.0
80.7	+21.7
96.9	+21.3
94.6	+21.2
74.9	+21.1
75.1	+20.2
76.2	+19.9
77.4	+19.8
72.2	+19.7
81.7	+19.6
67.6	+19.4
96.0	+19.3
102.4	+19.3
92.4	+19.0
99.6	+18.9
101.0	+18.9
68.2	+18.9
83.1	+18.7
86.2	+17.7
72.7	+17.7
96.6	+17.5
67.8	+17.5
89.2	+17.4
73.5	+17.0
63.3	+16.8
84.0	+16.5
77.3	+16.4
83.3	+15.9
83.5	+15.9
88.8	+15.8
80.3	+15.8
71.2	+15.5
72.6	+15.4
83.0	+14.9
82.6	+14.8
79.4	+14.4
71.9	+14.4
75.5	+13.8
87.1	+13.4
70.8	+13.4
83.4	+13.4
84.2	+13.1
84.1	+13.1
80.7	+13.1
90.3	+13.0
79.8	+12.8
84.4	+12.8
82.3	+12.6
76.3	+12.4
81.5	+12.2
93.4	+12.0
80.7	+11.9
78.6	+11.9
89.8	+11.6
87.0	+11.5
83.4	+11.4
82.6	+11.3
84.9	+11.2
76.2	+11.2
86.5	+11.1
98.8	+11.0
82.9	+10.6
70.5	+10.6
92.6	+10.5
78.8	+10.5
92.0	+10.4
83.3	+10.3
80.4	+10.2
81.3	+9.8
78.7	+9.7
74.9	+9.6
82.8	+9.4
82.9	+9.3
82.2	+9.2
86.6	+9.1
80.3	+8.9
74.9	+8.7
84.5	+8.7
60.7	+8.6
83.2	+8.4
95.2	+8.3
84.1	+8.3
94.7	+8.2
70.1	+8.1
65.1	+8.1
78.9	+8.0
76.3	+7.8
90.2	+7.7
82.3	+7.5
82.9	+7.4
85.2	+7.3
100.4	+7.1
84.2	+6.9
95.8	+6.6
76.1	+6.5
83.6	+6.5
75.4	+6.3
81.5	+6.3
71.8	+6.1
81.0	+6.0
85.5	+6.0
68.0	+5.7
82.3	+5.6
83.3	+5.5
83.3	+5.3
71.2	+5.2
81.4	+5.2
69.0	+5.2
101.2	+5.1
63.6	+5.1
81.3	+5.1
78.5	+5.1
83.5	+5.0
71.1	+5.0
80.2	+4.9
77.6	+4.9
81.3	+4.7
71.9	+4.7
70.4	+4.7
74.2	+4.6
73.7	+4.4
79.0	+4.4
79.4	+4.3
74.3	+4.1
83.0	+4.0
68.0	+3.7
75.1	+3.7
77.6	+3.7
87.6	+3.6
75.9	+3.4
66.5	+3.4
72.4	+3.4
79.7	+3.3
78.4	+3.2
78.2	+3.2
72.0	+3.1
84.8	+3.1
71.7	+3.1
73.5	+3.0
82.8	+3.0
72.5	+2.8
72.9	+2.7
73.5	+2.6
82.4	+2.1
72.7	+2.0
78.3	+2.0
98.6	+1.9
84.4	+1.8
64.3	+1.7
72.9	+1.7
81.7	+1.6
83.0	+1.6
73.7	+1.6
55.7	+1.6
77.7	+1.4
71.1	+1.2
78.0	+1.1
77.6	+1.1
78.4	+0.9
83.7	+0.9
76.6	+0.9
78.5	+0.8
74.3	+0.8
80.7	+0.6
74.7	+0.4
83.3	+0.1
61.5	0.0
65.8	0.0
76.6	0.0
71.8	0.0
75.3	0.0
84.3	0.0
68.6	0.0
63.3	0.0
62.3	0.0
73.5	-0.4
75.3	-0.5
62.8	-0.6
65.5	-0.7
72.7	-0.8
76.5	-0.8
86.7	-0.9
70.2	-0.9
65.4	-0.9
69.8	-0.9
72.9	-1.0
82.3	-1.1
84.2	-1.1
86.3	-1.1
71.8	-1.1
75.1	-1.2
64.1	-1.2
68.7	-1.3
75.5	-1.5
78.8	-1.6
70.2	-1.8
86.5	-1.8
82.7	-1.8
70.5	-2.0
78.1	-2.0
86.0	-2.1
57.4	-2.1
80.7	-2.6
77.5	-2.6
77.0	-2.6
69.3	-2.7
69.1	-3.0
79.7	-3.0
72.0	-3.1
83.6	-3.3
85.2	-3.3
69.6	-3.5
71.5	-3.6
87.8	-3.8
81.2	-3.9
76.3	-4.3
78.6	-4.4
81.5	-4.5
87.7	-4.5
70.3	-4.7
100.0	-4.8
77.3	-4.9
71.6	-4.9
68.7	-5.1
68.1	-5.1
101.5	-5.2
76.1	-5.2
78.2	-5.5
76.3	-5.6
88.2	-5.6
69.1	-5.6
66.1	-5.7
79.7	-5.7
71.2	-5.8
75.6	-5.9
76.7	-6.0
91.7	-6.0
74.5	-6.2
87.6	-6.2
77.5	-6.2
72.6	-6.4
78.1	-6.5
73.9	-6.6
74.1	-6.7
78.5	-6.7
74.6	-6.7
84.1	-6.8
73.6	-6.9
79.9	-7.0
82.8	-7.0
72.7	-7.1
76.2	-7.3
80.4	-7.3
69.3	-7.5
75.7	-7.5
74.5	-7.6
84.3	-7.7
77.7	-7.7
76.1	-7.8
80.6	-7.8
79.2	-7.8
72.2	-8.0
98.2	-8.1
81.5	-8.2
77.4	-8.3
77.0	-8.7
80.6	-8.7
89.0	-8.9
82.4	-9.0
54.3	-9.1
72.9	-9.3
69.6	-9.7
73.1	-9.9
85.0	-9.9
66.0	-10.1
68.9	-10.1
78.3	-10.3
75.6	-10.4
78.3	-10.4
71.6	-10.5
78.4	-10.9
62.8	-11.1
67.3	-11.1
72.7	-11.1
64.3	-11.2
72.8	-11.2
84.0	-11.5
70.8	-11.5
85.6	-12.2
74.5	-12.3
80.6	-12.5
76.3	-12.9
58.6	-13.3
66.7	-13.4
78.0	-13.5
80.6	-13.7
73.7	-13.9
63.4	-14.2
59.0	-14.4
68.4	-14.4
69.4	-14.5
79.2	-14.7
71.1	-15.0
69.7	-15.1
88.3	-15.5
71.1	-15.6
82.2	-15.8
69.7	-15.8
70.8	-16.3
68.4	-17.0
71.2	-17.1
65.5	-17.1
80.2	-17.5
83.2	-18.5
69.1	-18.7
93.3	-19.6
66.8	-19.6
75.3	-19.8
70.9	-20.0
60.1	-20.3
66.4	-20.4
81.9	-20.5
77.0	-21.4
81.2	-21.4
72.6	-26.3
70.7	-26.7
79.2	-35.4
64.9	-41.9
