1 	Tariq Abdul-Wahad 	SG 	28 	DAL 	14 	204 	12.4 	.470 	.466 	.103 	.017 	7.6 	14.0 	10.8 	15.4 	1.5 	1.1 	10.3 	15.0 	106 	103 	0.2 	0.2 	0.4 	.104
2 	Shareef Abdur-Rahim 	PF 	26 	ATL 	81 	3087 	19.9 	.566 	.487 	.457 	.051 	6.7 	17.8 	12.5 	14.7 	1.5 	0.9 	13.0 	24.2 	111 	106 	7.4 	2.3 	9.7 	.151
3 	Courtney Alexander 	PG 	25 	NOH 	66 	1360 	9.3 	.459 	.401 	.289 	.113 	3.3 	6.8 	5.0 	9.8 	1.2 	0.3 	10.7 	21.3 	96 	106 	0.1 	1.0 	1.1 	.040
4 	Malik Allen 	PF 	24 	MIA 	80 	2318 	9.9 	.455 	.424 	.153 	.005 	6.5 	14.9 	10.6 	4.4 	0.9 	2.6 	13.2 	19.7 	89 	103 	-1.7 	2.6 	0.9 	.018
5 	Ray Allen 	SG 	27 	TOT 	76 	2880 	21.3 	.565 	.512 	.253 	.391 	3.8 	11.8 	7.8 	21.6 	1.9 	0.4 	11.6 	27.8 	111 	108 	7.6 	1.5 	9.1 	.152
6 	Rafer Alston 	PG 	26 	TOR 	47 	980 	14.4 	.510 	.491 	.161 	.388 	2.3 	10.4 	6.2 	34.0 	2.1 	1.1 	19.3 	20.7 	100 	108 	0.7 	0.5 	1.2 	.059
7 	John Amaechi 	C 	32 	UTA 	50 	474 	3.1 	.351 	.314 	.441 	.000 	6.9 	12.5 	9.8 	6.8 	1.6 	1.1 	19.4 	17.0 	73 	105 	-1.1 	0.4 	-0.7 	-0.070
8 	Chris Andersen 	C 	24 	DEN 	59 	907 	14.0 	.440 	.400 	.491 	.004 	13.3 	22.3 	17.6 	6.3 	1.7 	5.3 	14.8 	19.9 	91 	97 	-0.5 	1.7 	1.1 	.059
9 	Derek Anderson 	PG 	28 	POR 	76 	2556 	16.9 	.556 	.496 	.323 	.398 	2.5 	10.0 	6.2 	20.7 	1.9 	0.5 	11.9 	19.5 	115 	105 	5.9 	2.2 	8.1 	.153
10 	Kenny Anderson 	PG 	32 	TOT 	61 	1135 	13.6 	.457 	.428 	.149 	.018 	3.2 	10.6 	6.8 	29.8 	2.8 	0.3 	15.6 	19.7 	98 	103 	0.4 	1.3 	1.6 	.069
11 	Shandon Anderson 	SF 	29 	NYK 	82 	1731 	13.4 	.553 	.510 	.354 	.261 	4.2 	13.2 	8.6 	8.3 	2.2 	0.8 	15.5 	19.6 	101 	105 	1.2 	1.4 	2.7 	.074
12 	Robert Archibald 	PF 	22 	MEM 	12 	72 	2.4 	.340 	.300 	.900 	.000 	9.5 	17.0 	13.3 	6.1 	0.0 	2.9 	20.0 	21.8 	69 	109 	-0.3 	0.0 	-0.2 	-0.158
13 	Gilbert Arenas 	PG 	21 	GSW 	82 	2866 	18.6 	.540 	.478 	.397 	.265 	3.6 	10.6 	7.2 	30.0 	2.2 	0.4 	17.3 	24.9 	108 	110 	5.8 	0.7 	6.5 	.109
14 	Brandon Armstrong 	SG 	22 	NJN 	17 	69 	3.9 	.405 	.352 	.222 	.222 	0.0 	6.6 	3.3 	4.8 	2.3 	1.1 	14.4 	22.6 	76 	100 	-0.2 	0.1 	-0.1 	-0.050
15 	Darrell Armstrong 	PG 	34 	ORL 	82 	2350 	14.6 	.530 	.470 	.292 	.361 	4.3 	10.2 	7.2 	21.7 	3.0 	0.4 	18.1 	16.9 	106 	104 	2.7 	2.2 	4.9 	.100
16 	Carlos Arroyo 	PG 	23 	UTA 	44 	287 	14.1 	.510 	.472 	.202 	.064 	4.8 	6.1 	5.5 	33.1 	2.2 	0.3 	20.2 	23.8 	98 	106 	0.1 	0.2 	0.3 	.057
17 	Chucky Atkins 	PG 	28 	DET 	65 	1398 	10.1 	.475 	.454 	.105 	.520 	1.8 	6.5 	4.1 	22.4 	1.1 	0.2 	13.7 	19.4 	97 	105 	0.3 	1.2 	1.5 	.053
18 	Stacey Augmon 	SG 	34 	NOH 	70 	862 	9.3 	.474 	.411 	.375 	.036 	3.5 	12.7 	8.0 	12.5 	1.7 	0.8 	15.2 	13.9 	99 	103 	0.2 	1.0 	1.2 	.067
19 	Dalibor Bagaric 	C 	22 	CHI 	10 	76 	7.1 	.342 	.308 	.154 	.000 	10.3 	18.6 	14.5 	8.2 	2.0 	2.9 	15.3 	19.1 	77 	102 	-0.2 	0.1 	-0.1 	-0.048
20 	Vin Baker 	C 	31 	BOS 	52 	942 	10.6 	.531 	.478 	.517 	.019 	10.5 	13.3 	11.9 	5.3 	1.2 	2.5 	19.4 	15.5 	101 	102 	0.5 	1.1 	1.6 	.082
21 	Brent Barry 	SG 	31 	SEA 	75 	2480 	15.8 	.597 	.560 	.279 	.508 	2.2 	12.2 	7.1 	25.0 	2.5 	0.5 	18.0 	14.9 	115 	104 	4.8 	2.5 	7.3 	.141
22 	Jon Barry 	SG 	33 	DET 	80 	1473 	17.9 	.593 	.553 	.236 	.505 	2.6 	12.0 	7.2 	25.5 	2.4 	0.7 	14.8 	17.9 	116 	100 	3.4 	2.2 	5.6 	.183
23 	Maceo Baston 	PF 	27 	TOR 	16 	106 	18.0 	.661 	.600 	.480 	.000 	4.1 	21.3 	12.4 	0.0 	2.0 	7.3 	16.5 	15.6 	113 	100 	0.2 	0.2 	0.3 	.153
24 	Mengke Bateer 	C 	27 	SAS 	12 	46 	-8.4 	.252 	.265 	.118 	.176 	5.3 	19.2 	12.6 	13.5 	0.0 	0.0 	25.1 	24.1 	53 	102 	-0.3 	0.1 	-0.2 	-0.248
25 	Mike Batiste 	PF 	25 	MEM 	75 	1248 	12.2 	.476 	.441 	.188 	.173 	7.5 	15.6 	11.6 	6.9 	1.7 	0.9 	12.0 	20.7 	96 	107 	0.0 	0.7 	0.8 	.029
26 	Tony Battie 	C 	26 	BOS 	67 	1683 	15.2 	.578 	.541 	.320 	.014 	9.7 	19.7 	14.6 	5.2 	1.0 	3.8 	10.2 	12.9 	119 	100 	3.3 	2.5 	5.8 	.164
27 	Shane Battier 	SF 	24 	MEM 	78 	2383 	15.0 	.597 	.559 	.255 	.380 	6.1 	10.1 	8.1 	6.8 	2.2 	2.5 	9.7 	13.2 	120 	107 	4.8 	1.5 	6.2 	.126
28 	Lonny Baxter 	C 	24 	CHI 	55 	682 	11.3 	.521 	.466 	.500 	.010 	10.7 	16.0 	13.4 	3.8 	0.7 	2.3 	15.5 	19.3 	100 	106 	0.4 	0.5 	0.9 	.063
29 	Raja Bell 	SG 	26 	DAL 	75 	1173 	7.9 	.509 	.491 	.161 	.242 	4.4 	9.2 	6.8 	6.8 	2.3 	0.5 	16.0 	10.4 	101 	104 	0.5 	1.2 	1.7 	.069
30 	Jonathan Bender 	SF 	22 	IND 	46 	819 	13.3 	.521 	.478 	.331 	.209 	5.9 	12.2 	9.1 	8.6 	0.5 	5.0 	12.6 	18.4 	103 	102 	0.7 	1.0 	1.7 	.099
31 	Corey Benjamin 	SG 	24 	ATL 	9 	152 	7.3 	.400 	.326 	.372 	.302 	7.8 	15.1 	11.6 	10.4 	0.3 	0.9 	10.7 	16.9 	93 	109 	0.0 	0.1 	0.0 	.004
32 	Travis Best 	PG 	30 	MIA 	72 	1807 	11.2 	.473 	.427 	.211 	.187 	1.6 	8.0 	4.7 	25.7 	1.3 	0.3 	14.3 	19.4 	97 	106 	0.5 	1.4 	1.8 	.048
33 	Mike Bibby 	PG 	24 	SAC 	55 	1835 	17.6 	.559 	.510 	.267 	.196 	2.1 	6.3 	4.3 	24.3 	2.0 	0.3 	14.0 	21.9 	109 	103 	3.5 	2.0 	5.6 	.146
34 	Chauncey Billups 	PG 	26 	DET 	74 	2327 	20.4 	.582 	.506 	.416 	.437 	1.9 	12.2 	7.0 	23.7 	1.5 	0.5 	11.5 	24.1 	116 	102 	7.0 	2.9 	9.9 	.204
35 	Corie Blount 	C 	34 	CHI 	50 	836 	9.6 	.502 	.485 	.261 	.000 	9.1 	17.9 	13.5 	8.9 	2.0 	1.7 	22.3 	10.2 	99 	103 	0.2 	0.9 	1.1 	.064
36 	Mark Blount 	C 	27 	TOT 	81 	1403 	10.6 	.491 	.432 	.401 	.000 	8.8 	16.9 	12.6 	7.0 	1.6 	3.8 	20.2 	16.4 	93 	100 	-0.4 	2.1 	1.7 	.059
37 	Calvin Booth 	C 	26 	SEA 	47 	575 	9.9 	.494 	.437 	.395 	.017 	6.5 	16.0 	11.2 	3.3 	1.0 	4.5 	13.6 	13.2 	99 	103 	0.2 	0.7 	0.8 	.071
38 	Carlos Boozer 	PF 	21 	CLE 	81 	2049 	17.9 	.577 	.536 	.311 	.002 	10.8 	22.7 	16.6 	9.3 	1.5 	1.7 	12.8 	17.1 	114 	105 	4.2 	1.8 	5.9 	.139
39 	Ruben Boumtje-Boumtje 	C 	24 	POR 	2 	5 	18.4 	.000 	.000 	.000 	.000 	24.2 	0.0 	12.1 	26.6 	10.7 	0.0 	0.0 	9.2 	90 	90 	0.0 	0.0 	0.0 	.114
40 	Bruce Bowen 	SF 	31 	SAS 	82 	2566 	9.1 	.563 	.571 	.186 	.478 	2.8 	7.8 	5.4 	6.8 	1.4 	1.1 	12.2 	10.7 	110 	103 	2.4 	2.7 	5.1 	.096
41 	Ryan Bowen 	SG 	27 	DEN 	62 	996 	12.7 	.519 	.497 	.208 	.036 	8.7 	9.7 	9.2 	9.3 	3.4 	2.3 	16.7 	11.5 	103 	99 	0.6 	1.6 	2.1 	.102
42 	Earl Boykins 	PG 	26 	GSW 	68 	1321 	17.6 	.543 	.460 	.431 	.166 	2.9 	4.2 	3.5 	26.8 	1.5 	0.2 	11.7 	20.1 	118 	114 	3.9 	-0.4 	3.5 	.127
43 	Michael Bradley 	PF 	23 	TOR 	67 	1314 	12.8 	.492 	.482 	.213 	.019 	13.5 	22.4 	17.7 	8.4 	0.7 	1.7 	18.1 	14.6 	100 	107 	0.7 	0.9 	1.5 	.056
44 	Shawn Bradley 	C 	30 	DAL 	81 	1731 	18.3 	.601 	.536 	.467 	.003 	9.6 	20.7 	15.1 	4.6 	1.9 	7.3 	12.9 	13.6 	121 	96 	3.9 	3.5 	7.4 	.204
45 	Elton Brand 	PF 	23 	LAC 	62 	2454 	21.7 	.543 	.502 	.396 	.001 	13.1 	19.3 	16.2 	12.0 	1.5 	4.6 	13.2 	22.4 	109 	103 	4.9 	2.7 	7.6 	.149
46 	J.R. Bremer 	PG 	22 	BOS 	64 	1503 	12.7 	.515 	.477 	.239 	.616 	1.3 	9.8 	5.5 	19.2 	1.3 	0.2 	10.3 	17.7 	106 	105 	1.8 	1.2 	3.0 	.096
47 	Jamison Brewer 	PG 	22 	IND 	10 	80 	13.4 	.525 	.529 	.529 	.118 	7.2 	5.5 	6.3 	36.4 	1.3 	0.9 	22.3 	15.2 	108 	105 	0.1 	0.1 	0.2 	.106
48 	Primoz Brezec 	C 	23 	IND 	22 	111 	10.9 	.449 	.395 	.526 	.026 	13.5 	9.9 	11.6 	6.0 	0.9 	2.6 	13.0 	21.9 	95 	103 	0.0 	0.1 	0.1 	.047
49 	Damone Brown 	PF 	23 	TOR 	5 	115 	1.6 	.363 	.314 	.229 	.057 	2.9 	12.4 	7.4 	4.2 	0.5 	0.0 	13.5 	17.7 	74 	111 	-0.3 	0.0 	-0.2 	-0.102
50 	Devin Brown 	SG 	24 	TOT 	10 	93 	6.9 	.389 	.343 	.229 	.029 	10.0 	12.8 	11.2 	13.5 	2.3 	0.9 	18.9 	23.0 	80 	101 	-0.2 	0.1 	-0.1 	-0.043
51 	Kedrick Brown 	SF 	21 	BOS 	51 	666 	8.8 	.392 	.365 	.187 	.228 	7.4 	16.6 	11.9 	5.1 	2.7 	1.5 	11.1 	14.5 	86 	99 	-0.5 	1.1 	0.5 	.037
52 	Kwame Brown 	C 	20 	WAS 	80 	1773 	13.6 	.496 	.446 	.432 	.006 	8.5 	19.9 	14.2 	5.6 	1.5 	3.4 	15.5 	18.8 	96 	102 	0.2 	2.3 	2.5 	.069
53 	P.J. Brown 	PF 	33 	NOH 	78 	2609 	17.6 	.592 	.531 	.386 	.005 	10.7 	20.7 	15.6 	9.2 	1.4 	2.2 	12.2 	14.0 	122 	100 	6.4 	3.8 	10.2 	.188
54 	Randy Brown 	PG 	34 	PHO 	32 	262 	7.2 	.425 	.372 	.279 	.000 	1.3 	10.0 	5.6 	19.2 	3.4 	0.6 	26.0 	11.2 	86 	101 	-0.2 	0.4 	0.2 	.031
55 	Tierre Brown 	PG 	23 	CLE 	15 	168 	17.4 	.499 	.458 	.237 	.017 	5.2 	14.9 	10.0 	41.6 	4.0 	0.0 	25.2 	22.5 	94 	103 	0.0 	0.2 	0.2 	.044
56 	Rick Brunson 	PG 	30 	CHI 	17 	196 	13.4 	.543 	.500 	.240 	.120 	2.3 	8.3 	5.4 	29.0 	2.6 	1.1 	23.5 	16.4 	102 	106 	0.1 	0.1 	0.3 	.070
57 	Kobe Bryant 	SG 	24 	LAL 	82 	3401 	26.2 	.550 	.483 	.371 	.168 	3.5 	15.3 	9.3 	27.2 	2.8 	1.4 	11.4 	32.9 	111 	103 	11.0 	4.0 	14.9 	.210
58 	Mark Bryant 	PF 	37 	TOT 	16 	100 	0.4 	.313 	.263 	.211 	.000 	9.2 	14.3 	11.7 	5.9 	0.5 	0.8 	25.2 	12.5 	69 	106 	-0.2 	0.1 	-0.1 	-0.068
59 	Greg Buckner 	SG 	26 	PHI 	75 	1514 	11.6 	.519 	.484 	.204 	.138 	5.5 	11.4 	8.4 	10.1 	2.5 	0.8 	12.5 	14.7 	106 	103 	1.5 	1.7 	3.1 	.100
60 	Pat Burke 	C 	29 	ORL 	62 	783 	8.3 	.415 	.383 	.196 	.024 	8.1 	13.4 	10.7 	4.9 	1.3 	2.3 	12.8 	21.1 	86 	106 	-1.0 	0.6 	-0.3 	-0.021
61 	Caron Butler 	SF 	22 	MIA 	78 	2858 	15.1 	.502 	.432 	.363 	.104 	5.3 	10.9 	8.0 	14.1 	2.6 	0.9 	13.8 	22.9 	99 	102 	1.6 	3.6 	5.1 	.086
62 	Rasual Butler 	SG 	23 	MIA 	72 	1514 	9.5 	.437 	.406 	.182 	.299 	2.1 	12.3 	7.1 	11.4 	0.8 	2.2 	11.1 	21.6 	88 	104 	-1.4 	1.4 	0.1 	.002
63 	Jason Caffey 	PF 	29 	MIL 	51 	894 	10.5 	.501 	.456 	.427 	.000 	8.9 	14.2 	11.5 	6.7 	1.1 	1.2 	16.0 	18.3 	98 	110 	0.3 	0.3 	0.6 	.031
64 	Marcus Camby 	C 	28 	DEN 	29 	616 	17.5 	.444 	.414 	.220 	.022 	13.5 	26.4 	19.7 	14.4 	1.7 	5.2 	9.8 	19.9 	99 	96 	0.3 	1.2 	1.5 	.119
65 	Elden Campbell 	C 	34 	TOT 	56 	869 	14.1 	.483 	.397 	.461 	.003 	6.2 	18.2 	12.1 	9.9 	2.0 	3.3 	12.4 	21.3 	100 	99 	0.6 	1.4 	2.0 	.109
66 	Brian Cardinal 	PF 	25 	WAS 	5 	15 	13.8 	.410 	.250 	.500 	.250 	23.6 	15.8 	19.7 	10.4 	0.0 	0.0 	17.0 	18.5 	100 	109 	0.0 	0.0 	0.0 	.051
67 	Anthony Carter 	PG 	27 	MIA 	49 	912 	9.9 	.390 	.356 	.215 	.034 	1.5 	9.3 	5.3 	37.9 	2.7 	0.4 	24.1 	17.3 	84 	103 	-1.3 	1.1 	-0.2 	-0.012
68 	Vince Carter 	SG 	26 	TOR 	43 	1471 	21.9 	.532 	.497 	.211 	.172 	4.4 	10.4 	7.3 	20.4 	1.7 	2.0 	8.2 	28.1 	109 	108 	3.4 	0.8 	4.2 	.136
69 	Sam Cassell 	PG 	33 	MIL 	78 	2700 	22.3 	.565 	.495 	.385 	.140 	2.5 	12.4 	7.4 	29.6 	1.7 	0.4 	11.5 	26.5 	115 	110 	8.8 	0.8 	9.6 	.171
70 	Kelvin Cato 	C 	28 	HOU 	73 	1247 	15.5 	.535 	.520 	.484 	.016 	12.5 	26.7 	19.8 	2.6 	1.6 	4.9 	15.3 	13.6 	107 	96 	1.3 	2.5 	3.8 	.145
71 	Tyson Chandler 	C 	20 	CHI 	75 	1827 	15.8 	.565 	.531 	.601 	.000 	10.4 	20.6 	15.5 	6.8 	1.0 	4.2 	18.1 	18.1 	104 	103 	1.8 	2.1 	3.9 	.102
72 	Calbert Cheaney 	SG 	31 	UTA 	81 	2351 	9.8 	.514 	.507 	.106 	.038 	3.9 	10.5 	7.3 	11.7 	1.5 	0.4 	13.7 	15.5 	100 	106 	1.0 	1.7 	2.8 	.056
73 	Chris Childs 	PG 	35 	NJN 	12 	106 	6.2 	.352 	.325 	.150 	.300 	3.2 	2.2 	2.7 	22.2 	4.0 	0.7 	22.0 	11.6 	84 	98 	-0.1 	0.2 	0.1 	.038
74 	Doug Christie 	SG 	32 	SAC 	80 	2710 	15.0 	.590 	.545 	.312 	.332 	2.5 	10.6 	6.8 	19.3 	3.3 	0.9 	18.5 	12.7 	113 	98 	4.2 	4.7 	8.9 	.157
75 	Keon Clark 	C 	27 	SAC 	80 	1780 	13.9 	.528 	.501 	.284 	.009 	8.8 	17.9 	13.6 	6.5 	1.1 	5.6 	15.6 	14.9 	103 	97 	1.3 	3.4 	4.7 	.127
76 	Speedy Claxton 	PG 	24 	SAS 	30 	471 	15.9 	.509 	.462 	.393 	.076 	5.7 	8.0 	6.9 	26.9 	2.5 	1.0 	17.1 	20.2 	105 	101 	0.6 	0.6 	1.2 	.125
77 	Mateen Cleaves 	PG 	25 	SAC 	12 	55 	-3.7 	.323 	.283 	.174 	.043 	2.1 	13.0 	7.8 	25.7 	1.8 	0.0 	36.1 	31.1 	55 	101 	-0.4 	0.1 	-0.4 	-0.325
78 	Derrick Coleman 	C 	35 	PHI 	64 	1742 	15.4 	.525 	.470 	.343 	.135 	10.0 	20.5 	15.2 	8.0 	1.6 	3.1 	14.3 	17.3 	106 	101 	2.1 	2.4 	4.5 	.124
79 	Bimbo Coles 	PG 	34 	TOT 	35 	691 	6.7 	.413 	.354 	.250 	.190 	1.7 	8.0 	4.8 	16.6 	1.3 	0.4 	13.1 	13.8 	92 	109 	-0.2 	0.2 	0.0 	.000
80 	Jason Collier 	C 	25 	HOU 	13 	104 	15.0 	.488 	.472 	.056 	.000 	13.6 	18.4 	16.1 	1.8 	1.0 	0.7 	5.1 	17.3 	110 	104 	0.2 	0.1 	0.3 	.126
81 	Jarron Collins 	C 	24 	UTA 	22 	421 	8.2 	.530 	.442 	.721 	.012 	9.6 	7.8 	8.6 	5.2 	0.6 	1.1 	14.4 	14.5 	108 	108 	0.5 	0.2 	0.7 	.078
82 	Jason Collins 	C 	24 	NJN 	81 	1900 	9.9 	.521 	.414 	.698 	.012 	8.2 	13.9 	11.1 	6.9 	1.3 	1.7 	16.1 	12.5 	107 	99 	1.7 	3.0 	4.7 	.119
83 	Chris Crawford 	PF 	27 	ATL 	5 	38 	28.8 	.726 	.654 	.615 	.231 	9.4 	11.5 	10.5 	5.2 	2.8 	5.5 	10.8 	22.3 	136 	102 	0.2 	0.0 	0.2 	.316
84 	Jamal Crawford 	PG 	22 	CHI 	80 	1992 	15.4 	.496 	.467 	.160 	.300 	1.2 	9.0 	5.1 	28.8 	2.0 	0.9 	13.4 	22.2 	101 	107 	1.6 	1.1 	2.8 	.067
85 	Austin Croshere 	PF 	27 	IND 	49 	633 	16.1 	.530 	.476 	.311 	.330 	7.3 	19.9 	13.7 	14.9 	0.5 	1.5 	10.5 	18.9 	111 	102 	1.2 	0.8 	2.0 	.151
86 	John Crotty 	PG 	33 	DEN 	12 	180 	7.6 	.431 	.390 	.366 	.317 	0.6 	9.5 	4.9 	26.7 	0.9 	0.0 	15.9 	14.0 	95 	106 	0.0 	0.1 	0.1 	.031
87 	Eddy Curry 	C 	20 	CHI 	81 	1571 	17.5 	.607 	.585 	.501 	.000 	8.3 	16.4 	12.4 	4.4 	0.6 	2.9 	16.4 	23.6 	106 	106 	2.3 	1.1 	3.5 	.107
88 	Michael Curry 	SF 	34 	DET 	78 	1555 	5.7 	.474 	.437 	.197 	.236 	1.2 	8.6 	4.8 	10.8 	1.6 	0.2 	14.7 	9.0 	98 	103 	0.2 	1.7 	2.0 	.060
89 	Erick Dampier 	C 	27 	GSW 	82 	1978 	15.8 	.543 	.496 	.425 	.004 	13.5 	15.7 	14.6 	4.6 	0.7 	5.1 	15.3 	15.7 	111 	108 	3.1 	1.0 	4.1 	.099
90 	Antonio Daniels 	SG 	27 	POR 	67 	872 	13.3 	.572 	.500 	.409 	.317 	1.5 	8.4 	5.0 	14.9 	2.0 	0.8 	12.7 	13.3 	117 	105 	1.6 	0.8 	2.3 	.128
91 	Antonio Davis 	C 	34 	TOR 	53 	1894 	14.5 	.483 	.407 	.437 	.000 	7.5 	19.3 	13.1 	11.9 	0.6 	2.3 	13.4 	21.3 	99 	107 	1.0 	1.1 	2.2 	.055
92 	Baron Davis 	PG 	23 	NOH 	50 	1889 	16.9 	.500 	.478 	.164 	.355 	3.4 	8.1 	5.7 	30.5 	2.6 	0.8 	14.1 	24.0 	103 	102 	2.2 	2.2 	4.5 	.113
93 	Dale Davis 	C 	33 	POR 	78 	2282 	14.5 	.566 	.541 	.379 	.000 	12.3 	17.5 	14.9 	6.4 	1.2 	2.3 	12.2 	11.8 	119 	103 	4.3 	2.6 	6.9 	.145
94 	Emanual Davis 	SG 	34 	ATL 	24 	340 	8.0 	.450 	.403 	.250 	.330 	1.7 	12.3 	7.2 	17.0 	1.9 	0.4 	20.4 	16.5 	87 	107 	-0.3 	0.2 	-0.1 	-0.013
95 	Hubert Davis 	SG 	32 	DET 	43 	328 	8.8 	.484 	.468 	.076 	.456 	2.1 	11.0 	6.5 	15.1 	0.8 	0.0 	11.9 	13.6 	101 	104 	0.2 	0.3 	0.5 	.071
96 	Ricky Davis 	SG 	23 	CLE 	79 	3131 	16.1 	.485 	.435 	.316 	.139 	3.4 	10.7 	7.0 	26.5 	2.0 	0.8 	14.2 	27.1 	98 	108 	1.5 	1.5 	3.0 	.046
97 	Andrew DeClercq 	C 	29 	ORL 	77 	1327 	11.3 	.562 	.534 	.373 	.000 	11.9 	17.5 	14.6 	6.2 	1.5 	2.0 	20.5 	13.8 	106 	104 	1.3 	1.3 	2.6 	.095
98 	Tony Delk 	PG 	29 	BOS 	67 	1873 	13.7 	.547 	.523 	.155 	.543 	2.4 	11.9 	7.0 	14.0 	2.0 	0.4 	10.3 	16.6 	108 	103 	2.5 	2.1 	4.6 	.117
99 	Dan Dickau 	PG 	24 	ATL 	50 	515 	9.9 	.504 	.476 	.153 	.359 	2.1 	7.2 	4.8 	28.3 	1.4 	0.3 	22.6 	20.9 	94 	110 	-0.1 	0.1 	0.0 	.001
100 	Michael Dickerson 	SG 	27 	MEM 	6 	87 	10.0 	.553 	.500 	.208 	.458 	1.3 	6.4 	3.9 	14.1 	3.0 	0.8 	18.6 	16.7 	101 	108 	0.1 	0.0 	0.1 	.054
101 	DeSagana Diop 	PF 	21 	CLE 	80 	943 	6.7 	.356 	.351 	.195 	.000 	7.3 	18.4 	12.8 	6.9 	1.8 	6.1 	25.1 	10.3 	74 	102 	-1.4 	1.2 	-0.2 	-0.012
102 	Vlade Divac 	C 	34 	SAC 	80 	2384 	15.6 	.519 	.470 	.383 	.038 	7.4 	17.8 	12.9 	16.7 	1.8 	2.9 	16.6 	17.0 	105 	97 	2.6 	4.4 	7.0 	.141
103 	Juan Dixon 	PG 	24 	WAS 	42 	647 	11.0 	.464 	.430 	.170 	.310 	2.4 	10.8 	6.6 	11.3 	2.2 	0.3 	12.6 	24.3 	90 	105 	-0.5 	0.5 	0.1 	.005
104 	Michael Doleac 	C 	25 	NYK 	75 	1041 	8.9 	.451 	.426 	.134 	.000 	7.2 	17.7 	12.3 	6.6 	0.8 	1.1 	11.9 	18.3 	92 	107 	-0.4 	0.7 	0.3 	.014
105 	Keyon Dooling 	SG 	22 	LAC 	55 	969 	9.6 	.494 	.465 	.173 	.422 	1.1 	7.3 	4.2 	15.7 	1.3 	0.4 	14.5 	19.3 	97 	111 	0.2 	0.2 	0.3 	.016
106 	Bryce Drew 	PG 	28 	NOH 	13 	79 	9.4 	.352 	.352 	.000 	.259 	5.8 	13.4 	9.6 	22.1 	1.4 	0.0 	10.0 	17.3 	90 	104 	0.0 	0.1 	0.0 	.020
107 	Predrag Drobnjak 	C 	27 	SEA 	82 	1984 	12.5 	.459 	.431 	.146 	.108 	6.5 	12.6 	9.5 	7.7 	1.3 	1.5 	7.2 	21.4 	98 	106 	0.8 	1.6 	2.4 	.057
108 	Chris Dudley 	C 	37 	POR 	3 	11 	-1.7 	.000 	.000 	.000 	.000 	22.0 	0.0 	11.0 	0.0 	0.0 	0.0 	0.0 	4.2 	95 	112 	0.0 	0.0 	0.0 	.000
109 	Tim Duncan 	PF 	26 	SAS 	81 	3181 	26.9 	.564 	.515 	.455 	.016 	9.9 	27.3 	19.0 	19.5 	0.9 	5.2 	12.9 	28.0 	112 	94 	9.5 	6.9 	16.5 	.248
110 	Mike Dunleavy 	SF 	22 	GSW 	82 	1305 	12.5 	.505 	.465 	.240 	.360 	5.4 	11.9 	8.7 	12.6 	2.1 	1.0 	15.7 	17.8 	103 	109 	1.1 	0.4 	1.5 	.055
111 	Howard Eisley 	PG 	30 	NYK 	82 	2243 	14.1 	.552 	.521 	.167 	.537 	1.2 	8.7 	4.9 	31.4 	1.7 	0.3 	18.1 	17.0 	109 	108 	3.5 	1.0 	4.5 	.097
112 	LaPhonso Ellis 	PF 	32 	MIA 	55 	784 	11.0 	.476 	.433 	.252 	.408 	6.3 	17.1 	11.6 	3.5 	1.0 	1.5 	9.6 	19.3 	97 	103 	0.2 	0.9 	1.1 	.065
113 	Melvin Ely 	C 	24 	LAC 	52 	802 	10.8 	.540 	.495 	.398 	.000 	9.1 	15.4 	12.3 	3.1 	0.7 	2.8 	18.6 	15.1 	100 	107 	0.4 	0.4 	0.8 	.048
114 	Evan Eschmeyer 	C 	27 	DAL 	17 	135 	7.4 	.409 	.368 	.211 	.000 	8.2 	15.5 	11.8 	5.9 	3.8 	3.9 	22.4 	9.0 	92 	95 	0.0 	0.3 	0.2 	.088
115 	Reggie Evans 	PF 	22 	SEA 	67 	1365 	10.4 	.510 	.471 	1.100 	.000 	14.2 	24.3 	19.2 	3.7 	1.5 	0.6 	20.0 	8.9 	109 	102 	1.3 	1.7 	3.0 	.105
116 	Danny Ferry 	SF 	36 	SAS 	64 	601 	5.1 	.459 	.440 	.105 	.484 	4.0 	10.1 	7.2 	5.3 	0.6 	1.0 	17.2 	12.1 	90 	104 	-0.2 	0.6 	0.3 	.028
117 	Michael Finley 	SF 	29 	DAL 	69 	2642 	17.6 	.514 	.475 	.193 	.270 	4.5 	12.3 	8.4 	12.8 	1.5 	0.6 	8.1 	24.2 	107 	104 	4.3 	2.5 	6.7 	.123
118 	Derek Fisher 	PG 	28 	LAL 	82 	2829 	11.9 	.520 	.492 	.161 	.274 	1.6 	8.0 	4.8 	16.1 	1.7 	0.4 	10.2 	14.5 	110 	108 	3.8 	1.4 	5.2 	.088
119 	Marcus Fizer 	PF 	24 	CHI 	38 	809 	17.9 	.503 	.466 	.350 	.016 	11.1 	18.3 	14.8 	11.2 	0.9 	1.5 	11.4 	27.4 	101 	106 	0.8 	0.6 	1.4 	.082
120 	Alton Ford 	PF 	21 	PHO 	11 	31 	-2.2 	.339 	.333 	.333 	.000 	0.0 	22.1 	10.9 	4.9 	0.0 	0.0 	16.2 	17.8 	64 	104 	-0.1 	0.0 	-0.1 	-0.113
121 	Joseph Forte 	SG 	21 	SEA 	17 	86 	3.4 	.319 	.286 	.171 	.086 	5.4 	9.7 	7.5 	20.9 	2.5 	0.0 	21.0 	26.0 	68 	105 	-0.4 	0.1 	-0.3 	-0.176
122 	Danny Fortson 	PF 	26 	GSW 	17 	223 	9.9 	.442 	.370 	.537 	.019 	13.5 	21.3 	17.4 	7.9 	2.1 	0.0 	18.3 	15.6 	97 	106 	0.0 	0.2 	0.2 	.041
123 	Greg Foster 	C 	34 	TOR 	29 	539 	4.7 	.445 	.389 	.262 	.033 	6.1 	15.9 	10.8 	3.8 	0.1 	1.2 	18.1 	14.1 	87 	110 	-0.4 	0.1 	-0.3 	-0.025
124 	Jeff Foster 	C 	26 	IND 	77 	802 	12.0 	.394 	.360 	.354 	.011 	16.9 	22.0 	19.5 	9.8 	1.8 	1.9 	14.2 	13.5 	99 	98 	0.2 	1.4 	1.6 	.098
125 	Tremaine Fowlkes 	SF 	26 	LAC 	37 	573 	12.4 	.533 	.445 	.461 	.070 	8.2 	12.2 	10.2 	6.5 	2.3 	0.2 	11.5 	13.7 	113 	107 	0.9 	0.4 	1.2 	.102
126 	Rick Fox 	SF 	33 	LAL 	76 	2181 	11.9 	.523 	.506 	.111 	.451 	3.3 	13.5 	8.3 	17.7 	1.6 	0.5 	15.7 	15.7 	105 	106 	2.0 	1.6 	3.6 	.079
127 	Adonal Foyle 	C 	27 	GSW 	82 	1787 	15.3 	.563 	.536 	.301 	.003 	10.6 	18.5 	14.6 	3.1 	1.1 	7.6 	15.7 	11.0 	113 	104 	2.3 	1.7 	4.0 	.106
128 	Steve Francis 	PG 	25 	HOU 	81 	3318 	20.6 	.541 	.468 	.454 	.183 	5.7 	11.5 	8.7 	28.0 	2.3 	0.9 	16.0 	26.1 	109 	103 	7.4 	3.7 	11.1 	.160
129 	Lawrence Funderburke 	PF 	32 	SAC 	27 	229 	11.8 	.466 	.444 	.236 	.000 	8.4 	16.9 	12.9 	5.2 	0.2 	3.2 	7.0 	16.5 	101 	100 	0.1 	0.3 	0.5 	.097
130 	Dan Gadzuric 	C 	24 	MIL 	49 	760 	11.2 	.498 	.483 	.386 	.007 	10.1 	20.3 	15.2 	1.8 	1.5 	5.1 	13.7 	12.0 	103 	104 	0.4 	0.7 	1.2 	.075
131 	Kevin Garnett 	PF 	26 	MIN 	82 	3321 	26.4 	.553 	.508 	.339 	.048 	8.6 	28.5 	18.8 	25.8 	1.8 	2.8 	11.9 	26.4 	113 	98 	9.8 	5.8 	15.6 	.225
132 	Pat Garrity 	PF 	26 	ORL 	81 	2584 	11.2 	.551 	.528 	.134 	.547 	3.1 	10.7 	6.8 	7.5 	1.2 	0.6 	8.9 	15.0 	111 	108 	3.6 	1.3 	4.9 	.091
133 	Pau Gasol 	PF 	22 	MEM 	82 	2948 	20.7 	.570 	.510 	.506 	.009 	7.4 	19.9 	13.7 	13.6 	0.6 	3.4 	13.5 	24.1 	110 	106 	6.5 	2.0 	8.5 	.138
134 	Devean George 	SF 	25 	LAL 	71 	1613 	11.4 	.485 	.444 	.228 	.286 	6.3 	13.7 	10.0 	8.6 	1.8 	1.7 	11.4 	15.7 	103 	105 	1.2 	1.4 	2.7 	.079
135 	Kendall Gill 	SG 	34 	MIN 	82 	2068 	10.6 	.477 	.436 	.238 	.087 	2.9 	10.5 	6.8 	11.4 	2.0 	0.5 	12.6 	18.8 	96 	105 	0.1 	1.8 	1.9 	.043
136 	Manu Ginobili 	SG 	25 	SAS 	69 	1431 	14.7 	.556 	.503 	.431 	.373 	4.0 	8.8 	6.5 	15.8 	3.6 	0.8 	17.5 	18.5 	106 	98 	1.8 	2.4 	4.2 	.141
137 	Gordan Giricek 	SG-SF 	25 	TOT 	76 	2148 	12.1 	.529 	.489 	.228 	.310 	1.9 	10.8 	6.3 	10.8 	1.3 	0.3 	14.1 	21.5 	99 	109 	0.9 	0.7 	1.6 	.036
138 	Dion Glover 	SG 	24 	ATL 	76 	1890 	13.5 	.512 	.471 	.250 	.244 	3.9 	12.8 	8.5 	13.1 	2.0 	0.6 	13.1 	20.1 	101 	107 	1.4 	1.2 	2.6 	.065
139 	Anthony Goldwire 	PG 	31 	TOT 	15 	85 	5.4 	.445 	.420 	.280 	.360 	0.0 	8.1 	4.1 	7.5 	1.9 	0.0 	17.6 	18.7 	80 	105 	-0.1 	0.1 	-0.1 	-0.035
140 	Drew Gooden 	SF-PF 	21 	TOT 	70 	1873 	15.0 	.503 	.466 	.273 	.062 	9.8 	17.7 	13.7 	7.8 	1.5 	1.3 	14.7 	24.5 	97 	106 	0.4 	1.3 	1.7 	.043
141 	Brian Grant 	C 	30 	MIA 	82 	2641 	15.6 	.552 	.509 	.303 	.000 	10.2 	26.8 	18.3 	7.2 	1.3 	1.4 	14.4 	16.0 	108 	99 	3.5 	4.1 	7.7 	.139
142 	Horace Grant 	PF 	37 	ORL 	5 	85 	13.1 	.520 	.520 	.000 	.000 	2.6 	8.3 	5.4 	13.9 	1.8 	0.0 	3.8 	13.7 	115 	108 	0.1 	0.0 	0.2 	.102
143 	Adrian Griffin 	SG 	28 	DAL 	74 	1373 	11.5 	.463 	.442 	.095 	.071 	7.1 	14.1 	10.6 	11.0 	2.9 	0.3 	11.8 	13.2 	103 	101 	0.9 	1.9 	2.9 	.100
144 	Eddie Griffin 	PF 	20 	HOU 	77 	1890 	15.4 	.462 	.447 	.139 	.283 	8.6 	19.2 	14.0 	8.0 	1.5 	4.2 	9.6 	19.4 	100 	100 	1.0 	2.9 	3.9 	.100
145 	Tom Gugliotta 	PF 	33 	PHO 	27 	447 	10.9 	.474 	.455 	.068 	.008 	6.3 	19.1 	12.6 	11.1 	1.6 	0.8 	18.6 	16.8 	92 	102 	-0.2 	0.6 	0.4 	.043
146 	A.J. Guyton 	PG 	24 	GSW 	2 	9 	-9.0 	.000 	.000 	.000 	.250 	0.0 	0.0 	0.0 	28.7 	5.7 	0.0 	20.0 	23.6 	24 	107 	-0.1 	0.0 	-0.1 	-0.450
147 	Marcus Haislip 	PF 	22 	MIL 	39 	441 	9.6 	.474 	.441 	.248 	.078 	5.5 	8.5 	7.0 	3.3 	0.8 	3.0 	11.0 	20.1 	94 	111 	-0.1 	0.1 	0.0 	-0.003
148 	Darvin Ham 	SG 	29 	ATL 	75 	926 	5.5 	.464 	.447 	.497 	.019 	9.3 	9.5 	9.4 	6.4 	0.9 	1.4 	25.1 	12.8 	87 	109 	-0.7 	0.3 	-0.4 	-0.021
149 	Richard Hamilton 	SG 	24 	DET 	82 	2640 	18.7 	.531 	.456 	.411 	.093 	3.9 	10.5 	7.1 	17.0 	1.3 	0.4 	11.6 	31.3 	104 	103 	4.3 	3.0 	7.3 	.132
150 	Zendon Hamilton 	C 	27 	TOR 	3 	12 	17.7 	.510 	.400 	.400 	.000 	9.1 	29.7 	19.0 	0.0 	4.5 	0.0 	14.5 	26.2 	98 	97 	0.0 	0.0 	0.0 	.107
151 	Anfernee Hardaway 	SG 	31 	PHO 	58 	1777 	13.0 	.499 	.469 	.169 	.127 	4.2 	12.3 	8.2 	21.5 	1.9 	1.1 	19.1 	19.2 	97 	103 	0.4 	1.9 	2.3 	.062
152 	Tim Hardaway 	PG 	36 	IND 	10 	127 	14.7 	.483 	.480 	.082 	.633 	0.9 	12.1 	6.6 	32.1 	3.7 	0.0 	17.8 	22.0 	96 	99 	0.0 	0.2 	0.2 	.081
153 	Matt Harpring 	SF 	26 	UTA 	78 	2557 	19.3 	.588 	.543 	.325 	.157 	9.4 	14.8 	12.2 	9.9 	1.5 	0.5 	12.1 	23.9 	113 	104 	6.4 	2.4 	8.8 	.166
154 	Adam Harrington 	SG 	22 	TOT 	19 	111 	7.4 	.387 	.365 	.108 	.378 	1.0 	7.5 	4.1 	18.0 	0.9 	0.7 	4.9 	16.5 	92 	107 	0.0 	0.1 	0.0 	.017
155 	Al Harrington 	SF 	22 	IND 	82 	2467 	12.4 	.493 	.441 	.306 	.051 	7.4 	15.7 	11.6 	8.8 	1.5 	1.0 	13.8 	21.6 	97 	102 	0.7 	3.2 	3.9 	.075
156 	Junior Harrington 	PG 	22 	DEN 	82 	2003 	6.4 	.405 	.369 	.240 	.060 	2.4 	12.6 	7.3 	23.2 	2.1 	0.6 	23.3 	15.0 	81 	102 	-2.8 	2.4 	-0.4 	-0.009
157 	Othella Harrington 	PF 	29 	NYK 	74 	1850 	12.3 	.563 	.508 	.339 	.000 	10.3 	20.2 	15.1 	5.4 	0.3 	0.9 	15.0 	15.0 	110 	107 	2.7 	1.1 	3.8 	.098
158 	Lucious Harris 	SG 	32 	NJN 	77 	1973 	13.5 	.494 	.446 	.262 	.189 	3.7 	9.8 	6.7 	13.4 	1.4 	0.3 	8.1 	20.0 	105 	102 	2.2 	2.5 	4.7 	.114
159 	Antonio Harvey 	PF 	32 	ATL 	4 	32 	2.9 	.400 	.400 	.000 	.000 	3.7 	17.1 	10.7 	0.0 	1.6 	8.8 	37.5 	11.5 	55 	100 	-0.1 	0.0 	0.0 	-0.068
160 	Donnell Harvey 	SF 	22 	DEN 	77 	1613 	12.5 	.486 	.447 	.319 	.013 	8.6 	21.5 	14.8 	11.7 	1.6 	1.3 	16.4 	20.7 	94 	100 	-0.3 	2.3 	2.0 	.059
161 	Trenton Hassell 	SG 	23 	CHI 	82 	1999 	6.0 	.411 	.384 	.140 	.102 	2.1 	11.9 	7.0 	11.1 	1.2 	2.2 	16.6 	11.1 	86 	107 	-1.3 	1.2 	-0.1 	-0.003
162 	Kirk Haston 	SF 	23 	NOH 	12 	57 	-9.1 	.160 	.118 	.235 	.176 	0.0 	14.4 	7.1 	7.6 	0.0 	6.3 	27.2 	20.6 	33 	102 	-0.4 	0.1 	-0.4 	-0.307
163 	Juaquin Hawkins 	SG 	29 	HOU 	58 	685 	7.3 	.427 	.419 	.135 	.162 	2.8 	10.2 	6.6 	10.9 	2.3 	0.6 	15.6 	12.5 	90 	104 	-0.3 	0.7 	0.4 	.027
164 	Brendan Haywood 	C 	23 	WAS 	81 	1930 	13.5 	.561 	.510 	.723 	.000 	11.7 	13.0 	12.4 	2.4 	0.9 	4.6 	12.7 	12.5 	115 	104 	3.1 	1.9 	5.0 	.125
165 	Alan Henderson 	C 	30 	ATL 	82 	1494 	12.1 	.508 	.468 	.422 	.006 	12.4 	17.8 	15.2 	4.5 	1.2 	1.5 	13.6 	13.8 	106 	106 	1.5 	1.1 	2.6 	.083
166 	Nene Hilario 	C 	20 	DEN 	80 	2258 	15.4 	.545 	.519 	.551 	.005 	10.2 	15.3 	12.7 	12.2 	3.0 	2.3 	19.1 	18.7 	100 	99 	1.3 	3.8 	5.0 	.107
167 	Grant Hill 	SF 	30 	ORL 	29 	843 	20.8 	.568 	.493 	.469 	.013 	5.3 	23.2 	14.0 	25.6 	1.7 	1.1 	18.5 	24.1 	107 	103 	1.6 	1.0 	2.5 	.144
168 	Tyrone Hill 	PF 	34 	TOT 	56 	1351 	9.9 	.457 	.422 	.261 	.000 	10.5 	22.7 	16.5 	4.8 	1.8 	1.4 	16.6 	13.3 	95 	103 	-0.1 	1.5 	1.4 	.049
169 	Fred Hoiberg 	SG 	30 	CHI 	63 	784 	10.2 	.486 	.409 	.397 	.167 	1.6 	17.5 	9.7 	13.0 	2.6 	0.5 	14.5 	9.8 	103 	103 	0.4 	0.9 	1.3 	.077
170 	Robert Horry 	PF 	32 	LAL 	80 	2343 	12.4 	.488 	.440 	.282 	.372 	8.6 	16.1 	12.3 	14.3 	2.1 	1.9 	17.3 	12.2 	107 	103 	2.3 	2.5 	4.8 	.098
171 	Eddie House 	SG 	24 	MIA 	55 	1025 	12.1 	.447 	.428 	.081 	.270 	1.9 	9.7 	5.7 	16.6 	2.3 	0.1 	9.1 	23.2 	93 	103 	-0.4 	1.1 	0.7 	.032
172 	Allan Houston 	SG 	31 	NYK 	82 	3108 	17.7 	.563 	.506 	.270 	.307 	1.0 	7.9 	4.4 	13.2 	0.9 	0.2 	9.8 	27.0 	109 	110 	6.6 	0.6 	7.2 	.111
173 	Juwan Howard 	PF 	29 	DEN 	77 	2730 	17.2 	.501 	.450 	.278 	.003 	7.4 	18.1 	12.5 	18.1 	1.5 	0.8 	11.8 	26.1 	102 	102 	2.7 	3.4 	6.0 	.106
174 	Troy Hudson 	PG 	26 	MIN 	79 	2600 	15.2 	.531 	.479 	.242 	.278 	1.9 	6.0 	4.0 	27.0 	1.2 	0.2 	14.7 	21.6 	106 	108 	4.0 	1.1 	5.1 	.094
175 	Nate Huffman 	C 	27 	TOR 	7 	76 	11.8 	.403 	.360 	.320 	.000 	12.9 	21.9 	17.2 	11.0 	0.7 	2.8 	9.5 	18.9 	96 	106 	0.0 	0.1 	0.1 	.040
176 	Larry Hughes 	PG 	24 	WAS 	67 	2137 	15.5 	.521 	.487 	.251 	.107 	3.7 	13.4 	8.5 	17.5 	2.2 	0.8 	14.2 	21.2 	101 	104 	1.6 	2.1 	3.7 	.082
177 	Ryan Humphrey 	PF 	23 	TOT 	48 	444 	4.1 	.339 	.292 	.325 	.000 	8.6 	16.8 	12.7 	3.7 	1.0 	3.0 	14.4 	16.2 	76 	105 	-0.9 	0.4 	-0.5 	-0.052
178 	Lindsey Hunter 	PG 	32 	TOR 	29 	673 	10.6 	.434 	.407 	.156 	.354 	2.4 	7.8 	5.0 	18.8 	2.8 	0.5 	15.0 	25.8 	86 	107 	-0.9 	0.4 	-0.6 	-0.041
179 	Steven Hunter 	C 	21 	ORL 	33 	447 	13.4 	.531 	.544 	.427 	.000 	9.5 	14.5 	11.9 	2.2 	1.0 	5.9 	10.9 	13.7 	107 	103 	0.4 	0.5 	0.9 	.099
180 	Zydrunas Ilgauskas 	C 	27 	CLE 	81 	2432 	19.4 	.516 	.441 	.456 	.004 	10.8 	17.4 	14.1 	10.1 	1.2 	4.4 	13.5 	27.8 	102 	105 	2.9 	2.1 	5.0 	.099
181 	Allen Iverson 	SG 	27 	PHI 	82 	3485 	21.2 	.500 	.436 	.379 	.156 	2.3 	9.5 	5.8 	25.1 	3.4 	0.3 	11.2 	32.9 	103 	102 	5.0 	4.2 	9.2 	.127
182 	Bobby Jackson 	PG 	29 	SAC 	59 	1676 	18.4 	.561 	.525 	.204 	.321 	3.8 	9.8 	7.0 	17.7 	2.1 	0.1 	11.7 	23.8 	109 	101 	3.3 	2.2 	5.5 	.157
183 	Jermaine Jackson 	SG 	26 	TOT 	53 	559 	9.0 	.451 	.368 	.500 	.091 	3.9 	7.7 	5.8 	20.5 	1.8 	0.8 	20.2 	13.8 	95 	109 	0.0 	0.2 	0.2 	.016
184 	Jim Jackson 	SF 	32 	SAC 	63 	1309 	12.4 	.501 	.476 	.119 	.154 	7.2 	13.8 	10.7 	13.6 	1.2 	0.2 	14.1 	19.1 	100 	102 	0.8 	1.7 	2.5 	.090
185 	Marc Jackson 	C 	28 	MIN 	77 	1041 	13.4 	.508 	.440 	.427 	.003 	9.6 	14.7 	12.2 	5.4 	1.2 	2.1 	12.5 	20.6 	103 	104 	1.0 	1.0 	2.0 	.092
186 	Mark Jackson 	PG 	37 	UTA 	82 	1467 	12.2 	.473 	.435 	.217 	.257 	2.9 	11.3 	7.3 	40.5 	1.8 	0.2 	27.3 	17.4 	95 	105 	-0.1 	1.2 	1.1 	.037
187 	Stephen Jackson 	SG 	24 	SAS 	80 	2254 	14.5 	.526 	.493 	.224 	.363 	3.6 	10.8 	7.4 	14.1 	3.0 	0.9 	16.4 	22.1 	99 	99 	1.2 	3.6 	4.8 	.102
188 	Casey Jacobsen 	SF 	21 	PHO 	72 	1147 	9.2 	.493 	.453 	.321 	.505 	2.8 	5.4 	4.1 	9.8 	1.6 	0.4 	12.8 	16.7 	100 	107 	0.5 	0.7 	1.2 	.051
189 	Jerome James 	C 	27 	SEA 	51 	766 	13.1 	.506 	.478 	.397 	.000 	11.8 	21.5 	16.6 	6.1 	0.9 	8.4 	21.6 	21.3 	91 	98 	-0.5 	1.3 	0.8 	.052
190 	Mike James 	PG 	27 	MIA 	78 	1722 	11.8 	.469 	.430 	.243 	.390 	1.7 	8.5 	5.0 	25.9 	2.0 	0.2 	14.3 	20.6 	96 	104 	0.2 	1.6 	1.8 	.051
191 	Antawn Jamison 	SF 	26 	GSW 	82 	3226 	19.0 	.542 	.492 	.323 	.142 	6.5 	12.5 	9.5 	8.6 	1.2 	0.9 	9.5 	24.5 	113 	111 	8.2 	0.3 	8.5 	.126
192 	Marko Jaric 	SF 	24 	LAC 	66 	1379 	14.4 	.498 	.461 	.235 	.372 	2.9 	10.2 	6.6 	23.8 	3.7 	0.6 	17.3 	19.5 	99 	104 	0.6 	1.3 	1.9 	.067
193 	Chris Jefferies 	SF 	22 	TOR 	51 	666 	6.8 	.463 	.433 	.222 	.278 	2.6 	7.7 	5.0 	5.4 	1.5 	1.7 	17.4 	17.7 	85 	109 	-0.8 	0.2 	-0.5 	-0.039
194 	Richard Jefferson 	SF 	22 	NJN 	80 	2879 	16.6 	.563 	.504 	.479 	.026 	6.0 	14.4 	10.2 	12.1 	1.5 	1.1 	12.4 	19.7 	111 	100 	5.4 	4.4 	9.9 	.164
195 	Jared Jeffries 	SF 	21 	WAS 	20 	292 	11.1 	.521 	.500 	.460 	.095 	10.5 	13.0 	11.7 	9.0 	1.5 	1.3 	21.7 	15.6 	97 	105 	0.1 	0.2 	0.3 	.049
196 	Anthony Johnson 	PG 	28 	NJN 	66 	842 	11.3 	.512 	.474 	.320 	.152 	1.8 	8.8 	5.3 	16.7 	2.3 	0.4 	13.5 	16.3 	102 	100 	0.6 	1.3 	1.8 	.105
197 	Avery Johnson 	PG 	37 	DAL 	48 	430 	12.2 	.467 	.420 	.260 	.013 	2.6 	5.4 	4.0 	22.8 	1.8 	0.2 	14.8 	20.7 	97 	106 	0.1 	0.3 	0.4 	.044
198 	Ervin Johnson 	C 	35 	MIL 	69 	1170 	9.4 	.492 	.452 	.326 	.000 	11.7 	17.8 	14.7 	2.9 	1.5 	4.0 	18.1 	7.5 	111 	106 	1.0 	0.9 	1.9 	.079
199 	Joe Johnson 	SG 	21 	PHO 	82 	2255 	11.6 	.472 	.444 	.156 	.258 	2.8 	10.5 	6.6 	15.1 	1.4 	0.6 	11.3 	19.1 	99 	105 	0.9 	1.9 	2.8 	.060
200 	Ken Johnson 	C 	24 	MIA 	16 	156 	6.1 	.404 	.405 	.162 	.000 	2.9 	21.3 	11.8 	0.0 	0.4 	6.0 	13.1 	13.8 	76 	100 	-0.2 	0.2 	0.0 	-0.002
201 	Damon Jones 	PG 	26 	SAC 	49 	709 	11.5 	.505 	.486 	.129 	.576 	1.8 	8.5 	5.3 	16.0 	1.3 	0.4 	9.4 	15.2 	107 	104 	0.8 	0.7 	1.5 	.103
202 	Eddie Jones 	SG 	31 	MIA 	47 	1789 	18.9 	.551 	.494 	.334 	.350 	2.2 	12.7 	7.3 	18.8 	2.0 	1.4 	9.7 	23.0 	111 	102 	3.9 	2.1 	6.0 	.162
203 	Fred Jones 	SG 	23 	IND 	19 	115 	5.5 	.446 	.417 	.167 	.292 	4.0 	4.8 	4.4 	6.7 	2.7 	0.6 	18.9 	12.5 	86 	103 	-0.1 	0.1 	0.0 	.019
204 	Jumaine Jones 	SF 	23 	CLE 	80 	2204 	12.3 	.525 	.512 	.117 	.442 	5.3 	15.5 	10.3 	8.8 	1.6 	0.7 	12.5 	16.8 	103 	108 	1.7 	1.2 	2.9 	.062
205 	Popeye Jones 	PF 	32 	DAL 	26 	222 	7.0 	.396 	.387 	.177 	.000 	14.4 	14.9 	14.6 	5.2 	1.2 	0.3 	18.3 	16.7 	88 	104 	-0.2 	0.2 	0.0 	.005
206 	Michael Jordan 	SF 	39 	WAS 	82 	3031 	19.3 	.491 	.450 	.212 	.036 	2.8 	16.7 	9.7 	21.1 	2.2 	1.0 	9.4 	28.7 	101 	103 	2.9 	3.4 	6.2 	.099
207 	Shawn Kemp 	C 	33 	ORL 	79 	1633 	11.7 	.468 	.418 	.307 	.002 	10.0 	21.9 	15.8 	5.5 	2.1 	1.5 	15.1 	18.5 	95 	102 	0.0 	2.1 	2.0 	.059
208 	Steve Kerr 	PG 	37 	SAS 	75 	952 	11.4 	.552 	.525 	.133 	.484 	1.5 	5.6 	3.7 	11.9 	1.5 	0.2 	11.4 	14.9 	111 	105 	1.3 	0.9 	2.2 	.109
209 	Jason Kidd 	PG 	29 	NJN 	80 	2989 	22.2 	.526 	.465 	.324 	.297 	4.2 	15.1 	9.6 	42.2 	3.1 	0.6 	17.2 	25.9 	106 	96 	5.5 	5.8 	11.3 	.182
210 	Andrei Kirilenko 	SF 	21 	UTA 	80 	2213 	21.1 	.598 	.519 	.576 	.178 	8.4 	14.4 	11.5 	10.6 	2.9 	6.1 	14.5 	19.6 	116 	98 	5.3 	3.8 	9.2 	.199
211 	Kerry Kittles 	SG 	28 	NJN 	65 	1951 	18.3 	.550 	.522 	.190 	.308 	3.1 	11.7 	7.4 	15.4 	2.7 	1.2 	6.7 	19.1 	115 	98 	4.2 	3.4 	7.7 	.188
212 	Brevin Knight 	PG 	27 	MEM 	55 	928 	11.2 	.442 	.430 	.162 	.035 	1.8 	7.9 	4.9 	38.0 	3.9 	0.1 	27.8 	16.4 	90 	106 	-0.5 	0.7 	0.2 	.008
213 	Travis Knight 	C 	28 	NYK 	32 	287 	8.3 	.424 	.385 	.200 	.015 	7.2 	18.4 	12.7 	7.4 	1.5 	2.3 	12.4 	13.0 	94 	104 	0.0 	0.3 	0.2 	.040
214 	Toni Kukoc 	PF 	34 	MIL 	63 	1704 	18.0 	.551 	.514 	.336 	.456 	4.6 	13.7 	9.1 	21.8 	2.5 	1.3 	15.6 	21.4 	108 	107 	2.9 	1.1 	4.0 	.112
215 	Christian Laettner 	PF 	33 	WAS 	76 	2215 	16.1 	.545 	.496 	.279 	.031 	6.1 	20.8 	13.4 	17.8 	2.0 	1.4 	13.1 	14.2 	113 	102 	3.8 	2.8 	6.6 	.143
216 	Raef LaFrentz 	C 	26 	DAL 	69 	1611 	16.5 	.578 	.563 	.171 	.226 	8.5 	14.0 	11.3 	5.3 	1.1 	4.2 	7.7 	16.9 	118 	102 	3.8 	2.0 	5.8 	.173
217 	Sean Lampley 	SF 	23 	MIA 	35 	487 	12.4 	.512 	.434 	.636 	.031 	6.0 	13.9 	9.8 	11.3 	0.8 	0.5 	13.2 	18.4 	103 	105 	0.4 	0.4 	0.9 	.084
218 	Dan Langhi 	SF 	25 	PHO 	60 	541 	9.4 	.434 	.423 	.099 	.153 	3.9 	14.3 	9.1 	6.4 	1.5 	0.8 	7.1 	18.8 	93 	104 	-0.1 	0.6 	0.4 	.038
219 	Voshon Lenard 	SG 	29 	TOR 	63 	1929 	14.4 	.502 	.459 	.240 	.311 	2.7 	10.1 	6.3 	13.6 	1.6 	0.8 	10.3 	23.6 	102 	109 	1.7 	0.7 	2.4 	.060
220 	Rashard Lewis 	SF 	23 	SEA 	77 	3044 	16.7 	.537 	.484 	.300 	.189 	5.8 	13.8 	9.7 	7.9 	1.8 	0.9 	9.9 	22.2 	108 	105 	5.0 	2.8 	7.8 	.122
221 	Randy Livingston 	PG 	27 	NOH 	2 	12 	19.6 	.615 	.500 	.500 	.000 	0.0 	0.0 	0.0 	14.7 	0.0 	0.0 	0.0 	18.5 	141 	111 	0.1 	0.0 	0.1 	.239
222 	Art Long 	SF 	30 	TOT 	26 	211 	6.2 	.378 	.387 	.133 	.040 	11.3 	22.1 	16.5 	4.7 	1.3 	4.0 	20.1 	21.3 	74 	102 	-0.6 	0.3 	-0.3 	-0.076
223 	Grant Long 	PF 	36 	BOS 	41 	488 	5.3 	.449 	.386 	.329 	.043 	5.4 	14.1 	9.6 	8.2 	1.0 	0.2 	19.2 	9.4 	94 	104 	0.0 	0.5 	0.4 	.041
224 	Tyronn Lue 	PG 	25 	WAS 	75 	1986 	12.9 	.523 	.485 	.182 	.307 	1.3 	7.6 	4.4 	22.6 	1.3 	0.0 	11.1 	16.5 	109 	108 	2.8 	0.9 	3.7 	.089
225 	George Lynch 	SG 	32 	NOH 	81 	1497 	12.9 	.464 	.448 	.206 	.220 	10.7 	16.8 	13.7 	11.0 	2.4 	0.9 	11.7 	13.5 	106 	100 	1.3 	2.2 	3.5 	.113
226 	Todd MacCulloch 	C 	27 	PHI 	42 	812 	14.9 	.548 	.517 	.332 	.000 	9.4 	19.1 	14.2 	4.1 	1.2 	3.1 	11.4 	17.0 	109 	102 	1.2 	1.0 	2.2 	.130
227 	Tito Maddox 	SG 	21 	HOU 	9 	35 	11.2 	.354 	.250 	.667 	.250 	3.4 	19.3 	11.5 	22.8 	4.6 	2.0 	16.2 	24.4 	80 	95 	-0.1 	0.1 	0.0 	-0.011
228 	Mark Madsen 	PF 	27 	LAL 	54 	781 	9.3 	.458 	.423 	.374 	.000 	12.3 	10.6 	11.5 	7.1 	1.0 	1.8 	12.5 	12.3 	106 	107 	0.7 	0.4 	1.1 	.069
229 	Corey Maggette 	SG 	23 	LAC 	64 	2006 	17.4 	.564 	.484 	.524 	.229 	4.4 	13.8 	9.1 	11.2 	1.4 	0.6 	13.4 	24.8 	109 	108 	4.0 	1.0 	5.0 	.119
230 	Jamaal Magloire 	C 	24 	NOH 	82 	2443 	15.4 	.541 	.480 	.507 	.005 	12.2 	22.3 	17.2 	5.9 	1.1 	3.3 	16.9 	17.4 	106 	99 	2.9 	3.8 	6.7 	.133
231 	Karl Malone 	PF 	39 	UTA 	81 	2936 	21.7 	.534 	.463 	.482 	.011 	4.8 	20.5 	13.0 	24.4 	2.5 	0.8 	11.8 	27.8 	109 	100 	6.9 	4.3 	11.1 	.182
232 	Matt Maloney 	PG 	31 	ATL 	14 	103 	9.2 	.441 	.420 	.200 	.600 	1.2 	6.4 	3.9 	25.8 	2.0 	0.0 	15.5 	14.3 	99 	109 	0.0 	0.0 	0.1 	.031
233 	Danny Manning 	PF 	36 	DET 	13 	89 	17.9 	.491 	.453 	.188 	.250 	9.2 	14.9 	12.0 	14.8 	5.6 	2.5 	16.8 	22.5 	96 	91 	0.0 	0.2 	0.2 	.131
234 	Stephon Marbury 	PG 	25 	PHO 	81 	3240 	20.1 	.520 	.468 	.305 	.193 	1.8 	7.4 	4.6 	36.6 	1.7 	0.5 	13.2 	27.7 	108 	106 	7.1 	2.5 	9.6 	.142
235 	Shawn Marion 	SF 	24 	PHO 	81 	3373 	21.3 	.538 	.500 	.201 	.248 	6.6 	19.4 	13.0 	10.4 	2.9 	2.1 	9.0 	23.3 	111 	98 	7.3 	5.8 	13.0 	.186
236 	Sean Marks 	PF 	27 	MIA 	23 	223 	3.8 	.412 	.373 	.254 	.017 	4.0 	14.4 	9.1 	2.3 	1.2 	2.1 	17.6 	16.8 	76 	103 	-0.4 	0.3 	-0.2 	-0.037
237 	Donny Marshall 	SF 	30 	NJN 	3 	6 	-20.7 	.000 	.000 	.000 	.333 	0.0 	57.1 	28.6 	0.0 	0.0 	0.0 	25.0 	30.1 	0 	90 	-0.1 	0.0 	-0.1 	-0.635
238 	Donyell Marshall 	PF 	29 	CHI 	78 	2378 	18.4 	.513 	.477 	.241 	.095 	11.0 	21.3 	16.2 	10.0 	2.0 	2.6 	11.7 	21.5 	105 	102 	3.0 	3.1 	6.0 	.122
239 	Kenyon Martin 	PF 	25 	NJN 	77 	2628 	16.9 	.511 	.475 	.362 	.040 	7.1 	20.7 	13.9 	13.0 	2.0 	2.0 	13.3 	24.8 	100 	96 	1.8 	5.3 	7.1 	.129
240 	Jamal Mashburn 	SF 	30 	NOH 	82 	3321 	18.0 	.507 	.460 	.233 	.193 	2.3 	15.3 	8.7 	26.2 	1.3 	0.4 	11.6 	27.1 	105 	103 	5.4 	3.6 	9.0 	.130
241 	Anthony Mason 	C 	36 	MIL 	65 	2119 	11.3 	.524 	.486 	.298 	.003 	4.9 	18.1 	11.5 	14.6 	0.8 	0.4 	15.1 	11.5 	111 	110 	2.5 	0.6 	3.1 	.069
242 	Desmond Mason 	SF 	25 	TOT 	80 	2763 	15.2 	.502 	.460 	.278 	.071 	6.5 	15.9 	11.1 	10.2 	1.3 	0.9 	9.2 	21.3 	105 	106 	3.3 	1.9 	5.2 	.090
243 	Roger Mason 	SF 	22 	CHI 	17 	113 	7.4 	.471 	.452 	.065 	.581 	2.0 	9.6 	5.9 	16.3 	1.8 	0.0 	13.6 	14.5 	98 	108 	0.0 	0.1 	0.1 	.038
244 	Tony Massenburg 	C 	35 	UTA 	58 	792 	9.2 	.508 	.448 	.362 	.000 	9.4 	14.3 	11.9 	3.6 	1.2 	1.9 	15.7 	18.5 	98 	104 	0.2 	0.8 	1.0 	.061
245 	Walter McCarty 	SF 	28 	BOS 	82 	1949 	10.8 	.540 	.523 	.234 	.593 	3.6 	13.4 	8.4 	9.2 	2.1 	1.1 	12.7 	12.6 	106 	102 	1.6 	2.5 	4.1 	.101
246 	Amal McCaskill 	C 	29 	ATL 	11 	70 	7.3 	.293 	.235 	.235 	.000 	11.9 	23.5 	17.9 	10.8 	2.3 	1.0 	9.6 	13.6 	85 	102 	-0.1 	0.1 	0.0 	.015
247 	Jelani McCoy 	C 	25 	TOR 	67 	1367 	12.4 	.507 	.491 	.319 	.000 	7.6 	22.6 	14.8 	5.5 	1.1 	3.1 	17.6 	18.3 	94 	104 	-0.3 	1.3 	1.0 	.035
248 	Tracy McGrady 	SG 	23 	ORL 	75 	2954 	30.3 	.564 	.505 	.400 	.247 	4.6 	14.6 	9.5 	30.0 	2.2 	1.5 	8.4 	35.2 	116 	104 	13.2 	2.9 	16.1 	.262
249 	Jeff McInnis 	PG 	28 	POR 	75 	1311 	10.0 	.477 	.452 	.158 	.083 	2.0 	6.9 	4.5 	21.3 	0.9 	0.1 	14.2 	18.6 	99 	108 	0.5 	0.6 	1.1 	.040
250 	Aaron McKie 	SF 	30 	PHI 	80 	2374 	13.7 	.497 	.457 	.201 	.168 	3.0 	14.5 	8.7 	18.6 	2.9 	0.3 	13.1 	15.8 	104 	102 	2.1 	3.0 	5.1 	.104
251 	Stanislav Medvedenko 	PF 	23 	LAL 	58 	620 	10.3 	.460 	.434 	.167 	.008 	11.9 	13.7 	12.8 	4.9 	0.9 	0.9 	11.8 	22.5 	96 	107 	0.0 	0.4 	0.4 	.032
252 	Ron Mercer 	SG 	26 	IND 	72 	1671 	9.3 	.439 	.411 	.136 	.027 	2.2 	8.0 	5.2 	11.5 	1.5 	0.6 	7.9 	18.6 	94 	104 	-0.3 	1.6 	1.3 	.037
253 	Chris Mihm 	C 	23 	CLE 	52 	809 	13.2 	.462 	.404 	.366 	.010 	12.6 	19.5 	16.0 	6.0 	1.1 	3.3 	12.6 	20.5 	97 	105 	0.2 	0.7 	0.9 	.053
254 	Darius Miles 	SF 	21 	CLE 	67 	2008 	9.7 	.435 	.410 	.241 	.022 	6.2 	14.2 	10.1 	14.9 	1.7 	2.4 	20.0 	19.2 	84 	106 	-2.7 	1.4 	-1.3 	-0.032
255 	Andre Miller 	PG 	26 	LAC 	80 	2913 	15.2 	.495 	.419 	.421 	.116 	3.3 	9.0 	6.1 	31.3 	1.8 	0.3 	15.8 	20.3 	105 	109 	3.6 	1.0 	4.6 	.076
256 	Brad Miller 	C 	26 	IND 	73 	2270 	19.3 	.579 	.497 	.535 	.024 	9.4 	20.2 	14.9 	14.5 	1.5 	1.4 	12.5 	18.7 	118 	100 	6.1 	3.4 	9.6 	.202
257 	Mike Miller 	SF 	22 	TOT 	65 	2186 	14.7 	.537 	.498 	.217 	.349 	2.4 	15.7 	8.9 	13.5 	1.0 	0.7 	11.7 	21.8 	105 	107 	2.7 	1.3 	4.0 	.087
258 	Reggie Miller 	SG 	37 	IND 	70 	2117 	15.9 	.597 	.530 	.361 	.499 	1.1 	7.8 	4.6 	13.4 	1.5 	0.1 	8.2 	17.2 	122 	105 	5.6 	1.8 	7.4 	.168
259 	Chris Mills 	PF 	33 	GSW 	21 	262 	12.7 	.443 	.401 	.170 	.236 	7.8 	12.5 	10.2 	13.4 	1.4 	0.8 	8.1 	20.1 	104 	111 	0.3 	0.0 	0.3 	.059
260 	Yao Ming 	C 	22 	HOU 	82 	2382 	20.6 	.570 	.499 	.461 	.002 	9.7 	22.6 	16.3 	10.6 	0.7 	4.4 	15.2 	22.1 	111 	100 	5.2 	3.5 	8.7 	.176
261 	Cuttino Mobley 	SG 	27 	HOU 	73 	3044 	14.7 	.537 	.486 	.264 	.298 	2.7 	8.6 	5.7 	12.2 	1.7 	0.8 	12.2 	20.6 	107 	105 	4.5 	2.5 	6.9 	.109
262 	Nazr Mohammed 	C 	25 	ATL 	35 	445 	12.4 	.452 	.421 	.258 	.000 	12.5 	20.2 	16.5 	2.4 	1.9 	3.3 	12.4 	20.8 	93 	102 	-0.1 	0.5 	0.4 	.045
263 	Jerome Moiso 	C 	24 	NOH 	51 	644 	14.5 	.542 	.520 	.240 	.000 	10.5 	21.7 	16.1 	5.8 	1.6 	4.9 	19.6 	16.6 	99 	97 	0.3 	1.2 	1.5 	.109
264 	Mikki Moore 	C 	27 	TOT 	8 	43 	17.9 	.517 	.385 	.769 	.000 	16.4 	5.1 	10.6 	12.5 	0.0 	6.9 	10.3 	20.7 	116 	108 	0.1 	0.0 	0.1 	.157
265 	Terence Morris 	SF 	24 	HOU 	49 	632 	11.9 	.500 	.486 	.080 	.182 	7.5 	15.7 	11.7 	6.8 	0.7 	1.9 	13.7 	15.4 	101 	104 	0.3 	0.6 	0.9 	.070
266 	Troy Murphy 	PF 	22 	GSW 	79 	2510 	15.9 	.526 	.453 	.387 	.019 	9.8 	24.3 	17.1 	6.6 	1.3 	0.8 	11.2 	16.7 	113 	107 	4.7 	1.7 	6.4 	.122
267 	Ronald Murray 	SG 	23 	TOT 	14 	62 	6.6 	.391 	.355 	.258 	.161 	0.0 	7.7 	3.8 	13.9 	3.4 	0.0 	18.8 	32.0 	71 	107 	-0.3 	0.0 	-0.3 	-0.198
268 	Tracy Murray 	SF 	31 	LAL 	31 	193 	5.2 	.407 	.380 	.127 	.535 	2.9 	10.6 	6.7 	9.5 	1.3 	1.1 	15.7 	20.4 	81 	107 	-0.3 	0.1 	-0.2 	-0.054
269 	Dikembe Mutombo 	C 	36 	NJN 	24 	514 	11.2 	.445 	.374 	.420 	.000 	12.0 	22.0 	17.0 	5.8 	0.4 	5.4 	18.0 	16.6 	92 	96 	-0.2 	1.0 	0.8 	.076
270 	Mamadou N'Diaye 	C 	27 	TOR 	22 	364 	13.5 	.514 	.448 	.490 	.000 	8.7 	17.3 	12.8 	3.2 	1.2 	6.2 	15.3 	17.3 	100 	103 	0.2 	0.4 	0.6 	.075
271 	Bostjan Nachbar 	SF 	22 	HOU 	14 	77 	5.8 	.410 	.387 	.323 	.323 	4.6 	11.7 	8.2 	6.8 	1.4 	1.9 	14.5 	24.8 	81 	104 	-0.2 	0.1 	-0.1 	-0.053
272 	Lee Nailon 	SF 	27 	NYK 	38 	405 	14.3 	.494 	.442 	.268 	.005 	9.1 	11.3 	10.1 	11.9 	0.8 	0.5 	13.1 	27.9 	97 	109 	0.1 	0.1 	0.3 	.030
273 	Eduardo Najera 	SF 	26 	DAL 	48 	1103 	14.8 	.590 	.558 	.394 	.004 	9.0 	13.3 	11.1 	6.2 	1.9 	1.5 	7.8 	12.1 	127 	102 	2.7 	1.3 	4.0 	.175
274 	Steve Nash 	PG 	28 	DAL 	82 	2711 	22.6 	.576 	.515 	.304 	.241 	2.6 	7.0 	4.8 	36.3 	1.6 	0.2 	13.2 	24.4 	118 	106 	9.7 	1.9 	11.6 	.206
275 	Rasho Nesterovic 	C 	26 	MIN 	77 	2337 	14.7 	.536 	.525 	.125 	.003 	7.3 	16.9 	12.2 	7.7 	0.9 	3.6 	11.0 	17.5 	106 	103 	2.6 	2.6 	5.2 	.107
276 	Ira Newble 	SF 	28 	ATL 	73 	1931 	11.7 	.557 	.529 	.193 	.180 	5.3 	10.5 	8.0 	8.6 	1.4 	0.9 	12.0 	13.7 	111 	109 	2.5 	0.8 	3.3 	.081
277 	Moochie Norris 	PG 	29 	HOU 	82 	1375 	11.8 	.470 	.423 	.345 	.136 	3.2 	10.0 	6.7 	23.2 	2.2 	0.2 	18.4 	15.6 	99 	104 	0.5 	1.3 	1.7 	.061
278 	Dirk Nowitzki 	PF 	24 	DAL 	80 	3117 	25.6 	.581 	.513 	.368 	.262 	2.9 	25.1 	14.0 	13.3 	1.8 	2.0 	8.1 	27.4 	117 	98 	10.8 	5.3 	16.1 	.249
279 	Jermaine O'Neal 	PF 	24 	IND 	77 	2864 	21.4 	.539 	.487 	.405 	.017 	8.1 	22.8 	15.6 	10.4 	1.2 	4.5 	10.8 	26.2 	107 	97 	5.3 	5.2 	10.5 	.177
280 	Shaquille O'Neal 	C 	30 	LAL 	67 	2535 	29.5 	.602 	.574 	.599 	.000 	11.4 	21.6 	16.5 	16.2 	0.8 	4.5 	11.4 	30.2 	117 	102 	10.2 	3.0 	13.2 	.250
281 	Charles Oakley 	C 	39 	WAS 	42 	514 	8.3 	.529 	.418 	.618 	.000 	8.5 	16.2 	12.3 	11.7 	1.4 	0.9 	23.1 	8.4 	110 	105 	0.5 	0.5 	0.9 	.088
282 	Lamar Odom 	SF 	23 	LAC 	49 	1679 	14.6 	.519 	.473 	.286 	.211 	4.0 	17.9 	11.0 	19.0 	1.3 	1.7 	16.9 	22.3 	99 	106 	0.9 	1.2 	2.2 	.062
283 	Mehmet Okur 	PF 	23 	DET 	72 	1366 	14.8 	.514 	.470 	.310 	.265 	10.0 	19.2 	14.5 	9.5 	1.0 	2.1 	12.1 	19.3 	106 	99 	1.7 	2.1 	3.8 	.134
284 	Dean Oliver 	PG 	24 	GSW 	15 	93 	11.2 	.338 	.259 	.276 	.207 	9.3 	9.1 	9.2 	35.4 	3.8 	0.0 	23.5 	19.5 	87 	107 	-0.1 	0.1 	-0.1 	-0.029
285 	Kevin Ollie 	PG 	30 	TOT 	82 	1897 	13.7 	.514 	.454 	.404 	.014 	1.5 	9.8 	5.6 	23.8 	2.0 	0.2 	12.2 	14.6 	112 	109 	3.0 	0.8 	3.8 	.097
286 	Michael Olowokandi 	C 	27 	LAC 	36 	1369 	10.5 	.457 	.427 	.241 	.000 	4.7 	22.3 	13.6 	5.9 	0.7 	4.1 	16.9 	19.2 	86 	104 	-1.5 	1.3 	-0.2 	-0.006
287 	Greg Ostertag 	C 	29 	UTA 	81 	1926 	11.5 	.531 	.518 	.601 	.000 	11.8 	19.6 	15.8 	4.4 	0.6 	5.9 	20.1 	12.3 	101 	101 	0.8 	2.6 	3.4 	.084
288 	Bo Outlaw 	C 	31 	PHO 	80 	1800 	12.2 	.574 	.550 	.417 	.007 	8.3 	14.8 	11.6 	9.2 	1.5 	2.9 	18.8 	10.1 	113 	102 	2.2 	2.2 	4.4 	.116
289 	Chris Owens 	SF 	23 	MEM 	1 	6 	20.1 	.667 	.667 	.000 	.000 	19.0 	0.0 	9.4 	0.0 	0.0 	0.0 	25.0 	30.0 	95 	117 	0.0 	0.0 	0.0 	-0.032
290 	Olumide Oyedeji 	C 	21 	ORL 	27 	145 	9.4 	.485 	.435 	.478 	.000 	7.7 	32.5 	19.7 	5.1 	1.8 	1.5 	15.2 	10.1 	103 	99 	0.1 	0.2 	0.3 	.101
291 	Robert Pack 	PG 	33 	NOH 	28 	440 	13.3 	.473 	.403 	.426 	.039 	2.9 	10.7 	6.7 	30.0 	3.1 	0.0 	20.7 	20.0 	96 	101 	0.0 	0.6 	0.6 	.068
292 	Scott Padgett 	PF 	26 	UTA 	82 	1321 	12.4 	.496 	.455 	.253 	.314 	7.9 	16.7 	12.5 	10.8 	1.7 	1.4 	13.0 	18.8 	102 	103 	1.0 	1.5 	2.5 	.091
293 	Milt Palacio 	PG 	24 	CLE 	80 	1976 	8.2 	.466 	.428 	.224 	.095 	2.7 	10.8 	6.7 	20.6 	1.8 	0.6 	23.5 	12.2 	92 	109 	-0.6 	0.8 	0.2 	.004
294 	Jannero Pargo 	PG 	23 	LAL 	34 	342 	7.3 	.449 	.435 	.043 	.258 	2.9 	9.3 	6.1 	17.1 	2.0 	0.4 	19.5 	15.3 	90 	107 	-0.2 	0.2 	0.1 	.007
295 	Smush Parker 	PG 	21 	CLE 	66 	1103 	11.3 	.523 	.459 	.349 	.349 	2.9 	9.3 	6.0 	24.7 	2.2 	0.8 	25.4 	20.6 	92 	108 	-0.4 	0.5 	0.1 	.005
296 	Tony Parker 	PG 	20 	SAS 	82 	2774 	16.5 	.542 	.503 	.278 	.233 	1.4 	7.3 	4.5 	27.9 	1.4 	0.1 	14.5 	22.9 	108 	104 	5.1 	2.6 	7.7 	.134
297 	Cherokee Parks 	PF 	30 	LAC 	30 	648 	13.3 	.523 	.506 	.233 	.012 	8.1 	14.9 	11.5 	5.5 	1.3 	2.2 	9.1 	13.8 	110 	107 	0.8 	0.4 	1.2 	.090
298 	Ruben Patterson 	SF 	27 	POR 	78 	1655 	14.5 	.530 	.495 	.426 	.039 	8.8 	10.5 	9.6 	10.2 	2.4 	1.3 	16.0 	20.4 	102 	103 	1.4 	1.8 	3.2 	.093
299 	Gary Payton 	PG 	34 	TOT 	80 	3208 	21.1 	.504 	.472 	.240 	.124 	2.9 	9.5 	6.1 	38.9 	2.2 	0.5 	10.3 	26.4 	108 	107 	7.0 	2.1 	9.1 	.136
300 	Anthony Peeler 	SG 	33 	MIN 	82 	2245 	11.0 	.499 	.485 	.082 	.348 	2.1 	9.9 	6.1 	15.8 	1.7 	0.4 	11.5 	14.4 	104 	106 	1.7 	1.7 	3.4 	.072
301 	Wesley Person 	SG 	31 	MEM 	66 	1941 	13.5 	.565 	.539 	.161 	.384 	1.4 	9.6 	5.6 	9.3 	1.1 	0.7 	8.0 	16.2 	112 	111 	3.1 	0.2 	3.3 	.082
302 	Morris Peterson 	SF 	25 	TOR 	82 	2949 	12.6 	.488 	.446 	.230 	.321 	3.6 	10.7 	7.0 	11.1 	1.6 	0.8 	9.8 	20.3 	101 	109 	2.1 	1.1 	3.2 	.052
303 	Eric Piatkowski 	SG 	32 	LAC 	62 	1360 	16.0 	.601 	.561 	.274 	.451 	3.7 	9.3 	6.5 	9.1 	1.3 	0.5 	10.1 	18.5 	118 	110 	3.3 	0.3 	3.6 	.129
304 	Paul Pierce 	SG 	25 	BOS 	79 	3096 	22.7 	.532 	.454 	.473 	.246 	3.8 	17.7 	10.6 	24.2 	2.4 	1.6 	13.0 	33.2 	104 	100 	5.3 	4.8 	10.1 	.157
305 	Scottie Pippen 	SF 	37 	POR 	64 	1911 	15.3 	.520 	.476 	.248 	.223 	3.6 	14.0 	8.8 	24.3 	3.0 	1.0 	19.9 	20.0 	100 	101 	1.2 	2.6 	3.8 	.095
306 	Scot Pollard 	C 	27 	SAC 	23 	325 	14.6 	.497 	.460 	.437 	.000 	16.0 	18.8 	17.5 	2.7 	2.0 	3.1 	12.6 	16.1 	106 	96 	0.4 	0.6 	1.0 	.150
307 	James Posey 	SF 	26 	TOT 	83 	2518 	13.5 	.519 	.457 	.327 	.305 	4.1 	15.4 	9.8 	12.7 	2.3 	0.4 	14.3 	18.1 	103 	102 	2.3 	3.1 	5.4 	.104
308 	Lavor Postell 	SG 	24 	NYK 	12 	98 	7.8 	.482 	.395 	.395 	.184 	1.2 	3.7 	2.4 	5.1 	1.1 	0.0 	13.6 	24.3 	90 	111 	-0.1 	0.0 	-0.1 	-0.032
309 	Vitaly Potapenko 	C 	27 	SEA 	26 	403 	8.2 	.492 	.441 	.312 	.000 	7.2 	19.0 	13.0 	1.6 	1.2 	1.6 	19.1 	15.2 	90 	104 	-0.2 	0.4 	0.2 	.027
310 	Tayshaun Prince 	SF 	22 	DET 	42 	435 	11.7 	.546 	.534 	.144 	.398 	1.3 	11.1 	6.1 	9.9 	1.3 	2.4 	14.3 	16.2 	100 	101 	0.2 	0.6 	0.8 	.084
311 	Joel Przybilla 	C 	23 	MIL 	32 	546 	7.9 	.424 	.391 	.522 	.000 	10.2 	20.9 	15.5 	3.0 	1.0 	6.1 	25.1 	6.4 	98 	104 	0.1 	0.5 	0.6 	.051
312 	Vladimir Radmanovic 	PF 	22 	SEA 	72 	1910 	13.0 	.508 	.488 	.153 	.439 	4.6 	15.5 	10.0 	8.7 	1.8 	0.9 	12.3 	20.0 	99 	104 	0.8 	1.9 	2.7 	.068
313 	Igor Rakocevic 	PG 	24 	MIN 	42 	244 	8.4 	.528 	.422 	.621 	.207 	1.9 	5.9 	3.9 	19.0 	0.9 	0.0 	23.8 	18.0 	96 	109 	0.0 	0.1 	0.1 	.022
314 	Zach Randolph 	PF 	21 	POR 	77 	1301 	19.9 	.555 	.513 	.313 	.010 	12.9 	18.9 	15.9 	5.7 	1.7 	0.8 	9.6 	23.0 	113 	102 	3.2 	1.6 	4.8 	.177
315 	Theo Ratliff 	C 	29 	ATL 	81 	2518 	13.8 	.512 	.464 	.360 	.000 	7.3 	19.7 	13.7 	4.8 	1.2 	7.3 	16.6 	15.0 	98 	101 	0.7 	3.4 	4.0 	.077
316 	Zeljko Rebraca 	C 	30 	DET 	30 	488 	14.0 	.596 	.552 	.331 	.000 	6.5 	16.0 	11.2 	3.6 	0.7 	2.6 	14.9 	19.2 	107 	101 	0.7 	0.7 	1.3 	.133
317 	Michael Redd 	SG 	23 	MIL 	82 	2316 	21.0 	.590 	.562 	.191 	.428 	4.9 	13.9 	9.4 	8.9 	2.3 	0.4 	6.6 	22.6 	118 	108 	6.9 	1.1 	8.0 	.167
318 	Don Reid 	PF 	29 	DET 	1 	10 	-17.3 	.129 	.000 	.667 	.000 	0.0 	0.0 	0.0 	0.0 	0.0 	0.0 	0.0 	18.7 	32 	108 	-0.1 	0.0 	-0.1 	-0.285
319 	Efthimi Rentzias 	C 	27 	PHI 	35 	144 	10.6 	.413 	.373 	.153 	.136 	8.0 	13.3 	10.6 	8.0 	2.2 	1.1 	6.0 	20.9 	96 	103 	0.0 	0.2 	0.2 	.058
320 	Glen Rice 	SF 	35 	HOU 	62 	1532 	11.9 	.563 	.539 	.182 	.556 	2.2 	9.3 	5.8 	7.3 	0.8 	0.2 	10.0 	16.5 	112 	108 	2.5 	0.8 	3.3 	.103
321 	Jason Richardson 	SG 	22 	GSW 	82 	2698 	14.8 	.501 	.463 	.233 	.288 	4.4 	10.4 	7.5 	15.3 	1.7 	0.6 	12.3 	23.0 	105 	111 	3.4 	0.3 	3.7 	.066
322 	Quentin Richardson 	SG 	22 	LAC 	59 	1368 	12.5 	.460 	.428 	.227 	.363 	8.2 	15.1 	11.6 	6.7 	1.3 	0.5 	9.6 	22.0 	97 	108 	0.3 	0.7 	1.0 	.036
323 	Antoine Rigaudeau 	SG 	31 	DAL 	11 	91 	-2.4 	.243 	.243 	.000 	.143 	4.8 	4.8 	4.8 	9.3 	1.7 	0.0 	14.6 	20.4 	58 	107 	-0.4 	0.1 	-0.4 	-0.192
324 	Clifford Robinson 	PF 	36 	DET 	81 	2825 	12.4 	.477 	.444 	.255 	.277 	3.3 	10.1 	6.7 	17.4 	1.7 	2.3 	13.2 	20.4 	97 	101 	0.4 	4.0 	4.4 	.075
325 	David Robinson 	C 	37 	SAS 	64 	1676 	17.8 	.531 	.469 	.510 	.000 	11.8 	22.8 	17.6 	5.9 	1.7 	4.6 	13.9 	16.5 	109 	95 	2.5 	3.6 	6.0 	.172
326 	Eddie Robinson 	SF 	26 	CHI 	64 	1355 	11.5 	.531 	.497 	.200 	.044 	6.3 	10.0 	8.2 	7.7 	2.3 	0.7 	13.2 	12.9 	106 	106 	1.2 	1.0 	2.2 	.076
327 	Glenn Robinson 	SF 	30 	ATL 	69 	2591 	16.7 	.519 	.468 	.245 	.211 	3.9 	15.7 	10.0 	15.5 	1.9 	0.7 	15.2 	28.8 	98 	106 	1.0 	1.9 	2.9 	.055
328 	Rodney Rogers 	PF 	31 	NJN 	68 	1303 	11.7 	.483 	.451 	.198 	.290 	5.4 	17.7 	11.5 	13.8 	2.0 	1.8 	15.5 	20.3 	94 	97 	-0.1 	2.5 	2.3 	.086
329 	Sean Rooks 	C 	33 	LAC 	70 	1344 	7.7 	.460 	.421 	.195 	.003 	4.5 	13.7 	9.1 	8.2 	1.3 	2.3 	17.0 	13.1 	92 	107 	-0.4 	0.8 	0.4 	.015
330 	Jalen Rose 	SF 	30 	CHI 	82 	3351 	14.9 	.508 	.448 	.295 	.227 	2.3 	9.2 	5.8 	21.1 	1.1 	0.5 	13.7 	27.4 	100 	109 	2.5 	1.1 	3.6 	.052
331 	Malik Rose 	PF 	28 	SAS 	79 	1933 	16.1 	.538 	.460 	.486 	.008 	9.3 	20.5 	15.2 	11.0 	1.6 	1.4 	18.2 	22.4 	102 	98 	1.9 	3.3 	5.2 	.130
332 	Guy Rucker 	PF 	25 	GSW 	3 	4 	7.8 	0.0	0.0	0.0	0.0	0.0 	26.3 	13.3 	32.3 	0.0 	0.0 	0.0	0.0 	214 	109 	0.0 	0.0 	0.0 	.117
333 	Kareem Rush 	PG 	22 	LAL 	76 	872 	5.8 	.447 	.432 	.094 	.279 	3.3 	8.9 	6.1 	11.7 	0.6 	0.9 	19.9 	16.1 	85 	110 	-0.9 	0.3 	-0.6 	-0.033
334 	Bryon Russell 	SF 	32 	WAS 	70 	1388 	9.1 	.468 	.428 	.225 	.458 	3.7 	14.1 	8.9 	8.2 	2.7 	0.4 	14.1 	13.3 	95 	103 	0.0 	1.6 	1.5 	.052
335 	Arvydas Sabonis 	C 	38 	POR 	78 	1209 	20.5 	.549 	.481 	.454 	.017 	8.8 	24.7 	16.7 	19.3 	2.7 	3.1 	14.8 	19.4 	113 	97 	2.6 	2.3 	4.9 	.196
336 	John Salmons 	PG 	23 	PHI 	64 	504 	9.5 	.502 	.457 	.302 	.267 	3.7 	10.2 	6.9 	14.3 	1.8 	0.9 	18.1 	14.3 	99 	105 	0.2 	0.4 	0.6 	.058
337 	Soumaila Samake 	C 	24 	LAL 	13 	77 	12.9 	.442 	.417 	.083 	.000 	14.5 	19.2 	16.8 	8.0 	0.0 	4.7 	7.4 	15.5 	107 	105 	0.1 	0.1 	0.2 	.102
338 	Jamal Sampson 	PF 	19 	MIL 	5 	8 	8.4 	.000 	.000 	.000 	.000 	14.6 	14.7 	14.6 	16.3 	6.6 	0.0 	0.0 	11.6 	59 	99 	0.0 	0.0 	0.0 	-0.066
339 	Pepe Sanchez 	PG 	25 	DET 	9 	37 	11.0 	.000 	.000 	.000 	.000 	12.6 	6.5 	9.6 	31.9 	7.5 	0.0 	28.6 	9.1 	74 	92 	-0.1 	0.1 	0.0 	.042
340 	Jeryl Sasser 	SG 	23 	ORL 	75 	1025 	8.3 	.402 	.341 	.377 	.213 	7.0 	13.8 	10.3 	9.3 	2.3 	0.9 	13.9 	12.2 	93 	105 	-0.2 	0.9 	0.8 	.036
341 	Kenny Satterfield 	PG 	21 	TOT 	39 	502 	4.8 	.340 	.314 	.137 	.153 	3.6 	6.6 	5.0 	23.1 	2.1 	0.3 	18.1 	21.0 	74 	105 	-1.4 	0.5 	-1.0 	-0.091
342 	Predrag Savovic 	SG 	26 	DEN 	27 	256 	6.0 	.392 	.333 	.312 	.280 	3.9 	7.6 	5.7 	15.1 	2.9 	0.3 	16.6 	22.0 	80 	102 	-0.5 	0.3 	-0.2 	-0.040
343 	Brian Scalabrine 	PF 	24 	NJN 	59 	724 	8.9 	.487 	.444 	.213 	.231 	6.3 	15.9 	11.1 	9.9 	1.2 	1.9 	19.9 	14.4 	93 	99 	-0.1 	1.2 	1.0 	.068
344 	Ansu Sesay 	SF 	26 	SEA 	45 	448 	6.1 	.404 	.383 	.196 	.000 	8.8 	10.4 	9.6 	8.1 	1.7 	0.9 	17.7 	14.8 	86 	106 	-0.4 	0.4 	-0.1 	-0.007
345 	Brian Shaw 	PG 	36 	LAL 	72 	900 	10.2 	.467 	.460 	.057 	.418 	2.5 	12.5 	7.4 	17.3 	1.8 	1.0 	16.8 	15.9 	95 	106 	-0.1 	0.7 	0.6 	.034
346 	Paul Shirley 	PF 	25 	ATL 	2 	5 	-28.0 	.000 	.000 	.000 	.000 	0.0 	21.9 	11.4 	0.0 	0.0 	0.0 	0.0 	36.7 	0 	108 	-0.1 	0.0 	-0.1 	-0.823
347 	Bobby Simmons 	SG 	22 	WAS 	36 	378 	13.0 	.471 	.393 	.313 	.045 	10.3 	13.8 	12.0 	8.9 	1.4 	0.6 	5.9 	16.9 	110 	106 	0.6 	0.3 	0.9 	.111
348 	Brian Skinner 	PF 	26 	PHI 	77 	1381 	15.4 	.574 	.550 	.486 	.000 	11.4 	19.9 	15.6 	2.2 	1.8 	3.0 	13.4 	15.1 	112 	101 	2.2 	2.0 	4.1 	.144
349 	Reggie Slater 	PF 	32 	MIN 	26 	141 	19.2 	.580 	.540 	.900 	.000 	14.9 	10.2 	12.5 	4.7 	2.2 	0.5 	11.4 	25.3 	114 	104 	0.4 	0.1 	0.5 	.186
350 	Tamar Slay 	SG 	22 	NJN 	36 	274 	7.1 	.428 	.413 	.097 	.243 	3.3 	9.6 	6.5 	8.6 	2.7 	0.8 	15.7 	21.0 	81 	99 	-0.5 	0.5 	0.0 	-0.004
351 	Charles Smith 	SG 	27 	POR 	3 	13 	5.9 	.434 	.250 	1.000 	.250 	0.0 	0.0 	0.0 	11.4 	4.1 	0.0 	14.8 	24.0 	89 	103 	0.0 	0.0 	0.0 	.007
352 	Joe Smith 	SF 	27 	MIN 	54 	1117 	14.3 	.524 	.460 	.399 	.006 	11.6 	15.7 	13.7 	5.1 	0.7 	3.5 	10.0 	17.4 	111 	104 	1.9 	1.2 	3.0 	.131
353 	Steve Smith 	SG 	33 	SAS 	53 	1032 	12.0 	.528 	.455 	.392 	.405 	2.5 	8.4 	5.6 	10.9 	1.4 	0.6 	11.2 	17.3 	109 	103 	1.4 	1.1 	2.5 	.117
354 	Eric Snow 	PG 	29 	PHI 	82 	3108 	15.6 	.546 	.456 	.474 	.040 	2.6 	8.8 	5.7 	27.6 	2.2 	0.3 	16.7 	16.8 	112 	105 	5.7 	2.7 	8.4 	.130
355 	Latrell Sprewell 	SF 	32 	NYK 	74 	2859 	14.3 	.497 	.462 	.193 	.319 	1.8 	10.1 	5.9 	19.7 	1.9 	0.6 	12.3 	22.6 	99 	107 	1.6 	1.6 	3.2 	.054
356 	Jerry Stackhouse 	SG 	28 	WAS 	70 	2747 	18.7 	.528 	.438 	.431 	.204 	2.6 	8.5 	5.6 	21.7 	1.3 	0.8 	11.9 	27.9 	106 	108 	5.1 	1.4 	6.5 	.114
357 	Vladimir Stepania 	C 	26 	MIA 	79 	1594 	13.6 	.454 	.433 	.314 	.000 	14.9 	25.6 	20.1 	2.7 	1.5 	2.0 	12.4 	16.4 	97 	99 	0.3 	2.6 	2.9 	.089
358 	DeShawn Stevenson 	SG 	21 	UTA 	61 	760 	8.2 	.444 	.408 	.239 	.042 	3.6 	9.7 	6.8 	9.1 	1.6 	0.8 	13.5 	22.0 	88 	106 	-0.7 	0.6 	-0.1 	-0.009
359 	Michael Stewart 	PF 	27 	CLE 	47 	251 	5.9 	.426 	.378 	.324 	.000 	8.3 	16.4 	12.3 	3.6 	0.4 	4.2 	19.1 	9.0 	90 	107 	-0.1 	0.2 	0.1 	.014
360 	John Stockton 	PG 	40 	UTA 	82 	2275 	21.0 	.577 	.505 	.448 	.125 	2.8 	7.7 	5.4 	46.4 	3.2 	0.5 	19.2 	19.2 	117 	103 	6.5 	2.5 	9.0 	.190
361 	Peja Stojakovic 	SF 	25 	SAC 	72 	2450 	19.6 	.600 	.556 	.255 	.393 	2.8 	14.0 	8.7 	9.4 	1.5 	0.1 	8.1 	22.5 	117 	101 	6.9 	3.3 	10.1 	.199
362 	Damon Stoudamire 	PG 	29 	POR 	59 	1315 	12.1 	.460 	.429 	.161 	.275 	3.7 	10.6 	7.1 	24.5 	1.6 	0.3 	15.6 	18.5 	99 	106 	0.6 	1.1 	1.6 	.059
363 	Amar'e Stoudemire 	PF 	20 	PHO 	82 	2570 	16.2 	.530 	.473 	.583 	.012 	10.9 	20.9 	15.9 	5.0 	1.3 	2.5 	15.3 	21.5 	103 	101 	2.6 	3.6 	6.2 	.116
364 	Erick Strickland 	SG 	29 	IND 	71 	1275 	13.5 	.547 	.511 	.229 	.421 	2.1 	10.5 	6.4 	27.2 	1.6 	0.4 	19.0 	18.3 	104 	104 	1.4 	1.3 	2.7 	.101
365 	Mark Strickland 	SF 	32 	DAL 	4 	13 	16.3 	.400 	.400 	.000 	.000 	42.3 	17.0 	29.7 	0.0 	0.0 	0.0 	16.7 	20.9 	104 	106 	0.0 	0.0 	0.0 	.101
366 	Rod Strickland 	PG 	36 	MIN 	47 	956 	15.4 	.492 	.433 	.385 	.040 	2.4 	8.7 	5.6 	33.3 	2.5 	0.5 	18.9 	19.0 	102 	105 	0.8 	0.9 	1.7 	.084
367 	Bruno Sundov 	C 	22 	BOS 	26 	138 	1.2 	.281 	.286 	.036 	.286 	6.4 	16.9 	11.5 	8.8 	2.3 	1.7 	13.7 	22.2 	63 	100 	-0.6 	0.2 	-0.4 	-0.139
368 	Bob Sura 	SG 	29 	GSW 	55 	1130 	14.2 	.510 	.454 	.451 	.259 	5.5 	10.2 	7.9 	23.9 	2.0 	0.1 	17.3 	17.9 	107 	111 	1.6 	0.2 	1.8 	.075
369 	Stromile Swift 	PF 	23 	MEM 	67 	1478 	18.0 	.542 	.481 	.501 	.004 	8.8 	20.3 	14.6 	5.0 	1.9 	4.8 	14.2 	21.2 	104 	103 	1.6 	1.7 	3.3 	.108
370 	Wally Szczerbiak 	SF 	25 	MIN 	52 	1836 	17.3 	.567 	.523 	.237 	.199 	3.4 	11.3 	7.4 	12.2 	1.3 	0.9 	9.8 	22.0 	112 	106 	3.8 	1.3 	5.2 	.135
371 	Maurice Taylor 	PF 	26 	HOU 	67 	1377 	11.5 	.472 	.432 	.258 	.004 	8.1 	11.7 	10.0 	8.8 	0.9 	1.1 	14.4 	23.3 	94 	106 	-0.2 	1.1 	0.9 	.030
372 	Jason Terry 	PG 	25 	ATL 	81 	3081 	18.2 	.549 	.498 	.256 	.378 	1.4 	8.6 	5.2 	34.8 	2.2 	0.3 	16.4 	22.6 	109 	108 	6.0 	1.4 	7.4 	.116
373 	Etan Thomas 	PF 	24 	WAS 	38 	513 	15.8 	.550 	.492 	.758 	.000 	16.1 	22.0 	19.0 	1.0 	0.8 	3.4 	16.6 	18.2 	107 	102 	0.7 	0.6 	1.3 	.125
374 	Kenny Thomas 	PF 	25 	TOT 	66 	1978 	14.9 	.517 	.465 	.352 	.000 	10.9 	20.5 	15.6 	9.4 	1.7 	1.1 	15.2 	17.4 	105 	102 	2.1 	2.5 	4.6 	.111
375 	Kurt Thomas 	C 	30 	NYK 	81 	2577 	16.7 	.511 	.484 	.179 	.003 	7.1 	22.2 	14.5 	11.3 	1.7 	2.8 	11.1 	22.4 	102 	102 	2.3 	3.0 	5.4 	.100
376 	Tim Thomas 	SF 	25 	MIL 	80 	2358 	14.3 	.527 	.495 	.200 	.285 	4.8 	14.6 	9.7 	7.3 	1.6 	1.5 	11.6 	22.6 	101 	108 	1.9 	1.0 	2.9 	.060
377 	Jamaal Tinsley 	PG 	24 	IND 	73 	2237 	13.4 	.468 	.437 	.201 	.299 	3.0 	9.9 	6.5 	38.7 	2.9 	0.6 	24.1 	16.1 	98 	101 	0.6 	3.1 	3.7 	.079
378 	Oscar Torres 	SG 	26 	GSW 	17 	109 	14.7 	.592 	.542 	.556 	.361 	3.0 	8.7 	5.9 	4.4 	1.9 	1.2 	15.2 	20.6 	110 	111 	0.2 	0.0 	0.2 	.088
379 	Robert Traylor 	C 	25 	NOH 	69 	851 	15.3 	.486 	.445 	.371 	.013 	14.6 	21.3 	17.9 	9.7 	2.8 	3.1 	16.1 	17.6 	102 	96 	0.7 	1.7 	2.4 	.133
380 	Gary Trent 	SF 	28 	MIN 	80 	1222 	15.9 	.549 	.535 	.260 	.005 	10.1 	16.7 	13.5 	10.0 	1.4 	1.4 	12.0 	18.3 	110 	104 	2.0 	1.3 	3.3 	.128
381 	Jeff Trepagnier 	SG 	23 	DEN 	8 	97 	17.5 	.522 	.475 	.175 	.200 	9.2 	10.1 	9.6 	12.2 	4.3 	0.0 	15.7 	23.4 	99 	99 	0.1 	0.2 	0.2 	.105
382 	Cezary Trybanski 	C 	23 	MEM 	15 	86 	-1.4 	.287 	.250 	.500 	.000 	8.0 	10.3 	9.2 	1.6 	0.0 	4.8 	24.7 	17.0 	57 	110 	-0.4 	0.0 	-0.3 	-0.186
383 	Jake Tsakalidis 	C 	23 	PHO 	33 	543 	10.2 	.501 	.452 	.430 	.000 	9.3 	16.2 	12.7 	3.7 	0.6 	2.3 	13.9 	15.4 	102 	104 	0.3 	0.5 	0.9 	.078
384 	Nikoloz Tskitishvili 	SF 	19 	DEN 	81 	1320 	4.9 	.374 	.340 	.165 	.387 	5.4 	10.8 	8.0 	11.6 	1.2 	1.8 	16.6 	17.0 	79 	104 	-2.3 	1.3 	-1.0 	-0.035
385 	Hedo Turkoglu 	SF 	23 	SAC 	67 	1175 	12.0 	.509 	.459 	.281 	.199 	3.4 	13.3 	8.6 	10.9 	1.1 	0.7 	10.2 	18.4 	104 	102 	1.1 	1.5 	2.6 	.105
386 	Nick Van Exel 	SG 	31 	DAL 	73 	2026 	15.6 	.510 	.483 	.173 	.375 	1.9 	9.4 	5.7 	24.4 	1.1 	0.1 	12.1 	22.8 	104 	107 	2.6 	1.3 	4.0 	.094
387 	Keith Van Horn 	PF 	27 	PHI 	74 	2337 	17.3 	.556 	.516 	.252 	.185 	7.8 	18.7 	13.2 	7.2 	1.4 	1.0 	12.4 	23.2 	107 	103 	3.9 	2.6 	6.5 	.133
388 	Jacque Vaughn 	PG 	27 	ORL 	80 	1686 	10.5 	.508 	.457 	.304 	.083 	1.7 	6.4 	4.0 	21.7 	2.0 	0.1 	17.2 	14.9 	103 	108 	1.2 	0.9 	2.0 	.058
389 	Jake Voskuhl 	C 	25 	PHO 	65 	947 	11.8 	.604 	.564 	.589 	.000 	11.5 	15.4 	13.4 	5.7 	1.0 	2.3 	19.0 	12.0 	115 	103 	1.5 	1.0 	2.5 	.129
390 	Dajuan Wagner 	SG 	19 	CLE 	47 	1385 	10.9 	.466 	.414 	.264 	.288 	1.6 	5.1 	3.3 	16.8 	1.4 	0.4 	11.2 	23.8 	96 	111 	0.2 	0.1 	0.3 	.011
391 	Antoine Walker 	PF 	26 	BOS 	78 	3235 	14.6 	.467 	.449 	.184 	.375 	3.4 	16.7 	9.9 	23.3 	1.9 	0.8 	13.4 	27.9 	92 	101 	-1.6 	4.2 	2.6 	.039
392 	Samaki Walker 	C 	26 	LAL 	67 	1243 	11.6 	.465 	.420 	.369 	.004 	10.3 	23.1 	16.7 	7.5 	0.8 	3.2 	15.0 	13.4 	101 	103 	0.6 	1.4 	2.1 	.079
393 	Ben Wallace 	C 	28 	DET 	73 	2873 	17.2 	.486 	.482 	.432 	.014 	11.9 	34.9 	23.2 	6.9 	2.0 	5.9 	14.5 	10.2 	108 	90 	2.7 	7.9 	10.6 	.176
394 	Gerald Wallace 	SF 	20 	SAC 	47 	571 	12.5 	.510 	.495 	.404 	.022 	7.5 	16.0 	12.0 	6.1 	2.1 	1.7 	17.0 	20.1 	94 	98 	-0.1 	1.0 	0.9 	.074
395 	Rasheed Wallace 	PF 	28 	POR 	74 	2684 	18.5 	.552 	.521 	.249 	.281 	5.1 	19.6 	12.3 	10.2 	1.4 	2.2 	10.3 	23.3 	109 	102 	5.1 	3.4 	8.5 	.151
396 	Charlie Ward 	PG 	32 	NYK 	66 	1465 	15.9 	.540 	.521 	.128 	.645 	2.0 	12.4 	7.1 	32.9 	2.8 	0.5 	17.8 	16.8 	109 	105 	2.4 	1.3 	3.7 	.121
397 	Earl Watson 	PG 	23 	MEM 	79 	1366 	14.6 	.505 	.474 	.220 	.233 	3.8 	9.6 	6.7 	25.7 	3.4 	0.7 	17.0 	17.0 	103 	106 	1.3 	1.0 	2.3 	.080
398 	Clarence Weatherspoon 	PF 	32 	NYK 	79 	2024 	14.5 	.522 	.449 	.469 	.000 	12.2 	22.8 	17.4 	5.1 	1.8 	1.3 	11.2 	12.8 	114 	103 	3.3 	2.2 	5.5 	.131
399 	Chris Webber 	PF 	29 	SAC 	67 	2622 	20.9 	.485 	.463 	.247 	.015 	6.9 	21.1 	14.4 	24.6 	2.0 	2.2 	11.9 	30.4 	99 	96 	1.7 	5.3 	6.9 	.127
400 	Bonzi Wells 	SG 	26 	POR 	75 	2396 	15.7 	.505 	.461 	.316 	.131 	4.9 	14.9 	9.9 	18.0 	2.8 	0.6 	16.0 	25.9 	98 	101 	0.9 	3.1 	4.0 	.080
401 	Jiri Welsch 	SF 	23 	GSW 	37 	234 	4.5 	.348 	.260 	.387 	.053 	5.5 	7.2 	6.4 	16.6 	1.7 	0.6 	17.8 	19.4 	81 	112 	-0.4 	0.0 	-0.4 	-0.086
402 	David Wesley 	SG 	32 	NOH 	73 	2710 	15.1 	.533 	.498 	.229 	.305 	1.6 	5.9 	3.8 	16.4 	2.2 	0.2 	10.4 	21.4 	109 	105 	4.5 	2.5 	7.0 	.124
403 	Jahidi White 	C 	26 	WAS 	16 	230 	14.8 	.523 	.472 	.472 	.000 	19.0 	18.6 	18.8 	1.4 	0.2 	3.9 	12.3 	15.0 	113 	104 	0.4 	0.2 	0.6 	.134
404 	Rodney White 	SG 	22 	DEN 	72 	1563 	9.8 	.469 	.433 	.196 	.210 	3.1 	13.3 	7.9 	15.0 	1.5 	1.6 	18.4 	24.2 	86 	103 	-2.1 	1.8 	-0.4 	-0.011
405 	Chris Whitney 	PG 	31 	TOT 	51 	1052 	9.2 	.468 	.427 	.198 	.470 	0.3 	7.4 	3.7 	24.2 	1.4 	0.1 	15.8 	19.1 	95 	107 	-0.1 	0.7 	0.6 	.028
406 	Chris Wilcox 	PF 	20 	LAC 	46 	479 	12.5 	.528 	.521 	.357 	.000 	7.6 	16.9 	12.3 	7.8 	0.8 	1.8 	13.8 	17.7 	102 	107 	0.3 	0.3 	0.6 	.062
407 	Mike Wilks 	PG-SG 	23 	TOT 	46 	688 	9.3 	.436 	.372 	.318 	.236 	3.4 	8.1 	5.9 	19.4 	2.1 	0.4 	14.2 	13.0 	100 	107 	0.3 	0.4 	0.7 	.049
408 	Aaron Williams 	C 	31 	NJN 	81 	1597 	11.9 	.504 	.453 	.296 	.002 	9.8 	13.9 	11.8 	9.0 	0.9 	2.7 	14.6 	16.4 	103 	100 	1.2 	2.4 	3.7 	.110
409 	Alvin Williams 	PG 	28 	TOR 	78 	2638 	16.7 	.508 	.464 	.264 	.161 	2.3 	8.6 	5.3 	27.7 	2.2 	0.6 	11.2 	19.7 	108 	108 	4.4 	1.2 	5.5 	.101
410 	Brandon Williams 	SF 	27 	ATL 	6 	19 	-10.4 	.143 	.143 	.000 	.143 	12.5 	0.0 	6.0 	0.0 	5.6 	0.0 	30.0 	24.1 	34 	104 	-0.2 	0.0 	-0.2 	-0.392
411 	Eric Williams 	SF 	30 	BOS 	82 	2350 	13.1 	.538 	.474 	.466 	.191 	6.7 	11.8 	9.2 	10.4 	1.9 	0.6 	12.3 	15.6 	110 	103 	3.4 	2.6 	6.0 	.123
412 	Frank Williams 	PG 	22 	NYK 	21 	167 	6.4 	.393 	.364 	.182 	.485 	2.1 	10.8 	6.3 	29.4 	2.2 	0.9 	32.3 	14.6 	81 	106 	-0.2 	0.1 	-0.1 	-0.035
413 	Jason Williams 	PG 	27 	MEM 	76 	2407 	17.1 	.501 	.471 	.153 	.470 	1.2 	8.6 	5.0 	41.8 	2.0 	0.3 	15.5 	20.3 	108 	110 	4.0 	0.7 	4.7 	.094
414 	Jay Williams 	PG 	21 	CHI 	75 	1961 	12.2 	.472 	.446 	.235 	.295 	1.5 	9.3 	5.5 	29.2 	2.3 	0.6 	18.4 	21.0 	94 	107 	-0.5 	1.3 	0.8 	.020
415 	Jerome Williams 	PF 	29 	TOR 	71 	2346 	15.6 	.525 	.500 	.525 	.011 	10.8 	21.2 	15.8 	6.7 	2.6 	0.8 	13.0 	14.7 	108 	103 	2.9 	2.5 	5.4 	.110
416 	Monty Williams 	SF 	31 	PHI 	21 	276 	12.5 	.489 	.425 	.400 	.025 	5.0 	14.3 	9.6 	15.0 	2.3 	1.4 	15.3 	18.1 	99 	102 	0.1 	0.3 	0.5 	.080
417 	Scott Williams 	C 	34 	PHO 	69 	872 	9.7 	.440 	.411 	.144 	.007 	9.2 	15.8 	12.5 	4.1 	1.6 	1.8 	9.3 	17.6 	96 	102 	0.1 	1.1 	1.1 	.063
418 	Shammond Williams 	PG 	27 	TOT 	78 	1881 	12.4 	.503 	.474 	.176 	.451 	1.4 	9.3 	5.2 	25.4 	2.2 	0.3 	15.4 	17.9 	100 	104 	1.1 	2.0 	3.1 	.078
419 	Walt Williams 	SF 	32 	DAL 	66 	1161 	11.7 	.500 	.487 	.147 	.501 	5.0 	14.6 	9.8 	7.4 	1.9 	1.7 	8.8 	15.6 	105 	102 	1.0 	1.5 	2.5 	.103
420 	Corliss Williamson 	SF 	29 	DET 	82 	2061 	15.7 	.515 	.454 	.363 	.013 	8.3 	12.3 	10.3 	10.2 	1.2 	1.0 	11.6 	25.3 	103 	102 	2.4 	2.5 	4.9 	.115
421 	Kevin Willis 	C 	40 	SAS 	71 	840 	12.5 	.506 	.479 	.323 	.008 	12.0 	18.8 	15.6 	4.9 	1.3 	1.7 	17.0 	19.5 	98 	99 	0.2 	1.3 	1.6 	.091
422 	Ruben Wolkowyski 	PF 	29 	BOS 	7 	24 	1.2 	.434 	.500 	1.000 	.250 	0.0 	4.8 	2.4 	7.0 	0.0 	0.0 	14.8 	13.1 	79 	110 	0.0 	0.0 	0.0 	-0.051
423 	Loren Woods 	C 	24 	MIN 	38 	353 	9.9 	.455 	.388 	.355 	.039 	8.9 	21.3 	15.2 	7.5 	1.5 	2.6 	20.7 	14.2 	91 	101 	-0.1 	0.5 	0.4 	.048
424 	Qyntel Woods 	PF 	21 	POR 	53 	334 	11.2 	.505 	.513 	.169 	.076 	5.4 	13.7 	9.6 	6.2 	2.4 	0.2 	15.4 	20.7 	92 	103 	-0.1 	0.4 	0.2 	.034
425 	Metta World Peace 	SF 	23 	IND 	69 	2317 	17.6 	.529 	.470 	.439 	.249 	5.0 	12.4 	8.8 	14.9 	3.6 	1.6 	12.6 	22.5 	105 	98 	3.2 	4.1 	7.2 	.150
426 	Lorenzen Wright 	C 	27 	MEM 	70 	1982 	14.4 	.489 	.454 	.311 	.007 	9.8 	20.0 	15.0 	6.7 	1.3 	1.9 	11.9 	21.0 	99 	106 	1.0 	1.5 	2.5 	.061
427 	Vincent Yarbrough 	SG 	21 	DEN 	59 	1381 	9.5 	.446 	.417 	.145 	.182 	2.9 	11.2 	6.8 	16.8 	2.2 	1.9 	15.1 	17.3 	90 	102 	-0.7 	1.7 	1.0 	.035
428 	Wang Zhizhi 	C 	25 	LAC 	41 	412 	11.6 	.485 	.432 	.358 	.290 	7.2 	13.9 	10.6 	4.3 	1.0 	1.7 	14.2 	24.0 	94 	108 	-0.1 	0.2 	0.1 	.014