1 	Shareef Abdur-Rahim 	PF 	31 	SAC 	6 	51 	5.5 	.317 	.214 	.286 	.000 	14.2 	9.1 	11.6 	11.1 	1.0 	0.0 	6.0 	14.7 	95 	114 	0.0 	0.0 	0.0 	-0.005
2 	Arron Afflalo 	SG 	22 	DET 	75 	970 	10.2 	.494 	.432 	.361 	.199 	4.4 	12.5 	8.4 	8.1 	1.8 	0.7 	10.9 	15.2 	104 	104 	0.5 	1.4 	1.9 	.092
3 	Maurice Ager 	SG 	23 	TOT 	26 	165 	1.8 	.363 	.346 	.185 	.292 	2.8 	6.3 	4.6 	8.0 	0.0 	0.4 	7.9 	21.3 	77 	114 	-0.4 	0.0 	-0.4 	-0.114
4 	Blake Ahearn 	PG 	23 	MIA 	12 	177 	9.0 	.495 	.351 	.544 	.596 	0.7 	12.4 	6.4 	17.2 	1.8 	0.0 	18.5 	23.2 	94 	111 	-0.1 	0.1 	0.0 	-0.006
5 	LaMarcus Aldridge 	PF 	22 	POR 	76 	2649 	18.5 	.523 	.484 	.257 	.006 	9.8 	15.8 	12.8 	8.8 	1.1 	2.8 	8.9 	25.3 	108 	107 	3.5 	2.8 	6.2 	.113
6 	Malik Allen 	PF 	29 	TOT 	73 	1096 	9.8 	.500 	.482 	.076 	.006 	7.0 	13.6 	10.4 	6.8 	0.9 	2.2 	11.7 	16.1 	100 	109 	0.1 	0.9 	1.0 	.045
7 	Ray Allen 	SG 	32 	BOS 	73 	2624 	16.4 	.584 	.537 	.240 	.458 	3.6 	8.3 	6.1 	14.6 	1.3 	0.5 	10.4 	21.6 	116 	103 	5.6 	4.1 	9.7 	.177
8 	Tony Allen 	SG 	26 	BOS 	75 	1373 	10.7 	.527 	.458 	.465 	.147 	3.1 	11.0 	7.3 	13.1 	2.4 	1.3 	18.9 	19.6 	98 	99 	-0.1 	2.8 	2.7 	.093
9 	Lance Allred 	C 	26 	CLE 	3 	10 	-1.0 	.307 	.250 	.500 	.000 	0.0 	11.8 	5.7 	0.0 	0.0 	0.0 	0.0 	22.1 	72 	112 	0.0 	0.0 	0.0 	-0.125
10 	Morris Almond 	SG 	22 	UTA 	9 	39 	2.0 	.368 	.300 	.400 	.267 	0.0 	6.2 	3.1 	10.5 	1.3 	0.0 	10.2 	22.5 	81 	111 	-0.1 	0.0 	-0.1 	-0.081
11 	Rafer Alston 	PG 	31 	HOU 	74 	2526 	13.2 	.492 	.471 	.148 	.440 	1.3 	10.2 	5.8 	25.2 	2.1 	0.5 	14.0 	20.7 	102 	103 	1.0 	4.0 	5.0 	.095
12 	Louis Amundson 	PF 	25 	PHI 	16 	64 	7.4 	.472 	.500 	.438 	.000 	12.9 	9.4 	11.1 	0.0 	0.8 	1.2 	9.5 	14.9 	101 	110 	0.0 	0.0 	0.1 	.043
13 	Chris Andersen 	C 	29 	NOH 	5 	34 	6.1 	.342 	.286 	.571 	.000 	6.7 	24.6 	15.5 	0.0 	0.0 	9.2 	10.2 	13.3 	78 	101 	-0.1 	0.1 	0.0 	.012
14 	Derek Anderson 	SG 	33 	CHA 	28 	396 	10.0 	.497 	.452 	.304 	.416 	2.6 	12.6 	7.5 	17.8 	1.6 	0.2 	15.0 	19.3 	99 	111 	0.0 	0.3 	0.3 	.032
15 	Carmelo Anthony 	SF 	23 	DEN 	77 	2806 	21.1 	.568 	.511 	.398 	.111 	7.0 	14.9 	11.0 	16.1 	1.7 	1.0 	12.7 	30.2 	109 	107 	5.2 	3.0 	8.2 	.140
16 	Joel Anthony 	PF 	25 	MIA 	24 	498 	8.8 	.521 	.467 	.817 	.000 	9.0 	13.4 	11.2 	0.9 	1.0 	5.0 	17.2 	9.4 	104 	109 	0.1 	0.4 	0.6 	.054
17 	Gilbert Arenas 	PG 	26 	WAS 	13 	425 	18.2 	.529 	.454 	.490 	.398 	1.6 	12.8 	7.0 	27.4 	2.9 	0.2 	17.1 	31.1 	102 	109 	0.2 	0.4 	0.6 	.070
18 	Trevor Ariza 	SF 	22 	TOT 	35 	546 	16.1 	.568 	.526 	.551 	.132 	6.4 	15.4 	11.1 	11.8 	2.9 	1.5 	12.0 	15.6 	116 	103 	0.9 	0.9 	1.8 	.157
19 	Darrell Armstrong 	PG 	39 	NJN 	50 	549 	8.7 	.499 	.468 	.273 	.627 	3.6 	10.6 	7.1 	20.5 	2.7 	0.3 	25.0 	13.7 	95 	109 	-0.2 	0.5 	0.3 	.024
20 	Hilton Armstrong 	C 	23 	NOH 	65 	732 	7.7 	.498 	.453 	.473 	.000 	10.1 	16.0 	13.0 	4.4 	1.1 	3.6 	24.8 	15.1 	92 	105 	-0.5 	1.0 	0.5 	.032
21 	Carlos Arroyo 	PG 	28 	ORL 	62 	1269 	12.8 	.547 	.493 	.293 	.241 	0.9 	9.0 	5.1 	26.6 	1.1 	0.1 	16.4 	17.0 	111 	109 	1.7 	1.1 	2.8 	.107
22 	Chucky Atkins 	SG 	33 	DEN 	24 	352 	8.9 	.449 	.447 	.074 	.648 	0.9 	8.4 	4.8 	18.7 	1.2 	0.2 	7.4 	16.4 	101 	111 	0.1 	0.2 	0.3 	.040
23 	James Augustine 	PF 	23 	ORL 	25 	149 	10.8 	.533 	.529 	.235 	.000 	12.9 	10.4 	11.6 	2.1 	1.7 	1.0 	13.8 	13.4 	109 	106 	0.1 	0.2 	0.3 	.098
24 	Kelenna Azubuike 	SG 	24 	GSW 	81 	1732 	13.5 	.534 	.505 	.235 	.332 	6.4 	14.0 	10.0 	6.1 	1.3 	1.4 	8.2 	17.2 	112 	111 	2.3 	1.1 	3.4 	.094
25 	Renaldo Balkman 	SF 	23 	NYK 	65 	952 	11.5 	.492 	.492 	.511 	.065 	9.6 	16.4 	12.9 	6.5 	2.4 	2.4 	14.0 	12.5 	104 	108 	0.4 	0.9 	1.3 	.065
26 	Marcus Banks 	PG 	26 	TOT 	36 	569 	12.6 	.579 	.555 	.183 	.534 	0.9 	8.3 	4.6 	17.7 	1.3 	1.6 	15.2 	19.7 	106 	111 	0.5 	0.3 	0.8 	.068
27 	Leandro Barbosa 	SG 	25 	PHO 	82 	2421 	15.8 	.575 	.543 	.209 	.413 	2.0 	8.2 	5.4 	13.5 	1.5 	0.5 	9.5 	22.8 	111 	111 	3.9 	1.6 	5.5 	.109
28 	Jose Barea 	PG 	23 	DAL 	44 	460 	11.7 	.515 	.479 	.206 	.318 	1.0 	10.5 	5.9 	20.6 	1.6 	0.2 	15.9 	22.3 	99 	108 	0.0 	0.5 	0.5 	.052
29 	Andrea Bargnani 	PF 	22 	TOR 	78 	1861 	10.6 	.495 	.448 	.233 	.360 	3.2 	15.2 	9.2 	7.4 	0.7 	1.6 	9.9 	22.5 	98 	109 	-0.3 	1.6 	1.4 	.036
30 	Matt Barnes 	PF 	27 	GSW 	73 	1414 	12.9 	.510 	.483 	.179 	.410 	6.8 	18.1 	12.3 	13.5 	1.6 	1.9 	15.1 	16.7 	105 	108 	1.0 	1.3 	2.3 	.077
31 	Andre Barrett 	PG 	25 	LAC 	4 	25 	12.5 	.510 	.500 	.400 	.600 	0.0 	4.7 	2.3 	44.3 	0.0 	0.0 	14.5 	12.7 	117 	116 	0.0 	0.0 	0.0 	.078
32 	Earl Barron 	C 	26 	MIA 	46 	889 	9.4 	.446 	.405 	.266 	.040 	8.9 	17.9 	13.3 	5.8 	1.1 	0.7 	11.6 	22.0 	91 	110 	-1.0 	0.6 	-0.4 	-0.019
33 	Brent Barry 	SF 	36 	SAS 	31 	554 	16.7 	.655 	.631 	.125 	.700 	2.6 	9.0 	5.9 	16.1 	1.7 	0.4 	9.6 	16.1 	128 	104 	1.5 	0.8 	2.3 	.203
34 	Brandon Bass 	C 	22 	DAL 	79 	1557 	15.9 	.564 	.499 	.400 	.008 	9.2 	16.3 	12.9 	6.1 	0.8 	2.3 	12.4 	19.8 	112 	106 	2.4 	1.9 	4.3 	.132
35 	Maceo Baston 	PF 	32 	TOR 	15 	103 	17.6 	.697 	.680 	.400 	.000 	10.3 	19.7 	14.9 	4.6 	1.0 	3.2 	12.0 	15.3 	131 	105 	0.3 	0.1 	0.4 	.201
36 	Shane Battier 	SF 	29 	HOU 	80 	2907 	11.7 	.561 	.540 	.163 	.596 	5.2 	10.5 	7.9 	8.0 	1.4 	2.3 	10.5 	11.7 	117 	103 	3.6 	4.6 	8.2 	.135
37 	Marco Belinelli 	PG 	21 	GSW 	33 	241 	8.2 	.490 	.473 	.097 	.441 	1.3 	5.1 	3.1 	8.8 	1.0 	0.0 	11.0 	19.1 	97 	115 	0.0 	0.0 	0.0 	-0.002
38 	Charlie Bell 	SG 	28 	MIL 	68 	1628 	10.9 	.490 	.457 	.179 	.447 	2.1 	10.3 	6.0 	19.9 	1.7 	0.1 	12.7 	16.6 	105 	115 	1.0 	0.3 	1.3 	.038
39 	Raja Bell 	SG 	31 	PHO 	75 	2646 	10.5 	.561 	.538 	.121 	.583 	2.2 	9.0 	5.9 	8.6 	1.0 	0.7 	7.6 	14.5 	113 	111 	3.0 	1.5 	4.5 	.082
40 	Mike Bibby 	PG 	29 	TOT 	48 	1573 	14.5 	.515 	.488 	.166 	.411 	1.2 	10.6 	6.0 	30.9 	1.8 	0.2 	15.5 	22.0 	104 	111 	1.1 	0.9 	2.1 	.063
41 	Andris Biedrins 	C 	21 	GSW 	76 	2078 	19.2 	.637 	.626 	.344 	.000 	12.7 	26.2 	19.1 	5.2 	1.3 	3.3 	12.0 	14.4 	127 	106 	5.4 	2.6 	8.0 	.185
42 	Chauncey Billups 	PG 	31 	DET 	78 	2522 	23.6 	.619 	.526 	.498 	.390 	2.0 	8.1 	5.0 	34.7 	2.2 	0.5 	13.0 	23.0 	127 	105 	10.2 	3.4 	13.5 	.257
43 	Steve Blake 	PG 	27 	POR 	81 	2424 	12.0 	.518 	.502 	.100 	.466 	1.5 	7.9 	4.7 	27.1 	1.2 	0.1 	14.5 	15.3 	109 	112 	2.5 	1.3 	3.8 	.075
44 	Andray Blatche 	PF 	21 	WAS 	82 	1675 	15.5 	.512 	.477 	.287 	.024 	11.2 	18.8 	14.9 	9.2 	1.7 	5.7 	15.6 	19.7 	103 	105 	0.8 	2.1 	3.0 	.085
45 	Mark Blount 	C 	32 	MIA 	69 	1542 	11.4 	.505 	.479 	.268 	.085 	5.3 	15.3 	10.2 	4.8 	1.1 	1.8 	10.8 	19.8 	97 	111 	-0.3 	1.0 	0.7 	.021
46 	Keith Bogans 	SG 	27 	ORL 	82 	2198 	10.9 	.559 	.536 	.187 	.696 	2.3 	11.3 	7.0 	7.1 	1.4 	0.3 	7.7 	14.4 	113 	107 	2.6 	2.3 	4.9 	.106
47 	Andrew Bogut 	C 	23 	MIL 	78 	2720 	17.5 	.532 	.511 	.354 	.008 	10.2 	23.4 	16.5 	12.4 	1.2 	3.9 	14.1 	20.2 	107 	109 	2.6 	2.3 	4.8 	.085
48 	Matt Bonner 	PF 	27 	SAS 	68 	853 	12.4 	.525 	.495 	.151 	.471 	7.4 	19.0 	13.3 	6.2 	0.9 	1.5 	11.2 	19.6 	104 	102 	0.5 	1.5 	2.0 	.110
49 	Josh Boone 	PF 	23 	NJN 	70 	1773 	14.8 	.543 	.548 	.500 	.000 	12.5 	20.8 	16.6 	5.3 	1.1 	2.7 	11.4 	15.4 	110 	108 	1.9 	1.8 	3.7 	.100
50 	Calvin Booth 	C 	31 	PHI 	31 	204 	7.1 	.382 	.333 	.370 	.000 	3.5 	18.8 	11.1 	5.4 	1.6 	7.0 	11.3 	7.8 	91 	102 	-0.1 	0.4 	0.3 	.065
51 	Carlos Boozer 	PF 	26 	UTA 	81 	2827 	21.9 	.581 	.547 	.303 	.001 	8.6 	27.7 	18.2 	14.2 	1.8 	1.2 	12.5 	26.6 	112 	103 	5.9 	4.3 	10.2 	.173
52 	Chris Bosh 	C 	23 	TOR 	67 	2425 	23.8 	.588 	.499 	.544 	.024 	8.4 	20.1 	14.2 	12.1 	1.4 	2.2 	10.7 	27.7 	117 	105 	7.0 	3.1 	10.1 	.200
53 	Bruce Bowen 	SF 	36 	SAS 	81 	2448 	7.0 	.527 	.512 	.161 	.502 	1.6 	9.6 	5.6 	5.5 	1.2 	0.7 	9.1 	9.9 	106 	105 	0.9 	3.4 	4.4 	.085
54 	Ryan Bowen 	SF 	32 	NOH 	53 	660 	9.9 	.505 	.490 	.290 	.010 	9.5 	8.2 	8.9 	5.2 	2.6 	1.3 	11.7 	9.0 	115 	106 	0.6 	0.8 	1.5 	.107
55 	Earl Boykins 	PG 	31 	CHA 	36 	577 	10.0 	.467 	.395 	.343 	.256 	1.8 	5.0 	3.4 	26.0 	1.2 	0.0 	17.2 	19.0 	97 	114 	-0.1 	0.1 	0.0 	.001
56 	Elton Brand 	PF 	28 	LAC 	8 	274 	18.0 	.523 	.456 	.412 	.000 	8.8 	18.2 	13.5 	11.2 	0.6 	4.1 	11.2 	25.5 	104 	108 	0.2 	0.3 	0.5 	.080
57 	Corey Brewer 	SF 	21 	MIN 	79 	1803 	8.3 	.429 	.382 	.226 	.074 	5.1 	13.9 	9.4 	9.1 	2.2 	1.1 	14.3 	15.6 	91 	110 	-1.4 	1.2 	-0.2 	-0.005
58 	Ronnie Brewer 	SG 	22 	UTA 	76 	2088 	18.4 	.612 	.567 	.405 	.079 	5.7 	7.0 	6.4 	9.7 	3.2 	0.7 	8.5 	17.5 	124 	106 	5.4 	2.4 	7.8 	.178
59 	Primoz Brezec 	C 	28 	TOT 	50 	475 	5.4 	.502 	.468 	.426 	.000 	7.3 	12.6 	10.0 	3.5 	0.3 	1.2 	17.7 	13.3 	95 	111 	-0.1 	0.3 	0.2 	.017
60 	Aaron Brooks 	PG 	23 	HOU 	51 	608 	13.1 	.535 	.493 	.218 	.484 	2.5 	7.9 	5.2 	23.5 	1.1 	0.6 	15.1 	21.8 	107 	106 	0.6 	0.8 	1.4 	.112
61 	Andre Brown 	PF 	26 	MEM 	33 	286 	13.5 	.502 	.500 	.628 	.000 	14.4 	21.8 	18.0 	4.4 	1.2 	1.0 	12.3 	17.7 	105 	110 	0.2 	0.2 	0.4 	.068
62 	Devin Brown 	SG 	29 	CLE 	78 	1762 	11.3 	.494 	.451 	.267 	.275 	4.1 	13.2 	8.5 	16.1 	1.6 	0.3 	14.3 	17.8 	102 	108 	0.6 	1.7 	2.4 	.064
63 	Kwame Brown 	C 	25 	TOT 	38 	713 	10.1 	.497 	.507 	.690 	.000 	8.1 	20.8 	14.7 	9.0 	1.6 	2.3 	21.6 	14.6 	94 	105 	-0.3 	1.0 	0.6 	.043
64 	P.J. Brown 	PF 	38 	BOS 	18 	209 	10.2 	.406 	.341 	.390 	.024 	17.6 	21.0 	19.4 	6.9 	1.3 	3.1 	17.2 	12.9 	100 	97 	0.0 	0.5 	0.5 	.116
65 	Shannon Brown 	SG 	22 	TOT 	21 	240 	6.3 	.411 	.385 	.230 	.238 	2.8 	6.9 	4.7 	12.8 	2.4 	1.0 	14.7 	30.7 	81 	107 	-0.8 	0.3 	-0.5 	-0.102
66 	Kobe Bryant 	SG 	29 	LAL 	82 	3192 	24.2 	.576 	.503 	.439 	.246 	3.4 	14.1 	9.0 	23.9 	2.4 	0.9 	11.3 	31.4 	115 	105 	9.5 	4.3 	13.8 	.208
67 	Greg Buckner 	SG 	31 	MIN 	31 	520 	7.2 	.489 	.449 	.188 	.427 	2.2 	12.7 	7.2 	10.8 	2.1 	0.3 	18.6 	13.5 	94 	111 	-0.2 	0.3 	0.1 	.008
68 	Caron Butler 	SF 	27 	WAS 	58 	2314 	20.7 	.558 	.501 	.278 	.196 	4.6 	15.4 	9.8 	21.9 	3.0 	0.7 	12.4 	24.0 	113 	107 	4.8 	2.4 	7.2 	.150
69 	Rasual Butler 	SF 	28 	NOH 	51 	875 	8.8 	.460 	.435 	.119 	.512 	2.1 	11.5 	6.7 	5.9 	0.9 	1.9 	3.5 	15.1 	103 	108 	0.3 	0.8 	1.2 	.063
70 	Andrew Bynum 	C 	20 	LAL 	35 	1008 	22.6 	.659 	.636 	.397 	.000 	12.1 	26.6 	19.6 	9.6 	0.6 	5.1 	13.0 	17.5 	127 	101 	3.0 	1.8 	4.8 	.230
71 	Jose Calderon 	PG 	26 	TOR 	82 	2484 	20.5 	.607 	.575 	.170 	.260 	1.6 	9.7 	5.6 	42.3 	1.9 	0.2 	14.2 	16.8 	127 	109 	8.1 	2.2 	10.2 	.197
72 	Marcus Camby 	C 	33 	DEN 	79 	2758 	17.2 	.498 	.455 	.318 	.031 	9.2 	31.1 	20.3 	12.9 	1.5 	7.3 	14.0 	13.0 	110 	98 	2.6 	5.9 	8.5 	.148
73 	Brian Cardinal 	PF 	30 	MEM 	37 	440 	7.3 	.461 	.440 	.151 	.643 	6.6 	18.0 	12.2 	7.4 	1.1 	0.3 	14.6 	15.9 	94 	112 	-0.2 	0.2 	0.0 	.003
74 	Rodney Carney 	SF 	23 	PHI 	70 	1039 	12.1 	.478 	.452 	.207 	.306 	5.7 	11.4 	8.5 	5.0 	2.0 	1.8 	7.4 	20.0 	103 	107 	0.4 	1.2 	1.6 	.075
75 	Matt Carroll 	SG 	27 	CHA 	80 	2016 	10.7 	.554 	.517 	.234 	.409 	1.9 	11.1 	6.4 	5.8 	1.2 	0.7 	8.2 	16.1 	110 	112 	1.9 	1.0 	3.0 	.071
76 	Anthony Carter 	PG 	32 	DEN 	70 	1960 	12.8 	.531 	.505 	.179 	.271 	1.5 	9.4 	5.5 	27.4 	2.6 	1.0 	19.5 	13.8 	108 	107 	1.6 	2.2 	3.8 	.092
77 	Vince Carter 	SG 	31 	NJN 	76 	2959 	18.8 	.550 	.494 	.333 	.212 	4.4 	13.4 	8.9 	25.2 	1.6 	0.9 	10.9 	25.6 	111 	110 	5.5 	2.2 	7.7 	.126
78 	Sam Cassell 	PG 	38 	TOT 	55 	1274 	15.4 	.517 	.460 	.271 	.143 	1.6 	10.8 	6.2 	31.5 	1.5 	0.4 	14.0 	25.1 	102 	109 	0.7 	1.1 	1.8 	.067
79 	Tyson Chandler 	C 	25 	NOH 	79 	2783 	17.5 	.632 	.623 	.488 	.002 	13.2 	26.1 	19.5 	4.4 	0.9 	2.4 	15.6 	14.5 	122 	104 	5.9 	4.1 	10.0 	.172
80 	Wilson Chandler 	SF 	20 	NYK 	35 	685 	11.7 	.480 	.457 	.223 	.124 	6.1 	15.3 	10.6 	8.1 	1.1 	1.8 	9.2 	19.2 	101 	111 	0.2 	0.4 	0.5 	.038
81 	Josh Childress 	SF 	24 	ATL 	76 	2274 	17.8 	.647 	.590 	.480 	.105 	9.0 	10.2 	9.6 	8.5 	1.6 	1.4 	12.4 	15.8 	127 	110 	6.0 	1.5 	7.6 	.160
82 	Jarron Collins 	C 	29 	UTA 	70 	702 	6.1 	.515 	.439 	.902 	.012 	7.0 	13.1 	10.1 	6.8 	0.7 	0.7 	16.1 	8.7 	111 	110 	0.5 	0.5 	1.0 	.070
83 	Jason Collins 	C 	29 	TOT 	74 	1172 	3.4 	.481 	.469 	.655 	.009 	6.2 	11.1 	8.7 	3.1 	1.0 	1.6 	24.8 	7.4 	91 	112 	-0.5 	0.6 	0.1 	.005
84 	Mardy Collins 	SG 	23 	NYK 	46 	634 	5.9 	.378 	.349 	.217 	.183 	3.3 	10.4 	6.7 	21.4 	2.0 	1.0 	22.6 	17.5 	80 	112 	-1.4 	0.3 	-1.0 	-0.079
85 	Nick Collison 	PF 	27 	SEA 	78 	2223 	15.0 	.537 	.502 	.261 	.003 	12.5 	23.3 	17.9 	7.9 	1.1 	1.9 	14.2 	16.2 	109 	107 	2.2 	2.3 	4.5 	.098
86 	Mike Conley 	PG 	20 	MEM 	53 	1381 	12.6 	.502 	.462 	.278 	.206 	1.7 	9.7 	5.6 	25.3 	1.6 	0.1 	15.2 	18.8 	103 	113 	0.6 	0.5 	1.1 	.038
87 	Brian Cook 	PF 	27 	TOT 	51 	629 	8.6 	.489 	.468 	.090 	.491 	5.3 	14.2 	10.0 	6.8 	1.1 	1.4 	13.8 	20.5 	94 	106 	-0.4 	0.7 	0.4 	.029
88 	Daequan Cook 	SG 	20 	MIA 	59 	1441 	7.9 	.480 	.458 	.111 	.463 	1.6 	13.3 	7.4 	9.1 	0.8 	0.5 	10.5 	19.8 	93 	113 	-1.0 	0.6 	-0.4 	-0.013
89 	Jamal Crawford 	SG 	27 	NYK 	80 	3190 	16.0 	.528 	.473 	.274 	.355 	1.3 	6.3 	3.7 	22.0 	1.3 	0.4 	11.0 	24.6 	109 	115 	4.6 	0.4 	5.0 	.076
90 	Javaris Crittenton 	SG 	20 	TOT 	50 	679 	11.0 	.499 	.442 	.446 	.159 	4.5 	13.7 	9.1 	11.7 	1.4 	0.2 	16.5 	21.8 	95 	111 	-0.3 	0.4 	0.1 	.004
91 	Austin Croshere 	PF 	32 	GSW 	44 	457 	13.2 	.573 	.526 	.234 	.445 	7.4 	17.3 	12.2 	9.0 	0.9 	1.0 	12.7 	16.0 	116 	111 	0.8 	0.3 	1.1 	.112
92 	Eddy Curry 	C 	25 	NYK 	59 	1530 	15.0 	.578 	.546 	.551 	.000 	8.0 	12.6 	10.2 	3.8 	0.5 	1.5 	15.7 	23.5 	105 	114 	1.3 	0.4 	1.7 	.053
93 	Samuel Dalembert 	C 	26 	PHI 	82 	2724 	15.6 	.556 	.513 	.398 	.002 	13.1 	24.0 	18.5 	2.5 	0.8 	5.6 	16.6 	15.4 	109 	103 	2.6 	4.3 	6.9 	.121
94 	Erick Dampier 	C 	32 	DAL 	72 	1755 	15.3 	.645 	.643 	.527 	.000 	14.1 	21.2 	17.8 	5.4 	0.7 	4.4 	19.0 	11.2 	123 	103 	3.3 	2.8 	6.0 	.165
95 	Antonio Daniels 	PG 	32 	WAS 	71 	2161 	13.7 	.549 	.478 	.490 	.166 	1.2 	10.0 	5.5 	24.0 	1.7 	0.1 	14.3 	13.5 	117 	112 	3.5 	1.0 	4.5 	.099
96 	Marquis Daniels 	SG 	27 	IND 	74 	1546 	11.6 	.487 	.454 	.248 	.182 	4.6 	10.5 	7.5 	14.1 	2.5 	0.9 	15.3 	20.6 	95 	107 	-0.7 	1.6 	0.9 	.028
97 	Jermareo Davidson 	SF 	23 	CHA 	38 	322 	9.8 	.437 	.408 	.224 	.000 	7.5 	14.7 	11.1 	6.9 	1.1 	3.5 	11.0 	21.9 	90 	109 	-0.4 	0.3 	-0.1 	-0.012
98 	Baron Davis 	PG 	28 	GSW 	82 	3196 	19.8 	.523 	.483 	.278 	.344 	3.1 	10.1 	6.4 	29.7 	2.9 	1.0 	11.9 	25.6 	111 	109 	5.9 	2.8 	8.7 	.131
99 	Glen Davis 	C 	22 	BOS 	69 	940 	11.3 	.545 	.484 	.679 	.000 	12.8 	13.5 	13.2 	4.6 	1.7 	1.7 	18.5 	17.4 	105 	99 	0.6 	1.9 	2.5 	.128
100 	Paul Davis 	PF 	23 	LAC 	22 	194 	9.0 	.389 	.369 	.154 	.000 	14.8 	13.2 	14.0 	8.8 	1.6 	2.3 	11.5 	18.6 	90 	108 	-0.2 	0.2 	0.0 	-0.007
101 	Ricky Davis 	SF 	28 	MIA 	82 	2963 	12.0 	.534 	.502 	.203 	.343 	2.2 	12.2 	7.1 	16.4 	1.6 	0.4 	15.3 	20.0 	100 	112 	0.3 	1.6 	1.9 	.030
102 	Carlos Delfino 	SG 	25 	TOR 	82 	1928 	13.6 	.527 	.492 	.247 	.497 	4.0 	18.1 	11.0 	11.3 	1.9 	0.5 	9.7 	19.0 	107 	106 	1.7 	2.3 	4.0 	.100
103 	Luol Deng 	SF 	22 	CHI 	63 	2128 	17.0 	.528 	.483 	.296 	.025 	7.0 	14.2 	10.4 	13.2 	1.4 	1.1 	10.6 	23.6 	107 	109 	2.4 	1.9 	4.4 	.098
104 	Boris Diaw 	PF 	25 	PHO 	82 	2308 	12.0 	.516 	.487 	.200 	.063 	5.2 	12.7 	9.3 	19.0 	1.3 	1.1 	18.1 	16.6 	103 	109 	1.1 	1.9 	3.0 	.063
105 	Yakhouba Diawara 	SG 	25 	DEN 	54 	542 	8.1 	.518 	.489 	.231 	.493 	4.7 	7.6 	6.2 	9.3 	0.7 	0.4 	9.8 	12.8 	110 	112 	0.5 	0.3 	0.7 	.065
106 	Guillermo Diaz 	SG 	22 	LAC 	6 	18 	9.9 	.403 	.250 	1.250 	.250 	12.7 	0.0 	6.4 	8.5 	0.0 	0.0 	0.0 	15.9 	108 	118 	0.0 	0.0 	0.0 	.033
107 	Dan Dickau 	PG 	29 	LAC 	67 	1040 	12.5 	.530 	.480 	.277 	.365 	1.4 	9.4 	5.4 	27.9 	1.6 	0.2 	14.2 	17.2 	107 	111 	0.9 	0.6 	1.5 	.071
108 	Kaniel Dickens 	PF 	29 	CLE 	5 	12 	6.6 	.333 	.333 	.000 	.000 	0.0 	9.8 	4.7 	12.7 	0.0 	6.6 	0.0 	11.3 	90 	107 	0.0 	0.0 	0.0 	.023
109 	Travis Diener 	PG 	25 	IND 	66 	1356 	12.2 	.494 	.456 	.165 	.542 	2.0 	7.3 	4.6 	27.7 	1.3 	0.2 	10.7 	16.5 	111 	111 	1.7 	0.8 	2.5 	.088
110 	Ike Diogu 	PF 	24 	IND 	30 	305 	17.2 	.543 	.478 	.351 	.000 	13.3 	17.1 	15.2 	5.7 	1.1 	0.7 	11.4 	24.8 	109 	108 	0.4 	0.3 	0.7 	.115
111 	DeSagana Diop 	C 	26 	TOT 	79 	1295 	12.5 	.536 	.522 	.389 	.000 	14.6 	20.3 	17.5 	4.6 	1.1 	5.1 	21.6 	9.6 	111 	103 	1.0 	2.0 	3.0 	.113
112 	Juan Dixon 	PG 	29 	TOT 	53 	668 	11.3 	.488 	.469 	.101 	.279 	2.7 	10.7 	6.7 	23.3 	1.7 	0.2 	16.7 	22.8 	95 	108 	-0.3 	0.7 	0.4 	.026
113 	Michael Doleac 	C 	30 	MIN 	24 	257 	7.5 	.446 	.444 	.032 	.000 	7.0 	15.4 	11.1 	4.1 	2.0 	3.1 	15.8 	13.3 	89 	109 	-0.2 	0.2 	0.0 	.005
114 	Keyon Dooling 	PG 	27 	ORL 	72 	1334 	14.1 	.572 	.494 	.456 	.154 	0.6 	7.8 	4.4 	16.0 	1.4 	0.3 	10.7 	19.6 	115 	108 	2.4 	1.2 	3.7 	.132
115 	Quincy Douby 	PG 	23 	SAC 	74 	876 	9.7 	.495 	.457 	.155 	.364 	2.3 	8.7 	5.6 	9.8 	1.7 	1.1 	14.2 	21.3 	95 	112 	-0.5 	0.5 	0.0 	.000
116 	Jared Dudley 	PF 	22 	CHA 	73 	1384 	13.6 	.528 	.481 	.339 	.118 	10.0 	13.8 	11.9 	9.3 	2.1 	0.5 	11.1 	14.9 	112 	109 	1.8 	1.1 	2.9 	.100
117 	Chris Duhon 	PG 	25 	CHI 	66 	1490 	11.1 	.508 	.465 	.233 	.451 	1.4 	7.6 	4.4 	26.5 	1.7 	0.1 	15.8 	13.4 	109 	111 	1.3 	1.0 	2.3 	.075
118 	Tim Duncan 	C 	31 	SAS 	78 	2651 	24.4 	.546 	.497 	.393 	.003 	10.7 	28.3 	19.6 	15.7 	1.1 	4.3 	11.4 	28.2 	110 	97 	4.9 	6.2 	11.1 	.201
119 	Mike Dunleavy 	SG 	27 	IND 	82 	2953 	17.3 	.605 	.550 	.361 	.348 	2.1 	13.7 	7.8 	16.1 	1.4 	0.8 	12.8 	21.8 	115 	109 	5.9 	2.6 	8.5 	.138
120 	Ronald Dupree 	SF 	27 	TOT 	5 	21 	15.0 	.515 	.333 	.667 	.000 	5.2 	36.2 	20.8 	6.5 	2.4 	0.0 	0.0 	8.0 	131 	102 	0.0 	0.0 	0.1 	.159
121 	Kevin Durant 	SG 	19 	SEA 	80 	2768 	15.8 	.519 	.451 	.328 	.150 	2.8 	10.9 	6.9 	12.0 	1.4 	1.9 	12.9 	28.1 	100 	110 	0.4 	1.9 	2.3 	.040
122 	Monta Ellis 	SG 	22 	GSW 	81 	3071 	19.0 	.580 	.536 	.340 	.042 	4.5 	9.8 	7.0 	15.8 	2.0 	0.6 	10.9 	21.7 	117 	111 	7.1 	1.8 	9.0 	.140
123 	Francisco Elson 	C 	31 	TOT 	63 	813 	6.9 	.416 	.390 	.157 	.004 	7.1 	21.0 	14.2 	4.6 	1.0 	1.8 	15.7 	17.0 	83 	104 	-1.3 	1.2 	0.0 	-0.001
124 	Melvin Ely 	C 	29 	NOH 	52 	621 	9.0 	.491 	.472 	.322 	.000 	5.1 	22.6 	13.6 	5.4 	0.6 	2.3 	17.0 	18.5 	91 	105 	-0.5 	0.8 	0.3 	.022
125 	Maurice Evans 	SG 	29 	TOT 	75 	1720 	13.9 	.571 	.555 	.152 	.383 	6.4 	8.1 	7.3 	7.5 	1.4 	0.4 	6.4 	16.5 	118 	108 	3.2 	1.6 	4.9 	.135
126 	Reggie Evans 	PF 	27 	PHI 	81 	1879 	11.0 	.463 	.441 	.743 	.003 	14.0 	24.7 	19.3 	5.0 	2.4 	0.3 	19.0 	13.6 	97 	103 	-0.3 	3.0 	2.7 	.068
127 	Jordan Farmar 	PG 	21 	LAL 	82 	1690 	15.4 	.563 	.552 	.124 	.487 	2.7 	9.1 	6.0 	20.5 	2.3 	0.2 	14.0 	20.2 	109 	107 	2.1 	1.8 	3.9 	.111
128 	Nick Fazekas 	PF 	22 	TOT 	26 	269 	19.6 	.584 	.561 	.268 	.024 	14.5 	23.7 	19.1 	7.5 	1.6 	3.1 	12.4 	18.0 	115 	105 	0.5 	0.4 	0.8 	.148
129 	Raymond Felton 	PG 	23 	CHA 	79 	2972 	13.8 	.500 	.441 	.326 	.201 	1.4 	7.7 	4.6 	32.4 	1.7 	0.3 	15.7 	20.8 	104 	112 	2.0 	1.4 	3.4 	.054
130 	Kyrylo Fesenko 	C 	21 	UTA 	9 	70 	4.0 	.394 	.375 	.250 	.000 	24.6 	19.0 	21.8 	3.8 	0.0 	3.5 	31.1 	16.5 	84 	107 	-0.1 	0.1 	0.0 	-0.031
131 	Michael Finley 	SG 	34 	SAS 	82 	2204 	11.4 	.519 	.501 	.105 	.469 	1.5 	12.0 	6.8 	8.6 	0.7 	0.3 	6.6 	18.5 	105 	105 	1.3 	2.9 	4.2 	.091
132 	Derek Fisher 	PG 	33 	LAL 	82 	2249 	13.8 	.556 	.508 	.242 	.355 	1.2 	6.9 	4.2 	15.9 	1.9 	0.1 	9.5 	18.6 	114 	109 	3.7 	2.0 	5.7 	.121
133 	T.J. Ford 	PG 	24 	TOR 	51 	1199 	20.3 	.533 	.484 	.239 	.097 	2.3 	7.7 	4.9 	44.4 	2.4 	0.0 	15.0 	26.8 	109 	108 	2.1 	1.1 	3.3 	.130
134 	Jeff Foster 	C 	31 	IND 	77 	1884 	15.7 	.568 	.550 	.389 	.008 	14.9 	23.8 	19.3 	10.1 	1.5 	1.3 	12.4 	11.5 	126 	105 	4.0 	2.4 	6.5 	.165
135 	Randy Foye 	PG 	24 	MIN 	39 	1259 	12.7 	.520 	.495 	.141 	.320 	1.2 	10.9 	5.9 	20.9 	1.5 	0.2 	13.9 	20.4 	103 	113 	0.7 	0.4 	1.1 	.042
136 	Adonal Foyle 	C 	32 	ORL 	82 	774 	9.9 	.464 	.458 	.222 	.000 	11.0 	19.6 	15.5 	3.4 	1.1 	4.2 	16.0 	11.8 	99 	102 	0.0 	1.3 	1.3 	.080
137 	Richie Frahm 	SG 	30 	LAC 	10 	163 	5.5 	.428 	.435 	.037 	.463 	2.8 	7.1 	5.0 	8.3 	0.6 	0.0 	9.9 	17.2 	85 	114 	-0.2 	0.0 	-0.2 	-0.054
138 	Steve Francis 	PG 	30 	HOU 	10 	199 	9.1 	.410 	.368 	.404 	.298 	4.6 	8.4 	6.5 	22.7 	2.4 	1.8 	17.3 	18.6 	91 	102 	-0.2 	0.3 	0.2 	.039
139 	Channing Frye 	C 	24 	POR 	78 	1342 	14.8 	.529 	.491 	.241 	.022 	9.4 	21.6 	15.5 	7.4 	1.2 	1.6 	9.9 	19.6 	109 	106 	1.6 	1.6 	3.2 	.114
140 	Dan Gadzuric 	C 	29 	MIL 	51 	534 	10.7 	.443 	.416 	.409 	.006 	14.2 	17.7 	15.9 	3.2 	2.0 	3.5 	15.8 	18.2 	93 	109 	-0.4 	0.4 	0.1 	.006
141 	Jorge Garbajosa 	PF 	30 	TOR 	7 	74 	10.4 	.440 	.440 	.000 	.640 	3.2 	20.9 	12.0 	5.9 	2.2 	0.0 	3.8 	16.6 	95 	105 	0.0 	0.1 	0.1 	.047
142 	Francisco Garcia 	SF 	26 	SAC 	79 	2096 	15.1 	.576 	.538 	.277 	.384 	3.0 	11.7 	7.4 	10.2 	2.3 	1.8 	13.2 	20.7 	108 	109 	2.4 	1.8 	4.2 	.097
143 	Thomas Gardner 	SG 	22 	CHI 	4 	45 	4.4 	.440 	.457 	.087 	.522 	7.3 	2.6 	5.0 	4.0 	0.0 	0.0 	14.3 	27.4 	81 	116 	-0.1 	0.0 	-0.1 	-0.128
144 	Kevin Garnett 	PF 	31 	BOS 	71 	2328 	25.3 	.588 	.539 	.339 	.011 	7.3 	25.1 	16.8 	19.9 	2.3 	3.1 	10.8 	25.5 	118 	94 	6.6 	6.2 	12.9 	.265
145 	Pat Garrity 	PF 	31 	ORL 	31 	284 	3.2 	.401 	.388 	.063 	.463 	3.8 	13.6 	8.9 	6.8 	1.1 	0.3 	17.1 	16.0 	79 	107 	-0.5 	0.3 	-0.2 	-0.038
146 	Pau Gasol 	C 	27 	TOT 	66 	2351 	21.6 	.594 	.536 	.407 	.018 	7.4 	18.7 	13.1 	15.2 	0.6 	3.0 	10.6 	22.1 	119 	109 	6.4 	2.1 	8.4 	.172
147 	Rudy Gay 	SF 	21 	MEM 	81 	3000 	17.4 	.546 	.511 	.233 	.286 	5.2 	13.5 	9.3 	9.3 	1.9 	1.9 	11.3 	25.0 	106 	110 	2.9 	2.1 	5.0 	.080
148 	Mickael Gelabale 	SG 	24 	SEA 	39 	465 	10.5 	.509 	.490 	.115 	.236 	3.8 	9.8 	6.8 	11.1 	1.1 	1.4 	14.1 	17.9 	98 	112 	0.0 	0.2 	0.2 	.021
149 	Devean George 	SF 	30 	DAL 	53 	821 	7.0 	.437 	.411 	.164 	.329 	4.1 	14.9 	9.6 	6.3 	1.2 	1.2 	9.8 	14.0 	94 	106 	-0.3 	1.0 	0.7 	.039
150 	Daniel Gibson 	PG 	21 	CLE 	58 	1765 	11.7 	.592 	.559 	.226 	.576 	1.9 	6.9 	4.3 	13.1 	1.4 	0.6 	12.9 	15.1 	116 	110 	2.7 	1.4 	4.1 	.111
151 	Eddie Gill 	PG 	29 	TOT 	14 	154 	10.9 	.543 	.468 	.290 	.484 	0.8 	15.8 	8.3 	22.1 	2.4 	1.0 	20.5 	13.0 	105 	107 	0.1 	0.2 	0.2 	.077
152 	Manu Ginobili 	SG 	30 	SAS 	74 	2299 	24.3 	.612 	.540 	.449 	.395 	3.3 	14.7 	9.1 	26.4 	2.6 	1.1 	14.5 	28.7 	116 	100 	6.6 	4.5 	11.1 	.232
153 	Gordan Giricek 	SG 	30 	TOT 	56 	831 	9.8 	.518 	.500 	.086 	.328 	2.4 	10.8 	6.7 	11.0 	1.5 	0.4 	14.2 	19.7 	98 	110 	-0.1 	0.6 	0.5 	.029
154 	Ryan Gomes 	PF 	25 	MIN 	82 	2434 	15.7 	.539 	.492 	.267 	.209 	6.1 	16.8 	11.3 	9.6 	1.4 	0.3 	9.1 	19.5 	112 	112 	3.6 	1.2 	4.8 	.096
155 	Drew Gooden 	PF 	26 	TOT 	69 	2122 	13.8 	.495 	.449 	.291 	.008 	9.1 	23.0 	15.8 	6.5 	1.2 	2.0 	12.8 	20.3 	101 	105 	0.5 	2.8 	3.3 	.074
156 	Ben Gordon 	SG 	24 	CHI 	72 	2291 	16.4 	.558 	.500 	.274 	.324 	1.9 	9.2 	5.4 	16.9 	1.2 	0.3 	11.1 	26.0 	110 	111 	3.6 	1.4 	5.1 	.106
157 	Marcin Gortat 	C 	23 	ORL 	6 	41 	19.8 	.491 	.471 	.176 	.000 	23.5 	21.6 	22.5 	8.4 	1.3 	1.8 	9.8 	22.7 	111 	103 	0.1 	0.1 	0.1 	.158
158 	Joey Graham 	SF 	25 	TOR 	38 	331 	10.3 	.520 	.442 	.398 	.027 	6.4 	17.7 	12.0 	7.0 	0.5 	0.0 	14.8 	22.2 	99 	110 	0.0 	0.3 	0.3 	.040
159 	Stephen Graham 	SF 	25 	IND 	22 	128 	21.9 	.669 	.647 	.276 	.241 	3.3 	15.6 	9.3 	13.5 	1.5 	0.6 	13.3 	25.4 	117 	108 	0.3 	0.1 	0.4 	.167
160 	Danny Granger 	SF 	24 	IND 	80 	2876 	16.7 	.571 	.517 	.314 	.351 	3.4 	15.2 	9.2 	9.6 	1.6 	2.2 	11.1 	23.2 	110 	107 	4.1 	3.2 	7.3 	.122
161 	Aaron Gray 	C 	23 	CHI 	61 	613 	13.9 	.529 	.505 	.485 	.005 	12.5 	18.7 	15.5 	11.4 	1.8 	2.0 	18.7 	22.0 	100 	105 	0.1 	0.8 	0.8 	.066
162 	Gerald Green 	SF 	22 	TOT 	30 	362 	8.7 	.453 	.394 	.272 	.258 	4.1 	16.9 	10.2 	12.5 	1.2 	0.9 	15.9 	25.1 	89 	112 	-0.5 	0.2 	-0.4 	-0.048
163 	Jeff Green 	SF 	21 	SEA 	80 	2253 	9.8 	.491 	.441 	.318 	.101 	4.9 	13.4 	9.2 	8.2 	1.0 	1.6 	15.6 	19.4 	94 	111 	-1.3 	1.5 	0.2 	.003
164 	Taurean Green 	SG-PG 	21 	TOT 	17 	74 	7.0 	.446 	.320 	.480 	.440 	0.0 	14.9 	7.6 	22.3 	1.4 	0.0 	22.9 	24.3 	84 	109 	-0.2 	0.1 	-0.1 	-0.066
165 	Willie Green 	SG 	26 	PHI 	74 	1970 	12.8 	.492 	.465 	.170 	.206 	1.9 	9.1 	5.5 	13.2 	1.5 	0.9 	10.4 	23.9 	101 	109 	0.4 	1.6 	2.1 	.050
166 	Orien Greene 	SG 	25 	SAC 	7 	61 	-3.3 	.273 	.273 	.000 	.091 	0.0 	11.4 	5.8 	6.8 	2.5 	1.3 	38.9 	13.2 	42 	109 	-0.3 	0.1 	-0.2 	-0.180
167 	Adrian Griffin 	SG-SF 	33 	TOT 	35 	307 	8.7 	.406 	.395 	.118 	.000 	10.0 	11.4 	10.7 	13.4 	2.8 	0.5 	20.8 	14.5 	88 	107 	-0.3 	0.3 	0.0 	.001
168 	Richard Hamilton 	SG 	29 	DET 	72 	2424 	18.2 	.552 	.515 	.215 	.137 	3.7 	7.9 	5.8 	22.3 	1.7 	0.3 	10.5 	24.5 	113 	106 	4.8 	2.9 	7.7 	.152
169 	Anfernee Hardaway 	SF 	36 	MIA 	16 	325 	9.0 	.469 	.433 	.150 	.317 	1.1 	12.0 	6.5 	16.8 	3.1 	0.2 	16.9 	11.2 	97 	108 	-0.1 	0.3 	0.2 	.036
170 	Matt Harpring 	SF 	31 	UTA 	76 	1374 	14.1 	.551 	.502 	.432 	.021 	8.6 	12.7 	10.7 	9.0 	1.7 	0.8 	14.4 	21.5 	107 	108 	1.4 	1.4 	2.8 	.096
171 	Al Harrington 	C 	27 	GSW 	81 	2190 	15.6 	.547 	.517 	.206 	.442 	5.0 	16.9 	10.7 	8.9 	1.6 	0.5 	8.2 	21.1 	113 	110 	3.7 	1.7 	5.4 	.118
172 	Othella Harrington 	C 	34 	CHA 	22 	166 	5.8 	.469 	.429 	.381 	.000 	7.6 	21.6 	14.5 	3.8 	0.3 	1.8 	18.3 	16.6 	89 	109 	-0.2 	0.1 	0.0 	-0.010
173 	Devin Harris 	PG 	24 	TOT 	64 	2022 	17.5 	.573 	.504 	.434 	.241 	1.6 	8.2 	5.0 	31.1 	2.4 	0.4 	16.3 	22.6 	112 	108 	3.6 	1.9 	5.6 	.132
174 	Mike Harris 	PF 	24 	HOU 	17 	159 	17.1 	.519 	.500 	.241 	.037 	17.3 	21.0 	19.2 	3.2 	2.0 	1.4 	13.1 	19.7 	107 	99 	0.1 	0.3 	0.5 	.143
175 	David Harrison 	C 	25 	IND 	55 	702 	8.6 	.539 	.529 	.565 	.000 	6.5 	11.9 	9.1 	3.0 	1.4 	6.3 	21.5 	16.7 	92 	105 	-0.5 	0.9 	0.4 	.030
176 	Jason Hart 	PG 	29 	UTA 	57 	606 	8.0 	.413 	.353 	.250 	.172 	1.0 	10.0 	5.5 	19.3 	2.5 	0.4 	12.3 	16.8 	95 	107 	-0.2 	0.7 	0.4 	.033
177 	Udonis Haslem 	PF 	27 	MIA 	49 	1805 	12.7 	.517 	.467 	.280 	.000 	7.0 	22.7 	14.7 	6.5 	1.1 	0.8 	10.5 	16.7 	104 	109 	1.0 	1.5 	2.5 	.067
178 	Trenton Hassell 	SG 	28 	TOT 	63 	773 	4.2 	.441 	.430 	.074 	.067 	3.0 	9.3 	6.2 	7.9 	0.9 	0.3 	13.6 	9.7 	93 	111 	-0.2 	0.5 	0.2 	.015
179 	Spencer Hawes 	C 	19 	SAC 	71 	931 	11.6 	.486 	.465 	.182 	.066 	8.8 	20.1 	14.6 	7.7 	0.8 	3.3 	14.0 	19.2 	97 	109 	-0.2 	0.8 	0.6 	.033
180 	Chuck Hayes 	PF 	24 	HOU 	79 	1575 	11.2 	.512 	.511 	.109 	.014 	9.6 	20.8 	15.3 	8.4 	2.9 	2.0 	21.1 	8.5 	107 	97 	0.8 	3.7 	4.4 	.136
181 	Jarvis Hayes 	SF 	26 	DET 	82 	1287 	13.0 	.520 	.503 	.119 	.385 	3.2 	13.3 	8.3 	8.1 	2.0 	0.4 	8.1 	21.1 	105 	104 	1.0 	1.9 	2.9 	.108
182 	Brendan Haywood 	C 	28 	WAS 	80 	2228 	18.3 	.582 	.528 	.491 	.000 	14.0 	16.4 	15.2 	5.2 	0.7 	5.0 	12.9 	17.3 	119 	109 	4.9 	1.9 	6.8 	.146
183 	Luther Head 	SG 	25 	HOU 	73 	1379 	13.6 	.543 	.515 	.170 	.472 	1.5 	9.4 	5.5 	16.4 	1.7 	0.5 	12.0 	19.3 	108 	104 	1.5 	2.0 	3.5 	.121
184 	Walter Herrmann 	PF 	28 	TOT 	45 	373 	13.2 	.494 	.458 	.174 	.444 	6.9 	16.1 	11.5 	8.0 	1.0 	0.2 	7.2 	20.8 	106 	108 	0.3 	0.4 	0.7 	.086
185 	Nene Hilario 	PF 	25 	DEN 	16 	266 	11.1 	.459 	.408 	.690 	.014 	12.4 	22.8 	17.7 	7.8 	1.6 	3.7 	18.5 	18.1 	94 	103 	-0.1 	0.4 	0.3 	.052
186 	Grant Hill 	SF 	35 	PHO 	70 	2222 	15.7 	.576 	.526 	.275 	.146 	4.1 	13.1 	9.0 	13.1 	1.5 	1.6 	10.7 	18.0 	115 	108 	3.8 	2.1 	5.9 	.127
187 	Kirk Hinrich 	PG 	27 	CHI 	75 	2380 	13.1 	.501 	.467 	.178 	.301 	1.3 	10.6 	5.8 	30.9 	1.9 	0.6 	15.4 	18.9 	104 	109 	1.5 	2.1 	3.6 	.072
188 	Ryan Hollins 	PF 	23 	CHA 	60 	532 	11.4 	.565 	.489 	.872 	.000 	11.4 	11.7 	11.6 	4.0 	1.0 	4.3 	16.1 	13.3 	113 	109 	0.6 	0.4 	1.1 	.096
189 	Al Horford 	C 	21 	ATL 	81 	2540 	14.7 	.539 	.499 	.317 	.007 	11.4 	24.5 	18.0 	7.9 	1.2 	2.2 	15.3 	16.0 	108 	106 	2.4 	3.0 	5.5 	.103
190 	Robert Horry 	PF 	37 	SAS 	45 	583 	9.6 	.426 	.395 	.235 	.588 	7.2 	14.8 	11.0 	11.9 	1.9 	2.5 	14.3 	12.6 	98 	100 	-0.1 	1.1 	1.1 	.088
191 	Eddie House 	PG 	29 	BOS 	78 	1480 	13.0 	.534 	.519 	.068 	.561 	1.6 	11.2 	6.7 	16.9 	2.1 	0.6 	12.2 	19.6 	105 	100 	1.1 	2.8 	3.9 	.127
192 	Dwight Howard 	C 	22 	ORL 	82 	3088 	22.9 	.619 	.599 	.921 	.004 	10.9 	31.6 	21.7 	6.1 	1.2 	4.2 	16.1 	24.2 	113 	99 	6.4 	6.4 	12.9 	.200
193 	Josh Howard 	SF 	27 	DAL 	76 	2757 	18.3 	.534 	.482 	.308 	.168 	5.2 	16.7 	11.2 	10.6 	1.1 	0.9 	7.5 	25.9 	111 	106 	4.8 	3.2 	8.0 	.140
194 	Juwan Howard 	PF 	34 	DAL 	50 	353 	4.1 	.406 	.359 	.219 	.000 	7.1 	19.0 	13.3 	6.9 	0.8 	0.4 	19.5 	11.5 	88 	107 	-0.3 	0.4 	0.1 	.016
195 	Troy Hudson 	PG 	31 	GSW 	9 	93 	5.2 	.416 	.355 	.194 	.387 	0.0 	8.4 	4.0 	12.7 	1.6 	0.0 	17.2 	18.4 	83 	113 	-0.2 	0.0 	-0.1 	-0.062
196 	Larry Hughes 	PG-SG 	29 	TOT 	68 	2020 	11.9 	.468 	.423 	.235 	.242 	2.1 	11.1 	6.5 	15.1 	2.6 	0.7 	11.6 	22.2 	97 	107 	-0.5 	2.3 	1.8 	.042
197 	Kris Humphries 	PF 	22 	TOR 	70 	925 	15.7 	.512 	.483 	.372 	.006 	11.4 	21.8 	16.6 	4.9 	1.4 	2.5 	10.8 	22.1 	103 	105 	0.6 	1.3 	1.8 	.096
198 	Lindsey Hunter 	PG 	37 	DET 	24 	215 	8.8 	.427 	.398 	.141 	.406 	2.2 	5.0 	3.6 	23.3 	3.3 	0.7 	16.1 	17.7 	94 	103 	-0.1 	0.3 	0.2 	.048
199 	Steven Hunter 	C 	26 	DEN 	19 	120 	8.6 	.530 	.536 	.714 	.000 	9.2 	16.8 	13.1 	0.0 	0.0 	3.5 	16.0 	15.5 	98 	108 	0.0 	0.1 	0.1 	.043
200 	Andre Iguodala 	SF 	24 	PHI 	82 	3242 	19.0 	.543 	.495 	.396 	.240 	3.1 	13.4 	8.2 	20.3 	2.8 	1.2 	12.5 	23.8 	110 	105 	5.3 	4.4 	9.6 	.143
201 	Zydrunas Ilgauskas 	C 	32 	CLE 	73 	2222 	18.7 	.522 	.474 	.276 	.001 	13.1 	22.2 	17.5 	8.5 	0.8 	4.3 	12.0 	22.9 	108 	104 	2.9 	3.2 	6.1 	.131
202 	Didier Ilunga-Mbenga 	C 	27 	TOT 	42 	326 	9.4 	.465 	.464 	.143 	.000 	9.4 	14.7 	12.1 	4.3 	1.1 	5.8 	11.8 	13.5 	100 	105 	0.0 	0.4 	0.4 	.066
203 	Allen Iverson 	SG 	32 	DEN 	82 	3424 	20.9 	.567 	.488 	.512 	.177 	1.5 	6.1 	3.8 	27.4 	2.2 	0.2 	11.4 	26.7 	115 	109 	8.9 	2.8 	11.6 	.163
204 	Royal Ivey 	PG 	26 	MIL 	75 	1437 	8.8 	.487 	.440 	.310 	.283 	3.0 	6.8 	4.8 	16.9 	1.6 	0.4 	14.9 	15.8 	102 	115 	0.4 	0.2 	0.5 	.018
205 	Jarrett Jack 	SG 	24 	POR 	82 	2229 	13.0 	.558 	.483 	.400 	.306 	1.6 	10.7 	6.2 	22.7 	1.5 	0.0 	19.6 	19.3 	105 	110 	1.6 	1.5 	3.2 	.069
206 	Bobby Jackson 	SG-PG 	34 	TOT 	72 	1389 	13.5 	.510 	.483 	.160 	.447 	2.7 	12.4 	7.5 	15.9 	1.7 	0.3 	9.8 	20.0 	107 	106 	1.3 	1.7 	3.0 	.105
207 	Luke Jackson 	SF 	26 	MIA 	14 	228 	9.1 	.438 	.394 	.288 	.375 	3.6 	13.9 	8.7 	12.6 	1.9 	0.0 	9.1 	20.6 	93 	111 	-0.2 	0.2 	0.0 	-0.004
208 	Stephen Jackson 	SF 	29 	GSW 	73 	2855 	14.9 	.536 	.481 	.307 	.416 	2.4 	9.8 	6.0 	15.2 	1.6 	0.7 	12.6 	23.1 	107 	112 	3.2 	1.4 	4.6 	.077
209 	Casey Jacobsen 	SG 	26 	MEM 	53 	547 	4.5 	.437 	.409 	.148 	.626 	2.4 	11.0 	6.7 	5.2 	0.5 	0.1 	11.6 	11.3 	91 	115 	-0.3 	0.0 	-0.3 	-0.023
210 	Jerome James 	C 	32 	NYK 	2 	5 	45.3 	1.064 	1.000 	2.000 	.000 	0.0 	70.6 	34.2 	0.0 	0.0 	0.0 	0.0 	16.9 	228 	100 	0.1 	0.0 	0.1 	.613
211 	LeBron James 	SF 	23 	CLE 	75 	3027 	29.1 	.568 	.518 	.470 	.219 	4.9 	17.8 	11.1 	37.3 	2.4 	2.1 	11.4 	33.5 	116 	104 	10.7 	4.6 	15.2 	.242
212 	Mike James 	PG 	32 	TOT 	54 	720 	8.6 	.437 	.402 	.166 	.334 	2.2 	8.7 	5.5 	13.4 	1.6 	0.2 	10.4 	22.1 	93 	106 	-0.5 	0.9 	0.3 	.023
213 	Antawn Jamison 	PF 	31 	WAS 	79 	3061 	20.3 	.525 	.478 	.309 	.250 	8.0 	23.3 	15.4 	7.2 	1.9 	0.9 	6.6 	25.9 	112 	107 	6.0 	3.2 	9.2 	.144
214 	Marko Jaric 	SG 	29 	MIN 	75 	2189 	12.1 	.518 	.473 	.309 	.241 	2.0 	10.1 	5.9 	21.0 	2.3 	1.2 	17.6 	15.0 	104 	111 	1.1 	1.3 	2.4 	.053
215 	Al Jefferson 	C 	23 	MIN 	82 	2919 	22.7 	.535 	.500 	.273 	.003 	11.9 	24.7 	18.1 	7.5 	1.3 	3.2 	9.4 	27.5 	109 	108 	4.8 	2.9 	7.7 	.127
216 	Richard Jefferson 	SF 	27 	NJN 	82 	3200 	17.4 	.571 	.495 	.511 	.160 	3.4 	9.0 	6.2 	15.0 	1.2 	0.5 	10.9 	26.1 	112 	112 	6.1 	1.5 	7.6 	.114
217 	Jared Jeffries 	SF 	26 	NYK 	73 	1325 	7.9 	.433 	.407 	.344 	.093 	9.8 	11.1 	10.4 	7.5 	1.4 	1.3 	17.1 	12.7 	94 	112 	-0.5 	0.6 	0.1 	.002
218 	Yi Jianlian 	PF 	20 	MIL 	66 	1647 	11.3 	.485 	.427 	.279 	.040 	7.3 	17.7 	12.3 	5.3 	1.1 	2.7 	13.4 	18.4 	98 	112 	-0.1 	0.9 	0.7 	.022
219 	Alexander Johnson 	PF 	24 	MIA 	43 	549 	8.9 	.554 	.488 	.664 	.000 	6.9 	13.7 	10.3 	4.0 	1.3 	1.5 	20.6 	17.6 	97 	111 	-0.1 	0.4 	0.2 	.019
220 	Amir Johnson 	PF 	20 	DET 	62 	764 	17.5 	.584 	.558 	.333 	.000 	13.5 	23.2 	18.4 	5.9 	1.7 	8.5 	17.1 	14.1 	115 	95 	1.1 	1.9 	3.0 	.190
221 	Anthony Johnson 	PG 	33 	TOT 	69 	1531 	11.2 	.517 	.496 	.121 	.262 	1.7 	8.7 	5.2 	26.3 	1.8 	0.4 	18.3 	13.5 	107 	111 	1.1 	0.9 	2.0 	.061
222 	DerMarr Johnson 	SF 	27 	SAS 	5 	28 	17.3 	.571 	.607 	.143 	.643 	0.0 	4.2 	2.1 	7.2 	1.9 	0.0 	0.0 	25.5 	111 	105 	0.0 	0.0 	0.1 	.143
223 	Joe Johnson 	SG 	26 	ATL 	82 	3343 	17.3 	.535 	.489 	.253 	.297 	2.9 	9.9 	6.4 	25.5 	1.3 	0.4 	11.8 	25.6 	109 	112 	5.3 	1.7 	7.0 	.100
224 	Linton Johnson 	PF 	27 	TOT 	8 	63 	8.2 	.528 	.500 	.105 	.158 	9.8 	15.2 	12.6 	9.2 	0.0 	1.0 	20.1 	18.0 	98 	111 	0.0 	0.0 	0.0 	.024
225 	Bobby Jones 	C-SF 	24 	TOT 	47 	531 	9.9 	.548 	.493 	.364 	.379 	6.2 	13.3 	9.8 	7.9 	1.4 	0.4 	14.7 	15.9 	106 	110 	0.4 	0.4 	0.8 	.070
226 	Dahntay Jones 	SG 	27 	SAC 	25 	206 	13.5 	.537 	.443 	.962 	.113 	4.1 	15.7 	10.0 	8.9 	2.0 	2.3 	11.7 	18.5 	108 	108 	0.2 	0.2 	0.4 	.096
227 	Damon Jones 	SG 	31 	CLE 	67 	1336 	11.3 	.582 	.574 	.077 	.760 	0.4 	5.9 	3.1 	15.1 	0.8 	0.1 	8.8 	14.0 	121 	112 	2.4 	0.7 	3.0 	.108
228 	Dwayne Jones 	PF 	24 	CLE 	56 	472 	11.1 	.538 	.532 	1.234 	.021 	16.2 	17.7 	16.9 	3.1 	1.1 	4.2 	19.0 	8.6 	116 	104 	0.5 	0.7 	1.2 	.121
229 	Eddie Jones 	SG 	36 	DAL 	47 	922 	7.6 	.473 	.461 	.078 	.644 	2.3 	13.8 	8.3 	10.8 	1.5 	0.6 	13.5 	10.9 	100 	107 	0.1 	1.0 	1.1 	.058
230 	Fred Jones 	SG 	28 	NYK 	70 	1757 	10.9 	.546 	.507 	.292 	.444 	1.9 	9.4 	5.5 	14.7 	1.4 	0.8 	13.8 	14.4 	110 	113 	1.7 	0.6 	2.2 	.061
231 	James Jones 	SF 	27 	POR 	58 	1276 	13.6 	.625 	.576 	.300 	.627 	4.0 	10.8 	7.4 	4.3 	1.0 	0.9 	7.0 	14.8 	126 	111 	2.9 	0.8 	3.7 	.139
232 	Solomon Jones 	PF 	23 	ATL 	35 	145 	6.8 	.451 	.400 	.667 	.067 	15.3 	18.4 	16.9 	0.0 	1.1 	2.6 	22.1 	15.6 	89 	108 	-0.1 	0.1 	0.0 	.000
233 	Chris Kaman 	C 	25 	LAC 	56 	2083 	17.5 	.538 	.483 	.379 	.006 	9.5 	30.0 	19.7 	9.3 	0.8 	5.6 	16.7 	21.7 	100 	103 	0.4 	3.2 	3.6 	.083
234 	Jason Kapono 	SF 	26 	TOR 	81 	1530 	10.8 	.561 	.545 	.086 	.237 	2.4 	6.9 	4.6 	6.7 	1.2 	0.1 	10.1 	17.7 	105 	111 	1.0 	0.9 	1.9 	.060
235 	Coby Karl 	SG 	24 	LAL 	17 	71 	15.8 	.493 	.423 	.385 	.500 	4.9 	16.5 	10.9 	18.3 	2.8 	2.0 	14.1 	22.0 	103 	102 	0.0 	0.1 	0.2 	.106
236 	Viktor Khryapa 	PF 	25 	CHI 	9 	105 	9.7 	.431 	.387 	.452 	.032 	6.2 	15.6 	10.7 	11.9 	2.9 	0.0 	13.9 	18.2 	91 	105 	-0.1 	0.1 	0.0 	.020
237 	Jason Kidd 	PG 	34 	TOT 	80 	2906 	16.7 	.499 	.460 	.208 	.393 	3.8 	20.0 	12.0 	44.0 	2.5 	0.7 	23.5 	17.9 	104 	105 	2.0 	3.8 	5.9 	.097
238 	Tarence Kinsey 	SG 	23 	MEM 	11 	96 	10.3 	.492 	.461 	.158 	.184 	3.5 	10.6 	7.0 	3.4 	1.6 	0.0 	6.9 	20.2 	99 	113 	0.0 	0.0 	0.0 	.020
239 	Andrei Kirilenko 	SF 	26 	UTA 	72 	2217 	17.2 	.603 	.546 	.472 	.213 	6.7 	11.9 	9.3 	18.2 	2.0 	4.0 	17.6 	16.1 	118 	105 	4.3 	2.8 	7.1 	.154
240 	Linas Kleiza 	SF 	23 	DEN 	79 	1889 	14.4 	.585 	.543 	.323 	.420 	5.4 	13.5 	9.5 	7.5 	1.1 	0.7 	10.6 	18.9 	114 	109 	3.1 	1.6 	4.7 	.119
241 	Brevin Knight 	PG 	32 	LAC 	74 	1674 	11.4 	.453 	.404 	.208 	.018 	1.0 	8.8 	4.9 	31.1 	3.1 	0.5 	16.0 	12.2 	102 	108 	0.5 	1.6 	2.1 	.060
242 	Kyle Korver 	SG-PF 	26 	TOT 	75 	1732 	12.8 	.585 	.540 	.226 	.515 	1.5 	10.5 	6.0 	8.8 	1.3 	1.4 	10.6 	18.3 	114 	109 	2.7 	1.5 	4.2 	.116
243 	Nenad Krstic 	C 	24 	NJN 	45 	812 	8.5 	.451 	.410 	.230 	.007 	5.0 	23.6 	14.3 	5.8 	0.6 	1.6 	11.0 	20.9 	90 	108 	-0.9 	0.7 	-0.1 	-0.007
244 	Raef LaFrentz 	C 	31 	POR 	39 	291 	10.4 	.469 	.443 	.311 	.066 	11.4 	15.7 	13.6 	3.2 	2.3 	4.5 	12.6 	12.9 	102 	103 	0.1 	0.4 	0.5 	.085
245 	Carl Landry 	PF 	24 	HOU 	42 	711 	21.4 	.641 	.616 	.498 	.005 	15.5 	17.3 	16.4 	5.2 	1.3 	0.7 	8.9 	18.8 	130 	102 	2.5 	1.2 	3.7 	.251
246 	Keith Langford 	SG 	24 	SAS 	2 	10 	-2.4 	.250 	.250 	.000 	.000 	0.0 	23.3 	11.8 	0.0 	0.0 	0.0 	0.0 	19.2 	55 	104 	0.0 	0.0 	0.0 	-0.142
247 	Stephane Lasme 	PF-SF 	25 	TOT 	16 	303 	11.7 	.488 	.451 	.451 	.000 	10.1 	10.8 	10.5 	1.6 	2.3 	5.8 	15.0 	15.6 	96 	107 	-0.1 	0.3 	0.3 	.041
248 	Acie Law 	PG 	23 	ATL 	56 	865 	7.7 	.455 	.416 	.203 	.143 	1.6 	6.0 	3.8 	20.4 	1.8 	0.0 	17.8 	16.5 	93 	112 	-0.5 	0.4 	-0.1 	-0.007
249 	David Lee 	PF 	24 	NYK 	81 	2356 	18.0 	.606 	.552 	.383 	.003 	11.3 	24.1 	17.5 	6.7 	1.2 	1.0 	11.8 	15.6 	123 	110 	5.6 	1.8 	7.4 	.151
250 	Rashard Lewis 	PF 	28 	ORL 	81 	3076 	16.7 	.591 	.554 	.229 	.487 	3.8 	12.2 	8.2 	10.5 	1.7 	0.9 	10.1 	20.7 	115 	106 	6.1 	3.7 	9.8 	.153
251 	Kyle Lowry 	PG 	21 	MEM 	82 	2089 	14.3 	.531 	.463 	.588 	.236 	2.2 	11.3 	6.7 	21.8 	2.2 	0.8 	14.6 	18.6 	108 	111 	2.1 	1.3 	3.4 	.078
252 	Tyronn Lue 	PG 	30 	TOT 	50 	736 	11.9 	.543 	.524 	.126 	.340 	1.4 	7.0 	4.3 	16.8 	0.8 	0.1 	9.2 	18.2 	112 	113 	1.0 	0.3 	1.2 	.080
253 	Mark Madsen 	PF 	32 	MIN 	20 	151 	0.2 	.185 	.158 	.632 	.000 	13.4 	15.8 	14.6 	3.5 	1.0 	1.1 	27.0 	9.9 	62 	112 	-0.4 	0.1 	-0.3 	-0.102
254 	Corey Maggette 	SF 	28 	LAC 	70 	2502 	19.3 	.595 	.497 	.681 	.203 	3.6 	14.7 	9.1 	14.3 	1.5 	0.2 	13.0 	27.6 	112 	110 	5.1 	1.8 	6.9 	.133
255 	Jamaal Magloire 	C 	29 	TOT 	31 	286 	1.4 	.377 	.327 	.800 	.000 	7.7 	28.3 	18.0 	3.7 	0.2 	2.7 	28.7 	16.8 	67 	107 	-1.0 	0.3 	-0.6 	-0.109
256 	Ian Mahinmi 	C 	21 	SAS 	6 	23 	35.3 	.658 	.500 	.750 	.000 	0.0 	25.3 	12.8 	9.0 	0.0 	13.2 	11.1 	37.4 	123 	92 	0.1 	0.1 	0.2 	.372
257 	Stephon Marbury 	PG 	30 	NYK 	24 	805 	13.8 	.527 	.472 	.438 	.279 	2.3 	6.1 	4.2 	23.1 	1.4 	0.2 	13.2 	20.3 	109 	115 	1.0 	0.1 	1.1 	.066
258 	Shawn Marion 	PF 	29 	TOT 	63 	2315 	19.2 	.570 	.550 	.191 	.252 	7.1 	23.9 	16.0 	9.4 	2.7 	2.5 	9.2 	18.5 	113 	102 	3.5 	3.9 	7.4 	.153
259 	Sean Marks 	C 	32 	PHO 	19 	130 	16.1 	.574 	.547 	.442 	.093 	8.5 	21.7 	15.6 	4.5 	1.1 	5.0 	13.5 	20.4 	107 	103 	0.1 	0.2 	0.3 	.121
260 	Donyell Marshall 	PF 	34 	TOT 	26 	340 	9.8 	.455 	.403 	.224 	.541 	7.8 	17.2 	12.4 	4.4 	0.9 	3.6 	12.2 	16.0 	97 	107 	-0.1 	0.4 	0.3 	.042
261 	Darrick Martin 	PG 	36 	TOR 	17 	141 	5.8 	.296 	.256 	.140 	.372 	2.5 	3.4 	2.9 	20.6 	2.3 	0.0 	2.1 	15.6 	87 	110 	-0.2 	0.1 	-0.1 	-0.021
262 	Kenyon Martin 	PF 	30 	DEN 	71 	2159 	14.7 	.553 	.539 	.303 	.016 	5.4 	17.5 	11.6 	6.3 	2.0 	2.8 	10.3 	17.4 	108 	104 	2.0 	3.0 	5.0 	.111
263 	Kevin Martin 	SG 	24 	SAC 	61 	2216 	21.0 	.618 	.515 	.632 	.291 	2.6 	11.8 	7.3 	10.1 	1.4 	0.2 	10.1 	26.2 	121 	112 	7.4 	1.1 	8.4 	.183
264 	Desmond Mason 	SF 	30 	MIL 	59 	1702 	12.3 	.519 	.482 	.363 	.000 	5.0 	13.1 	8.8 	11.3 	1.2 	1.4 	13.0 	16.8 	105 	114 	1.0 	0.5 	1.5 	.041
265 	Roger Mason 	PG 	27 	WAS 	80 	1708 	13.8 	.573 	.552 	.118 	.545 	1.1 	8.0 	4.5 	13.2 	1.3 	0.9 	9.9 	18.9 	114 	113 	2.8 	0.6 	3.4 	.096
266 	Jason Maxiell 	C 	24 	DET 	82 	1768 	16.7 	.576 	.538 	.605 	.002 	11.9 	17.4 	14.6 	4.2 	0.7 	4.2 	11.2 	17.0 	117 	103 	3.4 	2.9 	6.3 	.171
267 	Rashad McCants 	SG 	23 	MIN 	75 	2020 	14.6 	.550 	.529 	.164 	.370 	2.8 	9.2 	5.9 	14.1 	1.7 	0.7 	14.5 	26.4 	102 	113 	0.9 	0.8 	1.7 	.040
268 	Jelani McCoy 	C 	30 	DEN 	6 	33 	2.6 	.798 	1.000 	2.000 	.000 	3.3 	19.3 	11.5 	0.0 	0.0 	10.8 	68.0 	7.6 	51 	102 	-0.1 	0.1 	0.0 	-0.036
269 	Antonio McDyess 	PF 	33 	DET 	78 	2285 	14.1 	.511 	.488 	.260 	.003 	10.6 	24.3 	17.4 	6.2 	1.5 	1.8 	10.1 	15.3 	110 	100 	2.4 	4.3 	6.7 	.141
270 	Tracy McGrady 	SG 	28 	HOU 	66 	2440 	18.4 	.487 	.452 	.274 	.226 	2.0 	13.5 	7.8 	29.6 	1.5 	0.9 	9.8 	30.4 	104 	103 	2.0 	3.8 	5.8 	.115
271 	Dominic McGuire 	SG 	22 	WAS 	70 	695 	6.6 	.397 	.383 	.311 	.058 	8.7 	14.9 	11.7 	8.3 	1.5 	3.1 	25.5 	10.4 	86 	109 	-0.6 	0.6 	0.0 	-0.003
272 	Jeff McInnis 	PG 	33 	CHA 	54 	1410 	6.5 	.461 	.440 	.120 	.076 	1.3 	6.6 	3.9 	23.4 	0.9 	0.2 	22.5 	11.0 	97 	114 	-0.2 	0.3 	0.1 	.002
273 	Josh McRoberts 	PF 	20 	POR 	8 	28 	20.3 	.600 	.600 	.000 	.100 	8.4 	33.5 	21.0 	13.7 	2.0 	0.0 	16.7 	20.3 	107 	102 	0.0 	0.0 	0.1 	.131
274 	Chris Mihm 	C 	28 	LAL 	23 	278 	7.7 	.384 	.337 	.284 	.000 	11.7 	18.8 	15.4 	6.6 	0.7 	3.6 	13.7 	19.6 	87 	105 	-0.4 	0.4 	0.0 	-0.004
275 	C.J. Miles 	SG 	20 	UTA 	60 	689 	14.2 	.574 	.542 	.220 	.326 	2.9 	10.9 	6.9 	11.5 	2.4 	0.9 	9.4 	18.6 	115 	107 	1.1 	0.8 	1.9 	.134
276 	Darko Milicic 	C 	22 	MEM 	70 	1663 	11.0 	.456 	.438 	.242 	.002 	8.5 	20.2 	14.3 	5.4 	1.0 	5.0 	15.4 	17.5 	91 	108 	-1.4 	1.6 	0.2 	.006
277 	Andre Miller 	PG 	31 	PHI 	82 	3016 	18.4 	.537 	.494 	.288 	.029 	3.7 	9.1 	6.4 	32.0 	1.8 	0.2 	13.7 	22.6 	112 	109 	5.7 	2.6 	8.3 	.131
278 	Brad Miller 	C 	31 	SAC 	72 	2513 	16.8 	.558 	.482 	.424 	.124 	8.0 	23.7 	16.0 	16.6 	1.4 	2.3 	16.0 	18.3 	112 	107 	3.8 	2.7 	6.5 	.125
279 	Mike Miller 	SG 	27 	MEM 	70 	2474 	16.1 	.625 	.596 	.257 	.436 	2.3 	19.0 	10.6 	16.0 	0.7 	0.5 	16.6 	19.8 	112 	112 	3.9 	1.1 	5.0 	.098
280 	Paul Millsap 	PF 	22 	UTA 	82 	1702 	16.1 	.548 	.504 	.456 	.008 	12.1 	20.8 	16.5 	7.0 	2.2 	3.5 	12.6 	18.1 	112 	103 	2.5 	2.7 	5.2 	.148
281 	Yao Ming 	C 	27 	HOU 	55 	2044 	22.5 	.587 	.507 	.477 	.002 	9.6 	22.9 	16.4 	11.5 	0.6 	4.0 	15.1 	27.1 	112 	99 	4.2 	4.1 	8.3 	.196
282 	Cuttino Mobley 	SG 	32 	LAC 	77 	2702 	11.5 	.514 	.472 	.229 	.221 	2.1 	9.7 	5.9 	13.1 	1.5 	0.9 	11.4 	18.5 	100 	111 	0.4 	1.7 	2.1 	.037
283 	Nazr Mohammed 	PF-C 	30 	TOT 	82 	1650 	15.8 	.533 	.515 	.309 	.002 	13.5 	21.1 	17.3 	7.6 	1.4 	2.8 	14.4 	19.5 	106 	106 	1.3 	2.0 	3.4 	.098
284 	Jamario Moon 	SF 	27 	TOR 	78 	2166 	15.0 	.540 	.520 	.148 	.212 	5.0 	21.6 	13.2 	6.2 	2.0 	4.0 	7.7 	14.4 	110 	102 	2.1 	3.6 	5.7 	.126
285 	Mikki Moore 	PF 	32 	SAC 	82 	2385 	11.5 	.613 	.577 	.372 	.004 	8.1 	16.2 	12.2 	5.4 	0.7 	1.5 	16.2 	12.7 	116 	111 	3.2 	1.4 	4.6 	.092
286 	Randolph Morris 	C 	22 	NYK 	18 	181 	4.3 	.396 	.362 	.500 	.000 	7.3 	16.2 	11.6 	1.8 	1.2 	0.9 	11.3 	19.8 	83 	112 	-0.3 	0.1 	-0.2 	-0.061
287 	Alonzo Mourning 	C 	37 	MIA 	25 	389 	16.2 	.580 	.547 	.800 	.000 	10.3 	18.5 	14.3 	3.1 	0.5 	8.6 	16.3 	18.7 	106 	106 	0.3 	0.5 	0.8 	.098
288 	Troy Murphy 	PF 	27 	IND 	75 	2106 	16.0 	.573 	.522 	.348 	.341 	5.5 	22.9 	14.0 	12.3 	1.1 	1.1 	10.7 	18.4 	115 	106 	3.7 	2.5 	6.2 	.141
289 	Ronald Murray 	PG 	28 	TOT 	42 	874 	13.2 	.483 	.447 	.267 	.172 	3.0 	7.9 	5.4 	27.5 	2.2 	0.3 	17.0 	25.3 	95 	108 	-0.5 	0.9 	0.4 	.024
290 	Dikembe Mutombo 	C 	41 	HOU 	39 	619 	14.5 	.591 	.538 	.563 	.000 	12.6 	23.5 	18.1 	1.2 	0.9 	5.7 	14.6 	8.6 	124 	97 	0.9 	1.4 	2.3 	.178
291 	Bostjan Nachbar 	PF 	27 	NJN 	75 	1660 	12.4 	.531 	.479 	.322 	.430 	3.9 	14.3 	9.1 	9.3 	1.4 	1.0 	10.9 	21.5 	104 	110 	1.0 	1.2 	2.2 	.064
292 	Eduardo Najera 	PF 	31 	DEN 	78 	1664 	12.1 	.570 	.545 	.242 	.399 	7.5 	14.3 	11.0 	7.8 	2.0 	1.7 	12.7 	11.9 	116 	106 	2.1 	2.0 	4.1 	.118
293 	Steve Nash 	PG 	33 	PHO 	81 	2780 	21.1 	.641 	.597 	.255 	.396 	1.2 	9.6 	5.7 	47.3 	0.9 	0.1 	21.6 	22.0 	121 	112 	9.0 	1.4 	10.5 	.181
294 	Juan Carlos Navarro 	SG 	27 	MEM 	82 	2117 	11.9 	.540 	.504 	.191 	.564 	1.8 	9.4 	5.6 	13.3 	1.1 	0.0 	13.9 	20.2 	103 	115 	1.0 	0.4 	1.4 	.031
295 	Jameer Nelson 	PG 	25 	ORL 	69 	1961 	15.5 	.564 	.522 	.250 	.255 	1.7 	12.1 	7.1 	31.1 	1.7 	0.1 	17.4 	19.0 	113 	107 	3.4 	2.2 	5.6 	.136
296 	Rasho Nesterovic 	C 	31 	TOR 	71 	1486 	16.1 	.565 	.551 	.105 	.006 	10.3 	17.0 	13.6 	8.9 	0.7 	2.8 	10.9 	17.4 	114 	107 	2.3 	1.6 	3.9 	.125
297 	Ira Newble 	SG-SF 	33 	TOT 	49 	698 	9.7 	.507 	.483 	.149 	.282 	7.5 	13.1 	10.2 	4.0 	2.1 	0.9 	15.5 	14.2 	100 	106 	0.1 	0.8 	0.9 	.061
298 	Demetris Nichols 	SF 	23 	TOT 	14 	44 	-1.9 	.326 	.326 	.000 	.565 	0.0 	13.3 	6.4 	3.9 	0.0 	5.3 	14.8 	27.4 	60 	108 	-0.3 	0.0 	-0.2 	-0.234
299 	Joakim Noah 	C 	22 	CHI 	74 	1534 	15.5 	.539 	.482 	.529 	.003 	12.4 	18.4 	15.3 	8.6 	2.3 	3.3 	16.4 	15.6 	109 	104 	1.5 	2.3 	3.8 	.120
300 	Andres Nocioni 	SF 	28 	CHI 	82 	2021 	13.6 	.549 	.504 	.277 	.395 	2.6 	17.0 	9.5 	8.3 	0.6 	1.7 	11.9 	24.5 	104 	109 	1.5 	1.8 	3.3 	.077
301 	Steve Novak 	SF 	24 	HOU 	35 	264 	17.3 	.651 	.647 	.039 	.696 	1.7 	13.0 	7.5 	3.9 	0.4 	0.8 	3.7 	18.7 	128 	105 	0.7 	0.3 	1.1 	.196
302 	Dirk Nowitzki 	PF 	29 	DAL 	77 	2769 	24.6 	.585 	.510 	.414 	.167 	4.1 	22.8 	13.8 	17.8 	1.0 	1.9 	9.3 	28.8 	118 	104 	8.9 	4.0 	12.9 	.223
303 	Patrick O'Bryant 	C 	21 	GSW 	24 	99 	14.0 	.561 	.552 	.172 	.000 	10.4 	21.4 	15.7 	5.8 	2.0 	6.6 	18.3 	16.3 	105 	103 	0.1 	0.2 	0.2 	.105
304 	Jermaine O'Neal 	C 	29 	IND 	42 	1206 	14.4 	.489 	.439 	.318 	.010 	7.3 	18.5 	12.8 	12.9 	0.8 	5.4 	15.4 	24.8 	95 	105 	-0.7 	1.6 	0.9 	.035
305 	Shaquille O'Neal 	C 	35 	TOT 	61 	1748 	17.1 	.589 	.593 	.606 	.000 	11.4 	24.8 	18.4 	9.1 	0.9 	3.7 	20.4 	23.5 	101 	105 	0.6 	2.3 	2.8 	.078
306 	Fabricio Oberto 	PF 	32 	SAS 	82 	1644 	13.8 	.615 	.608 	.206 	.003 	11.1 	19.6 	15.4 	9.1 	1.2 	0.9 	13.6 	10.9 	125 	101 	3.2 	2.9 	6.1 	.178
307 	Lamar Odom 	PF 	28 	LAL 	77 	2921 	16.9 	.582 	.544 	.413 	.142 	7.8 	22.7 	15.6 	13.8 	1.3 	1.8 	14.2 	16.5 	116 	104 	5.3 	4.3 	9.7 	.159
308 	Emeka Okafor 	C 	25 	CHA 	82 	2718 	17.4 	.553 	.535 	.435 	.000 	10.7 	26.4 	18.5 	4.5 	1.2 	3.9 	13.8 	20.0 	106 	105 	2.2 	3.6 	5.8 	.103
309 	Mehmet Okur 	C 	28 	UTA 	72 	2390 	15.2 	.556 	.512 	.273 	.350 	6.8 	21.5 	14.2 	9.0 	1.2 	1.0 	9.9 	19.6 	114 	107 	4.0 	2.7 	6.7 	.134
310 	Kevin Ollie 	SG 	35 	PHI 	40 	300 	9.7 	.463 	.420 	.217 	.014 	1.6 	6.0 	3.8 	18.7 	1.8 	0.0 	6.2 	12.1 	112 	110 	0.3 	0.2 	0.5 	.084
311 	Bo Outlaw 	PF 	36 	ORL 	2 	7 	8.6 	.667 	.667 	.000 	.000 	0.0 	0.0 	0.0 	0.0 	0.0 	0.0 	25.0 	26.2 	86 	114 	0.0 	0.0 	0.0 	-0.071
312 	Travis Outlaw 	PF 	23 	POR 	82 	2186 	15.7 	.499 	.453 	.305 	.105 	5.2 	15.0 	10.1 	8.9 	1.5 	2.2 	8.9 	26.0 	102 	107 	0.9 	2.3 	3.2 	.071
313 	Andre Owens 	PG 	27 	IND 	31 	392 	10.0 	.504 	.458 	.318 	.374 	3.5 	9.6 	6.5 	17.6 	1.6 	0.6 	16.4 	16.1 	102 	110 	0.1 	0.3 	0.4 	.053
314 	Zaza Pachulia 	C 	23 	ATL 	62 	944 	11.0 	.515 	.437 	.624 	.012 	11.0 	19.5 	15.3 	6.0 	1.3 	1.0 	18.1 	18.3 	101 	108 	0.2 	0.9 	1.1 	.054
315 	Jannero Pargo 	SG 	28 	NOH 	80 	1497 	11.9 	.468 	.439 	.124 	.285 	2.0 	8.3 	5.1 	20.4 	1.8 	0.3 	11.9 	24.2 	98 	108 	-0.3 	1.4 	1.1 	.037
316 	Anthony Parker 	SG 	32 	TOR 	82 	2634 	14.4 	.580 	.557 	.151 	.367 	2.2 	12.9 	7.5 	10.8 	1.6 	0.5 	9.0 	17.4 	113 	108 	3.8 	2.5 	6.2 	.113
317 	Smush Parker 	PG 	26 	TOT 	28 	592 	7.0 	.420 	.397 	.152 	.424 	0.8 	9.4 	5.0 	23.6 	2.1 	0.8 	18.3 	18.9 	83 	110 	-1.1 	0.4 	-0.6 	-0.052
318 	Tony Parker 	PG 	25 	SAS 	69 	2312 	20.0 	.542 	.502 	.333 	.063 	1.6 	9.6 	5.6 	34.1 	1.3 	0.3 	12.1 	28.2 	109 	105 	3.9 	3.2 	7.0 	.146
319 	Ruben Patterson 	SF 	32 	LAC 	20 	327 	10.9 	.486 	.453 	.500 	.023 	8.4 	14.2 	11.3 	8.8 	3.3 	1.6 	20.5 	18.6 	89 	105 	-0.4 	0.4 	0.1 	.010
320 	Chris Paul 	PG 	22 	NOH 	80 	3006 	28.3 	.576 	.524 	.302 	.193 	2.4 	10.3 	6.2 	52.2 	3.9 	0.1 	12.1 	25.7 	125 	103 	13.2 	4.6 	17.8 	.284
321 	Sasha Pavlovic 	SG 	24 	CLE 	51 	1188 	7.2 	.434 	.404 	.191 	.283 	3.3 	9.2 	6.1 	11.2 	1.3 	0.4 	11.2 	18.8 	93 	109 	-0.8 	0.9 	0.2 	.006
322 	Oleksiy Pecherov 	C 	22 	WAS 	35 	320 	9.6 	.451 	.420 	.248 	.480 	7.5 	16.9 	12.1 	3.6 	1.0 	1.3 	10.9 	22.4 	94 	111 	-0.2 	0.2 	0.0 	-0.002
323 	Kendrick Perkins 	C 	23 	BOS 	78 	1912 	13.3 	.632 	.615 	.526 	.003 	9.6 	19.3 	14.8 	6.8 	0.9 	4.9 	22.6 	13.5 	110 	97 	1.9 	4.3 	6.2 	.156
324 	Kosta Perovic 	C 	22 	GSW 	7 	38 	10.3 	.396 	.300 	.600 	.000 	16.2 	20.5 	18.3 	3.4 	0.0 	3.8 	7.3 	15.1 	104 	110 	0.0 	0.0 	0.0 	.060
325 	Morris Peterson 	SG 	30 	NOH 	76 	1796 	11.2 	.549 	.526 	.165 	.556 	2.3 	11.3 	6.7 	5.5 	1.4 	0.3 	6.9 	15.4 	112 	108 	2.1 	1.7 	3.8 	.101
326 	Johan Petro 	C 	22 	SEA 	72 	1310 	10.0 	.453 	.419 	.198 	.002 	8.2 	22.6 	15.4 	3.8 	1.3 	2.3 	13.3 	18.2 	91 	107 	-1.1 	1.5 	0.4 	.014
327 	Eric Piatkowski 	SF 	37 	PHO 	16 	113 	8.3 	.561 	.530 	.121 	.788 	1.1 	10.2 	6.0 	11.8 	0.0 	0.6 	14.7 	16.1 	105 	113 	0.1 	0.0 	0.1 	.045
328 	Paul Pierce 	SF 	30 	BOS 	80 	2874 	19.6 	.599 	.529 	.442 	.332 	2.3 	14.0 	8.5 	21.8 	1.9 	1.0 	14.4 	24.8 	115 	100 	6.7 	5.7 	12.4 	.207
329 	Mickael Pietrus 	SF 	25 	GSW 	66 	1316 	12.7 	.549 	.525 	.253 	.473 	5.2 	14.8 	9.8 	5.1 	2.4 	2.4 	10.0 	15.3 	111 	107 	1.4 	1.4 	2.8 	.104
330 	Scot Pollard 	C 	32 	BOS 	22 	173 	8.7 	.597 	.522 	.957 	.000 	10.2 	14.9 	12.7 	2.5 	0.9 	2.9 	13.3 	10.1 	123 	100 	0.3 	0.3 	0.6 	.171
331 	James Posey 	PF 	31 	BOS 	74 	1821 	12.0 	.587 	.546 	.278 	.674 	2.1 	18.0 	10.5 	9.5 	2.1 	0.9 	12.3 	13.5 	114 	98 	2.2 	4.0 	6.2 	.164
332 	Leon Powe 	C 	24 	BOS 	56 	809 	20.9 	.629 	.572 	.717 	.004 	14.9 	18.3 	16.7 	3.3 	1.0 	1.6 	10.8 	22.8 	124 	100 	2.7 	1.6 	4.3 	.256
333 	Josh Powell 	C 	25 	LAC 	64 	1228 	10.7 	.500 	.460 	.276 	.010 	10.7 	20.4 	15.6 	6.4 	0.6 	1.4 	15.5 	15.7 	100 	109 	0.1 	1.0 	1.1 	.042
334 	Kasib Powell 	SF 	26 	MIA 	11 	304 	9.0 	.424 	.411 	.095 	.347 	3.1 	14.4 	8.7 	10.0 	1.6 	0.5 	4.8 	16.2 	94 	111 	-0.2 	0.2 	0.0 	.006
335 	Ronnie Price 	PG 	24 	UTA 	61 	588 	12.3 	.516 	.495 	.186 	.368 	1.7 	7.8 	4.8 	19.4 	2.8 	0.4 	12.0 	19.1 	106 	107 	0.5 	0.6 	1.1 	.094
336 	Tayshaun Prince 	SF 	27 	DET 	82 	2694 	15.6 	.516 	.476 	.256 	.155 	4.8 	12.9 	8.8 	16.5 	0.9 	1.0 	8.0 	19.9 	112 	106 	4.3 	3.2 	7.5 	.133
337 	Gabe Pruitt 	PG 	21 	BOS 	15 	95 	8.3 	.401 	.397 	.051 	.308 	1.3 	8.3 	5.0 	22.5 	2.8 	0.0 	11.1 	22.0 	89 	100 	-0.1 	0.2 	0.1 	.028
338 	Joel Przybilla 	C 	28 	POR 	77 	1819 	12.3 	.611 	.576 	.488 	.004 	12.7 	29.3 	21.0 	2.3 	0.4 	4.0 	23.8 	10.4 	111 	104 	1.6 	2.7 	4.3 	.113
339 	Chris Quinn 	PG 	24 	MIA 	60 	1340 	13.8 	.559 	.509 	.263 	.426 	1.0 	9.7 	5.3 	22.5 	1.8 	0.2 	11.7 	16.6 	113 	112 	1.9 	0.7 	2.6 	.092
340 	Vladimir Radmanovic 	SF 	27 	LAL 	65 	1483 	12.6 	.583 	.562 	.149 	.535 	4.4 	11.4 	8.0 	12.1 	1.6 	0.6 	13.6 	16.0 	113 	108 	2.0 	1.5 	3.5 	.113
341 	Shavlik Randolph 	PF 	24 	PHI 	9 	27 	15.6 	.286 	.286 	.000 	.000 	39.2 	8.9 	24.2 	17.8 	2.0 	8.9 	12.5 	26.7 	88 	102 	-0.1 	0.0 	0.0 	-0.012
342 	Zach Randolph 	C 	26 	NYK 	69 	2244 	18.0 	.513 	.470 	.273 	.076 	9.1 	27.6 	18.0 	11.8 	1.4 	0.6 	13.6 	27.4 	101 	109 	0.9 	2.0 	3.0 	.063
343 	Theo Ratliff 	C-PF 	34 	TOT 	26 	437 	11.9 	.534 	.482 	.506 	.012 	8.5 	15.6 	12.0 	4.7 	0.9 	6.7 	16.8 	13.2 	105 	105 	0.2 	0.6 	0.8 	.091
344 	Michael Redd 	SG 	28 	MIL 	72 	2702 	18.8 	.559 	.495 	.394 	.289 	3.5 	10.2 	6.7 	16.4 	1.3 	0.4 	11.0 	27.3 	112 	115 	5.6 	0.2 	5.8 	.104
345 	J.J. Redick 	SG 	23 	ORL 	34 	276 	12.7 	.569 	.523 	.315 	.398 	0.4 	8.8 	4.8 	9.7 	0.7 	0.0 	10.9 	22.9 	108 	110 	0.3 	0.2 	0.5 	.091
346 	Chris Richard 	C 	23 	MIN 	52 	556 	7.9 	.496 	.471 	.310 	.000 	10.5 	17.9 	14.1 	4.6 	0.9 	1.7 	19.5 	10.0 	102 	111 	0.1 	0.3 	0.4 	.037
347 	Jason Richardson 	SF 	27 	CHA 	82 	3149 	18.4 	.554 	.524 	.225 	.408 	2.9 	13.3 	8.0 	15.2 	1.9 	1.4 	9.3 	25.9 	109 	109 	4.8 	2.6 	7.4 	.113
348 	Jeremy Richardson 	SG-SF 	23 	TOT 	27 	132 	4.2 	.457 	.443 	.045 	.432 	0.9 	7.0 	4.0 	2.2 	1.2 	0.0 	11.8 	17.6 	84 	112 	-0.2 	0.1 	-0.1 	-0.041
349 	Quentin Richardson 	SF 	27 	NYK 	65 	1841 	8.5 	.444 	.421 	.159 	.386 	3.4 	16.5 	9.7 	9.9 	1.3 	0.6 	10.4 	16.1 	95 	112 	-0.6 	0.9 	0.3 	.008
350 	Luke Ridnour 	PG 	26 	SEA 	61 	1223 	11.3 	.482 	.428 	.247 	.193 	1.2 	7.2 	4.2 	29.5 	1.5 	0.8 	16.4 	17.3 	101 	112 	0.3 	0.6 	0.9 	.035
351 	Nate Robinson 	PG 	23 	NYK 	72 	1883 	15.3 	.526 	.485 	.251 	.373 	3.0 	10.7 	6.7 	19.7 	1.7 	0.0 	10.6 	23.1 	109 	113 	2.5 	0.7 	3.2 	.082
352 	Sergio Rodriguez 	PG 	21 	POR 	72 	628 	9.0 	.423 	.395 	.194 	.296 	2.4 	8.4 	5.4 	31.2 	2.1 	0.0 	19.9 	20.0 	90 	110 	-0.7 	0.5 	-0.2 	-0.017
353 	Rajon Rondo 	PG 	21 	BOS 	77 	2306 	15.6 	.515 	.496 	.245 	.027 	4.3 	11.9 	8.3 	28.2 	3.0 	0.5 	15.7 	18.9 	107 	98 	2.3 	4.9 	7.2 	.150
354 	Malik Rose 	PF 	33 	NYK 	49 	494 	7.3 	.422 	.372 	.283 	.039 	6.9 	17.1 	11.9 	9.3 	1.7 	1.1 	16.5 	22.0 	85 	110 	-0.9 	0.4 	-0.5 	-0.052
355 	Quinton Ross 	SG 	26 	LAC 	76 	1505 	7.6 	.430 	.404 	.179 	.063 	4.1 	9.1 	6.6 	9.4 	1.5 	1.6 	7.4 	12.0 	96 	111 	-0.3 	1.0 	0.7 	.022
356 	Brandon Roy 	SG 	23 	POR 	74 	2792 	19.4 	.531 	.485 	.319 	.184 	3.4 	11.2 	7.3 	28.2 	1.5 	0.4 	9.3 	24.9 	113 	110 	5.9 	2.1 	8.0 	.138
357 	Michael Ruffin 	C 	31 	MIL 	46 	632 	12.1 	.507 	.532 	1.016 	.000 	16.1 	18.6 	17.3 	5.3 	2.6 	2.4 	17.5 	7.7 	117 	108 	0.7 	0.6 	1.2 	.095
358 	Kareem Rush 	SG 	27 	IND 	71 	1504 	10.0 	.500 	.490 	.074 	.460 	1.3 	11.0 	6.1 	9.3 	1.4 	1.0 	9.5 	18.7 	98 	110 	-0.2 	1.2 	1.0 	.033
359 	John Salmons 	SG 	28 	SAC 	81 	2517 	13.9 	.556 	.501 	.325 	.150 	3.6 	12.6 	8.2 	13.4 	1.9 	1.0 	15.7 	19.2 	106 	110 	2.0 	1.7 	3.7 	.071
360 	Cheikh Samb 	C 	23 	DET 	4 	31 	12.0 	.717 	.750 	.500 	.000 	11.5 	15.5 	13.5 	0.0 	1.8 	5.1 	17.0 	8.9 	129 	100 	0.1 	0.1 	0.1 	.178
361 	Brian Scalabrine 	PF 	29 	BOS 	48 	512 	5.1 	.428 	.388 	.213 	.489 	5.4 	12.5 	9.2 	11.2 	0.9 	1.3 	20.2 	11.7 	92 	102 	-0.3 	0.9 	0.6 	.057
362 	Luis Scola 	PF 	27 	HOU 	82 	2024 	16.1 	.548 	.515 	.351 	.004 	9.9 	19.3 	14.6 	8.9 	1.6 	0.7 	12.0 	19.8 	111 	101 	2.8 	3.7 	6.5 	.154
363 	Thabo Sefolosha 	SG 	23 	CHI 	69 	1436 	11.4 	.497 	.462 	.247 	.209 	3.8 	16.7 	10.0 	14.3 	2.2 	1.6 	16.6 	17.3 	97 	106 	-0.3 	1.8 	1.5 	.050
364 	Mouhamed Sene 	C 	21 	SEA 	13 	62 	18.2 	.476 	.458 	.708 	.000 	12.3 	15.8 	14.1 	2.6 	0.0 	8.1 	0.0 	22.0 	110 	107 	0.1 	0.1 	0.2 	.121
365 	Ramon Sessions 	PG 	21 	MIL 	17 	450 	16.2 	.507 	.449 	.350 	.060 	2.0 	13.6 	7.6 	43.5 	2.0 	0.5 	21.0 	17.1 	109 	113 	0.5 	0.2 	0.7 	.077
366 	Bobby Simmons 	SF 	27 	MIL 	70 	1521 	10.3 	.504 	.482 	.141 	.345 	5.0 	12.8 	8.7 	8.4 	1.7 	0.3 	12.9 	17.9 	100 	114 	0.2 	0.5 	0.7 	.022
367 	Cedric Simmons 	PF 	22 	TOT 	14 	87 	0.0 	.217 	.286 	.714 	.000 	7.6 	16.2 	11.8 	0.0 	1.2 	4.5 	24.6 	12.6 	47 	105 	-0.4 	0.1 	-0.2 	-0.134
368 	Courtney Sims 	C 	24 	IND 	3 	11 	1.1 	.000 	.000 	.000 	.000 	9.7 	10.1 	9.9 	11.6 	0.0 	0.0 	0.0 	3.9 	93 	113 	0.0 	0.0 	0.0 	.008
369 	Brian Skinner 	C 	31 	PHO 	66 	844 	11.4 	.485 	.470 	.318 	.015 	9.2 	21.7 	15.9 	2.4 	1.2 	6.0 	14.7 	14.0 	97 	103 	-0.2 	1.4 	1.2 	.069
370 	Craig Smith 	PF 	24 	MIN 	77 	1547 	16.7 	.590 	.563 	.379 	.017 	8.9 	17.8 	13.2 	6.6 	1.2 	0.9 	12.6 	20.6 	113 	111 	2.7 	0.9 	3.5 	.109
371 	J.R. Smith 	SG 	22 	DEN 	74 	1421 	18.1 	.603 	.578 	.264 	.579 	3.3 	8.1 	5.8 	14.7 	2.1 	0.6 	13.0 	25.8 	111 	109 	2.5 	1.3 	3.7 	.126
372 	Jason Smith 	PF 	21 	PHI 	76 	1107 	10.7 	.491 	.461 	.265 	.045 	8.2 	16.6 	12.3 	2.8 	1.1 	3.6 	12.2 	16.1 	101 	106 	0.2 	1.4 	1.5 	.067
373 	Joe Smith 	PF 	32 	TOT 	77 	1726 	16.1 	.524 	.478 	.312 	.005 	10.3 	16.1 	13.1 	6.7 	1.0 	2.1 	8.7 	21.0 	110 	108 	2.4 	1.8 	4.1 	.115
374 	Josh Smith 	PF 	22 	ATL 	81 	2873 	19.0 	.520 	.468 	.414 	.087 	6.6 	20.4 	13.5 	16.6 	2.3 	5.9 	15.5 	25.0 	102 	103 	1.2 	4.6 	5.8 	.097
375 	Eric Snow 	PG 	34 	CLE 	22 	305 	3.1 	.231 	.158 	.579 	.053 	1.4 	6.2 	3.7 	19.1 	1.7 	1.0 	17.3 	8.6 	77 	109 	-0.4 	0.3 	-0.1 	-0.021
376 	Kirk Snyder 	SF-PF 	24 	TOT 	36 	761 	13.3 	.573 	.521 	.466 	.122 	4.4 	15.0 	9.6 	12.9 	1.4 	1.6 	18.6 	16.6 	106 	111 	0.6 	0.5 	1.1 	.068
377 	Darius Songaila 	C 	29 	WAS 	80 	1554 	11.8 	.496 	.458 	.156 	.004 	6.0 	14.7 	10.2 	14.2 	1.8 	0.9 	14.7 	17.3 	102 	110 	0.6 	1.2 	1.7 	.053
378 	Jerry Stackhouse 	SG 	33 	DAL 	58 	1412 	13.3 	.523 	.462 	.281 	.350 	2.8 	7.9 	5.4 	16.7 	1.1 	0.5 	12.7 	22.4 	105 	110 	1.2 	1.1 	2.3 	.077
379 	DeShawn Stevenson 	SG 	26 	WAS 	82 	2564 	12.6 	.529 	.487 	.253 	.529 	1.6 	9.3 	5.4 	15.5 	1.4 	0.5 	10.5 	17.4 	111 	113 	3.2 	0.9 	4.1 	.077
380 	Peja Stojakovic 	SF 	30 	NOH 	77 	2711 	15.7 	.581 	.552 	.136 	.511 	2.7 	11.8 	7.1 	5.6 	1.1 	0.3 	5.3 	19.7 	119 	109 	5.8 	2.4 	8.1 	.144
381 	Awvee Storey 	SG 	30 	MIL 	26 	259 	11.5 	.452 	.438 	.326 	.079 	13.5 	10.9 	12.3 	10.1 	1.4 	0.3 	8.9 	19.4 	103 	114 	0.1 	0.0 	0.2 	.031
382 	Damon Stoudamire 	PG 	34 	TOT 	60 	1037 	8.9 	.450 	.430 	.101 	.442 	2.2 	10.8 	6.5 	24.6 	1.5 	0.1 	18.5 	19.1 	92 	110 	-0.9 	0.8 	-0.1 	-0.004
383 	Salim Stoudamire 	PG 	25 	ATL 	35 	402 	11.1 	.495 	.442 	.278 	.472 	1.2 	5.8 	3.5 	11.9 	0.9 	0.9 	9.4 	25.2 	101 	114 	0.1 	0.1 	0.3 	.031
384 	Amar'e Stoudemire 	C 	25 	PHO 	79 	2677 	27.6 	.656 	.592 	.571 	.026 	8.2 	21.1 	15.2 	7.5 	1.2 	4.0 	10.3 	28.2 	124 	104 	10.9 	3.8 	14.6 	.262
385 	D.J. Strawberry 	SG 	22 	PHO 	33 	270 	6.2 	.364 	.348 	.207 	.272 	4.1 	7.4 	5.9 	14.8 	2.2 	1.5 	9.9 	18.5 	85 	109 	-0.4 	0.2 	-0.2 	-0.031
386 	Rodney Stuckey 	PG 	21 	DET 	57 	1081 	13.8 	.484 	.404 	.408 	.042 	3.5 	10.8 	7.1 	23.9 	2.5 	0.4 	14.8 	23.1 	101 	103 	0.4 	1.6 	2.0 	.090
387 	Robert Swift 	C 	22 	SEA 	8 	98 	2.9 	.391 	.353 	.118 	.000 	6.7 	13.3 	10.0 	1.4 	2.5 	4.4 	35.9 	12.3 	62 	105 	-0.3 	0.1 	-0.2 	-0.074
388 	Stromile Swift 	PF 	28 	TOT 	56 	844 	14.8 	.548 	.509 	.411 	.008 	8.5 	18.3 	13.4 	5.1 	0.9 	4.8 	14.0 	19.3 	105 	108 	0.6 	0.8 	1.4 	.078
389 	Wally Szczerbiak 	SF 	30 	TOT 	75 	1736 	13.9 	.539 	.493 	.242 	.302 	2.2 	11.8 	6.9 	10.1 	0.7 	0.5 	8.7 	22.1 	108 	112 	2.0 	0.9 	2.9 	.079
390 	Sebastian Telfair 	PG 	22 	MIN 	60 	1933 	10.4 	.462 	.430 	.189 	.205 	0.9 	7.4 	4.0 	27.7 	1.6 	0.5 	15.6 	16.6 	100 	114 	0.2 	0.5 	0.7 	.018
391 	Jason Terry 	SG 	30 	DAL 	82 	2579 	17.8 	.574 	.535 	.221 	.360 	1.4 	7.7 	4.7 	17.5 	1.8 	0.5 	7.7 	21.7 	118 	108 	6.1 	2.5 	8.6 	.160
392 	Billy Thomas 	SF 	32 	TOT 	11 	42 	-1.9 	.391 	.353 	.118 	.941 	0.0 	5.6 	2.7 	0.0 	1.3 	0.0 	18.3 	23.7 	67 	111 	-0.2 	0.0 	-0.1 	-0.165
393 	Kenny Thomas 	PF 	30 	SAC 	23 	281 	2.6 	.398 	.421 	.132 	.000 	7.7 	17.7 	12.8 	6.5 	1.1 	0.3 	34.3 	9.7 	74 	111 	-0.5 	0.2 	-0.3 	-0.047
394 	Kurt Thomas 	C-PF 	35 	TOT 	70 	1584 	14.2 	.514 	.492 	.202 	.003 	9.2 	26.4 	17.8 	6.5 	1.8 	2.6 	9.6 	13.5 	109 	102 	1.3 	2.7 	4.1 	.123
395 	Tim Thomas 	PF 	30 	LAC 	63 	1940 	12.2 	.505 	.472 	.217 	.384 	3.7 	15.6 	9.6 	15.7 	1.1 	1.1 	11.3 	20.7 	100 	110 	0.3 	1.4 	1.7 	.042
396 	Tyrus Thomas 	PF 	21 	CHI 	74 	1330 	14.6 	.486 	.424 	.395 	.014 	8.4 	21.1 	14.5 	11.0 	1.9 	4.2 	13.0 	19.7 	101 	103 	0.4 	2.1 	2.4 	.088
397 	Al Thornton 	PF 	24 	LAC 	79 	2158 	12.7 	.504 	.454 	.331 	.149 	5.2 	14.0 	9.6 	8.4 	1.1 	1.5 	11.4 	24.1 	97 	110 	-0.5 	1.6 	1.1 	.025
398 	Jamaal Tinsley 	PG 	29 	IND 	39 	1293 	12.8 	.458 	.423 	.216 	.305 	2.0 	10.0 	5.9 	38.8 	2.5 	0.6 	20.4 	21.3 	96 	108 	-0.6 	1.3 	0.8 	.028
399 	Alando Tucker 	SF 	23 	PHO 	6 	48 	11.8 	.446 	.386 	.273 	.182 	10.2 	8.7 	9.4 	0.0 	0.0 	1.4 	0.0 	23.0 	103 	113 	0.0 	0.0 	0.0 	.042
400 	Ronny Turiaf 	C 	25 	LAL 	78 	1458 	15.0 	.539 	.474 	.469 	.003 	7.5 	15.4 	11.6 	12.7 	1.0 	5.3 	13.1 	16.7 	112 	104 	2.0 	2.1 	4.2 	.137
401 	Hedo Turkoglu 	SF 	28 	ORL 	82 	3026 	17.8 	.576 	.524 	.321 	.340 	3.3 	14.2 	9.0 	22.9 	1.3 	0.6 	15.0 	24.8 	111 	107 	5.6 	3.5 	9.0 	.143
402 	Ime Udoka 	PF 	30 	SAS 	73 	1316 	11.5 	.528 	.505 	.155 	.440 	3.3 	17.0 	10.2 	7.7 	2.3 	1.0 	12.6 	16.7 	101 	100 	0.2 	2.6 	2.8 	.102
403 	Beno Udrih 	PG 	25 	SAC 	65 	2080 	13.3 	.540 	.501 	.208 	.194 	2.0 	10.2 	6.2 	22.2 	1.4 	0.4 	16.1 	19.8 	105 	113 	1.5 	0.9 	2.4 	.056
404 	Anderson Varejao 	C 	25 	CLE 	48 	1320 	12.0 	.485 	.461 	.278 	.007 	11.2 	23.6 	17.2 	6.3 	1.5 	1.6 	15.1 	13.4 	103 	104 	0.5 	1.9 	2.4 	.086
405 	Jacque Vaughn 	PG 	32 	SAS 	74 	1139 	9.2 	.481 	.433 	.283 	.035 	1.4 	6.2 	3.8 	21.9 	1.1 	0.1 	14.5 	15.6 	101 	106 	0.3 	1.4 	1.6 	.069
406 	Charlie Villanueva 	PF 	23 	MIL 	76 	1829 	14.9 	.502 	.469 	.193 	.227 	8.9 	21.5 	15.0 	7.5 	0.9 	1.5 	10.8 	24.4 	102 	112 	0.9 	0.9 	1.7 	.045
407 	Marcus Vinicius 	SF 	23 	NOH 	13 	69 	11.6 	.564 	.575 	.550 	.600 	1.7 	12.1 	6.8 	4.3 	0.8 	1.1 	10.8 	18.8 	105 	109 	0.0 	0.1 	0.1 	.073
408 	Jake Voskuhl 	C 	30 	MIL 	44 	386 	8.7 	.528 	.463 	.363 	.000 	8.8 	21.3 	14.8 	5.1 	1.2 	4.3 	23.8 	14.2 	95 	109 	-0.1 	0.3 	0.2 	.025
409 	Sasha Vujacic 	SG 	23 	LAL 	72 	1279 	15.1 	.605 	.577 	.189 	.560 	1.7 	11.3 	6.7 	8.7 	1.4 	0.3 	9.1 	19.8 	116 	108 	2.4 	1.2 	3.6 	.136
410 	Dwyane Wade 	SG 	26 	MIA 	51 	1954 	21.5 	.549 	.480 	.498 	.082 	2.7 	10.5 	6.6 	37.5 	2.4 	1.5 	16.4 	33.1 	103 	110 	1.8 	1.5 	3.3 	.082
411 	Von Wafer 	SG 	22 	TOT 	29 	154 	1.0 	.347 	.311 	.197 	.426 	0.7 	13.1 	7.0 	6.6 	0.6 	1.5 	16.4 	22.7 	66 	110 	-0.6 	0.1 	-0.5 	-0.163
412 	Antoine Walker 	PF 	31 	MIN 	46 	892 	11.4 	.455 	.444 	.176 	.501 	7.1 	15.0 	10.9 	8.0 	1.9 	0.7 	10.2 	22.8 	95 	111 	-0.5 	0.5 	0.1 	.004
413 	Ben Wallace 	C-PF 	33 	TOT 	72 	2205 	12.0 	.408 	.392 	.480 	.011 	11.6 	19.6 	15.5 	6.9 	2.1 	4.2 	13.6 	10.0 	100 	103 	0.1 	3.5 	3.6 	.078
414 	Gerald Wallace 	PF 	25 	CHA 	62 	2376 	17.5 	.547 	.488 	.471 	.243 	2.8 	15.3 	9.0 	15.9 	2.9 	1.9 	14.1 	24.6 	104 	106 	1.8 	2.8 	4.6 	.094
415 	Rasheed Wallace 	C 	33 	DET 	77 	2346 	17.2 	.523 	.497 	.172 	.362 	4.3 	21.8 	13.0 	9.7 	2.1 	4.3 	8.4 	20.5 	108 	98 	2.5 	5.1 	7.6 	.155
416 	Luke Walton 	SF 	27 	LAL 	74 	1729 	12.3 	.509 	.479 	.228 	.176 	5.7 	12.7 	9.3 	18.1 	1.7 	0.8 	16.0 	16.0 	106 	107 	1.2 	2.0 	3.2 	.088
417 	Hakim Warrick 	PF 	25 	MEM 	75 	1754 	16.2 	.555 	.512 	.398 	.074 	7.8 	15.0 	11.4 	5.2 	1.0 	1.2 	10.0 	21.6 	110 	112 	2.5 	0.8 	3.3 	.090
418 	Darius Washington 	SG 	22 	SAS 	18 	146 	9.0 	.493 	.479 	.271 	.250 	3.3 	12.8 	8.1 	17.1 	1.9 	0.0 	20.7 	22.2 	89 	103 	-0.2 	0.2 	0.0 	.012
419 	Darryl Watkins 	C 	23 	SAC 	9 	71 	0.5 	.349 	.333 	.333 	.000 	8.5 	11.4 	10.0 	0.0 	1.4 	2.2 	28.9 	15.2 	62 	111 	-0.2 	0.0 	-0.2 	-0.136
420 	C.J. Watson 	PG 	23 	GSW 	32 	368 	11.0 	.519 	.470 	.287 	.257 	3.6 	5.8 	4.7 	12.8 	2.0 	0.0 	13.7 	15.1 	107 	113 	0.3 	0.1 	0.4 	.056
421 	Earl Watson 	PG 	28 	SEA 	78 	2269 	14.6 	.517 	.487 	.194 	.177 	2.1 	8.7 	5.4 	36.6 	1.5 	0.3 	17.8 	18.8 	105 	112 	1.7 	1.1 	2.9 	.061
422 	Chris Webber 	PF 	34 	GSW 	9 	126 	10.7 	.482 	.484 	.387 	.000 	1.6 	26.5 	13.6 	19.3 	1.5 	3.5 	23.3 	15.8 	91 	105 	-0.1 	0.2 	0.1 	.025
423 	Martell Webster 	SF 	21 	POR 	75 	2132 	12.0 	.548 	.516 	.253 	.483 	3.0 	13.3 	8.2 	7.0 	1.1 	1.0 	10.2 	18.0 	107 	110 	1.8 	1.7 	3.5 	.079
424 	Bonzi Wells 	SG 	31 	TOT 	73 	1562 	14.4 	.495 	.453 	.399 	.088 	6.2 	17.8 	12.0 	10.2 	2.6 	1.5 	13.3 	22.7 	99 	100 	-0.1 	3.0 	3.0 	.092
425 	David West 	PF 	27 	NOH 	76 	2870 	19.9 	.535 	.484 	.270 	.019 	7.2 	20.6 	13.7 	10.6 	1.2 	2.7 	10.2 	26.3 	109 	104 	4.3 	4.0 	8.4 	.140
426 	Delonte West 	PG 	24 	TOT 	61 	1533 	12.1 	.492 	.463 	.192 	.284 	2.2 	11.9 	7.0 	23.5 	2.0 	1.4 	18.5 	18.3 	97 	108 	-0.2 	1.5 	1.3 	.041
427 	Mario West 	SG 	23 	ATL 	64 	269 	8.6 	.488 	.429 	.531 	.082 	11.3 	9.5 	10.4 	7.2 	2.4 	1.1 	13.0 	11.7 	110 	109 	0.2 	0.2 	0.5 	.082
428 	Chris Wilcox 	PF 	25 	SEA 	62 	1739 	16.3 	.554 	.524 	.389 	.005 	7.9 	19.2 	13.6 	7.1 	1.3 	1.5 	12.1 	21.2 	107 	108 	1.7 	1.6 	3.4 	.093
429 	Damien Wilkins 	SF 	28 	SEA 	76 	1843 	11.3 	.474 	.440 	.214 	.230 	4.3 	10.2 	7.2 	12.7 	1.7 	0.7 	10.8 	19.4 	98 	111 	-0.1 	1.2 	1.0 	.027
430 	Mike Wilks 	PG 	28 	TOT 	15 	188 	8.6 	.543 	.514 	.111 	.222 	3.0 	8.3 	5.6 	11.3 	2.4 	0.0 	19.2 	10.7 	102 	109 	0.0 	0.2 	0.2 	.052
431 	Aaron Williams 	C 	36 	LAC 	30 	297 	10.3 	.540 	.491 	.327 	.000 	5.8 	18.0 	11.9 	4.9 	2.1 	3.8 	17.1 	11.8 	101 	105 	0.0 	0.4 	0.4 	.072
432 	Deron Williams 	PG 	23 	UTA 	82 	3059 	20.8 	.595 	.544 	.368 	.188 	1.4 	8.3 	4.9 	43.6 	1.5 	0.6 	17.7 	23.1 	118 	110 	8.9 	2.3 	11.3 	.177
433 	Jason Williams 	PG 	32 	MIA 	67 	1886 	12.7 	.502 	.472 	.145 	.500 	0.8 	7.6 	4.1 	27.3 	2.3 	0.2 	13.5 	17.0 	104 	111 	1.0 	1.1 	2.1 	.052
434 	Justin Williams 	C 	23 	TOT 	23 	123 	13.2 	.420 	.448 	.897 	.000 	19.5 	27.3 	23.5 	0.0 	2.1 	3.1 	9.0 	16.2 	99 	104 	0.0 	0.2 	0.2 	.071
435 	Louis Williams 	PG 	21 	PHI 	80 	1862 	16.7 	.523 	.461 	.386 	.203 	2.6 	8.1 	5.3 	22.6 	2.3 	0.6 	12.4 	24.3 	108 	108 	2.5 	1.8 	4.4 	.112
436 	Marcus Williams 	PG 	22 	NJN 	53 	854 	11.0 	.499 	.471 	.160 	.485 	1.9 	11.8 	6.9 	27.8 	1.5 	0.3 	19.3 	20.8 	96 	111 	-0.4 	0.5 	0.2 	.009
438 	Marvin Williams 	SF 	21 	ATL 	80 	2765 	14.5 	.540 	.462 	.446 	.011 	5.0 	14.2 	9.6 	8.3 	1.5 	0.9 	10.4 	20.1 	110 	110 	3.6 	2.1 	5.7 	.099
439 	Mo Williams 	PG 	25 	MIL 	66 	2410 	17.0 	.566 	.528 	.211 	.251 	1.7 	9.8 	5.6 	30.0 	1.7 	0.3 	15.3 	22.1 	111 	114 	4.1 	0.5 	4.5 	.091
440 	Sean Williams 	C 	21 	NJN 	73 	1278 	13.9 	.563 	.538 	.436 	.000 	10.4 	18.8 	14.6 	3.7 	1.1 	6.5 	16.1 	15.5 	105 	105 	0.8 	1.7 	2.5 	.093
441 	Shawne Williams 	SF 	21 	IND 	65 	967 	12.8 	.522 	.485 	.285 	.368 	6.0 	14.0 	9.9 	9.8 	1.3 	2.0 	12.2 	21.3 	102 	108 	0.4 	1.0 	1.4 	.069
442 	Shelden Williams 	PF 	24 	TOT 	64 	776 	11.9 	.494 	.434 	.495 	.009 	10.4 	20.5 	15.5 	3.8 	1.5 	2.1 	11.9 	17.0 	103 	107 	0.4 	0.8 	1.2 	.072
443 	Loren Woods 	C 	29 	HOU 	7 	17 	13.4 	.600 	.600 	.000 	.000 	0.0 	6.5 	3.3 	20.1 	0.0 	0.0 	0.0 	13.4 	136 	109 	0.0 	0.0 	0.1 	.179
444 	Metta World Peace 	SF 	28 	SAC 	57 	2172 	18.8 	.535 	.497 	.307 	.230 	5.6 	12.1 	8.9 	16.2 	3.1 	1.4 	11.9 	25.5 	106 	108 	2.4 	2.2 	4.7 	.103
445 	Antoine Wright 	SG 	23 	TOT 	56 	1232 	8.4 	.488 	.462 	.204 	.334 	3.8 	10.0 	6.9 	10.5 	1.2 	1.3 	12.2 	15.2 	99 	111 	0.0 	0.8 	0.8 	.029
446 	Brandan Wright 	SF 	20 	GSW 	38 	376 	17.2 	.583 	.554 	.357 	.000 	10.4 	18.1 	14.1 	3.4 	0.8 	4.3 	9.1 	16.0 	120 	109 	0.8 	0.3 	1.1 	.142
447 	Dorell Wright 	SF 	22 	MIA 	44 	1104 	14.4 	.537 	.495 	.235 	.038 	5.1 	19.0 	11.9 	9.4 	1.4 	3.0 	8.2 	15.1 	111 	108 	1.2 	1.1 	2.2 	.096
448 	Julian Wright 	SF 	20 	NOH 	57 	640 	15.4 	.581 	.562 	.308 	.142 	5.9 	15.7 	10.7 	9.5 	2.4 	1.5 	15.1 	16.4 	111 	104 	0.7 	0.9 	1.7 	.126
449 	Lorenzen Wright 	C 	32 	TOT 	18 	161 	2.5 	.317 	.286 	.286 	.000 	5.8 	21.6 	13.8 	3.5 	1.0 	1.4 	14.5 	7.8 	79 	108 	-0.2 	0.2 	0.0 	.001
450 	Nick Young 	SG 	22 	WAS 	75 	1158 	11.6 	.527 	.481 	.259 	.209 	2.3 	9.6 	5.8 	9.6 	1.6 	0.5 	15.0 	24.9 	98 	112 	-0.1 	0.6 	0.4 	.017
451 	Thaddeus Young 	PF 	19 	PHI 	74 	1554 	16.5 	.570 	.545 	.210 	.039 	9.1 	14.8 	11.9 	6.2 	2.5 	0.4 	10.7 	17.4 	115 	106 	2.6 	2.0 	4.5 	.140