5.8 27
9.8 28
19.1 25
19.8 26
19.9 27
19.9 28
18.7 29
17.2 30
13.1 31
11.6 24
13.6 25
22.9 26
21.6 27
21.3 28
21.7 29
20.9 30
22.2 31
21.6 32
16.4 33
17.3 34
15.2 35
16.4 36
14.8 37
14.7 38
12.1 25
13.9 26
14.4 27
13.7 28
16.5 29
12.6 30
12.9 31
13.2 32
13.8 33
8.7 31
5.4 32
17.1 27
15.5 28
16.9 29
15.1 30
11.7 31
10.8 32
13.7 33
12.2 31
13.6 32
13.6 33
11.1 34
6.4 34
11.9 28
8.0 29
13.4 30
10.1 31
9.0 32
12.0 34
18.6 33
16.7 34
14.6 35
15.6 36
11.0 37
7.3 38
15.1 39
12.2 27
14.5 28
10.1 29
12.1 30
13.4 31
12.9 32
17.4 33
8.9 34
6.2 35
12.3 33
11.5 34
9.3 35
10.0 36
9.8 37
8.3 32
9.0 22
3.3 21
8.6 22
13.0 30
14.1 31
10.6 32
14.8 33
1.4 34
10.3 23
14.3 34
16.6 30
19.3 31
15.8 32
18.3 33
14.0 34
14.8 35
16.6 36
16.7 37
12.4 32
17.7 33
17.9 34
14.6 35
13.4 36
15.2 25
14.5 26
15.2 27
11.9 28
8.6 29
12.2 30
-0.6 25
8.6 26
7.9 27
12.7 28
12.2 29
12.9 30
12.0 31
10.5 32
10.7 33
13.8 34
8.2 35
7.6 21
10.6 22
13.3 23
15.7 24
5.8 25
16.7 29
14.3 30
11.2 31
10.1 32
16.8 23
14.9 24
17.6 25
19.3 26
19.2 27
17.9 28
16.0 29
14.5 30
16.3 31
12.7 32
10.9 33
14.1 25
17.6 26
20.4 27
18.6 28
19.0 29
23.4 30
21.3 31
23.6 32
18.8 33
20.2 34
18.7 35
16.1 36
15.0 37
15.8 34
11.8 33
10.2 34
9.6 35
11.1 26
9.3 27
10.6 28
16.0 29
12.5 30
12.1 31
12.7 32
11.4 33
16.1 25
11.9 26
9.9 27
13.6 28
11.9 29
8.9 30
9.6 31
7.1 32
15.8 24
8.1 30
8.2 31
9.1 32
8.2 33
9.5 34
9.1 35
7.1 36
7.0 37
13.3 26
11.4 27
12.7 28
9.9 29
7.7 30
9.2 28
17.2 25
13.9 26
17.6 27
16.2 28
17.1 29
15.7 30
16.2 31
16.2 29
14.6 30
18.3 31
15.6 32
20.4 22
23.6 23
21.7 24
23.2 25
22.4 26
26.5 27
23.1 28
18.0 29
14.6 30
15.7 31
18.5 32
18.0 33
15.2 34
14.0 35
9.4 35
9.4 36
20.0 31
9.7 33
9.0 33
13.3 32
15.1 33
17.6 34
15.7 35
15.5 36
12.7 37
9.7 38
8.2 33
8.6 34
6.3 29
12.2 30
13.4 31
13.1 32
11.6 33
24.5 23
23.2 24
26.2 25
23.7 26
23.3 27
28.0 28
26.1 29
24.2 30
24.4 31
21.9 32
23.9 33
21.9 34
23.0 35
10.7 36
17.6 36
17.6 37
2.1 36
11.5 37
12.1 25
13.3 26
11.6 27
7.4 28
13.7 29
11.4 30
7.8 31
7.2 32
9.9 33
11.3 24
13.0 34
13.7 28
11.2 29
20.9 27
15.1 28
17.5 29
17.8 30
18.0 31
19.9 32
19.1 33
17.2 34
18.7 35
17.9 36
14.8 37
16.2 38
16.4 33
19.5 34
14.1 35
13.8 36
4.7 24
15.9 25
13.8 26
19.4 27
14.0 28
10.0 29
17.7 30
7.3 31
8.1 32
6.9 33
9.7 34
11.3 26
8.9 27
9.9 28
0.3 29
11.3 30
10.6 31
3.3 32
12.8 33
10.8 34
10.3 35
9.2 36
25.0 25
20.5 26
21.9 27
20.0 28
22.9 29
21.6 30
21.8 31
18.8 32
19.3 33
17.1 34
14.8 35
13.6 36
17.8 37
15.9 38
9.6 38
9.6 39
12.7 40
20.1 32
21.3 33
22.3 34
22.8 35
18.6 36
18.5 37
17.1 38
13.0 27
15.0 28
15.5 29
13.2 30
14.9 31
9.3 32
4.1 30
10.3 31
9.8 32
10.6 33
7.8 34
9.0 34
8.8 35
14.8 31
15.2 32
15.0 33
14.0 34
9.9 35
6.8 36
15.6 26
16.7 27
13.9 28
9.0 24
8.8 25
-3.7 26
6.8 27
9.1 28
13.8 34
16.2 35
15.4 36
11.6 37
9.3 33
8.8 34
6.7 35
7.4 24
11.1 25
15.0 26
14.6 27
9.5 26
11.5 27
28.8 28
8.5 21
15.3 22
15.4 23
15.9 24
15.2 25
15.5 26
14.5 27
16.0 28
15.1 29
18.4 30
14.2 31
15.7 32
16.8 33
17.3 34
16.6 34
16.6 35
14.0 36
14.3 26
14.3 27
16.1 28
14.4 29
13.5 30
15.2 31
10.9 32
13.2 33
7.2 32
14.5 33
10.4 25
14.4 37
7.5 33
6.2 34
5.7 35
3.6 36
10.0 26
11.3 27
15.8 28
20.1 29
15.2 30
13.9 31
14.9 32
15.3 33
15.7 34
14.0 35
9.7 36
15.5 26
13.4 27
13.3 28
19.7 29
18.0 30
13.7 31
15.0 32
13.7 33
16.5 33
14.8 34
14.5 35
11.8 36
11.1 37
16.6 22
18.2 23
16.9 24
20.7 25
20.8 26
18.3 27
21.0 28
19.8 29
14.5 30
17.4 31
17.0 32
15.1 32
16.6 33
14.5 34
12.9 35
13.4 36
9.9 37
11.8 33
6.5 34
10.0 31
10.7 32
8.8 33
18.9 22
15.9 23
16.1 24
16.1 25
15.0 26
15.6 27
15.9 28
12.0 29
7.1 30
12.8 28
10.1 29
11.3 30
10.6 31
11.3 35
13.4 28
13.8 29
13.7 30
13.2 31
15.1 32
14.3 26
12.4 26
6.4 27
17.7 33
17.0 34
15.6 35
16.3 36
9.9 24
8.8 25
8.9 26
12.4 27
9.7 28
9.9 29
11.0 30
12.6 21
7.4 22
9.6 23
10.0 24
10.1 25
12.6 26
11.1 27
14.1 28
13.6 29
11.6 30
11.3 31
6.9 32
7.9 27
12.4 28
9.4 29
7.2 36
7.1 37
23.8 25
27.0 26
26.9 27
27.1 28
27.0 29
23.1 30
26.1 31
24.4 32
24.4 33
24.7 34
21.9 35
22.5 36
24.4 37
21.3 38
22.6 38
22.6 39
11.7 29
8.5 30
14.1 31
12.4 32
9.3 33
12.4 26
16.0 31
9.1 32
10.8 26
9.9 27
12.9 39
10.1 35
11.2 36
18.2 28
17.6 29
17.6 30
17.8 31
14.3 32
12.7 33
13.7 34
11.4 35
11.4 36
14.0 27
14.0 28
11.9 29
11.5 30
13.4 31
14.8 32
11.4 33
13.8 34
12.1 35
9.3 36
8.9 37
8.0 38
7.7 39
11.0 23
14.2 24
17.9 25
13.4 26
11.6 27
24.4 25
15.9 26
9.9 27
15.9 28
17.0 29
8.5 30
9.5 33
4.8 34
12.5 25
12.9 26
12.0 27
16.2 28
15.4 29
15.1 30
13.0 31
15.7 32
13.0 33
9.6 34
14.3 35
13.8 32
11.3 33
11.9 34
12.4 26
12.5 27
15.3 28
13.0 29
12.7 30
10.3 31
13.7 32
9.9 33
21.6 24
19.1 25
20.6 26
15.8 27
18.9 28
15.2 29
15.1 30
16.1 31
13.8 32
23.9 25
23.8 26
26.4 27
29.4 28
28.2 29
26.8 30
24.1 31
25.3 32
21.2 33
19.4 34
20.6 35
20.4 36
19.2 37
13.3 38
15.2 38
15.2 39
12.5 35
10.1 25
12.3 26
11.2 27
0.5 28
9.1 29
9.1 30
6.4 31
15.6 34
11.5 32
6.2 24
12.6 25
11.4 26
11.5 27
10.7 28
11.3 29
9.7 30
7.0 31
7.0 32
8.9 23
10.1 33
7.6 34
10.6 35
11.1 36
12.3 23
13.1 24
13.5 25
12.2 26
4.1 25
17.5 29
12.7 30
15.6 31
12.1 32
10.0 33
14.3 36
13.9 37
13.1 38
10.5 27
14.2 28
11.5 29
4.5 30
10.7 31
11.6 32
10.7 33
11.1 32
9.7 33
10.9 34
9.1 35
10.3 23
11.8 24
10.1 28
9.7 29
5.5 30
8.3 31
15.7 23
16.9 24
18.7 25
16.8 26
16.0 27
18.2 28
18.1 29
18.2 30
16.9 31
14.9 32
15.8 33
13.2 34
5.7 26
13.5 27
17.7 28
15.9 29
10.4 30
16.6 30
13.9 31
13.0 32
11.8 33
9.0 34
16.7 35
13.6 36
13.3 25
14.1 26
19.3 27
16.1 28
15.5 29
16.3 30
14.7 31
14.1 32
10.2 21
14.3 22
12.4 23
14.9 24
14.4 25
16.0 26
14.8 27
15.6 28
15.9 29
16.8 30
12.3 31
15.3 32
10.3 33
12.0 28
13.0 29
12.3 30
9.0 31
14.5 32
11.1 33
5.0 34
12.9 31
15.7 32
13.5 33
11.1 34
1.7 23
17.0 31
7.8 32
9.8 21
14.1 22
12.5 23
10.4 24
14.0 29
13.4 30
12.1 31
18.2 32
12.4 33
12.2 34
6.2 26
18.1 29
16.7 30
12.4 33
10.1 34
9.9 35
15.3 29
12.2 30
10.2 31
13.6 32
11.0 31
14.5 32
12.4 33
14.5 34
14.9 35
13.5 36
11.9 37
11.6 23
11.6 24
12.1 25
12.0 26
15.8 27
15.2 28
15.0 29
13.0 30
15.4 31
10.5 32
16.1 30
15.2 31
17.7 32
14.8 33
16.0 28
15.8 29
17.2 30
15.6 31
13.0 32
12.5 33
12.8 34
4.1 35
10.9 36
10.0 37
8.4 38
3.6 39
10.2 25
15.3 26
15.2 27
12.5 28
12.1 29
12.2 30
10.8 31
13.9 23
15.4 24
15.5 25
17.6 26
21.6 27
14.0 28
12.1 29
11.9 30
13.4 31
14.8 31
9.4 32
10.6 33
9.0 34
9.6 35
10.5 36
12.7 37
8.8 38
7.9 39
16.0 26
17.4 27
19.4 28
20.2 29
19.5 30
21.9 31
18.0 32
18.7 33
18.0 34
11.9 35
24.0 26
21.9 27
21.2 28
19.3 29
23.2 30
25.9 31
19.6 32
20.9 33
15.8 34
13.1 28
17.3 29
18.4 30
19.2 31
18.0 32
14.6 33
15.1 34
13.5 35
10.4 34
10.7 31
11.3 32
12.4 33
12.2 34
10.9 35
16.1 27
11.1 28
13.4 29
13.2 30
15.9 31
12.5 32
14.9 36
16.3 37
12.2 38
12.1 23
7.9 24
14.5 25
16.1 26
15.9 27
13.6 28
14.4 29
14.9 30
16.1 31
15.6 32
14.6 33
10.7 34
8.0 35
5.8 25
19.0 25
17.1 26
19.0 27
21.2 28
16.9 29
17.7 30
18.4 31
20.3 32
20.6 33
17.3 34
16.8 35
16.1 36
15.3 37
8.1 27
11.8 28
11.3 29
11.6 30
14.3 31
14.2 32
9.9 33
11.2 34
10.3 35
11.5 36
16.6 37
12.2 38
8.4 21
11.2 34
8.6 35
9.4 36
8.5 37
8.3 38
13.0 25
11.2 26
11.5 27
14.2 28
15.5 29
9.3 30
10.2 31
11.3 32
18.8 30
17.5 31
18.9 32
16.7 33
13.6 34
14.7 35
12.3 36
14.2 22
13.2 23
12.3 24
7.6 25
13.1 26
12.1 27
13.1 31
14.4 32
7.0 33
11.4 32
12.1 33
10.6 36
12.3 37
19.4 28
19.1 29
22.2 30
19.7 31
19.5 32
19.2 33
19.4 34
16.7 35
16.9 36
17.2 37
14.4 38
13.1 39
12.5 26
14.9 27
11.2 28
13.6 29
18.0 30
17.3 31
14.3 32
11.4 33
0.9 27
5.3 28
17.8 33
14.4 34
18.0 35
16.1 36
12.8 37
17.0 32
13.7 33
16.1 34
14.5 35
17.6 25
17.9 26
16.5 27
16.8 28
17.3 29
12.0 30
8.7 31
11.8 25
9.4 24
8.5 25
9.4 26
13.2 28
14.5 29
14.4 30
13.5 31
15.1 32
7.1 24
17.3 22
18.5 23
16.7 24
17.5 25
19.4 26
20.0 27
20.7 28
16.7 29
16.8 30
14.0 31
12.0 32
9.3 33
11.1 34
-3.7 26
12.0 27
19.6 28
1.7 29
13.3 30
-3.0 31
-3.6 29
10.7 30
11.4 35
7.7 36
12.5 27
8.7 24
13.7 25
12.9 26
12.6 27
14.1 28
15.5 29
14.1 30
11.9 31
12.4 31
9.0 32
12.9 33
9.7 34
18.3 26
17.7 27
9.2 26
12.7 27
9.3 28
9.4 29
6.9 30
5.3 31
4.5 32
0.2 33
18.2 22
14.3 23
17.4 24
20.1 25
19.9 26
18.9 27
18.6 28
19.3 29
16.9 30
20.3 31
15.8 32
14.1 33
13.4 23
18.8 24
15.4 25
16.5 26
12.9 27
11.1 28
11.5 29
1.4 30
10.6 31
9.4 32
12.7 33
9.4 36
24.7 38
21.1 39
21.7 40
14.3 35
11.7 36
22.7 24
18.1 25
20.1 26
20.4 27
21.9 28
16.4 29
15.3 30
13.8 31
21.0 23
19.8 24
21.3 25
19.9 26
21.7 27
23.6 28
20.8 29
19.2 30
16.0 31
14.7 32
17.0 33
15.0 34
18.0 35
13.7 36
11.0 36
19.9 28
19.2 29
18.4 30
18.9 31
19.9 32
13.4 33
15.3 34
9.8 35
17.0 30
13.4 24
14.5 25
16.9 26
18.7 27
17.5 28
16.7 29
5.4 30
14.7 31
13.6 32
13.4 33
14.1 34
9.9 35
13.9 36
12.2 37
10.0 37
17.5 29
16.9 30
18.0 31
17.4 35
12.9 36
10.5 24
13.4 25
15.2 26
15.7 27
14.8 28
9.2 29
10.8 30
12.3 31
7.1 32
9.6 34
11.4 35
9.2 36
9.7 37
9.2 27
11.5 28
10.8 29
10.9 30
8.2 31
12.9 34
11.1 24
9.5 25
12.4 26
-3.8 27
22.0 27
24.9 22
25.1 23
30.3 24
25.3 25
22.9 26
21.9 27
23.2 28
18.4 29
16.3 30
12.2 31
14.9 32
15.6 27
13.8 28
10.0 29
15.1 30
12.4 31
9.2 32
7.7 33
8.3 35
15.1 29
15.8 30
13.7 31
13.9 32
8.4 33
6.1 34
21.8 22
15.6 23
10.3 24
13.6 25
11.9 26
11.0 27
14.8 25
10.2 26
9.3 27
9.3 28
12.6 22
10.0 23
13.2 24
14.6 25
15.7 26
14.7 20
14.4 21
9.7 22
16.1 23
15.5 24
20.1 25
21.8 26
15.2 27
18.8 28
16.5 29
16.4 30
16.1 31
18.4 32
18.6 33
18.1 34
17.8 35
14.8 36
15.7 37
13.9 38
13.3 38
13.3 39
16.4 25
20.1 26
19.3 27
19.4 28
20.7 29
17.5 30
13.5 31
16.8 32
16.7 33
12.9 34
16.3 35
13.2 21
15.0 22
14.7 23
14.9 24
16.7 25
17.2 26
16.4 27
16.1 28
13.8 29
13.9 30
9.7 31
11.4 32
13.5 33
12.5 34
4.6 34
4.6 35
6.5 36
17.3 36
16.5 37
15.9 38
16.1 39
9.6 32
12.3 33
8.2 38
17.7 26
16.7 27
14.7 28
14.1 29
15.0 30
13.1 31
12.5 32
11.5 33
19.2 24
14.0 25
12.4 26
16.1 27
16.4 28
15.0 29
16.5 30
15.8 31
7.7 32
19.6 33
15.9 34
11.0 35
10.8 36
10.1 37
8.7 37
8.7 38
3.2 23
5.9 24
14.5 25
12.3 26
5.4 30
12.9 26
14.9 27
17.9 28
13.3 29
12.7 30
8.6 31
14.8 32
11.5 33
8.9 34
7.5 25
24.6 31
13.9 28
11.4 30
13.6 31
5.2 32
17.5 35
16.0 36
11.2 37
14.3 38
16.4 39
12.7 40
14.4 41
14.5 42
6.6 26
20.6 27
13.5 28
12.9 29
11.7 26
14.4 27
14.3 28
13.2 29
14.5 30
14.0 25
14.8 26
14.8 27
11.5 28
11.2 29
10.9 30
13.5 31
12.1 32
7.7 33
8.4 34
5.5 35
19.6 27
20.7 28
22.6 29
20.5 30
22.0 31
23.3 32
23.8 33
21.1 34
19.5 35
21.6 36
20.8 37
20.3 38
16.0 39
8.9 26
10.4 25
12.9 26
14.7 27
15.3 28
12.0 29
11.0 30
13.9 31
16.1 32
14.1 33
8.9 27
11.5 28
11.7 29
6.7 30
8.6 31
4.0 32
14.9 33
13.0 38
16.2 28
13.1 29
11.8 30
10.9 31
6.1 32
22.8 23
24.1 24
25.6 25
22.5 26
26.1 27
28.1 28
27.6 29
24.6 30
23.1 31
22.9 32
23.4 33
21.7 34
19.8 35
23.6 36
19.2 36
19.2 37
19.0 38
17.5 23
18.1 24
21.4 25
21.1 26
22.9 27
20.4 28
18.8 29
14.4 30
15.4 31
17.9 32
9.2 33
9.4 34
16.7 35
30.2 29
29.7 30
29.5 31
24.4 32
27.0 33
24.4 34
21.7 35
17.1 36
22.3 37
17.9 38
11.6 38
6.6 39
8.3 40
18.9 22
13.7 23
14.6 24
18.5 25
17.3 26
17.0 27
16.1 28
16.9 29
16.6 30
15.9 31
19.4 32
9.2 33
20.7 39
10.3 29
12.3 30
13.7 31
12.2 32
6.7 33
7.8 34
8.4 35
9.7 36
9.9 37
10.0 26
12.4 27
10.5 28
11.2 29
10.4 30
8.3 31
13.3 28
12.7 29
11.5 30
14.3 31
10.0 32
15.7 30
11.4 31
12.2 32
13.1 33
8.1 34
11.8 35
11.4 36
7.5 32
10.6 20
11.2 21
14.8 32
9.1 33
13.3 34
17.6 25
15.4 26
12.4 27
15.6 28
12.3 29
12.5 30
12.3 23
9.7 24
8.2 25
7.4 26
12.5 27
12.6 29
7.6 30
13.3 31
19.3 26
18.8 27
14.5 28
14.6 29
15.8 30
16.4 31
18.5 32
22.1 33
22.9 34
21.1 35
17.3 36
15.1 37
10.7 38
12.6 32
12.2 33
11.0 34
11.8 35
11.2 27
11.6 32
11.6 30
16.3 31
13.5 32
11.5 33
14.1 24
15.3 25
12.6 26
12.1 27
14.4 28
15.3 29
13.2 30
11.2 31
10.7 32
9.3 33
14.6 31
13.8 32
16.0 33
8.7 34
12.4 35
6.2 36
7.7 37
22.3 24
22.3 25
22.7 26
19.4 27
21.8 28
23.6 29
21.7 30
19.6 31
17.7 32
18.2 33
19.7 34
19.6 35
19.1 36
16.8 37
15.2 37
15.2 38
8.2 39
15.3 36
14.9 37
15.3 38
15.0 26
15.0 27
14.6 28
8.3 29
11.2 30
12.3 31
8.5 32
7.2 29
15.5 38
12.5 25
12.9 26
13.5 27
18.8 28
10.5 29
9.8 30
12.7 31
12.0 32
10.8 33
8.7 34
7.2 23
11.0 24
12.8 26
11.4 27
8.2 28
11.2 29
14.5 30
7.4 31
9.4 33
5.9 22
10.2 23
7.9 24
6.7 25
15.5 26
15.3 27
7.4 28
12.3 29
15.4 30
11.2 31
6.2 32
6.0 33
16.3 28
11.1 29
13.8 30
14.4 31
10.1 32
12.2 33
6.7 34
11.9 35
11.2 36
10.3 37
6.2 34
3.4 22
20.0 23
21.0 24
19.9 25
18.3 26
21.2 27
22.3 28
18.8 29
17.9 30
12.1 31
9.7 32
13.1 28
10.1 29
13.7 34
8.0 35
11.9 36
16.5 21
17.4 22
12.5 23
15.1 24
13.6 25
9.6 26
14.3 27
8.5 28
11.6 29
12.9 30
8.1 31
8.7 32
14.9 36
11.8 30
14.8 35
13.5 36
12.4 37
10.8 38
10.3 39
9.6 40
23.7 36
20.3 37
17.9 25
12.5 26
11.5 27
20.1 29
19.1 30
16.7 31
15.0 32
11.8 34
18.1 30
14.6 30
17.0 31
11.7 32
14.2 33
11.5 32
7.5 33
7.7 34
17.8 29
16.8 30
14.9 31
12.4 32
16.6 33
13.9 34
14.8 27
16.4 28
16.1 29
15.0 30
12.2 31
10.2 32
7.7 33
7.3 34
10.1 25
14.1 31
9.8 32
9.1 33
11.6 34
11.8 35
7.9 25
12.0 29
10.9 35
11.8 36
10.4 25
11.3 26
15.4 27
14.4 28
13.7 29
10.5 30
8.9 31
11.4 32
10.6 33
5.5 34
0.0 35
14.1 31
17.9 32
14.7 24
14.6 26
16.0 27
14.3 28
16.6 29
15.0 30
16.1 31
13.9 32
16.1 33
13.8 34
11.2 35
15.9 32
13.9 33
12.0 34
11.8 35
14.0 28
14.7 29
15.6 30
13.5 31
9.0 32
8.1 33
8.6 34
13.5 34
15.1 31
13.7 32
14.3 33
14.7 34
21.8 27
19.0 28
18.7 29
13.2 30
15.9 31
14.5 32
16.8 33
13.3 34
3.4 35
11.1 36
6.0 37
11.5 38
9.3 36
12.2 25
13.9 26
13.6 27
4.3 20
8.2 21
8.2 22
11.6 23
9.3 24
10.9 25
12.9 26
12.6 27
6.9 28
3.3 29
9.8 30
4.3 31
8.7 26
8.6 27
5.9 28
4.2 29
11.7 31
22.3 39
21.9 40
18.4 24
19.3 25
19.6 26
21.8 27
17.3 28
16.7 29
15.8 30
15.7 31
12.5 32
12.4 33
16.3 28
14.7 29
12.1 30
14.8 31
16.6 32
13.7 33
12.6 34
10.7 28
12.9 29
13.5 30
14.0 31
11.9 31
11.4 32
16.1 35
15.6 36
15.4 37
14.9 38
11.0 21
8.7 22
1.2 23
3.5 24
11.2 28
17.1 29
14.2 30
16.2 31
13.1 22
17.2 23
18.0 24
19.2 25
16.7 26
14.6 27
14.2 28
14.8 29
15.8 24
17.1 25
17.3 26
15.3 27
17.1 28
17.7 29
14.8 30
13.9 31
17.3 24
19.2 25
18.2 26
16.2 27
18.4 28
18.4 29
18.9 30
17.8 31
19.3 32
16.5 33
15.9 34
15.7 35
12.8 36
7.4 37
11.4 37
11.4 38
10.2 39
11.2 24
16.4 25
14.9 26
15.9 27
15.2 28
15.0 29
10.2 30
2.6 31
8.8 32
16.9 29
15.8 30
16.7 31
14.1 32
14.1 33
13.1 34
11.4 35
14.2 36
14.0 37
9.9 38
10.0 39
9.5 40
16.4 24
13.1 25
14.3 26
15.1 27
12.3 28
12.2 29
13.6 30
12.2 31
12.2 32
14.1 24
13.0 25
15.3 26
16.2 27
13.8 27
15.4 28
15.9 29
9.6 22
11.7 23
10.2 24
12.5 25
11.8 26
17.3 27
11.7 22
14.2 23
12.0 24
14.1 25
16.0 26
16.7 27
14.2 28
17.8 29
14.8 30
13.3 31
13.4 32
11.7 33
3.4 34
11.3 35
10.5 35
18.5 30
17.8 31
15.6 32
13.1 33
12.5 34
15.5 26
16.0 27
17.3 28
17.8 29
15.7 30
12.8 26
13.1 27
10.5 28
8.0 29
8.9 30
7.5 31
10.9 32
9.2 33
5.8 24
13.9 25
11.8 26
11.2 27
8.7 28
11.0 29
10.9 30
8.7 31
18.9 25
17.1 26
14.6 27
15.8 28
15.5 29
14.4 30
9.6 31
12.2 25
14.5 26
11.6 27
10.4 28
3.1 29
14.8 27
18.6 28
17.2 29
17.3 30
17.4 31
17.5 32
14.6 33
12.0 34
12.2 35
15.8 36
12.3 37
11.2 27
20.9 27
19.3 28
18.5 29
17.8 30
16.4 31
17.6 32
15.7 33
17.2 34
14.9 35
14.5 31
14.5 32
15.9 33
14.5 34
17.4 31
13.3 32
14.5 33
14.6 34
24.7 28
24.4 29
20.9 30
17.2 31
18.6 32
18.4 33
16.0 34
18.8 25
18.4 26
15.7 27
13.0 28
15.9 29
16.6 30
8.9 31
15.3 31
11.3 32
15.1 33
12.6 34
11.8 35
9.6 36
14.7 25
14.9 26
14.8 27
11.8 28
13.2 30
15.6 31
9.2 32
15.1 30
15.2 31
11.9 32
13.2 33
5.9 34
11.6 35
9.4 36
15.2 27
13.8 28
16.7 29
10.0 29
8.8 30
13.1 31
12.5 32
10.7 33
6.8 34
12.8 26
15.1 27
17.1 28
16.9 29
15.4 30
15.0 31
15.0 32
15.7 28
15.7 29
15.6 30
14.7 31
11.0 30
14.7 31
14.2 33
10.5 34
9.7 35
14.4 36
15.4 26
14.3 27
12.4 28
12.6 31
13.1 32
15.1 28
20.0 29
15.7 30
14.4 31
14.7 32
8.1 33
14.6 39
16.1 40
12.5 41
14.9 42
13.6 22
15.8 23
17.6 24
18.2 25
23.5 26
15.2 27
18.5 28
18.8 29
15.6 30
12.1 31
11.2 32
11.0 33
12.5 34
15.7 26
14.8 27
14.4 28
14.0 29
13.9 30
12.2 31
6.6 32
2.5 33
14.9 24
16.1 25
11.6 26
11.5 27
15.0 24
9.9 25
10.5 26
14.2 27
11.5 28
10.4 29
9.8 30
7.3 31
5.9 32
13.8 24
14.0 25
14.4 26
18.5 27
17.0 21
18.6 22
16.0 23
21.3 24
23.8 25
24.0 26
18.2 27
18.9 28
18.7 29
10.8 30
3.8 22
3.9 23
12.4 23
14.1 24
16.8 25
11.3 26
15.6 27
14.4 28
8.0 27
-8.4 28
13.9 24
15.0 25
15.3 26
14.8 27
14.7 28
12.0 29
11.7 30
10.7 31
11.1 32
12.3 33
9.7 34
10.7 35
6.5 24
18.4 25
9.9 23
12.8 24
4.1 25
11.7 26
10.0 22
13.4 23
6.6 24
9.8 23
10.9 24
9.7 25
16.1 26
15.3 27
9.7 28
1.6 23
1.6 24
-4.3 25
11.9 21
8.8 22
12.5 23
11.2 20
13.6 21
15.7 22
10.4 23
11.7 24
13.7 25
10.1 26
11.5 27
7.9 28
12.8 29
11.1 30
12.4 23
17.4 24
-9.2 25
13.0 20
15.8 21
14.2 22
16.4 23
12.2 24
17.0 25
17.5 26
13.4 27
12.5 28
18.4 29
18.7 30
18.9 31
16.4 32
20.1 32
20.1 33
14.7 34
12.6 24
15.9 25
17.3 26
15.8 27
16.1 28
11.5 24
8.2 25
11.1 26
8.0 27
11.0 28
8.0 29
6.1 30
5.8 31
3.7 32
10.7 24
9.9 25
10.0 26
8.6 27
5.5 28
3.0 29
3.4 30
3.3 31
0.9 32
5.4 33
3.7 34
3.0 35
14.4 20
17.5 21
14.8 22
16.3 23
17.0 24
17.0 25
15.0 26
2.8 27
3.2 21
6.7 22
10.4 23
6.3 24
11.5 25
10.6 26
12.5 27
9.7 28
7.8 29
5.4 30
6.8 31
12.7 27
12.5 28
12.6 29
10.0 21
-2.2 22
2.8 21
9.5 26
12.4 27
6.5 28
19.5 22
20.7 23
21.7 24
22.5 25
22.7 26
24.1 27
21.6 28
22.2 29
22.9 30
23.3 31
20.4 32
16.7 33
19.3 34
22.7 34
22.7 35
21.7 36
13.8 20
10.4 23
6.0 24
8.2 25
9.3 26
9.5 27
9.7 28
4.2 29
7.2 30
4.0 23
13.7 23
13.5 24
17.2 25
16.5 26
13.8 27
14.2 28
18.3 29
14.9 30
16.1 31
11.7 32
12.9 33
12.9 21
13.4 22
11.2 23
14.7 24
13.9 25
12.3 26
12.3 26
11.9 27
13.1 28
11.3 29
10.0 30
6.3 31
5.1 32
45.3 33
9.4 27
11.8 28
14.4 29
16.6 30
19.8 31
13.3 32
8.6 33
9.7 34
13.4 22
16.6 23
18.1 24
16.6 25
18.9 26
13.8 27
17.4 28
15.4 29
13.1 30
12.4 31
11.1 32
10.3 33
11.8 34
11.3 34
11.3 35
9.7 36
11.8 21
11.6 22
13.9 23
15.1 24
17.9 25
19.5 26
17.3 27
18.2 28
19.3 29
16.4 30
18.4 31
14.1 32
15.5 33
14.1 33
14.1 34
12.0 35
20.7 39
18.8 21
21.1 22
22.6 23
24.4 24
20.7 25
14.3 26
17.2 27
16.8 28
18.2 29
16.1 28
18.3 29
14.7 30
9.3 27
7.7 30
10.2 29
7.3 30
9.5 24
10.3 22
15.9 23
16.8 24
16.8 25
15.9 26
14.5 27
16.0 28
17.8 29
18.0 30
8.0 31
9.0 32
6.0 24
11.7 20
16.5 21
15.7 22
18.0 23
20.8 24
21.4 25
20.0 26
23.4 27
16.4 28
20.4 29
22.0 30
23.0 31
18.9 32
15.9 32
15.9 33
16.2 34
12.7 22
13.0 23
15.1 24
13.7 25
13.6 26
11.0 27
12.6 28
11.0 29
7.9 30
12.6 31
11.7 32
16.9 21
19.9 22
19.6 23
18.6 24
16.9 25
22.8 26
18.0 27
19.6 28
21.2 29
22.6 30
17.9 31
17.9 32
18.3 33
19.5 33
19.5 34
18.3 35
16.2 30
14.0 31
10.5 32
14.0 33
13.8 22
14.8 23
16.8 24
19.0 25
19.2 26
15.5 27
18.4 28
16.7 29
16.6 30
15.0 31
13.3 32
7.0 23
11.5 21
4.2 24
8.9 25
9.5 26
11.0 27
5.9 28
6.6 29
5.1 30
7.4 31
3.6 32
6.5 33
15.5 26
6.1 27
13.0 28
13.2 22
13.0 23
12.6 24
16.1 25
13.2 27
15.7 24
15.8 25
16.4 26
13.0 27
13.6 28
13.4 24
13.4 25
16.4 26
18.6 27
12.1 28
15.2 29
11.4 26
8.4 23
17.5 24
13.3 20
12.5 21
10.6 22
14.1 23
21.3 24
19.8 25
17.5 26
18.6 27
18.3 28
16.2 29
15.9 30
11.6 31
10.0 32
6.2 32
11.6 23
14.6 24
12.8 25
13.1 26
14.6 27
13.5 28
14.6 29
9.5 30
10.9 31
10.2 32
9.5 33
7.7 34
11.0 22
9.8 23
16.4 24
9.9 24
9.9 25
12.3 26
11.3 27
2.4 23
11.3 25
12.6 26
-8.0 27
17.9 22
20.8 23
19.2 24
21.4 25
24.1 26
21.9 27
17.2 28
21.3 29
18.8 30
19.7 31
17.1 32
14.4 33
16.4 33
12.7 23
6.9 25
13.1 26
14.6 27
10.3 28
14.3 29
11.3 30
9.7 31
15.1 23
10.7 24
15.8 25
17.0 26
18.3 27
20.7 28
18.8 29
13.7 30
14.2 31
11.7 32
12.4 33
12.2 34
9.3 34
9.3 35
9.5 24
14.0 25
10.3 26
10.8 27
10.8 28
8.8 29
11.8 30
10.7 31
6.2 32
9.9 25
9.0 26
14.9 27
10.4 28
12.2 29
11.0 25
13.5 26
15.2 27
14.6 28
11.8 29
11.3 30
12.5 23
15.1 24
14.5 25
12.5 26
14.1 27
17.3 28
14.4 29
13.1 30
14.6 31
16.6 32
13.6 33
12.6 34
11.6 34
11.6 35
9.1 36
10.8 25
11.1 26
10.5 27
14.3 28
5.2 29
9.0 30
10.4 23
9.9 24
13.0 25
12.5 26
13.5 27
11.0 28
10.4 29
11.4 30
12.4 31
9.2 32
12.8 33
11.7 34
11.7 34
11.2 25
17.0 26
18.1 27
17.2 28
11.9 29
10.7 30
12.2 31
10.5 32
9.9 33
14.7 26
18.5 27
22.3 28
22.4 29
24.1 30
24.3 31
22.9 32
22.5 33
21.7 34
24.1 35
19.0 36
20.0 37
16.2 37
16.2 38
17.8 39
12.1 26
13.2 27
12.9 28
8.7 29
11.3 30
15.0 22
15.6 23
19.7 24
17.6 25
16.5 26
13.8 27
16.3 28
16.9 29
15.9 30
18.8 31
7.7 32
18.4 33
11.9 33
11.9 34
9.6 23
14.6 24
15.4 21
14.8 22
15.6 23
-54.4 24
17.8 25
11.1 26
18.8 27
18.9 28
20.4 29
18.6 30
17.0 31
16.6 32
14.3 32
14.3 33
16.8 34
4.1 24
-1.0 25
9.2 22
9.6 23
14.4 25
12.6 26
13.9 27
11.7 28
9.6 29
12.1 30
6.8 23
11.1 22
8.7 23
11.2 24
11.6 25
8.6 26
7.9 27
9.4 28
9.8 29
8.0 30
10.9 31
5.5 24
11.8 25
13.3 26
11.0 27
10.0 28
10.9 29
12.4 24
7.4 23
20.6 23
21.9 24
23.2 25
25.6 26
26.5 27
22.5 28
6.6 24
15.4 25
9.9 26
11.5 27
10.8 28
13.2 29
14.7 30
5.8 23
8.3 24
10.1 25
7.2 26
14.5 27
14.8 24
18.3 25
18.9 26
19.0 27
18.1 28
15.2 29
17.5 30
15.6 31
12.6 32
7.3 24
11.5 25
11.1 26
9.9 27
13.4 28
11.7 23
13.3 24
16.2 25
14.8 26
16.0 27
15.6 28
15.0 29
16.0 30
15.1 31
12.8 32
11.5 33
8.2 34
12.0 34
12.0 35
5.8 23
10.4 24
10.1 25
9.5 24
10.6 25
9.7 26
10.7 27
12.7 28
13.9 29
16.0 30
14.7 31
12.8 32
9.0 33
10.2 34
7.8 35
5.1 35
8.4 20
15.0 21
11.6 22
24.4 23
-28.0 26
4.6 27
7.1 23
7.8 24
16.2 21
19.8 22
26.6 23
17.8 24
23.1 25
27.6 26
20.3 27
22.6 28
22.7 29
17.7 30
22.1 31
18.8 32
20.3 32
20.3 33
-1.4 24
4.9 20
7.1 21
2.7 22
10.9 20
8.6 21
4.5 24
12.6 25
10.9 26
12.5 21
15.3 22
13.6 23
17.3 24
16.6 25
16.3 26
13.3 27
12.0 28
18.0 29
12.4 30
9.3 24
14.4 25
11.0 26
5.8 27
12.7 28
6.4 23
10.7 24
11.2 22
9.4 23
7.7 24
17.6 20
16.7 21
22.0 22
22.1 23
21.1 24
19.0 25
22.2 26
21.7 27
21.1 28
24.8 29
24.4 30
21.5 30
21.5 31
20.3 32
11.0 23
12.3 24
13.6 25
11.3 26
12.6 27
7.8 28
15.3 29
12.7 22
12.8 23
15.1 24
18.4 25
15.8 26
19.4 27
14.0 28
15.3 29
14.0 30
13.5 31
11.5 32
15.3 32
15.3 33
11.7 34
10.6 24
9.0 25
10.7 26
14.7 27
12.9 28
12.6 29
13.6 30
14.6 31
15.5 32
15.5 33
12.0 34
11.3 34
11.3 35
11.7 36
10.9 24
8.4 25
14.5 26
9.9 27
12.0 28
14.4 29
11.6 30
7.5 31
8.5 32
11.7 33
11.0 34
9.5 34
9.5 35
11.0 24
10.4 25
10.7 26
9.2 27
10.9 28
9.7 29
7.7 30
9.0 31
4.8 32
6.7 33
7.9 24
15.1 20
17.5 21
23.2 22
22.6 23
23.8 24
22.1 25
25.0 26
19.4 27
18.9 28
20.0 29
19.0 30
19.8 30
19.8 31
9.5 28
8.4 23
16.9 24
3.8 24
14.7 25
13.9 26
14.6 27
10.7 28
5.5 29
7.1 30
12.2 31
5.6 32
14.0 24
14.1 25
15.6 26
14.8 27
8.6 28
7.6 29
2.4 30
11.6 31
4.7 23
20.1 24
14.6 25
14.9 26
11.6 27
11.6 28
12.8 29
9.6 30
11.7 31
8.1 32
2.1 24
11.4 25
8.8 22
10.0 23
17.3 24
13.0 25
12.0 26
14.4 27
12.8 28
13.9 29
11.2 30
11.9 31
14.1 32
12.7 32
12.7 33
14.0 34
23.1 26
9.7 24
11.8 25
10.4 26
7.4 27
9.3 20
11.2 28
10.7 29
10.1 30
11.2 31
6.9 32
10.3 33
5.5 34
8.9 35
15.7 27
12.4 28
6.1 24
3.5 25
-4.7 24
10.8 23
9.6 24
8.6 25
10.3 26
12.8 27
11.1 28
12.8 29
10.8 30
13.9 31
11.8 32
7.1 33
7.9 33
17.1 31
13.7 24
15.5 25
13.7 26
13.7 27
12.7 28
13.1 29
14.6 30
12.7 31
10.9 32
9.9 33
10.5 34
10.6 34
10.6 35
9.1 36
9.4 23
11.1 24
12.2 25
10.7 26
13.0 27
10.8 28
13.1 24
15.3 25
15.5 26
17.0 27
13.1 28
13.9 29
11.6 30
12.3 31
9.2 32
10.8 33
10.8 34
6.8 34
6.8 35
15.7 24
15.8 25
19.3 26
20.0 27
18.3 28
17.0 29
12.7 30
9.2 31
10.5 32
12.6 24
18.3 20
25.7 21
28.1 22
24.5 23
29.1 24
31.7 25
31.1 26
27.3 27
30.7 28
31.6 29
29.3 30
25.9 30
25.9 31
27.5 32
2.6 25
9.6 24
-3.4 25
10.1 26
14.0 27
8.2 28
2.5 24
9.6 25
8.0 26
9.6 27
13.5 28
9.0 29
10.8 30
13.7 31
10.3 32
4.9 24
10.5 25
13.2 26
10.8 27
13.6 28
8.4 29
8.8 30
11.1 31
9.7 32
8.1 33
15.4 34
11.1 34
11.1 35
11.6 36
9.6 22
13.1 23
15.0 24
12.9 25
17.5 26
14.4 27
16.5 28
15.7 29
15.3 30
16.3 31
17.0 32
17.3 32
17.3 33
10.2 23
11.8 24
9.0 25
13.8 26
10.8 27
8.9 28
8.4 29
1.6 30
10.1 23
12.8 24
12.3 25
14.2 26
12.8 27
12.1 28
13.9 29
13.0 30
13.6 31
13.9 32
13.5 33
14.8 33
14.8 34
9.7 35
12.2 19
7.3 20
12.0 24
8.1 25
10.4 26
8.6 27
6.1 19
4.7 20
15.2 21
13.8 22
11.0 23
13.8 24
12.8 25
12.2 26
9.0 27
16.4 20
15.4 21
12.9 22
15.3 23
15.7 24
15.1 25
13.3 26
8.8 27
9.6 28
13.0 29
10.8 20
14.4 21
15.0 22
16.8 23
11.0 24
14.1 25
13.1 26
12.4 27
14.0 28
13.1 29
14.0 30
15.6 30
15.6 31
16.2 32
8.7 21
9.0 22
6.9 23
12.1 24
7.2 25
8.6 26
5.4 27
6.0 28
6.7 29
-7.2 24
22.8 20
11.2 21
13.2 22
9.5 23
13.3 24
13.2 25
15.0 26
9.6 27
8.7 28
8.2 29
6.3 30
7.0 30
7.0 31
12.9 22
14.2 23
10.0 24
13.0 25
12.7 26
11.6 27
11.9 28
9.8 29
8.5 30
10.0 22
12.5 23
13.1 23
14.6 24
16.0 25
13.7 26
11.3 27
12.9 28
17.7 29
15.0 30
13.6 31
13.0 32
9.0 33
10.0 33
8.4 24
14.6 26
14.9 27
13.6 28
13.6 29
11.8 30
13.9 31
11.6 32
17.2 22
16.4 23
13.9 24
17.6 23
23.1 24
27.6 25
28.9 26
21.5 27
30.4 28
28.0 29
25.6 30
26.3 31
24.0 32
22.0 33
21.4 33
21.4 34
20.3 35
12.7 24
11.4 25
11.6 26
14.7 27
12.3 28
11.3 29
9.7 30
5.1 31
3.4 32
15.9 24
11.1 25
19.7 26
18.9 27
19.9 28
18.9 29
18.9 30
20.4 31
17.8 32
20.1 33
17.5 34
16.0 34
16.0 35
17.6 36
9.4 22
14.1 23
15.0 24
16.3 25
17.0 26
17.2 27
16.1 28
13.9 29
15.0 30
14.4 31
11.8 32
15.4 32
15.4 33
14.7 24
12.9 25
17.0 26
10.7 27
12.9 28
14.2 29
18.3 30
15.7 31
13.2 32
15.6 33
14.6 33
14.6 34
12.9 35
7.1 25
4.5 26
13.3 20
11.8 21
16.2 22
16.1 23
15.5 24
13.3 25
11.3 26
14.2 27
14.0 28
15.8 29
12.7 29
12.7 30
12.9 31
8.6 23
11.3 24
8.2 25
14.8 19
13.6 20
16.2 21
19.2 22
19.1 23
13.0 24
12.1 25
8.8 26
7.7 27
14.7 25
13.7 26
16.4 27
12.4 28
15.0 29
14.9 30
13.5 31
13.2 32
11.8 33
11.2 34
10.1 34
10.1 35
12.8 25
90.3 20
14.8 21
15.2 22
15.8 23
16.2 24
15.0 25
14.0 26
14.2 27
15.0 28
14.8 29
13.1 30
10.8 31
12.1 32
13.6 33
11.8 34
11.2 34
11.2 35
7.7 36
8.6 23
10.6 24
12.8 25
14.2 20
15.8 21
18.7 22
17.0 23
14.7 24
16.1 25
15.5 26
14.1 27
15.1 28
15.2 29
15.5 29
15.5 30
15.0 31
9.8 23
12.9 24
11.9 25
11.1 26
12.2 27
10.7 28
5.6 29
8.4 30
5.1 24
14.9 22
14.5 23
18.2 24
16.4 25
17.0 26
14.0 27
12.4 28
13.5 29
12.7 30
6.4 31
10.6 31
14.7 22
17.4 23
16.0 24
17.5 25
21.6 26
16.2 27
17.2 28
16.0 29
14.6 30
14.6 31
14.8 31
14.8 32
13.1 33
12.9 23
11.8 24
7.0 25
17.2 20
19.3 21
21.1 22
22.9 23
25.4 24
24.0 25
26.1 26
24.2 27
19.4 28
21.3 29
19.2 29
19.2 30
18.9 31
9.5 20
10.3 21
13.5 22
15.7 23
16.3 24
15.1 25
17.8 26
17.9 27
13.6 28
18.2 29
15.4 29
15.4 30
13.1 31
13.5 22
14.8 23
18.1 24
19.0 25
18.4 26
17.8 27
17.2 28
17.6 29
15.2 30
13.7 31
12.3 31
12.3 32
12.2 33
3.8 25
13.4 26
7.2 27
9.4 28
13.9 29
11.6 30
8.9 24
8.4 25
9.6 26
8.8 27
7.6 28
11.0 29
8.2 30
4.7 31
8.1 32
16.3 24
7.9 25
10.3 26
16.6 21
16.2 22
19.8 23
22.7 24
23.1 25
19.0 26
20.1 27
22.8 28
20.9 29
22.7 30
19.7 30
19.7 31
18.2 32
12.0 25
9.0 23
11.5 24
9.5 25
13.4 22
14.4 23
16.9 24
8.5 25
13.6 26
13.7 27
10.4 20
10.2 21
8.7 22
14.8 23
20.1 24
21.0 25
19.2 26
17.0 27
21.4 28
16.5 29
16.0 30
16.3 31
16.7 31
16.7 32
14.5 23
19.5 24
13.9 25
15.5 26
20.6 27
15.5 28
15.4 29
14.6 30
14.4 31
13.9 32
12.1 32
12.1 33
9.5 34
10.1 26
16.1 27
15.6 28
13.6 29
12.2 30
11.1 31
10.1 32
16.3 23
14.9 24
20.1 25
17.4 26
18.0 27
16.5 28
16.0 29
15.1 30
-12.1 21
13.7 24
7.9 25
9.8 25
12.0 26
8.9 24
7.4 25
10.5 26
7.6 27
6.9 28
3.0 29
2.5 20
10.6 22
10.9 20
12.7 21
15.6 22
18.1 23
16.8 24
15.0 25
16.4 26
15.2 27
17.6 28
14.0 29
13.6 29
13.6 30
12.4 31
15.4 20
15.5 21
18.3 22
19.0 23
17.2 24
21.0 25
19.2 26
21.1 27
17.7 28
14.1 29
14.9 29
14.9 30
8.6 22
14.6 23
12.2 24
7.8 24
9.5 25
6.9 28
5.2 20
9.7 20
13.0 21
8.6 22
10.4 23
10.8 24
10.3 25
10.5 26
13.2 27
8.2 30
14.0 25
9.1 30
14.3 23
15.3 24
10.3 25
13.3 26
12.3 27
15.7 28
15.7 29
13.1 30
14.2 31
12.7 32
15.4 32
15.4 33
9.5 34
17.0 23
14.8 24
14.4 25
12.0 26
14.6 27
15.8 28
15.2 29
18.9 30
21.7 31
17.0 32
17.7 32
17.7 33
11.1 34
9.6 24
8.9 21
8.4 22
11.7 23
15.1 24
12.6 25
11.4 26
12.3 22
15.1 23
14.0 24
12.1 25
14.1 26
13.8 27
12.3 28
13.4 26
13.1 27
13.1 28
11.3 29
8.3 30
11.5 31
11.4 32
6.9 33
5.2 20
13.2 21
12.7 22
14.4 23
3.7 24
14.5 25
15.0 26
15.0 27
16.0 28
11.9 29
13.4 29
10.4 24
-2.8 25
6.6 26
9.1 21
7.2 22
15.9 23
16.4 24
16.5 25
15.9 26
14.1 27
12.3 28
15.0 29
16.3 29
16.3 30
17.4 31
7.1 23
10.1 20
12.1 21
15.5 22
15.0 23
17.6 24
16.9 25
10.6 26
21.9 27
15.2 22
15.5 23
17.5 24
16.2 25
20.7 26
16.7 27
14.9 28
13.8 29
17.0 30
15.8 30
15.8 31
15.9 32
7.4 19
15.4 20
22.6 21
20.0 22
20.2 23
21.1 24
11.4 25
19.1 26
20.5 27
18.8 28
16.5 29
16.3 30
16.7 31
18.8 32
15.2 33
11.3 33
11.3 34
12.3 35
12.6 24
11.6 25
12.2 26
13.7 27
15.8 23
14.9 24
17.2 25
11.1 21
15.0 22
19.0 23
14.5 24
16.7 25
18.6 26
17.5 27
16.2 28
16.8 29
16.5 29
16.5 30
13.7 31
7.6 23
14.2 22
13.5 23
13.8 24
13.7 25
15.2 26
16.6 27
13.4 28
15.2 29
12.9 30
12.4 30
12.4 31
11.9 32
18.1 23
10.5 24
14.8 25
10.0 26
15.0 27
12.8 28
10.3 25
11.7 26
15.1 27
14.1 28
12.4 29
13.5 30
10.7 31
11.0 32
9.3 33
3.6 33
14.0 24
13.7 25
15.7 26
12.5 27
12.1 28
9.0 29
10.2 24
12.9 25
10.3 26
11.9 27
10.6 28
6.9 24
5.4 25
21.9 26
8.5 27
11.2 28
14.7 23
13.9 24
16.7 25
21.8 26
19.8 27
17.8 28
18.6 29
4.0 30
10.9 31
8.6 31
13.1 21
12.0 22
8.7 23
6.4 24
6.5 25
18.0 23
13.9 24
11.2 25
7.8 26
11.7 27
16.2 28
8.9 29
10.7 30
10.0 31
10.4 31
10.4 32
11.2 24
13.7 25
13.6 26
9.9 27
11.5 28
4.2 23
12.3 23
14.5 24
13.0 25
13.1 26
16.3 27
14.2 28
17.9 29
15.9 30
11.5 31
14.6 31
14.6 32
14.5 33
12.9 30
20.3 19
20.6 20
17.5 21
13.5 22
16.7 23
17.6 24
14.4 25
17.3 26
15.4 27
15.4 27
15.4 28
16.0 29
9.2 23
-0.5 24
11.1 25
8.0 26
13.2 22
11.1 23
14.4 24
4.8 19
15.4 23
20.2 24
18.0 25
19.0 26
22.2 27
17.8 28
19.7 29
19.2 30
19.1 31
17.8 31
17.8 32
19.6 33
7.7 24
10.1 24
8.0 23
14.4 24
16.7 25
15.8 26
14.0 27
9.4 28
11.7 29
11.3 30
8.1 31
10.4 31
15.3 22
12.6 22
7.2 23
14.6 24
13.8 19
2.8 20
14.2 21
11.8 22
10.8 23
14.4 24
12.4 25
15.3 26
16.0 27
14.1 27
14.1 28
14.0 29
9.3 31
11.9 32
13.8 33
10.6 34
5.7 35
22.1 21
22.0 22
28.3 23
30.0 24
23.7 25
23.7 26
27.0 27
26.4 28
25.9 29
26.0 29
26.0 30
26.2 31
10.4 21
11.6 22
10.0 23
8.1 24
10.7 25
9.9 26
10.3 27
9.2 24
9.6 25
10.7 26
9.9 27
6.7 28
10.5 23
10.5 24
12.3 25
8.5 26
10.3 27
5.5 28
8.4 29
6.8 30
7.6 31
10.2 31
10.2 32
9.6 33
12.6 23
15.3 24
15.6 25
19.4 26
11.7 23
13.8 24
12.6 22
15.2 23
15.3 24
18.9 25
16.3 26
10.0 27
18.0 28
17.4 29
15.6 30
10.6 30
10.6 31
9.3 24
11.5 23
13.6 25
12.5 24
11.4 25
10.1 24
22.0 23
12.2 24
15.5 25
15.0 26
14.5 27
12.6 28
13.6 29
12.3 30
9.4 31
13.9 32
4.3 32
16.4 22
15.8 23
14.9 24
18.6 25
16.0 26
15.9 27
16.2 28
14.0 29
12.7 30
17.4 30
17.4 31
-1.6 21
-40.7 22
1.0 23
11.0 24
15.9 25
16.2 26
16.9 27
15.6 28
16.5 29
13.1 30
11.6 20
9.9 21
12.0 22
-8.4 23
12.5 24
12.4 25
10.0 26
13.9 27
11.5 28
5.9 28
12.4 22
17.1 23
20.8 24
21.1 25
20.6 26
21.1 27
20.3 28
20.3 29
17.6 30
15.7 30
15.7 31
14.6 32
9.0 20
14.6 21
16.7 22
16.3 23
18.2 24
18.9 25
20.2 26
15.9 27
14.2 28
19.9 28
19.9 29
17.7 30
12.2 20
12.2 21
14.5 22
16.0 23
13.0 24
13.5 25
15.8 26
10.9 27
14.0 28
11.8 28
11.8 29
16.8 30
0.7 22
8.1 23
8.4 24
8.6 25
8.6 26
12.1 22
2.9 23
1.8 24
17.1 22
18.5 23
19.1 24
18.2 25
21.5 26
22.7 27
20.4 28
21.8 29
22.8 29
22.8 30
22.4 31
9.6 25
7.4 26
13.3 27
14.4 28
11.5 29
11.5 30
9.3 31
9.1 32
11.8 32
11.8 33
12.2 23
7.7 24
10.7 25
6.9 26
16.6 23
13.4 24
13.5 25
14.7 26
16.1 23
11.5 24
16.8 25
6.6 26
9.3 27
9.6 23
11.7 24
13.4 25
12.8 26
14.8 27
14.9 28
12.8 22
10.6 23
14.6 24
15.5 25
16.4 26
17.9 27
11.2 28
14.5 29
16.6 29
16.6 30
14.6 23
14.8 24
13.3 25
15.2 22
18.4 23
16.1 24
12.5 25
13.8 26
12.3 27
10.0 28
11.1 26
13.5 27
7.5 22
6.3 23
12.9 24
12.4 25
13.6 26
13.6 27
13.1 28
4.7 29
4.4 29
11.4 23
12.1 24
12.1 25
12.7 26
9.2 23
5.9 24
9.5 25
11.2 23
9.0 24
10.7 25
5.3 25
8.1 26
6.4 27
9.0 23
9.7 24
10.8 21
15.4 22
9.9 23
12.3 24
14.1 25
14.0 24
12.7 25
13.7 26
13.2 27
11.4 28
13.5 29
11.7 30
13.3 31
11.0 31
11.0 32
7.6 33
12.1 30
12.4 21
17.4 22
15.3 23
16.2 24
17.8 25
17.8 26
15.6 27
18.3 28
19.7 28
19.7 29
15.5 30
9.8 24
9.4 21
11.7 22
10.1 23
11.3 24
13.2 25
9.2 26
16.1 28
13.2 29
8.5 23
11.4 24
12.9 25
11.0 26
10.7 27
6.9 28
11.3 29
11.9 30
13.1 30
13.1 31
13.2 24
9.4 24
12.3 23
6.8 24
12.0 25
9.9 26
8.5 27
9.1 28
-5.7 29
13.0 23
10.3 24
18.3 21
14.3 22
14.4 23
15.5 24
16.5 25
18.8 26
17.5 27
20.1 28
19.3 28
19.3 29
22.2 30
17.6 22
16.1 23
18.6 24
16.7 25
19.8 26
21.8 27
19.8 28
19.8 29
20.0 29
20.0 30
21.3 31
1.5 22
4.3 23
1.8 24
7.7 24
17.3 25
13.5 26
8.3 27
17.8 28
15.9 29
11.3 30
11.1 31
8.6 31
8.6 32
14.4 33
7.3 21
14.0 22
11.8 23
14.5 32
14.4 33
12.1 34
9.9 35
10.5 36
14.6 24
20.9 25
17.2 26
10.2 27
12.3 24
13.8 25
12.9 26
9.3 27
13.0 23
12.7 24
9.9 25
15.0 26
12.8 27
15.1 28
14.7 29
16.6 30
16.2 30
16.2 31
17.5 32
13.8 23
4.2 24
14.1 21
9.0 22
12.5 23
13.1 21
15.6 22
18.8 23
19.1 24
17.1 25
17.5 26
18.1 27
15.3 28
13.5 28
13.5 29
16.9 30
18.0 23
19.4 24
24.0 25
21.3 26
8.5 23
11.4 24
12.1 25
9.8 26
10.4 27
9.8 28
12.8 29
10.4 30
13.8 30
13.8 31
12.4 32
8.5 21
18.2 22
8.0 22
0.0 23
15.7 24
16.7 25
16.9 26
16.9 27
15.4 28
14.8 21
14.6 22
15.9 23
16.8 24
18.2 25
9.0 26
6.9 23
17.3 23
11.5 22
11.0 23
3.7 24
9.7 21
12.8 22
12.3 24
11.9 25
13.7 26
14.1 27
12.3 28
10.2 23
8.9 24
10.9 25
13.6 26
14.7 27
13.0 28
16.0 29
10.7 29
10.7 30
10.9 31
9.0 24
2.0 23
8.8 26
9.3 27
10.2 28
7.3 29
10.3 30
10.4 31
8.1 32
14.7 32
14.7 33
14.1 34
8.2 22
11.8 23
12.6 24
12.1 25
11.9 26
10.4 27
15.0 28
12.4 28
12.4 29
9.4 30
8.3 22
11.2 23
12.1 24
11.0 25
13.7 26
14.7 27
12.7 28
13.9 28
13.9 29
9.9 30
13.1 24
12.9 25
16.0 26
11.7 21
12.9 22
13.7 23
14.6 24
9.0 25
16.6 26
12.4 27
13.2 27
12.6 21
14.3 22
13.9 23
15.9 24
16.8 25
18.3 26
20.0 27
18.6 27
18.6 28
19.4 29
7.9 21
10.3 22
7.5 23
12.8 24
9.2 25
11.0 21
9.8 24
11.3 23
10.7 24
11.5 25
12.8 26
13.2 27
15.0 28
13.1 29
10.8 29
13.6 23
13.5 24
13.6 25
15.6 26
15.4 27
14.9 28
8.9 29
12.3 29
12.3 30
11.7 31
15.8 20
20.8 21
26.2 22
23.6 23
26.2 24
28.3 25
29.8 26
27.6 26
27.6 27
28.2 28
4.0 22
13.0 23
9.7 24
5.8 25
4.4 23
19.8 24
17.0 25
13.9 26
17.8 27
21.2 28
15.4 29
17.6 30
18.2 30
18.2 31
19.0 32
13.9 24
11.5 25
16.6 26
11.0 27
11.1 28
9.0 29
9.8 22
13.9 23
13.8 24
11.6 20
13.0 21
13.8 22
12.8 23
18.1 24
16.0 25
15.7 26
9.8 26
9.8 27
12.4 28
14.7 22
17.0 23
19.4 24
20.7 25
19.0 26
19.8 27
22.0 28
21.4 28
21.4 29
19.4 30
11.3 21
10.9 22
12.3 23
10.1 24
21.4 25
17.7 26
19.0 27
14.8 28
18.2 29
17.5 30
11.2 31
14.9 31
14.9 32
7.7 24
10.6 25
16.0 26
6.6 23
10.8 24
3.8 25
10.4 26
11.8 27
20.3 21
12.5 22
14.8 23
16.0 24
10.9 25
12.7 26
13.8 27
10.2 27
10.2 28
9.9 29
15.0 28
13.3 29
12.6 30
10.1 31
-1.9 24
15.5 23
16.5 24
17.9 25
18.8 26
19.6 27
18.1 28
20.0 29
15.3 29
15.3 30
14.1 31
9.6 23
14.5 24
8.3 22
12.0 24
16.1 28
17.0 29
17.2 30
18.4 31
15.4 32
16.7 33
13.4 34
16.8 34
16.8 35
13.6 36
16.2 22
17.6 23
12.9 24
19.0 25
16.7 26
17.7 27
16.0 28
11.1 28
11.1 29
15.9 30
1.1 25
13.8 22
14.8 23
15.6 24
18.4 25
17.6 26
13.0 27
14.0 28
15.4 28
15.4 29
12.6 30
12.7 25
12.6 26
11.8 27
11.8 24
13.0 25
11.0 24
14.2 25
13.8 26
12.8 27
13.3 28
13.9 29
13.0 30
15.4 30
15.4 31
8.6 32
8.6 24
10.0 25
9.9 26
13.9 22
8.8 23
17.2 21
15.4 21
12.6 22
11.8 23
11.6 23
13.1 24
10.7 25
14.5 26
12.9 27
13.3 28
16.0 29
14.2 29
14.2 30
9.1 31
16.5 20
15.3 21
14.0 22
18.4 23
18.9 24
18.2 25
16.6 26
15.7 26
15.7 27
17.5 28
7.0 21
6.3 22
10.1 23
13.6 21
18.1 22
19.0 23
21.2 24
18.1 25
18.8 26
15.6 26
15.6 27
17.2 28
11.3 21
10.5 22
14.9 22
11.2 23
15.9 24
14.1 25
11.0 26
16.2 27
13.9 27
13.9 28
13.9 29
12.9 21
17.3 22
14.8 23
17.3 24
15.7 25
15.8 26
13.1 26
13.1 27
15.6 28
8.2 21
14.3 22
14.1 23
17.7 24
13.5 25
12.0 26
11.1 26
11.1 27
12.4 28
17.2 21
16.1 22
15.5 23
13.0 24
10.8 25
16.8 26
10.6 26
10.6 27
22.5 28
8.9 25
13.3 23
10.7 24
10.3 25
13.0 26
13.3 27
14.0 28
11.7 28
11.7 29
16.1 26
9.8 27
12.2 23
11.5 24
9.8 23
14.8 24
13.2 25
18.0 26
17.5 27
21.4 28
17.4 28
17.4 29
15.5 30
15.5 24
13.1 25
13.4 26
13.4 21
14.8 22
15.7 23
16.5 24
16.7 25
19.3 26
16.8 27
18.4 28
19.5 29
18.2 30
21.7 30
21.7 31
17.7 32
26.0 24
14.9 21
14.1 22
18.5 23
19.2 24
15.4 25
14.9 26
12.7 26
12.7 27
13.5 28
5.2 21
11.6 22
9.7 23
19.7 24
7.2 25
19.7 26
16.3 27
12.0 22
16.1 23
16.2 24
15.9 25
19.3 26
17.3 27
13.5 28
15.4 28
15.4 29
11.2 30
12.5 21
15.2 22
15.6 23
14.9 24
19.7 25
16.2 26
14.3 26
14.3 27
11.6 23
14.7 24
14.6 25
15.7 26
16.6 27
13.4 28
21.5 28
21.5 29
13.2 30
12.1 23
7.2 24
-0.1 25
-7.6 23
14.1 21
12.7 22
14.8 23
16.4 24
17.2 25
18.2 26
21.0 26
21.0 27
20.6 28
15.2 20
7.7 21
12.6 22
17.3 23
17.2 24
16.5 25
14.2 25
14.2 26
15.1 27
10.7 24
12.8 25
12.6 26
12.6 27
11.7 28
13.8 29
11.5 29
11.5 30
11.5 31
17.9 21
20.1 22
19.3 23
21.9 24
24.7 25
25.4 26
22.7 26
22.7 27
21.7 28
11.6 21
17.6 22
13.9 23
15.2 24
18.9 25
17.7 26
16.2 26
16.2 27
17.6 28
18.3 21
20.7 22
24.3 23
25.4 24
17.9 25
26.9 26
18.8 26
18.8 27
19.0 28
9.2 25
9.0 26
11.7 27
12.8 28
9.7 29
11.0 30
1.6 30
14.2 22
14.6 23
12.6 24
14.7 25
13.9 26
11.2 27
13.5 27
13.5 28
12.3 23
11.8 24
11.5 25
13.9 26
9.1 27
8.3 28
10.6 28
10.6 29
7.3 30
17.0 22
17.0 23
17.4 24
19.9 25
20.7 26
10.2 27
14.4 27
14.4 28
19.9 29
14.7 24
14.0 25
12.1 26
13.1 27
12.0 28
13.9 29
14.8 29
14.8 30
10.7 31
18.1 22
16.9 20
18.7 21
16.2 22
17.6 23
15.6 24
16.0 21
18.6 22
23.5 23
9.0 24
9.6 25
10.6 26
15.2 27
11.9 28
4.1 29
0.8 29
0.8 30
10.1 31
17.9 22
17.6 23
15.3 24
14.1 25
17.3 26
15.2 27
19.5 27
19.5 28
17.1 29
13.9 23
14.6 24
13.6 25
16.4 26
14.6 27
11.1 28
10.2 28
10.2 29
7.6 24
13.6 25
13.3 26
8.3 27
8.4 28
11.0 29
11.1 29
11.1 30
10.2 31
9.8 25
10.9 22
14.6 23
11.3 24
10.2 23
10.7 24
-3.9 23
12.9 24
15.2 21
17.8 22
23.6 23
22.9 24
23.9 25
24.7 26
29.1 26
29.1 27
27.6 28
19.8 23
25.9 24
15.3 25
12.4 26
14.7 27
14.1 26
8.2 27
12.1 30
18.5 22
11.4 23
15.3 24
17.7 21
17.1 22
17.6 23
14.6 24
17.3 25
7.7 25
7.7 26
12.4 23
9.6 24
12.6 23
12.9 24
14.1 22
14.2 23
14.9 24
12.6 25
9.7 26
12.2 26
12.2 27
8.5 24
8.7 25
11.1 26
15.5 27
13.9 28
15.9 28
15.9 29
11.9 30
13.0 22
11.7 23
11.2 24
12.9 25
12.9 26
14.4 26
14.4 27
13.9 28
8.5 23
10.1 24
8.1 25
12.4 26
9.1 27
6.7 27
16.5 23
15.6 24
13.6 25
16.3 26
16.2 27
17.5 27
17.5 28
15.9 29
14.3 23
10.7 24
14.9 25
13.3 26
12.6 27
8.9 27
8.9 28
8.6 29
16.3 22
19.4 23
21.2 24
21.3 25
24.1 26
28.0 26
28.0 27
31.5 28
12.8 22
13.0 23
7.1 24
12.9 25
11.0 26
8.2 26
12.5 21
14.5 22
12.8 23
14.7 24
18.4 25
17.4 25
17.4 26
21.5 27
14.9 24
15.2 25
7.1 26
13.4 27
9.2 28
11.2 28
11.2 29
14.7 30
9.6 23
8.6 24
9.4 25
12.2 26
12.2 27
11.6 27
11.6 28
10.1 29
18.2 21
14.4 22
16.4 23
18.1 24
18.4 25
17.7 25
17.7 26
17.9 27
13.0 21
7.1 22
17.3 24
11.3 25
16.2 23
10.8 24
13.2 25
10.5 26
8.6 27
13.0 27
13.0 28
8.4 29
13.8 25
14.3 26
16.9 27
14.4 28
16.0 29
16.1 29
16.1 30
15.7 31
12.3 23
13.2 24
15.5 25
14.1 26
13.9 27
16.5 27
16.5 28
10.5 29
14.6 25
16.4 26
14.7 27
15.3 28
14.2 29
13.3 29
13.3 30
14.0 21
16.4 22
21.1 23
23.0 24
23.5 25
26.7 25
26.7 26
25.3 27
9.7 23
13.2 24
14.0 25
16.4 26
13.1 27
13.2 27
13.2 28
12.9 29
15.0 23
13.0 24
15.8 25
18.5 26
19.3 27
16.2 27
16.2 28
16.4 29
12.3 20
15.4 21
14.7 22
16.7 23
17.1 24
18.8 24
18.8 25
19.7 26
13.2 26
6.0 27
15.2 21
17.7 22
19.0 23
19.4 24
19.6 25
16.6 25
16.6 26
13.9 27
13.6 25
14.5 21
15.6 22
18.4 23
16.1 24
15.6 25
19.7 25
19.7 26
13.7 27
10.4 23
12.6 24
14.5 25
10.2 26
18.5 27
17.9 27
17.9 28
11.4 29
16.4 23
17.9 24
19.4 25
17.9 26
19.0 27
18.5 27
18.5 28
9.7 29
12.3 24
15.5 25
14.1 26
14.1 27
15.7 28
16.1 28
16.1 29
10.9 30
11.8 23
11.7 24
9.1 25
9.3 26
10.8 23
12.6 24
11.5 25
11.4 26
14.7 27
14.1 27
14.1 28
13.5 29
11.9 22
13.0 23
21.5 24
14.1 25
18.7 26
0.7 21
3.5 22
13.0 23
12.3 24
14.0 24
10.7 25
11.5 26
12.4 27
9.7 28
12.0 28
7.5 23
4.4 24
9.0 25
11.4 24
11.0 22
14.6 23
15.8 24
16.8 25
17.1 26
20.6 26
20.6 27
17.9 28
10.5 24
12.9 23
4.7 24
12.4 25
11.6 26
17.4 23
16.5 24
17.4 25
16.3 26
12.0 27
15.0 27
15.0 28
14.7 29
16.1 24
14.9 25
12.4 26
13.2 27
16.4 28
10.5 28
11.5 23
6.9 24
13.1 25
13.0 25
12.5 26
9.7 27
11.3 25
11.2 26
13.4 27
17.4 28
14.2 28
2.0 23
7.0 23
17.7 24
11.1 25
19.1 26
18.1 26
18.1 27
21.3 28
9.6 21
10.6 22
13.7 23
13.2 24
14.4 24
14.4 25
12.7 26
8.5 22
8.8 23
13.9 24
11.8 25
13.4 26
14.9 27
14.0 28
15.5 28
15.5 29
11.0 30
1.0 22
11.3 23
9.4 24
12.1 25
11.1 25
11.1 26
11.6 27
10.8 22
11.2 23
17.5 24
19.6 25
18.4 25
18.4 26
20.0 27
15.3 24
15.4 25
13.9 26
15.0 27
15.3 27
15.3 28
14.4 29
0.1 24
2.2 21
11.3 22
8.8 23
12.7 24
11.5 24
11.5 25
13.2 26
14.6 21
21.7 22
20.2 23
26.1 24
25.2 24
25.2 25
23.6 26
11.8 23
14.5 24
13.8 25
15.8 22
14.2 23
17.8 24
15.9 25
20.0 25
20.0 26
18.7 27
19.4 22
8.3 23
10.3 25
18.8 24
19.6 25
19.9 26
16.2 27
20.5 27
20.5 28
9.0 22
13.8 20
17.1 21
17.5 22
19.0 23
21.8 23
21.8 24
21.6 25
13.5 23
12.0 24
10.3 25
8.6 26
10.8 26
11.7 26
13.0 21
16.5 22
16.8 23
20.1 24
13.0 24
13.0 25
20.9 26
21.9 22
23.4 23
22.4 24
23.9 25
22.8 25
22.8 26
22.1 27
10.1 24
10.4 22
10.7 21
15.5 22
16.8 23
16.2 24
20.2 24
20.2 25
18.3 26
10.8 25
3.1 26
7.0 20
9.2 21
7.6 22
12.3 23
4.9 23
10.1 24
6.1 0.0
0.0 26
9.3 22
10.2 26
10.8 27
18.4 23
10.8 24
10.2 24
10.2 25
10.2 24
8.0 25
10.3 26
11.0 27
11.1 27
11.1 28
11.0 29
10.6 23
11.8 24
14.8 23
19.9 24
14.9 25
14.3 26
15.6 26
15.6 27
13.8 28
18.0 21
22.0 22
19.5 23
18.1 24
21.2 24
21.2 25
21.8 26
10.8 25
13.2 26
12.3 27
16.7 28
16.6 28
16.6 29
14.6 30
5.3 25
13.1 27
14.2 28
11.5 29
12.5 30
11.1 30
11.1 31
13.5 32
11.2 29
16.7 22
11.5 23
15.2 24
14.6 25
14.6 25
14.6 26
10.6 27
11.2 26
21.4 27
20.2 28
20.7 29
16.6 29
16.6 30
-6.4 23
10.4 24
1.6 25
8.5 23
9.4 24
11.0 25
10.3 26
9.9 26
11.7 23
11.1 24
11.0 23
13.3 24
18.7 25
14.0 26
15.2 26
8.4 22
15.8 23
10.3 24
12.5 25
12.5 25
12.5 26
10.8 27
7.6 23
14.1 24
8.5 25
11.7 26
12.3 26
12.3 27
14.9 28
16.0 27
20.5 28
18.7 29
16.5 30
18.9 30
18.9 31
13.7 32
5.5 21
7.0 22
11.8 23
14.7 24
8.8 24
8.8 25
13.5 26
10.8 23
12.6 24
12.1 25
12.4 26
12.8 26
12.8 27
13.6 28
9.7 24
12.5 25
12.0 26
7.6 27
11.6 27
14.7 23
9.4 25
14.2 26
16.3 27
14.1 28
12.6 28
12.6 29
7.4 30
15.8 21
17.7 22
20.8 23
19.5 24
19.9 24
19.9 25
19.8 26
-17.9 22
12.7 23
11.5 24
12.5 25
14.9 25
14.9 26
12.4 27
16.7 27
12.8 28
10.6 20
10.1 21
13.3 22
15.2 22
15.2 23
14.9 24
12.9 24
13.5 25
14.0 21
11.5 22
15.8 23
13.0 23
13.0 24
14.3 25
12.5 23
15.2 24
13.5 25
21.3 25
21.3 26
21.3 27
7.9 24
7.9 25
8.8 26
10.9 26
10.9 27
10.8 28
4.8 27
21.9 23
18.5 24
19.8 25
18.4 25
18.4 26
21.0 27
10.8 23
14.6 24
15.8 25
9.8 25
9.8 26
8.4 24
13.9 22
16.9 23
12.7 24
8.3 24
8.3 25
13.7 23
8.5 24
6.7 25
14.2 20
16.0 21
16.5 22
16.7 22
16.7 23
16.2 24
4.1 23
10.4 22
21.4 20
21.4 21
20.1 22
21.5 22
21.5 23
19.9 24
9.2 22
14.2 23
15.4 24
17.2 24
17.2 25
19.6 26
12.4 23
14.3 28
6.9 21
13.5 22
14.7 23
15.5 23
15.5 24
12.4 25
14.5 20
17.6 21
15.6 22
20.3 22
20.3 23
24.0 24
11.7 21
12.0 22
16.5 23
17.1 23
17.1 24
14.7 25
9.3 22
16.6 21
16.4 22
19.4 23
22.0 23
22.0 24
26.0 25
15.3 23
10.4 24
17.6 25
11.9 25
11.9 26
16.2 27
8.9 24
9.4 25
11.9 22
11.3 23
13.2 24
13.2 24
13.2 25
13.6 26
8.8 23
10.7 24
11.1 25
10.3 25
10.3 26
11.4 27
5.2 22
8.1 23
9.2 24
6.7 24
3.8 23
11.3 24
14.8 25
13.7 25
13.7 26
12.7 27
12.1 23
12.6 24
18.4 25
15.8 25
15.8 26
12.2 27
12.7 22
14.0 23
4.4 26
13.3 24
15.3 25
15.9 26
16.3 26
16.3 27
16.2 28
14.6 22
16.2 23
15.4 24
15.2 24
15.2 25
17.6 26
3.3 21
10.8 22
11.7 23
9.6 24
11.4 24
11.4 25
8.4 26
8.3 23
7.8 24
8.9 25
9.6 26
8.5 27
13.1 27
13.1 28
12.3 22
16.1 23
13.7 24
10.2 24
10.2 25
7.8 24
13.6 27
10.5 28
9.7 29
7.8 29
13.0 24
11.4 25
17.6 23
17.5 24
20.5 25
20.6 25
20.6 26
21.5 27
10.1 24
10.1 25
0.5 26
8.0 26
8.0 27
10.4 28
7.1 24
13.8 25
4.6 26
8.2 26
14.9 22
12.7 23
14.3 24
20.8 24
20.8 25
18.6 26
13.3 21
16.1 22
14.9 23
15.6 23
15.6 24
15.9 25
10.4 21
6.2 22
11.5 22
7.6 23
14.3 22
17.8 23
18.8 24
21.5 24
21.5 25
21.1 26
14.9 22
18.8 23
16.8 24
17.6 24
17.6 25
20.8 26
12.9 21
14.5 22
11.5 23
12.8 23
12.8 24
17.2 25
18.6 23
-1.9 25
15.9 23
10.1 24
11.9 24
11.9 25
14.7 26
11.0 21
9.8 22
13.4 22
13.4 23
12.3 24
9.1 23
13.5 24
13.6 24
13.6 25
16.0 26
8.8 27
9.7 28
15.9 28
15.9 29
17.8 30
11.3 24
11.2 25
9.7 25
9.7 26
13.4 27
13.6 20
14.3 21
14.0 21
14.0 22
15.5 23
15.4 25
12.4 26
11.3 26
11.3 27
13.0 28
7.0 25
8.8 26
9.2 26
16.8 29
17.6 30
7.4 30
7.4 31
10.2 23
11.9 24
13.9 24
13.9 25
15.8 26
14.8 22
8.5 23
7.3 23
7.3 24
21.7 20
26.5 21
30.8 21
30.8 22
25.0 23
11.1 26
21.6 20
22.6 21
21.4 21
21.4 22
21.2 23
13.8 21
10.3 22
12.4 22
12.4 23
14.6 24
9.3 26
11.3 27
12.2 27
9.0 25
7.1 23
12.7 24
16.4 24
16.4 25
19.3 26
12.5 20
11.8 21
8.4 21
8.4 22
13.3 23
18.2 23
17.9 24
18.0 24
18.0 25
18.6 26
14.7 28
8.5 29
16.0 29
13.0 22
4.7 23
15.9 23
15.9 24
10.0 25
11.4 24
-6.7 24
7.8 22
10.1 23
6.9 23
17.1 22
19.1 23
18.3 23
18.3 24
13.5 25
14.0 20
12.0 21
15.1 21
15.1 22
16.9 23
14.4 26
4.8 22
11.2 21
13.4 22
14.9 22
14.9 23
15.9 24
12.1 21
9.4 22
14.8 22
14.8 23
11.3 24
16.4 23
18.6 24
20.7 24
20.7 25
22.2 26
7.8 22
12.6 23
12.4 23
12.4 24
11.4 22
12.5 23
15.6 23
15.6 24
16.8 25
6.3 23
9.0 24
-5.1 24
5.9 21
8.6 22
7.4 22
12.2 23
10.7 24
14.4 24
14.4 25
11.3 26
16.7 23
15.1 24
9.9 25
10.3 25
10.3 26
14.8 27
15.8 23
16.5 24
14.8 24
14.8 25
17.5 26
8.8 25
14.6 26
13.4 26
13.4 27
17.4 28
13.0 36
13.0 37
12.2 37
12.2 38
5.9 21
11.6 22
10.3 22
10.3 23
11.1 24
14.6 28
13.4 29
11.7 29
11.7 30
13.8 31
10.9 22
14.1 23
15.3 23
15.3 24
14.5 25
10.4 22
12.0 23
11.2 23
11.2 24
12.9 25
3.4 24
12.1 25
10.9 25
10.9 26
16.3 25
15.3 26
15.1 26
15.1 27
14.0 28
8.5 22
11.0 25
10.2 26
19.5 26
29.2 23
16.1 24
14.5 24
14.5 25
10.0 25
11.8 26
8.5 26
8.5 27
6.6 28
13.5 21
16.4 22
17.9 22
17.9 23
16.7 24
10.3 24
5.9 25
8.2 25
6.2 23
6.0 20
12.3 28
14.3 29
10.7 29
10.7 30
16.2 31
15.6 21
16.1 22
20.6 22
20.6 23
22.6 24
1.2 25
13.7 22
14.0 23
10.9 23
10.9 24
9.4 25
5.0 22
9.3 20
12.9 21
14.9 21
14.9 22
11.0 24
15.4 25
18.9 25
18.9 26
15.4 27
11.2 21
14.1 21
14.1 22
15.5 23
10.8 20
14.8 20
14.8 21
18.8 22
11.7 32
9.5 32
11.6 30
15.1 30
15.1 31
15.4 32
6.9 21
11.4 21
11.4 22
10.4 23
0.5 22
4.0 22
8.2 24
11.0 24
11.0 25
6.7 23
6.2 23
6.2 24
12.0 25
12.6 22
12.6 22
12.6 23
14.0 24
7.2 25
13.1 25
12.3 25
12.3 25
9.4 21
11.2 21
11.2 22
12.4 23
9.5 23
12.4 23
12.4 24
11.1 25
15.5 23
14.1 23
14.1 24
13.9 25
9.2 23
8.8 23
8.8 24
11.5 25
15.0 24
14.7 24
14.7 25
13.2 26
7.7 22
8.7 22
8.7 23
12.2 24
13.8 24
-11.4 24
-11.4 25
13.8 26
16.0 23
9.6 23
9.6 24
14.9 25
8.0 27
15.1 27
7.5 23
10.5 23
10.7 25
13.3 25
13.3 26
17.0 27
10.7 24
8.5 24
8.5 25
11.3 26
16.5 25
17.2 25
17.2 26
17.1 27
4.7 23
4.9 23
12.9 22
21.6 22
21.6 23
17.5 24
10.3 20
11.2 20
11.2 21
11.1 22
8.7 26
11.0 26
11.0 27
11.9 24
14.6 24
7.6 23
10.2 23
10.2 24
12.2 25
9.6 25
9.7 25
2.3 21
10.5 21
10.5 22
12.6 23
8.6 23
8.6 24
10.3 25
3.4 24
12.9 24
8.3 22
10.9 22
10.9 23
12.7 22
6.3 22
7.3 21
13.5 21
13.5 22
12.4 23
5.2 32
13.0 32
9.7 23
12.5 23
12.5 24
9.0 23
13.1 23
13.1 24
17.7 25
7.7 21
10.4 21
10.4 22
8.6 23
5.4 26
0.5 26
13.1 22
19.9 22
19.9 23
15.2 24
11.1 25
1.1 25
10.8 23
18.0 23
18.0 24
13.6 25
13.6 22
15.9 22
15.9 23
16.7 24
15.2 23
15.9 23
15.9 24
16.3 25
3.8 27
22.8 27
19.0 24
18.0 24
18.0 25
17.2 26
6.0 21
11.6 21
11.6 22
14.5 23
8.8 23
11.8 23
11.8 24
15.3 27
3.3 27
9.0 23
9.1 23
9.1 24
10.2 25
5.8 21
15.7 21
15.7 22
15.5 23
8.0 23
10.2 23
10.2 24
6.4 25
9.5 23
10.9 23
10.9 24
9.2 25
15.2 24
17.6 24
17.6 25
17.7 26
12.7 23
4.6 23
13.1 22
14.1 22
14.1 23
16.1 24
12.8 20
12.8 21
12.0 23
8.2 21
8.2 22
12.9 23
2.1 24
2.1 25
4.7 23
44.3 22
14.7 23
14.7 24
12.3 25
11.6 25
11.6 26
10.7 27
11.0 22
9.1 23
9.1 24
-1.8 19
-1.8 20
-7.7 21
12.1 20
12.1 21
18.3 22
5.8 23
-2.6 26
16.9 22
16.9 23
14.3 24
11.4 23
14.5 22
14.5 23
-5.0 23
10.2 21
10.2 22
8.9 23
8.2 25
4.5 24
8.4 23
8.4 24
11.5 24
11.5 25
17.8 26
7.3 20
7.3 21
10.7 22
5.7 19
8.1 24
8.1 25
13.9 26
12.3 23
12.3 24
11.7 25
11.4 19
11.4 20
17.0 21
3.7 24
8.7 20
8.7 21
12.6 22
8.9 23
8.9 24
14.9 24
14.9 25
14.6 26
9.0 22
9.0 23
4.9 20
4.9 21
12.7 22
5.6 23
5.6 24
3.4 25
12.3 22
12.3 23
14.1 24
9.6 27
9.6 28
10.3 29
13.2 24
13.2 25
1.5 21
4.8 22
12.0 22
12.0 23
13.8 24
10.0 25
10.0 26
15.6 27
8.5 23
10.5 23
10.5 24
15.7 25
11.3 19
11.3 20
14.3 21
-0.7 25
5.9 22
5.9 23
17.7 22
17.7 23
15.9 24
10.6 21
10.6 22
10.6 23
6.1 23
6.1 24
10.9 25
16.6 22
16.6 23
1.2 27
7.9 27
7.9 28
6.5 29
17.9 23
17.9 24
15.6 25
40.8 23
40.8 24
9.3 23
9.3 24
9.6 25
15.0 20
15.0 21
16.2 22
5.2 22
5.2 23
15.6 24
14.8 20
14.8 21
15.9 22
3.8 21
3.8 22
7.4 23
7.8 24
7.8 25
14.5 19
14.5 20
14.8 21
7.7 23
7.7 24
5.6 25
13.8 20
13.8 21
13.9 22
13.8 23
13.8 24
16.8 25
-7.5 20
-7.5 21
13.9 22
8.2 28
8.2 29
5.5 30
9.4 21
9.4 22
11.0 20
11.0 21
11.3 22
5.2 23
5.2 24
7.5 21
7.5 22
9.2 23
10.8 23
18.6 21
18.6 22
20.0 23
13.2 19
13.2 20
8.6 21
14.0 21
14.0 22
15.7 23
2.4 24
8.5 24
20.0 23
20.0 24
13.9 19
13.9 20
16.5 21
8.5 24
8.5 25
12.9 26
8.5 19
8.5 20
3.6 21
13.0 27
14.6 28
12.3 23
11.2 28
11.9 20
4.9 24
15.3 23
32.0 25
4.6 24
10.8 22
11.0 25
17.6 24
11.2 24
14.6 23
4.3 22
9.4 21
10.7 23
14.2 22
15.9 23
10.4 33
6.7 25
7.7 23
8.7 20
21.5 21
11.2 20
12.5 23
18.6 20
11.6 21
27.7 28
14.0 22
14.5 24
12.2 21
14.2 25
16.8 30
15.3 22
9.9 20
13.4 24
10.2 24
17.1 21
8.2 21
5.1 25
12.9 22
13.8 21
17.7 21
13.3 23
19.2 26
11.4 23
5.0 22
13.2 20
11.9 27
14.4 24
7.1 24
22.5 21
15.4 20
4.2 20
8.9 24
21.1 24
8.4 20
16.4 21
17.8 24
9.9 24
