5.8 0.727
9.8 0.5
19.1 0.801
19.8 0.841
19.9 0.869
19.9 0.866
18.7 0.784
17.2 0.726
13.1 1.0
11.6 0.81
13.6 0.808
22.9 0.873
21.6 0.916
21.3 0.904
21.7 0.883
20.9 0.903
22.2 0.903
21.6 0.907
16.4 0.952
17.3 0.913
15.2 0.881
16.4 0.915
14.8 0.886
14.7 0.905
12.1 0.621
13.9 0.685
14.4 0.769
13.7 0.74
16.5 0.692
12.6 0.734
12.9 0.715
13.2 0.75
13.8 0.728
8.7 0.638
5.4 0.481
17.1 0.856
15.5 0.859
16.9 0.824
15.1 0.805
11.7 0.838
10.8 0.877
13.7 0.737
12.2 0.742
13.6 0.789
13.6 0.729
11.1 0.73
6.4 0.556
11.9 0.692
8.0 0.732
13.4 0.764
10.1 0.818
9.0 0.722
12.0 0.659
18.6 0.888
16.7 0.878
14.6 0.854
15.6 0.853
11.0 0.786
7.3 0.785
15.1 0.667
12.2 0.692
14.5 0.816
10.1 0.753
12.1 0.803
13.4 0.791
12.9 0.81
17.4 0.444
8.9 0.938
6.2 0.926
12.3 0.762
11.5 0.75
9.3 0.791
10.0 0.74
9.8 0.7
8.3 1.0
9.0 0.684
3.3 0.586
8.6 0.75
13.0 0.633
14.1 0.673
10.6 0.726
14.8 0.529
1.4 0.722
10.3 0.9
14.3 0.778
16.6 0.846
19.3 0.795
15.8 0.827
18.3 0.837
14.0 0.661
14.8 0.88
16.6 0.95
16.7 0.95
12.4 0.931
17.7 0.86
17.9 0.845
14.6 0.873
13.4 0.828
15.2 0.677
14.5 0.746
15.2 0.742
11.9 0.723
8.6 0.664
12.2 0.675
-0.6 0.75
8.6 0.676
7.9 0.786
12.7 0.747
12.2 0.788
12.9 0.776
12.0 0.868
10.5 0.853
10.7 1.0
13.8 0.892
8.2 0.84
7.6 0.773
10.6 0.714
13.3 0.83
15.7 0.5
5.8 1.0
16.7 0.897
14.3 0.854
11.2 0.87
10.1 0.885
16.8 0.803
14.9 0.861
17.6 0.815
19.3 0.775
19.2 0.849
17.9 0.83
16.0 0.78
14.5 0.789
16.3 0.861
12.7 0.629
10.9 0.75
14.1 0.885
17.6 0.878
20.4 0.878
18.6 0.898
19.0 0.894
23.4 0.883
21.3 0.918
23.6 0.913
18.8 0.91
20.2 0.916
18.7 0.895
16.1 0.938
15.0 0.833
15.8 0.5
11.8 0.644
10.2 0.571
9.6 0.556
11.1 0.811
9.3 0.727
10.6 0.719
16.0 0.713
12.5 0.757
12.1 0.754
12.7 0.638
11.4 0.615
16.1 0.958
11.9 0.723
9.9 0.798
13.6 0.813
11.9 0.556
8.9 0.6
9.6 0.6
7.1 0.75
15.8 0.83
8.1 0.479
8.2 0.404
9.1 0.579
8.2 0.634
9.5 0.607
9.1 0.589
7.1 0.652
7.0 0.538
13.3 0.75
11.4 0.659
12.7 0.833
9.9 0.667
7.7 0.786
9.2 0.0
17.2 0.77
13.9 0.865
17.6 0.877
16.2 0.921
17.1 0.874
15.7 0.898
16.2 0.831
16.2 0.922
14.6 0.806
18.3 0.837
15.6 0.683
20.4 0.742
23.6 0.685
21.7 0.773
23.2 0.752
22.4 0.775
26.5 0.761
23.1 0.787
18.0 0.676
14.6 0.738
15.7 0.78
18.5 0.733
18.0 0.71
15.2 0.649
14.0 0.522
9.4 0.522
9.4 0.889
20.0 0.988
9.7 0.5
9.0 0.0
13.3 0.858
15.1 0.836
17.6 0.854
15.7 0.864
15.5 0.827
12.7 0.787
9.7 0.688
8.2 0.0
8.6 0.75
6.3 0.707
12.2 0.833
13.4 0.871
13.1 0.77
11.6 0.583
24.5 0.829
23.2 0.843
26.2 0.852
23.7 0.816
23.3 0.85
28.0 0.868
26.1 0.84
24.2 0.856
24.4 0.811
21.9 0.828
23.9 0.845
21.9 0.839
23.0 0.857
10.7 0.813
17.6 0.813
17.6 0.826
2.1 0.75
11.5 0.75
12.1 0.69
13.3 0.802
11.6 0.741
7.4 0.778
13.7 0.782
11.4 0.794
7.8 0.864
7.2 0.8
9.9 0.5
11.3 0.725
13.0 0.917
13.7 0.628
11.2 0.651
20.9 0.626
15.1 0.66
17.5 0.721
17.8 0.723
18.0 0.712
19.9 0.729
19.1 0.708
17.2 0.725
18.7 0.639
17.9 0.614
14.8 0.453
16.2 0.421
16.4 0.797
19.5 0.801
14.1 0.685
13.8 0.764
4.7 1.0
15.9 1.0
13.8 0.878
19.4 0.873
14.0 0.704
10.0 0.926
17.7 0.684
7.3 0.857
8.1 0.944
6.9 0.944
9.7 0.833
11.3 0.528
8.9 0.66
9.9 0.0
0.3 0.686
11.3 0.727
10.6 0.0
3.3 0.753
12.8 0.731
10.8 0.846
10.3 1.0
9.2 0.8
25.0 0.798
20.5 0.806
21.9 0.806
20.0 0.798
22.9 0.799
21.6 0.802
21.8 0.816
18.8 0.817
19.3 0.84
17.1 0.74
14.8 0.826
13.6 0.816
17.8 0.821
15.9 0.789
9.6 0.789
9.6 0.833
12.7 0.765
20.1 0.86
21.3 0.861
22.3 0.873
22.8 0.865
18.6 0.863
18.5 0.879
17.1 0.882
13.0 0.582
15.0 0.532
15.5 0.676
13.2 0.783
14.9 0.743
9.3 0.667
4.1 0.687
10.3 0.58
9.8 0.61
10.6 0.649
7.8 1.0
9.0 0.817
8.8 0.667
14.8 0.851
15.2 0.81
15.0 0.86
14.0 0.897
9.9 0.667
6.8 0.667
15.6 0.674
16.7 0.656
13.9 0.0
9.0 0.889
8.8 0.75
-3.7 0.5
6.8 0.75
9.1 0.792
13.8 0.815
16.2 0.784
15.4 0.754
11.6 1.0
9.3 0.892
8.8 0.833
6.7 0.667
7.4 0.75
11.1 1.0
15.0 0.788
14.6 0.676
9.5 0.733
11.5 0.875
28.8 0.866
8.5 0.769
15.3 0.806
15.4 0.833
15.9 0.843
15.2 0.826
15.5 0.838
14.5 0.864
16.0 0.872
15.1 0.857
18.4 0.854
14.2 0.927
15.7 0.871
16.8 0.866
17.3 0.901
16.6 0.901
16.6 0.904
14.0 0.857
14.3 0.851
14.3 0.815
16.1 0.894
14.4 0.883
13.5 0.882
15.2 0.865
10.9 0.906
13.2 0.583
7.2 0.864
14.5 0.6
10.4 0.75
14.4 0.892
7.5 0.791
6.2 0.8
5.7 0.845
3.6 0.5
10.0 0.645
11.3 0.698
15.8 0.654
20.1 0.605
15.2 0.591
13.9 0.623
14.9 0.575
15.3 0.638
15.7 0.604
14.0 0.545
9.7 0.0
15.5 0.752
13.4 0.855
13.3 0.842
19.7 0.816
18.0 0.845
13.7 0.832
15.0 0.776
13.7 0.8
16.5 0.818
14.8 0.771
14.5 0.765
11.8 0.757
11.1 0.642
16.6 0.58
18.2 0.71
16.9 0.673
20.7 0.761
20.8 0.675
18.3 0.745
21.0 0.75
19.8 0.757
14.5 0.821
17.4 0.771
17.0 0.667
15.1 0.708
16.6 0.633
14.5 0.613
12.9 0.606
13.4 0.533
9.9 0.654
11.8 0.889
6.5 0.773
10.0 0.762
10.7 0.833
8.8 1.0
18.9 0.79
15.9 0.748
16.1 0.718
16.1 0.815
15.0 0.797
15.6 0.839
15.9 0.787
12.0 0.861
7.1 0.581
12.8 0.56
10.1 0.644
11.3 0.815
10.6 0.333
11.3 0.0
13.4 0.804
13.8 0.782
13.7 0.841
13.2 0.757
15.1 0.741
14.3 0.75
12.4 0.833
6.4 1.0
17.7 0.615
17.0 0.713
15.6 0.654
16.3 0.667
9.9 0.826
8.8 0.783
8.9 0.865
12.4 0.61
9.7 0.8
9.9 0.878
11.0 0.5
12.6 0.833
7.4 0.772
9.6 0.83
10.0 0.78
10.1 0.835
12.6 0.809
11.1 0.845
14.1 0.825
13.6 0.77
11.6 0.83
11.3 0.742
6.9 0.857
7.9 0.793
12.4 0.0
9.4 1.0
7.2 0.533
7.1 0.0
23.8 0.799
27.0 0.71
26.9 0.599
27.1 0.67
27.0 0.629
23.1 0.637
26.1 0.73
24.4 0.692
24.4 0.725
24.7 0.716
21.9 0.695
22.5 0.817
24.4 0.731
21.3 0.74
22.6 0.74
22.6 0.702
11.7 0.796
8.5 0.848
14.1 0.854
12.4 0.795
9.3 0.833
12.4 0.7
16.0 0.631
9.1 0.758
10.8 0.606
9.9 0.75
12.9 0.701
10.1 0.944
11.2 0.769
18.2 0.837
17.6 0.861
17.6 0.85
17.8 0.831
14.3 0.852
12.7 0.918
13.7 0.8
11.4 0.823
11.4 0.533
14.0 0.847
14.0 0.8
11.9 0.797
11.5 0.862
13.4 0.833
14.8 0.853
11.4 0.883
13.8 0.846
12.1 0.856
9.3 0.806
8.9 0.851
8.0 0.921
7.7 0.775
11.0 0.668
14.2 0.657
17.9 0.75
13.4 0.68
11.6 0.5
24.4 0.795
15.9 0.655
9.9 0.815
15.9 0.88
17.0 0.767
8.5 0.769
9.5 0.75
4.8 0.813
12.5 0.61
12.9 0.54
12.0 0.669
16.2 0.634
15.4 0.604
15.1 0.639
13.0 0.593
15.7 0.658
13.0 0.556
9.6 0.563
14.3 0.667
13.8 0.824
11.3 0.754
11.9 0.733
12.4 0.398
12.5 0.673
15.3 0.543
13.0 0.556
12.7 0.612
10.3 0.44
13.7 0.471
9.9 0.5
21.6 0.773
19.1 0.8
20.6 0.775
15.8 0.823
18.9 0.787
15.2 0.829
15.1 0.565
16.1 0.607
13.8 0.588
23.9 0.801
23.8 0.751
26.4 0.791
29.4 0.811
28.2 0.81
26.8 0.835
24.1 0.801
25.3 0.841
21.2 0.837
19.4 0.862
20.6 0.857
20.4 0.786
19.2 0.809
13.3 0.8
15.2 0.8
15.2 0.667
12.5 0.0
10.1 0.836
12.3 0.83
11.2 0.0
0.5 0.879
9.1 0.811
9.1 0.889
6.4 0.8
15.6 0.701
11.5 0.5
6.2 0.675
12.6 0.79
11.4 0.76
11.5 0.75
10.7 0.674
11.3 0.75
9.7 0.706
7.0 0.773
7.0 0.696
8.9 0.795
10.1 0.677
7.6 0.764
10.6 0.735
11.1 0.9
12.3 0.757
13.1 0.784
13.5 0.769
12.2 0.8
4.1 0.5
17.5 0.849
12.7 0.771
15.6 0.782
12.1 0.722
10.0 0.875
14.3 0.721
13.9 0.0
13.1 0.722
10.5 0.837
14.2 0.844
11.5 0.0
4.5 0.75
10.7 0.774
11.6 0.789
10.7 0.556
11.1 0.757
9.7 1.0
10.9 0.714
9.1 0.767
10.3 0.815
11.8 0.0
10.1 0.504
9.7 0.481
5.5 0.6
8.3 0.387
15.7 0.89
16.9 0.833
18.7 0.868
16.8 0.858
16.0 0.845
18.2 0.861
18.1 0.833
18.2 0.848
16.9 0.846
14.9 0.849
15.8 0.784
13.2 0.857
5.7 0.652
13.5 1.0
17.7 0.698
15.9 0.604
10.4 0.667
16.6 0.81
13.9 0.794
13.0 0.804
11.8 0.739
9.0 1.0
16.7 0.794
13.6 0.5
13.3 0.743
14.1 0.792
19.3 0.688
16.1 0.778
15.5 0.725
16.3 0.767
14.7 0.712
14.1 0.764
10.2 0.799
14.3 0.77
12.4 0.734
14.9 0.672
14.4 0.694
16.0 0.694
14.8 0.774
15.6 0.793
15.9 0.757
16.8 0.735
12.3 0.676
15.3 0.75
10.3 0.771
12.0 0.709
13.0 0.82
12.3 0.744
9.0 0.718
14.5 0.626
11.1 0.773
5.0 0.625
12.9 0.842
15.7 0.804
13.5 0.846
11.1 0.812
1.7 1.0
17.0 0.5
7.8 0.0
9.8 0.6
14.1 0.67
12.5 0.735
10.4 1.0
14.0 0.533
13.4 0.638
12.1 0.667
18.2 0.539
12.4 0.673
12.2 0.702
6.2 0.571
18.1 0.863
16.7 0.819
12.4 0.65
10.1 0.675
9.9 0.75
15.3 0.84
12.2 0.82
10.2 0.845
13.6 0.873
11.0 0.783
14.5 0.769
12.4 0.645
14.5 0.789
14.9 0.647
13.5 0.594
11.9 0.643
11.6 0.857
11.6 0.861
12.1 0.8
12.0 0.852
15.8 0.805
15.2 0.917
15.0 0.917
13.0 0.792
15.4 0.923
10.5 0.95
16.1 0.87
15.2 0.919
17.7 0.913
14.8 0.837
16.0 0.761
15.8 0.803
17.2 0.809
15.6 0.843
13.0 0.806
12.5 0.824
12.8 0.786
4.1 0.676
10.9 0.786
10.0 0.829
8.4 0.8
3.6 1.0
10.2 0.876
15.3 0.9
15.2 0.818
12.5 0.778
12.1 0.923
12.2 0.813
10.8 1.0
13.9 0.737
15.4 0.731
15.5 0.797
17.6 0.777
21.6 0.756
14.0 0.676
12.1 0.798
11.9 0.807
13.4 0.832
14.8 0.5
9.4 0.723
10.6 0.625
9.0 0.793
9.6 0.5
10.5 0.909
12.7 0.778
8.8 0.6
7.9 1.0
16.0 0.754
17.4 0.781
19.4 0.746
20.2 0.799
19.5 0.834
21.9 0.807
18.0 0.802
18.7 0.799
18.0 0.743
11.9 0.783
24.0 0.812
21.9 0.774
21.2 0.745
19.3 0.835
23.2 0.814
25.9 0.795
19.6 0.809
20.9 0.781
15.8 0.794
13.1 0.81
17.3 0.846
18.4 0.752
19.2 0.862
18.0 0.733
14.6 0.774
15.1 0.79
13.5 0.851
10.4 0.5
10.7 0.862
11.3 0.855
12.4 0.843
12.2 0.931
10.9 0.692
16.1 0.825
11.1 0.765
13.4 0.79
13.2 0.828
15.9 0.805
12.5 0.874
14.9 0.791
16.3 0.763
12.2 0.718
12.1 0.706
7.9 0.76
14.5 0.785
16.1 0.83
15.9 0.786
13.6 0.813
14.4 0.832
14.9 0.826
16.1 0.779
15.6 0.816
14.6 0.825
10.7 0.7
8.0 0.5
5.8 0.333
19.0 0.734
17.1 0.789
19.0 0.748
21.2 0.76
16.9 0.731
17.7 0.736
18.4 0.76
20.3 0.754
20.6 0.647
17.3 0.731
16.8 0.683
16.1 0.691
15.3 0.72
8.1 0.64
11.8 0.689
11.3 0.798
11.6 0.752
14.3 0.752
14.2 0.754
9.9 0.814
11.2 0.753
10.3 0.95
11.5 0.742
16.6 0.769
12.2 0.667
8.4 0.81
11.2 0.455
8.6 0.682
9.4 0.607
8.5 0.64
8.3 0.5
13.0 0.729
11.2 0.741
11.5 0.764
14.2 0.791
15.5 0.64
9.3 0.682
10.2 0.714
11.3 0.0
18.8 0.837
17.5 0.822
18.9 0.835
16.7 0.806
13.6 0.781
14.7 0.787
12.3 0.714
14.2 0.662
13.2 0.687
12.3 0.609
7.6 0.733
13.1 0.727
12.1 1.0
13.1 0.815
14.4 0.455
7.0 0.0
11.4 0.794
12.1 0.742
10.6 0.975
12.3 0.882
19.4 0.814
19.1 0.841
22.2 0.827
19.7 0.74
19.5 0.795
19.2 0.778
19.4 0.818
16.7 0.819
16.9 0.808
17.2 0.87
14.4 0.786
13.1 0.833
12.5 0.757
14.9 0.541
11.2 0.754
13.6 0.852
18.0 0.803
17.3 0.805
14.3 0.873
11.4 0.75
0.9 0.762
5.3 0.769
17.8 0.712
14.4 0.706
18.0 0.729
16.1 0.721
12.8 0.714
17.0 0.868
13.7 0.833
16.1 0.8
14.5 0.763
17.6 0.695
17.9 0.682
16.5 0.769
16.8 0.811
17.3 0.68
12.0 0.769
8.7 0.579
11.8 0.913
9.4 0.727
8.5 0.6
9.4 1.0
13.2 0.783
14.5 0.804
14.4 0.791
13.5 0.625
15.1 0.516
7.1 0.65
17.3 0.81
18.5 0.82
16.7 0.763
17.5 0.777
19.4 0.818
20.0 0.841
20.7 0.838
16.7 0.836
16.8 0.806
14.0 0.802
12.0 0.838
9.3 0.622
11.1 0.788
-3.7 0.909
12.0 1.0
19.6 0.667
1.7 0.882
13.3 0.0
-3.0 0.0
-3.6 0.529
10.7 0.2
11.4 0.699
7.7 0.783
12.5 0.673
8.7 0.762
13.7 0.875
12.9 0.771
12.6 0.861
14.1 0.855
15.5 0.883
14.1 0.781
11.9 0.737
12.4 0.625
9.0 0.554
12.9 0.667
9.7 0.739
18.3 0.671
17.7 0.671
9.2 0.648
12.7 0.59
9.3 0.483
9.4 0.5
6.9 0.426
5.3 0.517
4.5 0.25
0.2 0.0
18.2 0.801
14.3 0.802
17.4 0.848
20.1 0.857
19.9 0.828
18.9 0.82
18.6 0.812
19.3 0.824
16.9 0.835
20.3 0.834
15.8 0.856
14.1 0.75
13.4 0.73
18.8 0.717
15.4 0.751
16.5 0.602
12.9 0.535
11.1 0.541
11.5 0.455
1.4 0.483
10.6 0.356
9.4 0.5
12.7 0.259
9.4 0.59
24.7 0.797
21.1 0.763
21.7 0.747
14.3 0.667
11.7 0.833
22.7 0.781
18.1 0.803
20.1 0.817
20.4 0.834
21.9 0.755
16.4 0.769
15.3 0.716
13.8 0.462
21.0 0.845
19.8 0.851
21.3 0.851
19.9 0.833
21.7 0.809
23.6 0.81
20.8 0.707
19.2 0.796
16.0 0.755
14.7 0.768
17.0 0.796
15.0 0.782
18.0 0.785
13.7 0.765
11.0 0.765
19.9 0.708
19.2 0.756
18.4 0.736
18.9 0.791
19.9 0.748
13.4 0.663
15.3 0.864
9.8 0.5
17.0 0.5
13.4 0.678
14.5 0.653
16.9 0.684
18.7 0.646
17.5 0.712
16.7 0.25
5.4 0.58
14.7 0.604
13.6 0.557
13.4 0.583
14.1 0.37
9.9 0.425
13.9 0.579
12.2 1.0
10.0 1.0
17.5 0.876
16.9 0.848
18.0 0.813
17.4 0.697
12.9 0.718
10.5 0.848
13.4 0.749
15.2 0.769
15.7 0.802
14.8 0.682
9.2 0.663
10.8 0.659
12.3 0.541
7.1 0.75
9.6 0.718
11.4 0.774
9.2 0.683
9.7 0.762
9.2 0.684
11.5 0.622
10.8 0.756
10.9 0.517
8.2 0.571
12.9 0.81
11.1 0.25
9.5 0.548
12.4 0.0
-3.8 0.2
22.0 0.818
24.9 0.748
25.1 0.793
30.3 0.796
25.3 0.774
22.9 0.747
21.9 0.707
23.2 0.684
18.4 0.801
16.3 0.746
12.2 0.698
14.9 0.675
15.6 0.836
13.8 0.746
10.0 0.797
15.1 0.813
12.4 0.69
9.2 0.688
7.7 0.767
8.3 0.714
15.1 0.787
15.8 0.836
13.7 0.757
13.9 0.625
8.4 0.5
6.1 0.0
21.8 0.661
15.6 0.721
10.3 0.767
13.6 0.821
11.9 0.0
11.0 0.85
14.8 0.798
10.2 0.802
9.3 0.765
9.3 0.7
12.6 0.693
10.0 0.724
13.2 0.663
14.6 0.678
15.7 0.716
14.7 0.62
14.4 0.594
9.7 0.642
16.1 0.6
15.5 0.534
20.1 0.817
21.8 0.795
15.2 0.832
18.8 0.838
16.5 0.738
16.4 0.784
16.1 0.772
18.4 0.826
18.6 0.821
18.1 0.853
17.8 0.811
14.8 0.84
15.7 0.779
13.9 0.753
13.3 0.753
13.3 0.75
16.4 0.775
20.1 0.818
19.3 0.778
19.4 0.812
20.7 0.828
17.5 0.772
13.5 0.848
16.8 0.824
16.7 0.827
12.9 0.83
16.3 0.833
13.2 0.762
15.0 0.839
14.7 0.723
14.9 0.72
16.7 0.8
17.2 0.793
16.4 0.774
16.1 0.732
13.8 0.824
13.9 0.676
9.7 0.4
11.4 0.727
13.5 0.821
12.5 0.75
4.6 0.75
4.6 0.0
6.5 1.0
17.3 0.911
16.5 0.9
15.9 0.885
16.1 0.933
9.6 0.794
12.3 0.889
8.2 0.776
17.7 0.85
16.7 0.858
14.7 0.811
14.1 0.82
15.0 0.839
13.1 0.837
12.5 0.819
11.5 0.722
19.2 0.617
14.0 0.634
12.4 0.592
16.1 0.674
16.4 0.785
15.0 0.61
16.5 0.583
15.8 0.55
7.7 0.648
19.6 0.598
15.9 0.565
11.0 0.723
10.8 0.533
10.1 0.333
8.7 0.333
8.7 1.0
3.2 0.0
5.9 0.659
14.5 0.579
12.3 0.769
5.4 0.323
12.9 0.769
14.9 0.8
17.9 0.857
13.3 0.787
12.7 0.742
8.6 0.681
14.8 0.736
11.5 0.787
8.9 0.636
7.5 0.75
24.6 0.657
13.9 0.817
11.4 0.81
13.6 0.778
5.2 0.0
17.5 0.764
16.0 0.727
11.2 0.681
14.3 0.741
16.4 0.758
12.7 0.69
14.4 0.711
14.5 0.667
6.6 0.8
20.6 0.723
13.5 0.746
12.9 0.571
11.7 0.747
14.4 0.824
14.3 0.81
13.2 0.806
14.5 0.867
14.0 0.676
14.8 0.681
14.8 0.652
11.5 0.637
11.2 0.781
10.9 0.715
13.5 0.708
12.1 0.364
7.7 0.583
8.4 0.545
5.5 0.5
19.6 0.887
20.7 0.909
22.6 0.916
20.5 0.887
22.0 0.921
23.3 0.899
23.8 0.906
21.1 0.933
19.5 0.938
21.6 0.912
20.8 0.894
20.3 0.922
16.0 0.917
8.9 0.688
10.4 0.549
12.9 0.642
14.7 0.474
15.3 0.467
12.0 0.6
11.0 0.68
13.9 0.755
16.1 0.781
14.1 0.2
8.9 0.852
11.5 0.778
11.7 0.783
6.7 0.797
8.6 0.688
4.0 0.6
14.9 0.769
13.0 0.724
16.2 0.751
13.1 0.684
11.8 0.761
10.9 0.833
6.1 0.69
22.8 0.853
24.1 0.881
25.6 0.877
22.5 0.869
26.1 0.901
28.1 0.904
27.6 0.879
24.6 0.89
23.1 0.915
22.9 0.892
23.4 0.896
21.7 0.86
19.8 0.899
23.6 0.882
19.2 0.882
19.2 0.893
19.0 0.875
17.5 0.688
18.1 0.731
21.4 0.757
21.1 0.754
22.9 0.709
20.4 0.767
18.8 0.742
14.4 0.788
15.4 0.72
17.9 0.674
9.2 0.677
9.4 0.835
16.7 0.75
30.2 0.555
29.7 0.622
29.5 0.49
24.4 0.461
27.0 0.469
24.4 0.422
21.7 0.503
17.1 0.595
22.3 0.496
17.9 0.557
11.6 0.75
6.6 0.824
8.3 0.833
18.9 0.656
13.7 0.777
14.6 0.742
18.5 0.695
17.3 0.69
17.0 0.7
16.1 0.698
16.9 0.623
16.6 0.693
15.9 0.675
19.4 0.592
9.2 0.476
20.7 0.56
10.3 0.824
12.3 0.753
13.7 0.835
12.2 0.667
6.7 0.837
7.8 0.822
8.4 0.8
9.7 0.833
9.9 1.0
10.0 0.622
12.4 0.657
10.5 0.59
11.2 0.667
10.4 0.511
8.3 0.667
13.3 0.485
12.7 0.51
11.5 0.579
14.3 0.342
10.0 0.5
15.7 0.422
11.4 0.621
12.2 0.526
13.1 0.556
8.1 0.625
11.8 0.591
11.4 0.0
7.5 0.571
10.6 0.611
11.2 0.636
14.8 0.733
9.1 0.745
13.3 0.833
17.6 0.735
15.4 0.757
12.4 0.75
15.6 0.725
12.3 0.794
12.5 0.462
12.3 0.73
9.7 0.747
8.2 0.662
7.4 0.742
12.5 0.653
12.6 0.375
7.6 0.605
13.3 0.667
19.3 0.701
18.8 0.627
14.5 0.553
14.6 0.599
15.8 0.601
16.4 0.641
18.5 0.558
22.1 0.797
22.9 0.71
21.1 0.714
17.3 0.761
15.1 0.794
10.7 0.667
12.6 0.862
12.2 0.78
11.0 0.836
11.8 0.889
11.2 0.75
11.6 0.5
11.6 0.798
16.3 0.814
13.5 0.795
11.5 0.692
14.1 0.751
15.3 0.789
12.6 0.809
12.1 0.832
14.4 0.82
15.3 0.683
13.2 0.765
11.2 0.632
10.7 0.611
9.3 0.0
14.6 0.894
13.8 0.828
16.0 0.875
8.7 0.804
12.4 0.4
6.2 1.0
7.7 1.0
22.3 0.809
22.3 0.802
22.7 0.819
19.4 0.822
21.8 0.772
23.6 0.796
21.7 0.843
19.6 0.83
17.7 0.852
18.2 0.86
19.7 0.852
19.6 0.787
19.1 0.826
16.8 0.781
15.2 0.781
15.2 0.818
8.2 0.769
15.3 0.774
14.9 0.818
15.3 0.63
15.0 0.693
15.0 0.605
14.6 0.571
8.3 0.673
11.2 0.763
12.3 0.5
8.5 0.682
7.2 0.524
15.5 0.819
12.5 0.793
12.9 0.833
13.5 0.83
18.8 0.865
10.5 0.787
9.8 0.827
12.7 0.809
12.0 0.822
10.8 0.825
8.7 0.733
7.2 0.756
11.0 0.867
12.8 0.742
11.4 0.759
8.2 0.641
11.2 0.871
14.5 0.588
7.4 0.0
9.4 0.692
5.9 0.422
10.2 0.5
7.9 0.419
6.7 0.517
15.5 0.532
15.3 0.37
7.4 0.68
12.3 0.663
15.4 0.647
11.2 0.519
6.2 0.611
6.0 0.0
16.3 0.545
11.1 0.72
13.8 0.645
14.4 0.692
10.1 0.651
12.2 0.75
6.7 0.674
11.9 0.6
11.2 0.76
10.3 0.0
6.2 1.0
3.4 0.791
20.0 0.805
21.0 0.868
19.9 0.854
18.3 0.877
21.2 0.829
22.3 0.82
18.8 0.814
17.9 0.712
12.1 1.0
9.7 0.793
13.1 0.647
10.1 0.5
13.7 0.8
8.0 0.759
11.9 1.0
16.5 0.765
17.4 0.685
12.5 0.74
15.1 0.739
13.6 0.67
9.6 0.692
14.3 0.682
8.5 0.761
11.6 0.732
12.9 0.75
8.1 0.833
8.7 1.0
14.9 0.955
11.8 0.765
14.8 0.694
13.5 0.676
12.4 0.711
10.8 0.639
10.3 0.658
9.6 0.444
23.7 0.681
20.3 0.71
17.9 0.75
12.5 0.81
11.5 0.651
20.1 0.837
19.1 0.876
16.7 0.832
15.0 0.87
11.8 0.0
18.1 0.526
14.6 0.785
17.0 0.756
11.7 0.765
14.2 0.743
11.5 0.724
7.5 0.81
7.7 0.892
17.8 0.839
16.8 0.854
14.9 0.81
12.4 0.854
16.6 0.78
13.9 0.917
14.8 0.72
16.4 0.791
16.1 0.813
15.0 0.737
12.2 0.781
10.2 0.808
7.7 0.725
7.3 0.784
10.1 0.25
14.1 0.821
9.8 0.768
9.1 0.769
11.6 0.792
11.8 0.0
7.9 0.0
12.0 0.4
10.9 0.692
11.8 0.667
10.4 0.608
11.3 0.602
15.4 0.572
14.4 0.357
13.7 0.482
10.5 0.582
8.9 0.524
11.4 0.638
10.6 0.75
5.5 0.0
0.0 0.0
14.1 0.7
17.9 0.6
14.7 0.656
14.6 0.83
16.0 0.779
14.3 0.859
16.6 0.768
15.0 0.774
16.1 0.845
13.9 0.755
16.1 0.72
13.8 0.813
11.2 1.0
15.9 0.878
13.9 0.833
12.0 0.928
11.8 0.863
14.0 0.806
14.7 0.858
15.6 0.797
13.5 0.738
9.0 0.688
8.1 0.637
8.6 0.455
13.5 0.515
15.1 0.821
13.7 0.794
14.3 0.814
14.7 0.83
21.8 0.858
19.0 0.878
18.7 0.806
13.2 0.849
15.9 0.882
14.5 0.847
16.8 0.892
13.3 1.0
3.4 0.797
11.1 0.714
6.0 0.913
11.5 0.87
9.3 0.805
12.2 0.481
13.9 0.53
13.6 0.611
4.3 0.698
8.2 0.691
8.2 0.676
11.6 0.554
9.3 0.744
10.9 0.704
12.9 0.797
12.6 0.533
6.9 0.714
3.3 0.767
9.8 0.563
4.3 0.522
8.7 0.545
8.6 0.667
5.9 0.75
4.2 0.429
11.7 0.846
22.3 0.857
21.9 0.826
18.4 0.876
19.3 0.875
19.6 0.927
21.8 0.92
17.3 0.915
16.7 0.816
15.8 0.929
15.7 0.894
12.5 0.897
12.4 0.92
16.3 0.888
14.7 0.791
12.1 0.876
14.8 0.915
16.6 0.855
13.7 0.795
12.6 0.794
10.7 0.845
12.9 0.805
13.5 0.863
14.0 0.813
11.9 0.568
11.4 0.0
16.1 0.766
15.6 0.738
15.4 0.735
14.9 0.9
11.0 0.0
8.7 0.0
1.2 0.5
3.5 1.0
11.2 0.72
17.1 0.696
14.2 0.757
16.2 0.75
13.1 0.711
17.2 0.722
18.0 0.725
19.2 0.758
16.7 0.651
14.6 0.724
14.2 0.67
14.8 0.5
15.8 0.831
17.1 0.867
17.3 0.828
15.3 0.855
17.1 0.897
17.7 0.897
14.8 0.851
13.9 0.849
17.3 0.835
19.2 0.887
18.2 0.827
16.2 0.844
18.4 0.8
18.4 0.804
18.9 0.857
17.8 0.88
19.3 0.866
16.5 0.85
15.9 0.883
15.7 0.87
12.8 0.667
7.4 0.813
11.4 0.813
11.4 0.818
10.2 0.828
11.2 0.664
16.4 0.746
14.9 0.752
15.9 0.762
15.2 0.676
15.0 0.513
10.2 0.0
2.6 0.0
8.8 0.583
16.9 0.815
15.8 0.75
16.7 0.835
14.1 0.786
14.1 0.815
13.1 0.789
11.4 0.663
14.2 0.822
14.0 0.8
9.9 0.625
10.0 0.7
9.5 0.462
16.4 0.793
13.1 0.78
14.3 0.784
15.1 0.786
12.3 0.667
12.2 0.708
13.6 0.752
12.2 0.736
12.2 0.875
14.1 0.631
13.0 0.648
15.3 0.547
16.2 0.539
13.8 0.639
15.4 0.594
15.9 0.758
9.6 0.698
11.7 0.672
10.2 0.59
12.5 0.778
11.8 0.655
17.3 0.667
11.7 0.726
14.2 0.8
12.0 0.708
14.1 0.836
16.0 0.861
16.7 0.781
14.2 0.829
17.8 0.807
14.8 0.774
13.3 0.679
13.4 0.705
11.7 0.5
3.4 0.5
11.3 0.545
10.5 0.545
18.5 0.801
17.8 0.764
15.6 0.707
13.1 0.784
12.5 0.683
15.5 0.8
16.0 0.804
17.3 0.859
17.8 0.815
15.7 0.832
12.8 0.825
13.1 0.776
10.5 0.779
8.0 0.835
8.9 0.728
7.5 0.754
10.9 0.763
9.2 0.889
5.8 0.752
13.9 0.667
11.8 0.74
11.2 0.684
8.7 0.683
11.0 0.681
10.9 0.828
8.7 0.786
18.9 0.741
17.1 0.615
14.6 0.554
15.8 0.539
15.5 0.628
14.4 0.438
9.6 0.53
12.2 0.667
14.5 0.653
11.6 0.659
10.4 0.667
3.1 1.0
14.8 0.423
18.6 0.45
17.2 0.49
17.3 0.428
17.4 0.416
17.5 0.408
14.6 0.426
12.0 0.422
12.2 0.406
15.8 0.333
12.3 0.34
11.2 0.87
20.9 0.734
19.3 0.735
18.5 0.736
17.8 0.697
16.4 0.743
17.6 0.788
15.7 0.767
17.2 0.772
14.9 0.768
14.5 0.81
14.5 0.774
15.9 0.741
14.5 0.846
17.4 0.795
13.3 0.768
14.5 0.736
14.6 0.829
24.7 0.749
24.4 0.607
20.9 0.711
17.2 0.794
18.6 0.756
18.4 0.638
16.0 0.417
18.8 0.741
18.4 0.722
15.7 0.754
13.0 0.75
15.9 0.679
16.6 0.561
8.9 0.643
15.3 0.734
11.3 0.781
15.1 0.753
12.6 0.857
11.8 0.807
9.6 0.714
14.7 0.539
14.9 0.68
14.8 0.5
11.8 0.35
13.2 0.88
15.6 0.826
9.2 1.0
15.1 0.699
15.2 0.785
11.9 0.677
13.2 0.882
5.9 0.69
11.6 0.818
9.4 0.778
15.2 0.736
13.8 0.782
16.7 0.776
10.0 0.731
8.8 0.75
13.1 0.76
12.5 0.696
10.7 0.737
6.8 0.571
12.8 0.792
15.1 0.84
17.1 0.837
16.9 0.792
15.4 0.867
15.0 0.913
15.0 0.863
15.7 0.676
15.7 0.555
15.6 0.684
14.7 0.669
11.0 0.657
14.7 0.75
14.2 0.732
10.5 0.786
9.7 0.593
14.4 0.818
15.4 0.795
14.3 0.765
12.4 0.879
12.6 0.784
13.1 0.62
15.1 0.805
20.0 0.79
15.7 0.731
14.4 0.799
14.7 0.776
8.1 0.715
14.6 0.747
16.1 0.614
12.5 0.615
14.9 0.739
13.6 0.667
15.8 0.736
17.6 0.733
18.2 0.922
23.5 0.675
15.2 0.74
18.5 0.719
18.8 0.748
15.6 0.688
12.1 0.676
11.2 0.617
11.0 0.734
12.5 0.625
15.7 0.569
14.8 0.659
14.4 0.733
14.0 0.662
13.9 0.564
12.2 0.281
6.6 0.5
2.5 0.375
14.9 0.737
16.1 0.724
11.6 0.9
11.5 0.583
15.0 0.802
9.9 0.758
10.5 0.929
14.2 0.605
11.5 0.824
10.4 0.92
9.8 0.476
7.3 0.923
5.9 0.5
13.8 0.55
14.0 0.589
14.4 0.689
18.5 0.476
17.0 0.791
18.6 0.748
16.0 0.814
21.3 0.82
23.8 0.844
24.0 0.771
18.2 0.75
18.9 0.739
18.7 0.784
10.8 0.7
3.8 0.833
3.9 0.5
12.4 0.818
14.1 0.804
16.8 0.799
11.3 0.774
15.6 0.795
14.4 0.853
8.0 0.0
-8.4 0.0
13.9 0.828
15.0 0.732
15.3 0.789
14.8 0.707
14.7 0.779
12.0 0.743
11.7 0.821
10.7 0.726
11.1 0.688
12.3 0.622
9.7 0.842
10.7 0.652
6.5 0.0
18.4 1.0
9.9 0.522
12.8 0.5
4.1 0.375
11.7 0.667
10.0 0.444
13.4 0.167
6.6 0.462
9.8 0.6
10.9 0.667
9.7 0.745
16.1 0.732
15.3 0.632
9.7 0.6
1.6 0.75
1.6 0.5
-4.3 0.444
11.9 0.625
8.8 0.63
12.5 0.8
11.2 0.668
13.6 0.683
15.7 0.574
10.4 0.545
11.7 0.44
13.7 0.408
10.1 0.516
11.5 0.337
7.9 0.589
12.8 0.441
11.1 0.368
12.4 0.786
17.4 0.5
-9.2 0.787
13.0 0.608
15.8 0.669
14.2 0.673
16.4 0.503
12.2 0.527
17.0 0.593
17.5 0.579
13.4 0.732
12.5 0.732
18.4 0.689
18.7 0.694
18.9 0.632
16.4 0.72
20.1 0.72
20.1 0.62
14.7 0.734
12.6 0.684
15.9 0.813
17.3 0.736
15.8 0.769
16.1 0.55
11.5 0.71
8.2 0.718
11.1 0.697
8.0 0.717
11.0 0.651
8.0 0.622
6.1 0.727
5.8 0.4
3.7 0.7
10.7 0.763
9.9 0.739
10.0 0.656
8.6 0.512
5.5 0.465
3.0 0.459
3.4 0.464
3.3 0.0
0.9 0.659
5.4 0.467
3.7 0.719
3.0 0.75
14.4 0.624
17.5 0.671
14.8 0.72
16.3 0.632
17.0 0.615
17.0 0.623
15.0 0.333
2.8 0.588
3.2 0.367
6.7 0.6
10.4 0.0
6.3 0.542
11.5 0.558
10.6 0.543
12.5 0.333
9.7 0.222
7.8 0.364
5.4 0.167
6.8 0.0
12.7 0.791
12.5 0.849
12.6 0.8
10.0 0.333
-2.2 0.5
2.8 0.667
9.5 0.847
12.4 0.722
6.5 0.0
19.5 0.736
20.7 0.714
21.7 0.768
22.5 0.689
22.7 0.748
24.1 0.807
21.6 0.781
22.2 0.79
22.9 0.823
23.3 0.782
20.4 0.702
16.7 0.736
19.3 0.803
22.7 0.803
22.7 0.792
21.7 0.707
13.8 0.617
10.4 0.745
6.0 0.787
8.2 0.789
9.3 0.744
9.5 0.783
9.7 0.7
4.2 0.8
7.2 0.754
4.0 0.5
13.7 0.633
13.5 0.585
17.2 0.609
16.5 0.585
13.8 0.548
14.2 0.735
18.3 0.476
14.9 0.62
16.1 0.362
11.7 0.469
12.9 0.455
12.9 0.409
13.4 0.333
11.2 0.479
14.7 0.514
13.9 0.49
12.3 0.45
12.3 0.727
11.9 0.587
13.1 0.66
11.3 0.723
10.0 0.625
6.3 0.556
5.1 1.0
45.3 0.0
9.4 0.732
11.8 0.811
14.4 0.752
16.6 0.837
19.8 0.837
13.3 0.813
8.6 0.829
9.7 0.5
13.4 0.743
16.6 0.763
18.1 0.844
16.6 0.812
18.9 0.733
13.8 0.798
17.4 0.805
15.4 0.735
13.1 0.759
12.4 0.694
11.1 0.717
10.3 0.741
11.8 0.684
11.3 0.684
11.3 0.667
9.7 0.741
11.8 0.774
11.6 0.75
13.9 0.75
15.1 0.791
17.9 0.748
19.5 0.834
17.3 0.826
18.2 0.818
19.3 0.802
16.4 0.849
18.4 0.82
14.1 0.815
15.5 0.801
14.1 0.801
14.1 0.831
12.0 0.818
20.7 0.821
18.8 0.8
21.1 0.79
22.6 0.784
24.4 0.699
20.7 0.728
14.3 0.77
17.2 0.785
16.8 0.744
18.2 0.77
16.1 0.785
18.3 0.787
14.7 0.6
9.3 0.667
7.7 0.0
10.2 0.75
7.3 0.704
9.5 0.786
10.3 0.841
15.9 0.75
16.8 0.73
16.8 0.787
15.9 0.745
14.5 0.797
16.0 0.826
17.8 0.798
18.0 0.667
8.0 0.667
9.0 0.909
6.0 0.875
11.7 0.755
16.5 0.702
15.7 0.65
18.0 0.707
20.8 0.783
21.4 0.715
20.0 0.782
23.4 0.756
16.4 0.769
20.4 0.799
22.0 0.845
23.0 0.811
18.9 0.783
15.9 0.783
15.9 0.76
16.2 0.726
12.7 0.706
13.0 0.748
15.1 0.786
13.7 0.816
13.6 0.726
11.0 0.8
12.6 0.741
11.0 0.741
7.9 0.882
12.6 0.759
11.7 0.667
16.9 0.758
19.9 0.761
19.6 0.815
18.6 0.714
16.9 0.819
22.8 0.772
18.0 0.734
19.6 0.778
21.2 0.758
22.6 0.659
17.9 0.75
17.9 0.742
18.3 0.765
19.5 0.765
19.5 0.796
18.3 0.731
16.2 0.792
14.0 0.767
10.5 0.859
14.0 0.756
13.8 0.764
14.8 0.684
16.8 0.693
19.0 0.673
19.2 0.657
15.5 0.752
18.4 0.769
16.7 0.739
16.6 0.73
15.0 0.594
13.3 0.606
7.0 0.679
11.5 0.68
4.2 0.833
8.9 0.829
9.5 0.768
11.0 0.722
5.9 0.783
6.6 0.75
5.1 0.889
7.4 0.667
3.6 0.0
6.5 0.5
15.5 0.571
6.1 0.696
13.0 0.542
13.2 0.914
13.0 0.834
12.6 0.846
16.1 0.825
13.2 0.75
15.7 0.638
15.8 0.647
16.4 0.528
13.0 0.6
13.6 0.558
13.4 0.714
13.4 0.731
16.4 0.744
18.6 0.637
12.1 0.72
15.2 0.72
11.4 0.7
8.4 1.0
17.5 0.5
13.3 0.527
12.5 0.458
10.6 0.661
14.1 0.614
21.3 0.691
19.8 0.731
17.5 0.804
18.6 0.776
18.3 0.746
16.2 0.8
15.9 0.637
11.6 0.465
10.0 0.4
6.2 0.4
11.6 0.721
14.6 0.652
12.8 0.659
13.1 0.676
14.6 0.735
13.5 0.766
14.6 0.755
9.5 0.71
10.9 0.671
10.2 0.674
9.5 0.68
7.7 1.0
11.0 0.784
9.8 0.75
16.4 0.614
9.9 0.778
9.9 0.6
12.3 0.576
11.3 0.429
2.4 0.452
11.3 0.579
12.6 0.0
-8.0 0.8
17.9 0.768
20.8 0.698
19.2 0.723
21.4 0.685
24.1 0.738
21.9 0.698
17.2 0.742
21.3 0.701
18.8 0.693
19.7 0.731
17.1 0.767
14.4 0.627
16.4 0.627
12.7 0.65
6.9 0.811
13.1 0.792
14.6 0.745
10.3 0.794
14.3 0.754
11.3 0.78
9.7 0.802
15.1 0.756
10.7 0.862
15.8 0.87
17.0 0.863
18.3 0.901
20.7 0.858
18.8 0.838
13.7 0.773
14.2 0.813
11.7 0.833
12.4 0.84
12.2 0.902
9.3 0.902
9.3 0.833
9.5 0.762
14.0 0.771
10.3 0.693
10.8 0.644
10.8 0.839
8.8 0.782
11.8 0.841
10.7 0.667
6.2 0.583
9.9 0.786
9.0 0.833
14.9 1.0
10.4 0.792
12.2 0.829
11.0 0.799
13.5 0.897
15.2 0.804
14.6 0.871
11.8 0.808
11.3 0.872
12.5 0.741
15.1 0.779
14.5 0.778
12.5 0.784
14.1 0.834
17.3 0.815
14.4 0.842
13.1 0.8
14.6 0.811
16.6 0.82
13.6 0.854
12.6 0.805
11.6 0.805
11.6 0.784
9.1 0.8
10.8 0.595
11.1 0.575
10.5 0.667
14.3 0.66
5.2 0.552
9.0 0.639
10.4 0.561
9.9 0.534
13.0 0.53
12.5 0.497
13.5 0.467
11.0 0.594
10.4 0.45
11.4 0.545
12.4 0.507
9.2 0.509
12.8 0.554
11.7 0.619
11.7 0.619
11.2 0.492
17.0 0.538
18.1 0.461
17.2 0.467
11.9 0.524
10.7 0.544
12.2 0.4
10.5 0.37
9.9 0.0
14.7 0.802
18.5 0.803
22.3 0.778
22.4 0.86
24.1 0.86
24.3 0.884
22.9 0.87
22.5 0.871
21.7 0.871
24.1 0.796
19.0 0.851
20.0 0.721
16.2 0.721
16.2 0.813
17.8 0.804
12.1 0.854
13.2 0.81
12.9 0.754
8.7 0.816
11.3 0.885
15.0 0.637
15.6 0.81
19.7 0.682
17.6 0.714
16.5 0.753
13.8 0.84
16.3 0.861
16.9 0.794
15.9 0.846
18.8 0.688
7.7 0.889
18.4 0.773
11.9 0.773
11.9 0.643
9.6 0.714
14.6 0.545
15.4 0.682
14.8 0.66
15.6 0.0
-54.4 0.689
17.8 0.551
11.1 0.723
18.8 0.704
18.9 0.711
20.4 0.673
18.6 0.729
17.0 0.583
16.6 0.604
14.3 0.604
14.3 0.578
16.8 0.589
4.1 0.0
-1.0 0.486
9.2 0.82
9.6 0.786
14.4 0.733
12.6 0.72
13.9 0.688
11.7 0.761
9.6 0.742
12.1 0.707
6.8 0.65
11.1 0.614
8.7 0.584
11.2 0.589
11.6 0.456
8.6 0.527
7.9 0.611
9.4 0.625
9.8 0.414
8.0 0.681
10.9 0.522
5.5 0.832
11.8 0.85
13.3 0.763
11.0 0.833
10.0 0.746
10.9 0.815
12.4 0.667
7.4 0.864
20.6 0.809
21.9 0.783
23.2 0.853
25.6 0.862
26.5 0.85
22.5 0.866
6.6 0.715
15.4 0.738
9.9 0.711
11.5 0.725
10.8 0.694
13.2 0.76
14.7 0.727
5.8 0.724
8.3 0.829
10.1 0.682
7.2 0.805
14.5 0.786
14.8 0.775
18.3 0.85
18.9 0.78
19.0 0.765
18.1 0.804
15.2 0.817
17.5 0.82
15.6 0.75
12.6 0.6
7.3 0.852
11.5 0.739
11.1 0.81
9.9 0.852
13.4 0.877
11.7 0.766
13.3 0.807
16.2 0.765
14.8 0.768
16.0 0.768
15.6 0.778
15.0 0.714
16.0 0.702
15.1 0.774
12.8 0.738
11.5 0.567
8.2 0.754
12.0 0.754
12.0 0.684
5.8 0.596
10.4 0.771
10.1 0.714
9.5 0.772
10.6 0.729
9.7 0.775
10.7 0.779
12.7 0.823
13.9 0.83
16.0 0.83
14.7 0.813
12.8 0.644
9.0 0.773
10.2 0.769
7.8 0.5
5.1 0.5
8.4 0.583
15.0 0.59
11.6 0.0
24.4 0.429
-28.0 0.333
4.6 0.5
7.1 0.5
7.8 0.0
16.2 0.713
19.8 0.733
26.6 0.889
17.8 0.781
23.1 0.805
27.6 0.835
20.3 0.771
22.6 0.792
22.7 0.765
17.7 0.808
22.1 0.739
18.8 0.72
20.3 0.72
20.3 0.746
-1.4 0.5
4.9 0.793
7.1 0.571
2.7 0.643
10.9 0.681
8.6 0.75
4.5 0.743
12.6 0.763
10.9 0.747
12.5 0.7
15.3 0.611
13.6 0.732
17.3 0.684
16.6 0.645
16.3 0.564
13.3 0.5
12.0 0.562
18.0 0.615
12.4 0.672
9.3 0.833
14.4 0.75
11.0 0.61
5.8 0.786
12.7 1.0
6.4 0.854
10.7 0.0
11.2 0.633
9.4 0.0
7.7 0.645
17.6 0.796
16.7 0.808
22.0 0.808
22.1 0.786
21.1 0.793
19.0 0.83
22.2 0.838
21.7 0.804
21.1 0.83
24.8 0.848
24.4 0.797
21.5 0.797
21.5 0.829
20.3 0.833
11.0 0.742
12.3 0.803
13.6 0.8
11.3 0.771
12.6 0.611
7.8 0.828
15.3 0.75
12.7 0.797
12.8 0.755
15.1 0.845
18.4 0.822
15.8 0.881
19.4 0.877
14.0 0.796
15.3 0.815
14.0 0.756
13.5 0.795
11.5 0.784
15.3 0.784
15.3 0.839
11.7 0.889
10.6 0.603
9.0 0.681
10.7 0.732
14.7 0.747
12.9 0.743
12.6 0.74
13.6 0.779
14.6 0.742
15.5 0.744
15.5 0.733
12.0 0.779
11.3 0.779
11.3 0.804
11.7 0.787
10.9 0.805
8.4 0.791
14.5 0.672
9.9 0.766
12.0 0.84
14.4 0.75
11.6 0.867
7.5 0.778
8.5 0.771
11.7 0.767
11.0 0.707
9.5 0.707
9.5 0.8
11.0 0.727
10.4 0.683
10.7 0.746
9.2 0.736
10.9 0.912
9.7 0.74
7.7 0.656
9.0 0.4
4.8 0.647
6.7 1.0
7.9 0.732
15.1 0.76
17.5 0.816
23.2 0.785
22.6 0.844
23.8 0.817
22.1 0.797
25.0 0.815
19.4 0.821
18.9 0.798
20.0 0.82
19.0 0.772
19.8 0.772
19.8 0.795
9.5 0.0
8.4 0.815
16.9 0.714
3.8 0.855
14.7 0.821
13.9 0.904
14.6 0.804
10.7 0.84
5.5 1.0
7.1 0.769
12.2 0.789
5.6 0.0
14.0 0.757
14.1 0.832
15.6 0.723
14.8 0.905
8.6 0.833
7.6 0.714
2.4 0.625
11.6 0.9
4.7 0.5
20.1 0.737
14.6 0.754
14.9 0.7
11.6 0.698
11.6 0.721
12.8 0.607
9.6 0.684
11.7 0.739
8.1 0.741
2.1 0.824
11.4 0.667
8.8 0.74
10.0 0.731
17.3 0.683
13.0 0.744
12.0 0.687
14.4 0.769
12.8 0.683
13.9 0.629
11.2 0.723
11.9 0.739
14.1 0.774
12.7 0.774
12.7 0.737
14.0 0.743
23.1 1.0
9.7 0.617
11.8 0.341
10.4 0.333
7.4 1.0
9.3 0.556
11.2 0.57
10.7 0.662
10.1 0.775
11.2 0.703
6.9 0.846
10.3 0.4
5.5 0.839
8.9 0.0
15.7 0.84
12.4 0.7
6.1 0.75
3.5 0.25
-4.7 0.75
10.8 0.776
9.6 0.8
8.6 0.667
10.3 0.757
12.8 0.729
11.1 0.833
12.8 0.78
10.8 0.857
13.9 0.719
11.8 0.824
7.1 0.824
7.9 0.824
17.1 0.529
13.7 0.791
15.5 0.789
13.7 0.68
13.7 0.81
12.7 0.753
13.1 0.762
14.6 0.8
12.7 0.814
10.9 0.711
9.9 0.568
10.5 0.703
10.6 0.703
10.6 0.75
9.1 0.6
9.4 0.839
11.1 0.833
12.2 0.845
10.7 0.75
13.0 0.692
10.8 0.778
13.1 0.792
15.3 0.815
15.5 0.835
17.0 0.831
13.1 0.791
13.9 0.752
11.6 0.841
12.3 0.781
9.2 0.714
10.8 0.76
10.8 0.7
6.8 0.7
6.8 0.938
15.7 0.733
15.8 0.734
19.3 0.827
20.0 0.813
18.3 0.782
17.0 0.784
12.7 0.617
9.2 0.773
10.5 0.583
12.6 0.538
18.3 0.75
25.7 0.738
28.1 0.698
24.5 0.712
29.1 0.78
31.7 0.767
31.1 0.759
27.3 0.771
30.7 0.753
31.6 0.75
29.3 0.71
25.9 0.71
25.9 0.731
27.5 0.674
2.6 0.0
9.6 0.0
-3.4 0.667
10.1 0.811
14.0 1.0
8.2 0.0
2.5 0.688
9.6 0.645
8.0 0.793
9.6 0.667
13.5 0.728
9.0 0.77
10.8 0.767
13.7 0.838
10.3 0.77
4.9 0.855
10.5 0.851
13.2 0.877
10.8 0.878
13.6 0.839
8.4 0.821
8.8 0.833
11.1 0.833
9.7 0.5
8.1 0.636
15.4 0.848
11.1 0.848
11.1 0.808
11.6 0.65
9.6 0.661
13.1 0.77
15.0 0.741
12.9 0.762
17.5 0.68
14.4 0.749
16.5 0.754
15.7 0.785
15.3 0.788
16.3 0.765
17.0 0.706
17.3 0.706
17.3 1.0
10.2 0.824
11.8 0.848
9.0 0.892
13.8 0.86
10.8 0.81
8.9 0.6
8.4 0.5
1.6 1.0
10.1 0.854
12.8 0.849
12.3 0.914
14.2 0.915
12.8 0.882
12.1 0.796
13.9 0.885
13.0 0.833
13.6 0.859
13.9 0.926
13.5 0.898
14.8 0.898
14.8 0.833
9.7 0.905
12.2 0.682
7.3 0.0
12.0 0.818
8.1 0.767
10.4 0.797
8.6 0.885
6.1 0.708
4.7 0.56
15.2 0.613
13.8 0.554
11.0 0.562
13.8 0.536
12.8 0.557
12.2 0.432
9.0 0.0
16.4 0.653
15.4 0.697
12.9 0.79
15.3 0.741
15.7 0.723
15.1 0.831
13.3 0.772
8.8 0.674
9.6 0.731
13.0 0.808
10.8 0.746
14.4 0.735
15.0 0.786
16.8 0.706
11.0 0.709
14.1 0.65
13.1 0.754
12.4 0.741
14.0 0.757
13.1 0.846
14.0 0.788
15.6 0.788
15.6 0.768
16.2 0.778
8.7 0.688
9.0 0.653
6.9 0.794
12.1 0.688
7.2 0.463
8.6 0.385
5.4 0.6
6.0 0.375
6.7 0.167
-7.2 0.0
22.8 0.638
11.2 0.615
13.2 0.6
9.5 0.623
13.3 0.6
13.2 0.582
15.0 0.556
9.6 0.652
8.7 0.611
8.2 0.552
6.3 0.506
7.0 0.506
7.0 0.44
12.9 0.698
14.2 0.608
10.0 0.648
13.0 0.673
12.7 0.709
11.6 0.633
11.9 0.684
9.8 0.645
8.5 0.667
10.0 0.697
12.5 0.697
13.1 0.883
14.6 0.877
16.0 0.805
13.7 0.857
11.3 0.869
12.9 0.907
17.7 0.883
15.0 0.891
13.6 0.848
13.0 0.654
9.0 0.857
10.0 0.857
8.4 0.875
14.6 0.847
14.9 0.817
13.6 0.852
13.6 0.918
11.8 0.889
13.9 0.811
11.6 0.5
17.2 0.749
16.4 0.652
13.9 0.561
17.6 0.762
23.1 0.783
27.6 0.807
28.9 0.758
21.5 0.765
30.4 0.761
28.0 0.758
25.6 0.791
26.3 0.725
24.0 0.733
22.0 0.768
21.4 0.768
21.4 0.793
20.3 0.794
12.7 0.708
11.4 0.75
11.6 0.745
14.7 0.706
12.3 0.719
11.3 0.5
9.7 0.7
5.1 0.0
3.4 0.5
15.9 0.68
11.1 0.843
19.7 0.824
18.9 0.85
19.9 0.884
18.9 0.865
18.9 0.807
20.4 0.807
17.8 0.768
20.1 0.789
17.5 0.739
16.0 0.739
16.0 0.788
17.6 0.768
9.4 0.85
14.1 0.85
15.0 0.855
16.3 0.856
17.0 0.912
17.2 0.894
16.1 0.853
13.9 0.9
15.0 0.882
14.4 0.876
11.8 0.872
15.4 0.872
15.4 0.905
14.7 0.746
12.9 0.784
17.0 0.762
10.7 0.725
12.9 0.605
14.2 0.753
18.3 0.8
15.7 0.717
13.2 0.628
15.6 0.627
14.6 0.627
14.6 0.652
12.9 0.615
7.1 0.536
4.5 0.621
13.3 0.606
11.8 0.62
16.2 0.653
16.1 0.71
15.5 0.649
13.3 0.701
11.3 0.775
14.2 0.821
14.0 0.772
15.8 0.853
12.7 0.853
12.7 0.783
12.9 0.738
8.6 0.75
11.3 0.0
8.2 0.5
14.8 0.306
13.6 0.521
16.2 0.62
19.2 0.551
19.1 0.16
13.0 0.323
12.1 0.111
8.8 0.308
7.7 0.167
14.7 0.829
13.7 0.711
16.4 0.864
12.4 0.739
15.0 0.729
14.9 0.744
13.5 0.762
13.2 0.733
11.8 0.75
11.2 0.811
10.1 0.811
10.1 0.75
12.8 0.435
90.3 0.753
14.8 0.9
15.2 0.766
15.8 0.795
16.2 0.807
15.0 0.699
14.0 0.774
14.2 0.737
15.0 0.721
14.8 0.692
13.1 0.753
10.8 0.71
12.1 0.769
13.6 0.71
11.8 0.692
11.2 0.692
11.2 0.697
7.7 0.625
8.6 0.672
10.6 0.787
12.8 0.744
14.2 0.75
15.8 0.777
18.7 0.77
17.0 0.796
14.7 0.764
16.1 0.753
15.5 0.77
14.1 0.816
15.1 0.791
15.2 0.761
15.5 0.761
15.5 0.755
15.0 0.73
9.8 0.818
12.9 0.752
11.9 0.813
11.1 0.856
12.2 0.716
10.7 0.56
5.6 0.81
8.4 0.462
5.1 0.727
14.9 0.787
14.5 0.864
18.2 0.908
16.4 0.864
17.0 0.861
14.0 0.85
12.4 0.86
13.5 0.843
12.7 0.81
6.4 0.836
10.6 0.836
14.7 0.716
17.4 0.824
16.0 0.824
17.5 0.82
21.6 0.798
16.2 0.833
17.2 0.746
16.0 0.727
14.6 0.8
14.6 0.815
14.8 0.815
14.8 0.721
13.1 0.829
12.9 0.511
11.8 0.5
7.0 0.51
17.2 0.595
19.3 0.586
21.1 0.59
22.9 0.594
25.4 0.592
24.0 0.596
26.1 0.491
24.2 0.492
19.4 0.547
21.3 0.528
19.2 0.528
19.2 0.489
18.9 0.533
9.5 0.523
10.3 0.671
13.5 0.605
15.7 0.792
16.3 0.668
15.1 0.665
17.8 0.752
17.9 0.789
13.6 0.813
18.2 0.744
15.4 0.744
15.4 0.798
13.1 0.78
13.5 0.754
14.8 0.82
18.1 0.721
19.0 0.724
18.4 0.733
17.8 0.693
17.2 0.617
17.6 0.574
15.2 0.652
13.7 0.596
12.3 0.596
12.3 0.614
12.2 0.706
3.8 0.5
13.4 0.875
7.2 0.417
9.4 0.875
13.9 0.474
11.6 0.722
8.9 0.727
8.4 0.686
9.6 0.726
8.8 0.791
7.6 0.75
11.0 1.0
8.2 0.125
4.7 0.563
8.1 0.0
16.3 0.788
7.9 0.556
10.3 0.696
16.6 0.642
16.2 0.681
19.8 0.721
22.7 0.738
23.1 0.68
19.0 0.761
20.1 0.774
22.8 0.77
20.9 0.69
22.7 0.655
19.7 0.655
19.7 0.649
18.2 0.765
12.0 0.783
9.0 0.694
11.5 0.731
9.5 0.571
13.4 0.698
14.4 0.711
16.9 0.754
8.5 0.797
13.6 0.717
13.7 0.774
10.4 0.688
10.2 0.707
8.7 0.847
14.8 0.844
20.1 0.869
21.0 0.867
19.2 0.876
17.0 0.888
21.4 0.894
16.5 0.89
16.0 0.891
16.3 0.881
16.7 0.881
16.7 0.89
14.5 0.779
19.5 0.828
13.9 0.828
15.5 0.887
20.6 0.845
15.5 0.802
15.4 0.807
14.6 0.873
14.4 0.857
13.9 0.667
12.1 0.667
12.1 0.857
9.5 0.714
10.1 0.843
16.1 0.848
15.6 0.807
13.6 0.792
12.2 0.717
11.1 0.803
10.1 0.545
16.3 0.656
14.9 0.593
20.1 0.57
17.4 0.593
18.0 0.562
16.5 0.562
16.0 0.514
15.1 0.571
-12.1 0.5
13.7 0.725
7.9 0.867
9.8 0.791
12.0 0.852
8.9 0.76
7.4 0.782
10.5 0.667
7.6 0.81
6.9 0.571
3.0 0.357
2.5 0.471
10.6 0.5
10.9 0.822
12.7 0.81
15.6 0.719
18.1 0.754
16.8 0.706
15.0 0.738
16.4 0.709
15.2 0.762
17.6 0.652
14.0 0.75
13.6 0.75
13.6 0.634
12.4 0.667
15.4 0.719
15.5 0.693
18.3 0.71
19.0 0.588
17.2 0.618
21.0 0.725
19.2 0.63
21.1 0.517
17.7 0.532
14.1 0.498
14.9 0.498
14.9 0.552
8.6 0.735
14.6 0.653
12.2 0.727
7.8 0.719
9.5 0.667
6.9 0.571
5.2 0.582
9.7 0.743
13.0 0.818
8.6 0.743
10.4 0.819
10.8 0.784
10.3 0.733
10.5 0.791
13.2 0.783
8.2 1.0
14.0 0.571
9.1 0.75
14.3 0.78
15.3 0.883
10.3 0.85
13.3 0.82
12.3 0.837
15.7 0.864
15.7 0.709
13.1 0.816
14.2 0.833
12.7 0.853
15.4 0.853
15.4 0.9
9.5 0.941
17.0 0.513
14.8 0.616
14.4 0.598
12.0 0.616
14.6 0.663
15.8 0.667
15.2 0.672
18.9 0.755
21.7 0.681
17.0 0.733
17.7 0.733
17.7 0.64
11.1 0.727
9.6 0.477
8.9 0.885
8.4 0.878
11.7 0.835
15.1 0.921
12.6 0.848
11.4 0.844
12.3 0.851
15.1 0.853
14.0 0.736
12.1 0.833
14.1 0.81
13.8 0.867
12.3 0.886
13.4 0.84
13.1 0.882
13.1 0.736
11.3 0.804
8.3 0.798
11.5 0.714
11.4 0.63
6.9 0.743
5.2 0.882
13.2 0.744
12.7 0.826
14.4 0.333
3.7 0.884
14.5 0.789
15.0 0.816
15.0 0.851
16.0 0.754
11.9 0.81
13.4 0.81
10.4 0.826
-2.8 0.944
6.6 0.701
9.1 0.75
7.2 0.822
15.9 0.867
16.4 0.825
16.5 0.815
15.9 0.81
14.1 0.86
12.3 0.858
15.0 0.79
16.3 0.79
16.3 0.845
17.4 0.875
7.1 0.571
10.1 0.612
12.1 0.695
15.5 0.704
15.0 0.744
17.6 0.777
16.9 0.673
10.6 0.685
21.9 0.742
15.2 0.577
15.5 0.587
17.5 0.571
16.2 0.629
20.7 0.442
16.7 0.609
14.9 0.5
13.8 0.344
17.0 0.524
15.8 0.524
15.8 0.48
15.9 0.273
7.4 0.668
15.4 0.695
22.6 0.707
20.0 0.739
20.2 0.66
21.1 0.692
11.4 0.818
19.1 0.908
20.5 0.981
18.8 0.798
16.5 0.854
16.3 0.882
16.7 0.9
18.8 0.825
15.2 0.906
11.3 0.906
11.3 0.875
12.3 0.917
12.6 0.8
11.6 0.901
12.2 0.8
13.7 0.25
15.8 0.8
14.9 0.851
17.2 0.755
11.1 0.763
15.0 0.767
19.0 0.83
14.5 0.753
16.7 0.789
18.6 0.796
17.5 0.773
16.2 0.788
16.8 0.752
16.5 0.752
16.5 0.786
13.7 0.727
7.6 0.778
14.2 0.797
13.5 0.8
13.8 0.805
13.7 0.763
15.2 0.805
16.6 0.806
13.4 0.789
15.2 0.721
12.9 0.8
12.4 0.8
12.4 0.847
11.9 0.781
18.1 0.787
10.5 0.78
14.8 0.722
10.0 0.81
15.0 0.832
12.8 0.89
10.3 0.833
11.7 0.779
15.1 0.82
14.1 0.882
12.4 0.855
13.5 0.8
10.7 0.857
11.0 0.526
9.3 0.25
3.6 0.25
14.0 0.811
13.7 0.83
15.7 0.807
12.5 0.825
12.1 0.718
9.0 0.727
10.2 0.84
12.9 0.844
10.3 0.825
11.9 0.74
10.6 0.806
6.9 0.889
5.4 0.75
21.9 0.806
8.5 0.646
11.2 0.816
14.7 0.803
13.9 0.852
16.7 0.878
21.8 0.848
19.8 0.848
17.8 0.873
18.6 0.625
4.0 0.94
10.9 0.757
8.6 0.757
13.1 0.805
12.0 0.829
8.7 0.844
6.4 0.6
6.5 0.0
18.0 0.618
13.9 0.458
11.2 0.368
7.8 0.545
11.7 0.662
16.2 0.667
8.9 0.625
10.7 0.8
10.0 0.545
10.4 0.545
10.4 1.0
11.2 0.79
13.7 0.815
13.6 0.792
9.9 0.828
11.5 0.78
4.2 0.75
12.3 0.871
14.5 0.867
13.0 0.852
13.1 0.842
16.3 0.85
14.2 0.872
17.9 0.843
15.9 0.839
11.5 0.881
14.6 0.881
14.6 0.893
14.5 1.0
12.9 0.905
20.3 0.786
20.6 0.673
17.5 0.657
13.5 0.638
16.7 0.788
17.6 0.69
14.4 0.727
17.3 0.636
15.4 0.612
15.4 0.612
15.4 0.57
16.0 0.67
9.2 0.5
-0.5 0.483
11.1 0.667
8.0 0.0
13.2 0.852
11.1 0.77
14.4 0.725
4.8 0.5
15.4 0.815
20.2 0.819
18.0 0.755
19.0 0.812
22.2 0.787
17.8 0.782
19.7 0.797
19.2 0.78
19.1 0.654
17.8 0.654
17.8 0.763
19.6 0.708
7.7 0.789
10.1 0.689
8.0 0.526
14.4 0.633
16.7 0.532
15.8 0.574
14.0 0.515
9.4 0.547
11.7 0.621
11.3 0.484
8.1 0.577
10.4 0.577
15.3 0.768
12.6 0.69
7.2 0.748
14.6 0.759
13.8 0.609
2.8 0.788
14.2 0.876
11.8 0.695
10.8 0.811
14.4 0.794
12.4 0.869
15.3 0.853
16.0 0.807
14.1 0.807
14.1 0.75
14.0 0.903
9.3 0.647
11.9 0.607
13.8 0.571
10.6 0.765
5.7 0.5
22.1 0.818
22.0 0.851
28.3 0.868
30.0 0.847
23.7 0.878
23.7 0.861
27.0 0.885
26.4 0.855
25.9 0.9
26.0 0.9
26.0 0.896
26.2 0.892
10.4 0.649
11.6 0.736
10.0 0.552
8.1 0.667
10.7 0.536
9.9 0.838
10.3 0.917
9.2 0.714
9.6 0.724
10.7 0.76
9.9 0.645
6.7 0.8
10.5 0.673
10.5 0.684
12.3 0.756
8.5 0.695
10.3 0.744
5.5 0.8
8.4 0.708
6.8 0.692
7.6 0.8
10.2 0.8
10.2 0.756
9.6 0.75
12.6 0.545
15.3 0.0
15.6 0.25
19.4 1.0
11.7 0.667
13.8 0.725
12.6 0.777
15.2 0.786
15.3 0.841
18.9 0.746
16.3 0.818
10.0 0.832
18.0 0.799
17.4 0.835
15.6 0.674
10.6 0.674
10.6 0.0
9.3 0.714
11.5 0.714
13.6 0.759
12.5 0.897
11.4 0.82
10.1 0.524
22.0 0.833
12.2 0.664
15.5 0.753
15.0 0.79
14.5 0.474
12.6 0.622
13.6 0.591
12.3 0.365
9.4 0.42
13.9 0.0
4.3 0.0
16.4 0.82
15.8 0.783
14.9 0.838
18.6 0.815
16.0 0.767
15.9 0.857
16.2 0.551
14.0 0.571
12.7 0.571
17.4 0.571
17.4 0.917
-1.6 0.0
-40.7 0.667
1.0 0.752
11.0 0.771
15.9 0.704
16.2 0.711
16.9 0.737
15.6 0.721
16.5 0.768
13.1 0.682
11.6 0.705
9.9 0.735
12.0 0.0
-8.4 0.813
12.5 0.77
12.4 0.792
10.0 0.848
13.9 0.84
11.5 0.75
5.9 0.75
12.4 0.767
17.1 0.803
20.8 0.849
21.1 0.801
20.6 0.845
21.1 0.843
20.3 0.859
20.3 0.801
17.6 0.834
15.7 0.834
15.7 0.869
14.6 0.826
9.0 0.696
14.6 0.783
16.7 0.79
16.3 0.824
18.2 0.823
18.9 0.812
20.2 0.868
15.9 0.849
14.2 0.861
19.9 0.861
19.9 0.83
17.7 0.88
12.2 0.815
12.2 0.822
14.5 0.806
16.0 0.819
13.0 0.845
13.5 0.788
15.8 0.778
10.9 0.781
14.0 0.713
11.8 0.713
11.8 0.833
16.8 0.873
0.7 0.603
8.1 0.687
8.4 0.747
8.6 0.688
8.6 0.0
12.1 0.722
2.9 0.5
1.8 0.5
17.1 0.762
18.5 0.781
19.1 0.757
18.2 0.791
21.5 0.814
22.7 0.81
20.4 0.822
21.8 0.845
22.8 0.845
22.8 0.858
22.4 0.812
9.6 0.286
7.4 0.442
13.3 0.545
14.4 0.391
11.5 0.427
11.5 0.333
9.3 0.25
9.1 0.471
11.8 0.471
11.8 0.519
12.2 0.629
7.7 0.633
10.7 0.469
6.9 0.485
16.6 0.5
13.4 0.717
13.5 0.808
14.7 0.679
16.1 0.432
11.5 0.646
16.8 0.333
6.6 0.75
9.3 0.727
9.6 0.8
11.7 0.753
13.4 0.844
12.8 0.847
14.8 0.776
14.9 0.784
12.8 0.84
10.6 0.831
14.6 0.774
15.5 0.82
16.4 0.873
17.9 0.844
11.2 0.824
14.5 0.813
16.6 0.813
16.6 0.825
14.6 0.456
14.8 0.376
13.3 0.328
15.2 0.759
18.4 0.702
16.1 0.639
12.5 0.654
13.8 0.56
12.3 0.41
10.0 0.0
11.1 0.449
13.5 1.0
7.5 0.586
6.3 0.821
12.9 0.818
12.4 0.911
13.6 0.808
13.6 0.784
13.1 0.714
4.7 0.75
4.4 0.75
11.4 0.679
12.1 0.758
12.1 0.825
12.7 0.667
9.2 0.605
5.9 0.609
9.5 0.619
11.2 0.6
9.0 0.794
10.7 0.5
5.3 0.71
8.1 0.526
6.4 0.0
9.0 0.923
9.7 0.895
10.8 0.679
15.4 0.584
9.9 0.671
12.3 0.82
14.1 0.905
14.0 0.815
12.7 0.846
13.7 0.89
13.2 0.893
11.4 0.859
13.5 0.819
11.7 0.849
13.3 0.818
11.0 0.818
11.0 0.824
7.6 0.857
12.1 0.0
12.4 0.785
17.4 0.767
15.3 0.753
16.2 0.805
17.8 0.791
17.8 0.814
15.6 0.822
18.3 0.858
19.7 0.858
19.7 0.78
15.5 0.855
9.8 0.778
9.4 0.81
11.7 0.767
10.1 0.694
11.3 0.822
13.2 0.791
9.2 0.703
16.1 0.84
13.2 0.76
8.5 0.671
11.4 0.597
12.9 0.69
11.0 0.681
10.7 0.52
6.9 0.75
11.3 0.625
11.9 0.574
13.1 0.574
13.1 0.619
13.2 0.687
9.4 0.784
12.3 0.55
6.8 0.716
12.0 0.718
9.9 0.661
8.5 0.826
9.1 0.0
-5.7 0.5
13.0 0.833
10.3 0.868
18.3 0.698
14.3 0.801
14.4 0.827
15.5 0.765
16.5 0.864
18.8 0.795
17.5 0.813
20.1 0.808
19.3 0.808
19.3 0.811
22.2 0.819
17.6 0.677
16.1 0.699
18.6 0.693
16.7 0.757
19.8 0.792
21.8 0.742
19.8 0.731
19.8 0.757
20.0 0.757
20.0 0.757
21.3 0.768
1.5 0.483
4.3 1.0
1.8 0.593
7.7 0.75
17.3 0.913
13.5 0.778
8.3 1.0
17.8 0.846
15.9 0.909
11.3 1.0
11.1 0.0
8.6 0.0
8.6 1.0
14.4 0.0
7.3 0.6
14.0 0.55
11.8 0.5
14.5 0.816
14.4 0.834
12.1 0.789
9.9 0.779
10.5 0.625
14.6 0.71
20.9 0.689
17.2 0.587
10.2 0.556
12.3 0.867
13.8 0.81
12.9 1.0
9.3 0.5
13.0 0.794
12.7 0.871
9.9 0.86
15.0 0.875
12.8 0.911
15.1 0.9
14.7 0.915
16.6 0.901
16.2 0.901
16.2 0.888
17.5 0.891
13.8 1.0
4.2 0.5
14.1 0.658
9.0 0.792
12.5 0.731
13.1 0.611
15.6 0.642
18.8 0.621
19.1 0.568
17.1 0.597
17.5 0.645
18.1 0.627
15.3 0.397
13.5 0.397
13.5 0.58
16.9 0.6
18.0 0.753
19.4 0.824
24.0 0.78
21.3 0.848
8.5 0.721
11.4 0.836
12.1 0.674
9.8 0.747
10.4 0.884
9.8 0.826
12.8 0.768
10.4 0.776
13.8 0.776
13.8 0.626
12.4 0.733
8.5 0.471
18.2 0.8
8.0 0.0
0.0 0.438
15.7 0.665
16.7 0.677
16.9 0.635
16.9 0.735
15.4 0.717
14.8 0.741
14.6 0.783
15.9 0.686
16.8 0.787
18.2 0.759
9.0 0.839
6.9 0.455
17.3 0.308
11.5 0.787
11.0 0.333
3.7 0.673
9.7 0.717
12.8 0.818
12.3 0.676
11.9 0.73
13.7 0.765
14.1 0.773
12.3 0.731
10.2 0.817
8.9 0.735
10.9 0.847
13.6 0.798
14.7 0.857
13.0 0.815
16.0 0.843
10.7 0.843
10.7 0.84
10.9 0.892
9.0 1.0
2.0 0.808
8.8 0.652
9.3 0.717
10.2 0.644
7.3 0.69
10.3 0.607
10.4 0.5
8.1 0.682
14.7 0.682
14.7 0.75
14.1 0.625
8.2 0.769
11.8 0.835
12.6 0.784
12.1 0.783
11.9 0.839
10.4 0.847
15.0 0.848
12.4 0.848
12.4 0.833
9.4 0.893
8.3 0.737
11.2 0.648
12.1 0.708
11.0 0.692
13.7 0.69
14.7 0.718
12.7 0.743
13.9 0.743
13.9 0.75
9.9 0.735
13.1 0.866
12.9 0.822
16.0 0.886
11.7 0.795
12.9 0.806
13.7 0.807
14.6 0.833
9.0 0.793
16.6 0.724
12.4 0.775
13.2 0.775
12.6 0.817
14.3 0.743
13.9 0.733
15.9 0.861
16.8 0.83
18.3 0.815
20.0 0.859
18.6 0.859
18.6 0.834
19.4 0.859
7.9 0.875
10.3 0.84
7.5 0.8
12.8 0.636
9.2 0.75
11.0 0.576
9.8 0.471
11.3 0.73
10.7 0.696
11.5 0.736
12.8 0.683
13.2 0.718
15.0 0.693
13.1 0.632
10.8 0.632
13.6 0.676
13.5 0.754
13.6 0.743
15.6 0.726
15.4 0.796
14.9 0.655
8.9 0.716
12.3 0.716
12.3 0.735
11.7 0.662
15.8 0.863
20.8 0.9
26.2 0.88
23.6 0.86
26.2 0.905
28.3 0.873
29.8 0.854
27.6 0.854
27.6 0.898
28.2 0.875
4.0 0.333
13.0 0.421
9.7 0.391
5.8 0.667
4.4 0.5
19.8 0.578
17.0 0.68
13.9 0.725
17.8 0.649
21.2 0.652
15.4 0.686
17.6 0.703
18.2 0.703
18.2 0.705
19.0 0.648
13.9 0.576
11.5 0.714
16.6 0.5
11.0 0.532
11.1 0.523
9.0 0.55
9.8 0.788
13.9 0.74
13.8 0.811
11.6 0.662
13.0 0.689
13.8 0.534
12.8 0.727
18.1 0.777
16.0 0.783
15.7 0.647
9.8 0.647
9.8 0.831
12.4 0.846
14.7 0.727
17.0 0.789
19.4 0.798
20.7 0.733
19.0 0.644
19.8 0.682
22.0 0.759
21.4 0.759
21.4 0.798
19.4 0.8
11.3 0.772
10.9 0.798
12.3 0.681
10.1 0.667
21.4 0.813
17.7 0.806
19.0 0.74
14.8 0.799
18.2 0.817
17.5 0.824
11.2 0.82
14.9 0.82
14.9 0.736
7.7 0.817
10.6 0.776
16.0 0.734
6.6 0.725
10.8 0.0
3.8 0.769
10.4 0.736
11.8 0.3
20.3 0.769
12.5 0.5
14.8 0.739
16.0 0.639
10.9 0.765
12.7 0.729
13.8 0.615
10.2 0.615
10.2 0.7
9.9 0.667
15.0 0.85
13.3 0.8
12.6 0.882
10.1 1.0
-1.9 0.5
15.5 0.676
16.5 0.744
17.9 0.739
18.8 0.748
19.6 0.751
18.1 0.737
20.0 0.603
15.3 0.603
15.3 0.489
14.1 0.436
9.6 0.828
14.5 0.906
8.3 0.81
12.0 0.429
16.1 0.76
17.0 0.779
17.2 0.738
18.4 0.773
15.4 0.787
16.7 0.728
13.4 0.699
16.8 0.699
16.8 0.726
13.6 0.676
16.2 0.794
17.6 0.717
12.9 0.823
19.0 0.782
16.7 0.839
17.7 0.807
16.0 0.769
11.1 0.769
11.1 0.756
15.9 0.771
1.1 0.0
13.8 0.803
14.8 0.833
15.6 0.866
18.4 0.834
17.6 0.783
13.0 0.836
14.0 0.819
15.4 0.819
15.4 0.829
12.6 0.748
12.7 0.754
12.6 0.725
11.8 0.775
11.8 0.788
13.0 0.762
11.0 0.87
14.2 0.771
13.8 0.742
12.8 0.808
13.3 0.78
13.9 0.784
13.0 0.826
15.4 0.826
15.4 0.872
8.6 0.864
8.6 0.467
10.0 0.6
9.9 0.6
13.9 0.625
8.8 0.526
17.2 0.741
15.4 0.567
12.6 0.61
11.8 0.512
11.6 0.85
13.1 0.8
10.7 0.816
14.5 0.852
12.9 0.82
13.3 0.825
16.0 0.892
14.2 0.892
14.2 0.829
9.1 0.856
16.5 0.735
15.3 0.691
14.0 0.707
18.4 0.771
18.9 0.574
18.2 0.712
16.6 0.655
15.7 0.655
15.7 0.644
17.5 0.523
7.0 0.0
6.3 0.722
10.1 0.667
13.6 0.866
18.1 0.812
19.0 0.877
21.2 0.844
18.1 0.952
18.8 0.854
15.6 0.854
15.6 0.873
17.2 0.86
11.3 0.567
10.5 0.813
14.9 0.779
11.2 0.906
15.9 0.875
14.1 0.838
11.0 0.885
16.2 0.868
13.9 0.868
13.9 0.805
13.9 0.814
12.9 0.843
17.3 0.841
14.8 0.836
17.3 0.848
15.7 0.803
15.8 0.857
13.1 0.857
13.1 0.849
15.6 0.856
8.2 0.831
14.3 0.806
14.1 0.852
17.7 0.836
13.5 0.797
12.0 0.883
11.1 0.883
11.1 0.778
12.4 0.9
17.2 0.8
16.1 0.753
15.5 0.642
13.0 0.746
10.8 0.772
16.8 0.769
10.6 0.769
10.6 0.776
22.5 0.743
8.9 0.867
13.3 0.745
10.7 0.871
10.3 0.792
13.0 0.795
13.3 0.742
14.0 0.774
11.7 0.774
11.7 0.832
16.1 0.417
9.8 0.477
12.2 0.847
11.5 0.831
9.8 0.736
14.8 0.624
13.2 0.805
18.0 0.748
17.5 0.76
21.4 0.774
17.4 0.774
17.4 0.727
15.5 0.79
15.5 0.867
13.1 0.863
13.4 0.698
13.4 0.818
14.8 0.862
15.7 0.871
16.5 0.822
16.7 0.67
19.3 0.748
16.8 0.748
18.4 0.848
19.5 0.768
18.2 0.795
21.7 0.795
21.7 0.829
17.7 0.837
26.0 0.565
14.9 0.742
14.1 0.825
18.5 0.754
19.2 0.842
15.4 0.785
14.9 0.805
12.7 0.805
12.7 0.888
13.5 0.84
5.2 0.643
11.6 0.662
9.7 0.8
19.7 0.737
7.2 0.652
19.7 0.692
16.3 0.519
12.0 0.567
16.1 0.754
16.2 0.745
15.9 0.711
19.3 0.741
17.3 0.77
13.5 0.824
15.4 0.824
15.4 0.807
11.2 0.813
12.5 0.681
15.2 0.673
15.6 0.642
14.9 0.679
19.7 0.517
16.2 0.577
14.3 0.577
14.3 0.447
11.6 0.772
14.7 0.863
14.6 0.778
15.7 0.817
16.6 0.807
13.4 0.79
21.5 0.79
21.5 0.76
13.2 0.801
12.1 0.75
7.2 0.667
-0.1 0.612
-7.6 0.684
14.1 0.375
12.7 0.452
14.8 0.525
16.4 0.386
17.2 0.428
18.2 0.397
21.0 0.397
21.0 0.43
20.6 0.482
15.2 0.6
7.7 0.558
12.6 0.6
17.3 0.558
17.2 0.645
16.5 0.647
14.2 0.647
14.2 0.548
15.1 0.613
10.7 0.869
12.8 0.792
12.6 0.826
12.6 0.861
11.7 0.884
13.8 0.86
11.5 0.86
11.5 0.839
11.5 0.867
17.9 0.817
20.1 0.787
19.3 0.625
21.9 0.758
24.7 0.817
25.4 0.814
22.7 0.814
22.7 0.787
21.7 0.81
11.6 0.704
17.6 0.74
13.9 0.714
15.2 0.778
18.9 0.818
17.7 0.772
16.2 0.772
16.2 0.795
17.6 0.721
18.3 0.815
20.7 0.85
24.3 0.824
25.4 0.704
17.9 0.821
26.9 0.804
18.8 0.804
18.8 0.822
19.0 0.871
9.2 0.8
9.0 0.7
11.7 0.579
12.8 0.714
9.7 0.738
11.0 0.0
1.6 0.0
14.2 0.809
14.6 0.756
12.6 0.773
14.7 0.82
13.9 0.864
11.2 0.827
13.5 0.827
13.5 0.775
12.3 0.699
11.8 0.707
11.5 0.641
13.9 0.571
9.1 0.687
8.3 0.589
10.6 0.589
10.6 0.526
7.3 0.678
17.0 0.638
17.0 0.583
17.4 0.461
19.9 0.591
20.7 1.0
10.2 0.667
14.4 0.667
14.4 0.5
19.9 0.505
14.7 0.886
14.0 0.897
12.1 0.933
13.1 0.909
12.0 0.828
13.9 0.888
14.8 0.888
14.8 0.744
10.7 0.919
18.1 0.766
16.9 0.801
18.7 0.674
16.2 0.762
17.6 0.689
15.6 0.754
16.0 0.766
18.6 0.858
23.5 0.812
9.0 0.629
9.6 0.755
10.6 0.793
15.2 0.667
11.9 0.6
4.1 0.455
0.8 0.455
0.8 0.643
10.1 0.722
17.9 0.745
17.6 0.753
15.3 0.771
14.1 0.771
17.3 0.821
15.2 0.843
19.5 0.843
19.5 0.825
17.1 0.876
13.9 0.715
14.6 0.605
13.6 0.602
16.4 0.694
14.6 0.579
11.1 0.622
10.2 0.622
10.2 0.704
7.6 0.769
13.6 0.802
13.3 0.745
8.3 0.863
8.4 0.805
11.0 0.783
11.1 0.783
11.1 0.617
10.2 0.744
9.8 0.818
10.9 0.796
14.6 0.705
11.3 0.85
10.2 0.833
10.7 0.875
-3.9 0.688
12.9 0.766
15.2 0.78
17.8 0.842
23.6 0.823
22.9 0.8
23.9 0.826
24.7 0.835
29.1 0.835
29.1 0.812
27.6 0.845
19.8 0.9
25.9 0.719
15.3 0.705
12.4 0.556
14.7 0.0
14.1 0.711
8.2 0.75
12.1 0.636
18.5 0.767
11.4 0.841
15.3 0.789
17.7 0.657
17.1 0.613
17.6 0.629
14.6 0.636
17.3 0.667
7.7 0.667
7.7 0.385
12.4 0.678
9.6 0.467
12.6 0.533
12.9 0.667
14.1 0.855
14.2 0.771
14.9 0.762
12.6 0.821
9.7 0.827
12.2 0.827
12.2 0.696
8.5 1.0
8.7 0.875
11.1 0.765
15.5 0.773
13.9 0.702
15.9 0.702
15.9 0.6
11.9 0.761
13.0 0.673
11.7 0.685
11.2 0.537
12.9 0.68
12.9 0.733
14.4 0.733
14.4 0.648
13.9 0.586
8.5 0.574
10.1 0.724
8.1 0.697
12.4 0.647
9.1 0.25
6.7 0.25
16.5 0.871
15.6 0.83
13.6 0.88
16.3 0.857
16.2 0.788
17.5 0.788
17.5 0.858
15.9 0.86
14.3 0.726
10.7 0.652
14.9 0.65
13.3 0.567
12.6 0.617
8.9 0.617
8.9 0.695
8.6 0.593
16.3 0.934
19.4 0.809
21.2 0.9
21.3 0.885
24.1 0.914
28.0 0.914
28.0 0.908
31.5 0.898
12.8 0.759
13.0 0.814
7.1 0.765
12.9 0.6
11.0 0.833
8.2 0.833
12.5 0.813
14.5 0.81
12.8 0.831
14.7 0.824
18.4 0.832
17.4 0.832
17.4 0.85
21.5 0.842
14.9 0.794
15.2 0.846
7.1 0.905
13.4 0.735
9.2 0.615
11.2 0.615
11.2 0.848
14.7 0.828
9.6 0.792
8.6 0.8
9.4 0.907
12.2 0.909
12.2 0.813
11.6 0.813
11.6 0.857
10.1 0.86
18.2 0.771
14.4 0.779
16.4 0.775
18.1 0.771
18.4 0.694
17.7 0.694
17.7 0.796
17.9 0.75
13.0 0.762
7.1 0.744
17.3 0.5
11.3 0.615
16.2 0.783
10.8 0.788
13.2 0.795
10.5 0.705
8.6 0.701
13.0 0.701
13.0 0.667
8.4 0.556
13.8 0.676
14.3 0.622
16.9 0.679
14.4 0.751
16.0 0.717
16.1 0.717
16.1 0.692
15.7 0.715
12.3 0.0
13.2 0.79
15.5 0.848
14.1 0.794
13.9 0.874
16.5 0.874
16.5 0.739
10.5 0.844
14.6 0.779
16.4 0.813
14.7 0.72
15.3 0.681
14.2 0.698
13.3 0.698
13.3 0.585
14.0 0.843
16.4 0.846
21.1 0.851
23.0 0.866
23.5 0.868
26.7 0.868
26.7 0.86
25.3 0.847
9.7 0.785
13.2 0.76
14.0 0.824
16.4 0.761
13.1 0.848
13.2 0.848
13.2 0.767
12.9 0.806
15.0 0.706
13.0 0.638
15.8 0.656
18.5 0.685
19.3 0.738
16.2 0.738
16.2 0.712
16.4 1.0
12.3 0.823
15.4 0.783
14.7 0.752
16.7 0.81
17.1 0.855
18.8 0.855
18.8 0.843
19.7 0.708
13.2 0.5
6.0 0.829
15.2 0.75
17.7 0.661
19.0 0.749
19.4 0.784
19.6 0.836
16.6 0.836
16.6 0.752
13.9 0.856
13.6 0.652
14.5 0.809
15.6 0.808
18.4 0.819
16.1 0.751
15.6 0.839
19.7 0.839
19.7 0.731
13.7 0.75
10.4 0.662
12.6 0.704
14.5 0.597
10.2 0.844
18.5 0.657
17.9 0.657
17.9 0.574
11.4 0.707
16.4 0.764
17.9 0.824
19.4 0.756
17.9 0.798
19.0 0.73
18.5 0.73
18.5 0.686
9.7 0.797
12.3 0.844
15.5 0.86
14.1 0.797
14.1 0.837
15.7 0.752
16.1 0.752
16.1 0.863
10.9 0.816
11.8 0.729
11.7 1.0
9.1 0.726
9.3 0.545
10.8 0.894
12.6 0.906
11.5 0.896
11.4 0.857
14.7 0.906
14.1 0.906
14.1 1.0
13.5 0.878
11.9 0.766
13.0 1.0
21.5 0.842
14.1 0.89
18.7 0.825
0.7 0.5
3.5 0.821
13.0 0.646
12.3 0.5
14.0 0.667
10.7 0.8
11.5 0.79
12.4 0.0
9.7 0.667
12.0 0.667
7.5 0.45
4.4 0.778
9.0 0.0
11.4 0.75
11.0 0.794
14.6 0.757
15.8 0.881
16.8 0.846
17.1 0.862
20.6 0.862
20.6 0.837
17.9 0.867
10.5 0.412
12.9 0.543
4.7 0.65
12.4 0.604
11.6 0.2
17.4 0.788
16.5 0.865
17.4 0.881
16.3 0.804
12.0 0.821
15.0 0.821
15.0 0.848
14.7 0.852
16.1 0.746
14.9 0.725
12.4 0.476
13.2 0.0
16.4 1.0
10.5 1.0
11.5 0.667
6.9 0.587
13.1 0.429
13.0 0.767
12.5 0.731
9.7 0.535
11.3 0.583
11.2 0.65
13.4 0.639
17.4 0.579
14.2 0.579
2.0 0.875
7.0 0.929
17.7 0.6
11.1 0.867
19.1 0.781
18.1 0.781
18.1 0.714
21.3 0.682
9.6 0.754
10.6 0.737
13.7 0.664
13.2 0.712
14.4 0.712
14.4 0.737
12.7 0.706
8.5 0.75
8.8 0.857
13.9 0.726
11.8 0.456
13.4 0.562
14.9 0.619
14.0 0.582
15.5 0.582
15.5 0.545
11.0 0.59
1.0 0.85
11.3 0.769
9.4 0.778
12.1 0.684
11.1 0.684
11.1 0.78
11.6 0.733
10.8 0.636
11.2 0.791
17.5 0.772
19.6 0.8
18.4 0.8
18.4 0.802
20.0 0.847
15.3 0.602
15.4 0.556
13.9 0.618
15.0 0.581
15.3 0.581
15.3 0.67
14.4 0.673
0.1 0.5
2.2 0.795
11.3 0.755
8.8 0.804
12.7 0.79
11.5 0.79
11.5 0.78
13.2 0.731
14.6 0.702
21.7 0.738
20.2 0.726
26.1 0.782
25.2 0.782
25.2 0.718
23.6 0.772
11.8 0.793
14.5 0.811
13.8 0.864
15.8 0.67
14.2 0.617
17.8 0.528
15.9 0.487
20.0 0.487
20.0 0.559
18.7 0.617
19.4 0.657
8.3 0.786
10.3 0.512
18.8 0.5
19.6 0.636
19.9 0.68
16.2 0.828
20.5 0.828
20.5 0.714
9.0 0.5
13.8 0.649
17.1 0.688
17.5 0.669
19.0 0.669
21.8 0.669
21.8 0.709
21.6 0.615
13.5 0.562
12.0 0.642
10.3 0.636
8.6 0.833
10.8 0.833
11.7 0.725
13.0 0.802
16.5 0.807
16.8 0.864
20.1 0.727
13.0 0.727
13.0 0.86
20.9 0.898
21.9 0.521
23.4 0.66
22.4 0.715
23.9 0.728
22.8 0.728
22.8 0.727
22.1 0.76
10.1 0.75
10.4 0.695
10.7 0.832
15.5 0.827
16.8 0.816
16.2 0.812
20.2 0.812
20.2 0.824
18.3 0.844
10.8 0.583
3.1 1.0
7.0 0.612
9.2 0.63
7.6 0.655
12.3 0.583
4.9 0.583
10.1 0.667
6.1 0.0
0.0 1.0
9.3 1.0
10.2 0.789
10.8 0.618
18.4 0.86
10.8 0.875
10.2 0.875
10.2 0.81
10.2 0.706
8.0 0.771
10.3 0.792
11.0 0.804
11.1 0.804
11.1 0.652
11.0 0.647
10.6 0.784
11.8 0.66
14.8 0.798
19.9 0.785
14.9 0.823
14.3 0.795
15.6 0.795
15.6 0.815
13.8 0.816
18.0 0.739
22.0 0.689
19.5 0.657
18.1 0.75
21.2 0.75
21.2 0.74
21.8 0.741
10.8 0.684
13.2 0.769
12.3 0.754
16.7 0.718
16.6 0.718
16.6 0.716
14.6 0.808
5.3 0.0
13.1 0.781
14.2 0.865
11.5 0.895
12.5 0.867
11.1 0.867
11.1 0.855
13.5 1.0
11.2 0.75
16.7 0.702
11.5 0.762
15.2 0.704
14.6 0.788
14.6 0.788
14.6 0.853
10.6 0.717
11.2 0.743
21.4 0.744
20.2 0.747
20.7 0.837
16.6 0.837
16.6 0.8
-6.4 0.643
10.4 0.0
1.6 0.0
8.5 0.623
9.4 0.787
11.0 0.808
10.3 0.74
9.9 0.74
11.7 0.701
11.1 0.583
11.0 0.474
13.3 0.618
18.7 0.473
14.0 0.5
15.2 0.5
8.4 0.671
15.8 0.693
10.3 0.871
12.5 0.707
12.5 0.707
12.5 0.826
10.8 0.636
7.6 0.7
14.1 0.429
8.5 0.564
11.7 0.596
12.3 0.596
12.3 0.693
14.9 0.706
16.0 0.691
20.5 0.73
18.7 0.699
16.5 0.75
18.9 0.75
18.9 0.813
13.7 0.818
5.5 0.471
7.0 0.652
11.8 0.711
14.7 0.627
8.8 0.627
8.8 0.784
13.5 0.615
10.8 0.676
12.6 0.74
12.1 0.813
12.4 0.752
12.8 0.752
12.8 0.827
13.6 0.825
9.7 0.754
12.5 0.748
12.0 0.638
7.6 0.778
11.6 0.778
14.7 0.579
9.4 0.821
14.2 0.805
16.3 0.88
14.1 0.758
12.6 0.758
12.6 0.846
7.4 0.667
15.8 0.789
17.7 0.804
20.8 0.805
19.5 0.785
19.9 0.785
19.9 0.791
19.8 0.801
-17.9 0.417
12.7 0.717
11.5 0.66
12.5 0.702
14.9 0.702
14.9 0.63
12.4 0.697
16.7 0.4
12.8 0.4
10.6 0.521
10.1 0.517
13.3 0.583
15.2 0.583
15.2 0.628
14.9 0.534
12.9 0.734
13.5 0.727
14.0 0.713
11.5 0.748
15.8 0.822
13.0 0.822
13.0 0.752
14.3 0.769
12.5 0.803
15.2 0.769
13.5 0.834
21.3 0.834
21.3 0.832
21.3 0.865
7.9 0.65
7.9 0.779
8.8 0.716
10.9 0.716
10.9 0.8
10.8 0.8
4.8 0.0
21.9 0.613
18.5 0.65
19.8 0.691
18.4 0.691
18.4 0.613
21.0 0.693
10.8 0.859
14.6 0.905
15.8 0.956
9.8 0.956
9.8 0.8
8.4 0.0
13.9 0.5
16.9 0.784
12.7 0.0
8.3 0.0
8.3 0.667
13.7 0.5
8.5 0.714
6.7 0.7
14.2 0.752
16.0 0.807
16.5 0.788
16.7 0.788
16.7 0.831
16.2 0.841
4.1 0.5
10.4 1.0
21.4 0.855
21.4 0.861
20.1 0.863
21.5 0.863
21.5 0.885
19.9 0.905
9.2 0.839
14.2 0.893
15.4 0.83
17.2 0.83
17.2 0.864
19.6 0.868
12.4 0.545
14.3 0.618
6.9 0.857
13.5 0.823
14.7 0.734
15.5 0.734
15.5 0.764
12.4 0.77
14.5 0.795
17.6 0.73
15.6 0.782
20.3 0.782
20.3 0.797
24.0 0.786
11.7 0.733
12.0 0.802
16.5 0.874
17.1 0.874
17.1 0.852
14.7 0.857
9.3 0.6
16.6 0.825
16.4 0.802
19.4 0.802
22.0 0.802
22.0 0.874
26.0 0.88
15.3 0.462
10.4 0.787
17.6 0.627
11.9 0.627
11.9 0.762
16.2 0.867
8.9 0.5
9.4 0.0
11.9 0.563
11.3 0.865
13.2 0.806
13.2 0.806
13.2 0.738
13.6 0.688
8.8 0.797
10.7 0.765
11.1 0.6
10.3 0.6
10.3 0.629
11.4 0.77
5.2 0.649
8.1 0.654
9.2 0.444
6.7 0.444
3.8 0.564
11.3 0.761
14.8 0.628
13.7 0.628
13.7 0.749
12.7 0.784
12.1 0.732
12.6 0.792
18.4 0.763
15.8 0.763
15.8 0.735
12.2 0.837
12.7 0.529
14.0 0.767
4.4 0.677
13.3 0.729
15.3 0.742
15.9 0.72
16.3 0.72
16.3 0.684
16.2 0.814
14.6 0.799
16.2 0.802
15.4 0.803
15.2 0.803
15.2 0.847
17.6 0.891
3.3 0.636
10.8 0.766
11.7 0.746
9.6 0.672
11.4 0.672
11.4 0.784
8.4 0.789
8.3 0.571
7.8 0.72
8.9 0.8
9.6 0.6
8.5 0.779
13.1 0.779
13.1 0.75
12.3 0.623
16.1 0.4
13.7 0.513
10.2 0.513
10.2 0.412
7.8 0.714
13.6 0.768
10.5 0.594
9.7 0.5
7.8 0.5
13.0 0.75
11.4 0.667
17.6 0.882
17.5 0.85
20.5 0.868
20.6 0.868
20.6 0.871
21.5 0.909
10.1 0.729
10.1 0.5
0.5 0.727
8.0 0.727
8.0 0.857
10.4 0.843
7.1 0.625
13.8 0.0
4.6 0.692
8.2 0.692
14.9 0.841
12.7 0.795
14.3 0.879
20.8 0.879
20.8 0.873
18.6 0.853
13.3 0.608
16.1 0.693
14.9 0.641
15.6 0.641
15.6 0.616
15.9 0.498
10.4 0.667
6.2 0.542
11.5 0.308
7.6 0.339
14.3 0.683
17.8 0.766
18.8 0.752
21.5 0.752
21.5 0.753
21.1 0.669
14.9 0.798
18.8 0.837
16.8 0.827
17.6 0.827
17.6 0.847
20.8 0.847
12.9 0.706
14.5 0.718
11.5 0.684
12.8 0.684
12.8 0.758
17.2 0.652
18.6 0.0
-1.9 0.4
15.9 0.66
10.1 0.784
11.9 0.784
11.9 0.735
14.7 0.75
11.0 0.718
9.8 0.72
13.4 0.72
13.4 0.761
12.3 0.861
9.1 0.813
13.5 0.787
13.6 0.787
13.6 0.806
16.0 0.753
8.8 0.905
9.7 0.865
15.9 0.865
15.9 0.764
17.8 0.84
11.3 0.606
11.2 0.6
9.7 0.6
9.7 0.815
13.4 0.708
13.6 0.788
14.3 0.783
14.0 0.783
14.0 0.767
15.5 0.825
15.4 0.814
12.4 0.75
11.3 0.75
11.3 0.682
13.0 0.768
7.0 0.909
8.8 0.0
9.2 0.0
16.8 0.714
17.6 0.733
7.4 0.733
7.4 0.857
10.2 0.754
11.9 0.773
13.9 0.773
13.9 0.82
15.8 0.811
14.8 0.813
8.5 0.538
7.3 0.538
7.3 0.655
21.7 0.791
26.5 0.805
30.8 0.805
30.8 0.758
25.0 0.802
11.1 0.886
21.6 0.418
22.6 0.389
21.4 0.389
21.4 0.355
21.2 0.386
13.8 0.756
10.3 0.728
12.4 0.728
12.4 0.836
14.6 0.805
9.3 0.69
11.3 0.84
12.2 0.84
9.0 0.833
7.1 0.667
12.7 0.66
16.4 0.66
16.4 0.696
19.3 0.709
12.5 0.594
11.8 0.537
8.4 0.537
8.4 0.622
13.3 0.621
18.2 0.514
17.9 0.569
18.0 0.569
18.0 0.59
18.6 0.692
14.7 0.545
8.5 0.87
16.0 0.87
13.0 1.0
4.7 0.842
15.9 0.842
15.9 0.833
10.0 1.0
11.4 0.731
-6.7 0.0
7.8 0.667
10.1 0.649
6.9 0.649
17.1 0.605
19.1 0.606
18.3 0.606
18.3 0.664
13.5 0.606
14.0 0.614
12.0 0.701
15.1 0.701
15.1 0.69
16.9 0.784
14.4 0.5
4.8 0.806
11.2 0.797
13.4 0.891
14.9 0.891
14.9 0.727
15.9 0.853
12.1 0.762
9.4 0.938
14.8 0.938
14.8 0.761
11.3 0.875
16.4 0.871
18.6 0.864
20.7 0.864
20.7 0.892
22.2 0.895
7.8 0.528
12.6 0.889
12.4 0.889
12.4 0.692
11.4 0.861
12.5 0.859
15.6 0.859
15.6 0.888
16.8 0.88
6.3 0.806
9.0 0.0
-5.1 0.0
5.9 0.709
8.6 0.727
7.4 0.727
12.2 0.604
10.7 0.602
14.4 0.602
14.4 0.642
11.3 0.51
16.7 0.8
15.1 0.825
9.9 0.6
10.3 0.6
10.3 0.785
14.8 0.643
15.8 0.687
16.5 0.772
14.8 0.772
14.8 0.767
17.5 0.771
8.8 0.561
14.6 0.478
13.4 0.478
13.4 0.576
17.4 0.641
13.0 0.917
13.0 0.854
12.2 0.854
12.2 0.875
5.9 0.636
11.6 0.675
10.3 0.675
10.3 0.681
11.1 0.691
14.6 0.94
13.4 0.892
11.7 0.892
11.7 0.894
13.8 0.846
10.9 0.564
14.1 0.528
15.3 0.528
15.3 0.431
14.5 0.47
10.4 0.837
12.0 0.786
11.2 0.786
11.2 0.79
12.9 0.831
3.4 0.681
12.1 0.671
10.9 0.671
10.9 0.658
16.3 0.78
15.3 0.792
15.1 0.792
15.1 0.794
14.0 0.875
8.5 0.375
11.0 0.756
10.2 0.807
19.5 0.807
29.2 0.744
16.1 0.774
14.5 0.774
14.5 0.833
10.0 0.826
11.8 0.769
8.5 0.769
8.5 0.659
6.6 0.765
13.5 0.778
16.4 0.744
17.9 0.744
17.9 0.64
16.7 0.5
10.3 0.553
5.9 0.634
8.2 0.634
6.2 0.8
6.0 0.743
12.3 0.71
14.3 0.717
10.7 0.717
10.7 0.774
16.2 0.778
15.6 0.762
16.1 0.786
20.6 0.786
20.6 0.761
22.6 0.811
1.2 0.519
13.7 0.685
14.0 0.68
10.9 0.68
10.9 0.713
9.4 0.646
5.0 0.0
9.3 0.641
12.9 0.667
14.9 0.667
14.9 0.541
11.0 0.719
15.4 0.823
18.9 0.823
18.9 0.815
15.4 0.564
11.2 0.502
14.1 0.502
14.1 0.582
15.5 0.611
10.8 0.741
14.8 0.741
14.8 0.724
18.8 0.77
11.7 0.715
9.5 0.715
11.6 0.809
15.1 0.809
15.1 0.771
15.4 0.863
6.9 0.641
11.4 0.641
11.4 0.9
10.4 0.722
0.5 0.4
4.0 0.4
8.2 0.632
11.0 0.632
11.0 0.75
6.7 0.667
6.2 0.667
6.2 0.933
12.0 0.714
12.6 0.752
12.6 0.752
12.6 0.817
14.0 0.759
7.2 0.9
13.1 0.9
12.3 0.533
12.3 0.533
9.4 0.696
11.2 0.696
11.2 0.811
12.4 0.832
9.5 0.817
12.4 0.817
12.4 0.833
11.1 0.909
15.5 0.694
14.1 0.694
14.1 0.654
13.9 0.753
9.2 1.0
8.8 1.0
8.8 0.824
11.5 0.759
15.0 0.82
14.7 0.82
14.7 0.791
13.2 0.822
7.7 0.75
8.7 0.75
8.7 0.867
12.2 0.847
13.8 0.0
-11.4 0.0
-11.4 0.833
13.8 0.85
16.0 0.846
9.6 0.846
9.6 0.556
14.9 0.796
8.0 1.0
15.1 1.0
7.5 0.649
10.5 0.649
10.7 0.531
13.3 0.531
13.3 0.75
17.0 0.699
10.7 0.763
8.5 0.763
8.5 0.864
11.3 0.854
16.5 0.783
17.2 0.783
17.2 0.827
17.1 0.814
4.7 0.0
4.9 0.0
12.9 0.623
21.6 0.623
21.6 0.569
17.5 0.653
10.3 0.735
11.2 0.735
11.2 0.674
11.1 0.786
8.7 0.692
11.0 0.692
11.0 0.909
11.9 0.83
14.6 0.83
7.6 0.824
10.2 0.824
10.2 0.857
12.2 0.805
9.6 0.828
9.7 0.828
2.3 0.763
10.5 0.763
10.5 0.929
12.6 0.832
8.6 0.832
8.6 0.685
10.3 0.833
3.4 1.0
12.9 1.0
8.3 0.782
10.9 0.782
10.9 0.776
12.7 0.727
6.3 0.727
7.3 0.702
13.5 0.702
13.5 0.728
12.4 0.721
5.2 1.0
13.0 1.0
9.7 0.679
12.5 0.679
12.5 0.8
9.0 0.699
13.1 0.699
13.1 0.827
17.7 0.912
7.7 0.813
10.4 0.813
10.4 0.718
8.6 0.753
5.4 0.0
0.5 0.0
13.1 0.717
19.9 0.717
19.9 0.764
15.2 0.774
11.1 1.0
1.1 1.0
10.8 0.88
18.0 0.88
18.0 0.795
13.6 0.766
13.6 0.819
15.9 0.819
15.9 0.83
16.7 0.753
15.2 0.684
15.9 0.684
15.9 0.75
16.3 0.732
3.8 0.375
22.8 0.375
19.0 0.495
18.0 0.495
18.0 0.642
17.2 0.58
6.0 0.734
11.6 0.734
11.6 0.754
14.5 0.832
8.8 0.673
11.8 0.673
11.8 0.52
15.3 1.0
3.3 1.0
9.0 0.479
9.1 0.479
9.1 0.611
10.2 0.423
5.8 0.827
15.7 0.827
15.7 0.791
15.5 0.855
8.0 0.8
10.2 0.8
10.2 0.909
6.4 0.81
9.5 0.708
10.9 0.708
10.9 0.719
9.2 0.655
15.2 0.68
17.6 0.68
17.6 0.729
17.7 0.75
12.7 0.333
4.6 0.333
13.1 0.774
14.1 0.774
14.1 0.754
16.1 0.679
12.8 0.609
12.8 0.6
12.0 0.481
8.2 0.643
8.2 0.747
12.9 0.789
2.1 0.8
2.1 0.875
4.7 0.0
44.3 0.0
14.7 0.551
14.7 0.422
12.3 0.752
11.6 0.821
11.6 0.833
10.7 0.893
11.0 0.753
9.1 0.825
9.1 0.755
-1.8 0.0
-1.8 0.0
-7.7 0.0
12.1 0.174
12.1 0.379
18.3 0.531
5.8 0.5
-2.6 0.0
16.9 0.829
16.9 0.804
14.3 0.798
11.4 0.429
14.5 0.833
14.5 0.0
-5.0 0.0
10.2 0.912
10.2 0.576
8.9 0.792
8.2 0.6
4.5 0.667
8.4 0.75
8.4 0.75
11.5 0.84
11.5 0.735
17.8 0.782
7.3 0.714
7.3 0.735
10.7 0.84
5.7 0.625
8.1 0.476
8.1 0.716
13.9 0.76
12.3 0.808
12.3 0.754
11.7 0.797
11.4 0.721
11.4 0.668
17.0 0.719
3.7 0.5
8.7 0.591
8.7 0.658
12.6 0.612
8.9 0.833
8.9 1.0
14.9 0.8
14.9 0.752
14.6 0.802
9.0 0.861
9.0 0.781
4.9 0.745
4.9 0.82
12.7 0.776
5.6 0.6
5.6 0.0
3.4 0.714
12.3 0.763
12.3 0.86
14.1 0.783
9.6 0.75
9.6 0.722
10.3 0.735
13.2 0.574
13.2 0.667
1.5 1.0
4.8 0.68
12.0 0.681
12.0 0.797
13.8 0.768
10.0 1.0
10.0 0.896
15.6 0.843
8.5 1.0
10.5 0.643
10.5 0.899
15.7 0.63
11.3 0.842
11.3 0.793
14.3 0.836
-0.7 0.0
5.9 0.313
5.9 0.417
17.7 0.56
17.7 0.531
15.9 0.5
10.6 0.752
10.6 0.8
10.6 0.842
6.1 0.667
6.1 0.857
10.9 0.845
16.6 0.625
16.6 0.4
1.2 1.0
7.9 0.674
7.9 0.722
6.5 0.5
17.9 0.803
17.9 0.807
15.6 0.773
40.8 0.0
40.8 0.5
9.3 0.786
9.3 0.733
9.6 0.776
15.0 0.609
15.0 0.59
16.2 0.694
5.2 0.5
5.2 0.533
15.6 0.657
14.8 0.636
14.8 0.616
15.9 0.571
3.8 0.444
3.8 0.675
7.4 0.833
7.8 0.722
7.8 0.643
14.5 0.697
14.5 0.768
14.8 0.743
7.7 0.652
7.7 0.654
5.6 0.737
13.8 0.551
13.8 0.589
13.9 0.692
13.8 0.758
13.8 0.739
16.8 0.759
-7.5 0.0
-7.5 0.715
13.9 0.723
8.2 0.696
8.2 1.0
5.5 0.0
9.4 0.67
9.4 0.656
11.0 0.646
11.0 0.777
11.3 0.812
5.2 0.923
5.2 0.615
7.5 0.859
7.5 0.771
9.2 0.813
10.8 0.5
18.6 0.536
18.6 0.5
20.0 0.5
13.2 0.692
13.2 0.745
8.6 0.638
14.0 0.737
14.0 0.703
15.7 0.773
2.4 0.0
8.5 0.769
20.0 0.783
20.0 0.5
13.9 0.76
13.9 0.761
16.5 0.76
8.5 1.0
8.5 0.75
12.9 1.0
8.5 0.552
8.5 0.25
3.6 0.667
13.0 0.81
14.6 0.825
12.3 0.791
11.2 0.738
11.9 0.832
4.9 0.0
15.3 0.669
32.0 0.724
4.6 0.778
10.8 0.559
11.0 0.889
17.6 0.645
11.2 0.89
14.6 0.628
4.3 0.5
9.4 0.8
10.7 0.75
14.2 0.751
15.9 0.699
10.4 0.529
6.7 0.0
7.7 0.0
8.7 0.679
21.5 0.825
11.2 0.767
12.5 0.756
18.6 0.618
11.6 0.722
27.7 0.81
14.0 0.8
14.5 0.811
12.2 0.6
14.2 0.794
16.8 0.59
15.3 0.571
9.9 0.784
13.4 0.738
10.2 0.889
17.1 0.671
8.2 0.758
5.1 0.667
12.9 0.625
13.8 0.661
17.7 0.786
13.3 0.792
19.2 0.557
11.4 0.779
5.0 0.773
13.2 0.782
11.9 0.75
14.4 0.0
7.1 0.0
22.5 0.832
15.4 0.809
4.2 0.4
8.9 0.688
21.1 0.625
8.4 0.617
16.4 0.733
17.8 0.764
9.9 0.733
