14.5 0.0
18.4 0.0
40.0 0.3
38.7 0.3
38.1 0.1
31.6 0.3
34.6 0.1
27.2 0.0
25.2 0.0
21.3 0.1
23.7 0.3
38.2 3.3
36.6 2.6
37.9 2.6
38.4 2.7
39.3 3.4
38.7 3.0
40.3 2.5
35.9 2.5
36.4 1.8
35.2 2.1
36.1 2.3
34.0 1.8
25.8 1.6
7.8 0.5
12.0 1.1
20.9 2.0
31.5 1.7
34.0 1.6
38.6 2.3
37.1 1.9
34.1 1.5
31.8 1.1
20.9 0.0
10.9 0.0
34.9 1.2
26.6 1.5
33.6 1.5
35.5 1.2
26.4 0.9
24.3 1.1
23.8 0.7
25.7 0.1
32.0 0.0
18.6 0.0
20.6 0.1
8.0 0.9
29.2 0.5
19.5 0.6
21.1 0.5
24.7 0.1
17.7 0.1
14.8 0.8
36.9 1.7
33.3 1.0
28.7 1.7
28.4 0.4
15.0 0.2
10.0 0.9
15.7 0.5
29.2 1.7
28.9 1.3
21.5 1.3
24.1 2.1
35.4 1.4
24.1 1.5
27.5 1.0
14.7 0.5
12.5 0.6
17.9 0.0
17.1 0.0
12.3 0.0
20.5 0.0
12.1 0.0
16.3 0.0
8.4 0.2
7.4 0.0
12.8 0.0
28.0 0.0
31.1 0.0
18.1 0.0
24.3 0.0
7.6 0.0
4.8 0.1
18.0 0.8
26.5 2.0
37.5 1.6
33.1 1.9
30.6 1.2
21.5 1.1
17.0 1.7
21.7 1.5
17.9 0.9
16.3 1.5
24.2 1.1
18.4 0.9
19.3 1.0
21.8 0.6
21.1 0.0
24.6 0.0
25.1 0.0
20.2 0.0
23.4 0.0
27.0 0.0
6.0 0.2
12.0 0.3
15.6 0.8
24.6 0.9
28.4 2.5
37.5 2.6
37.4 2.3
35.3 1.7
34.6 2.0
30.0 1.0
30.8 1.0
9.7 0.6
21.1 0.4
17.8 0.4
12.9 0.1
13.3 0.0
31.9 0.3
23.6 0.5
25.1 0.0
12.5 0.3
38.9 0.6
33.2 1.0
33.4 1.8
36.3 1.6
38.6 2.3
38.6 2.1
34.0 1.9
32.8 2.1
34.7 1.6
27.4 1.9
28.6 0.7
23.2 1.5
28.7 2.0
31.4 1.7
35.4 2.1
35.8 2.3
36.1 1.6
36.2 1.8
32.3 2.1
35.3 2.2
34.1 2.0
32.1 2.4
30.4 1.5
19.0 0.7
34.1 0.4
19.2 0.0
19.8 0.0
16.7 0.0
17.2 0.0
9.4 0.0
17.3 0.0
29.3 0.0
26.0 0.0
27.7 0.1
31.0 0.2
22.3 0.6
17.0 0.0
18.6 0.0
12.2 0.0
17.0 0.0
8.8 0.0
7.6 0.0
8.6 0.0
6.6 0.0
8.5 0.0
32.7 0.9
28.8 1.2
31.3 0.9
32.0 1.2
32.0 1.3
33.6 1.1
30.0 1.1
30.2 0.5
12.2 0.0
22.5 0.0
16.1 0.0
7.5 0.0
9.2 0.0
6.3 0.0
14.9 0.2
11.2 0.4
19.4 0.7
22.5 0.7
26.4 1.0
25.7 1.4
30.8 0.4
24.4 0.0
14.3 0.0
21.4 0.0
11.7 0.0
39.3 0.0
37.8 0.0
39.6 0.0
38.7 0.0
37.0 0.0
39.2 0.0
38.5 0.0
34.3 0.0
31.7 0.0
30.2 0.0
34.7 0.0
28.9 0.0
21.2 0.0
19.4 0.0
13.5 0.0
13.5 0.0
36.2 0.1
13.0 0.0
22.1 0.1
35.1 0.0
32.0 0.0
33.4 0.0
34.4 0.0
34.4 0.0
31.7 0.0
20.2 0.0
22.9 0.0
6.0 0.0
9.5 0.1
8.8 0.2
11.5 0.3
10.3 0.6
24.3 0.2
40.9 0.4
38.3 1.5
41.5 1.1
37.6 2.0
40.7 2.3
41.0 1.8
40.8 1.8
38.9 1.4
36.1 1.4
38.8 1.4
33.9 1.5
38.5 1.7
38.6 0.5
29.5 1.5
34.5 1.5
34.5 2.0
5.6 0.0
6.9 0.0
22.2 0.1
20.1 0.2
20.2 0.2
13.3 0.7
21.7 1.2
24.1 0.4
18.1 0.5
16.8 0.2
12.9 0.3
12.2 0.3
16.4 0.5
20.9 0.0
12.3 0.0
33.8 0.0
34.7 0.1
21.2 0.0
30.0 0.0
30.5 0.0
33.2 0.0
33.8 0.1
34.9 0.0
31.0 0.0
31.3 0.0
26.1 0.0
22.9 0.0
30.0 0.0
28.0 0.0
15.5 0.0
13.7 0.0
8.4 0.4
5.4 0.0
3.0 0.7
21.5 0.8
24.7 0.4
11.2 0.6
11.2 0.7
11.9 0.5
14.2 0.1
9.2 0.8
11.0 0.2
22.6 0.0
22.8 0.0
18.6 0.0
17.4 0.0
11.2 0.1
13.1 0.0
18.5 0.6
28.0 0.3
22.9 0.3
15.9 0.4
14.0 0.2
39.7 2.0
39.8 1.0
34.2 1.3
38.2 1.6
36.7 1.6
36.8 1.9
38.1 1.3
38.9 1.9
36.8 1.6
30.8 1.6
28.1 1.2
25.3 2.0
25.8 1.8
24.4 1.0
16.5 1.0
16.5 1.0
16.8 1.5
35.6 1.0
35.2 0.8
34.6 0.9
35.0 0.5
25.8 0.9
34.0 0.6
24.3 0.4
17.8 0.0
25.6 0.0
17.1 0.0
25.3 0.0
24.6 0.0
12.3 0.0
17.0 0.0
24.0 0.1
29.0 0.0
26.2 0.0
17.3 0.0
24.1 0.5
22.8 0.1
36.3 1.1
34.5 0.9
33.9 0.6
33.9 0.3
29.3 0.0
26.4 0.1
21.2 0.0
27.0 0.0
22.3 0.0
16.3 0.1
4.8 0.1
4.6 0.0
23.0 0.0
4.6 0.1
20.1 0.5
35.9 0.3
27.2 0.2
24.8 0.0
17.1 0.1
14.7 0.2
19.7 0.0
9.7 0.0
14.6 0.0
8.0 0.1
27.3 0.1
19.2 0.0
18.7 0.2
7.6 0.8
17.2 1.1
20.9 1.1
24.9 2.1
35.1 2.6
38.4 1.3
32.3 1.7
37.3 2.2
39.9 2.2
38.1 2.1
31.1 1.6
30.2 1.3
26.9 2.0
29.3 2.3
30.3 1.9
26.6 1.9
26.6 1.5
26.9 1.4
23.1 0.6
16.9 0.6
12.9 0.7
13.6 0.6
25.0 1.1
23.0 0.4
11.9 0.5
10.4 0.4
8.5 0.8
19.6 0.3
22.7 0.2
13.5 0.8
21.8 0.1
23.3 0.2
19.9 0.0
17.6 0.0
24.1 0.0
23.8 0.0
24.1 0.0
32.5 0.0
27.3 0.0
23.6 0.0
25.2 0.0
24.4 0.0
23.0 0.0
23.3 0.0
16.0 0.0
26.1 0.7
26.5 0.3
13.0 0.6
21.3 0.7
27.0 0.3
28.5 0.2
22.0 0.2
30.4 0.3
35.0 0.0
38.7 0.0
35.7 0.0
32.1 0.0
25.6 0.0
38.9 2.1
40.5 2.0
37.8 2.8
40.1 2.6
34.4 1.9
36.5 1.3
35.3 2.1
39.0 1.5
34.6 1.1
33.6 1.4
28.4 0.9
26.7 0.0
31.4 0.0
29.3 0.0
22.1 0.0
21.4 0.0
6.4 0.0
20.8 1.0
27.6 0.3
25.6 1.1
24.1 0.3
7.6 0.0
10.0 0.1
23.8 0.9
39.6 0.7
31.3 0.7
32.9 0.9
41.1 1.5
37.3 1.6
36.1 1.0
21.8 0.4
13.5 0.0
10.4 0.0
17.2 0.0
17.1 0.0
14.2 0.0
27.9 1.1
23.0 1.8
28.0 0.6
15.4 1.3
23.9 0.8
6.3 0.0
37.4 2.0
31.0 0.7
29.9 0.0
30.3 0.1
29.8 0.0
28.6 0.0
18.2 0.0
16.8 0.0
13.9 0.0
14.3 0.0
14.7 0.0
12.0 0.0
12.5 0.0
16.3 0.3
11.1 0.9
17.6 0.1
19.6 0.3
16.0 0.3
22.7 0.5
21.7 0.3
18.5 1.3
26.9 1.1
18.3 1.0
22.0 0.6
14.4 0.7
27.2 0.5
12.7 0.2
6.1 0.1
11.6 0.0
7.6 0.0
38.7 0.0
40.6 0.1
39.3 0.0
36.6 0.0
33.4 0.0
34.8 0.0
34.1 0.0
34.0 0.0
33.7 0.0
31.3 0.0
28.4 0.0
28.2 0.0
30.1 0.0
29.2 0.0
28.9 0.0
28.9 0.0
29.6 0.4
15.6 1.6
27.4 0.8
21.7 0.4
19.3 0.4
8.5 0.0
23.8 0.6
25.5 0.5
18.0 0.0
9.6 0.0
26.7 0.0
21.1 0.9
16.0 0.3
42.0 1.1
39.9 1.7
38.3 2.1
38.6 1.8
36.8 1.4
26.5 1.3
22.2 1.6
26.9 1.6
28.8 0.7
35.5 2.1
28.2 1.0
34.5 0.6
21.6 1.5
30.0 1.4
31.6 0.6
27.9 1.4
27.4 1.5
29.8 1.0
27.2 0.8
28.0 0.6
23.9 0.9
17.4 1.1
21.9 0.1
25.8 0.0
21.3 0.0
16.0 0.0
16.7 0.3
33.8 0.0
28.8 0.0
13.1 0.0
11.2 0.0
16.9 0.0
12.0 0.0
7.3 0.0
4.0 0.0
16.2 0.0
21.8 0.0
10.4 0.0
23.9 0.0
26.1 0.0
25.1 0.0
23.2 0.0
24.5 0.0
24.7 0.0
15.9 0.0
16.8 0.1
27.9 0.8
27.9 1.4
28.7 0.4
25.1 0.0
18.8 0.0
21.8 0.0
13.0 0.0
21.8 0.0
23.7 0.0
9.9 0.0
9.4 0.0
39.9 1.2
41.1 1.0
41.0 0.9
40.4 0.5
38.2 0.4
34.2 1.0
28.1 0.4
11.8 0.0
12.9 0.0
39.5 0.5
39.2 0.2
40.5 0.1
39.4 0.1
38.1 0.1
38.9 0.2
39.4 0.0
32.8 0.0
31.1 0.0
29.9 0.0
31.3 0.1
31.1 0.0
29.7 0.0
20.5 0.0
20.3 0.0
20.3 0.0
11.9 0.0
20.8 2.1
30.1 2.0
31.9 0.0
11.0 0.7
13.5 0.9
16.5 0.3
8.4 0.3
22.6 0.0
15.5 0.0
10.1 0.8
21.5 0.7
22.7 0.8
23.8 1.4
20.4 0.7
21.7 0.9
21.4 0.4
15.5 0.5
16.5 1.1
19.0 0.3
28.8 0.1
21.7 0.2
25.2 0.2
25.2 0.2
16.3 0.5
21.0 0.7
24.9 0.6
23.8 0.1
11.1 0.0
33.8 0.0
31.3 0.0
32.2 0.0
30.3 0.0
16.5 0.0
31.0 0.0
29.1 0.0
17.0 0.0
8.6 0.3
23.8 0.1
18.6 0.1
7.0 0.0
9.7 0.0
23.9 0.0
10.8 0.0
20.3 0.1
25.7 0.0
16.6 0.0
14.9 0.2
19.1 1.0
13.5 0.0
18.6 0.0
17.3 0.0
12.3 0.0
9.0 0.0
32.3 0.3
35.0 0.4
32.2 0.2
35.5 0.5
38.5 0.7
35.3 0.6
36.8 0.9
33.7 1.0
34.0 0.9
33.7 1.0
27.2 0.6
24.9 0.3
6.3 0.0
15.7 0.0
4.0 0.0
10.3 0.0
9.9 0.0
28.0 0.3
30.8 0.4
30.6 0.4
27.6 0.4
24.2 0.0
33.9 1.8
23.5 1.1
28.8 0.3
31.4 0.8
32.8 0.3
36.6 0.1
33.1 0.2
27.4 0.2
25.5 0.0
18.1 0.0
24.3 0.0
29.8 0.2
30.1 0.3
30.9 0.2
38.6 0.9
36.6 1.6
32.9 1.9
27.0 2.3
34.9 1.9
30.5 1.6
22.8 1.6
27.5 0.8
11.9 1.0
24.5 0.0
20.3 0.0
25.0 0.0
15.6 0.0
18.2 0.0
11.4 0.0
8.5 0.0
28.4 0.6
21.0 0.6
25.6 0.6
21.8 0.3
10.0 0.0
6.0 0.0
9.4 0.0
3.6 0.0
17.9 0.0
20.9 0.0
13.1 0.0
24.8 0.0
16.2 0.0
18.2 0.0
11.3 0.0
15.4 0.0
10.4 0.0
17.5 0.2
33.3 0.0
36.6 0.0
31.1 0.0
31.2 0.0
24.1 0.0
30.4 0.3
17.8 0.1
12.4 1.0
22.8 0.9
20.1 0.9
26.4 0.6
29.3 0.5
15.9 0.7
18.6 0.8
18.8 0.7
16.5 0.4
11.0 0.8
19.2 0.7
18.6 0.9
19.8 0.6
13.1 1.5
17.5 1.3
16.9 1.5
19.0 1.9
18.3 1.2
17.9 1.2
36.6 1.8
37.8 2.2
37.9 1.7
36.0 1.6
36.7 0.0
32.5 0.0
35.5 0.0
35.5 0.0
26.6 0.0
31.7 0.0
26.5 0.0
7.1 0.0
11.2 0.0
22.4 0.0
10.4 0.0
6.8 0.0
13.4 0.8
22.9 1.2
32.9 1.1
17.3 1.1
21.9 1.1
22.2 0.8
16.3 0.4
36.9 0.2
28.1 0.4
31.9 1.3
33.8 1.0
38.7 0.8
35.6 1.1
37.1 1.0
29.7 1.4
26.9 1.0
24.4 1.0
19.7 1.2
23.2 0.4
20.0 0.3
15.1 0.4
11.8 0.7
14.3 0.3
9.0 0.6
9.5 0.1
25.7 0.0
21.4 0.0
30.0 0.0
31.3 0.0
33.5 0.0
29.3 0.0
27.3 0.0
30.4 0.2
27.2 0.2
20.9 0.0
42.0 1.3
43.7 1.0
42.5 1.2
42.5 1.4
42.3 1.0
43.1 1.0
42.5 1.2
41.8 0.5
36.7 0.3
20.9 1.0
21.6 1.5
28.4 1.6
23.7 1.3
21.4 1.8
25.0 1.0
23.8 1.1
19.3 0.8
7.1 0.8
30.2 0.7
33.2 0.5
20.8 2.0
39.0 1.9
31.0 0.5
29.4 0.0
12.7 0.0
13.5 0.0
27.2 0.0
24.4 0.0
16.0 0.0
31.2 1.0
28.9 0.3
17.9 0.2
21.6 0.4
9.9 1.2
28.2 1.8
36.8 2.0
35.4 1.4
35.9 1.3
33.1 2.5
39.1 1.7
39.6 1.6
38.6 1.8
35.9 1.0
25.8 0.8
19.5 0.1
6.6 0.0
41.4 0.8
37.0 0.8
39.3 0.2
29.0 1.0
38.3 1.8
40.1 2.0
38.0 1.5
38.7 1.4
38.2 1.3
36.5 1.6
32.9 1.4
33.1 1.1
21.5 0.4
9.6 0.1
10.8 0.2
12.8 0.6
21.9 0.7
27.7 0.7
26.4 0.4
19.4 0.6
22.2 0.7
18.5 0.4
23.5 0.0
19.9 0.0
9.0 0.0
16.8 1.2
24.2 0.0
20.5 0.0
17.0 0.0
14.6 0.0
8.9 0.0
19.9 1.0
16.2 0.9
14.5 1.2
24.6 2.7
31.4 1.7
25.5 1.5
19.6 1.7
19.9 0.6
36.2 1.8
39.0 2.1
38.1 2.2
37.0 1.8
35.5 1.8
32.5 1.2
24.9 0.7
13.3 0.6
26.4 1.4
27.6 0.3
8.9 1.3
24.1 1.5
27.5 0.6
14.2 0.1
24.3 0.0
8.5 0.0
15.9 0.0
16.4 0.0
11.8 0.4
11.9 0.7
39.8 1.4
37.3 1.6
37.4 1.4
36.6 2.0
36.9 1.7
37.2 1.6
36.7 1.5
36.3 1.6
35.6 2.2
36.0 1.7
33.2 1.6
28.7 1.5
27.5 0.0
21.7 0.0
16.9 0.0
18.5 0.0
29.5 0.0
34.1 0.0
28.3 0.0
22.6 0.0
5.7 0.0
8.8 0.0
24.6 0.9
25.3 1.5
27.0 0.7
20.8 0.8
20.7 0.7
21.3 0.0
25.3 0.0
29.1 0.1
20.5 0.0
31.5 1.3
31.5 0.7
23.3 0.5
19.3 1.0
27.5 1.4
24.8 0.1
13.0 0.0
17.2 0.6
7.3 0.0
12.8 0.2
9.0 0.2
29.1 1.3
23.5 1.5
30.6 1.5
30.6 1.3
18.0 1.0
11.5 0.1
34.9 1.7
36.4 1.0
39.5 1.8
36.6 2.4
38.0 1.8
36.9 2.5
39.1 2.8
38.0 2.8
36.2 2.3
32.9 1.5
32.0 0.6
26.0 0.9
14.4 0.8
3.5 0.1
13.5 0.0
6.0 0.0
12.0 0.3
13.4 0.0
4.4 0.0
2.2 0.0
15.7 0.1
22.8 0.0
28.3 0.0
22.4 0.2
12.3 0.9
20.5 0.8
26.5 1.1
30.7 0.8
28.7 1.1
24.2 1.0
26.6 0.8
14.7 0.6
32.3 0.0
19.8 0.3
18.5 0.6
21.8 0.3
9.5 0.0
24.2 0.0
9.2 0.0
11.0 0.0
14.5 0.0
17.3 0.0
14.7 0.0
10.9 0.0
8.4 0.0
7.6 0.0
19.7 0.7
25.6 1.0
31.3 1.0
36.0 0.8
36.9 0.8
29.5 0.2
30.5 1.1
35.7 0.5
31.1 0.2
29.7 0.4
20.9 0.8
27.5 0.3
14.8 0.0
18.9 0.0
29.8 0.0
33.9 0.0
30.6 0.0
30.1 0.0
21.0 0.0
9.2 0.0
12.9 0.0
10.0 0.0
8.8 0.0
24.6 1.2
35.7 0.1
38.0 0.0
36.2 0.0
15.9 0.0
13.5 0.2
38.2 0.9
38.9 1.1
40.0 1.1
40.2 1.4
40.0 0.6
36.6 1.7
37.1 1.2
33.5 0.3
36.2 0.6
38.4 1.7
41.6 1.1
40.7 1.4
38.8 1.2
40.3 1.0
37.6 1.0
36.7 0.1
35.8 0.0
31.8 0.1
28.2 0.3
30.5 0.3
30.0 0.8
31.7 0.2
19.3 0.2
28.7 0.2
30.2 0.4
30.5 1.6
36.4 2.3
25.3 1.6
25.6 1.2
16.8 0.6
13.1 1.0
5.7 0.0
33.4 0.2
34.3 0.1
34.1 0.1
34.6 0.0
32.5 0.1
27.6 0.0
31.5 0.0
30.4 0.2
32.0 0.1
34.2 0.0
25.7 0.1
22.4 0.0
23.9 0.0
19.8 0.0
9.5 0.0
39.3 1.0
40.0 1.5
40.5 1.0
40.7 0.0
38.3 0.0
19.5 0.2
32.3 0.3
34.5 0.1
30.9 0.0
36.2 0.0
30.0 0.0
34.3 0.0
28.8 0.0
27.3 0.0
15.8 0.0
17.1 0.0
13.7 0.0
13.4 0.0
8.0 0.7
12.8 1.1
23.8 1.8
24.7 0.8
12.6 0.3
26.4 0.9
16.3 0.0
5.0 0.0
20.4 0.0
6.0 0.0
36.5 0.0
40.1 1.4
38.3 2.3
39.4 2.6
39.9 1.8
40.8 1.6
37.1 1.8
35.8 1.3
37.0 1.3
33.7 0.5
22.4 0.4
23.4 0.3
35.0 0.9
37.4 0.1
17.5 0.7
33.8 1.2
34.9 0.1
17.4 0.0
18.5 0.1
15.0 0.1
31.5 1.1
30.6 0.5
29.7 1.0
28.2 0.3
16.4 0.0
8.6 0.0
5.6 0.0
10.3 0.0
10.7 0.0
21.2 0.0
9.8 0.0
3.0 0.1
41.6 0.3
32.4 0.0
23.2 0.1
13.2 0.0
19.8 0.0
22.4 0.0
15.6 0.0
17.5 0.0
24.9 0.0
26.3 0.0
27.2 0.0
30.0 0.1
26.3 0.1
27.0 0.1
34.7 0.3
37.3 0.3
36.4 0.1
34.6 0.1
34.8 0.1
35.8 0.1
37.1 0.0
36.8 0.2
36.3 0.2
30.5 0.0
32.7 0.3
27.4 0.2
26.2 0.2
16.9 0.1
15.5 0.1
15.5 0.1
25.2 0.0
29.8 0.1
31.1 0.2
36.4 0.1
37.3 0.4
37.0 0.1
28.3 0.4
34.9 0.3
30.0 0.5
23.8 0.7
16.9 0.5
29.1 1.8
33.7 1.7
33.6 1.2
27.2 1.8
30.0 1.9
30.6 2.9
39.1 2.2
35.3 1.2
32.3 1.5
33.4 1.0
20.4 1.4
19.3 1.2
15.3 1.3
20.8 0.6
13.5 0.6
13.5 0.4
7.9 0.4
39.3 2.3
36.6 1.6
30.2 1.7
28.2 1.5
32.9 0.7
18.7 0.3
12.0 0.1
38.0 2.0
42.1 1.5
41.7 2.1
40.4 2.3
36.2 1.1
37.7 1.3
36.4 0.9
35.1 1.1
15.7 0.0
26.4 0.0
12.7 0.0
20.1 0.0
25.1 0.0
17.4 0.0
15.2 0.0
20.1 0.0
8.7 0.0
17.0 0.0
17.1 0.0
11.0 0.0
11.0 0.0
7.0 0.0
5.6 0.0
5.6 0.0
5.6 0.0
5.1 0.0
12.6 0.0
11.9 0.0
12.0 0.0
14.2 0.0
7.2 0.0
5.4 0.0
12.3 0.0
15.9 0.0
12.4 0.0
26.4 0.0
29.1 0.0
17.2 0.0
13.5 0.0
23.5 0.0
28.5 1.4
11.5 1.0
11.8 0.3
6.2 0.3
34.5 0.0
36.3 0.0
21.4 0.0
23.0 0.0
15.2 0.0
14.9 0.0
17.2 0.0
15.9 0.0
3.3 0.0
9.2 0.0
16.5 0.0
13.1 0.0
11.2 0.0
24.2 0.0
10.7 0.0
13.7 0.0
29.7 0.0
10.8 0.0
21.9 0.0
23.0 0.0
12.4 0.1
17.4 0.1
22.6 0.0
22.1 0.7
21.3 0.2
11.8 0.4
14.9 0.4
12.0 0.4
34.1 1.9
34.6 1.4
33.1 1.3
33.5 1.3
34.3 1.9
35.4 2.1
35.3 2.2
34.3 1.5
33.6 1.5
32.8 1.1
33.3 0.9
31.6 1.1
32.5 0.5
25.1 0.2
16.9 0.0
27.0 0.0
30.4 0.0
28.7 0.0
25.5 0.0
18.9 0.0
21.0 0.0
20.9 0.0
17.3 0.0
6.8 0.0
30.3 0.4
26.5 0.0
19.5 0.3
24.8 0.1
9.8 0.5
8.6 0.3
25.0 0.5
20.2 0.4
27.4 0.1
16.8 0.3
12.8 0.0
9.5 0.1
38.1 1.8
38.0 1.9
39.0 1.3
37.9 1.2
38.7 1.4
38.1 0.9
36.2 1.0
36.0 0.8
37.7 0.6
37.5 0.9
34.3 1.3
33.5 1.2
31.3 1.6
32.9 1.4
29.6 1.4
29.6 1.7
31.5 1.5
32.6 0.0
37.6 0.1
37.2 0.0
35.7 0.0
34.8 0.1
35.3 0.0
35.6 0.0
28.7 0.0
29.8 0.0
28.4 0.0
18.0 0.0
22.8 0.0
18.7 0.0
39.5 0.0
36.1 0.0
37.8 0.0
36.8 0.0
34.1 0.0
30.6 0.0
28.4 0.0
28.7 0.0
30.0 0.0
23.4 0.0
35.5 0.0
24.3 0.0
12.2 0.0
37.3 0.6
34.4 0.9
34.3 0.8
37.5 0.6
36.3 1.0
40.3 1.0
39.3 0.4
37.9 0.4
29.7 0.7
31.5 0.8
32.2 0.6
20.5 0.2
26.6 0.0
13.2 0.0
21.3 0.0
23.1 0.0
17.1 0.0
6.1 0.0
15.3 0.0
17.3 0.0
7.5 0.0
17.0 0.0
25.9 0.0
32.1 0.0
38.0 0.0
21.5 0.0
19.6 0.0
19.1 0.0
18.4 0.0
15.0 0.0
23.8 0.0
27.6 0.0
9.9 0.0
31.7 0.0
23.2 0.0
22.5 0.0
19.6 0.0
5.5 0.0
11.1 0.0
11.2 0.0
22.6 0.4
7.4 0.0
6.1 0.0
17.0 0.1
15.8 0.0
15.7 0.0
4.7 0.7
17.3 0.5
16.1 0.5
9.4 0.8
14.3 0.7
11.6 0.3
19.7 0.2
11.4 0.1
24.7 0.1
20.5 0.0
19.2 0.0
16.2 0.0
5.6 0.0
21.6 0.0
27.1 0.1
23.5 0.0
21.2 0.0
22.6 0.0
28.0 0.0
25.2 0.0
31.0 0.0
41.1 0.9
40.3 0.7
40.1 0.7
34.5 0.5
33.0 0.8
28.5 0.5
28.3 1.4
25.1 1.1
27.4 0.9
18.5 0.6
16.1 0.0
10.2 0.0
21.8 1.8
35.8 1.5
29.4 0.9
17.9 1.0
22.6 1.3
31.6 1.4
36.0 1.5
26.2 1.6
30.6 2.2
38.3 1.5
21.3 1.5
23.6 0.8
12.0 1.3
21.2 0.0
26.5 1.6
24.2 1.3
21.9 0.9
14.3 0.8
12.4 0.3
7.9 0.6
6.6 0.7
38.0 2.6
40.3 1.5
39.2 1.4
38.7 1.3
36.1 1.4
39.0 2.3
37.0 1.8
35.9 1.5
37.5 1.5
34.0 1.4
34.7 1.6
34.0 1.9
33.4 1.5
28.0 1.6
26.2 1.6
26.2 1.1
18.1 0.6
33.3 0.9
32.2 0.6
29.9 0.6
21.5 0.0
23.5 0.0
14.1 0.0
11.1 0.0
17.7 0.0
17.1 0.0
4.5 0.0
15.0 0.1
21.0 0.8
27.5 0.9
30.7 0.8
30.3 1.4
29.9 1.1
27.6 1.7
28.6 1.4
27.0 1.4
24.6 1.5
28.5 1.1
22.5 1.4
6.5 0.3
7.8 0.2
23.2 0.0
17.0 0.0
15.5 0.0
21.8 0.0
10.2 0.0
10.7 0.0
5.0 0.2
8.2 0.0
15.9 0.0
17.1 0.0
20.4 0.0
24.4 0.0
24.9 0.0
16.3 0.0
23.6 0.0
23.8 0.0
22.7 0.0
14.4 0.0
16.6 0.0
36.0 0.0
27.3 0.0
31.1 0.0
31.3 0.0
27.5 0.0
23.7 0.0
22.0 0.0
16.8 0.0
12.6 0.0
16.5 0.0
9.4 0.0
5.8 1.3
21.1 2.2
28.2 1.5
36.8 1.4
38.0 2.0
39.1 2.2
38.4 1.8
37.5 2.1
36.5 1.0
27.3 0.4
13.4 0.8
11.8 0.0
10.5 0.0
29.5 0.9
30.3 1.6
24.7 0.3
17.9 1.6
26.6 1.0
23.2 1.8
36.0 2.9
35.9 1.2
26.2 2.0
33.1 1.1
28.3 1.7
26.3 1.9
27.4 0.7
16.8 0.9
18.0 1.0
32.9 0.3
18.0 0.6
33.5 1.4
35.7 1.1
34.9 1.4
34.7 0.9
23.8 0.8
23.3 0.5
29.6 0.0
29.5 0.0
17.9 0.1
22.5 0.0
21.2 0.0
37.0 0.9
35.5 1.3
37.6 0.8
31.8 0.2
18.6 0.5
13.9 0.0
26.6 1.1
24.4 0.6
19.2 0.7
20.4 0.8
18.9 0.0
11.9 0.0
19.2 0.0
40.9 1.1
38.0 1.6
40.9 1.0
37.8 1.3
33.5 0.8
27.5 0.7
21.4 0.0
21.0 0.0
24.5 0.0
18.7 0.0
19.4 0.0
15.5 0.0
12.5 0.0
10.1 0.0
19.5 0.0
31.7 1.2
30.3 0.7
19.8 0.6
13.1 0.8
14.7 0.0
10.8 0.0
5.3 0.0
22.9 0.5
10.9 0.5
15.0 0.0
17.0 0.0
17.9 0.0
28.2 0.0
19.2 0.0
14.5 0.0
22.7 0.0
12.8 0.0
16.5 0.0
7.7 0.0
3.0 0.0
12.5 0.0
5.9 0.0
7.3 0.0
28.1 0.0
26.7 0.0
20.7 0.0
29.7 0.0
30.6 0.0
20.2 0.0
23.1 0.0
22.4 0.1
19.3 0.0
9.3 0.0
31.4 1.5
28.7 0.7
19.5 0.6
13.1 0.8
34.8 0.0
36.5 0.1
37.9 0.0
36.2 0.2
22.8 0.0
28.7 0.0
23.5 0.0
6.3 0.0
39.2 1.8
41.1 1.8
38.6 1.2
37.8 0.9
40.2 1.1
35.3 1.0
39.2 0.9
29.8 0.6
28.9 0.7
27.7 0.9
24.1 1.0
24.3 0.3
16.2 1.1
20.4 0.1
7.1 0.4
9.1 0.8
28.3 0.4
9.7 0.0
13.2 0.0
20.2 0.0
7.3 0.0
16.9 0.1
12.5 0.2
30.6 0.5
19.8 0.0
32.3 0.9
29.5 1.9
31.3 1.1
27.7 0.3
13.8 1.3
16.1 0.8
18.8 1.4
4.7 0.0
8.5 0.0
5.3 0.0
5.9 0.0
32.1 0.5
29.2 0.3
31.3 0.4
38.7 1.8
37.3 2.2
34.0 3.0
40.3 2.6
38.4 2.3
36.6 2.6
32.7 3.0
35.2 2.4
34.2 2.1
31.4 1.7
32.4 1.4
37.3 0.7
22.3 1.9
38.0 2.2
34.1 1.3
31.9 1.0
24.2 0.8
16.6 1.2
20.8 0.9
18.0 0.7
13.3 0.3
13.1 0.0
14.2 0.0
25.4 0.1
30.2 0.0
20.3 0.2
19.6 0.1
10.9 0.0
4.0 0.2
5.3 0.0
6.6 0.0
31.8 0.5
22.8 0.5
20.5 0.3
20.8 0.9
16.4 0.0
26.5 0.0
22.1 0.0
19.8 0.0
21.3 0.0
20.4 0.0
19.1 0.0
15.1 0.1
34.8 1.1
38.0 1.2
35.3 0.7
22.2 0.8
31.6 1.4
37.9 1.4
28.1 1.2
23.1 0.9
37.7 2.2
38.0 2.0
38.0 1.8
37.3 1.3
30.0 2.1
35.0 2.0
35.1 1.7
31.5 2.3
33.7 1.8
33.0 1.5
31.3 2.2
31.7 1.6
26.9 1.1
16.3 1.6
21.3 1.6
21.3 1.3
17.5 1.0
24.6 0.0
34.5 0.0
30.0 0.0
36.5 0.0
29.7 0.0
28.0 0.0
22.8 0.0
12.2 0.0
7.8 0.0
27.6 0.0
33.8 0.0
31.8 0.0
31.9 0.0
35.7 0.0
26.6 0.0
18.0 0.0
22.6 0.0
17.8 0.0
15.0 0.0
22.7 0.0
15.2 0.0
27.4 1.3
26.9 1.2
29.5 1.1
31.7 1.2
27.3 1.6
23.0 1.8
27.0 1.3
30.8 1.2
19.5 0.9
17.3 0.0
11.1 0.0
12.3 0.0
13.3 0.0
9.7 0.0
17.8 0.0
15.3 0.0
16.6 0.0
23.6 0.0
16.5 0.0
13.3 0.0
9.0 0.0
14.4 0.0
16.8 0.8
24.6 0.4
17.5 1.3
25.9 1.4
26.2 1.5
33.5 1.5
31.1 2.0
36.9 1.7
36.6 1.5
30.7 1.6
31.4 1.7
31.2 0.1
17.2 0.6
10.3 1.0
11.4 1.0
37.9 1.7
34.7 1.6
27.8 1.2
32.2 1.9
30.5 0.8
35.4 1.2
30.4 0.9
31.6 1.3
32.5 0.9
24.2 0.9
19.8 0.3
22.6 0.1
21.1 0.0
17.9 0.1
19.9 0.0
15.4 0.0
11.9 0.0
15.4 0.0
8.9 0.0
15.3 0.0
14.6 0.0
24.3 0.0
9.5 0.0
16.0 0.0
14.3 0.0
8.8 0.0
41.9 2.7
42.0 2.4
41.5 1.0
34.6 1.4
38.4 1.7
26.8 1.1
23.3 1.3
15.8 0.0
24.0 0.0
18.6 0.0
12.7 0.0
9.6 0.0
34.5 0.0
36.5 0.0
39.4 0.0
37.7 0.0
36.1 0.0
35.2 0.0
35.0 0.0
30.6 0.0
23.5 0.0
28.6 0.0
22.9 0.0
13.2 0.1
38.2 1.4
37.5 1.5
36.3 1.2
35.1 0.9
34.0 1.9
34.8 1.4
32.3 1.5
30.5 1.7
32.2 1.0
24.5 0.8
16.8 1.5
22.2 1.2
17.6 1.1
33.8 0.0
30.9 0.0
25.6 0.0
16.7 0.0
40.5 0.1
38.4 0.1
39.1 0.0
36.1 0.2
35.4 0.3
38.6 0.1
29.9 0.0
26.6 0.9
31.7 0.5
31.9 0.3
26.0 0.5
21.6 0.2
32.4 0.0
21.1 0.2
37.9 1.3
37.1 1.8
37.1 1.5
32.8 1.5
34.7 1.4
33.4 0.3
23.7 0.0
19.0 0.0
14.4 0.0
14.0 0.0
26.0 1.6
26.5 1.0
20.6 0.5
28.5 0.0
18.9 0.0
19.7 0.0
18.6 0.0
7.5 0.0
16.5 0.0
9.8 0.0
29.2 0.8
35.7 0.6
33.8 0.5
21.5 0.3
23.6 0.5
28.7 0.5
26.6 0.5
24.0 0.2
12.6 0.4
29.7 2.0
34.4 1.9
31.7 1.7
29.4 1.5
27.5 1.8
31.8 1.6
30.6 1.4
20.0 0.0
24.1 0.0
33.0 0.0
24.1 0.0
14.8 0.0
18.9 0.0
19.3 0.0
18.0 0.0
12.6 0.0
12.3 0.0
17.9 0.6
12.1 1.2
24.1 0.6
22.0 1.6
23.3 1.0
24.4 0.0
21.8 0.0
25.1 0.0
19.9 0.0
21.2 0.1
9.8 0.0
23.5 0.0
16.6 0.0
11.8 0.0
7.8 0.0
31.1 1.0
29.9 1.0
33.6 1.0
37.2 1.0
41.6 1.4
39.4 1.3
37.7 1.5
38.1 2.2
35.5 1.4
33.8 1.0
29.4 0.9
26.9 1.9
33.7 0.6
28.0 0.0
29.1 0.0
28.3 0.0
25.8 0.0
28.6 0.0
21.7 0.0
15.4 0.0
8.9 0.0
7.6 0.9
10.9 0.4
10.0 0.3
7.1 0.1
13.4 0.0
29.0 0.0
13.7 0.0
14.4 0.0
13.0 0.0
10.6 0.0
15.0 0.0
11.8 0.0
8.9 0.0
10.9 0.0
15.4 0.0
14.5 0.0
21.3 0.0
24.6 1.3
35.0 2.3
37.6 2.6
40.9 2.5
42.3 2.8
39.8 1.7
32.7 1.0
31.5 2.0
36.5 1.4
25.7 0.8
5.6 0.1
4.1 0.3
10.0 0.1
6.5 0.5
28.3 0.1
20.7 0.1
15.5 0.2
18.1 0.5
15.1 0.1
3.8 0.0
39.7 1.1
30.6 0.8
24.6 0.9
31.5 0.8
35.0 1.9
36.4 1.7
36.3 1.5
33.9 1.5
32.4 1.2
29.0 1.0
23.1 1.9
24.8 1.0
7.4 0.0
2.5 0.0
4.5 0.0
19.6 0.0
6.1 0.0
6.6 0.0
3.3 0.0
8.0 0.4
12.3 0.2
7.3 0.0
5.0 0.0
4.0 0.0
31.6 0.0
27.4 0.0
14.4 0.0
3.9 0.0
23.0 0.0
5.7 0.3
8.4 0.1
13.1 0.7
17.6 0.0
14.3 0.0
22.2 0.0
30.3 0.0
21.6 0.0
27.5 0.0
27.6 0.0
18.8 0.0
17.2 0.0
13.8 0.0
26.0 0.0
20.8 0.0
10.1 0.0
11.2 0.0
5.7 0.3
19.6 0.0
24.4 0.0
22.3 0.0
27.4 0.0
26.8 0.0
34.6 0.0
35.2 0.0
32.1 0.0
22.8 0.0
27.8 0.0
33.2 0.0
32.8 0.0
30.2 0.0
30.5 0.0
30.5 0.0
24.5 0.0
22.8 0.0
15.7 0.1
26.6 0.2
30.1 0.2
28.4 0.1
20.6 0.0
19.1 0.0
21.4 0.0
19.2 0.0
21.9 0.0
11.1 0.0
10.0 0.0
7.7 0.0
7.7 0.0
18.3 0.0
23.5 0.0
28.5 0.0
31.8 0.0
26.7 0.0
23.1 0.0
15.8 0.0
13.6 0.0
4.8 0.0
12.1 0.0
10.3 0.0
10.1 0.0
16.0 0.0
19.4 0.0
29.5 0.0
28.7 0.0
25.9 0.0
35.2 0.0
25.9 0.0
4.0 0.0
6.1 0.0
11.8 0.0
13.0 0.0
7.8 0.0
18.6 0.0
18.3 0.0
16.4 0.0
13.8 0.0
9.7 0.0
11.3 0.0
12.0 0.0
18.3 0.4
24.2 0.2
15.6 0.4
8.5 0.0
2.8 0.0
4.9 0.0
15.6 0.1
15.5 0.0
7.3 0.1
36.7 0.0
36.0 0.1
31.5 0.0
32.0 0.0
39.2 0.1
36.2 0.1
35.6 0.0
37.0 0.0
37.0 0.0
37.0 0.1
37.4 0.2
33.8 0.1
31.4 0.2
34.4 0.2
34.4 0.3
31.8 0.9
26.0 0.8
28.7 0.2
24.4 0.0
28.0 0.0
25.2 0.1
32.6 0.1
29.3 0.0
12.3 0.0
20.6 0.0
5.1 0.0
20.4 0.0
23.8 0.0
19.3 0.0
27.4 0.0
23.8 0.0
22.6 0.0
27.9 0.0
29.2 0.0
30.6 0.0
18.5 0.0
21.2 0.0
9.7 0.0
13.5 0.0
13.4 0.0
13.8 0.0
19.0 0.0
22.9 0.0
11.7 0.0
16.9 0.0
15.0 0.0
15.2 0.0
16.6 0.0
9.0 0.0
6.7 0.0
2.5 0.0
7.9 0.9
22.1 1.3
27.1 1.4
25.1 2.1
37.0 1.0
25.2 0.6
13.3 1.1
27.0 0.5
24.3 0.1
36.0 0.6
38.2 0.9
41.1 0.8
39.2 0.9
35.6 0.9
39.0 1.4
35.8 0.7
31.1 1.7
30.4 1.8
27.7 0.3
10.1 1.5
27.0 0.9
16.8 0.9
16.8 0.9
17.9 0.8
24.9 0.9
27.5 1.0
40.6 2.2
39.5 1.6
40.7 2.1
41.4 2.1
40.8 1.9
39.5 1.7
38.0 1.2
35.5 2.1
35.5 2.1
36.7 2.1
32.6 1.5
34.9 1.5
34.9 1.5
33.4 1.4
34.9 0.2
26.2 0.5
27.7 0.9
37.1 0.6
32.9 0.5
37.7 0.2
29.3 0.6
30.8 0.3
27.3 0.4
29.0 0.6
31.7 1.2
30.0 1.2
34.7 0.6
15.2 0.0
5.9 0.0
5.7 0.0
6.4 0.0
16.3 0.1
17.7 0.0
31.8 0.2
21.8 0.8
33.9 0.8
34.0 0.9
27.2 1.3
28.1 2.2
34.0 1.8
32.6 0.1
13.3 0.5
16.2 0.8
7.0 0.1
29.4 1.0
33.8 0.8
34.4 0.5
34.2 0.1
33.9 0.2
32.5 0.2
33.5 0.3
34.1 0.2
30.9 0.3
32.4 0.2
32.1 0.4
32.9 0.4
29.4 0.6
28.7 0.6
28.7 0.4
27.5 0.4
20.2 1.4
26.5 1.8
30.1 2.0
29.5 1.8
25.6 0.7
17.9 1.5
22.8 1.3
18.5 0.7
21.7 0.9
15.8 1.0
15.4 0.2
5.8 0.0
16.9 0.0
37.9 0.0
34.8 0.2
34.4 0.2
35.7 0.3
32.5 0.6
35.1 0.2
37.7 0.1
36.3 0.1
26.3 0.0
34.3 0.0
34.2 0.1
32.5 0.1
32.5 0.1
29.6 0.3
15.9 0.0
16.3 0.0
11.4 0.0
16.0 0.0
32.9 1.5
32.9 1.0
37.6 1.7
37.8 2.4
38.4 2.2
32.8 3.0
38.4 1.8
33.5 2.0
31.5 2.4
33.9 1.9
29.5 1.7
5.1 0.2
15.6 0.1
10.4 0.2
12.3 0.1
13.4 0.4
21.6 0.4
13.2 0.8
19.0 0.3
10.7 0.6
12.9 0.3
9.1 0.0
4.9 0.0
15.8 0.0
10.0 0.1
10.2 0.1
11.4 0.0
10.5 0.0
24.6 0.7
37.3 1.4
19.0 0.0
13.1 0.0
13.5 0.0
24.1 0.0
20.8 0.0
15.8 0.0
30.5 0.6
30.6 1.5
26.5 1.5
32.5 0.4
26.7 0.8
31.2 1.0
16.5 0.4
6.4 0.5
12.1 0.2
8.0 0.0
12.1 0.0
9.1 0.2
30.7 0.3
34.5 0.5
36.7 1.1
38.3 0.5
37.6 0.7
41.0 0.9
37.9 0.8
35.8 0.7
30.1 0.3
24.4 0.0
8.9 0.0
15.1 0.4
17.3 0.3
20.6 0.7
22.6 1.6
22.5 1.2
27.9 0.6
29.1 0.3
26.1 0.7
29.4 0.5
19.6 0.2
20.7 0.1
17.3 0.1
8.1 0.4
21.7 0.5
13.7 0.4
8.6 0.0
9.3 0.0
13.3 0.0
15.8 0.0
6.0 0.0
12.4 0.0
12.4 0.0
9.0 0.0
25.3 0.0
34.6 0.0
34.7 0.0
31.1 0.0
34.6 0.0
34.9 0.0
32.4 0.0
34.3 0.0
31.9 0.0
29.5 0.0
32.2 0.0
28.2 0.0
23.8 0.0
23.5 0.5
9.3 0.1
10.8 0.7
18.5 0.5
21.1 1.4
28.7 0.6
22.6 0.4
13.8 1.2
36.6 0.1
29.9 0.5
35.7 0.5
36.1 0.3
39.3 1.1
39.9 1.0
38.6 0.6
37.6 1.0
29.9 1.5
29.7 1.6
24.1 1.8
25.3 1.1
20.8 1.1
20.8 0.2
21.0 1.1
15.0 0.9
18.5 1.2
23.7 1.7
27.4 0.9
17.2 1.7
31.9 1.8
33.0 1.0
16.4 0.6
10.3 0.2
6.8 1.2
29.4 0.5
12.3 0.3
8.9 0.5
15.4 0.8
20.8 0.8
16.7 0.9
25.3 1.0
23.8 0.6
12.6 0.5
15.9 1.3
31.1 1.4
32.5 0.9
31.8 0.9
31.5 2.0
36.0 1.8
27.5 1.1
22.2 1.7
27.6 1.5
26.3 1.7
25.9 1.5
31.5 1.7
29.2 1.7
29.2 1.3
22.7 1.0
15.4 0.0
12.1 0.0
20.9 0.0
23.6 0.0
10.3 0.0
11.9 0.0
20.4 0.0
17.1 0.0
23.8 0.0
20.8 0.0
17.1 0.0
23.2 0.0
14.4 0.0
11.1 0.0
26.6 0.0
13.8 0.0
24.6 0.0
16.6 0.0
16.3 0.0
15.5 0.0
16.8 0.0
22.0 0.0
12.0 0.0
15.6 0.0
10.5 0.0
14.0 0.0
9.8 0.0
11.0 0.0
20.7 1.1
29.4 1.3
29.6 1.3
27.9 1.7
27.5 2.1
31.1 1.6
26.8 1.8
28.7 1.9
30.3 1.5
23.3 1.4
23.2 1.3
22.8 1.3
22.7 1.3
22.7 1.2
19.6 1.3
28.3 0.8
28.0 0.5
20.5 0.5
25.8 0.9
19.5 0.6
26.8 0.1
27.0 0.1
30.8 0.0
27.5 0.0
28.0 0.0
30.8 0.0
24.8 0.0
25.1 0.1
24.6 0.3
26.2 0.1
9.4 0.3
18.0 0.5
16.9 0.5
16.9 0.2
11.3 0.0
8.5 0.0
28.2 0.0
32.5 0.0
23.9 0.0
3.0 0.0
26.8 0.0
16.6 0.0
32.6 0.0
33.6 0.0
30.5 0.0
28.5 0.0
27.2 0.0
29.4 0.0
25.3 0.0
25.3 0.0
19.2 0.0
9.3 0.0
5.5 0.0
15.9 1.0
23.4 0.8
20.9 0.9
30.3 1.1
33.1 0.5
28.0 0.5
22.2 0.6
29.2 0.2
13.1 0.8
14.6 0.1
23.3 0.2
26.1 0.2
25.3 0.0
23.8 0.1
18.2 0.0
23.4 0.3
25.6 0.0
14.3 0.1
18.7 0.0
6.1 0.3
18.6 1.1
29.5 0.9
27.0 0.6
20.9 1.1
25.1 1.0
13.9 0.0
6.6 0.5
29.0 0.0
32.8 0.0
30.6 0.0
34.2 0.0
33.8 0.0
37.2 0.0
4.4 0.8
24.6 0.5
18.0 0.5
27.8 0.3
21.4 0.5
20.8 1.1
24.7 0.9
5.5 0.5
11.5 1.1
18.9 0.5
13.9 1.5
20.2 1.3
19.0 0.3
22.3 0.2
28.1 1.0
35.9 1.6
33.3 1.6
33.2 1.3
33.5 1.1
29.4 0.4
12.9 1.4
10.1 0.7
15.5 0.7
14.2 0.7
11.3 1.0
20.9 0.8
10.4 0.7
32.9 0.6
37.1 0.8
35.3 1.0
36.6 0.6
32.9 0.7
37.3 0.6
34.0 0.4
32.8 0.6
33.1 0.5
32.1 0.3
25.6 0.5
24.1 0.5
24.1 0.1
11.5 0.7
17.3 1.1
20.2 1.2
7.9 0.6
20.8 0.5
17.1 0.3
25.1 0.5
27.0 0.5
31.1 1.6
37.5 1.5
34.9 1.1
35.0 0.7
27.2 1.3
30.0 0.8
22.1 0.4
12.9 0.4
1.6 0.0
13.0 0.0
14.3 0.0
3.3 0.0
2.5 0.0
12.3 0.0
7.6 0.2
7.5 0.3
31.3 0.0
36.8 0.0
36.1 0.0
16.7 0.0
32.8 0.1
33.9 0.1
36.8 0.0
34.6 0.1
36.8 0.1
32.8 0.0
23.5 0.0
22.6 0.0
21.1 0.0
21.1 0.0
5.7 0.0
16.3 0.1
7.9 0.1
6.3 0.1
29.5 0.7
16.1 0.5
6.3 0.9
26.9 0.5
18.5 0.2
10.4 0.0
20.6 0.0
18.6 0.0
19.9 0.0
31.5 0.0
28.0 0.0
16.9 0.0
13.0 0.0
17.5 0.0
17.2 0.0
15.0 0.2
5.6 0.1
5.8 0.1
7.4 0.1
11.4 0.2
8.0 0.3
12.8 0.0
6.3 0.2
10.9 0.0
13.3 0.4
36.5 0.6
34.8 0.5
36.8 0.6
38.2 0.8
36.4 1.0
34.5 0.9
38.2 1.2
35.7 1.2
34.1 2.3
37.0 2.2
38.7 1.5
35.7 1.5
35.7 1.5
35.1 2.0
17.1 0.3
14.1 0.4
25.8 0.1
11.2 1.1
15.8 0.1
9.4 0.3
11.1 0.0
21.4 0.8
17.3 1.5
27.9 2.4
32.7 2.0
29.5 1.3
24.4 1.0
17.9 1.2
24.1 1.0
21.6 0.4
12.5 0.4
18.4 0.7
14.9 0.7
14.9 0.6
15.9 0.5
19.1 0.1
16.6 0.1
11.3 1.4
23.9 0.7
19.4 1.5
27.0 0.8
25.9 0.6
19.2 0.7
22.9 1.4
25.7 1.5
27.5 1.8
29.9 1.8
29.9 1.6
28.8 1.2
18.6 0.8
14.7 1.1
26.2 0.8
27.1 1.5
29.9 2.0
31.7 1.5
27.0 0.9
20.0 1.0
23.3 1.6
26.1 1.4
27.2 1.0
18.9 1.0
18.9 0.9
24.5 0.8
24.2 0.9
26.6 0.9
16.8 1.8
26.8 1.1
19.6 0.9
19.7 1.1
17.8 0.6
18.8 1.1
19.0 0.5
16.1 0.0
33.5 0.0
37.2 0.0
39.3 0.2
38.5 0.1
36.2 0.2
38.0 0.1
36.1 0.1
36.3 0.2
35.2 0.3
33.2 0.9
32.0 1.4
35.4 1.4
35.4 1.5
10.3 0.0
11.6 0.3
11.9 0.1
4.4 0.5
17.2 0.9
16.3 1.5
26.1 1.3
25.2 0.2
11.2 0.2
4.8 0.3
10.8 0.2
11.2 0.0
12.6 1.1
15.1 0.4
19.0 0.7
15.7 0.8
12.3 0.4
5.7 0.1
2.9 0.9
11.2 0.3
8.2 0.0
18.6 0.1
23.5 0.1
28.5 0.1
17.8 0.4
20.9 0.3
31.5 0.1
18.4 0.1
19.1 0.0
12.7 0.3
5.8 0.5
7.8 0.0
25.3 0.1
18.2 0.1
35.5 0.2
31.1 0.2
28.1 0.9
34.0 0.8
35.4 1.0
33.9 0.5
25.0 0.4
22.8 0.6
25.0 0.7
24.5 0.7
24.5 0.3
18.2 0.3
4.0 0.3
19.0 0.0
10.0 0.0
7.4 0.0
4.9 0.0
1.9 0.0
14.1 0.0
14.0 0.0
21.9 0.0
19.0 0.0
12.9 0.0
16.6 0.0
5.5 0.0
9.8 0.0
8.7 0.7
11.6 0.7
9.6 0.2
8.9 0.0
6.5 0.6
14.5 0.5
18.7 1.0
15.3 0.7
24.9 0.7
26.6 0.6
22.6 0.6
21.3 0.7
21.7 0.9
17.4 1.0
16.5 0.7
15.8 0.8
18.3 0.8
10.1 0.0
23.9 0.0
33.4 0.0
30.8 0.0
31.4 0.0
36.8 0.0
34.1 0.0
27.9 0.0
26.5 0.0
24.8 0.0
18.9 0.0
14.2 0.0
16.0 0.0
16.0 0.0
7.0 0.0
29.2 0.8
28.9 0.8
24.6 0.8
20.1 0.9
15.7 1.3
24.8 1.3
35.6 1.9
36.4 1.6
36.5 1.8
35.5 1.1
31.7 1.4
26.3 1.4
33.5 1.0
30.0 1.0
25.8 1.2
29.4 1.2
29.0 0.9
24.4 0.9
24.4 0.5
23.7 0.4
32.2 0.5
32.5 1.3
35.1 0.9
36.3 1.1
32.0 0.7
26.2 0.4
22.7 0.2
23.0 0.5
11.3 0.0
39.5 1.4
42.4 1.6
42.5 1.3
40.9 1.5
40.4 1.6
37.7 1.7
39.0 1.2
38.8 0.9
37.5 1.4
37.9 1.5
37.7 1.7
36.1 1.7
36.1 1.1
35.6 1.7
14.5 0.0
17.9 0.0
7.5 0.4
14.6 0.2
13.3 0.1
7.9 0.1
7.7 0.4
12.5 0.0
13.6 0.1
21.4 0.0
8.2 0.1
18.1 0.1
24.9 0.3
13.1 0.5
16.2 0.1
4.3 0.9
17.7 1.5
23.6 1.2
18.1 1.6
22.0 0.8
15.8 1.0
14.0 1.5
19.1 0.9
13.1 0.4
5.8 1.4
11.8 1.1
11.7 1.1
11.7 0.9
9.6 0.6
22.5 0.0
25.9 0.0
32.8 0.0
29.0 0.0
37.2 0.0
29.7 0.0
34.3 0.0
26.2 0.0
29.2 0.0
20.7 0.0
18.9 0.0
18.9 0.0
18.9 0.1
10.4 1.0
18.4 0.4
13.0 1.6
26.4 0.7
18.9 1.2
22.9 1.1
17.1 0.0
4.7 0.3
11.9 2.8
32.5 2.2
31.3 1.8
30.9 1.5
23.1 1.3
24.0 1.1
18.3 1.5
20.1 1.8
22.6 2.6
30.5 2.6
33.9 2.9
32.2 2.9
32.2 2.0
30.0 2.4
10.7 0.1
10.3 0.0
19.7 0.6
11.8 0.3
26.1 0.4
18.7 0.3
4.7 0.0
6.9 0.0
13.9 0.0
23.9 0.0
23.8 0.0
17.0 0.0
21.4 0.0
24.4 0.0
16.3 0.0
2.4 0.1
13.4 0.2
16.7 0.1
22.9 0.5
26.7 1.1
27.7 1.2
21.5 0.9
28.8 0.4
12.8 0.4
11.7 0.7
11.3 0.0
18.9 0.0
31.4 0.0
28.1 0.0
15.2 0.0
19.1 0.0
14.0 0.0
15.7 0.0
28.3 0.0
21.8 0.0
25.0 0.0
23.7 0.0
23.7 0.0
26.4 0.0
14.5 0.5
13.3 0.7
15.3 0.9
22.9 0.7
23.3 0.7
16.0 0.5
12.4 0.4
11.7 0.4
11.7 0.5
9.0 0.0
3.5 0.0
9.1 0.0
19.6 0.0
21.9 0.0
24.5 0.0
29.6 0.0
27.6 0.0
25.6 0.0
26.8 0.0
25.1 0.0
19.5 0.0
16.9 0.0
16.9 0.0
14.1 1.0
20.0 1.1
22.7 1.3
26.9 1.0
19.9 1.5
24.6 1.5
22.5 1.5
19.4 1.5
21.9 1.1
9.7 0.3
12.0 0.2
16.1 0.8
31.4 0.5
33.2 0.7
29.5 0.3
20.0 0.8
28.2 0.8
21.5 1.1
30.4 0.9
33.0 0.8
30.2 0.6
18.7 0.4
14.5 0.4
8.9 0.1
13.4 0.0
20.6 0.0
21.4 0.0
18.9 0.0
19.4 0.0
19.8 0.0
18.8 0.0
11.8 0.0
19.6 0.0
18.5 0.0
34.9 0.2
38.6 0.2
38.6 0.4
37.9 0.4
38.3 1.1
38.6 0.9
36.3 0.8
37.1 0.3
33.2 0.2
34.7 0.2
32.9 0.5
31.8 0.5
31.8 0.1
30.5 0.8
10.1 0.3
12.6 0.3
19.3 0.8
33.0 0.4
23.4 0.3
17.9 0.2
9.4 0.1
9.0 0.2
12.1 0.4
13.1 0.1
18.4 0.0
34.1 0.2
36.5 0.1
37.8 0.1
39.2 0.1
36.4 0.0
35.0 0.0
29.2 0.1
33.4 0.1
30.9 0.1
28.7 0.1
28.7 0.0
18.0 0.0
13.5 0.4
28.2 1.3
26.4 1.2
36.4 1.3
36.5 2.3
35.0 2.3
34.2 1.4
30.8 1.8
28.3 1.3
30.8 1.1
24.8 1.8
29.1 1.8
29.1 0.9
16.4 0.2
19.2 0.2
24.4 0.2
18.3 0.1
19.3 0.0
16.5 0.1
20.8 0.1
26.3 0.0
26.7 0.2
23.2 0.2
26.2 0.2
26.2 0.2
25.3 0.2
12.5 0.0
11.6 0.0
17.3 0.0
17.5 0.0
22.4 0.1
15.6 0.7
24.4 1.9
36.5 1.1
34.7 0.7
32.9 1.4
26.3 2.3
35.4 2.4
35.7 2.4
35.7 2.3
35.3 2.4
12.7 0.1
14.8 0.0
4.8 0.3
12.8 0.0
14.7 0.0
29.0 0.0
27.3 0.0
30.0 0.0
23.1 0.0
23.7 0.0
15.7 0.0
9.3 0.0
18.9 1.3
21.9 0.6
11.7 0.7
12.5 1.5
23.8 1.4
17.9 1.6
21.7 1.6
20.4 0.8
13.4 0.7
11.3 0.6
13.0 0.6
13.0 0.5
9.1 0.0
1.7 0.0
13.5 0.0
29.7 0.4
30.4 0.5
36.8 0.3
17.0 0.0
21.9 0.0
29.0 0.0
28.5 0.0
25.8 0.0
20.8 0.0
21.5 0.0
20.7 0.0
19.5 0.0
16.7 0.2
16.7 0.2
16.7 0.0
11.8 0.0
15.3 0.3
10.7 0.6
16.7 1.5
27.3 0.3
33.4 0.0
37.5 0.1
33.8 0.2
34.0 0.5
37.9 1.4
39.1 1.5
39.4 1.0
38.7 0.9
35.1 1.1
33.6 1.1
33.6 1.2
32.4 0.9
26.5 1.4
29.1 1.1
24.4 0.8
22.6 1.6
36.8 1.3
30.9 0.3
15.2 0.8
19.5 0.7
5.6 0.0
24.4 2.1
31.0 1.9
33.0 2.0
31.8 2.1
36.6 1.2
27.9 1.3
26.0 1.2
26.9 1.5
20.8 0.4
14.7 0.6
14.1 0.6
15.4 0.1
22.8 0.2
26.0 0.9
31.6 0.9
36.1 0.9
34.7 0.8
31.7 1.2
27.6 1.3
24.5 0.8
20.5 1.3
22.2 1.3
22.2 0.8
20.0 0.9
17.7 0.0
15.4 0.0
7.9 0.0
32.6 0.0
36.8 0.0
36.9 0.0
37.7 0.0
35.7 0.0
34.7 0.0
37.6 0.0
38.3 0.0
35.8 0.0
33.7 0.0
29.8 0.0
29.8 0.0
32.1 0.0
13.0 0.0
10.0 0.0
11.2 0.0
13.2 0.0
9.1 0.0
17.7 0.0
27.9 0.0
34.9 0.0
18.3 0.0
19.9 0.0
21.0 0.0
21.0 0.6
15.8 0.3
32.8 0.7
37.6 0.6
40.3 1.2
39.5 1.0
39.9 1.1
38.9 0.9
36.9 1.2
35.6 1.1
34.7 1.0
32.4 1.0
26.9 1.0
26.9 0.8
26.6 0.8
3.9 0.0
5.5 0.0
3.8 0.0
7.8 0.0
7.9 0.0
7.2 0.0
13.0 0.1
13.4 0.1
10.2 0.5
19.2 0.5
12.1 0.3
7.4 0.3
6.2 0.5
10.4 0.7
13.2 0.0
4.3 0.3
8.8 0.4
10.6 0.8
14.8 0.0
18.0 0.0
33.6 0.0
35.6 0.0
36.7 0.0
32.4 0.0
35.9 0.0
34.0 0.0
33.1 0.0
35.0 0.0
30.6 0.0
30.6 0.0
23.3 0.0
7.9 0.0
16.3 0.1
21.6 0.0
7.0 0.0
26.2 0.0
30.9 0.0
32.6 0.0
18.0 0.0
24.8 0.0
22.9 0.0
27.1 0.0
25.0 0.1
10.1 0.9
26.6 1.6
35.2 1.8
36.3 2.3
38.2 1.5
35.5 2.2
32.5 2.0
31.6 2.1
27.7 1.7
32.0 1.9
33.4 1.9
33.4 0.9
20.4 1.1
28.8 0.8
30.3 0.9
28.4 2.0
31.2 1.3
28.6 1.6
30.5 1.5
29.9 2.2
35.3 2.0
32.0 1.4
22.3 1.4
22.3 1.1
26.6 1.4
23.4 1.1
27.3 1.5
26.5 1.5
24.6 1.6
26.2 1.3
19.7 0.8
17.2 0.1
35.6 0.0
33.6 0.0
34.8 0.0
33.1 0.0
32.8 0.0
28.9 0.0
31.8 0.0
28.9 0.0
2.0 0.0
5.3 0.0
13.8 0.0
10.6 0.0
19.7 0.0
21.3 0.0
22.6 0.0
21.0 0.1
19.8 0.5
17.1 0.1
10.8 0.0
5.5 0.0
11.4 0.1
24.5 0.9
18.0 2.4
23.3 2.1
19.2 2.2
27.7 2.1
27.8 1.6
24.9 1.9
27.6 1.9
33.5 2.6
32.7 2.3
29.7 2.3
29.7 2.6
30.7 2.3
27.7 0.4
32.0 0.5
36.8 0.3
35.5 0.4
35.1 0.0
35.4 0.7
34.4 0.4
35.3 0.8
35.3 0.9
35.5 0.9
27.7 0.9
27.7 0.7
13.3 0.7
19.3 0.3
14.4 0.1
9.4 0.0
14.0 0.0
3.6 0.1
4.5 0.0
19.6 0.8
24.1 0.5
20.2 0.5
32.2 1.0
27.9 0.3
15.3 0.8
19.2 0.6
14.9 0.9
14.2 0.6
10.6 0.0
11.8 0.0
14.4 0.4
10.9 0.5
13.0 0.8
32.0 0.5
31.1 0.9
31.4 0.8
34.6 0.3
18.3 0.5
22.1 0.5
15.7 0.3
18.9 0.3
18.9 0.3
16.1 0.3
16.0 0.0
15.8 0.0
23.9 0.0
27.5 0.0
28.5 0.0
28.5 0.0
32.1 0.0
31.4 0.0
36.0 0.0
27.7 0.0
24.5 0.0
24.5 0.0
9.4 0.0
15.3 0.0
11.5 0.7
17.7 0.8
12.8 1.6
17.8 1.0
16.2 0.4
8.6 1.4
13.0 1.2
34.1 0.9
32.2 0.8
25.1 1.4
33.6 0.4
25.0 0.5
18.9 0.6
17.9 0.2
18.6 0.6
24.8 0.7
24.3 0.7
15.5 0.2
19.8 0.0
13.0 0.1
15.4 0.3
9.0 0.2
6.6 0.1
19.6 0.1
25.1 0.0
12.2 0.8
20.8 2.4
38.4 1.7
27.0 1.7
22.6 1.0
14.5 0.9
12.3 0.9
15.7 0.3
5.6 0.0
7.3 0.0
9.2 0.0
7.7 0.0
19.7 0.0
19.4 0.0
13.0 0.0
26.1 0.0
31.7 0.0
27.6 0.0
27.6 0.1
23.5 0.1
23.5 0.0
20.3 0.0
8.7 0.0
6.0 0.1
12.2 0.0
20.4 0.1
24.0 0.2
27.9 0.1
33.9 0.1
24.1 0.0
19.0 0.2
28.6 0.0
34.2 0.0
34.9 0.0
31.2 0.0
32.3 0.0
35.3 0.0
30.3 0.0
24.6 0.0
26.4 0.0
23.6 0.0
23.6 0.0
20.7 0.0
7.3 0.0
21.9 0.0
28.8 0.0
28.9 0.0
30.4 0.0
27.8 0.0
23.2 0.3
21.0 1.0
30.3 1.2
34.3 1.0
26.7 0.8
30.9 1.1
33.9 1.8
29.6 2.4
30.5 1.4
30.2 1.4
30.2 1.2
28.1 0.5
10.7 0.7
11.1 1.1
20.5 0.8
13.1 0.1
14.9 0.0
12.9 0.0
10.2 0.0
18.1 0.5
34.3 0.1
37.9 0.3
35.7 1.2
41.4 1.7
40.3 1.1
36.6 1.1
37.5 0.8
36.9 1.0
33.7 1.0
33.7 1.1
33.8 0.6
14.7 0.2
30.1 1.3
36.3 0.7
37.6 0.7
37.6 0.8
33.0 1.5
36.5 1.0
31.8 1.4
34.0 1.0
31.0 0.3
9.7 0.3
9.7 0.8
27.4 0.6
24.2 0.0
26.3 0.0
17.2 0.2
11.8 2.1
27.0 2.2
33.0 1.4
19.4 0.7
17.8 1.4
26.5 1.4
30.4 0.9
23.0 1.4
23.9 0.8
16.3 1.2
17.7 1.3
19.7 0.7
14.3 0.7
22.6 0.2
31.2 0.7
29.7 1.3
31.9 1.0
29.1 0.9
27.6 0.1
19.8 0.1
16.7 0.1
8.7 0.0
19.8 0.0
12.0 0.2
8.0 0.2
11.8 0.3
5.8 0.4
13.2 0.2
11.5 0.1
22.6 1.3
34.0 2.1
36.0 2.7
36.2 2.5
36.7 2.0
35.0 2.0
33.3 0.4
14.8 1.0
20.7 1.0
20.4 1.0
11.7 1.2
22.0 0.5
12.1 0.4
15.4 0.0
6.2 0.0
13.4 0.0
22.0 0.0
19.9 0.0
12.1 0.0
21.6 0.0
28.1 0.0
19.2 0.0
16.3 0.0
12.4 0.0
8.8 0.0
8.8 0.0
28.9 2.2
27.6 1.1
18.9 0.6
15.6 0.8
17.3 0.7
2.4 0.0
20.2 0.8
33.6 0.8
27.2 1.0
33.1 1.0
27.4 0.4
20.7 0.9
34.0 1.0
29.7 0.8
28.2 0.5
28.0 0.5
28.0 1.0
32.1 0.0
20.8 0.7
13.0 0.0
15.5 0.0
12.3 0.0
14.7 0.0
17.7 0.0
25.7 0.0
24.3 0.1
28.7 0.3
28.8 0.3
26.4 0.3
26.4 0.1
22.8 0.3
6.2 0.0
4.5 0.0
8.4 0.0
8.7 0.0
8.5 1.1
18.8 1.2
23.9 1.1
5.3 0.1
16.9 0.0
29.8 0.0
29.1 0.0
34.9 0.0
37.3 0.0
36.1 0.0
37.2 0.0
36.8 0.0
33.2 0.0
18.4 0.0
18.4 0.0
16.4 0.0
8.2 0.3
10.5 0.1
6.1 0.0
14.1 0.0
21.6 0.0
18.1 0.0
20.4 0.0
16.3 0.0
22.6 0.0
24.8 0.0
14.4 0.0
14.4 0.0
17.3 0.1
17.2 0.5
15.0 1.9
26.9 1.1
8.8 0.2
10.1 0.5
11.5 0.9
22.5 1.2
23.8 1.4
25.2 0.8
20.4 1.9
21.0 1.6
19.3 2.2
26.3 2.2
26.3 2.2
22.9 2.2
8.3 0.0
17.3 0.0
20.0 0.0
12.5 0.0
11.4 0.0
36.0 0.8
36.8 1.2
37.6 0.8
38.5 1.2
38.0 0.9
36.0 1.3
36.4 1.1
33.4 1.3
35.0 1.7
34.8 1.7
34.8 1.6
32.7 2.0
18.9 0.0
18.6 0.0
18.2 0.0
11.4 0.0
12.1 0.0
11.6 0.0
15.6 0.0
11.6 0.0
9.5 0.0
19.2 0.0
11.7 0.1
9.2 0.0
5.2 0.4
9.7 0.4
9.6 0.4
14.2 0.3
13.4 0.3
12.2 0.4
14.4 0.3
13.1 0.3
12.2 0.7
22.8 0.7
22.8 1.1
19.5 0.2
8.5 0.0
13.8 0.0
3.0 0.1
3.7 0.0
5.5 1.1
5.5 0.0
21.4 1.3
21.2 1.3
26.2 1.7
29.9 1.6
19.9 1.1
17.2 1.3
23.4 1.7
25.4 1.3
19.7 0.7
14.1 0.7
14.1 0.0
7.5 0.0
9.6 0.0
12.8 0.1
20.3 0.9
17.0 0.8
9.1 0.1
4.3 0.0
7.0 0.0
15.1 0.0
18.7 0.0
21.5 0.0
20.8 0.0
17.8 0.0
16.4 0.0
10.8 0.0
19.5 0.0
9.5 0.0
29.1 0.7
25.2 0.7
24.1 1.1
26.9 1.3
23.7 1.6
21.9 1.2
13.8 1.3
15.8 0.7
9.0 1.3
10.6 1.3
10.6 0.8
4.6 0.0
1.0 0.1
5.3 1.0
10.6 0.0
26.2 0.2
23.4 0.1
24.7 0.0
20.5 0.0
17.7 0.0
14.4 0.0
17.5 1.1
21.5 1.6
28.4 0.0
5.0 1.5
24.5 1.2
23.8 0.8
24.3 1.8
28.9 1.9
27.7 0.3
11.0 0.3
28.8 1.0
36.9 1.0
37.3 1.0
36.8 1.3
36.9 1.6
37.9 2.1
36.3 2.2
36.4 1.5
32.2 1.3
31.1 1.3
31.1 1.5
32.4 1.3
4.8 0.2
11.3 0.7
23.3 0.8
23.7 1.1
29.9 1.2
23.3 1.3
26.3 1.8
28.7 1.3
24.1 1.9
25.2 1.9
25.2 1.6
28.5 2.0
24.7 0.2
34.0 0.0
34.6 0.9
34.3 0.5
30.5 0.6
28.7 1.0
26.3 0.7
23.7 1.3
25.4 1.2
26.1 1.2
26.1 1.9
28.9 1.6
9.5 0.3
18.0 0.6
22.0 0.7
23.9 0.9
20.8 0.0
19.3 0.3
6.7 0.1
6.3 0.0
22.1 0.0
34.9 0.1
37.1 0.1
37.5 0.0
39.6 0.0
36.3 0.0
37.7 0.0
36.2 0.5
35.4 0.5
35.4 0.0
30.6 0.3
8.1 0.0
4.0 0.0
13.7 0.0
14.8 0.0
15.0 0.0
12.6 0.0
9.5 0.0
9.7 0.0
17.7 0.0
17.7 0.0
11.3 0.0
11.3 0.0
15.6 0.0
10.2 0.0
3.5 0.0
16.3 0.9
21.4 1.3
32.1 1.1
15.6 0.0
14.6 0.0
14.7 0.0
7.0 0.1
7.8 0.1
5.8 0.5
10.5 0.7
20.3 0.7
19.8 0.8
20.6 1.3
25.2 1.3
25.1 1.2
23.9 1.5
31.4 1.5
35.0 1.2
35.7 1.1
33.3 1.1
28.7 0.7
29.9 0.5
27.1 0.5
27.1 0.1
11.0 0.0
25.3 0.0
16.0 0.0
12.1 0.1
27.5 0.3
32.2 0.1
30.0 0.1
22.0 0.3
24.8 0.4
14.2 0.0
7.1 0.0
8.7 0.0
8.8 0.4
11.4 0.3
9.9 0.8
20.7 0.9
19.1 1.2
23.7 0.7
23.8 0.0
8.7 0.6
17.8 0.6
17.4 0.5
14.8 1.2
17.9 0.6
12.6 0.6
14.9 0.2
13.8 0.3
18.5 0.1
5.8 0.0
8.8 0.0
11.9 0.0
18.4 0.4
10.0 0.8
13.5 0.2
8.5 0.6
11.8 0.5
15.1 1.4
20.6 0.8
18.3 1.0
18.0 1.5
24.6 1.4
22.9 1.6
32.3 1.6
35.6 0.9
23.8 1.1
24.6 2.0
25.9 2.2
27.4 2.3
30.7 1.9
21.7 1.9
21.7 0.9
20.3 1.0
28.5 0.9
27.0 1.7
37.0 1.1
37.3 0.8
39.7 1.1
39.9 0.8
37.3 1.1
35.8 0.9
34.7 1.2
35.4 1.2
35.4 1.1
34.0 1.4
17.7 0.4
16.5 2.0
30.4 1.4
23.9 1.3
19.1 1.8
27.8 1.6
26.2 1.2
19.5 0.4
8.3 0.7
6.9 0.0
8.9 0.0
9.9 0.0
16.8 0.0
16.9 0.0
13.4 0.0
11.1 0.0
7.9 0.0
9.6 0.0
9.6 0.0
12.8 0.0
7.6 0.4
11.5 0.0
4.1 0.0
10.7 0.0
13.0 0.0
13.5 0.0
13.9 0.0
13.0 0.0
20.1 0.3
8.7 0.1
17.5 0.4
25.5 0.3
21.8 0.5
24.3 1.7
34.2 1.7
32.1 1.5
29.7 2.4
36.2 1.9
34.5 1.9
34.5 2.8
37.0 3.2
18.0 0.0
20.8 0.0
30.1 0.0
27.8 0.1
34.3 0.1
32.8 0.2
30.4 1.0
33.5 1.1
32.7 1.1
32.7 0.9
32.7 1.1
8.8 0.0
10.1 0.0
3.9 0.0
5.5 1.0
7.5 1.7
16.4 0.4
6.7 0.9
7.2 2.5
18.9 1.8
20.3 1.0
10.0 0.5
5.6 0.5
5.6 0.7
4.4 0.1
7.4 0.0
4.1 0.0
6.5 0.0
33.4 1.6
32.1 1.2
33.0 1.3
28.3 1.2
29.0 1.0
11.4 0.0
14.4 0.0
17.5 0.0
11.8 0.0
9.7 1.1
22.3 0.8
14.6 0.4
8.9 0.3
14.8 0.5
8.1 1.0
17.4 1.4
22.0 1.5
25.6 1.7
27.2 2.1
30.5 2.1
28.2 2.6
30.9 2.6
30.9 2.7
28.0 2.6
3.3 0.3
4.9 0.5
12.9 0.2
8.7 0.5
15.3 0.5
23.5 0.1
29.9 0.2
33.0 0.2
36.6 0.1
37.2 0.2
36.9 0.3
37.4 0.9
33.3 0.4
29.7 0.4
29.7 0.9
35.2 0.7
35.4 1.0
37.7 1.1
37.2 1.1
37.2 0.8
12.2 0.4
20.8 0.4
22.0 0.5
28.6 0.4
25.9 0.7
21.8 1.3
27.5 0.8
26.0 0.5
18.8 0.5
18.8 0.6
23.4 0.7
6.0 0.0
4.8 0.0
12.4 0.0
6.2 0.0
18.7 0.0
20.1 0.0
19.7 0.0
16.4 0.0
12.2 0.0
13.4 0.0
18.0 0.0
27.5 0.0
22.6 0.0
21.0 0.0
18.8 0.1
7.9 0.4
12.8 0.0
16.6 1.0
16.1 0.2
6.0 0.4
12.1 0.7
14.9 0.1
18.7 0.0
12.1 0.0
11.4 0.0
11.1 0.0
15.4 0.0
12.9 0.6
16.7 1.3
27.1 1.5
33.7 1.4
33.6 1.1
36.0 1.8
35.0 1.5
32.1 1.5
32.1 1.3
33.4 1.0
14.8 0.7
4.3 0.2
20.8 0.0
16.1 0.0
16.5 0.0
19.5 0.0
21.1 0.0
9.1 0.0
5.6 0.0
8.3 0.0
8.3 0.0
5.1 0.0
7.3 1.2
21.0 0.9
17.0 1.7
24.5 1.6
29.8 1.1
25.8 1.6
25.2 1.4
22.4 1.4
22.4 1.3
24.6 1.4
22.8 0.3
20.5 1.0
30.3 0.4
21.9 0.6
21.8 1.1
24.4 0.7
32.2 0.8
26.1 0.8
26.1 0.7
20.4 0.3
11.9 1.4
25.0 2.5
35.6 1.2
19.6 1.3
33.4 0.6
35.7 1.6
33.3 0.4
26.9 1.2
25.1 2.0
31.1 1.8
31.7 1.8
26.1 1.1
30.6 1.0
32.1 1.0
35.5 1.0
35.1 1.3
34.5 1.4
33.5 1.5
31.8 1.5
31.8 1.4
31.4 2.5
24.4 2.0
24.4 0.9
15.4 1.5
13.9 1.4
17.4 0.5
13.6 0.0
8.5 0.0
13.6 0.0
21.5 0.0
17.3 0.0
29.5 0.0
23.4 0.0
31.3 0.1
24.4 0.0
12.2 0.0
19.0 0.4
17.0 1.5
24.3 1.3
26.1 1.2
31.1 1.3
27.5 1.1
23.4 1.0
23.8 1.0
23.8 1.2
25.9 1.2
34.6 1.3
39.0 1.6
39.5 1.9
38.9 2.0
38.6 1.7
38.5 2.4
38.5 2.4
33.8 2.4
33.8 2.6
35.8 1.9
7.8 0.0
7.4 0.0
8.3 0.0
8.6 0.0
11.3 0.3
6.8 0.0
12.6 0.0
13.4 0.0
25.4 0.0
32.0 0.0
30.8 0.0
32.8 0.0
29.9 0.0
29.9 0.0
30.1 0.0
10.0 0.0
12.8 0.0
9.7 0.0
13.0 0.0
16.6 0.0
12.2 0.0
28.2 1.2
36.8 1.3
37.1 0.9
13.1 0.5
29.3 0.4
26.4 0.1
21.2 0.1
24.9 0.4
27.2 1.6
30.9 0.8
17.5 0.8
17.5 0.7
18.2 0.5
31.4 0.0
33.5 0.0
35.1 0.0
35.1 0.0
31.6 0.0
37.2 0.1
33.0 0.1
30.5 0.1
30.5 1.1
32.1 1.3
25.0 0.8
23.3 0.3
31.8 0.0
17.7 0.1
16.9 0.0
21.3 0.0
30.9 0.0
26.4 0.0
24.4 0.0
23.2 0.0
12.9 0.0
17.0 0.0
17.0 0.2
15.4 0.2
10.2 0.2
9.0 0.1
9.9 0.0
26.2 0.0
6.0 0.0
14.6 0.0
17.6 0.0
3.5 0.0
8.5 0.2
12.5 0.3
22.2 0.1
14.4 0.4
22.2 1.3
30.3 0.5
17.4 0.5
17.4 0.3
14.2 0.6
27.8 0.8
25.9 0.5
17.2 0.6
17.7 0.3
3.1 0.0
20.7 0.0
24.2 0.0
30.1 0.0
32.8 0.0
30.4 0.0
36.8 0.0
35.3 0.0
30.6 0.0
30.6 0.0
21.9 0.0
9.1 0.4
8.7 0.3
6.3 0.3
7.8 0.0
24.7 0.0
30.3 0.0
32.6 0.0
32.6 0.0
31.3 0.0
26.6 0.0
17.1 0.1
20.5 0.1
20.5 0.9
21.5 0.5
26.5 0.1
27.5 0.0
21.1 0.0
26.3 0.7
26.7 0.5
27.1 0.4
26.7 0.3
18.6 0.3
18.6 0.4
20.3 0.4
3.7 0.0
19.0 0.3
31.9 0.2
34.2 0.4
31.2 0.6
29.9 0.7
28.6 0.3
26.7 0.8
26.4 0.8
26.4 0.3
22.0 0.5
27.3 0.3
37.4 0.1
27.7 0.1
8.0 0.3
9.4 0.1
11.5 0.6
24.5 0.7
27.5 0.5
13.3 1.4
23.7 1.1
19.0 0.8
18.9 1.2
24.9 1.2
24.9 0.4
19.9 0.5
4.2 0.0
5.1 0.0
3.6 0.2
17.5 0.0
11.1 0.0
9.9 0.0
11.2 0.0
14.3 0.0
12.8 0.0
15.4 0.7
22.4 0.9
19.2 1.6
31.8 1.7
27.9 1.3
23.9 2.1
28.3 2.0
23.8 2.0
23.8 1.4
19.1 2.8
21.0 0.7
34.4 0.7
32.0 0.1
26.0 0.0
27.9 0.0
34.6 1.1
34.4 0.5
32.0 0.5
32.0 0.1
33.0 0.6
5.9 0.0
5.0 0.4
12.1 0.0
19.9 1.2
14.5 2.1
22.3 2.7
32.2 2.6
30.9 3.0
36.1 2.0
27.5 2.0
27.5 2.0
30.4 2.8
19.3 0.0
14.3 0.0
26.5 0.9
18.4 1.4
33.6 1.3
29.3 0.9
16.1 1.9
27.3 1.0
24.0 1.0
24.0 1.1
19.0 1.2
18.4 1.5
24.8 1.5
31.5 1.8
30.4 2.3
38.5 1.8
36.0 1.4
33.5 1.4
33.5 2.0
35.0 1.8
12.4 0.4
17.6 0.7
21.1 1.4
22.7 0.9
22.1 1.1
23.4 0.5
22.3 0.5
22.3 1.9
28.9 0.7
24.8 0.4
29.8 0.8
32.3 0.8
23.1 0.6
20.7 0.4
15.1 0.3
21.0 0.3
21.0 0.2
18.2 0.3
13.7 0.6
32.0 1.0
24.8 1.2
22.6 1.6
28.5 1.6
26.9 1.2
29.8 0.9
29.6 0.9
29.6 0.8
2.0 0.0
7.1 0.0
13.3 0.2
25.8 0.3
13.2 0.9
18.0 0.8
17.6 1.0
26.5 1.1
33.5 1.6
35.1 1.2
33.8 1.2
33.8 0.9
32.8 1.6
25.6 1.6
23.2 1.5
23.3 1.3
14.7 2.3
33.9 1.7
33.9 1.4
31.4 1.9
30.7 0.0
35.8 0.0
31.9 0.0
36.5 0.0
35.0 0.0
33.4 0.0
33.2 0.0
33.2 0.0
34.4 1.4
1.3 0.0
34.3 1.9
36.0 1.9
37.7 1.1
34.4 1.3
30.1 1.6
32.1 2.3
33.1 2.3
33.1 2.5
32.9 3.3
13.2 0.9
21.4 0.7
16.3 0.5
6.3 0.0
6.7 0.0
5.4 0.0
5.9 0.0
10.3 0.0
14.4 0.0
25.1 0.0
27.7 0.0
29.8 0.0
28.7 0.0
29.7 0.0
25.3 0.0
25.3 0.0
23.2 0.0
11.4 0.0
20.9 0.0
28.2 0.0
23.0 0.0
29.0 0.0
26.9 0.0
19.3 0.0
19.3 0.0
16.5 1.0
29.2 1.0
28.3 1.1
25.5 1.7
34.5 1.3
32.0 1.6
29.5 1.6
29.5 1.7
34.1 1.9
5.8 0.0
8.4 0.0
4.4 0.1
3.2 0.0
14.5 0.0
16.2 0.0
25.6 0.0
27.2 0.0
24.5 0.0
35.0 0.0
34.4 0.0
34.4 0.0
33.7 0.0
11.8 0.0
4.8 0.0
8.7 0.0
16.5 0.0
22.4 0.0
16.9 0.0
16.6 0.0
16.6 0.0
19.0 0.0
25.2 1.1
33.5 0.9
21.3 1.5
30.3 0.7
24.9 0.9
25.0 1.2
30.6 1.2
30.6 1.0
29.5 1.4
30.5 0.0
36.9 0.0
35.2 0.0
27.2 0.0
30.4 0.0
31.4 0.0
29.2 0.0
29.2 0.0
33.7 1.8
10.2 0.0
19.3 0.0
14.8 0.0
14.0 0.0
26.0 0.0
31.7 0.0
27.8 0.0
27.8 0.0
27.1 0.0
25.3 0.6
28.6 1.2
35.8 1.9
39.0 1.1
34.3 2.5
36.3 1.9
33.8 1.9
33.8 2.1
31.5 2.4
8.1 0.9
21.7 0.8
10.4 1.7
23.0 1.4
16.9 1.0
14.7 0.3
8.6 0.3
38.0 1.7
38.0 1.4
26.3 1.5
26.8 1.7
35.5 1.6
25.9 1.4
23.9 1.4
23.9 1.3
25.8 0.1
25.6 0.0
26.5 0.0
23.5 0.2
22.9 0.1
15.7 0.9
28.6 0.9
28.6 0.2
17.0 0.5
15.2 0.0
16.1 0.0
27.8 0.0
25.2 0.0
18.1 0.0
15.8 0.0
11.1 0.0
11.1 0.0
10.9 0.0
22.6 2.0
29.2 1.9
32.0 1.7
26.4 0.4
9.3 1.2
18.8 1.9
24.4 1.9
24.4 1.2
13.6 0.8
21.5 0.0
17.9 0.0
22.7 0.0
14.8 0.0
15.2 0.0
8.4 0.4
37.0 0.2
36.8 1.6
37.4 1.4
24.0 1.5
30.4 1.4
26.2 1.5
26.4 0.0
12.5 0.4
11.0 0.1
8.2 0.1
8.2 0.9
14.7 0.9
16.0 0.0
16.4 0.0
11.5 0.0
22.4 0.0
16.5 0.1
12.4 0.1
15.9 0.1
15.9 0.3
11.6 1.3
28.1 0.0
31.4 0.0
23.3 0.0
25.9 0.0
27.9 0.0
24.5 0.0
24.6 0.0
24.6 0.1
10.9 1.1
31.0 0.7
21.0 0.5
17.3 0.7
15.5 1.6
20.3 1.4
18.8 1.4
18.8 1.4
18.6 1.4
12.4 0.2
7.4 1.4
21.9 1.0
12.9 1.1
20.8 0.6
12.0 0.6
4.6 0.0
19.8 0.3
32.5 0.3
34.3 0.4
34.7 0.9
35.3 1.2
34.9 1.5
30.7 1.3
34.4 1.3
34.4 1.3
34.4 2.5
18.6 0.0
8.5 0.0
14.6 0.0
18.9 0.0
7.2 0.0
2.0 0.6
13.7 0.5
14.1 0.2
12.5 0.9
17.7 0.7
21.7 0.5
18.2 0.0
21.4 0.0
21.3 0.0
14.0 0.0
15.6 0.0
6.2 0.0
6.2 0.0
12.6 0.0
10.7 0.0
9.4 0.1
11.8 0.1
20.1 1.1
22.3 1.5
22.4 1.1
22.1 1.0
18.3 0.8
19.2 0.8
19.2 0.4
11.2 0.0
4.2 0.3
14.5 0.3
16.8 1.3
32.1 1.7
31.3 1.7
31.3 1.8
30.2 1.5
25.1 1.3
24.0 0.8
20.6 0.6
11.7 0.9
18.1 0.5
21.1 0.5
21.1 1.6
27.2 0.4
7.5 0.0
11.0 0.0
12.4 0.6
23.1 0.8
14.2 0.4
9.3 0.4
27.8 0.5
29.9 0.6
31.3 0.6
29.3 0.9
25.9 1.3
34.8 1.3
34.8 1.2
30.0 1.1
11.2 0.0
21.0 0.0
17.6 0.0
25.1 0.0
20.2 0.0
25.0 0.0
25.0 0.7
24.6 1.1
36.2 2.0
33.6 2.1
28.2 3.5
38.2 3.3
36.5 3.6
32.7 3.6
32.7 5.1
34.2 4.1
13.3 1.0
20.1 0.3
14.7 0.7
12.3 0.5
6.7 0.7
10.1 0.7
21.6 0.1
34.8 0.4
35.0 0.4
36.7 0.8
38.2 0.4
35.0 0.4
35.0 0.6
35.9 0.4
19.4 1.8
24.3 0.7
17.3 1.2
18.2 0.6
13.2 0.4
14.8 0.4
14.8 1.3
20.7 0.3
18.2 0.8
19.0 0.7
19.1 1.2
21.3 0.6
8.7 1.4
25.8 1.4
25.8 1.3
21.3 2.4
37.2 0.8
37.0 0.3
34.3 0.7
31.0 0.3
28.2 0.9
34.1 0.9
34.1 1.3
30.6 1.1
28.9 0.6
18.5 0.3
6.8 0.4
12.5 0.5
16.5 0.3
20.0 0.7
29.0 0.8
31.0 0.3
15.7 0.2
12.3 0.2
12.3 0.2
22.4 0.0
26.9 0.0
21.8 0.0
20.4 0.0
22.4 0.0
28.7 0.0
27.3 0.0
27.3 0.0
26.5 0.0
5.8 0.9
11.5 1.5
23.1 2.2
27.5 1.9
24.3 2.4
28.5 2.4
28.5 1.5
26.1 1.7
17.6 0.0
21.9 0.0
21.8 0.0
16.9 0.0
15.3 0.0
14.3 0.0
14.3 0.0
22.9 1.4
26.7 1.8
31.4 2.3
38.3 2.4
38.0 2.6
36.8 2.6
36.8 2.9
38.1 3.2
8.3 0.1
24.4 0.2
33.3 0.5
31.4 0.5
32.0 0.6
28.9 0.6
28.9 0.7
19.9 0.8
13.3 0.0
15.6 0.0
14.1 0.0
15.8 0.0
20.8 0.0
26.8 0.0
26.8 0.0
20.7 0.0
24.2 1.0
35.4 1.0
33.8 1.2
37.5 0.9
33.6 1.3
32.6 1.3
32.6 1.3
28.2 1.5
5.2 0.4
6.6 1.0
18.1 0.0
27.0 0.0
27.2 0.3
31.1 0.3
32.9 1.2
33.1 1.2
33.1 0.8
32.1 1.6
5.2 0.1
32.6 1.6
34.4 2.0
35.3 2.2
36.2 1.9
34.1 1.9
28.6 1.9
28.6 1.1
18.1 1.0
11.6 0.2
21.6 0.3
25.2 0.0
16.3 0.4
18.4 0.2
19.6 0.2
19.6 0.4
16.2 1.1
20.3 0.9
26.3 1.2
34.8 1.2
34.4 1.2
35.8 0.9
35.5 0.9
35.5 0.5
21.4 0.5
24.7 1.9
33.6 2.0
33.8 2.4
34.8 2.5
33.9 2.9
33.7 2.9
33.7 2.4
33.9 2.4
15.7 0.5
14.6 0.7
15.2 0.5
15.0 0.4
12.0 1.9
27.9 1.5
24.9 1.6
21.3 2.1
33.2 1.2
24.4 1.2
24.4 1.3
14.3 1.6
3.8 0.7
12.2 1.5
16.3 0.9
11.3 1.7
18.9 1.2
4.2 0.0
6.5 0.2
22.5 1.2
26.9 0.7
15.4 0.8
15.9 0.6
12.9 1.2
22.4 0.2
3.5 0.6
12.5 0.6
9.2 0.4
9.0 0.3
13.9 0.0
9.8 0.4
10.1 0.3
13.8 0.8
33.1 1.1
32.9 0.9
32.2 1.0
30.5 1.0
30.5 1.4
28.5 1.1
12.4 0.4
13.0 0.0
7.9 0.0
7.0 0.0
11.7 0.0
25.6 1.2
24.3 2.1
34.9 2.0
24.0 1.5
24.2 1.1
15.0 1.1
15.0 1.5
18.2 0.8
32.6 1.3
20.3 1.0
22.6 0.6
9.5 0.3
5.7 0.2
5.3 0.2
22.6 0.3
13.8 0.5
18.3 0.2
16.5 0.2
20.2 0.1
10.7 0.3
8.5 0.0
7.9 0.0
13.7 0.0
18.1 0.0
12.6 0.0
4.9 0.0
7.9 0.0
6.7 0.0
8.6 0.0
7.2 0.0
16.0 0.0
16.0 0.0
13.3 0.0
17.9 0.2
22.4 0.1
27.2 0.2
25.6 0.5
18.5 0.5
18.5 1.5
28.5 1.1
11.0 0.4
11.8 0.5
10.3 1.4
12.1 0.0
14.7 0.0
30.0 0.0
20.2 0.0
26.1 0.0
26.1 0.0
17.3 0.0
5.7 1.1
13.4 1.0
11.8 1.3
17.5 0.9
13.2 0.9
13.2 0.9
18.0 1.3
22.7 0.2
11.6 0.4
20.4 1.2
32.9 1.1
34.6 1.1
34.6 1.5
34.2 1.6
16.4 0.0
25.2 0.0
18.5 0.0
21.6 0.4
19.8 0.4
19.8 0.2
20.7 0.4
11.0 0.2
5.2 0.3
21.4 0.8
28.7 1.3
30.9 1.6
31.5 1.6
31.5 1.9
33.4 2.0
28.5 0.0
30.5 0.1
30.5 0.0
32.4 0.0
34.1 0.0
34.1 1.1
34.6 1.8
24.5 1.2
27.4 1.2
24.4 1.1
24.6 0.0
23.2 0.0
20.1 0.0
15.2 0.0
23.3 0.0
23.3 0.0
20.8 0.0
5.9 0.0
16.5 0.3
14.5 0.0
9.4 0.0
7.5 0.0
5.8 0.0
18.3 0.1
7.0 0.1
7.0 0.1
21.5 0.1
19.7 0.0
21.2 0.0
23.2 0.0
30.2 0.0
30.8 0.0
30.8 0.0
32.0 0.1
31.0 0.5
28.7 0.0
20.3 0.0
10.7 0.0
8.3 0.0
12.6 0.6
20.7 1.4
29.7 2.2
37.6 2.3
36.2 1.5
15.2 1.5
15.2 2.6
34.8 2.6
38.0 0.0
36.2 0.1
32.5 0.2
35.8 0.1
35.2 0.1
35.2 0.2
33.4 0.6
13.1 0.2
17.3 0.5
16.9 0.8
30.5 1.4
29.2 1.1
36.4 1.6
34.4 1.6
34.4 1.8
36.2 2.0
10.0 0.2
5.4 0.0
13.9 0.2
16.9 0.1
12.5 0.7
21.1 0.0
9.6 0.0
16.1 0.0
24.3 0.0
0.0 0.0
7.3 0.1
9.9 0.0
6.5 0.0
9.5 1.1
19.7 1.0
18.1 1.0
18.1 0.4
26.2 0.8
22.6 1.0
19.1 1.3
28.4 1.2
29.5 1.2
29.5 1.3
20.8 0.4
7.5 0.0
8.1 0.0
9.8 0.7
26.9 1.1
32.2 1.2
28.9 0.9
25.8 0.9
25.8 1.0
26.3 1.6
27.8 0.0
31.5 0.0
33.2 0.0
32.8 0.0
31.0 0.0
31.0 0.0
29.3 0.0
11.6 0.0
15.6 0.0
8.9 0.0
21.6 0.0
25.2 0.0
25.2 0.0
17.4 0.0
5.0 0.0
21.1 1.5
21.5 1.3
21.8 1.3
21.4 0.9
22.1 0.9
22.1 1.0
20.2 0.0
11.9 0.3
16.7 0.0
23.2 0.7
25.0 0.8
23.6 1.3
26.6 1.3
26.6 1.3
25.6 1.4
13.6 0.0
26.9 0.0
31.6 0.0
30.8 0.0
26.3 0.0
26.3 0.0
5.5 0.0
8.6 0.0
2.9 0.0
11.1 0.3
15.7 1.0
21.1 0.7
18.0 1.2
23.9 1.2
18.9 0.0
15.3 0.0
14.5 0.0
12.4 0.0
27.3 0.0
25.4 0.0
21.7 0.0
10.9 0.0
20.6 0.0
21.8 0.0
10.9 0.0
15.6 0.0
15.6 0.0
11.0 0.0
10.3 0.1
9.0 0.2
9.9 0.0
14.4 0.3
15.1 0.3
15.1 0.7
29.1 0.3
12.3 0.0
19.0 0.0
24.7 0.0
21.5 0.0
19.8 0.0
19.8 0.0
16.1 0.3
9.6 0.1
10.5 0.8
29.2 1.1
35.3 0.3
25.8 0.3
25.8 0.4
19.9 0.3
23.0 0.2
26.4 0.7
35.3 0.6
30.3 0.4
27.6 0.4
27.6 0.2
28.0 0.5
17.8 0.0
21.1 0.0
17.3 0.0
19.1 0.0
3.9 0.0
10.4 0.0
12.3 0.7
25.8 1.1
34.4 1.4
22.5 1.6
24.3 1.6
24.3 0.8
20.0 0.3
37.8 0.0
36.2 0.2
32.7 1.3
36.3 0.8
35.9 0.8
35.9 1.5
36.2 1.1
2.0 0.0
15.2 0.0
21.1 0.0
16.5 0.0
17.0 0.0
17.0 0.0
20.2 0.0
20.1 0.0
13.3 0.0
23.1 0.0
27.3 0.0
13.9 0.0
19.4 0.0
19.4 0.0
22.0 0.0
29.4 0.2
12.5 0.4
15.9 0.5
17.8 0.6
28.1 1.0
33.3 1.0
33.3 1.0
25.7 0.6
8.5 0.5
26.0 1.0
38.7 1.1
38.7 1.1
38.7 1.0
36.9 1.2
19.4 0.4
19.9 0.7
24.6 0.7
24.4 0.7
24.4 0.7
26.6 0.2
15.2 0.0
22.5 0.0
28.1 0.0
27.2 0.0
27.8 0.0
27.8 0.0
25.3 0.0
18.6 0.9
14.0 0.8
10.6 0.2
10.2 0.2
10.2 0.2
10.5 0.0
9.9 0.7
9.9 1.2
17.0 0.7
8.7 0.7
8.7 1.2
14.6 0.2
5.2 0.4
14.5 0.0
11.4 0.6
23.6 0.5
30.3 1.3
34.8 1.3
34.8 1.1
33.1 1.3
11.1 0.2
5.9 0.0
30.5 1.8
34.7 1.7
35.2 2.1
36.4 2.1
36.4 1.6
31.5 2.5
11.1 0.3
14.2 1.0
28.5 0.9
29.5 0.9
29.5 1.5
30.7 1.3
17.5 0.0
16.7 0.0
9.2 0.2
13.9 0.2
13.8 0.2
18.3 0.2
18.3 0.4
25.6 0.6
13.2 0.0
15.4 0.0
26.7 0.2
28.5 0.2
28.5 0.1
21.0 0.1
32.3 1.6
31.5 1.5
33.3 2.0
32.3 2.0
32.3 2.3
36.0 0.8
12.8 0.5
24.0 1.1
31.2 1.0
29.1 1.0
31.8 1.0
31.8 1.8
33.1 2.0
12.1 0.0
6.7 0.5
13.1 0.1
13.1 0.1
13.1 0.6
18.7 0.7
6.8 0.2
7.4 0.0
12.2 0.6
13.4 0.8
20.4 0.7
15.1 0.7
15.1 0.8
20.3 0.7
8.7 0.9
22.4 0.7
19.1 0.2
9.0 0.2
9.0 0.8
21.4 1.1
8.9 0.5
14.2 0.4
11.6 0.2
7.9 0.2
7.4 1.1
19.8 1.2
22.0 1.4
25.2 1.4
25.2 1.4
35.7 1.5
19.5 0.5
22.4 0.4
26.6 0.7
31.5 0.7
31.5 0.7
25.5 0.9
11.7 0.0
8.0 0.0
9.6 0.6
28.6 2.0
36.3 1.8
37.6 2.0
33.1 2.0
33.1 1.7
29.5 0.7
34.2 0.5
29.7 0.5
32.2 0.6
31.5 0.6
31.5 0.8
30.6 0.8
8.5 0.1
28.9 1.1
22.1 1.0
26.5 1.1
24.9 1.1
24.9 0.8
24.4 1.2
21.7 0.1
16.2 0.3
20.3 0.3
11.4 0.2
8.2 0.8
20.9 0.8
20.9 0.6
8.6 0.0
15.9 0.0
9.1 0.0
8.6 0.0
8.6 0.0
12.3 0.2
13.9 0.0
15.9 0.0
18.3 0.0
3.9 0.0
8.1 0.0
7.0 0.1
25.5 1.5
26.9 1.8
34.7 1.9
25.8 1.9
25.8 2.0
32.2 3.2
15.0 0.0
10.9 0.0
8.4 0.1
24.0 0.1
24.0 0.7
22.3 0.8
5.0 0.0
4.8 0.1
7.9 0.0
11.4 0.0
24.4 2.6
35.8 2.8
35.4 3.1
31.9 3.1
31.9 3.5
33.3 3.4
23.7 0.0
31.3 0.0
31.6 0.0
26.8 0.0
26.8 0.0
27.7 0.0
13.5 0.0
3.2 0.0
18.9 0.0
11.8 0.0
15.9 0.0
33.2 0.0
31.8 0.0
34.2 0.0
34.2 0.0
31.3 0.3
27.2 1.3
34.9 1.5
35.8 1.4
34.2 1.4
34.2 2.2
35.6 3.0
21.5 0.8
24.6 0.3
23.3 0.7
19.8 0.7
19.8 0.6
17.9 0.6
7.8 0.0
1.3 0.0
11.8 0.1
13.4 0.3
18.9 0.3
18.9 0.3
14.8 1.0
25.4 0.8
28.3 1.1
28.3 1.1
28.3 1.2
30.9 1.0
12.2 0.2
9.4 0.4
16.9 0.4
16.9 1.4
28.7 1.5
8.8 0.0
9.3 0.0
16.0 0.0
16.0 0.0
15.2 0.0
4.4 0.6
13.6 0.6
17.7 0.6
17.7 1.5
27.8 1.3
31.2 1.9
34.7 1.7
33.4 1.7
33.4 1.9
31.1 2.9
17.4 1.6
31.3 2.1
30.8 2.1
30.8 1.7
28.7 1.6
16.6 0.1
8.8 0.6
7.6 0.6
15.4 0.8
6.5 1.0
16.6 1.0
16.6 0.4
17.3 0.6
16.1 0.7
20.1 0.7
20.1 1.7
31.6 2.2
3.3 0.1
6.2 0.2
4.7 0.2
4.7 0.3
28.8 0.0
35.2 0.0
36.1 0.0
36.1 0.6
35.5 0.5
12.8 0.4
20.7 0.0
32.3 0.0
30.5 0.0
30.5 0.0
32.9 0.0
11.3 1.2
19.8 1.5
28.6 1.5
28.6 2.0
32.5 1.9
9.4 0.0
14.0 0.0
12.9 0.0
7.8 0.5
13.4 0.7
21.9 1.4
31.5 1.4
31.5 1.2
34.7 1.1
26.0 0.7
24.4 0.2
15.0 0.2
15.0 0.5
18.7 0.9
13.1 0.0
26.5 0.0
18.3 0.0
18.3 0.0
16.8 0.0
9.9 0.0
4.9 0.0
9.9 0.0
14.8 0.3
12.2 0.9
12.4 0.9
12.4 0.4
11.2 0.3
12.1 0.2
1.5 0.0
7.4 0.4
12.3 0.3
14.7 0.3
14.5 0.4
27.3 0.4
26.9 0.4
26.9 0.5
20.9 0.4
26.0 0.0
24.2 0.0
28.9 0.0
28.9 0.4
29.3 0.0
9.0 0.0
12.3 0.7
6.4 1.1
19.7 0.8
13.5 0.8
13.5 0.8
18.6 0.7
17.5 0.0
8.9 0.9
15.4 0.9
15.4 1.4
21.9 1.0
38.6 2.7
35.8 2.4
35.7 2.4
35.7 3.1
35.7 2.9
14.6 1.3
29.0 0.6
14.9 0.6
14.9 0.5
17.6 1.5
30.0 1.4
30.1 1.4
30.1 1.8
36.1 1.6
13.3 0.6
16.1 0.0
8.6 0.0
3.7 0.6
15.2 0.3
11.9 0.3
12.2 0.3
15.4 0.7
28.7 0.7
28.7 0.4
14.8 0.3
11.5 0.0
16.7 0.4
15.4 0.3
12.3 0.3
12.3 0.7
14.7 0.1
11.2 0.0
17.2 0.2
16.2 0.2
16.2 0.1
11.8 0.0
3.9 0.0
24.6 0.0
16.4 0.0
16.4 0.0
14.3 0.0
16.2 1.0
19.4 0.9
17.9 0.9
17.9 0.5
23.2 0.5
19.4 0.5
20.6 0.5
20.6 0.9
21.9 1.5
17.0 0.9
23.2 0.9
18.5 0.9
18.5 0.3
9.2 0.4
15.1 0.0
12.5 0.0
14.8 0.0
14.8 0.0
12.9 0.0
17.0 2.0
26.7 1.8
25.5 1.8
25.5 1.8
23.9 1.8
6.3 0.0
16.8 0.0
16.9 0.0
16.9 0.0
9.4 0.8
18.5 1.0
16.5 1.0
16.5 0.8
15.3 0.2
4.9 0.0
23.9 0.5
10.5 1.1
18.3 1.1
2.5 0.0
19.0 0.1
19.2 0.1
19.2 0.0
28.0 1.1
28.5 1.2
21.8 1.2
21.8 0.4
14.4 0.2
19.8 0.8
27.6 0.9
27.0 0.9
27.0 0.4
23.6 0.3
19.6 0.7
24.2 0.4
14.8 0.4
5.8 0.1
8.2 0.1
9.4 1.9
19.4 1.6
22.3 1.6
22.3 2.3
21.3 1.5
23.9 0.0
28.2 0.0
26.2 0.0
26.2 0.0
26.0 0.0
4.5 0.0
28.8 1.3
29.6 0.9
27.6 0.9
27.6 1.1
27.6 1.8
7.5 0.0
7.8 0.6
24.5 1.2
29.8 1.2
29.8 0.4
26.4 0.0
15.0 0.0
21.1 0.0
21.1 0.0
11.8 0.0
14.8 0.0
25.3 0.0
25.3 0.0
25.2 0.0
24.6 0.1
31.4 0.1
31.4 0.4
35.3 0.6
18.5 0.8
16.5 0.8
18.6 0.7
17.7 0.7
17.7 1.4
22.5 1.5
12.8 0.1
15.7 0.1
15.7 0.2
4.4 0.6
5.0 1.0
37.0 1.0
8.6 0.2
18.9 0.2
18.9 0.1
9.2 0.4
9.4 0.4
9.4 0.6
11.6 0.9
32.3 1.6
30.1 1.6
30.1 1.4
21.3 0.5
10.4 1.2
20.5 1.2
16.5 0.2
14.4 0.2
19.8 1.9
31.5 1.9
31.5 1.5
36.7 2.0
11.5 1.9
20.0 1.9
20.0 2.3
25.5 0.6
34.5 0.5
32.6 0.5
32.6 0.3
30.5 0.3
7.5 0.3
6.4 0.3
6.4 0.5
8.8 0.8
4.9 2.4
27.9 2.4
27.9 2.5
28.4 2.0
6.7 0.6
13.4 0.6
13.4 1.4
26.0 1.7
6.5 0.0
4.0 0.0
4.0 1.1
15.7 2.0
15.0 0.9
8.4 0.9
8.4 1.4
11.1 2.1
7.0 0.9
10.0 0.9
11.3 0.3
15.7 0.3
12.6 0.0
14.3 0.0
14.3 0.0
12.2 0.0
17.7 1.0
20.6 1.0
20.6 1.3
24.6 1.0
13.6 0.0
30.0 0.0
30.0 0.1
27.1 0.2
7.7 0.3
4.3 0.3
9.6 0.0
26.3 0.0
26.3 0.0
31.7 0.0
10.3 0.3
13.0 0.3
13.0 0.4
19.5 0.3
16.3 0.0
8.8 0.0
8.8 0.0
9.0 0.2
17.4 0.2
8.1 0.8
29.0 0.8
29.0 0.4
14.7 1.2
12.4 0.4
16.5 0.4
7.1 0.5
16.8 0.5
16.8 0.3
22.2 0.9
23.7 0.9
23.7 0.1
13.1 0.3
4.4 0.0
4.5 0.0
10.2 0.5
24.5 0.5
24.5 0.5
3.0 0.6
14.4 0.6
8.6 0.0
22.0 0.0
22.0 0.0
23.3 0.0
14.1 0.4
13.0 0.4
19.9 0.5
21.1 0.5
21.1 0.4
12.5 0.9
15.7 0.9
15.7 2.5
34.8 2.3
26.7 1.7
32.6 1.7
32.6 1.0
21.2 1.1
9.4 0.0
10.8 0.0
7.8 0.5
22.8 0.5
22.8 0.5
20.5 0.6
7.3 0.0
3.6 0.0
10.8 0.2
12.6 0.2
12.6 0.2
9.4 0.7
31.1 1.2
35.7 1.2
35.7 1.4
33.0 1.9
20.0 1.0
22.2 1.0
22.2 1.2
20.2 0.9
6.0 0.0
11.3 0.0
18.2 0.0
21.3 0.0
21.3 0.0
25.4 0.0
8.6 0.5
19.4 0.5
19.4 1.3
30.3 1.9
15.1 0.3
12.0 0.3
12.0 0.2
9.7 0.0
4.6 0.0
10.0 0.3
19.2 0.3
19.2 0.5
22.2 0.6
13.1 0.7
19.7 0.7
19.7 1.0
20.3 1.3
16.0 1.0
19.6 1.0
19.6 0.9
20.3 1.8
22.6 1.6
25.0 1.6
25.0 1.9
28.0 0.8
11.8 0.0
7.0 0.0
7.0 0.0
12.9 0.0
22.6 0.0
11.8 0.0
17.3 0.0
24.0 0.0
24.0 0.0
24.3 0.0
8.3 0.3
8.3 0.0
13.2 0.0
10.8 0.1
10.8 0.2
16.0 0.2
3.6 0.0
3.6 0.1
1.5 0.0
1.0 0.0
19.0 0.0
19.0 0.0
12.7 0.0
23.8 1.2
23.8 1.6
26.8 1.8
29.9 1.2
16.6 0.4
16.6 0.6
2.9 0.3
2.9 0.2
7.2 0.2
7.5 0.0
7.5 0.0
19.1 0.0
8.6 0.3
7.3 0.0
25.0 0.6
25.0 1.4
32.3 1.4
5.4 0.0
10.6 0.5
10.6 0.0
5.5 0.3
13.4 0.4
13.4 0.1
13.3 0.6
4.7 0.2
18.3 0.3
16.6 0.6
16.6 0.2
17.0 0.5
17.0 1.2
15.0 0.8
12.5 0.4
12.5 0.3
14.2 0.5
22.2 1.0
21.7 0.5
21.7 0.3
14.5 0.6
32.4 1.4
32.4 0.9
24.8 1.6
17.0 0.3
17.0 0.5
23.9 1.0
7.9 0.0
21.2 0.8
21.2 0.5
26.8 0.5
9.5 0.3
9.5 0.1
6.8 0.0
6.8 0.2
18.5 0.7
15.3 1.1
15.3 1.1
13.1 0.4
13.1 1.4
32.1 1.9
9.7 0.6
9.7 0.2
3.0 1.6
21.3 1.2
21.3 2.0
32.2 1.9
21.2 0.9
21.2 1.0
15.3 1.5
10.6 0.0
10.6 0.0
6.4 0.1
9.4 0.2
18.8 0.6
18.8 0.8
24.0 1.3
18.0 1.0
18.0 1.3
19.9 1.5
2.8 0.0
11.2 0.1
11.2 0.2
17.6 0.5
24.7 0.7
24.7 1.5
28.0 2.6
6.0 0.0
13.0 0.3
13.0 0.3
9.1 0.0
9.1 0.0
6.4 0.0
21.8 0.7
21.8 0.2
6.4 0.4
8.9 0.4
8.9 1.4
23.0 1.2
15.2 0.0
15.2 0.0
6.0 0.2
19.7 0.6
19.7 0.1
8.7 0.0
20.2 1.2
20.2 2.0
24.9 1.8
0.7 0.0
0.7 0.0
19.8 0.8
19.8 0.6
10.9 0.6
30.8 0.0
30.8 0.0
29.3 0.0
3.8 0.0
3.8 0.0
7.8 0.1
17.8 0.0
17.8 0.0
17.1 0.0
10.8 0.0
10.8 0.0
13.0 0.3
18.5 0.7
18.5 0.4
29.5 0.2
29.5 0.1
31.7 1.3
23.1 0.0
23.1 0.2
9.3 0.2
30.4 0.1
30.4 0.4
29.4 0.5
8.1 0.1
8.1 0.0
14.4 0.3
14.0 0.0
14.0 0.1
28.2 0.2
15.4 1.0
15.4 0.5
8.4 0.4
15.3 0.4
15.3 0.2
27.0 1.4
27.0 1.0
27.3 1.2
5.4 0.2
5.4 0.1
15.4 0.7
15.4 1.5
24.8 1.7
11.0 0.3
6.6 0.0
6.6 0.0
2.6 0.0
10.4 0.2
10.4 0.1
15.1 0.1
15.4 0.1
15.4 0.6
22.8 0.4
3.5 0.0
13.2 0.2
5.4 0.1
5.4 0.0
36.2 0.5
36.2 0.7
35.1 1.3
4.8 0.3
4.8 0.4
7.3 0.1
10.7 0.5
10.7 0.2
6.9 0.4
15.7 1.5
20.5 1.8
11.8 0.8
17.9 0.9
27.7 1.9
20.7 0.6
21.4 0.0
6.0 0.0
4.2 0.4
2.0 0.8
5.7 0.8
10.4 0.0
16.6 0.8
9.7 0.0
4.4 0.0
17.9 0.7
10.1 0.3
21.2 0.2
13.8 0.5
16.4 0.2
11.0 1.0
8.8 0.0
23.1 0.6
21.7 0.6
15.5 0.4
21.1 1.5
4.2 0.0
17.3 0.9
9.4 0.0
14.1 0.2
19.8 0.1
15.1 0.1
8.9 0.5
11.7 0.0
3.6 0.0
30.4 1.0
20.1 0.2
18.5 0.3
30.0 0.0
10.7 0.7
11.3 0.2
12.2 0.9
17.8 0.5
28.4 1.7
14.8 0.7
10.9 0.0
21.3 1.4
8.0 0.8
28.2 2.1
14.8 0.4
6.6 0.0
14.5 0.3
32.0 1.2
22.8 0.5
14.3 0.6
24.1 0.1
6.8 0.0
28.6 0.4
8.5 0.0
8.5 0.4
9.4 0.2
