1 	Mahmoud Abdul-Rauf 	PG 	28 	SAC 	31 	0 	530 	7.0 	18.5 	.377 	0.3 	2.1 	.161 	6.7 	16.4 	.405 	1.1 	1.1 	1.000 	0.4 	2.1 	2.5 	3.9 	1.1 	0.1 	1.3 	2.1 	15.4
2 	Tariq Abdul-Wahad 	SG 	23 	SAC 	59 	16 	959 	5.4 	13.4 	.403 	0.2 	0.7 	.211 	5.3 	12.7 	.414 	3.2 	4.7 	.672 	1.7 	2.7 	4.4 	1.9 	1.3 	0.5 	2.4 	3.0 	14.1
3 	Shareef Abdur-Rahim 	SF 	21 	VAN 	82 	82 	2950 	8.0 	16.4 	.485 	0.3 	0.6 	.412 	7.7 	15.8 	.488 	6.1 	7.8 	.784 	2.8 	4.3 	7.1 	2.6 	1.1 	0.9 	3.1 	2.5 	22.3
4 	Cory Alexander 	PG 	24 	TOT 	60 	22 	1298 	4.7 	11.1 	.428 	1.8 	4.9 	.375 	2.9 	6.2 	.469 	2.2 	2.8 	.784 	0.5 	3.6 	4.0 	5.8 	1.9 	0.3 	3.1 	2.7 	13.5
5 	Ray Allen 	SG 	22 	MIL 	82 	82 	3287 	6.2 	14.4 	.428 	1.5 	4.0 	.364 	4.7 	10.4 	.453 	3.7 	4.3 	.875 	1.4 	3.0 	4.4 	3.9 	1.2 	0.1 	2.9 	2.7 	17.5
6 	Derek Anderson 	SF 	23 	CLE 	66 	13 	1839 	4.7 	11.5 	.408 	0.3 	1.6 	.202 	4.3 	9.8 	.442 	5.4 	6.2 	.873 	1.1 	2.6 	3.7 	4.4 	1.7 	0.3 	2.5 	2.7 	15.1
7 	Greg Anderson 	C 	33 	ATL 	50 	0 	398 	3.3 	7.3 	.444 	0.0 	0.5 	.000 	3.3 	6.9 	.474 	1.4 	3.7 	.390 	3.5 	7.1 	10.7 	1.4 	1.7 	0.9 	1.5 	7.7 	8.0
8 	Kenny Anderson 	PG 	27 	TOT 	61 	56 	1858 	5.2 	13.1 	.398 	1.1 	3.1 	.356 	4.1 	10.0 	.411 	3.0 	3.8 	.789 	0.8 	2.6 	3.4 	6.7 	1.7 	0.0 	2.8 	2.6 	14.5
9 	Nick Anderson 	SF 	30 	ORL 	58 	44 	1701 	7.3 	16.0 	.455 	1.6 	4.5 	.360 	5.6 	11.4 	.493 	2.7 	4.2 	.638 	2.1 	4.2 	6.3 	2.5 	1.5 	0.5 	1.8 	2.1 	18.8
10 	Shandon Anderson 	SG 	24 	UTA 	82 	2 	1602 	6.0 	11.2 	.538 	0.2 	0.7 	.219 	5.9 	10.5 	.560 	3.1 	4.2 	.735 	1.9 	3.2 	5.1 	2.0 	1.5 	0.4 	2.0 	3.3 	15.3
11 	Chris Anstey 	C 	23 	DAL 	41 	8 	680 	4.9 	12.2 	.398 	0.2 	0.8 	.188 	4.7 	11.4 	.414 	2.8 	3.9 	.716 	2.8 	5.5 	8.3 	1.9 	1.6 	1.4 	2.2 	5.0 	12.7
12 	Greg Anthony 	PG 	30 	SEA 	80 	0 	1021 	5.3 	12.3 	.430 	2.3 	5.6 	.415 	3.0 	6.7 	.442 	1.9 	2.8 	.663 	0.6 	3.3 	3.9 	7.2 	2.3 	0.1 	3.2 	3.4 	14.8
13 	B.J. Armstrong 	PG 	30 	TOT 	66 	0 	831 	4.5 	9.2 	.493 	0.4 	1.5 	.257 	4.2 	7.7 	.539 	1.8 	2.2 	.840 	0.7 	2.6 	3.3 	6.5 	1.3 	0.0 	1.8 	3.2 	11.3
14 	Darrell Armstrong 	PG 	29 	ORL 	48 	17 	1236 	4.5 	11.1 	.411 	0.7 	2.0 	.368 	3.8 	9.1 	.420 	3.1 	3.6 	.854 	1.9 	2.7 	4.6 	6.9 	1.7 	0.1 	3.3 	2.8 	12.9
15 	Vincent Askew 	SG 	31 	POR 	30 	5 	443 	1.5 	4.4 	.352 	0.0 	0.2 	.000 	1.5 	4.2 	.365 	2.3 	3.2 	.718 	1.7 	3.8 	5.5 	3.1 	1.5 	0.4 	2.8 	3.2 	5.4
16 	Keith Askins 	SF 	30 	MIA 	46 	12 	681 	2.1 	6.4 	.320 	1.1 	3.9 	.284 	1.0 	2.5 	.375 	0.6 	1.0 	.632 	1.5 	3.9 	5.3 	1.5 	1.4 	0.6 	1.4 	5.7 	5.9
17 	Stacey Augmon 	SG 	29 	POR 	71 	23 	1445 	3.8 	9.3 	.414 	0.0 	0.2 	.143 	3.8 	9.1 	.419 	2.3 	3.9 	.603 	2.6 	3.3 	5.9 	2.2 	1.4 	0.8 	2.0 	3.6 	10.0
18 	Isaac Austin 	C 	28 	TOT 	78 	50 	2266 	6.5 	13.8 	.466 	0.0 	0.1 	.000 	6.5 	13.7 	.470 	3.9 	5.8 	.669 	3.2 	5.7 	8.8 	2.8 	1.0 	0.9 	3.3 	3.7 	16.8
19 	Vin Baker 	C 	26 	SEA 	82 	82 	2944 	7.7 	14.2 	.542 	0.0 	0.1 	.143 	7.7 	14.1 	.545 	3.8 	6.4 	.591 	3.5 	4.5 	8.0 	1.9 	1.1 	1.1 	2.1 	3.4 	19.2
20 	Charles Barkley* 	PF 	34 	HOU 	68 	41 	2243 	5.8 	11.9 	.485 	0.3 	1.3 	.214 	5.5 	10.6 	.520 	4.8 	6.4 	.746 	3.9 	8.9 	12.7 	3.5 	1.1 	0.4 	2.4 	3.0 	16.6
21 	Dana Barros 	PG 	30 	BOS 	80 	15 	1686 	6.0 	13.0 	.461 	2.1 	5.3 	.407 	3.9 	7.8 	.499 	2.6 	3.1 	.847 	0.6 	2.7 	3.3 	6.1 	1.8 	0.1 	2.3 	2.6 	16.7
22 	Brent Barry 	SG 	26 	TOT 	58 	36 	1600 	4.8 	11.4 	.421 	2.0 	5.2 	.393 	2.8 	6.2 	.444 	2.6 	3.0 	.858 	0.7 	3.2 	3.8 	3.4 	1.4 	0.6 	2.3 	2.7 	14.2
23 	Drew Barry 	PG 	24 	ATL 	27 	0 	256 	2.5 	5.3 	.474 	1.3 	3.0 	.429 	1.3 	2.4 	.529 	1.5 	1.8 	.846 	0.7 	4.2 	4.9 	6.9 	1.4 	0.1 	4.2 	3.9 	7.9
24 	Jon Barry 	SG 	28 	LAL 	49 	1 	374 	3.7 	10.0 	.365 	1.7 	5.9 	.295 	1.9 	4.1 	.465 	2.6 	2.8 	.931 	0.8 	2.8 	3.6 	4.9 	2.3 	0.3 	2.1 	3.2 	11.6
25 	Tony Battie 	PF 	21 	DEN 	65 	49 	1506 	5.6 	12.5 	.446 	0.1 	0.3 	.214 	5.5 	12.2 	.452 	1.7 	2.5 	.702 	3.3 	5.1 	8.4 	1.4 	1.3 	1.6 	2.3 	4.8 	13.0
26 	Corey Beck 	PG 	26 	CHH 	59 	14 	738 	3.6 	7.8 	.459 	0.1 	0.2 	.500 	3.5 	7.6 	.458 	2.1 	2.9 	.729 	1.3 	3.1 	4.4 	4.8 	1.6 	0.3 	3.4 	4.9 	9.3
27 	Benoit Benjamin 	C 	33 	PHI 	14 	0 	197 	4.0 	7.5 	.537 	0.0 	0.0 	0.0	4.0 	7.5 	.537 	3.5 	5.5 	.633 	3.3 	6.4 	9.7 	0.5 	0.7 	0.7 	2.2 	4.8 	11.5
28 	Mario Bennett 	PF 	24 	LAL 	45 	4 	354 	8.1 	13.7 	.593 	0.1 	0.2 	.500 	8.0 	13.5 	.594 	1.6 	4.5 	.364 	6.1 	6.7 	12.8 	1.8 	1.9 	1.1 	2.1 	6.2 	18.0
29 	David Benoit 	SF 	29 	TOT 	77 	0 	1123 	4.9 	13.1 	.373 	1.8 	5.4 	.324 	3.1 	7.6 	.408 	2.0 	2.4 	.824 	1.9 	4.6 	6.5 	0.8 	1.1 	0.6 	1.7 	5.0 	13.5
30 	Travis Best 	PG 	25 	IND 	82 	0 	1547 	4.7 	11.2 	.419 	0.5 	1.6 	.300 	4.2 	9.5 	.439 	2.6 	3.0 	.855 	0.7 	2.2 	2.8 	6.5 	2.0 	0.1 	2.6 	4.5 	12.4
31 	Chauncey Billups 	PG 	21 	TOT 	80 	70 	2216 	4.5 	12.2 	.374 	1.7 	5.3 	.329 	2.8 	6.9 	.408 	3.7 	4.3 	.850 	1.0 	2.1 	3.1 	5.1 	1.7 	0.1 	2.8 	2.8 	14.5
32 	Mookie Blaylock 	PG 	30 	ATL 	70 	69 	2700 	4.9 	12.5 	.392 	1.2 	4.5 	.269 	3.7 	8.1 	.460 	1.3 	1.8 	.709 	1.1 	3.5 	4.5 	6.3 	2.4 	0.3 	2.3 	1.6 	12.3
33 	Corie Blount 	PF 	29 	LAL 	70 	3 	1029 	3.7 	6.5 	.572 	0.0 	0.1 	.000 	3.7 	6.4 	.585 	1.4 	2.7 	.500 	4.0 	6.4 	10.4 	1.3 	1.0 	0.9 	1.8 	5.5 	8.9
34 	Muggsy Bogues 	PG 	33 	TOT 	61 	31 	1570 	3.2 	7.4 	.437 	0.1 	0.4 	.250 	3.1 	7.0 	.446 	1.4 	1.6 	.897 	0.7 	2.3 	3.0 	7.6 	1.5 	0.1 	2.4 	1.3 	8.0
35 	Etdrick Bohannon 	PF 	24 	IND 	5 	0 	11 	0.0 	13.1 	.000 	0.0 	0.0 	0.0	0.0 	13.1 	.000 	0.0 	0.0 	0.0	6.5 	13.1 	19.6 	3.3 	0.0 	6.5 	9.8 	9.8 	0.0
36 	Keith Booth 	SF 	23 	CHI 	6 	0 	17 	4.2 	12.7 	.333 	0.0 	2.1 	.000 	4.2 	10.6 	.400 	12.7 	12.7 	1.000 	4.2 	4.2 	8.5 	2.1 	0.0 	0.0 	6.4 	6.4 	21.2
37 	Bruce Bowen 	SF 	26 	BOS 	61 	9 	1305 	3.4 	8.2 	.409 	0.6 	1.6 	.339 	2.8 	6.6 	.427 	2.1 	3.4 	.623 	2.2 	2.6 	4.8 	2.2 	2.4 	0.8 	1.4 	4.8 	9.4
38 	Anthony Bowie 	SG 	34 	NYK 	27 	3 	224 	5.1 	9.5 	.542 	0.5 	0.6 	.750 	4.7 	8.8 	.527 	1.3 	1.4 	.889 	1.4 	2.7 	4.2 	1.8 	1.0 	0.3 	1.1 	4.0 	12.1
39 	Shawn Bradley 	C 	25 	DAL 	64 	46 	1822 	5.9 	14.0 	.422 	0.0 	0.1 	.333 	5.9 	14.0 	.422 	2.6 	3.6 	.722 	3.2 	7.0 	10.2 	1.2 	1.0 	4.2 	1.9 	4.2 	14.4
40 	Terrell Brandon 	PG 	27 	MIL 	50 	48 	1784 	6.8 	14.8 	.464 	0.6 	1.9 	.333 	6.2 	12.9 	.483 	2.7 	3.1 	.846 	0.5 	3.1 	3.6 	7.8 	2.2 	0.3 	2.9 	2.4 	17.0
41 	Tim Breaux 	SF 	27 	MIL 	6 	0 	30 	4.8 	13.2 	.364 	1.2 	3.6 	.333 	3.6 	9.6 	.375 	1.2 	2.4 	.500 	0.0 	2.4 	2.4 	2.4 	2.4 	1.2 	1.2 	1.2 	12.0
42 	Scott Brooks 	PG 	32 	CLE 	43 	0 	312 	3.2 	7.6 	.424 	0.6 	1.3 	.455 	2.7 	6.3 	.418 	2.1 	2.3 	.900 	0.7 	2.8 	3.5 	5.7 	2.1 	0.3 	1.4 	2.9 	9.1
43 	Chucky Brown 	SF 	29 	ATL 	77 	8 	1202 	4.8 	11.1 	.433 	0.1 	0.2 	.250 	4.8 	10.9 	.437 	1.9 	2.6 	.724 	1.7 	3.8 	5.5 	1.6 	0.7 	0.4 	1.5 	3.0 	11.6
44 	Dee Brown 	SG 	29 	TOT 	72 	12 	1719 	5.2 	11.8 	.438 	2.3 	5.7 	.399 	2.9 	6.1 	.474 	1.2 	1.5 	.817 	0.5 	2.7 	3.2 	3.2 	1.7 	0.5 	1.5 	2.6 	13.8
45 	P.J. Brown 	PF 	28 	MIA 	74 	74 	2362 	4.2 	9.0 	.471 	0.0 	0.0 	0.0	4.2 	9.0 	.471 	2.3 	3.0 	.766 	3.6 	6.1 	9.7 	1.6 	1.0 	1.5 	1.5 	4.0 	10.8
46 	Randy Brown 	PG 	29 	CHI 	71 	6 	1147 	3.6 	9.5 	.384 	0.0 	0.2 	.000 	3.6 	9.3 	.391 	1.8 	2.4 	.718 	1.1 	1.9 	3.0 	4.7 	2.2 	0.4 	2.0 	3.7 	9.0
47 	Rick Brunson 	PG 	25 	POR 	38 	10 	622 	2.8 	8.2 	.348 	1.3 	3.5 	.361 	1.6 	4.6 	.338 	2.4 	3.6 	.677 	0.8 	2.4 	3.2 	5.8 	1.4 	0.2 	3.0 	3.2 	9.4
48 	Kobe Bryant 	SG 	19 	LAL 	79 	1 	2056 	6.8 	16.0 	.428 	1.3 	3.9 	.341 	5.5 	12.1 	.456 	6.4 	8.0 	.794 	1.4 	2.9 	4.2 	3.5 	1.3 	0.7 	2.7 	3.2 	21.4
49 	Mark Bryant 	C 	32 	PHO 	70 	22 	1110 	3.5 	7.3 	.484 	0.0 	0.0 	.000 	3.5 	7.3 	.487 	2.4 	3.1 	.768 	3.0 	4.9 	7.9 	1.5 	1.2 	0.5 	1.9 	5.8 	9.4
50 	Jud Buechler 	SF 	29 	CHI 	74 	0 	608 	5.0 	10.4 	.483 	1.5 	3.8 	.385 	3.6 	6.6 	.541 	0.2 	0.4 	.500 	1.4 	3.1 	4.6 	2.9 	1.3 	0.9 	1.2 	2.8 	11.7
51 	Matt Bullard 	SF 	30 	HOU 	67 	24 	1190 	5.3 	11.8 	.450 	2.9 	7.0 	.416 	2.4 	4.8 	.500 	0.6 	0.8 	.741 	0.8 	3.7 	4.4 	1.8 	0.9 	0.7 	1.2 	3.1 	14.1
52 	Scott Burrell 	SF 	27 	CHI 	80 	3 	1096 	5.2 	12.3 	.424 	1.7 	4.7 	.354 	3.5 	7.6 	.468 	1.5 	2.1 	.734 	2.6 	3.9 	6.5 	2.1 	2.1 	1.2 	1.6 	4.3 	13.7
53 	Willie Burton 	SF 	29 	SAS 	13 	0 	43 	6.7 	17.6 	.381 	2.5 	7.5 	.333 	4.2 	10.0 	.417 	6.7 	10.0 	.667 	2.5 	5.0 	7.5 	0.8 	1.7 	1.7 	0.8 	5.9 	22.6
54 	Mitchell Butler 	SG 	27 	CLE 	18 	0 	206 	2.6 	8.2 	.319 	0.2 	1.0 	.167 	2.4 	7.2 	.341 	1.0 	1.7 	.600 	1.0 	2.8 	3.8 	3.1 	1.4 	0.0 	1.4 	4.5 	6.5
55 	Jason Caffey 	PF 	24 	TOT 	80 	14 	1423 	5.7 	11.8 	.485 	0.0 	0.1 	.000 	5.7 	11.7 	.487 	3.3 	5.1 	.655 	4.0 	4.7 	8.7 	1.7 	0.6 	0.5 	2.7 	4.6 	14.7
56 	Michael Cage 	C 	36 	NJN 	79 	17 	1201 	1.3 	2.5 	.512 	0.0 	0.0 	.000 	1.3 	2.5 	.518 	0.6 	1.1 	.556 	3.4 	5.8 	9.2 	1.0 	1.3 	1.3 	0.7 	3.1 	3.2
57 	Adrian Caldwell 	PF 	31 	DAL 	1 	0 	3 	0.0 	0.0 	0.0	0.0 	0.0 	0.0	0.0 	0.0 	0.0	0.0 	0.0 	0.0	0.0 	0.0 	0.0 	0.0 	0.0 	0.0 	0.0 	0.0 	0.0
58 	Marcus Camby 	C 	23 	TOR 	63 	58 	2002 	5.5 	13.4 	.412 	0.0 	0.0 	.000 	5.5 	13.4 	.413 	2.7 	4.4 	.611 	3.7 	4.7 	8.4 	2.0 	1.2 	4.1 	2.4 	3.6 	13.8
59 	Elden Campbell 	PF 	29 	LAL 	81 	28 	1784 	5.8 	12.6 	.463 	0.0 	0.0 	.500 	5.8 	12.6 	.463 	4.8 	6.9 	.693 	2.9 	6.3 	9.2 	1.6 	0.7 	2.1 	2.3 	4.2 	16.5
60 	Antoine Carr 	PF 	36 	UTA 	66 	8 	1086 	5.0 	10.8 	.465 	0.0 	0.0 	0.0	5.0 	10.8 	.465 	2.5 	3.2 	.776 	1.4 	3.0 	4.3 	1.6 	0.4 	1.8 	1.6 	6.5 	12.5
61 	Chris Carr 	SG 	23 	MIN 	51 	40 	1165 	5.9 	14.0 	.420 	1.2 	3.9 	.315 	4.6 	10.0 	.462 	2.6 	3.1 	.848 	1.3 	3.5 	4.8 	2.6 	0.5 	0.3 	2.1 	4.0 	15.6
62 	Sam Cassell 	PG 	28 	NJN 	75 	72 	2606 	7.0 	16.0 	.441 	0.2 	1.1 	.188 	6.8 	14.9 	.460 	6.0 	7.0 	.860 	1.0 	2.1 	3.1 	8.3 	1.7 	0.3 	3.7 	3.6 	20.3
63 	Kelvin Cato 	C 	23 	POR 	74 	8 	1007 	3.5 	8.2 	.428 	0.0 	0.1 	.000 	3.5 	8.1 	.434 	3.1 	4.5 	.688 	3.3 	5.8 	9.0 	0.8 	1.0 	3.4 	1.6 	5.9 	10.1
64 	Duane Causwell 	C 	29 	MIA 	37 	2 	363 	3.7 	8.8 	.416 	0.0 	0.0 	0.0	3.7 	8.8 	.416 	1.5 	2.6 	.577 	2.9 	6.9 	9.8 	0.5 	0.7 	2.7 	1.8 	7.2 	8.8
65 	Cedric Ceballos 	SF 	28 	TOT 	47 	25 	990 	7.4 	15.1 	.492 	0.8 	2.5 	.300 	6.7 	12.5 	.530 	3.9 	5.3 	.738 	2.7 	5.3 	8.0 	2.2 	1.2 	0.6 	2.6 	3.2 	19.5
66 	Tom Chambers 	PF 	38 	PHI 	1 	0 	10 	7.2 	7.2 	1.000 	0.0 	0.0 	0.0	7.2 	7.2 	1.000 	7.2 	7.2 	1.000 	0.0 	7.2 	7.2 	0.0 	7.2 	0.0 	3.6 	7.2 	21.6
67 	Rex Chapman 	SG 	30 	PHO 	68 	67 	2263 	6.5 	15.2 	.427 	1.9 	4.9 	.386 	4.6 	10.3 	.447 	2.3 	3.0 	.781 	0.5 	2.3 	2.8 	3.2 	1.1 	0.2 	1.8 	1.6 	17.2
68 	Calbert Cheaney 	SG 	26 	WAS 	82 	82 	2841 	5.7 	12.4 	.457 	0.2 	0.7 	.283 	5.5 	11.8 	.467 	1.8 	2.7 	.647 	1.0 	3.1 	4.1 	2.2 	1.2 	0.5 	1.3 	3.3 	13.3
69 	Pete Chilcutt 	PF 	29 	VAN 	82 	0 	1420 	4.0 	9.1 	.435 	1.4 	3.3 	.415 	2.6 	5.8 	.445 	1.0 	1.5 	.661 	2.0 	5.8 	7.8 	2.6 	1.3 	0.9 	1.6 	4.0 	10.3
70 	Chris Childs 	PG 	30 	NYK 	68 	0 	1599 	3.4 	8.0 	.421 	0.6 	2.0 	.310 	2.7 	6.0 	.457 	2.3 	2.8 	.825 	0.7 	3.0 	3.6 	6.0 	1.3 	0.1 	2.3 	4.0 	9.7
71 	Doug Christie 	SG 	27 	TOR 	78 	78 	2939 	5.6 	13.1 	.428 	1.2 	3.8 	.326 	4.4 	9.4 	.469 	3.3 	4.0 	.829 	1.2 	3.8 	4.9 	3.5 	2.3 	0.7 	2.8 	2.4 	15.8
72 	Keith Closs 	C 	21 	LAC 	58 	1 	740 	4.5 	10.1 	.449 	0.0 	0.0 	0.0	4.5 	10.1 	.449 	2.2 	3.7 	.597 	3.1 	5.1 	8.2 	0.9 	0.6 	3.9 	1.8 	3.6 	11.3
73 	Derrick Coleman 	PF 	30 	PHI 	59 	58 	2135 	6.0 	14.6 	.411 	0.4 	1.7 	.265 	5.6 	13.0 	.429 	5.1 	6.6 	.772 	2.5 	7.4 	9.9 	2.4 	0.8 	1.1 	2.6 	2.4 	17.5
74 	Bimbo Coles 	PG 	29 	GSW 	53 	44 	1471 	4.1 	10.7 	.379 	0.3 	1.4 	.228 	3.7 	9.3 	.402 	1.9 	2.2 	.886 	0.4 	2.6 	3.0 	6.1 	1.2 	0.3 	2.2 	3.3 	10.4
75 	James Collins 	SG 	24 	LAC 	23 	0 	103 	7.3 	19.2 	.382 	3.1 	7.0 	.450 	4.2 	12.2 	.343 	2.8 	4.9 	.571 	2.4 	2.4 	4.9 	1.0 	2.1 	1.0 	2.8 	4.2 	20.6
76 	Marty Conlon 	C 	30 	MIA 	18 	0 	209 	4.8 	10.7 	.452 	0.0 	0.0 	0.0	4.8 	10.7 	.452 	5.5 	7.6 	.727 	2.8 	5.2 	7.9 	2.1 	1.6 	0.9 	1.9 	4.7 	15.2
77 	Tyrone Corbin 	SF 	35 	ATL 	79 	79 	2699 	4.4 	10.0 	.439 	0.7 	1.9 	.348 	3.7 	8.1 	.460 	1.3 	1.7 	.789 	1.0 	3.8 	4.8 	2.3 	1.4 	0.1 	1.1 	2.6 	10.8
78 	James Cotton 	SG 	22 	SEA 	9 	0 	33 	8.7 	22.9 	.381 	0.0 	4.4 	.000 	8.7 	18.5 	.471 	8.7 	9.8 	.889 	2.2 	4.4 	6.5 	0.0 	1.1 	1.1 	6.5 	3.3 	26.2
79 	Chris Crawford 	PF 	22 	ATL 	40 	0 	256 	6.5 	15.5 	.418 	0.1 	0.4 	.333 	6.3 	15.0 	.421 	8.0 	9.6 	.838 	2.8 	3.0 	5.8 	1.3 	1.7 	1.0 	2.5 	3.8 	21.1
80 	Austin Croshere 	PF 	22 	IND 	26 	0 	243 	4.7 	12.7 	.372 	0.6 	1.9 	.308 	4.1 	10.8 	.384 	1.2 	2.1 	.571 	1.5 	5.2 	6.7 	1.2 	1.3 	0.7 	1.9 	4.7 	11.3
81 	John Crotty 	PG 	28 	POR 	26 	2 	379 	2.8 	8.5 	.322 	0.6 	1.9 	.300 	2.2 	6.6 	.329 	3.0 	3.2 	.941 	0.4 	2.7 	3.0 	6.0 	0.9 	0.1 	4.0 	2.7 	9.1
82 	Terry Cummings 	PF 	36 	TOT 	74 	3 	1185 	6.1 	13.0 	.467 	0.0 	0.0 	.000 	6.1 	13.0 	.468 	2.0 	3.0 	.684 	2.9 	5.7 	8.6 	1.4 	1.2 	0.3 	1.5 	5.5 	14.2
83 	William Cunningham 	C 	23 	TOT 	7 	2 	39 	3.7 	8.3 	.444 	0.0 	0.0 	0.0	3.7 	8.3 	.444 	0.0 	0.0 	0.0	3.7 	5.5 	9.2 	0.9 	1.8 	0.0 	0.0 	9.2 	7.4
84 	Bill Curley 	PF 	25 	MIN 	11 	1 	146 	3.9 	8.1 	.485 	0.0 	0.2 	.000 	3.9 	7.9 	.500 	0.5 	0.7 	.667 	2.7 	4.2 	6.9 	1.0 	0.7 	0.2 	0.7 	6.9 	8.4
85 	Dell Curry 	SG 	33 	CHH 	52 	1 	971 	7.2 	16.1 	.447 	2.3 	5.4 	.421 	4.9 	10.7 	.460 	1.5 	1.9 	.788 	1.0 	2.8 	3.7 	2.6 	1.1 	0.1 	2.0 	3.2 	18.2
86 	Michael Curry 	SG 	29 	MIL 	82 	27 	1978 	3.6 	7.6 	.469 	0.1 	0.2 	.444 	3.5 	7.4 	.469 	2.7 	3.2 	.835 	0.5 	1.3 	1.8 	2.5 	1.0 	0.3 	1.4 	4.0 	9.9
87 	Erick Dampier 	C 	22 	GSW 	82 	82 	2656 	4.8 	10.7 	.445 	0.0 	0.0 	.000 	4.8 	10.7 	.446 	3.6 	5.4 	.669 	3.7 	6.0 	9.7 	1.3 	0.5 	1.9 	2.4 	3.8 	13.2
88 	Antonio Daniels 	SG 	22 	VAN 	74 	50 	1956 	4.2 	10.1 	.416 	0.2 	1.0 	.212 	4.0 	9.1 	.438 	2.1 	3.1 	.659 	0.4 	2.2 	2.6 	6.1 	1.0 	0.2 	3.0 	1.6 	10.7
89 	Lloyd Daniels 	SG 	30 	TOR 	6 	0 	82 	5.3 	12.7 	.414 	0.9 	4.0 	.222 	4.4 	8.8 	.500 	3.5 	4.4 	.800 	1.8 	1.3 	3.1 	1.8 	1.3 	0.9 	1.8 	1.8 	14.9
90 	Yinka Dare 	C 	25 	NJN 	10 	0 	60 	2.4 	10.8 	.222 	0.0 	0.0 	0.0	2.4 	10.8 	.222 	2.4 	4.8 	.500 	6.0 	4.2 	10.2 	0.6 	0.0 	1.2 	1.2 	5.4 	7.2
91 	Antonio Davis 	PF 	29 	IND 	82 	12 	2191 	4.2 	8.7 	.481 	0.0 	0.0 	.000 	4.2 	8.6 	.484 	4.6 	6.5 	.696 	3.2 	6.0 	9.2 	1.0 	0.7 	1.2 	1.7 	3.8 	12.9
92 	Ben Davis 	PF 	25 	NYK 	7 	0 	13 	5.5 	27.7 	.200 	0.0 	0.0 	0.0	5.5 	27.7 	.200 	0.0 	0.0 	0.0	16.6 	0.0 	16.6 	0.0 	2.8 	0.0 	0.0 	8.3 	11.1
93 	Dale Davis 	C 	28 	IND 	78 	78 	2174 	4.5 	8.2 	.548 	0.0 	0.0 	0.0	4.5 	8.2 	.548 	1.3 	2.8 	.465 	3.9 	6.3 	10.1 	1.2 	0.8 	1.4 	1.2 	3.5 	10.4
94 	Emanual Davis 	PG 	29 	HOU 	45 	0 	599 	3.8 	8.5 	.444 	1.6 	4.3 	.375 	2.2 	4.2 	.514 	1.9 	2.2 	.838 	0.6 	2.2 	2.8 	3.5 	1.0 	0.2 	3.1 	3.3 	11.1
95 	Hubert Davis 	SG 	27 	DAL 	81 	30 	2378 	5.3 	11.6 	.456 	1.5 	3.5 	.439 	3.8 	8.1 	.464 	1.5 	1.8 	.836 	0.5 	2.0 	2.6 	2.4 	0.7 	0.1 	1.3 	1.8 	13.6
96 	Mark Davis 	SF 	24 	PHI 	71 	12 	906 	4.3 	9.7 	.447 	0.0 	0.2 	.000 	4.3 	9.5 	.458 	2.5 	4.0 	.634 	2.5 	3.7 	6.3 	2.9 	1.9 	0.7 	3.6 	3.8 	11.2
97 	Terry Davis 	PF 	30 	WAS 	74 	66 	1705 	2.7 	5.4 	.496 	0.0 	0.0 	.000 	2.7 	5.4 	.498 	1.5 	2.5 	.580 	4.4 	5.7 	10.1 	0.6 	0.9 	0.5 	1.2 	4.1 	6.8
98 	Todd Day 	SG 	28 	MIA 	5 	0 	69 	5.7 	16.2 	.355 	1.0 	6.3 	.167 	4.7 	9.9 	.474 	3.1 	4.7 	.667 	2.1 	1.0 	3.1 	3.7 	3.7 	0.0 	1.6 	5.2 	15.7
99 	Andrew DeClercq 	C 	24 	BOS 	81 	49 	1523 	4.0 	8.0 	.497 	0.0 	0.0 	.000 	4.0 	8.0 	.499 	2.4 	4.0 	.601 	4.3 	5.0 	9.3 	1.4 	2.0 	1.2 	2.0 	6.5 	10.4
100 	Terry Dehere 	PG 	26 	SAC 	77 	18 	1410 	4.6 	11.5 	.399 	1.3 	3.4 	.379 	3.3 	8.1 	.408 	2.0 	2.5 	.798 	0.5 	2.2 	2.7 	5.0 	1.3 	0.1 	2.5 	3.8 	12.5
101 	Vinny Del Negro 	SG 	31 	SAS 	54 	38 	1721 	4.4 	10.0 	.441 	0.4 	0.8 	.436 	4.1 	9.2 	.441 	1.5 	1.9 	.796 	0.3 	2.9 	3.2 	3.8 	0.8 	0.1 	1.1 	2.4 	10.7
102 	Bison Dele 	C 	28 	DET 	78 	78 	2619 	7.3 	14.3 	.511 	0.0 	0.0 	.333 	7.3 	14.3 	.511 	2.7 	3.8 	.707 	3.1 	6.5 	9.6 	1.3 	0.9 	0.8 	2.5 	3.5 	17.3
103 	Tony Delk 	PG 	24 	TOT 	77 	9 	1681 	6.7 	17.1 	.393 	0.9 	3.4 	.268 	5.8 	13.7 	.424 	2.4 	3.2 	.735 	0.8 	2.9 	3.7 	3.7 	1.6 	0.3 	2.3 	2.1 	16.7
104 	Vlade Divac 	C 	29 	CHH 	64 	41 	1805 	5.3 	10.7 	.498 	0.1 	0.3 	.214 	5.3 	10.4 	.506 	2.6 	3.7 	.691 	3.6 	6.7 	10.3 	3.4 	1.7 	1.9 	2.3 	3.6 	13.3
105 	Sherman Douglas 	PG 	31 	NJN 	80 	11 	1699 	5.4 	10.9 	.495 	0.3 	1.0 	.304 	5.1 	9.9 	.514 	2.4 	3.6 	.669 	1.1 	1.8 	2.9 	6.8 	1.2 	0.1 	2.3 	3.3 	13.5
106 	Clyde Drexler* 	SG 	35 	HOU 	70 	70 	2473 	6.6 	15.4 	.427 	1.5 	4.9 	.317 	5.0 	10.6 	.477 	4.0 	5.0 	.801 	1.5 	3.5 	5.0 	5.6 	1.8 	0.6 	2.8 	2.8 	18.7
107 	Chris Dudley 	C 	32 	NYK 	51 	22 	858 	2.4 	6.0 	.406 	0.0 	0.0 	0.0	2.4 	6.0 	.406 	1.7 	3.9 	.446 	4.5 	7.0 	11.5 	0.9 	0.5 	2.1 	1.8 	5.8 	6.6
108 	Joe Dumars* 	SG 	34 	DET 	72 	72 	2326 	5.1 	12.2 	.416 	2.4 	6.6 	.371 	2.6 	5.6 	.468 	2.0 	2.4 	.825 	0.2 	1.4 	1.6 	3.9 	0.7 	0.0 	1.3 	1.5 	14.6
109 	Tony Dumas 	SG 	25 	CLE 	7 	0 	47 	4.6 	9.2 	.500 	1.5 	3.1 	.500 	3.1 	6.1 	.500 	0.0 	2.3 	.000 	0.8 	3.1 	3.8 	3.8 	0.0 	0.0 	3.8 	3.8 	10.7
110 	Tim Duncan 	PF 	21 	SAS 	82 	82 	3204 	7.9 	14.5 	.549 	0.0 	0.1 	.000 	7.9 	14.3 	.553 	3.6 	5.4 	.662 	3.1 	7.9 	11.0 	2.5 	0.6 	2.3 	3.1 	2.9 	19.4
111 	Ledell Eackles 	SG 	31 	WAS 	42 	0 	547 	4.9 	11.5 	.429 	1.1 	3.0 	.348 	3.9 	8.5 	.457 	3.4 	3.9 	.881 	1.6 	3.3 	4.9 	1.1 	1.1 	0.0 	1.9 	2.8 	14.3
112 	Tyus Edney 	PG 	24 	BOS 	52 	7 	623 	5.4 	12.5 	.431 	0.2 	0.6 	.300 	5.2 	11.9 	.437 	5.1 	6.4 	.793 	1.2 	2.0 	3.2 	8.0 	2.9 	0.1 	3.8 	4.0 	16.0
113 	Blue Edwards 	SG 	32 	VAN 	81 	20 	1968 	6.0 	13.6 	.439 	0.7 	2.2 	.333 	5.2 	11.4 	.460 	3.3 	3.9 	.837 	1.1 	2.9 	4.0 	3.7 	1.6 	0.5 	2.5 	3.3 	16.0
114 	Kevin Edwards 	SG 	32 	TOT 	39 	5 	487 	4.2 	12.2 	.345 	0.4 	1.1 	.400 	3.8 	11.1 	.340 	2.2 	2.6 	.857 	1.5 	2.5 	4.0 	2.9 	1.9 	0.1 	2.2 	2.1 	11.1
115 	Howard Eisley 	PG 	25 	UTA 	82 	18 	1726 	4.8 	10.8 	.441 	1.0 	2.5 	.407 	3.8 	8.4 	.451 	2.6 	3.1 	.852 	0.5 	2.9 	3.5 	7.2 	1.1 	0.3 	3.3 	3.8 	13.2
116 	Mario Elie 	SF 	34 	HOU 	73 	59 	1988 	3.7 	8.3 	.452 	1.0 	3.4 	.291 	2.7 	4.8 	.566 	2.6 	3.2 	.833 	0.7 	2.1 	2.8 	4.0 	1.5 	0.1 	1.8 	2.1 	11.1
117 	Sean Elliott 	SF 	29 	SAS 	36 	36 	1012 	4.3 	10.8 	.403 	1.2 	3.2 	.378 	3.1 	7.6 	.413 	2.0 	2.8 	.718 	0.6 	3.8 	4.4 	2.2 	0.9 	0.5 	2.0 	3.3 	11.9
118 	Dale Ellis 	SF 	37 	SEA 	79 	0 	1939 	6.5 	13.0 	.497 	2.4 	5.1 	.464 	4.1 	7.9 	.519 	2.1 	2.6 	.782 	0.9 	2.5 	3.4 	1.7 	1.1 	0.1 	1.4 	2.4 	17.3
119 	Harold Ellis 	SF 	27 	DEN 	27 	3 	344 	6.5 	11.6 	.559 	0.0 	0.4 	.000 	6.5 	11.2 	.579 	4.2 	6.6 	.635 	2.8 	2.4 	5.2 	1.9 	2.0 	0.4 	2.0 	5.5 	17.2
120 	LaPhonso Ellis 	SF 	27 	DEN 	76 	71 	2575 	5.7 	14.1 	.407 	0.8 	2.8 	.284 	4.9 	11.3 	.438 	2.9 	3.6 	.805 	2.0 	5.6 	7.6 	3.0 	0.9 	0.7 	2.4 	3.2 	15.1
121 	Pervis Ellison 	PF 	30 	BOS 	33 	8 	447 	3.2 	5.6 	.571 	0.0 	0.0 	0.0	3.2 	5.6 	.571 	1.6 	2.7 	.588 	4.2 	4.6 	8.8 	2.5 	1.6 	2.5 	2.3 	7.2 	8.1
122 	Brian Evans 	SF 	24 	TOT 	72 	1 	893 	5.0 	12.6 	.394 	1.2 	3.5 	.333 	3.8 	9.1 	.418 	1.9 	2.3 	.807 	2.0 	3.5 	5.5 	2.2 	1.2 	0.5 	1.5 	4.1 	12.9
123 	Patrick Ewing* 	C 	35 	NYK 	26 	26 	848 	8.6 	17.1 	.504 	0.0 	0.1 	.000 	8.6 	17.0 	.506 	5.7 	7.9 	.720 	2.5 	8.7 	11.3 	1.2 	0.7 	2.5 	3.3 	3.1 	22.9
124 	Tony Farmer 	C 	28 	CHH 	27 	2 	169 	3.6 	11.3 	.321 	0.4 	1.9 	.222 	3.2 	9.4 	.341 	6.6 	8.3 	.795 	3.4 	3.4 	6.8 	1.1 	2.1 	0.9 	1.9 	4.9 	14.3
125 	Jamie Feick 	PF 	23 	MIL 	45 	2 	450 	3.1 	7.2 	.433 	0.3 	1.0 	.308 	2.8 	6.2 	.455 	1.6 	3.3 	.488 	3.6 	6.3 	9.9 	1.3 	2.0 	1.4 	1.7 	5.4 	8.2
126 	Duane Ferrell 	SF 	32 	GSW 	50 	5 	461 	3.2 	8.7 	.369 	0.0 	0.5 	.000 	3.2 	8.2 	.390 	0.9 	1.7 	.545 	2.0 	1.7 	3.7 	2.0 	1.6 	0.5 	1.4 	3.9 	7.3
127 	Danny Ferry 	PF 	31 	CLE 	69 	3 	1034 	3.9 	10.0 	.395 	1.1 	3.4 	.333 	2.8 	6.5 	.428 	1.1 	1.4 	.800 	0.8 	3.2 	4.0 	2.1 	0.9 	0.6 	1.8 	4.1 	10.1
128 	Michael Finley 	SF 	24 	DAL 	82 	82 	3394 	7.2 	16.0 	.449 	0.9 	2.6 	.357 	6.2 	13.4 	.466 	3.5 	4.4 	.784 	1.6 	3.1 	4.6 	4.3 	1.4 	0.3 	2.3 	1.7 	18.7
129 	Derek Fisher 	PG 	23 	LAL 	82 	36 	1760 	3.4 	7.7 	.434 	0.6 	1.7 	.383 	2.7 	6.1 	.448 	2.4 	3.1 	.757 	0.8 	3.2 	3.9 	6.8 	1.5 	0.1 	2.4 	2.6 	9.7
130 	Danny Fortson 	PF 	21 	DEN 	80 	23 	1811 	5.5 	12.1 	.452 	0.0 	0.1 	.333 	5.5 	12.1 	.452 	5.2 	6.7 	.776 	3.6 	5.3 	8.9 	1.5 	0.9 	0.6 	3.1 	6.2 	16.2
131 	Greg Foster 	C 	29 	UTA 	78 	49 	1446 	4.6 	10.4 	.445 	0.0 	0.2 	.222 	4.6 	10.2 	.450 	1.7 	2.2 	.770 	2.1 	4.7 	6.8 	1.3 	0.4 	0.7 	1.7 	4.7 	11.0
132 	Rick Fox 	SF 	28 	LAL 	82 	82 	2709 	4.8 	10.2 	.471 	1.1 	3.5 	.325 	3.7 	6.7 	.547 	2.3 	3.1 	.743 	1.0 	3.7 	4.8 	3.7 	1.3 	0.6 	2.7 	4.1 	13.1
133 	Adonal Foyle 	C 	22 	GSW 	55 	1 	656 	3.8 	9.3 	.406 	0.0 	0.1 	.000 	3.8 	9.3 	.408 	1.5 	3.4 	.435 	4.0 	6.1 	10.1 	0.8 	0.7 	2.9 	2.7 	5.2 	9.1
134 	Todd Fuller 	C 	23 	GSW 	57 	1 	613 	5.1 	12.0 	.420 	0.0 	0.2 	.000 	5.1 	11.8 	.428 	3.2 	4.7 	.688 	3.6 	7.9 	11.5 	0.6 	0.4 	0.9 	2.2 	5.2 	13.3
135 	Lawrence Funderburke 	PF 	27 	SAC 	52 	1 	1094 	6.3 	12.8 	.490 	0.0 	0.2 	.143 	6.3 	12.6 	.496 	3.6 	5.3 	.679 	2.6 	5.1 	7.7 	2.1 	0.6 	0.5 	2.0 	1.8 	16.2
136 	Chris Garner 	PG 	22 	TOR 	38 	0 	293 	2.8 	8.6 	.329 	0.5 	1.7 	.286 	2.3 	6.9 	.339 	0.4 	0.9 	.429 	0.9 	2.1 	2.9 	5.5 	2.6 	0.5 	3.1 	6.1 	6.5
137 	Kevin Garnett 	PF 	21 	MIN 	82 	82 	3222 	7.1 	14.4 	.491 	0.0 	0.2 	.188 	7.1 	14.3 	.495 	2.7 	3.7 	.738 	2.5 	6.3 	8.8 	3.9 	1.6 	1.7 	2.1 	2.5 	17.0
138 	Dean Garrett 	C 	31 	DEN 	82 	82 	2632 	3.3 	7.7 	.428 	0.0 	0.0 	0.0	3.3 	7.7 	.428 	1.6 	2.4 	.648 	3.1 	5.7 	8.8 	1.2 	0.8 	1.8 	1.1 	2.7 	8.2
139 	Kiwane Garris 	SG 	23 	DEN 	28 	0 	225 	3.5 	10.4 	.338 	0.8 	2.2 	.357 	2.7 	8.2 	.333 	3.0 	4.0 	.760 	0.5 	2.6 	3.0 	4.5 	1.1 	0.2 	2.4 	3.5 	10.9
140 	Chris Gatling 	PF 	30 	NJN 	57 	16 	1359 	6.6 	14.4 	.455 	0.0 	0.1 	.250 	6.5 	14.3 	.457 	4.2 	7.0 	.600 	3.1 	5.7 	8.8 	1.4 	1.4 	0.8 	2.6 	4.0 	17.4
141 	Reggie Geary 	PG 	24 	SAS 	62 	2 	685 	2.9 	8.9 	.331 	0.6 	2.1 	.300 	2.3 	6.8 	.341 	1.5 	2.9 	.500 	1.0 	2.5 	3.5 	3.9 	1.9 	0.6 	2.2 	5.0 	8.0
142 	Matt Geiger 	C 	28 	CHH 	78 	42 	1839 	7.0 	13.9 	.505 	0.0 	0.2 	.091 	7.0 	13.7 	.511 	3.3 	4.6 	.712 	3.8 	6.4 	10.2 	1.5 	1.3 	1.7 	2.2 	3.7 	17.3
143 	Kendall Gill 	SF 	29 	NJN 	81 	81 	2733 	5.5 	12.8 	.429 	0.3 	1.3 	.257 	5.2 	11.5 	.449 	3.0 	4.3 	.688 	1.5 	3.7 	5.2 	2.6 	2.1 	0.8 	1.6 	3.5 	14.3
144 	Armen Gilliam 	PF 	33 	MIL 	82 	25 	2114 	5.6 	11.5 	.484 	0.0 	0.1 	.000 	5.6 	11.4 	.487 	4.5 	5.7 	.802 	2.5 	5.0 	7.5 	1.8 	1.1 	0.6 	2.5 	3.0 	15.7
145 	Anthony Goldwire 	PG 	26 	DEN 	82 	32 	2212 	4.4 	10.4 	.423 	1.0 	2.7 	.384 	3.4 	7.7 	.436 	2.4 	3.0 	.806 	0.7 	1.7 	2.4 	4.5 	1.4 	0.1 	1.4 	2.4 	12.2
146 	Greg Graham 	SG 	27 	CLE 	6 	0 	56 	4.5 	7.7 	.583 	0.0 	1.9 	.000 	4.5 	5.8 	.778 	1.3 	1.3 	1.000 	0.0 	0.6 	0.6 	3.9 	0.6 	0.0 	6.4 	4.5 	10.3
147 	Brian Grant 	SF 	25 	POR 	61 	49 	1921 	5.3 	10.4 	.508 	0.0 	0.0 	.000 	5.3 	10.4 	.509 	3.2 	4.3 	.750 	3.7 	6.7 	10.4 	1.6 	0.8 	0.8 	2.1 	3.4 	13.8
148 	Gary Grant 	PG 	32 	POR 	22 	2 	359 	4.3 	9.3 	.462 	0.7 	1.9 	.368 	3.6 	7.4 	.486 	1.2 	1.4 	.857 	0.8 	4.0 	4.8 	8.4 	1.7 	0.2 	2.4 	3.0 	10.5
149 	Harvey Grant 	SF 	32 	WAS 	65 	8 	895 	3.0 	7.9 	.383 	0.0 	0.2 	.167 	3.0 	7.6 	.389 	0.8 	1.2 	.633 	2.4 	4.3 	6.8 	1.6 	0.9 	0.6 	1.0 	3.8 	6.8
150 	Horace Grant 	C 	32 	ORL 	76 	76 	2803 	5.0 	11.0 	.459 	0.0 	0.1 	.000 	5.0 	10.9 	.462 	1.7 	2.6 	.678 	2.9 	5.0 	7.9 	2.2 	1.0 	1.0 	1.1 	2.3 	11.8
151 	Ed Gray 	SG 	22 	ATL 	30 	3 	472 	5.9 	15.4 	.381 	1.4 	3.5 	.391 	4.5 	11.9 	.378 	4.2 	5.0 	.846 	0.7 	2.7 	3.4 	2.6 	1.1 	0.8 	2.3 	5.6 	17.3
152 	Jeff Grayer 	SG 	32 	TOT 	5 	0 	34 	4.2 	11.6 	.364 	2.1 	6.4 	.333 	2.1 	5.3 	.400 	0.0 	0.0 	0.0	0.0 	4.2 	4.2 	2.1 	2.1 	0.0 	4.2 	7.4 	10.6
153 	A.C. Green 	PF 	34 	DAL 	82 	68 	2649 	3.3 	7.3 	.453 	0.0 	0.1 	.000 	3.3 	7.2 	.457 	1.6 	2.2 	.716 	3.0 	6.1 	9.1 	1.7 	1.1 	0.4 	0.9 	2.1 	8.2
154 	Litterial Green 	PG 	27 	MIL 	21 	0 	124 	1.5 	6.7 	.217 	0.0 	0.6 	.000 	1.5 	6.1 	.238 	4.4 	5.8 	.750 	0.3 	1.7 	2.0 	4.6 	1.2 	0.0 	2.3 	3.2 	7.3
155 	Derek Grimm 	SF 	23 	SAC 	9 	0 	34 	4.2 	14.8 	.286 	4.2 	12.7 	.333 	0.0 	2.1 	.000 	2.1 	2.1 	1.000 	0.0 	4.2 	4.2 	0.0 	3.2 	1.1 	3.2 	6.4 	14.8
156 	Tom Gugliotta 	SF 	28 	MIN 	41 	41 	1582 	7.3 	14.5 	.502 	0.0 	0.4 	.118 	7.2 	14.1 	.513 	4.2 	5.1 	.821 	2.4 	5.7 	8.1 	3.8 	1.4 	0.5 	2.5 	2.3 	18.7
157 	Jack Haley 	C 	34 	NJN 	16 	0 	51 	3.5 	12.7 	.278 	0.0 	0.7 	.000 	3.5 	12.0 	.294 	8.5 	14.8 	.571 	3.5 	7.1 	10.6 	0.0 	0.0 	0.7 	2.8 	6.4 	15.5
158 	Darvin Ham 	SF 	24 	WAS 	71 	3 	635 	3.1 	5.9 	.529 	0.0 	0.0 	0.0	3.1 	5.9 	.529 	2.0 	4.2 	.473 	4.1 	3.3 	7.4 	0.9 	1.2 	1.4 	2.1 	6.7 	8.2
159 	Tom Hammonds 	PF 	30 	MIN 	57 	2 	1140 	4.0 	7.8 	.516 	0.0 	0.0 	.000 	4.0 	7.7 	.518 	2.9 	4.2 	.697 	3.2 	5.4 	8.6 	1.1 	0.5 	0.5 	1.5 	4.0 	10.9
160 	Reggie Hanson 	SF 	29 	BOS 	8 	0 	26 	4.2 	8.3 	.500 	0.0 	0.0 	0.0	4.2 	8.3 	.500 	0.0 	0.0 	0.0	4.2 	4.2 	8.3 	1.4 	2.8 	1.4 	4.2 	11.1 	8.3
161 	Anfernee Hardaway 	SG 	26 	ORL 	19 	15 	625 	5.9 	15.7 	.377 	0.9 	2.9 	.300 	5.1 	12.8 	.395 	5.2 	6.8 	.763 	0.5 	3.9 	4.4 	3.9 	1.6 	0.9 	2.6 	2.6 	17.9
162 	Tim Hardaway 	PG 	31 	MIA 	81 	81 	3031 	6.6 	15.4 	.431 	1.8 	5.2 	.351 	4.8 	10.1 	.472 	3.1 	3.9 	.781 	0.6 	3.0 	3.6 	8.0 	1.6 	0.2 	2.7 	2.4 	18.1
163 	Derek Harper 	SG 	36 	ORL 	66 	45 	1761 	4.6 	11.1 	.417 	1.2 	3.4 	.360 	3.4 	7.7 	.442 	1.1 	1.6 	.696 	0.5 	1.6 	2.1 	4.8 	1.5 	0.2 	2.1 	2.9 	11.6
164 	Ron Harper 	PG 	34 	CHI 	82 	82 	2284 	4.6 	10.5 	.441 	0.3 	1.3 	.190 	4.4 	9.2 	.477 	2.6 	3.4 	.750 	1.7 	2.9 	4.6 	3.8 	1.7 	0.8 	1.4 	2.9 	12.0
165 	Othella Harrington 	PF 	24 	HOU 	58 	3 	903 	5.1 	10.6 	.485 	0.0 	0.0 	.000 	5.1 	10.6 	.487 	3.7 	4.9 	.754 	2.9 	5.3 	8.3 	1.0 	0.4 	1.1 	1.9 	4.5 	14.0
166 	Lucious Harris 	SG 	27 	NJN 	50 	0 	671 	3.7 	9.5 	.390 	0.6 	2.1 	.308 	3.1 	7.4 	.413 	2.2 	3.0 	.745 	1.1 	1.7 	2.8 	2.3 	2.3 	0.3 	1.1 	4.1 	10.2
167 	Hersey Hawkins 	SG 	31 	SEA 	82 	82 	2597 	3.9 	8.8 	.440 	1.7 	4.2 	.415 	2.1 	4.6 	.463 	2.5 	2.8 	.868 	1.0 	3.6 	4.6 	3.1 	2.1 	0.2 	1.4 	2.1 	11.9
168 	Alan Henderson 	PF 	25 	ATL 	69 	33 	2000 	6.6 	13.6 	.485 	0.1 	0.1 	.500 	6.5 	13.4 	.485 	4.6 	7.0 	.652 	3.6 	4.4 	8.0 	1.3 	0.8 	0.6 	2.0 	3.2 	17.7
169 	Cedric Henderson 	SF 	22 	CLE 	82 	71 	2527 	5.0 	10.3 	.480 	0.0 	0.1 	.000 	5.0 	10.3 	.483 	1.9 	2.7 	.716 	1.0 	3.6 	4.6 	2.4 	1.4 	0.6 	2.4 	3.4 	11.9
170 	Mark Hendrickson 	PF 	23 	SAC 	48 	1 	737 	2.8 	7.3 	.389 	0.0 	0.2 	.000 	2.8 	7.0 	.403 	2.3 	2.8 	.825 	1.6 	5.4 	7.0 	2.0 	1.3 	0.4 	1.5 	2.9 	8.0
171 	Steve Henson 	PG 	29 	DET 	23 	0 	65 	7.2 	14.4 	.500 	1.7 	4.4 	.375 	5.5 	10.0 	.556 	3.9 	3.9 	1.000 	0.0 	1.1 	1.1 	2.2 	0.6 	0.0 	3.3 	5.0 	19.9
172 	Carl Herrera 	PF 	31 	SAS 	58 	1 	516 	5.3 	12.2 	.434 	0.0 	0.1 	.000 	5.3 	12.1 	.437 	1.3 	3.1 	.409 	1.7 	4.7 	6.3 	1.5 	1.3 	0.8 	2.7 	5.0 	11.9
173 	Sean Higgins 	SF 	29 	POR 	2 	0 	12 	0.0 	15.0 	.000 	0.0 	6.0 	.000 	0.0 	9.0 	.000 	0.0 	0.0 	0.0	0.0 	0.0 	0.0 	0.0 	6.0 	0.0 	3.0 	9.0 	0.0
174 	Grant Hill 	SF 	25 	DET 	81 	81 	3294 	6.7 	14.9 	.452 	0.0 	0.2 	.143 	6.7 	14.6 	.457 	5.2 	7.1 	.740 	1.0 	5.8 	6.8 	6.0 	1.6 	0.6 	3.1 	2.1 	18.7
175 	Tyrone Hill 	PF 	29 	MIL 	57 	56 	2064 	3.6 	7.3 	.498 	0.0 	0.0 	.000 	3.6 	7.3 	.499 	2.7 	4.4 	.608 	3.7 	6.9 	10.6 	1.5 	1.2 	0.5 	1.8 	4.0 	10.0
176 	Fred Hoiberg 	SG 	25 	IND 	65 	1 	874 	3.5 	9.1 	.383 	1.3 	3.5 	.376 	2.2 	5.6 	.387 	2.4 	2.8 	.855 	0.6 	4.5 	5.1 	1.9 	1.6 	0.1 	0.9 	4.2 	10.8
177 	Jerald Honeycutt 	PF 	23 	MIL 	38 	0 	530 	6.1 	15.0 	.407 	2.0 	5.2 	.377 	4.1 	9.8 	.424 	2.4 	3.9 	.621 	1.8 	4.5 	6.3 	2.2 	1.4 	0.4 	3.3 	5.6 	16.6
178 	Jeff Hornacek 	SG 	34 	UTA 	80 	80 	2460 	5.8 	12.1 	.482 	0.8 	1.9 	.441 	5.0 	10.3 	.489 	4.2 	4.7 	.885 	1.0 	3.0 	4.0 	5.1 	1.6 	0.2 	1.9 	2.6 	16.7
179 	Robert Horry 	PF 	27 	LAL 	72 	71 	2192 	3.3 	6.9 	.476 	0.3 	1.5 	.204 	3.0 	5.4 	.554 	1.9 	2.8 	.692 	3.1 	5.8 	8.9 	2.7 	1.8 	1.5 	1.6 	3.9 	8.8
180 	Allan Houston 	SG 	26 	NYK 	82 	82 	2848 	7.2 	16.1 	.447 	1.0 	2.7 	.385 	6.2 	13.4 	.460 	3.6 	4.2 	.851 	0.5 	2.9 	3.5 	2.7 	0.8 	0.3 	2.5 	2.6 	19.1
181 	Juwan Howard 	PF 	24 	WAS 	64 	64 	2559 	6.5 	13.9 	.467 	0.0 	0.0 	.000 	6.5 	13.9 	.468 	3.6 	5.0 	.721 	2.3 	4.1 	6.3 	2.9 	1.2 	0.3 	2.6 	3.2 	16.7
182 	Stephen Howard 	SF 	27 	SEA 	13 	0 	53 	5.4 	14.3 	.381 	0.0 	0.0 	0.0	5.4 	14.3 	.381 	6.1 	12.2 	.500 	4.1 	4.1 	8.2 	2.0 	2.0 	0.7 	4.1 	8.8 	17.0
183 	Troy Hudson 	PG 	21 	UTA 	8 	0 	23 	9.4 	21.9 	.429 	0.0 	4.7 	.000 	9.4 	17.2 	.545 	0.0 	0.0 	0.0	1.6 	1.6 	3.1 	6.3 	3.1 	0.0 	1.6 	1.6 	18.8
184 	Lindsey Hunter 	PG 	27 	DET 	71 	67 	2505 	4.5 	11.9 	.383 	1.2 	3.8 	.321 	3.3 	8.1 	.412 	2.1 	2.8 	.740 	0.9 	2.7 	3.5 	3.2 	1.8 	0.1 	1.6 	2.5 	12.4
185 	Bobby Hurley 	PG 	26 	TOT 	61 	3 	875 	3.8 	9.8 	.391 	0.2 	0.9 	.227 	3.6 	8.9 	.407 	2.4 	3.1 	.776 	0.5 	2.2 	2.7 	7.3 	0.9 	0.0 	3.5 	3.3 	10.3
186 	Zydrunas Ilgauskas 	C 	22 	CLE 	82 	81 	2379 	6.9 	13.3 	.518 	0.0 	0.1 	.250 	6.9 	13.2 	.519 	3.5 	4.6 	.762 	4.2 	6.7 	10.9 	1.1 	0.8 	2.0 	2.2 	4.4 	17.2
187 	Allen Iverson 	SG 	22 	PHI 	80 	80 	3150 	7.4 	16.1 	.461 	0.8 	2.7 	.298 	6.6 	13.4 	.494 	4.5 	6.1 	.729 	1.0 	2.4 	3.4 	5.6 	2.0 	0.3 	2.8 	2.3 	20.1
188 	Bobby Jackson 	PG 	24 	DEN 	68 	53 	2042 	5.5 	13.9 	.392 	0.4 	1.4 	.259 	5.1 	12.5 	.407 	2.6 	3.2 	.814 	1.4 	3.9 	5.3 	5.6 	1.9 	0.2 	3.2 	2.8 	13.9
189 	Jaren Jackson 	SG 	30 	SAS 	82 	45 	2226 	4.2 	10.6 	.394 	1.8 	4.8 	.377 	2.4 	5.8 	.409 	1.5 	1.9 	.797 	0.9 	2.5 	3.4 	2.5 	1.0 	0.1 	1.7 	3.6 	11.7
190 	Jim Jackson 	SG 	27 	TOT 	79 	78 	3046 	5.6 	13.1 	.430 	0.7 	2.3 	.319 	4.9 	10.8 	.453 	2.7 	3.3 	.812 	1.5 	3.2 	4.7 	4.5 	0.9 	0.1 	3.1 	2.2 	14.7
191 	Mark Jackson 	PG 	32 	IND 	82 	82 	2413 	3.7 	8.9 	.416 	0.6 	2.0 	.314 	3.1 	6.9 	.447 	2.0 	2.7 	.761 	1.0 	3.8 	4.8 	10.6 	1.3 	0.0 	2.6 	2.0 	10.1
192 	Henry James 	PF 	32 	CLE 	28 	0 	166 	5.2 	12.8 	.407 	2.4 	5.4 	.440 	2.8 	7.4 	.382 	4.6 	4.8 	.955 	0.4 	2.8 	3.3 	1.1 	0.2 	0.2 	2.6 	5.2 	17.3
193 	Anthony Johnson 	PG 	23 	SAC 	77 	62 	2266 	3.6 	9.7 	.371 	0.7 	2.0 	.328 	2.9 	7.6 	.383 	1.3 	1.7 	.727 	0.8 	1.9 	2.7 	5.2 	1.0 	0.1 	1.9 	3.0 	9.1
194 	Avery Johnson 	PG 	32 	SAS 	75 	73 	2674 	4.3 	9.0 	.478 	0.0 	0.2 	.154 	4.3 	8.9 	.485 	1.6 	2.3 	.726 	0.4 	1.6 	2.0 	8.0 	1.1 	0.2 	2.2 	1.9 	10.3
195 	Eddie Johnson 	SF 	38 	HOU 	75 	1 	1490 	5.5 	13.1 	.417 	1.6 	4.8 	.333 	3.9 	8.4 	.465 	2.7 	3.3 	.831 	1.2 	2.5 	3.7 	2.1 	0.8 	0.1 	1.5 	2.2 	15.3
196 	Ervin Johnson 	C 	30 	MIL 	81 	81 	2261 	4.0 	7.5 	.537 	0.0 	0.0 	0.0	4.0 	7.5 	.537 	2.3 	3.8 	.601 	3.9 	7.1 	10.9 	0.9 	1.3 	2.5 	1.9 	5.1 	10.3
197 	Kevin Johnson 	PG 	31 	PHO 	50 	12 	1290 	4.3 	9.7 	.447 	0.1 	0.7 	.154 	4.2 	9.0 	.470 	4.5 	5.2 	.871 	1.0 	3.6 	4.6 	6.8 	0.8 	0.2 	2.8 	1.6 	13.3
198 	Larry Johnson 	SF 	28 	NYK 	70 	70 	2412 	6.4 	13.2 	.485 	0.2 	0.9 	.238 	6.2 	12.3 	.504 	3.2 	4.2 	.756 	2.6 	3.4 	6.0 	2.2 	0.6 	0.2 	1.9 	2.9 	16.2
199 	Charles Jones 	PF 	40 	HOU 	24 	0 	127 	2.0 	2.8 	.700 	0.0 	0.0 	0.0	2.0 	2.8 	.700 	0.3 	0.6 	.500 	3.4 	3.4 	6.8 	1.4 	0.3 	1.7 	1.1 	6.2 	4.3
200 	Dontae' Jones 	SF 	22 	BOS 	15 	0 	91 	7.5 	22.5 	.333 	2.4 	9.1 	.261 	5.1 	13.5 	.382 	0.0 	0.0 	0.0	1.2 	2.4 	3.6 	2.0 	0.8 	1.2 	4.4 	4.7 	17.4
201 	Eddie Jones 	SG 	26 	LAL 	80 	80 	2910 	6.0 	12.4 	.484 	1.8 	4.6 	.389 	4.2 	7.9 	.538 	2.9 	3.8 	.765 	1.1 	2.7 	3.7 	3.0 	2.0 	0.7 	1.8 	2.0 	16.7
202 	Popeye Jones 	PF 	27 	TOR 	14 	4 	352 	5.3 	13.0 	.409 	0.2 	0.3 	.667 	5.1 	12.7 	.403 	1.4 	1.9 	.737 	5.1 	5.3 	10.4 	1.8 	1.0 	0.3 	1.6 	4.0 	12.3
203 	Michael Jordan* 	SG 	34 	CHI 	82 	82 	3181 	10.0 	21.4 	.465 	0.3 	1.4 	.238 	9.6 	20.0 	.482 	6.4 	8.2 	.784 	1.5 	3.9 	5.4 	3.2 	1.6 	0.5 	2.1 	1.7 	26.7
204 	Reggie Jordan 	SG 	30 	MIN 	57 	1 	487 	4.0 	8.4 	.478 	0.0 	0.1 	.000 	4.0 	8.3 	.482 	3.0 	5.3 	.569 	4.2 	3.0 	7.2 	3.7 	2.6 	0.7 	2.2 	4.7 	11.0
205 	Adam Keefe 	C 	27 	UTA 	80 	75 	2047 	4.0 	7.5 	.540 	0.0 	0.0 	0.0	4.0 	7.5 	.540 	2.8 	3.5 	.810 	3.1 	4.6 	7.7 	1.6 	0.9 	0.4 	1.2 	3.0 	10.9
206 	Shawn Kemp 	PF 	28 	CLE 	80 	80 	2769 	6.7 	15.1 	.445 	0.0 	0.1 	.250 	6.7 	15.0 	.446 	5.3 	7.2 	.727 	2.8 	6.8 	9.7 	2.6 	1.4 	1.2 	3.5 	4.0 	18.7
207 	Tim Kempton 	PF 	34 	TOT 	8 	0 	47 	1.5 	6.9 	.222 	0.0 	0.0 	0.0	1.5 	6.9 	.222 	0.0 	0.0 	0.0	3.1 	1.5 	4.6 	2.3 	0.8 	1.5 	3.1 	7.7 	3.1
208 	Steve Kerr 	PG 	32 	CHI 	50 	0 	1119 	4.4 	9.7 	.454 	1.8 	4.2 	.438 	2.6 	5.5 	.465 	1.4 	1.6 	.918 	0.5 	2.0 	2.5 	3.1 	0.8 	0.2 	0.9 	2.3 	12.1
209 	Jerome Kersey 	SF 	35 	SEA 	37 	2 	717 	4.9 	11.7 	.416 	0.1 	0.5 	.100 	4.8 	11.2 	.430 	2.0 	3.3 	.600 	2.8 	4.0 	6.8 	2.2 	2.6 	0.7 	1.8 	5.2 	11.7
210 	Jason Kidd 	PG 	24 	PHO 	82 	82 	3118 	4.1 	9.9 	.416 	0.8 	2.7 	.313 	3.3 	7.2 	.454 	1.9 	2.4 	.799 	1.2 	4.6 	5.9 	8.6 	1.9 	0.3 	3.0 	1.6 	11.0
211 	Kerry Kittles 	SG 	23 	NJN 	77 	76 	2814 	6.5 	14.8 	.440 	1.4 	3.4 	.418 	5.1 	11.4 	.447 	2.6 	3.2 	.808 	1.7 	2.9 	4.6 	2.3 	1.7 	0.5 	1.4 	1.9 	17.0
212 	Joe Kleine 	C 	36 	CHI 	46 	1 	397 	3.5 	9.6 	.368 	0.0 	0.0 	0.0	3.5 	9.6 	.368 	1.4 	1.6 	.833 	2.4 	4.5 	7.0 	2.7 	0.4 	0.5 	2.5 	5.7 	8.4
213 	Brevin Knight 	PG 	22 	CLE 	80 	76 	2483 	3.8 	8.6 	.441 	0.0 	0.1 	.000 	3.8 	8.5 	.446 	2.9 	3.6 	.801 	1.0 	2.7 	3.7 	9.5 	2.8 	0.3 	2.8 	3.9 	10.5
214 	Travis Knight 	C 	23 	BOS 	74 	21 	1503 	4.6 	10.5 	.441 	0.4 	1.3 	.273 	4.3 	9.2 	.465 	1.9 	2.5 	.786 	3.5 	5.2 	8.7 	2.5 	1.3 	2.0 	2.1 	6.1 	11.5
215 	Toni Kukoc 	SF 	29 	CHI 	74 	52 	2235 	6.2 	13.5 	.455 	1.0 	2.8 	.362 	5.2 	10.7 	.480 	2.5 	3.5 	.708 	1.9 	3.3 	5.3 	5.1 	1.2 	0.6 	2.5 	2.4 	15.8
216 	Christian Laettner 	PF 	28 	ATL 	74 	49 	2282 	5.6 	11.5 	.485 	0.1 	0.4 	.222 	5.5 	11.1 	.495 	4.8 	5.6 	.864 	2.2 	5.4 	7.7 	3.0 	1.1 	1.2 	2.9 	3.9 	16.1
217 	Andrew Lang 	C 	31 	MIL 	57 	0 	692 	2.8 	7.4 	.378 	0.0 	0.1 	.000 	2.8 	7.4 	.380 	2.3 	3.0 	.772 	2.9 	5.0 	8.0 	0.8 	0.9 	1.4 	1.7 	5.3 	7.9
218 	Antonio Lang 	SF 	25 	MIA 	6 	0 	29 	3.7 	6.2 	.600 	0.0 	0.0 	0.0	3.7 	6.2 	.600 	7.4 	9.9 	.750 	2.5 	3.7 	6.2 	1.2 	2.5 	0.0 	5.0 	3.7 	14.9
219 	Rusty LaRue 	PG 	24 	CHI 	14 	0 	140 	5.1 	12.6 	.408 	1.0 	4.1 	.250 	4.1 	8.5 	.485 	1.3 	2.1 	.625 	0.3 	1.8 	2.1 	1.3 	0.8 	0.3 	1.5 	3.1 	12.6
220 	Priest Lauderdale 	C 	24 	DEN 	39 	0 	345 	5.5 	13.3 	.417 	0.0 	0.0 	0.0	5.5 	13.3 	.417 	4.0 	7.2 	.551 	2.8 	7.6 	10.4 	2.2 	0.7 	1.8 	4.8 	6.6 	15.0
221 	Jason Lawson 	C 	23 	ORL 	17 	0 	80 	4.1 	6.8 	.600 	0.0 	0.0 	0.0	4.1 	6.8 	.600 	3.6 	4.5 	.800 	3.6 	8.6 	12.2 	2.3 	1.8 	1.8 	0.9 	6.3 	11.7
222 	Tim Legler 	SG 	31 	WAS 	8 	0 	76 	1.4 	9.0 	.158 	0.0 	2.8 	.000 	1.4 	6.2 	.231 	1.4 	1.9 	.750 	0.9 	0.9 	1.9 	1.4 	0.5 	0.0 	1.9 	5.2 	4.3
223 	Voshon Lenard 	SG 	24 	MIA 	81 	81 	2621 	5.0 	11.7 	.425 	2.1 	5.2 	.405 	2.9 	6.5 	.441 	1.9 	2.5 	.788 	1.0 	3.0 	4.0 	2.5 	0.8 	0.2 	1.4 	3.0 	14.0
224 	Alton Lister 	C 	39 	POR 	7 	0 	44 	2.5 	6.5 	.375 	0.0 	0.0 	0.0	2.5 	6.5 	.375 	0.0 	0.0 	0.0	1.6 	7.4 	9.0 	0.8 	0.8 	0.8 	1.6 	9.8 	4.9
225 	Randy Livingston 	PG 	22 	ATL 	12 	0 	82 	1.3 	5.3 	.250 	0.0 	0.0 	0.0	1.3 	5.3 	.250 	1.8 	2.2 	.800 	0.4 	2.2 	2.6 	2.2 	3.1 	0.9 	2.6 	2.6 	4.4
226 	Horacio Llamas Grey 	C 	24 	PHO 	8 	0 	42 	6.9 	18.0 	.381 	0.9 	2.6 	.333 	6.0 	15.4 	.389 	6.0 	8.6 	.700 	3.4 	12.0 	15.4 	0.9 	0.9 	2.6 	7.7 	12.0 	20.6
227 	Brad Lohaus 	PF 	33 	SAS 	9 	0 	102 	2.5 	7.4 	.333 	1.4 	4.9 	.286 	1.1 	2.5 	.429 	0.4 	1.1 	.333 	1.1 	3.2 	4.2 	1.8 	0.4 	0.7 	1.1 	3.5 	6.7
228 	Grant Long 	PF 	31 	DET 	40 	17 	739 	2.4 	5.7 	.427 	0.0 	0.2 	.000 	2.4 	5.5 	.442 	2.0 	2.8 	.719 	2.8 	4.5 	7.3 	1.2 	1.4 	0.6 	1.1 	4.4 	6.9
229 	Luc Longley 	C 	29 	CHI 	58 	58 	1703 	5.9 	12.9 	.455 	0.0 	0.0 	0.0	5.9 	12.9 	.455 	2.3 	3.1 	.736 	2.4 	4.8 	7.2 	3.4 	0.7 	1.3 	2.7 	4.4 	14.0
230 	George Lynch 	SF 	27 	VAN 	82 	0 	1493 	6.0 	12.4 	.481 	0.2 	0.7 	.300 	5.8 	11.7 	.492 	2.7 	3.8 	.703 	3.5 	5.2 	8.7 	2.9 	1.6 	1.0 	2.5 	3.9 	14.9
231 	Sam Mack 	SF 	27 	VAN 	57 	54 	1414 	5.7 	14.2 	.397 	2.8 	6.8 	.409 	2.9 	7.4 	.386 	1.6 	2.0 	.805 	0.8 	2.6 	3.4 	2.6 	1.0 	0.3 	1.8 	3.0 	15.7
232 	Don MacLean 	SF 	28 	NJN 	9 	0 	42 	0.9 	8.6 	.100 	0.9 	1.7 	.500 	0.0 	6.9 	.000 	0.0 	0.0 	0.0	2.6 	1.7 	4.3 	0.0 	0.0 	0.0 	1.7 	6.0 	2.6
233 	Gerald Madkins 	SG 	28 	GSW 	19 	0 	243 	1.9 	5.0 	.382 	0.9 	2.2 	.400 	1.0 	2.8 	.368 	0.7 	1.0 	.714 	0.3 	1.9 	2.2 	6.7 	1.9 	0.1 	1.9 	2.7 	5.5
234 	Rick Mahorn 	C 	39 	DET 	59 	0 	707 	3.0 	6.6 	.457 	0.0 	0.0 	0.0	3.0 	6.6 	.457 	1.2 	1.7 	.676 	3.3 	6.6 	9.9 	0.8 	0.7 	0.4 	1.9 	6.3 	7.2
235 	Dan Majerle 	SG 	32 	MIA 	72 	22 	1928 	3.4 	8.2 	.419 	2.1 	5.5 	.376 	1.4 	2.7 	.507 	0.7 	1.0 	.784 	0.9 	4.1 	5.0 	2.9 	1.3 	0.3 	1.2 	2.6 	9.7
236 	Karl Malone* 	PF 	34 	UTA 	81 	81 	3030 	9.3 	17.5 	.530 	0.0 	0.1 	.333 	9.2 	17.4 	.531 	7.5 	9.8 	.761 	2.2 	7.7 	9.9 	3.8 	1.1 	0.8 	2.9 	2.8 	26.0
237 	Matt Maloney 	PG 	26 	HOU 	78 	78 	2217 	3.9 	9.5 	.408 	2.0 	5.6 	.364 	1.8 	3.9 	.471 	1.1 	1.3 	.833 	0.3 	2.0 	2.3 	3.6 	1.0 	0.1 	1.7 	1.6 	10.9
238 	Danny Manning 	PF 	31 	PHO 	70 	11 	1794 	7.8 	15.2 	.516 	0.0 	0.1 	.000 	7.8 	15.0 	.521 	3.4 	4.5 	.739 	2.2 	5.7 	7.9 	2.8 	1.4 	0.9 	2.0 	4.0 	19.0
239 	Stephon Marbury 	PG 	20 	MIN 	82 	81 	3112 	5.9 	14.3 	.415 	1.1 	3.5 	.313 	4.8 	10.8 	.448 	3.8 	5.2 	.731 	0.7 	2.0 	2.7 	8.1 	1.2 	0.1 	3.0 	2.6 	16.8
240 	Donyell Marshall 	SF 	24 	GSW 	73 	73 	2611 	6.2 	15.0 	.414 	0.9 	2.8 	.313 	5.3 	12.3 	.436 	2.2 	3.0 	.731 	2.9 	5.8 	8.7 	2.2 	1.3 	1.0 	2.0 	3.1 	15.5
241 	Darrick Martin 	PG 	26 	LAC 	82 	63 	2299 	4.3 	11.4 	.377 	1.7 	4.6 	.365 	2.6 	6.8 	.384 	2.9 	3.4 	.848 	0.3 	2.3 	2.6 	5.2 	1.3 	0.2 	2.4 	3.1 	13.2
242 	Jamal Mashburn 	SF 	25 	MIA 	48 	48 	1729 	5.2 	12.0 	.435 	0.8 	2.5 	.303 	4.5 	9.5 	.470 	3.8 	4.8 	.797 	1.5 	3.4 	4.9 	2.7 	0.9 	0.3 	2.2 	2.9 	15.1
243 	Anthony Mason 	PF 	31 	CHH 	81 	80 	3148 	4.4 	8.7 	.509 	0.0 	0.0 	.000 	4.4 	8.7 	.512 	3.0 	4.6 	.649 	2.0 	7.4 	9.4 	3.9 	0.8 	0.2 	1.7 	2.1 	11.9
244 	Tony Massenburg 	C 	30 	VAN 	61 	13 	894 	6.0 	12.4 	.479 	0.0 	0.0 	0.0	6.0 	12.4 	.479 	4.0 	5.5 	.730 	3.2 	6.1 	9.3 	0.8 	1.0 	1.0 	2.4 	5.0 	15.9
245 	Vernon Maxwell 	SG 	32 	TOT 	42 	0 	636 	5.8 	14.6 	.399 	2.1 	6.3 	.330 	3.7 	8.3 	.452 	2.7 	3.4 	.800 	0.8 	2.4 	3.2 	2.9 	0.9 	0.2 	2.3 	4.0 	16.5
246 	Lee Mayberry 	PG 	27 	VAN 	79 	32 	1835 	2.6 	6.8 	.375 	1.2 	3.5 	.350 	1.3 	3.3 	.402 	0.7 	1.0 	.745 	0.4 	1.9 	2.2 	6.8 	1.3 	0.2 	2.2 	3.2 	7.1
247 	Bob McCann 	SF 	33 	TOR 	1 	0 	5 	0.0 	7.2 	.000 	0.0 	0.0 	0.0	0.0 	7.2 	.000 	0.0 	0.0 	0.0	0.0 	7.2 	7.2 	0.0 	0.0 	0.0 	0.0 	7.2 	0.0
248 	Walter McCarty 	SF 	23 	BOS 	82 	64 	2340 	4.5 	11.2 	.404 	0.8 	2.7 	.309 	3.7 	8.5 	.434 	2.2 	3.0 	.742 	2.2 	3.4 	5.6 	2.7 	1.7 	0.7 	2.2 	4.2 	12.1
249 	George McCloud 	SF 	30 	PHO 	63 	13 	1213 	5.1 	12.7 	.405 	2.1 	6.2 	.341 	3.0 	6.5 	.466 	1.2 	1.5 	.765 	1.3 	5.1 	6.5 	2.5 	1.6 	0.4 	1.9 	3.9 	13.5
250 	Xavier McDaniel 	SF 	34 	NJN 	20 	0 	180 	2.0 	6.0 	.333 	0.0 	0.0 	0.0	2.0 	6.0 	.333 	1.0 	1.6 	.625 	2.4 	3.8 	6.2 	1.8 	0.6 	0.4 	1.6 	4.6 	5.0
251 	Michael McDonald 	C 	28 	CHH 	1 	0 	4 	0.0 	0.0 	0.0	0.0 	0.0 	0.0	0.0 	0.0 	0.0	0.0 	0.0 	0.0	9.0 	0.0 	9.0 	0.0 	0.0 	0.0 	18.0 	9.0 	0.0
252 	Antonio McDyess 	PF 	23 	PHO 	81 	81 	2441 	7.3 	13.7 	.536 	0.0 	0.0 	.000 	7.3 	13.6 	.537 	3.4 	4.9 	.702 	3.0 	6.0 	9.0 	1.6 	1.5 	2.0 	2.1 	4.3 	18.1
253 	Tracy McGrady 	SF 	18 	TOR 	64 	17 	1179 	5.5 	12.2 	.450 	0.4 	1.3 	.341 	5.0 	10.9 	.462 	2.4 	3.4 	.712 	3.2 	5.0 	8.2 	3.0 	1.5 	1.9 	2.0 	2.6 	13.8
254 	Jim McIlvaine 	C 	25 	SEA 	78 	72 	1211 	3.0 	6.6 	.453 	0.0 	0.1 	.000 	3.0 	6.5 	.459 	1.3 	2.4 	.556 	2.9 	4.8 	7.7 	0.6 	0.7 	4.1 	1.6 	7.1 	7.3
255 	Derrick McKey 	SF 	31 	IND 	57 	4 	1316 	4.1 	8.9 	.459 	0.1 	0.5 	.235 	4.0 	8.5 	.471 	1.5 	2.1 	.714 	2.0 	3.7 	5.8 	2.4 	1.6 	0.8 	2.2 	4.3 	9.8
256 	Aaron McKie 	SF 	25 	TOT 	81 	32 	1813 	2.8 	7.6 	.365 	0.2 	1.3 	.190 	2.5 	6.3 	.399 	0.8 	1.1 	.764 	1.2 	3.4 	4.6 	3.5 	2.0 	0.3 	1.5 	3.3 	6.6
257 	Nate McMillan 	SG 	33 	SEA 	18 	1 	279 	3.0 	8.6 	.343 	1.9 	4.4 	.441 	1.0 	4.3 	.242 	0.1 	0.1 	1.000 	1.7 	3.5 	5.2 	7.1 	1.8 	0.5 	1.5 	5.3 	8.0
258 	Ron Mercer 	SG 	21 	BOS 	80 	62 	2662 	7.0 	15.5 	.450 	0.0 	0.4 	.107 	6.9 	15.1 	.458 	2.5 	3.0 	.839 	1.5 	2.3 	3.8 	2.4 	1.7 	0.2 	1.8 	2.9 	16.5
259 	Marko Milic 	SF 	20 	PHO 	33 	0 	163 	8.6 	14.1 	.609 	0.7 	1.3 	.500 	8.0 	12.8 	.621 	2.4 	3.8 	.647 	2.2 	3.3 	5.5 	2.7 	2.2 	0.0 	4.6 	3.8 	20.3
260 	Anthony Miller 	PF 	26 	ATL 	37 	0 	228 	4.6 	8.2 	.558 	0.0 	0.0 	0.0	4.6 	8.2 	.558 	3.3 	6.2 	.538 	4.7 	6.3 	11.1 	0.5 	2.4 	0.5 	2.2 	6.5 	12.5
261 	Oliver Miller 	C 	27 	TOR 	64 	53 	1628 	3.8 	8.2 	.461 	0.0 	0.1 	.000 	3.8 	8.1 	.466 	1.3 	2.2 	.604 	3.2 	5.6 	8.8 	4.3 	1.3 	1.6 	2.9 	4.1 	8.9
262 	Reggie Miller* 	SG 	32 	IND 	81 	81 	2795 	6.6 	13.9 	.477 	2.1 	4.9 	.429 	4.5 	9.0 	.504 	4.9 	5.7 	.868 	0.6 	2.4 	3.0 	2.2 	1.0 	0.1 	1.6 	1.9 	20.3
263 	Chris Mills 	SF 	28 	NYK 	80 	29 	2183 	4.8 	11.1 	.433 	0.7 	2.3 	.292 	4.2 	8.9 	.468 	2.5 	3.1 	.804 	2.0 	4.7 	6.7 	2.2 	0.7 	0.5 	1.8 	3.6 	12.8
264 	Terry Mills 	PF 	30 	MIA 	50 	0 	782 	3.7 	9.5 	.393 	1.2 	3.7 	.309 	2.6 	5.8 	.448 	1.2 	1.5 	.758 	1.6 	5.4 	7.0 	1.8 	0.9 	0.4 	2.1 	5.9 	9.8
265 	Greg Minor 	SG 	26 	BOS 	69 	16 	1126 	4.5 	10.3 	.436 	0.2 	1.0 	.194 	4.3 	9.3 	.462 	1.9 	2.7 	.686 	1.8 	3.0 	4.8 	2.8 	1.7 	0.4 	1.4 	3.2 	11.0
266 	Sam Mitchell 	SF 	34 	MIN 	81 	33 	2239 	6.0 	12.9 	.464 	0.2 	0.7 	.349 	5.7 	12.2 	.470 	3.9 	4.7 	.832 	1.9 	4.3 	6.2 	1.7 	1.0 	0.4 	1.1 	3.2 	16.1
267 	Eric Montross 	C 	26 	TOT 	48 	30 	691 	3.2 	7.5 	.424 	0.0 	0.0 	0.0	3.2 	7.5 	.424 	0.8 	2.1 	.400 	3.6 	6.8 	10.4 	0.6 	0.7 	1.4 	1.5 	6.6 	7.2
268 	Chris Morris 	SF 	32 	UTA 	54 	1 	538 	5.7 	13.9 	.411 	1.3 	4.1 	.306 	4.4 	9.7 	.455 	2.9 	4.1 	.721 	2.3 	5.3 	7.6 	1.6 	1.7 	1.1 	2.2 	4.1 	15.6
269 	Lawrence Moten 	SG 	25 	WAS 	8 	0 	27 	4.0 	17.3 	.231 	0.0 	1.3 	.000 	4.0 	16.0 	.250 	4.0 	5.3 	.750 	1.3 	0.0 	1.3 	4.0 	0.0 	0.0 	1.3 	8.0 	12.0
270 	Alonzo Mourning 	C 	27 	MIA 	58 	56 	1939 	7.5 	13.6 	.551 	0.0 	0.0 	0.0	7.5 	13.6 	.551 	5.7 	8.6 	.665 	3.6 	6.8 	10.4 	1.0 	0.7 	2.4 	3.3 	3.9 	20.7
271 	Chris Mullin* 	SF 	34 	IND 	82 	82 	2177 	5.5 	11.4 	.481 	1.8 	4.0 	.440 	3.7 	7.4 	.503 	2.5 	2.7 	.939 	0.6 	3.5 	4.1 	3.1 	1.6 	0.6 	1.9 	3.1 	15.3
272 	Eric Murdock 	PG 	29 	MIA 	82 	1 	1395 	4.6 	10.8 	.422 	0.7 	2.3 	.308 	3.8 	8.5 	.454 	3.2 	4.0 	.801 	1.0 	3.0 	4.0 	5.7 	2.7 	0.3 	2.7 	4.5 	13.1
273 	Lamond Murray 	SF 	24 	LAC 	79 	65 	2579 	6.6 	13.7 	.481 	0.8 	2.1 	.353 	5.8 	11.6 	.504 	3.1 	4.1 	.748 	2.4 	4.4 	6.8 	2.0 	1.6 	0.8 	2.4 	2.7 	17.0
274 	Tracy Murray 	SF 	26 	WAS 	82 	12 	2227 	7.3 	16.3 	.446 	2.6 	6.5 	.392 	4.7 	9.8 	.482 	2.9 	3.4 	.871 	1.2 	3.3 	4.5 	1.4 	1.1 	0.4 	1.6 	2.7 	20.0
275 	Dikembe Mutombo 	C 	31 	ATL 	82 	82 	2917 	4.9 	9.2 	.537 	0.0 	0.0 	0.0	4.9 	9.2 	.537 	3.7 	5.6 	.670 	3.4 	8.1 	11.5 	1.0 	0.4 	3.4 	2.1 	3.1 	13.6
276 	Martin Muursepp 	PF 	23 	DAL 	41 	7 	603 	5.0 	11.4 	.435 	1.0 	2.3 	.421 	4.0 	9.1 	.438 	3.0 	4.0 	.761 	2.7 	4.1 	6.8 	1.8 	1.7 	0.8 	1.7 	5.7 	13.9
277 	Pete Myers 	SG 	34 	NYK 	9 	0 	40 	4.5 	9.0 	.500 	0.0 	0.0 	0.0	4.5 	9.0 	.500 	3.6 	5.4 	.667 	4.5 	4.5 	9.0 	2.7 	3.6 	0.0 	3.6 	6.3 	12.6
278 	Steve Nash 	PG 	23 	PHO 	76 	9 	1664 	5.8 	12.6 	.459 	1.8 	4.2 	.415 	4.0 	8.4 	.481 	1.6 	1.9 	.860 	0.7 	2.8 	3.5 	5.7 	1.4 	0.1 	2.1 	3.1 	14.9
279 	Ivano Newbill 	PF 	27 	VAN 	28 	2 	249 	2.9 	8.2 	.351 	0.1 	0.1 	1.000 	2.7 	8.1 	.339 	2.5 	4.3 	.567 	3.5 	6.5 	10.0 	1.3 	1.4 	0.4 	2.5 	5.5 	8.4
280 	Johnny Newman 	SF 	34 	DEN 	74 	15 	2176 	5.7 	13.2 	.431 	0.6 	1.7 	.343 	5.1 	11.5 	.444 	6.0 	7.4 	.820 	0.8 	1.5 	2.3 	2.3 	1.3 	0.4 	2.4 	3.4 	18.0
281 	Jeff Nordgaard 	PF 	24 	MIL 	13 	0 	48 	3.7 	13.5 	.278 	0.0 	0.0 	0.0	3.7 	13.5 	.278 	6.0 	6.8 	.889 	3.0 	7.5 	10.5 	2.3 	1.5 	0.0 	2.3 	5.2 	13.5
282 	Charles O'Bannon 	SG 	22 	DET 	30 	0 	234 	4.0 	10.6 	.377 	0.0 	0.5 	.000 	4.0 	10.2 	.394 	1.8 	2.3 	.800 	2.2 	2.9 	5.1 	2.6 	1.4 	0.2 	1.4 	2.3 	9.8
283 	Jermaine O'Neal 	PF 	19 	POR 	60 	9 	808 	5.0 	10.3 	.485 	0.0 	0.1 	.000 	5.0 	10.2 	.489 	2.0 	4.0 	.506 	3.6 	5.4 	9.0 	0.8 	0.7 	2.6 	2.5 	4.5 	12.0
284 	Shaquille O'Neal 	C 	25 	LAL 	60 	57 	2175 	11.1 	19.0 	.584 	0.0 	0.0 	0.0	11.1 	19.0 	.584 	5.9 	11.3 	.527 	3.4 	7.8 	11.3 	2.4 	0.6 	2.4 	2.9 	3.2 	28.1
285 	Charles Oakley 	PF 	34 	NYK 	79 	79 	2734 	4.0 	9.2 	.440 	0.0 	0.1 	.000 	4.0 	9.1 	.444 	1.3 	1.5 	.851 	2.9 	6.7 	9.5 	2.6 	1.6 	0.3 	1.7 	3.7 	9.4
286 	Hakeem Olajuwon* 	C 	35 	HOU 	47 	45 	1633 	6.7 	14.0 	.483 	0.0 	0.1 	.000 	6.7 	13.9 	.486 	3.5 	4.7 	.755 	2.6 	7.6 	10.1 	3.2 	1.9 	2.1 	2.8 	3.4 	17.0
287 	Brian Oliver 	SG 	29 	ATL 	5 	0 	61 	4.1 	11.2 	.368 	0.0 	0.0 	0.0	4.1 	11.2 	.368 	0.6 	2.4 	.250 	1.8 	3.5 	5.3 	1.2 	0.6 	0.0 	0.6 	2.4 	8.9
288 	Jimmy Oliver 	SG 	28 	WAS 	1 	0 	10 	7.2 	14.4 	.500 	3.6 	7.2 	.500 	3.6 	7.2 	.500 	0.0 	0.0 	0.0	0.0 	7.2 	7.2 	3.6 	0.0 	0.0 	0.0 	3.6 	18.0
289 	Kevin Ollie 	PG 	25 	TOT 	35 	0 	430 	3.1 	8.2 	.378 	0.0 	0.1 	.000 	3.1 	8.1 	.381 	4.1 	5.9 	.700 	0.8 	2.5 	3.3 	5.4 	1.1 	0.0 	3.7 	2.6 	10.3
290 	Greg Ostertag 	C 	24 	UTA 	63 	23 	1288 	3.2 	6.7 	.481 	0.0 	0.0 	0.0	3.2 	6.7 	.481 	1.9 	3.9 	.479 	3.7 	6.7 	10.5 	0.7 	0.8 	3.7 	2.1 	4.6 	8.3
291 	Bo Outlaw 	PF 	26 	ORL 	82 	76 	2953 	3.7 	6.6 	.554 	0.0 	0.0 	.250 	3.7 	6.6 	.557 	2.2 	3.8 	.575 	3.1 	4.7 	7.8 	2.6 	1.3 	2.2 	2.1 	3.2 	9.5
292 	Doug Overton 	PG 	28 	PHI 	23 	2 	277 	3.1 	8.2 	.381 	0.0 	0.4 	.000 	3.1 	7.8 	.400 	1.8 	2.1 	.875 	0.3 	1.6 	1.8 	4.8 	1.0 	0.1 	3.0 	4.4 	8.1
293 	Billy Owens 	SF 	28 	SAC 	78 	78 	2348 	5.2 	11.2 	.464 	0.4 	1.1 	.371 	4.8 	10.1 	.474 	1.8 	3.0 	.589 	2.6 	6.3 	8.9 	3.4 	1.4 	0.6 	2.3 	3.5 	12.5
294 	Robert Pack 	PG 	28 	DAL 	12 	10 	292 	4.1 	12.1 	.337 	0.4 	0.7 	.500 	3.7 	11.3 	.326 	3.1 	4.4 	.694 	1.0 	3.2 	4.2 	5.2 	2.5 	0.1 	4.7 	2.1 	11.6
295 	Anthony Parker 	SG 	22 	PHI 	37 	0 	196 	4.6 	11.6 	.397 	1.7 	5.1 	.321 	2.9 	6.4 	.457 	2.4 	3.7 	.650 	1.5 	3.3 	4.8 	3.5 	2.0 	0.6 	2.0 	3.1 	13.2
296 	Cherokee Parks 	C 	25 	MIN 	79 	43 	1703 	4.7 	9.5 	.499 	0.0 	0.0 	.000 	4.7 	9.5 	.500 	2.3 	3.6 	.651 	3.0 	6.3 	9.2 	1.1 	0.8 	1.8 	1.4 	5.0 	11.8
297 	Gary Payton* 	PG 	29 	SEA 	82 	82 	3145 	6.6 	14.6 	.453 	1.5 	4.5 	.338 	5.1 	10.1 	.505 	3.2 	4.3 	.744 	0.9 	3.4 	4.3 	7.8 	2.1 	0.2 	2.6 	2.2 	18.0
298 	Anthony Peeler 	SG 	28 	TOT 	38 	32 	1193 	5.7 	12.7 	.452 	1.6 	3.8 	.424 	4.1 	8.9 	.464 	1.1 	1.4 	.766 	1.1 	2.6 	3.7 	4.1 	1.8 	0.2 	1.5 	2.9 	14.2
299 	Will Perdue 	C 	32 	SAS 	79 	30 	1491 	3.9 	7.1 	.549 	0.0 	0.0 	.000 	3.9 	7.1 	.551 	1.7 	3.2 	.526 	4.3 	8.6 	12.9 	1.4 	0.5 	1.2 	2.0 	3.3 	9.5
300 	Sam Perkins 	PF 	36 	SEA 	81 	0 	1675 	4.2 	10.1 	.416 	1.9 	4.8 	.392 	2.3 	5.4 	.438 	2.2 	2.8 	.789 	1.1 	4.3 	5.5 	2.4 	1.3 	0.6 	1.3 	3.4 	12.5
301 	Elliot Perry 	PG 	28 	MIL 	81 	33 	1752 	5.0 	11.5 	.430 	0.3 	1.0 	.340 	4.6 	10.5 	.438 	1.9 	2.2 	.844 	0.4 	1.8 	2.2 	4.7 	1.8 	0.0 	2.6 	2.7 	12.1
302 	Chuck Person 	PF 	33 	SAS 	61 	11 	1455 	3.5 	9.8 	.359 	2.4 	6.8 	.344 	1.2 	3.0 	.393 	0.7 	0.9 	.757 	0.4 	4.6 	5.0 	2.1 	0.7 	0.2 	1.7 	3.0 	10.1
303 	Wesley Person 	SG 	26 	CLE 	82 	82 	3198 	5.0 	10.8 	.460 	2.2 	5.0 	.430 	2.8 	5.7 	.486 	1.5 	1.9 	.776 	0.7 	3.4 	4.1 	2.1 	1.5 	0.6 	1.2 	1.2 	13.6
304 	Bobby Phills 	SG 	28 	CHH 	62 	61 	1887 	4.7 	10.5 	.446 	0.8 	2.2 	.386 	3.9 	8.4 	.461 	2.0 	2.7 	.757 	1.1 	3.0 	4.1 	3.6 	1.5 	0.3 	2.1 	3.5 	12.2
305 	Eric Piatkowski 	SG 	27 	LAC 	67 	35 	1740 	5.3 	11.8 	.452 	2.2 	5.4 	.409 	3.1 	6.4 	.489 	2.9 	3.5 	.824 	1.4 	3.4 	4.9 	1.8 	1.1 	0.2 	1.7 	2.8 	15.7
306 	Ricky Pierce 	SG 	38 	MIL 	39 	0 	442 	4.2 	11.6 	.364 	0.3 	1.1 	.308 	3.9 	10.6 	.369 	3.5 	4.2 	.827 	1.5 	2.1 	3.7 	2.8 	0.7 	0.0 	1.7 	2.9 	12.3
307 	Scottie Pippen* 	SF 	32 	CHI 	44 	44 	1652 	6.9 	15.3 	.447 	1.3 	4.2 	.318 	5.5 	11.2 	.496 	3.3 	4.2 	.777 	1.2 	3.8 	4.9 	5.5 	1.7 	0.9 	2.4 	2.5 	18.3
308 	Scot Pollard 	C 	22 	DET 	33 	0 	317 	4.0 	7.9 	.500 	0.0 	0.0 	0.0	4.0 	7.9 	.500 	2.2 	2.6 	.826 	3.9 	4.5 	8.4 	1.0 	0.9 	1.1 	1.4 	5.5 	10.1
309 	Olden Polynice 	C 	33 	SAC 	70 	25 	1458 	6.1 	13.4 	.459 	0.0 	0.0 	.000 	6.1 	13.4 	.460 	1.3 	2.8 	.452 	4.3 	6.6 	10.8 	2.6 	0.9 	1.1 	2.4 	3.9 	13.6
310 	Mark Pope 	SF 	25 	IND 	28 	0 	193 	2.6 	7.6 	.341 	0.2 	0.6 	.333 	2.4 	7.1 	.342 	1.9 	3.2 	.588 	1.7 	3.2 	4.8 	1.3 	0.6 	1.1 	1.9 	6.7 	7.3
311 	Terry Porter 	PG 	34 	MIN 	82 	8 	1786 	5.2 	11.6 	.449 	1.9 	4.7 	.395 	3.4 	6.9 	.485 	3.4 	3.9 	.856 	0.7 	2.6 	3.4 	5.5 	1.3 	0.3 	2.1 	2.1 	15.7
312 	Vitaly Potapenko 	C 	22 	CLE 	80 	0 	1412 	6.0 	12.4 	.480 	0.0 	0.0 	.000 	6.0 	12.4 	.480 	2.6 	3.7 	.708 	2.8 	5.2 	8.0 	1.5 	0.7 	0.7 	3.4 	5.0 	14.5
313 	Brent Price 	PG 	29 	HOU 	72 	2 	1332 	3.5 	8.4 	.413 	2.0 	5.1 	.390 	1.5 	3.3 	.447 	2.1 	2.6 	.786 	1.0 	1.9 	2.9 	5.2 	1.4 	0.1 	3.0 	4.4 	11.0
314 	Mark Price 	PG 	33 	ORL 	63 	33 	1430 	5.8 	13.4 	.431 	1.3 	3.9 	.335 	4.5 	9.5 	.471 	2.2 	2.6 	.845 	0.6 	2.6 	3.2 	7.5 	1.3 	0.1 	4.1 	2.3 	15.0
315 	Theo Ratliff 	C 	24 	TOT 	82 	67 	2447 	4.5 	8.8 	.513 	0.0 	0.0 	0.0	4.5 	8.8 	.513 	2.9 	4.1 	.701 	3.3 	4.8 	8.0 	0.8 	0.7 	3.8 	1.7 	4.3 	11.9
316 	Eldridge Recasner 	SG 	30 	ATL 	59 	14 	1454 	5.1 	11.2 	.456 	1.5 	3.7 	.419 	3.6 	7.5 	.474 	1.8 	2.0 	.937 	0.8 	2.7 	3.5 	2.9 	1.0 	0.0 	2.3 	2.3 	13.6
317 	Bryant Reeves 	C 	24 	VAN 	74 	74 	2527 	7.0 	13.4 	.523 	0.0 	0.1 	.000 	7.0 	13.3 	.525 	3.2 	4.5 	.706 	2.8 	5.5 	8.3 	2.2 	0.6 	1.1 	2.2 	4.0 	17.2
318 	Khalid Reeves 	PG 	25 	DAL 	82 	54 	1950 	4.6 	10.9 	.418 	1.0 	2.8 	.368 	3.5 	8.1 	.435 	3.0 	3.9 	.775 	1.0 	2.4 	3.4 	4.2 	1.5 	0.2 	2.4 	3.6 	13.2
319 	Don Reid 	PF 	24 	DET 	68 	44 	994 	3.4 	6.4 	.534 	0.0 	0.0 	0.0	3.4 	6.4 	.534 	1.8 	2.6 	.704 	2.8 	3.5 	6.3 	0.9 	0.9 	2.0 	1.0 	6.6 	8.6
320 	J.R. Reid 	PF 	29 	CHH 	79 	1 	1109 	4.7 	10.3 	.459 	0.1 	0.3 	.375 	4.6 	10.1 	.461 	2.9 	4.0 	.730 	2.3 	4.5 	6.8 	1.7 	1.1 	0.6 	2.1 	5.6 	12.5
321 	Shawn Respert 	SG 	25 	TOT 	57 	4 	911 	5.1 	11.6 	.444 	1.2 	3.7 	.333 	3.9 	7.9 	.495 	1.9 	2.4 	.787 	1.5 	2.5 	4.0 	2.4 	1.3 	0.0 	1.9 	3.0 	13.4
322 	Rodrick Rhodes 	SF 	24 	HOU 	58 	13 	1070 	3.8 	10.3 	.367 	0.1 	0.3 	.250 	3.7 	10.0 	.370 	3.7 	6.1 	.617 	0.9 	1.4 	2.4 	3.7 	2.1 	0.3 	3.3 	4.2 	11.3
323 	Glen Rice 	SF 	30 	CHH 	82 	82 	3295 	6.9 	15.1 	.457 	1.4 	3.3 	.433 	5.5 	11.9 	.464 	4.7 	5.5 	.849 	1.0 	2.9 	3.9 	2.0 	0.8 	0.2 	2.0 	2.2 	20.0
324 	Pooh Richardson 	PG 	31 	LAC 	69 	17 	1252 	3.6 	9.6 	.372 	0.3 	1.6 	.193 	3.2 	7.9 	.409 	0.9 	1.2 	.698 	0.5 	2.3 	2.8 	6.5 	1.3 	0.1 	1.6 	2.0 	8.3
325 	Mitch Richmond 	SG 	32 	SAC 	70 	70 	2569 	7.6 	17.1 	.445 	1.8 	4.7 	.389 	5.8 	12.4 	.466 	5.7 	6.6 	.864 	0.7 	2.5 	3.2 	3.9 	1.2 	0.2 	2.5 	2.2 	22.7
326 	Isaiah Rider 	SG 	26 	POR 	74 	66 	2786 	7.1 	16.8 	.423 	1.7 	5.4 	.321 	5.4 	11.4 	.472 	2.9 	3.5 	.828 	1.3 	3.2 	4.5 	3.0 	0.7 	0.2 	2.4 	2.4 	18.8
327 	Eric Riley 	C 	27 	DAL 	39 	14 	544 	3.7 	8.9 	.415 	0.0 	0.1 	.000 	3.7 	8.9 	.418 	1.8 	2.4 	.750 	2.8 	6.0 	8.8 	1.5 	1.0 	3.0 	2.4 	5.3 	9.2
328 	Stanley Roberts 	C 	27 	MIN 	74 	44 	1328 	5.2 	10.5 	.495 	0.0 	0.0 	0.0	5.2 	10.5 	.495 	2.0 	4.2 	.481 	3.0 	6.9 	9.8 	0.7 	0.7 	2.0 	1.9 	6.1 	12.4
329 	Chris Robinson 	SG 	23 	TOT 	35 	0 	414 	5.7 	15.1 	.374 	2.1 	5.7 	.364 	3.6 	9.4 	.380 	0.7 	1.4 	.500 	0.8 	3.2 	4.0 	3.4 	1.7 	0.3 	2.9 	4.3 	14.1
330 	Clifford Robinson 	SF 	31 	PHO 	80 	64 	2359 	6.5 	13.7 	.479 	0.4 	1.3 	.321 	6.1 	12.4 	.496 	3.8 	5.5 	.689 	2.3 	3.9 	6.3 	2.6 	1.4 	1.4 	2.1 	3.8 	17.3
331 	David Robinson* 	C 	32 	SAS 	73 	73 	2457 	8.0 	15.6 	.511 	0.0 	0.1 	.250 	8.0 	15.5 	.512 	7.1 	9.7 	.735 	3.5 	7.9 	11.4 	2.9 	0.9 	2.8 	3.0 	3.0 	23.1
332 	Glenn Robinson 	SF 	25 	MIL 	56 	56 	2294 	8.4 	17.8 	.470 	0.4 	1.0 	.385 	8.0 	16.8 	.475 	3.4 	4.2 	.808 	1.3 	3.5 	4.8 	2.5 	1.1 	0.5 	3.1 	2.6 	20.5
333 	James Robinson 	PG 	27 	LAC 	70 	13 	1231 	5.7 	14.7 	.389 	2.2 	6.6 	.329 	3.5 	8.1 	.438 	2.3 	3.1 	.720 	1.1 	2.2 	3.2 	3.9 	1.1 	0.3 	2.8 	3.0 	15.8
334 	Larry Robinson 	SF 	30 	VAN 	6 	0 	41 	5.3 	16.7 	.316 	2.6 	5.3 	.500 	2.6 	11.4 	.231 	1.8 	1.8 	1.000 	1.8 	8.8 	10.5 	0.9 	3.5 	0.0 	1.8 	0.0 	14.9
335 	Dennis Rodman* 	PF 	36 	CHI 	80 	66 	2856 	2.0 	4.5 	.431 	0.1 	0.3 	.174 	1.9 	4.2 	.448 	0.8 	1.4 	.550 	5.3 	9.8 	15.1 	2.9 	0.6 	0.2 	1.9 	3.0 	4.7
336 	Carlos Rogers 	PF 	26 	TOT 	21 	0 	376 	4.5 	8.7 	.516 	0.0 	0.2 	.000 	4.5 	8.5 	.528 	1.7 	3.1 	.563 	3.4 	3.1 	6.4 	1.7 	1.0 	0.8 	1.3 	3.4 	10.7
337 	Rodney Rogers 	SF 	26 	LAC 	76 	70 	2499 	6.1 	13.5 	.456 	1.0 	3.1 	.340 	5.1 	10.4 	.490 	3.2 	4.7 	.686 	2.2 	3.9 	6.1 	2.9 	1.3 	0.5 	2.8 	3.5 	16.6
338 	Roy Rogers 	PF 	24 	TOT 	15 	0 	106 	3.1 	8.5 	.360 	0.0 	0.0 	0.0	3.1 	8.5 	.360 	0.7 	2.0 	.333 	2.7 	3.1 	5.8 	0.7 	1.0 	2.7 	1.7 	6.1 	6.8
339 	Sean Rooks 	C 	28 	LAL 	41 	1 	425 	3.9 	8.6 	.455 	0.0 	0.0 	0.0	3.9 	8.6 	.455 	4.0 	6.7 	.595 	3.9 	6.1 	10.0 	2.0 	0.2 	1.9 	1.6 	5.8 	11.8
340 	Jalen Rose 	SF 	25 	IND 	82 	0 	1706 	6.1 	12.8 	.478 	0.5 	1.5 	.342 	5.6 	11.3 	.496 	3.5 	4.8 	.728 	0.6 	3.5 	4.1 	3.3 	1.2 	0.3 	2.8 	3.6 	16.3
341 	Malik Rose 	PF 	23 	SAS 	53 	0 	429 	5.0 	11.4 	.434 	0.1 	0.3 	.333 	4.9 	11.2 	.436 	3.3 	5.1 	.639 	3.4 	4.2 	7.6 	1.6 	1.8 	0.6 	3.7 	6.6 	13.3
342 	Donald Royal 	SF 	31 	TOT 	31 	5 	323 	2.8 	7.7 	.362 	0.0 	0.0 	0.0	2.8 	7.7 	.362 	3.2 	3.7 	.879 	2.0 	2.6 	4.6 	1.9 	0.8 	0.1 	1.1 	3.9 	8.8
343 	Clifford Rozier 	C 	25 	MIN 	6 	0 	30 	3.6 	7.2 	.500 	0.0 	0.0 	0.0	3.6 	7.2 	.500 	0.0 	1.2 	.000 	3.6 	3.6 	7.2 	0.0 	0.0 	0.0 	4.8 	8.4 	7.2
344 	Bryon Russell 	SF 	27 	UTA 	82 	7 	2219 	3.7 	8.5 	.430 	1.2 	3.5 	.341 	2.5 	5.0 	.492 	3.5 	4.5 	.766 	1.3 	4.0 	5.3 	1.6 	1.5 	0.5 	1.3 	3.7 	12.0
345 	Arvydas Sabonis* 	C 	33 	POR 	73 	73 	2333 	6.3 	12.7 	.493 	0.5 	1.8 	.261 	5.8 	11.0 	.530 	5.0 	6.2 	.798 	2.3 	8.9 	11.2 	3.4 	1.0 	1.2 	2.9 	4.1 	18.0
346 	Kevin Salvadori 	C 	27 	SAC 	16 	0 	87 	0.4 	5.4 	.077 	0.0 	0.0 	0.0	0.4 	5.4 	.077 	1.2 	2.5 	.500 	2.1 	6.2 	8.3 	1.2 	0.0 	4.6 	2.1 	5.0 	2.1
347 	Danny Schayes 	C 	38 	ORL 	74 	33 	1272 	4.4 	10.5 	.418 	0.0 	0.0 	0.0	4.4 	10.5 	.418 	2.7 	3.4 	.807 	2.7 	4.1 	6.8 	1.2 	1.0 	0.9 	1.7 	5.2 	11.5
348 	Detlef Schrempf 	SF 	35 	SEA 	78 	78 	2742 	5.7 	11.8 	.487 	0.8 	1.9 	.415 	4.9 	9.9 	.501 	3.9 	4.6 	.844 	1.8 	5.5 	7.3 	4.5 	0.8 	0.2 	2.2 	2.7 	16.2
349 	Dennis Scott 	SF 	29 	TOT 	81 	45 	2290 	5.2 	13.0 	.397 	2.0 	5.4 	.365 	3.2 	7.6 	.420 	1.7 	2.0 	.808 	0.7 	3.1 	3.9 	2.4 	0.8 	0.6 	1.6 	2.4 	14.0
350 	Shawnelle Scott 	C 	25 	CLE 	41 	0 	188 	3.1 	6.9 	.444 	0.0 	0.0 	0.0	3.1 	6.9 	.444 	2.3 	3.4 	.667 	3.8 	7.5 	11.3 	1.5 	1.1 	1.5 	1.9 	8.6 	8.4
351 	Shea Seals 	SG 	22 	LAL 	4 	0 	9 	4.0 	32.0 	.125 	0.0 	12.0 	.000 	4.0 	20.0 	.200 	8.0 	16.0 	.500 	12.0 	4.0 	16.0 	0.0 	4.0 	0.0 	0.0 	4.0 	16.0
352 	Malik Sealy 	SF 	27 	DET 	77 	10 	1641 	4.7 	11.1 	.428 	0.2 	0.9 	.220 	4.5 	10.2 	.446 	3.3 	4.0 	.824 	1.1 	3.8 	4.8 	2.2 	1.4 	0.4 	1.7 	3.4 	13.0
353 	Rony Seikaly 	C 	32 	TOT 	56 	49 	1636 	5.5 	12.7 	.432 	0.0 	0.0 	.000 	5.5 	12.7 	.433 	5.4 	7.3 	.741 	3.2 	5.4 	8.6 	1.7 	0.6 	0.9 	3.2 	3.6 	16.4
354 	God Shammgod 	PG 	21 	WAS 	20 	0 	146 	4.7 	14.3 	.328 	0.0 	0.5 	.000 	4.7 	13.8 	.339 	5.7 	7.4 	.767 	0.5 	1.2 	1.7 	8.9 	1.7 	0.2 	5.2 	6.7 	15.0
355 	Brian Shaw 	PG 	31 	TOT 	59 	34 	1530 	3.6 	10.5 	.345 	0.7 	2.2 	.295 	3.0 	8.3 	.359 	0.8 	1.2 	.692 	0.9 	4.2 	5.1 	6.1 	1.2 	0.4 	2.3 	3.5 	8.8
356 	Dickey Simpkins 	PF 	25 	TOT 	40 	0 	433 	4.0 	7.4 	.539 	0.0 	0.2 	.000 	4.0 	7.2 	.552 	3.0 	5.8 	.514 	2.2 	4.2 	6.4 	2.7 	0.7 	0.4 	2.7 	4.5 	11.0
357 	Reggie Slater 	PF 	27 	TOR 	78 	28 	1662 	4.6 	9.9 	.460 	0.0 	0.0 	0.0	4.6 	9.9 	.460 	4.4 	7.0 	.630 	2.9 	3.7 	6.6 	1.6 	1.0 	0.6 	2.2 	4.4 	13.5
358 	Charles Smith 	SG 	22 	TOT 	34 	0 	292 	6.0 	15.4 	.392 	1.8 	5.8 	.319 	4.2 	9.6 	.436 	0.7 	1.4 	.545 	1.6 	1.7 	3.3 	2.6 	1.5 	0.7 	3.3 	3.0 	14.7
359 	Joe Smith 	PF 	22 	TOT 	79 	55 	2344 	7.1 	16.4 	.434 	0.0 	0.1 	.000 	7.1 	16.3 	.437 	3.5 	4.5 	.775 	3.1 	4.2 	7.2 	1.4 	1.0 	0.8 	2.4 	4.0 	17.7
360 	Michael Smith 	PF 	25 	TOT 	48 	33 	1053 	3.2 	6.6 	.479 	0.0 	0.0 	.000 	3.2 	6.6 	.482 	2.2 	3.5 	.631 	4.1 	6.4 	10.5 	3.0 	1.4 	0.5 	1.7 	3.2 	8.6
361 	Steve Smith 	SG 	28 	ATL 	73 	73 	2857 	6.2 	13.9 	.444 	1.2 	3.5 	.351 	4.9 	10.4 	.475 	4.9 	5.7 	.855 	1.7 	2.2 	3.9 	3.7 	0.9 	0.4 	2.2 	2.8 	18.4
362 	Tony Smith 	PG 	29 	MIL 	7 	0 	80 	3.6 	10.8 	.333 	0.0 	1.8 	.000 	3.6 	9.0 	.400 	1.4 	1.8 	.750 	1.8 	1.4 	3.2 	4.5 	2.3 	0.9 	4.1 	3.2 	8.6
363 	Rik Smits 	C 	31 	IND 	73 	69 	2085 	8.9 	17.9 	.495 	0.0 	0.1 	.000 	8.9 	17.9 	.497 	3.2 	4.1 	.783 	2.2 	6.5 	8.7 	1.7 	0.7 	1.5 	2.3 	4.2 	21.0
364 	Eric Snow 	PG 	24 	TOT 	64 	0 	918 	3.1 	7.2 	.429 	0.1 	0.7 	.118 	3.0 	6.5 	.461 	1.9 	2.8 	.690 	0.7 	2.4 	3.2 	6.9 	2.4 	0.2 	2.5 	4.5 	8.2
365 	Felton Spencer 	C 	30 	GSW 	68 	0 	813 	2.6 	5.7 	.457 	0.0 	0.0 	0.0	2.6 	5.7 	.457 	1.9 	3.5 	.557 	4.1 	5.9 	10.0 	0.8 	1.0 	1.6 	2.2 	7.7 	7.2
366 	Latrell Sprewell 	SG 	27 	GSW 	14 	13 	547 	7.2 	18.2 	.397 	0.6 	3.2 	.188 	6.6 	15.1 	.441 	4.6 	6.2 	.745 	0.5 	2.9 	3.4 	4.5 	1.3 	0.3 	2.9 	1.7 	19.7
367 	Jerry Stackhouse 	SG 	23 	TOT 	79 	37 	2545 	6.0 	13.8 	.435 	0.7 	2.8 	.241 	5.3 	11.0 	.483 	5.0 	6.4 	.787 	1.5 	2.3 	3.8 	3.4 	1.3 	0.8 	3.2 	2.5 	17.7
368 	John Starks 	SG 	32 	NYK 	82 	10 	2188 	6.1 	15.6 	.393 	2.1 	6.5 	.327 	4.0 	9.0 	.441 	3.0 	3.9 	.787 	0.8 	3.0 	3.8 	3.6 	1.3 	0.1 	2.4 	3.4 	17.4
369 	Joe Stephens 	SF 	25 	HOU 	7 	0 	37 	9.7 	27.2 	.357 	2.9 	9.7 	.300 	6.8 	17.5 	.389 	3.9 	5.8 	.667 	2.9 	2.9 	5.8 	1.0 	1.9 	0.0 	1.9 	1.9 	26.3
370 	Kebu Stewart 	PF 	24 	PHI 	15 	0 	110 	3.9 	8.5 	.462 	0.0 	0.0 	0.0	3.9 	8.5 	.462 	5.2 	8.2 	.640 	2.9 	7.2 	10.1 	0.7 	1.6 	0.7 	2.6 	4.3 	13.1
371 	Michael Stewart 	C 	22 	SAC 	81 	37 	1761 	3.2 	6.6 	.480 	0.0 	0.0 	0.0	3.2 	6.6 	.480 	1.3 	2.9 	.458 	4.0 	6.9 	11.0 	1.2 	0.6 	4.0 	1.7 	5.1 	7.7
372 	Bryant Stith 	SG 	27 	DEN 	31 	15 	718 	3.8 	11.3 	.333 	0.5 	2.4 	.208 	3.3 	8.9 	.367 	3.8 	4.3 	.872 	0.8 	2.5 	3.3 	2.5 	1.1 	0.4 	1.8 	2.6 	11.8
373 	John Stockton* 	PG 	35 	UTA 	64 	64 	1858 	5.2 	9.9 	.528 	0.8 	1.8 	.429 	4.5 	8.1 	.550 	3.7 	4.5 	.827 	0.7 	2.5 	3.2 	10.5 	1.7 	0.2 	3.1 	2.7 	14.9
374 	Ed Stokes 	C 	26 	TOR 	4 	0 	17 	2.1 	6.4 	.333 	0.0 	0.0 	0.0	2.1 	6.4 	.333 	2.1 	4.2 	.500 	2.1 	6.4 	8.5 	2.1 	2.1 	4.2 	4.2 	8.5 	6.4
375 	Damon Stoudamire 	PG 	24 	TOT 	71 	71 	2839 	5.7 	13.8 	.411 	1.2 	3.9 	.299 	4.5 	10.0 	.454 	3.0 	3.6 	.829 	1.1 	2.7 	3.8 	7.4 	1.4 	0.1 	2.8 	1.9 	15.5
376 	Erick Strickland 	SG 	24 	DAL 	67 	19 	1505 	4.8 	13.3 	.357 	1.1 	3.9 	.294 	3.6 	9.4 	.382 	1.6 	2.0 	.774 	0.8 	3.0 	3.9 	4.0 	1.3 	0.2 	2.5 	3.3 	12.2
377 	Mark Strickland 	PF 	27 	MIA 	51 	8 	847 	6.2 	11.4 	.539 	0.0 	0.0 	.000 	6.2 	11.4 	.541 	2.5 	3.5 	.720 	3.4 	5.7 	9.1 	1.1 	0.8 	1.4 	2.0 	3.7 	14.8
378 	Rod Strickland 	PG 	31 	WAS 	76 	76 	3020 	5.8 	13.5 	.434 	0.1 	0.6 	.250 	5.7 	12.9 	.442 	4.3 	5.9 	.726 	1.3 	3.5 	4.8 	9.5 	1.5 	0.3 	3.2 	2.2 	16.1
379 	Derek Strong 	PF 	29 	ORL 	58 	8 	1638 	5.7 	13.6 	.420 	0.0 	0.1 	.000 	5.7 	13.5 	.423 	4.8 	6.1 	.781 	3.3 	6.0 	9.4 	1.1 	0.7 	0.5 	1.6 	2.7 	16.2
380 	Bob Sura 	SG 	24 	CLE 	46 	4 	942 	3.3 	8.8 	.377 	0.7 	2.3 	.317 	2.6 	6.5 	.398 	2.8 	5.0 	.565 	1.0 	2.6 	3.6 	6.5 	1.7 	0.3 	3.6 	4.3 	10.2
381 	Zan Tabak 	C 	27 	TOT 	57 	34 	984 	5.2 	11.1 	.467 	0.0 	0.0 	.000 	5.2 	11.1 	.469 	0.8 	2.2 	.377 	3.1 	4.7 	7.8 	1.8 	0.7 	1.4 	2.2 	6.0 	11.2
382 	Johnny Taylor 	SF 	23 	ORL 	12 	0 	108 	4.3 	12.3 	.351 	0.3 	0.7 	.500 	4.0 	11.7 	.343 	3.7 	5.3 	.688 	1.3 	3.0 	4.3 	0.3 	1.0 	0.7 	2.7 	7.3 	12.7
383 	Maurice Taylor 	PF 	21 	LAC 	71 	3 	1513 	7.6 	16.1 	.476 	0.0 	0.0 	.000 	7.6 	16.0 	.476 	4.1 	5.8 	.709 	2.8 	4.2 	7.0 	1.3 	0.8 	1.0 	2.5 	5.3 	19.4
384 	Carl Thomas 	SG 	28 	TOT 	43 	0 	426 	4.7 	11.8 	.400 	1.7 	5.0 	.339 	3.0 	6.8 	.444 	1.4 	2.1 	.640 	0.8 	3.1 	4.0 	1.6 	1.8 	0.6 	1.5 	3.3 	12.5
385 	John Thomas 	PF 	22 	TOT 	54 	2 	535 	3.7 	7.6 	.487 	0.0 	0.0 	0.0	3.7 	7.6 	.487 	2.8 	3.6 	.759 	3.2 	3.9 	7.1 	1.1 	1.5 	0.8 	3.1 	6.5 	10.2
386 	Kurt Thomas 	PF 	25 	DAL 	5 	0 	73 	8.4 	22.2 	.378 	0.0 	0.0 	0.0	8.4 	22.2 	.378 	1.5 	1.5 	1.000 	3.9 	7.9 	11.8 	1.5 	0.5 	0.0 	4.9 	9.4 	18.2
387 	Tim Thomas 	SF 	20 	PHI 	77 	48 	1779 	6.2 	13.8 	.447 	1.3 	3.5 	.363 	4.9 	10.4 	.476 	3.5 	4.7 	.740 	2.2 	3.7 	5.8 	1.8 	1.1 	0.3 	2.4 	3.7 	17.1
388 	Brooks Thompson 	PG 	27 	TOT 	30 	0 	167 	5.0 	12.1 	.411 	1.9 	6.5 	.300 	3.0 	5.6 	.538 	0.9 	1.7 	.500 	0.2 	3.0 	3.2 	5.8 	2.2 	0.2 	3.4 	4.7 	12.7
389 	Otis Thorpe 	PF 	35 	TOT 	74 	66 	2197 	4.8 	10.2 	.471 	0.0 	0.1 	.000 	4.8 	10.1 	.475 	2.7 	3.9 	.683 	2.5 	6.3 	8.8 	3.6 	0.8 	0.5 	2.5 	3.9 	12.3
390 	Gary Trent 	PF 	23 	TOT 	54 	20 	1360 	6.4 	13.4 	.477 	0.1 	0.3 	.333 	6.3 	13.1 	.481 	3.8 	5.6 	.679 	3.3 	5.7 	8.9 	1.9 	0.9 	0.7 	2.5 	4.3 	16.7
391 	Nick Van Exel 	PG 	26 	LAL 	64 	46 	2053 	5.5 	13.0 	.419 	2.2 	5.5 	.389 	3.3 	7.5 	.440 	2.4 	3.0 	.791 	0.5 	2.9 	3.4 	7.8 	1.1 	0.1 	1.8 	2.1 	15.4
392 	Keith Van Horn 	PF 	22 	NJN 	62 	62 	2325 	6.9 	16.2 	.426 	1.1 	3.5 	.308 	5.8 	12.7 	.458 	4.0 	4.7 	.846 	2.2 	4.1 	6.3 	1.6 	1.0 	0.4 	2.5 	3.3 	18.9
393 	David Vaughn 	PF 	24 	TOT 	40 	2 	489 	4.9 	10.9 	.446 	0.0 	0.1 	.000 	4.9 	10.8 	.449 	2.2 	3.5 	.638 	3.9 	7.3 	11.2 	1.5 	1.1 	0.7 	2.9 	6.1 	11.9
394 	Jacque Vaughn 	PG 	22 	UTA 	45 	0 	419 	3.8 	10.5 	.361 	0.3 	0.7 	.375 	3.5 	9.8 	.360 	4.1 	5.8 	.706 	0.3 	2.9 	3.3 	7.2 	0.8 	0.1 	4.8 	5.4 	11.9
395 	Loy Vaught 	PF 	29 	LAC 	10 	6 	265 	4.9 	11.4 	.429 	0.0 	0.3 	.000 	4.9 	11.1 	.439 	0.4 	1.1 	.375 	2.2 	6.7 	8.8 	1.0 	0.5 	0.3 	1.8 	4.5 	10.2
396 	Stojko Vrankovic 	C 	34 	LAC 	65 	38 	996 	2.9 	6.7 	.425 	0.0 	0.0 	0.0	2.9 	6.7 	.425 	1.3 	2.3 	.569 	2.6 	6.9 	9.5 	1.3 	0.4 	2.4 	1.7 	4.7 	7.0
397 	Antoine Walker 	PF 	21 	BOS 	82 	82 	3268 	8.0 	18.8 	.423 	1.0 	3.2 	.312 	7.0 	15.6 	.447 	3.4 	5.2 	.645 	3.0 	6.2 	9.2 	3.0 	1.6 	0.7 	3.2 	2.9 	20.3
398 	Samaki Walker 	PF 	21 	DAL 	41 	19 	1027 	5.5 	11.3 	.486 	0.0 	0.0 	.000 	5.5 	11.2 	.488 	1.9 	3.4 	.546 	3.4 	7.2 	10.6 	0.8 	1.1 	1.4 	2.1 	4.5 	12.8
399 	Ben Wallace 	C 	23 	WAS 	67 	16 	1124 	2.7 	5.3 	.518 	0.0 	0.0 	0.0	2.7 	5.3 	.518 	1.1 	3.1 	.357 	3.6 	6.8 	10.4 	0.6 	2.0 	2.3 	0.9 	3.7 	6.6
400 	John Wallace 	SF 	23 	TOR 	82 	36 	2361 	7.1 	14.9 	.478 	0.0 	0.0 	.500 	7.1 	14.9 	.478 	3.2 	4.5 	.717 	1.8 	3.9 	5.7 	1.7 	0.9 	1.5 	2.6 	3.6 	17.5
401 	Rasheed Wallace 	PF 	23 	POR 	77 	77 	2896 	5.8 	10.9 	.533 	0.1 	0.5 	.205 	5.7 	10.4 	.548 	2.3 	3.5 	.662 	1.6 	4.3 	5.9 	2.4 	0.9 	1.1 	2.1 	3.3 	14.0
402 	Rex Walters 	SG 	27 	TOT 	38 	0 	235 	3.7 	8.1 	.453 	0.9 	3.4 	.273 	2.8 	4.7 	.581 	4.0 	4.3 	.929 	0.8 	2.9 	3.7 	5.4 	1.2 	0.2 	4.1 	4.3 	12.3
403 	Charlie Ward 	PG 	27 	NYK 	82 	82 	2317 	3.7 	8.0 	.455 	1.3 	3.3 	.377 	2.4 	4.7 	.512 	1.4 	1.8 	.805 	0.5 	3.8 	4.3 	7.2 	2.2 	0.6 	2.7 	3.0 	10.0
404 	Eric Washington 	SG 	23 	DEN 	66 	36 	1539 	4.7 	11.6 	.404 	1.0 	3.2 	.321 	3.7 	8.4 	.435 	1.5 	1.9 	.783 	1.1 	1.9 	3.0 	1.8 	1.2 	0.6 	1.7 	3.3 	12.0
405 	Clarence Weatherspoon 	PF 	27 	TOT 	79 	49 	2325 	4.1 	9.4 	.441 	0.0 	0.0 	0.0	4.1 	9.4 	.441 	3.1 	4.3 	.722 	3.1 	6.1 	9.2 	1.4 	1.3 	1.1 	1.8 	3.0 	11.4
406 	Spud Webb 	PG 	34 	ORL 	4 	0 	34 	5.3 	12.7 	.417 	0.0 	1.1 	.000 	5.3 	11.6 	.455 	2.1 	2.1 	1.000 	2.1 	1.1 	3.2 	5.3 	1.1 	0.0 	7.4 	6.4 	12.7
407 	Chris Webber 	C 	24 	WAS 	71 	71 	2809 	8.3 	17.2 	.482 	0.8 	2.6 	.317 	7.5 	14.6 	.512 	2.5 	4.3 	.589 	2.3 	6.4 	8.6 	3.5 	1.4 	1.6 	2.4 	3.4 	19.9
408 	Bubba Wells 	SG 	23 	DAL 	39 	2 	395 	4.4 	10.6 	.414 	0.1 	0.5 	.167 	4.3 	10.0 	.427 	2.8 	3.9 	.721 	2.0 	4.2 	6.2 	3.1 	1.4 	0.4 	2.8 	3.6 	11.7
409 	Bill Wennington 	C 	34 	CHI 	48 	8 	467 	5.8 	13.3 	.436 	0.0 	0.0 	0.0	5.8 	13.3 	.436 	1.3 	1.6 	.810 	2.5 	3.7 	6.2 	1.5 	0.3 	0.4 	1.2 	5.9 	12.9
410 	David Wesley 	PG 	27 	CHH 	81 	81 	2845 	4.8 	10.9 	.443 	0.7 	2.2 	.347 	4.1 	8.8 	.467 	2.9 	3.6 	.795 	0.6 	2.1 	2.7 	6.7 	1.8 	0.4 	2.9 	2.9 	13.3
411 	Doug West 	SG 	30 	MIN 	38 	10 	688 	3.3 	8.9 	.374 	0.0 	0.1 	.000 	3.3 	8.8 	.379 	1.5 	2.1 	.725 	1.2 	3.1 	4.3 	2.4 	0.6 	0.3 	1.1 	5.1 	8.2
412 	Mark West 	C 	37 	IND 	15 	1 	105 	3.4 	7.2 	.476 	0.0 	0.0 	0.0	3.4 	7.2 	.476 	1.0 	2.1 	.500 	2.1 	3.1 	5.1 	0.7 	0.7 	1.4 	2.7 	5.1 	7.9
413 	DeJuan Wheat 	PG 	24 	MIN 	34 	0 	150 	4.8 	12.0 	.400 	1.9 	4.1 	.471 	2.9 	7.9 	.364 	2.2 	3.6 	.600 	0.7 	1.9 	2.6 	6.0 	1.4 	0.2 	2.2 	2.9 	13.7
414 	Donald Whiteside 	PG 	28 	ATL 	3 	0 	16 	2.3 	4.5 	.500 	0.0 	2.3 	.000 	2.3 	2.3 	1.000 	0.0 	4.5 	.000 	0.0 	2.3 	2.3 	2.3 	0.0 	0.0 	2.3 	0.0 	4.5
415 	Chris Whitney 	PG 	26 	WAS 	82 	6 	1073 	4.2 	11.9 	.355 	1.7 	5.7 	.308 	2.5 	6.2 	.398 	4.0 	4.3 	.915 	0.5 	3.3 	3.9 	6.6 	1.1 	0.2 	2.2 	3.6 	14.2
416 	Gerald Wilkins 	SG 	34 	ORL 	72 	16 	1252 	4.1 	12.5 	.325 	0.8 	3.1 	.266 	3.2 	9.3 	.345 	2.0 	2.8 	.704 	0.5 	2.1 	2.6 	2.2 	1.0 	0.2 	2.3 	2.2 	10.9
417 	Aaron Williams 	PF 	26 	SEA 	65 	9 	757 	5.5 	10.5 	.523 	0.0 	0.0 	.000 	5.5 	10.4 	.525 	3.1 	4.0 	.776 	2.3 	4.7 	7.0 	0.7 	0.9 	1.8 	2.4 	5.7 	14.1
418 	Alvin Williams 	SG 	23 	TOT 	54 	13 	1071 	4.2 	9.5 	.443 	0.3 	0.9 	.321 	3.9 	8.5 	.457 	2.2 	3.0 	.722 	0.8 	1.9 	2.7 	3.5 	1.3 	0.1 	1.9 	2.7 	10.9
419 	Brandon Williams 	SG 	22 	GSW 	9 	2 	140 	4.1 	12.9 	.320 	0.8 	2.3 	.333 	3.3 	10.5 	.317 	0.5 	1.0 	.500 	1.0 	2.8 	3.9 	0.8 	1.5 	0.8 	2.3 	4.6 	9.5
420 	Buck Williams 	PF 	37 	NYK 	41 	6 	738 	3.7 	7.3 	.503 	0.0 	0.0 	0.0	3.7 	7.3 	.503 	2.5 	3.5 	.732 	3.8 	5.1 	8.9 	1.0 	0.8 	0.7 	1.9 	4.5 	9.9
421 	Eric Williams 	SF 	25 	DEN 	4 	4 	145 	6.0 	15.1 	.393 	0.0 	0.0 	0.0	6.0 	15.1 	.393 	7.7 	11.2 	.689 	2.5 	2.7 	5.2 	3.0 	1.0 	0.0 	2.2 	2.2 	19.6
422 	Herb Williams 	PF 	39 	NYK 	27 	0 	178 	3.6 	8.7 	.419 	0.0 	0.0 	0.0	3.6 	8.7 	.419 	0.2 	1.6 	.125 	1.2 	4.7 	5.9 	0.8 	1.2 	1.8 	1.0 	6.9 	7.5
423 	Hot Rod Williams 	C 	35 	PHO 	71 	30 	1333 	2.6 	5.5 	.470 	0.0 	0.0 	0.0	2.6 	5.5 	.470 	1.8 	2.5 	.699 	2.9 	5.5 	8.4 	1.3 	0.9 	1.6 	0.8 	3.7 	6.9
424 	Jayson Williams 	C 	29 	NJN 	65 	65 	2343 	4.9 	9.9 	.498 	0.0 	0.1 	.000 	4.9 	9.8 	.501 	3.0 	4.5 	.666 	6.8 	6.8 	13.6 	1.0 	0.7 	0.8 	1.5 	3.6 	12.9
425 	Jerome Williams 	PF 	24 	DET 	77 	3 	1305 	4.2 	7.9 	.524 	0.0 	0.0 	.000 	4.2 	7.9 	.526 	3.0 	4.6 	.651 	4.7 	5.8 	10.5 	1.3 	1.4 	0.3 	1.7 	4.0 	11.3
426 	Lorenzo Williams 	PF 	28 	WAS 	14 	6 	111 	4.2 	5.5 	.765 	0.0 	0.0 	0.0	4.2 	5.5 	.765 	0.0 	0.6 	.000 	5.2 	3.2 	8.4 	1.0 	0.6 	1.0 	0.6 	5.5 	8.4
427 	Micheal Williams 	PG 	31 	MIN 	25 	0 	161 	3.6 	10.7 	.333 	0.0 	0.9 	.000 	3.6 	9.8 	.364 	7.2 	7.4 	.970 	0.4 	2.7 	3.1 	7.2 	2.0 	0.4 	3.6 	5.4 	14.3
428 	Monty Williams 	SF 	26 	SAS 	72 	16 	1314 	4.5 	10.1 	.448 	0.0 	0.1 	.500 	4.5 	10.0 	.448 	3.3 	5.0 	.670 	1.8 	3.1 	4.9 	2.4 	0.9 	0.7 	2.2 	3.6 	12.4
429 	Scott Williams 	C 	29 	PHI 	58 	7 	801 	4.2 	9.6 	.437 	0.0 	0.2 	.000 	4.2 	9.3 	.447 	2.3 	2.8 	.810 	3.9 	5.6 	9.5 	1.3 	0.8 	0.9 	1.3 	5.9 	10.7
430 	Travis Williams 	SF 	28 	CHH 	39 	0 	365 	5.5 	11.7 	.471 	0.0 	0.1 	.000 	5.5 	11.6 	.475 	2.4 	4.5 	.522 	5.2 	3.8 	9.1 	2.0 	1.8 	0.5 	3.0 	5.4 	13.4
431 	Walt Williams 	SF 	27 	TOT 	59 	17 	1470 	5.1 	13.3 	.386 	2.0 	5.4 	.365 	3.2 	8.0 	.400 	2.6 	3.1 	.864 	1.2 	3.7 	4.9 	3.0 	1.4 	0.9 	2.3 	3.9 	14.9
432 	Corliss Williamson 	SF 	24 	SAC 	79 	75 	2819 	7.2 	14.5 	.495 	0.0 	0.1 	.000 	7.2 	14.4 	.499 	3.6 	5.7 	.630 	2.1 	3.6 	5.7 	2.9 	1.0 	0.6 	2.5 	3.2 	17.9
433 	Kevin Willis 	PF 	35 	HOU 	81 	74 	2528 	7.6 	14.8 	.510 	0.0 	0.1 	.143 	7.5 	14.7 	.513 	3.4 	4.3 	.793 	3.3 	6.4 	9.7 	1.1 	0.8 	0.5 	2.4 	3.3 	18.6
434 	David Wingate 	SG 	34 	SEA 	58 	2 	546 	4.4 	9.2 	.471 	0.2 	0.5 	.429 	4.2 	8.8 	.474 	1.0 	1.9 	.517 	1.3 	4.0 	5.2 	2.4 	1.4 	0.2 	2.4 	3.8 	9.9
435 	Dontonio Wingfield 	SF 	23 	POR 	3 	0 	9 	0.0 	12.0 	.000 	0.0 	0.0 	0.0	0.0 	12.0 	.000 	4.0 	8.0 	.500 	8.0 	8.0 	16.0 	0.0 	0.0 	0.0 	4.0 	8.0 	4.0
436 	Joe Wolf 	PF 	33 	DEN 	57 	8 	621 	2.3 	7.0 	.331 	0.1 	0.6 	.200 	2.2 	6.4 	.342 	0.3 	0.6 	.500 	2.1 	5.2 	7.3 	1.7 	1.2 	0.4 	1.3 	5.3 	5.0
437 	Lorenzen Wright 	C 	22 	LAC 	69 	38 	2067 	4.2 	9.4 	.445 	0.0 	0.0 	.000 	4.2 	9.4 	.446 	2.5 	3.7 	.659 	3.1 	7.4 	10.6 	1.0 	1.0 	1.5 	1.4 	4.1 	10.9
438 	Sharone Wright 	C 	25 	TOR 	7 	0 	44 	5.7 	11.5 	.500 	0.0 	0.0 	0.0	5.7 	11.5 	.500 	1.6 	3.3 	.500 	0.8 	6.5 	7.4 	3.3 	0.0 	0.0 	1.6 	5.7 	13.1
439 	George Zidek 	C 	24 	TOT 	12 	0 	64 	3.9 	16.3 	.241 	0.6 	1.1 	.500 	3.4 	15.2 	.222 	7.9 	9.0 	.875 	2.3 	7.3 	9.6 	1.1 	0.0 	1.1 	2.3 	5.6 	16.3
