1 	Tariq Abdul-Wahad 	SG 	24 	SAC 	49 	49 	1205 	5.3 	12.2 	.435 	0.2 	0.6 	.286 	5.1 	11.5 	.443 	2.8 	4.1 	.691 	2.2 	3.4 	5.6 	1.5 	1.5 	0.5 	2.1 	3.6 	13.6
2 	Shareef Abdur-Rahim 	SF 	22 	VAN 	50 	50 	2021 	6.9 	15.9 	.432 	0.2 	0.6 	.306 	6.7 	15.3 	.438 	6.6 	7.8 	.841 	2.0 	4.6 	6.7 	3.1 	1.2 	1.0 	3.3 	2.4 	20.5
3 	Cory Alexander 	PG 	25 	DEN 	36 	4 	778 	4.5 	12.0 	.373 	1.4 	4.9 	.286 	3.1 	7.2 	.432 	1.7 	2.0 	.841 	0.3 	3.1 	3.4 	5.5 	1.6 	0.2 	3.2 	3.6 	12.1
4 	Ray Allen 	SG 	23 	MIL 	50 	50 	1719 	6.3 	14.1 	.450 	1.5 	4.4 	.356 	4.8 	9.7 	.492 	3.7 	4.1 	.903 	1.2 	3.2 	4.4 	3.7 	1.1 	0.1 	2.6 	2.5 	17.9
5 	Peter Aluma 	C 	25 	SAC 	2 	0 	5 	7.2 	14.4 	.500 	0.0 	0.0 	0.0	7.2 	14.4 	.500 	0.0 	0.0 	0.0	7.2 	7.2 	14.4 	0.0 	7.2 	7.2 	14.4 	28.8 	14.4
6 	Derek Anderson 	SG 	24 	CLE 	38 	13 	978 	4.6 	11.6 	.398 	0.8 	2.5 	.304 	3.8 	9.0 	.424 	5.1 	6.1 	.836 	0.7 	3.3 	4.0 	5.3 	1.8 	0.1 	3.0 	2.7 	15.1
7 	Kenny Anderson 	PG 	28 	BOS 	34 	33 	1010 	5.7 	12.7 	.451 	0.2 	0.9 	.250 	5.5 	11.9 	.465 	3.0 	3.6 	.832 	0.9 	2.8 	3.7 	6.9 	1.2 	0.1 	2.5 	2.8 	14.7
8 	Nick Anderson 	SF 	31 	ORL 	47 	39 	1581 	5.8 	14.6 	.395 	2.2 	6.3 	.347 	3.6 	8.3 	.433 	2.3 	3.7 	.611 	1.2 	5.1 	6.3 	2.1 	1.5 	0.3 	1.9 	1.6 	16.0
9 	Shandon Anderson 	SG 	25 	UTA 	50 	2 	1072 	5.4 	12.2 	.446 	0.5 	1.4 	.341 	5.0 	10.8 	.460 	3.0 	4.2 	.712 	1.6 	2.8 	4.4 	1.9 	1.3 	0.3 	2.2 	3.0 	14.3
10 	Chris Anstey 	C 	24 	DAL 	41 	4 	470 	3.8 	10.6 	.360 	0.0 	0.5 	.000 	3.8 	10.1 	.379 	2.6 	3.7 	.708 	2.7 	4.7 	7.4 	2.1 	1.4 	1.0 	2.0 	7.5 	10.3
11 	Greg Anthony 	PG 	31 	POR 	50 	0 	806 	4.6 	11.2 	.414 	2.2 	5.6 	.392 	2.5 	5.6 	.437 	2.8 	4.0 	.697 	0.6 	2.2 	2.8 	4.5 	2.9 	0.1 	2.5 	3.3 	14.2
12 	B.J. Armstrong 	PG 	31 	TOT 	32 	1 	358 	4.0 	8.8 	.455 	0.7 	1.5 	.467 	3.3 	7.3 	.452 	1.8 	2.1 	.857 	0.2 	3.7 	3.9 	6.1 	1.2 	0.0 	2.5 	3.1 	10.6
13 	Darrell Armstrong 	PG 	30 	ORL 	50 	15 	1502 	5.5 	12.5 	.441 	1.7 	4.5 	.365 	3.9 	8.0 	.483 	3.9 	4.3 	.904 	1.3 	3.0 	4.3 	8.0 	2.6 	0.1 	3.8 	2.2 	16.5
14 	Keith Askins 	SF 	31 	MIA 	33 	13 	415 	1.7 	5.4 	.323 	0.7 	2.5 	.276 	1.0 	2.9 	.364 	0.4 	0.7 	.625 	0.9 	2.9 	3.8 	0.9 	1.5 	0.3 	1.1 	5.0 	4.6
15 	Stacey Augmon 	SF 	30 	POR 	48 	21 	874 	3.2 	7.2 	.448 	0.0 	0.1 	.000 	3.2 	7.1 	.453 	2.1 	3.1 	.684 	1.9 	3.2 	5.1 	2.4 	2.3 	0.7 	1.2 	3.3 	8.6
16 	Isaac Austin 	C 	29 	ORL 	49 	49 	1259 	5.3 	13.0 	.408 	0.1 	0.2 	.286 	5.2 	12.8 	.410 	3.0 	4.5 	.669 	2.4 	4.4 	6.8 	2.5 	1.3 	1.0 	3.3 	3.6 	13.6
17 	Anthony Avent 	PF 	29 	UTA 	5 	0 	44 	3.3 	10.6 	.308 	0.0 	0.0 	0.0	3.3 	10.6 	.308 	0.8 	1.6 	.500 	6.5 	3.3 	9.8 	0.8 	1.6 	0.0 	5.7 	4.9 	7.4
18 	Thurl Bailey 	PF 	37 	UTA 	43 	0 	543 	5.2 	11.6 	.446 	0.0 	0.1 	.000 	5.2 	11.5 	.451 	1.7 	2.3 	.735 	2.4 	3.8 	6.2 	1.7 	0.6 	1.9 	1.8 	5.2 	12.0
19 	Toby Bailey 	SG 	23 	PHO 	27 	10 	249 	4.9 	12.4 	.395 	0.1 	0.7 	.200 	4.8 	11.7 	.407 	1.3 	1.9 	.692 	3.5 	4.3 	7.8 	1.9 	1.3 	0.3 	1.6 	3.5 	11.3
20 	LaMark Baker 	PG 	29 	TOR 	1 	0 	2 	0.0 	18.0 	.000 	0.0 	0.0 	0.0	0.0 	18.0 	.000 	0.0 	0.0 	0.0	0.0 	0.0 	0.0 	0.0 	0.0 	0.0 	18.0 	0.0 	0.0
21 	Vin Baker 	PF 	27 	SEA 	34 	31 	1162 	6.1 	13.5 	.453 	0.0 	0.1 	.000 	6.1 	13.4 	.456 	2.2 	5.0 	.450 	2.7 	3.9 	6.5 	1.7 	1.0 	1.1 	2.4 	3.7 	14.5
22 	Charles Barkley* 	PF 	35 	HOU 	42 	40 	1526 	5.7 	11.8 	.478 	0.1 	0.6 	.160 	5.6 	11.3 	.495 	4.5 	6.3 	.719 	3.9 	8.2 	12.2 	4.5 	1.0 	0.3 	2.4 	2.1 	15.9
23 	Dana Barros 	PG 	31 	BOS 	50 	16 	1156 	5.2 	11.6 	.453 	2.0 	5.0 	.400 	3.2 	6.6 	.493 	2.0 	2.3 	.877 	0.5 	2.8 	3.3 	6.5 	1.6 	0.2 	2.7 	2.0 	14.4
24 	Brent Barry 	SG 	27 	CHI 	37 	30 	1181 	4.3 	10.9 	.396 	1.6 	5.2 	.302 	2.7 	5.6 	.484 	2.4 	3.1 	.772 	1.2 	3.2 	4.4 	3.5 	1.3 	0.3 	2.2 	3.0 	12.6
25 	Drew Barry 	SG 	25 	SEA 	17 	0 	183 	2.0 	6.3 	.313 	1.6 	4.7 	.333 	0.4 	1.6 	.250 	1.8 	2.6 	.692 	0.6 	3.3 	3.9 	5.7 	1.4 	0.2 	2.4 	4.7 	7.3
26 	Jon Barry 	SG 	29 	SAC 	43 	0 	736 	2.9 	6.8 	.428 	1.2 	3.9 	.304 	1.7 	2.9 	.593 	3.5 	4.1 	.845 	1.2 	3.5 	4.7 	5.5 	2.6 	0.2 	2.3 	3.0 	10.4
27 	Tony Battie 	C 	22 	BOS 	50 	15 	1121 	4.7 	9.1 	.519 	0.0 	0.1 	.000 	4.7 	9.0 	.525 	1.3 	2.0 	.672 	3.1 	6.6 	9.6 	1.7 	0.9 	2.3 	1.4 	5.1 	10.8
28 	Corey Beck 	PG 	27 	TOT 	24 	0 	180 	3.6 	7.8 	.462 	0.2 	0.2 	1.000 	3.4 	7.6 	.447 	1.6 	3.0 	.533 	1.2 	4.4 	5.6 	4.0 	1.8 	0.4 	2.6 	5.2 	9.0
29 	Benoit Benjamin 	C 	34 	PHI 	6 	0 	33 	2.2 	7.6 	.286 	0.0 	0.0 	0.0	2.2 	7.6 	.286 	0.0 	0.0 	0.0	3.3 	5.5 	8.7 	1.1 	0.0 	0.0 	3.3 	6.5 	4.4
30 	Corey Benjamin 	PG 	20 	CHI 	31 	1 	320 	5.0 	13.2 	.376 	0.3 	1.6 	.214 	4.6 	11.6 	.398 	3.0 	4.5 	.675 	1.7 	2.8 	4.5 	1.1 	1.2 	0.9 	2.4 	5.2 	13.3
31 	Mario Bennett 	PF 	25 	CHI 	3 	0 	19 	3.8 	11.4 	.333 	0.0 	0.0 	0.0	3.8 	11.4 	.333 	5.7 	7.6 	.750 	3.8 	5.7 	9.5 	0.0 	1.9 	0.0 	1.9 	7.6 	13.3
32 	Travis Best 	PG 	26 	IND 	49 	0 	1043 	4.4 	10.5 	.416 	0.8 	2.0 	.373 	3.6 	8.5 	.427 	2.4 	2.9 	.843 	0.7 	2.1 	2.8 	5.8 	1.4 	0.1 	2.1 	3.8 	11.9
33 	Mike Bibby 	PG 	20 	VAN 	50 	50 	1758 	5.3 	12.4 	.430 	0.3 	1.5 	.203 	5.0 	10.9 	.461 	2.6 	3.5 	.751 	0.6 	2.2 	2.8 	6.7 	1.6 	0.1 	3.0 	2.5 	13.6
34 	Chauncey Billups 	SG 	22 	DEN 	45 	41 	1488 	4.6 	12.0 	.386 	2.1 	5.7 	.362 	2.6 	6.3 	.408 	3.8 	4.2 	.913 	0.6 	1.7 	2.3 	4.2 	1.4 	0.3 	2.4 	2.8 	15.1
35 	Mookie Blaylock 	PG 	31 	ATL 	48 	48 	1763 	5.0 	13.3 	.379 	1.6 	5.1 	.307 	3.5 	8.2 	.425 	1.4 	1.9 	.758 	0.9 	3.7 	4.6 	5.7 	2.0 	0.2 	2.3 	1.2 	13.1
36 	Corie Blount 	PF 	30 	TOT 	34 	3 	530 	2.4 	6.8 	.360 	0.0 	0.1 	.000 	2.4 	6.7 	.364 	1.9 	3.7 	.519 	3.9 	6.3 	10.3 	0.8 	1.3 	1.1 	1.4 	5.0 	6.8
37 	Muggsy Bogues 	PG 	34 	GSW 	36 	5 	714 	3.8 	7.8 	.494 	0.0 	0.3 	.000 	3.8 	7.5 	.514 	1.6 	1.8 	.861 	0.8 	2.9 	3.7 	6.8 	2.2 	0.1 	2.4 	2.2 	9.2
38 	Etdrick Bohannon 	SF 	25 	WAS 	2 	0 	4 	0.0 	0.0 	0.0	0.0 	0.0 	0.0	0.0 	0.0 	0.0	0.0 	0.0 	0.0	0.0 	0.0 	0.0 	0.0 	0.0 	0.0 	0.0 	0.0 	0.0
39 	Keith Booth 	SF 	24 	CHI 	39 	4 	432 	4.1 	12.6 	.325 	0.1 	0.8 	.100 	4.0 	11.7 	.340 	1.7 	3.5 	.500 	2.1 	5.7 	7.7 	3.2 	1.8 	0.9 	3.2 	5.0 	10.0
40 	Bruce Bowen 	SF 	27 	BOS 	30 	1 	494 	1.9 	6.8 	.280 	0.5 	1.9 	.269 	1.4 	4.9 	.284 	0.8 	1.7 	.458 	1.1 	2.7 	3.8 	2.0 	1.5 	0.7 	0.9 	3.7 	5.1
41 	Earl Boykins 	PG 	22 	TOT 	22 	0 	221 	4.9 	12.9 	.380 	0.5 	2.9 	.167 	4.4 	9.9 	.443 	0.3 	0.5 	.667 	1.1 	1.6 	2.8 	5.4 	1.0 	0.0 	3.3 	3.3 	10.6
42 	Shawn Bradley 	C 	26 	DAL 	49 	33 	1294 	4.6 	9.7 	.480 	0.0 	0.1 	.000 	4.6 	9.6 	.485 	2.4 	3.2 	.748 	3.6 	7.3 	10.9 	1.1 	1.0 	4.4 	1.6 	4.3 	11.7
43 	Terrell Brandon 	PG 	28 	TOT 	36 	34 	1217 	6.3 	15.0 	.418 	0.4 	1.4 	.255 	5.9 	13.6 	.435 	1.9 	2.3 	.833 	0.8 	3.2 	4.0 	9.1 	1.9 	0.3 	2.2 	2.4 	14.8
44 	Chucky Brown 	PF 	30 	CHH 	48 	21 	1192 	5.3 	11.3 	.472 	0.5 	1.2 	.375 	4.9 	10.1 	.483 	1.2 	1.8 	.678 	1.1 	4.2 	5.3 	1.7 	0.5 	0.6 	1.1 	3.2 	12.3
45 	Dee Brown 	PG 	30 	TOR 	49 	0 	1377 	4.9 	12.9 	.378 	3.5 	9.1 	.387 	1.4 	3.8 	.356 	1.0 	1.4 	.727 	0.4 	2.3 	2.7 	3.7 	1.5 	0.2 	2.1 	2.0 	14.4
46 	Gerald Brown 	SG 	23 	PHO 	33 	0 	236 	5.0 	13.6 	.371 	0.5 	1.5 	.300 	4.6 	12.1 	.380 	1.7 	2.1 	.786 	0.8 	2.6 	3.4 	4.7 	0.8 	0.2 	3.4 	3.2 	12.2
47 	P.J. Brown 	PF 	29 	MIA 	50 	50 	1611 	5.1 	10.7 	.480 	0.0 	0.0 	0.0	5.1 	10.7 	.480 	2.5 	3.3 	.774 	2.6 	5.2 	7.7 	1.5 	1.0 	1.1 	1.5 	3.7 	12.8
48 	Randy Brown 	PG 	30 	CHI 	39 	32 	1139 	4.2 	10.1 	.414 	0.0 	0.3 	.000 	4.2 	9.8 	.427 	2.5 	3.3 	.757 	0.9 	3.3 	4.2 	4.7 	2.1 	0.3 	2.5 	2.9 	10.8
49 	Rick Brunson 	PG 	26 	NYK 	17 	0 	95 	2.3 	8.0 	.286 	0.0 	1.9 	.000 	2.3 	6.1 	.375 	1.9 	6.8 	.278 	1.1 	2.7 	3.8 	7.2 	3.4 	0.0 	4.5 	3.0 	6.4
50 	Kobe Bryant 	SG 	20 	LAL 	50 	50 	1896 	6.9 	14.8 	.465 	0.5 	1.9 	.267 	6.4 	12.9 	.494 	4.7 	5.5 	.839 	1.0 	4.0 	5.0 	3.6 	1.4 	0.9 	3.0 	2.9 	18.9
51 	Mark Bryant 	PF 	33 	CHI 	45 	29 	1204 	5.0 	10.4 	.483 	0.0 	0.0 	.000 	5.0 	10.4 	.484 	2.1 	3.3 	.645 	2.8 	4.2 	6.9 	1.4 	1.0 	0.5 	2.0 	4.5 	12.2
52 	Jud Buechler 	SF 	30 	DET 	50 	0 	1056 	3.4 	8.2 	.417 	2.1 	5.0 	.412 	1.3 	3.1 	.424 	0.4 	0.6 	.722 	1.0 	3.5 	4.5 	1.9 	1.3 	0.4 	0.7 	2.8 	9.3
53 	Matt Bullard 	PF 	31 	HOU 	41 	0 	413 	3.7 	9.9 	.377 	2.1 	5.4 	.387 	1.7 	4.5 	.365 	0.6 	0.9 	.700 	0.8 	2.9 	3.7 	1.6 	1.1 	0.3 	1.2 	2.4 	10.2
54 	Scott Burrell 	SF 	28 	NJN 	32 	10 	706 	3.8 	10.6 	.361 	1.4 	3.7 	.389 	2.4 	6.9 	.346 	1.7 	2.1 	.810 	1.6 	4.4 	6.1 	2.3 	2.0 	0.6 	1.2 	4.2 	10.8
55 	Willie Burton 	SF 	30 	CHH 	3 	0 	18 	2.0 	14.0 	.143 	0.0 	2.0 	.000 	2.0 	12.0 	.167 	4.0 	8.0 	.500 	8.0 	4.0 	12.0 	0.0 	0.0 	0.0 	2.0 	4.0 	8.0
56 	Mitchell Butler 	SG 	28 	CLE 	31 	1 	418 	5.8 	12.0 	.482 	0.9 	2.5 	.379 	4.8 	9.5 	.509 	2.0 	2.8 	.719 	1.1 	2.7 	3.8 	1.9 	1.3 	0.3 	2.5 	3.5 	14.5
57 	Jason Caffey 	PF 	25 	GSW 	35 	32 	876 	5.1 	11.4 	.444 	0.0 	0.0 	.000 	5.1 	11.3 	.446 	2.5 	4.0 	.633 	3.2 	5.2 	8.4 	0.7 	1.0 	0.4 	3.1 	4.6 	12.7
58 	Marcus Camby 	C 	24 	NYK 	46 	0 	945 	5.2 	9.9 	.521 	0.0 	0.0 	0.0	5.2 	9.9 	.521 	2.2 	3.9 	.553 	3.9 	5.8 	9.6 	0.5 	1.1 	2.8 	1.5 	5.0 	12.5
59 	Elden Campbell 	C 	30 	TOT 	49 	33 	1459 	5.5 	11.5 	.477 	0.0 	0.0 	.000 	5.5 	11.4 	.478 	4.2 	6.6 	.639 	3.1 	6.7 	9.8 	1.7 	1.0 	1.8 	2.0 	3.9 	15.2
60 	Antoine Carr 	PF 	37 	HOU 	18 	0 	152 	5.0 	12.3 	.404 	0.0 	0.2 	.000 	5.0 	12.1 	.412 	1.2 	1.7 	.714 	2.1 	5.2 	7.3 	2.1 	0.2 	2.4 	2.1 	7.3 	11.1
61 	Chris Carr 	SG 	24 	TOT 	39 	4 	445 	6.1 	16.6 	.371 	2.3 	6.1 	.373 	3.9 	10.5 	.369 	2.2 	3.2 	.675 	1.9 	3.9 	5.7 	1.9 	0.6 	0.2 	2.3 	3.6 	16.7
62 	Cory Carr 	SG 	23 	CHI 	42 	7 	624 	4.1 	12.5 	.329 	0.3 	1.7 	.167 	3.8 	10.7 	.355 	1.4 	1.8 	.750 	0.5 	2.4 	2.8 	3.8 	1.2 	0.4 	2.7 	3.8 	9.9
63 	Vince Carter 	SF 	22 	TOR 	50 	49 	1760 	7.1 	15.7 	.450 	0.4 	1.4 	.288 	6.7 	14.3 	.466 	4.2 	5.5 	.761 	1.9 	3.9 	5.8 	3.0 	1.1 	1.6 	2.3 	2.9 	18.7
64 	Sam Cassell 	PG 	29 	TOT 	8 	3 	199 	7.1 	16.8 	.419 	0.4 	1.8 	.200 	6.7 	15.0 	.446 	8.5 	9.0 	.940 	0.9 	1.8 	2.7 	6.5 	1.6 	0.0 	3.6 	4.0 	23.0
65 	Kelvin Cato 	C 	24 	POR 	43 	0 	545 	3.8 	8.5 	.450 	0.1 	0.1 	1.000 	3.8 	8.5 	.445 	2.2 	4.4 	.507 	3.2 	6.7 	9.9 	1.3 	1.5 	3.7 	1.8 	6.6 	10.0
66 	Duane Causwell 	C 	30 	MIA 	19 	1 	137 	5.3 	9.2 	.571 	0.0 	0.0 	0.0	5.3 	9.2 	.571 	1.1 	3.2 	.333 	3.7 	5.5 	9.2 	0.5 	0.0 	2.9 	4.7 	8.4 	11.6
67 	Cedric Ceballos 	SF 	29 	DAL 	13 	5 	352 	6.0 	14.3 	.421 	1.1 	2.9 	.393 	4.9 	11.5 	.429 	3.5 	5.0 	.694 	2.4 	6.3 	8.7 	1.2 	0.7 	0.5 	2.9 	2.4 	16.7
68 	Rex Chapman 	SG 	31 	PHO 	38 	35 	1183 	5.0 	14.0 	.359 	1.6 	4.6 	.351 	3.4 	9.4 	.364 	2.3 	2.8 	.835 	0.4 	2.8 	3.2 	3.3 	1.0 	0.3 	1.6 	1.4 	14.0
69 	Calbert Cheaney 	SG 	27 	WAS 	50 	18 	1266 	4.9 	11.8 	.414 	0.2 	1.1 	.216 	4.7 	10.7 	.434 	0.9 	1.9 	.493 	0.9 	3.1 	4.0 	2.1 	1.1 	0.5 	1.2 	4.2 	10.9
70 	Pete Chilcutt 	PF 	30 	VAN 	46 	0 	697 	3.3 	8.9 	.366 	1.3 	3.5 	.382 	1.9 	5.4 	.356 	0.7 	0.9 	.824 	1.5 	4.5 	6.0 	1.5 	1.1 	0.6 	1.4 	2.7 	8.6
71 	Chris Childs 	PG 	31 	NYK 	48 	0 	1297 	3.2 	7.4 	.427 	1.0 	2.6 	.383 	2.2 	4.8 	.451 	1.8 	2.2 	.821 	0.5 	3.2 	3.7 	5.4 	1.2 	0.0 	2.4 	4.3 	9.1
72 	Doug Christie 	SG 	28 	TOR 	50 	50 	1768 	5.1 	13.2 	.388 	1.0 	3.3 	.304 	4.1 	10.0 	.415 	4.2 	5.0 	.841 	1.2 	3.0 	4.2 	3.8 	2.3 	0.5 	2.4 	2.3 	15.5
73 	Keon Clark 	C 	23 	DEN 	28 	0 	409 	3.2 	7.0 	.450 	0.0 	0.1 	.000 	3.2 	7.0 	.456 	1.8 	3.3 	.568 	3.2 	5.3 	8.4 	0.9 	0.9 	2.7 	1.8 	4.6 	8.2
74 	Keith Closs 	C 	22 	LAC 	15 	0 	87 	5.0 	9.5 	.522 	0.0 	0.4 	.000 	5.0 	9.1 	.545 	3.3 	4.1 	.800 	2.1 	8.3 	10.3 	0.0 	1.2 	3.7 	2.5 	5.8 	13.2
75 	John Coker 	C 	27 	WAS 	14 	0 	98 	4.8 	11.4 	.419 	0.0 	0.0 	0.0	4.8 	11.4 	.419 	1.8 	2.2 	.833 	2.6 	5.5 	8.1 	0.0 	0.4 	0.7 	0.7 	6.2 	11.4
76 	Derrick Coleman 	PF 	31 	CHH 	37 	29 	1178 	5.1 	12.4 	.414 	0.2 	1.0 	.212 	4.9 	11.4 	.432 	4.4 	5.8 	.753 	2.3 	7.7 	10.0 	2.4 	0.7 	1.3 	2.8 	2.9 	14.9
77 	Bimbo Coles 	PG 	30 	GSW 	48 	32 	1272 	5.2 	11.7 	.442 	0.2 	0.7 	.240 	5.0 	11.0 	.455 	2.3 	2.9 	.822 	0.6 	2.7 	3.3 	6.3 	1.3 	0.3 	2.3 	3.2 	12.9
78 	Marty Conlon 	C 	31 	MIA 	7 	0 	35 	3.1 	13.4 	.231 	0.0 	0.0 	0.0	3.1 	13.4 	.231 	2.1 	2.1 	1.000 	1.0 	4.1 	5.1 	1.0 	0.0 	1.0 	3.1 	6.2 	8.2
79 	Tyrone Corbin 	SF 	36 	ATL 	47 	6 	1066 	4.4 	11.3 	.391 	1.3 	4.0 	.319 	3.1 	7.3 	.431 	1.8 	2.7 	.650 	1.2 	3.6 	4.9 	1.5 	1.0 	0.2 	1.5 	2.5 	11.9
80 	James Cotton 	SG 	23 	SEA 	10 	0 	59 	3.7 	11.0 	.333 	0.0 	1.8 	.000 	3.7 	9.2 	.400 	7.9 	11.0 	.722 	1.2 	4.9 	6.1 	0.0 	1.8 	0.0 	1.8 	3.7 	15.3
81 	Chris Crawford 	PF 	23 	ATL 	42 	30 	784 	5.1 	11.7 	.431 	0.5 	1.5 	.333 	4.5 	10.2 	.446 	2.6 	3.2 	.814 	1.7 	2.4 	4.1 	1.1 	0.5 	0.6 	2.2 	4.9 	13.2
82 	Austin Croshere 	PF 	23 	IND 	27 	0 	249 	4.6 	10.8 	.427 	1.2 	4.2 	.276 	3.5 	6.7 	.522 	2.9 	3.3 	.870 	2.3 	4.2 	6.5 	1.4 	1.0 	1.2 	3.3 	4.6 	13.3
83 	John Crotty 	PG 	29 	TOT 	27 	0 	382 	4.8 	11.7 	.411 	1.3 	3.4 	.389 	3.5 	8.3 	.420 	4.1 	4.7 	.860 	0.8 	2.2 	2.9 	5.9 	1.0 	0.0 	3.1 	2.9 	15.0
84 	Terry Cummings 	PF 	37 	GSW 	50 	0 	1011 	6.6 	15.1 	.439 	0.0 	0.0 	1.000 	6.6 	15.1 	.437 	2.9 	4.1 	.711 	3.4 	5.7 	9.1 	2.1 	1.6 	0.4 	2.1 	6.0 	16.2
85 	William Cunningham 	C 	24 	TOT 	16 	6 	162 	0.7 	4.0 	.167 	0.0 	0.0 	0.0	0.7 	4.0 	.167 	0.0 	0.4 	.000 	2.9 	3.3 	6.2 	0.2 	0.2 	2.4 	1.1 	6.7 	1.3
86 	Bill Curley 	PF 	26 	MIN 	35 	7 	372 	2.8 	7.0 	.403 	0.1 	0.5 	.200 	2.7 	6.5 	.418 	1.8 	2.1 	.864 	1.9 	3.0 	4.9 	1.4 	1.6 	0.9 	1.0 	8.0 	7.5
87 	Dell Curry 	SG 	34 	MIL 	42 	0 	864 	6.8 	14.0 	.485 	2.9 	6.0 	.476 	3.9 	8.0 	.492 	1.2 	1.4 	.824 	0.7 	2.8 	3.5 	2.0 	1.5 	0.1 	1.9 	1.7 	17.6
88 	Michael Curry 	SF 	30 	MIL 	50 	4 	1146 	2.8 	6.5 	.437 	0.0 	0.5 	.067 	2.8 	6.0 	.466 	2.0 	2.5 	.797 	0.6 	2.8 	3.4 	2.5 	1.3 	0.2 	1.2 	4.2 	7.7
89 	Erick Dampier 	C 	23 	GSW 	50 	50 	1414 	4.1 	10.5 	.389 	0.0 	0.0 	0.0	4.1 	10.5 	.389 	3.1 	5.2 	.588 	4.2 	5.6 	9.7 	1.4 	0.7 	1.5 	2.3 	4.2 	11.3
90 	Antonio Daniels 	PG 	23 	SAS 	47 	0 	614 	4.9 	10.7 	.454 	0.3 	1.0 	.294 	4.6 	9.7 	.470 	2.9 	3.8 	.754 	0.8 	2.4 	3.2 	6.2 	1.8 	0.4 	2.6 	2.3 	12.9
91 	Kornel David 	SF 	27 	CHI 	50 	6 	902 	4.4 	9.7 	.449 	0.0 	0.0 	.000 	4.4 	9.7 	.450 	3.6 	4.4 	.811 	2.8 	4.1 	6.9 	1.6 	0.9 	0.7 	1.9 	3.5 	12.3
92 	Antonio Davis 	PF 	30 	IND 	49 	1 	1271 	4.6 	9.9 	.471 	0.0 	0.0 	0.0	4.6 	9.9 	.471 	3.8 	5.4 	.703 	3.3 	6.5 	9.7 	0.9 	0.6 	1.2 	1.4 	3.9 	13.1
93 	Ben Davis 	PF 	26 	NYK 	8 	0 	21 	12.0 	29.1 	.412 	0.0 	0.0 	0.0	12.0 	29.1 	.412 	5.1 	10.3 	.500 	15.4 	3.4 	18.9 	5.1 	0.0 	0.0 	1.7 	6.9 	29.1
94 	Dale Davis 	PF 	29 	IND 	50 	50 	1374 	4.2 	7.9 	.533 	0.0 	0.0 	0.0	4.2 	7.9 	.533 	2.0 	3.2 	.618 	4.1 	6.8 	10.9 	0.6 	0.5 	1.5 	1.1 	3.0 	10.4
95 	Hubert Davis 	SG 	28 	DAL 	50 	21 	1378 	4.5 	10.4 	.438 	1.7 	3.8 	.451 	2.8 	6.6 	.431 	1.1 	1.3 	.880 	0.1 	2.2 	2.2 	2.3 	0.5 	0.1 	1.5 	2.0 	11.9
96 	Mark Davis 	SF 	25 	MIA 	4 	1 	35 	2.1 	6.2 	.333 	0.0 	0.0 	0.0	2.1 	6.2 	.333 	5.1 	6.2 	.833 	2.1 	5.1 	7.2 	1.0 	1.0 	0.0 	7.2 	12.3 	9.3
97 	Ricky Davis 	SG 	19 	CHH 	46 	1 	557 	5.2 	12.9 	.405 	0.1 	0.8 	.167 	5.1 	12.2 	.420 	2.9 	3.8 	.763 	2.6 	2.8 	5.4 	3.7 	1.9 	0.5 	3.5 	3.0 	13.5
98 	Terry Davis 	C 	31 	WAS 	37 	34 	578 	3.1 	5.7 	.533 	0.0 	0.0 	0.0	3.1 	5.7 	.533 	1.7 	2.4 	.737 	3.1 	5.5 	8.7 	0.6 	0.7 	0.2 	1.0 	4.9 	7.8
99 	Andrew DeClercq 	C 	25 	TOT 	47 	32 	1102 	4.5 	9.0 	.500 	0.0 	0.0 	0.0	4.5 	9.0 	.500 	3.1 	4.6 	.674 	3.4 	4.9 	8.3 	1.0 	1.6 	0.9 	1.8 	5.3 	12.1
100 	Terry Dehere 	SG-PG 	27 	TOT 	26 	0 	291 	3.8 	10.5 	.365 	2.0 	4.8 	.410 	1.9 	5.7 	.326 	0.6 	0.9 	.714 	0.9 	2.1 	3.0 	3.3 	0.9 	0.4 	2.0 	3.7 	10.3
101 	Vinny Del Negro 	PG 	32 	MIL 	48 	7 	1093 	3.8 	8.9 	.422 	0.4 	1.0 	.433 	3.3 	7.9 	.421 	1.3 	1.6 	.800 	0.5 	2.9 	3.4 	5.7 	1.1 	0.1 	1.8 	2.0 	9.3
102 	Bison Dele 	C 	29 	DET 	49 	48 	1177 	6.6 	13.2 	.501 	0.0 	0.0 	.000 	6.6 	13.2 	.502 	2.5 	3.6 	.686 	2.8 	5.5 	8.3 	2.2 	1.2 	1.2 	3.4 	5.5 	15.7
103 	Tony Delk 	PG 	25 	GSW 	36 	13 	630 	5.3 	14.5 	.364 	0.9 	3.8 	.242 	4.3 	10.7 	.406 	2.6 	4.1 	.648 	0.6 	2.5 	3.1 	5.4 	0.9 	0.3 	2.6 	2.7 	14.1
104 	Michael Dickerson 	SG 	23 	HOU 	50 	50 	1558 	5.0 	10.7 	.465 	1.6 	3.8 	.433 	3.3 	6.9 	.483 	1.1 	1.7 	.639 	0.6 	1.3 	1.9 	2.2 	0.6 	0.3 	1.5 	2.1 	12.6
105 	Vlade Divac 	C 	30 	SAC 	50 	50 	1761 	5.4 	11.4 	.470 	0.2 	0.9 	.256 	5.1 	10.5 	.488 	3.7 	5.2 	.702 	2.9 	7.4 	10.2 	4.4 	0.9 	1.0 	2.7 	3.4 	14.6
106 	Michael Doleac 	C 	21 	ORL 	49 	0 	780 	5.8 	12.3 	.468 	0.0 	0.0 	0.0	5.8 	12.3 	.468 	2.5 	3.7 	.675 	3.0 	3.8 	6.8 	0.9 	0.9 	0.8 	1.2 	5.4 	14.0
107 	Sherman Douglas 	PG 	32 	LAC 	30 	19 	842 	4.1 	9.4 	.438 	0.0 	0.5 	.000 	4.1 	8.9 	.462 	2.4 	3.7 	.632 	0.7 	1.8 	2.5 	5.3 	1.2 	0.1 	2.6 	2.3 	10.6
108 	Bryce Drew 	PG 	24 	HOU 	34 	0 	441 	3.8 	10.5 	.364 	1.3 	4.0 	.327 	2.5 	6.5 	.388 	0.7 	0.7 	1.000 	0.2 	2.4 	2.6 	4.2 	1.0 	0.3 	2.5 	5.0 	9.6
109 	Chris Dudley 	C 	33 	NYK 	46 	16 	685 	2.5 	5.7 	.440 	0.0 	0.0 	0.0	2.5 	5.7 	.440 	1.0 	2.1 	.475 	4.2 	6.0 	10.1 	0.4 	0.7 	2.0 	1.3 	6.1 	6.0
110 	Joe Dumars* 	SG 	35 	DET 	38 	38 	1116 	4.6 	11.3 	.411 	2.9 	7.1 	.403 	1.8 	4.2 	.426 	1.6 	2.0 	.836 	0.4 	1.8 	2.2 	4.3 	0.7 	0.1 	1.7 	1.6 	13.8
111 	Tim Duncan 	PF 	22 	SAS 	50 	50 	1963 	7.7 	15.5 	.495 	0.0 	0.1 	.143 	7.6 	15.4 	.498 	4.5 	6.6 	.690 	2.9 	7.6 	10.5 	2.2 	0.8 	2.3 	2.7 	2.7 	19.9
112 	Blue Edwards 	SF 	33 	MIA 	24 	0 	283 	4.1 	9.2 	.444 	0.5 	1.3 	.400 	3.6 	7.9 	.452 	1.1 	1.7 	.692 	0.9 	3.3 	4.2 	3.8 	2.2 	0.6 	2.7 	2.9 	9.8
113 	Howard Eisley 	PG 	26 	UTA 	50 	0 	1038 	4.9 	10.9 	.446 	0.7 	1.7 	.420 	4.1 	9.2 	.451 	2.3 	2.8 	.838 	0.4 	2.8 	3.3 	6.4 	1.0 	0.1 	3.8 	4.2 	12.8
114 	Mario Elie 	SG 	35 	SAS 	47 	37 	1291 	4.4 	9.2 	.471 	1.1 	3.0 	.374 	3.2 	6.2 	.518 	2.9 	3.3 	.866 	1.0 	2.8 	3.8 	2.5 	1.3 	0.3 	1.7 	2.5 	12.7
115 	Sean Elliott 	SF 	30 	SAS 	50 	50 	1509 	5.0 	12.1 	.410 	0.9 	2.8 	.328 	4.0 	9.3 	.436 	2.5 	3.3 	.757 	0.8 	4.2 	5.1 	2.8 	0.6 	0.4 	1.7 	2.5 	13.4
116 	Dale Ellis 	SF 	38 	SEA 	48 	5 	1232 	5.1 	11.5 	.441 	2.7 	6.3 	.433 	2.3 	5.2 	.449 	1.5 	2.0 	.757 	0.7 	2.6 	3.4 	1.1 	0.7 	0.1 	1.3 	2.3 	14.5
117 	LaPhonso Ellis 	PF 	28 	ATL 	20 	20 	539 	5.3 	12.7 	.421 	0.1 	0.3 	.200 	5.3 	12.4 	.427 	2.9 	4.1 	.705 	1.7 	5.6 	7.3 	1.2 	0.5 	0.5 	2.3 	3.2 	13.6
118 	Brian Evans 	SF 	25 	TOT 	16 	0 	145 	3.2 	10.9 	.295 	1.0 	3.2 	.308 	2.2 	7.7 	.290 	1.0 	1.0 	1.000 	1.5 	3.2 	4.7 	3.7 	1.2 	0.7 	0.5 	2.0 	8.4
119 	Patrick Ewing* 	C 	36 	NYK 	38 	38 	1300 	6.8 	15.7 	.435 	0.0 	0.1 	.000 	6.8 	15.7 	.436 	4.5 	6.4 	.706 	2.0 	8.4 	10.4 	1.2 	0.8 	2.8 	2.7 	2.9 	18.2
120 	Jamie Feick 	PF-C 	24 	TOT 	28 	16 	852 	2.8 	5.7 	.500 	0.0 	0.0 	0.0	2.8 	5.7 	.500 	1.8 	2.5 	.717 	4.7 	7.4 	12.2 	1.0 	1.1 	0.8 	1.4 	3.1 	7.5
121 	Duane Ferrell 	SF 	33 	GSW 	8 	0 	46 	0.8 	11.0 	.071 	0.0 	0.0 	0.0	0.8 	11.0 	.071 	2.3 	3.1 	.750 	3.9 	0.8 	4.7 	0.0 	0.8 	0.8 	0.8 	3.1 	3.9
122 	Danny Ferry 	PF 	32 	CLE 	50 	10 	1058 	4.8 	10.1 	.476 	1.3 	3.3 	.392 	3.5 	6.8 	.518 	1.0 	1.1 	.879 	0.5 	2.9 	3.5 	1.8 	0.8 	0.3 	1.3 	3.8 	11.9
123 	Michael Finley 	SF 	25 	DAL 	50 	50 	2051 	6.8 	15.4 	.444 	0.8 	2.4 	.331 	6.0 	13.0 	.465 	3.3 	4.0 	.823 	1.2 	3.4 	4.6 	3.8 	1.2 	0.3 	1.9 	1.7 	17.7
124 	Derek Fisher 	PG 	24 	LAL 	50 	21 	1131 	3.2 	8.4 	.376 	1.2 	3.1 	.392 	1.9 	5.3 	.367 	1.9 	2.5 	.759 	0.7 	2.2 	2.9 	6.3 	1.9 	0.0 	2.5 	3.0 	9.4
125 	Danny Fortson 	PF 	22 	DEN 	50 	38 	1417 	4.9 	9.8 	.495 	0.0 	0.1 	.000 	4.9 	9.7 	.499 	4.3 	5.9 	.727 	5.3 	9.4 	14.8 	0.8 	0.8 	0.6 	2.0 	5.4 	14.0
126 	Greg Foster 	PF 	30 	UTA 	42 	1 	458 	4.1 	10.8 	.377 	0.1 	0.3 	.250 	4.0 	10.5 	.381 	1.0 	1.7 	.619 	2.2 	4.3 	6.5 	2.0 	0.5 	0.6 	1.9 	5.0 	9.3
127 	Rick Fox 	SF 	29 	LAL 	44 	1 	944 	5.6 	12.6 	.448 	1.2 	3.6 	.337 	4.4 	9.0 	.494 	2.5 	3.4 	.742 	1.0 	2.4 	3.4 	3.4 	1.1 	0.4 	2.1 	4.3 	15.0
128 	Adonal Foyle 	C 	23 	GSW 	44 	0 	614 	3.0 	7.1 	.430 	0.0 	0.0 	0.0	3.0 	7.1 	.430 	1.5 	3.0 	.490 	4.6 	6.7 	11.4 	1.1 	0.9 	2.5 	1.8 	5.3 	7.6
129 	Todd Fuller 	C 	24 	UTA 	42 	2 	462 	4.4 	9.7 	.452 	0.0 	0.0 	0.0	4.4 	9.7 	.452 	2.3 	3.9 	.600 	2.2 	5.7 	7.9 	0.5 	0.5 	1.1 	2.1 	4.7 	11.1
130 	Lawrence Funderburke 	PF 	28 	SAC 	47 	2 	936 	6.4 	11.5 	.559 	0.0 	0.2 	.200 	6.4 	11.3 	.565 	3.3 	4.6 	.708 	3.9 	4.7 	8.5 	1.2 	0.8 	0.9 	2.0 	3.0 	16.2
131 	Kevin Garnett 	PF 	22 	MIN 	47 	47 	1780 	8.4 	18.2 	.460 	0.1 	0.3 	.286 	8.3 	17.9 	.463 	2.9 	4.2 	.704 	3.4 	6.5 	9.9 	4.1 	1.6 	1.7 	2.7 	3.1 	19.8
132 	Marlon Garnett 	PG 	23 	BOS 	24 	0 	205 	2.6 	9.0 	.294 	1.1 	4.0 	.261 	1.6 	4.9 	.321 	2.6 	3.5 	.750 	0.5 	3.2 	3.7 	3.2 	0.9 	0.2 	2.1 	3.2 	9.0
133 	Dean Garrett 	C 	32 	MIN 	49 	37 	1054 	4.0 	7.9 	.502 	0.0 	0.0 	0.0	4.0 	7.9 	.502 	1.3 	1.7 	.745 	3.4 	5.4 	8.8 	1.0 	1.0 	1.5 	1.0 	3.9 	9.2
134 	Pat Garrity 	PF 	22 	PHO 	39 	9 	538 	5.7 	11.4 	.500 	0.5 	1.2 	.389 	5.2 	10.2 	.513 	2.7 	3.7 	.714 	1.7 	3.3 	5.0 	1.2 	0.5 	0.2 	1.3 	4.1 	14.5
135 	Chris Gatling 	C 	31 	TOT 	48 	3 	775 	5.4 	12.3 	.442 	0.0 	0.4 	.125 	5.4 	11.9 	.451 	1.7 	4.3 	.398 	2.4 	5.9 	8.3 	1.5 	1.5 	0.5 	2.9 	5.5 	12.6
136 	Andrew Gaze 	SG 	33 	SAS 	19 	0 	58 	5.0 	15.5 	.320 	3.1 	9.9 	.313 	1.9 	5.6 	.333 	0.0 	0.0 	0.0	1.2 	1.9 	3.1 	3.7 	1.2 	0.6 	2.5 	4.3 	13.0
137 	Matt Geiger 	C 	29 	PHI 	50 	40 	1540 	6.2 	13.0 	.479 	0.0 	0.1 	.200 	6.2 	12.9 	.482 	3.3 	4.1 	.797 	3.2 	5.3 	8.5 	1.4 	0.9 	0.9 	2.4 	3.7 	15.8
138 	Kendall Gill 	SF 	30 	NJN 	50 	47 	1606 	5.3 	13.3 	.398 	0.0 	0.4 	.118 	5.2 	12.9 	.406 	2.6 	3.7 	.683 	1.4 	4.1 	5.5 	2.8 	3.0 	0.6 	1.6 	3.6 	13.2
139 	Armen Gilliam 	PF 	34 	MIL 	34 	5 	668 	5.4 	12.0 	.453 	0.0 	0.1 	.000 	5.4 	12.0 	.455 	4.3 	5.4 	.782 	1.8 	5.0 	6.8 	1.0 	1.2 	0.6 	1.9 	2.6 	15.1
140 	Brian Grant 	PF 	26 	POR 	48 	46 	1525 	4.3 	9.0 	.479 	0.0 	0.0 	0.0	4.3 	9.0 	.479 	4.3 	5.3 	.814 	4.1 	7.0 	11.1 	1.6 	0.5 	0.8 	2.3 	3.2 	13.0
141 	Gary Grant 	PG 	33 	POR 	2 	0 	7 	0.0 	5.1 	.000 	0.0 	0.0 	0.0	0.0 	5.1 	.000 	0.0 	0.0 	0.0	0.0 	0.0 	0.0 	15.4 	5.1 	0.0 	0.0 	0.0 	0.0
142 	Harvey Grant 	PF 	33 	PHI 	47 	10 	798 	2.8 	7.6 	.369 	0.0 	0.3 	.167 	2.8 	7.3 	.377 	0.9 	1.3 	.724 	1.6 	3.3 	5.0 	1.0 	0.9 	0.7 	0.9 	3.3 	6.6
143 	Horace Grant 	PF 	33 	ORL 	50 	50 	1660 	4.3 	9.9 	.434 	0.0 	0.0 	.000 	4.3 	9.8 	.436 	1.0 	1.5 	.671 	2.5 	5.1 	7.6 	2.0 	1.0 	1.3 	1.0 	2.1 	9.6
144 	Paul Grant 	C 	25 	TOT 	6 	0 	13 	5.5 	16.6 	.333 	0.0 	0.0 	0.0	5.5 	16.6 	.333 	0.0 	0.0 	0.0	2.8 	0.0 	2.8 	0.0 	2.8 	0.0 	5.5 	11.1 	11.1
145 	Ed Gray 	SG 	23 	ATL 	30 	3 	337 	5.7 	19.4 	.291 	1.3 	4.5 	.286 	4.4 	15.0 	.293 	3.0 	4.0 	.757 	0.7 	2.2 	3.0 	1.3 	1.3 	0.1 	3.1 	3.2 	15.6
146 	A.C. Green 	PF 	35 	DAL 	50 	35 	924 	4.2 	10.0 	.422 	0.0 	0.3 	.000 	4.2 	9.7 	.435 	1.2 	2.0 	.577 	3.2 	5.7 	8.9 	1.0 	1.1 	0.3 	0.7 	2.7 	9.6
147 	Litterial Green 	PG 	28 	CLE 	1 	0 	2 	0.0 	18.0 	.000 	0.0 	0.0 	0.0	0.0 	18.0 	.000 	0.0 	0.0 	0.0	0.0 	0.0 	0.0 	0.0 	0.0 	0.0 	0.0 	0.0 	0.0
148 	Tom Gugliotta 	PF 	29 	PHO 	43 	43 	1563 	6.4 	13.2 	.483 	0.0 	0.2 	.286 	6.3 	13.0 	.486 	4.0 	5.0 	.794 	3.0 	5.8 	8.8 	2.8 	1.4 	0.5 	2.0 	2.5 	16.8
149 	Tom Hammonds 	PF 	31 	MIN 	49 	0 	716 	4.1 	9.0 	.458 	0.0 	0.0 	0.0	4.1 	9.0 	.458 	2.4 	3.8 	.640 	2.7 	4.1 	6.8 	1.0 	0.4 	0.4 	1.6 	4.4 	10.7
150 	Anfernee Hardaway 	SG 	27 	ORL 	50 	50 	1944 	5.6 	13.3 	.420 	0.7 	2.6 	.286 	4.8 	10.7 	.452 	2.8 	3.9 	.706 	1.4 	3.9 	5.3 	4.9 	2.1 	0.4 	2.8 	2.1 	14.6
151 	Tim Hardaway 	PG 	32 	MIA 	48 	48 	1772 	6.1 	15.3 	.400 	2.3 	6.3 	.360 	3.8 	9.0 	.429 	2.5 	3.0 	.812 	0.3 	2.8 	3.1 	7.2 	1.2 	0.1 	2.7 	2.1 	17.0
152 	Derek Harper 	PG 	37 	LAL 	45 	29 	1120 	3.9 	9.4 	.412 	1.4 	3.8 	.368 	2.5 	5.6 	.443 	0.8 	1.0 	.813 	0.4 	1.7 	2.2 	6.0 	1.4 	0.1 	1.7 	2.1 	9.9
153 	Ron Harper 	SG 	35 	CHI 	35 	35 	1107 	4.8 	12.7 	.377 	0.9 	2.8 	.318 	3.9 	9.9 	.393 	2.3 	3.3 	.703 	1.6 	4.3 	5.9 	3.7 	2.0 	1.1 	2.1 	2.6 	12.7
154 	Matt Harpring 	SF 	22 	ORL 	50 	22 	1114 	4.8 	10.3 	.463 	0.3 	0.8 	.400 	4.5 	9.5 	.468 	3.3 	4.6 	.713 	2.8 	4.1 	6.9 	1.5 	1.0 	0.2 	2.4 	3.6 	13.2
155 	Al Harrington 	PF 	18 	IND 	21 	0 	160 	4.1 	12.6 	.321 	0.0 	1.1 	.000 	4.1 	11.5 	.353 	2.0 	3.4 	.600 	4.5 	4.3 	8.8 	1.1 	0.9 	0.5 	2.5 	5.9 	10.1
156 	Othella Harrington 	PF 	25 	HOU 	41 	10 	903 	6.2 	12.1 	.513 	0.0 	0.0 	0.0	6.2 	12.1 	.513 	3.5 	4.9 	.721 	2.9 	6.9 	9.8 	0.6 	0.2 	1.0 	2.4 	4.1 	15.9
157 	Lucious Harris 	SG 	28 	NJN 	36 	5 	602 	4.4 	10.8 	.403 	0.7 	3.0 	.220 	3.7 	7.8 	.473 	2.2 	2.9 	.750 	1.3 	2.8 	4.0 	1.9 	1.1 	0.4 	1.1 	3.1 	11.5
158 	Hersey Hawkins 	SG 	32 	SEA 	50 	34 	1644 	3.7 	8.9 	.419 	1.2 	3.9 	.306 	2.5 	5.0 	.509 	2.6 	2.9 	.902 	1.1 	3.3 	4.4 	2.7 	1.8 	0.4 	1.8 	2.0 	11.3
159 	Michael Hawkins 	PG 	26 	SAC 	24 	0 	203 	2.5 	7.1 	.350 	0.9 	3.4 	.263 	1.6 	3.7 	.429 	0.5 	0.5 	1.000 	1.8 	2.7 	4.4 	4.8 	0.5 	0.2 	2.3 	2.5 	6.4
160 	Alan Henderson 	SF 	26 	ATL 	38 	37 	1142 	5.9 	13.3 	.442 	0.0 	0.0 	.000 	5.9 	13.3 	.443 	3.2 	4.7 	.671 	3.2 	4.7 	7.9 	0.9 	1.0 	0.6 	1.8 	3.0 	14.9
161 	Cedric Henderson 	SF 	23 	CLE 	50 	48 	1517 	4.5 	10.8 	.417 	0.0 	0.3 	.167 	4.4 	10.5 	.424 	1.8 	2.2 	.813 	1.1 	3.6 	4.7 	2.7 	1.4 	0.6 	2.3 	3.2 	10.8
162 	J.R. Henderson 	SF 	22 	VAN 	30 	0 	331 	3.8 	10.4 	.365 	0.2 	0.5 	.400 	3.6 	9.9 	.363 	2.7 	4.9 	.556 	2.2 	2.9 	5.1 	2.4 	1.0 	0.4 	2.0 	3.2 	10.5
163 	Mark Hendrickson 	PF 	24 	NJN 	22 	6 	399 	3.5 	7.9 	.443 	0.0 	0.1 	.000 	3.5 	7.8 	.448 	3.8 	4.5 	.840 	2.4 	3.7 	6.1 	1.2 	1.1 	0.1 	1.4 	3.5 	10.8
164 	Steve Henson 	PG 	30 	DET 	4 	0 	25 	1.4 	2.9 	.500 	0.0 	0.0 	0.0	1.4 	2.9 	.500 	2.9 	2.9 	1.000 	0.0 	0.0 	0.0 	4.3 	1.4 	0.0 	4.3 	1.4 	5.8
165 	Carl Herrera 	PF 	32 	TOT 	28 	0 	307 	3.5 	8.9 	.395 	0.0 	0.1 	.000 	3.5 	8.8 	.400 	0.6 	1.3 	.455 	2.9 	4.3 	7.3 	0.5 	1.4 	0.8 	1.9 	4.8 	7.6
166 	Grant Hill 	SF 	26 	DET 	50 	50 	1852 	7.5 	15.6 	.479 	0.0 	0.3 	.000 	7.5 	15.3 	.487 	5.5 	7.4 	.752 	1.3 	5.6 	6.9 	5.8 	1.6 	0.5 	3.6 	2.2 	20.5
167 	Tyrone Hill 	PF 	30 	TOT 	38 	23 	1104 	4.0 	8.7 	.455 	0.0 	0.0 	0.0	4.0 	8.7 	.455 	2.6 	4.9 	.540 	3.7 	5.6 	9.4 	1.1 	1.1 	0.5 	1.9 	4.7 	10.6
168 	Fred Hoiberg 	SG 	26 	IND 	12 	0 	87 	2.5 	8.7 	.286 	0.4 	3.7 	.111 	2.1 	5.0 	.417 	2.5 	2.5 	1.000 	0.8 	3.7 	4.6 	1.7 	0.0 	0.0 	1.2 	4.6 	7.9
169 	Jerald Honeycutt 	PF 	24 	TOT 	16 	0 	102 	3.2 	11.3 	.281 	1.8 	6.0 	.294 	1.4 	5.3 	.267 	2.5 	3.5 	.700 	1.1 	3.2 	4.2 	1.1 	1.8 	0.7 	3.2 	5.6 	10.6
170 	Jeff Hornacek 	SG 	35 	UTA 	48 	48 	1435 	5.4 	11.3 	.477 	0.9 	2.0 	.420 	4.5 	9.2 	.489 	3.1 	3.5 	.893 	0.8 	3.2 	4.0 	4.8 	1.3 	0.4 	2.1 	2.4 	14.7
171 	Robert Horry 	PF 	28 	LAL 	38 	5 	744 	3.2 	7.1 	.459 	1.0 	2.2 	.444 	2.3 	4.9 	.465 	1.6 	2.2 	.739 	2.7 	4.6 	7.4 	2.7 	1.7 	1.9 	2.4 	5.0 	9.1
172 	Allan Houston 	SG 	27 	NYK 	50 	50 	1815 	5.8 	13.9 	.418 	1.1 	2.8 	.407 	4.7 	11.2 	.421 	3.3 	3.9 	.862 	0.4 	2.6 	3.0 	2.7 	0.7 	0.2 	2.6 	2.3 	16.1
173 	Juwan Howard 	SF 	25 	WAS 	36 	36 	1430 	7.2 	15.2 	.474 	0.0 	0.1 	.000 	7.2 	15.1 	.476 	2.8 	3.7 	.753 	2.3 	5.1 	7.4 	2.7 	1.1 	0.4 	2.4 	3.3 	17.2
174 	Troy Hudson 	PG 	22 	LAC 	25 	6 	524 	4.1 	10.3 	.400 	1.0 	3.2 	.319 	3.1 	7.1 	.437 	2.3 	2.6 	.895 	1.0 	2.7 	3.8 	6.3 	0.8 	0.1 	2.6 	1.9 	11.6
175 	Larry Hughes 	PG 	20 	PHI 	50 	1 	988 	6.2 	15.1 	.411 	0.3 	1.9 	.154 	5.9 	13.2 	.448 	3.9 	5.5 	.709 	3.0 	3.9 	6.9 	2.8 	1.6 	0.5 	2.5 	3.5 	16.6
176 	Lindsey Hunter 	PG 	28 	DET 	49 	49 	1755 	4.7 	10.7 	.435 	1.2 	3.1 	.386 	3.5 	7.6 	.456 	1.4 	1.8 	.753 	0.5 	2.9 	3.4 	4.0 	1.8 	0.2 	1.9 	2.6 	11.9
177 	Zydrunas Ilgauskas 	C 	23 	CLE 	5 	5 	171 	6.1 	12.0 	.509 	0.0 	0.0 	0.0	6.1 	12.0 	.509 	3.8 	6.3 	.600 	3.6 	5.7 	9.3 	0.8 	0.8 	1.5 	1.9 	5.1 	16.0
178 	Allen Iverson 	SG 	23 	PHI 	48 	48 	1990 	7.9 	19.1 	.412 	1.0 	3.6 	.291 	6.8 	15.5 	.440 	6.4 	8.6 	.751 	1.2 	3.1 	4.3 	4.0 	2.0 	0.1 	3.0 	1.8 	23.2
179 	Bobby Jackson 	PG 	25 	MIN 	50 	12 	941 	5.4 	13.3 	.405 	0.4 	1.0 	.370 	5.0 	12.3 	.408 	2.3 	3.0 	.772 	1.6 	3.5 	5.2 	6.4 	1.5 	0.1 	2.9 	2.9 	13.5
180 	Jaren Jackson 	SG 	31 	SAS 	47 	13 	861 	4.5 	11.9 	.380 	2.2 	6.1 	.361 	2.3 	5.7 	.401 	1.3 	1.6 	.821 	0.9 	3.3 	4.1 	2.0 	1.7 	0.4 	1.5 	2.6 	12.6
181 	Jim Jackson 	SG 	28 	POR 	49 	9 	1175 	4.7 	11.3 	.411 	0.8 	2.8 	.278 	3.9 	8.6 	.454 	2.6 	3.1 	.842 	1.1 	3.8 	4.9 	3.9 	1.3 	0.2 	2.5 	2.5 	12.7
182 	Mark Jackson 	PG 	33 	IND 	49 	49 	1382 	3.6 	8.6 	.419 	0.8 	2.7 	.311 	2.8 	5.9 	.469 	1.7 	2.1 	.823 	0.9 	3.9 	4.8 	10.1 	1.1 	0.1 	2.6 	1.5 	9.7
183 	Randell Jackson 	PF 	23 	WAS 	27 	8 	271 	6.1 	14.3 	.426 	0.1 	0.9 	.143 	6.0 	13.4 	.446 	2.8 	4.3 	.656 	4.0 	3.2 	7.2 	1.1 	0.4 	1.5 	3.5 	3.9 	15.1
184 	Sam Jacobson 	PG 	23 	LAL 	2 	0 	12 	9.0 	15.0 	.600 	0.0 	3.0 	.000 	9.0 	12.0 	.750 	6.0 	6.0 	1.000 	0.0 	9.0 	9.0 	0.0 	0.0 	0.0 	3.0 	6.0 	24.0
185 	Jerome James 	C 	23 	SAC 	16 	0 	42 	7.7 	20.6 	.375 	0.0 	0.0 	0.0	7.7 	20.6 	.375 	5.1 	10.3 	.500 	5.1 	9.4 	14.6 	0.9 	1.7 	5.1 	7.7 	9.4 	20.6
186 	Antawn Jamison 	SF 	22 	GSW 	47 	24 	1058 	6.1 	13.4 	.452 	0.1 	0.3 	.300 	6.0 	13.1 	.456 	3.1 	5.2 	.588 	4.5 	5.8 	10.2 	1.2 	1.3 	0.5 	2.3 	3.5 	15.3
187 	Anthony Johnson 	PG 	24 	ATL 	49 	2 	885 	3.7 	9.2 	.404 	0.2 	0.8 	.263 	3.5 	8.4 	.417 	2.3 	3.3 	.695 	0.7 	2.4 	3.1 	4.4 	1.4 	0.3 	2.6 	2.7 	9.9
188 	Avery Johnson 	PG 	33 	SAS 	50 	50 	1672 	4.7 	9.9 	.473 	0.0 	0.3 	.083 	4.7 	9.7 	.483 	1.1 	1.9 	.568 	0.5 	2.1 	2.5 	7.9 	1.1 	0.2 	2.4 	2.2 	10.5
189 	Eddie Johnson 	SF 	39 	HOU 	3 	0 	18 	12.0 	26.0 	.462 	0.0 	2.0 	.000 	12.0 	24.0 	.500 	0.0 	0.0 	0.0	0.0 	4.0 	4.0 	2.0 	0.0 	0.0 	4.0 	6.0 	24.0
190 	Ervin Johnson 	C 	31 	MIL 	50 	7 	1027 	3.4 	6.6 	.508 	0.0 	0.0 	0.0	3.4 	6.6 	.508 	2.2 	3.7 	.610 	4.2 	7.0 	11.2 	0.7 	1.0 	2.0 	1.6 	5.3 	9.0
191 	Larry Johnson 	PF 	29 	NYK 	49 	48 	1639 	4.6 	10.1 	.459 	0.7 	2.0 	.359 	3.9 	8.0 	.484 	2.9 	3.6 	.817 	2.0 	4.2 	6.2 	2.6 	0.7 	0.2 	2.0 	3.2 	12.9
192 	Charles Jones 	SG 	23 	CHI 	29 	5 	476 	2.9 	9.3 	.317 	1.4 	4.6 	.311 	1.5 	4.7 	.323 	0.8 	1.7 	.500 	0.7 	2.5 	3.2 	3.1 	1.4 	0.4 	2.2 	2.3 	8.2
193 	Damon Jones 	PG 	22 	TOT 	24 	0 	344 	4.5 	12.5 	.361 	2.6 	6.5 	.403 	1.9 	6.0 	.316 	1.5 	1.8 	.824 	0.6 	4.0 	4.6 	4.4 	1.4 	0.0 	1.8 	2.4 	13.1
194 	Eddie Jones 	SF-SG 	27 	TOT 	50 	50 	1881 	5.0 	11.4 	.437 	0.9 	2.7 	.338 	4.1 	8.7 	.468 	4.1 	5.2 	.782 	1.0 	2.8 	3.7 	3.6 	2.4 	1.1 	1.8 	2.4 	14.9
195 	Popeye Jones 	PF 	28 	BOS 	18 	2 	206 	3.5 	8.9 	.392 	0.0 	0.2 	.000 	3.5 	8.7 	.400 	2.4 	3.0 	.824 	4.9 	4.2 	9.1 	2.6 	0.9 	0.0 	1.2 	5.4 	9.4
196 	Adonis Jordan 	PG 	28 	MIL 	4 	0 	18 	4.0 	8.0 	.500 	0.0 	4.0 	.000 	4.0 	4.0 	1.000 	4.0 	8.0 	.500 	0.0 	0.0 	0.0 	6.0 	6.0 	0.0 	4.0 	0.0 	12.0
197 	Reggie Jordan 	SG 	31 	MIN 	27 	1 	296 	1.8 	6.6 	.278 	0.0 	0.0 	0.0	1.8 	6.6 	.278 	2.6 	4.6 	.553 	3.3 	3.9 	7.2 	5.0 	1.5 	0.6 	1.7 	4.6 	6.2
198 	Adam Keefe 	PF 	28 	UTA 	44 	0 	642 	3.1 	7.0 	.452 	0.0 	0.2 	.000 	3.1 	6.7 	.467 	3.5 	5.0 	.697 	2.9 	5.1 	8.0 	1.6 	0.9 	0.7 	1.9 	3.5 	9.8
199 	Shawn Kemp 	PF 	29 	CLE 	42 	42 	1475 	6.8 	14.0 	.482 	0.0 	0.0 	.500 	6.7 	14.0 	.482 	7.5 	9.5 	.789 	3.2 	6.3 	9.5 	2.5 	1.2 	1.1 	3.1 	3.9 	21.0
200 	Jonathan Kerner 	C 	24 	ORL 	1 	0 	5 	0.0 	7.2 	.000 	0.0 	0.0 	0.0	0.0 	7.2 	.000 	0.0 	0.0 	0.0	0.0 	0.0 	0.0 	0.0 	0.0 	0.0 	0.0 	14.4 	0.0
201 	Steve Kerr 	PG 	33 	SAS 	44 	0 	734 	3.3 	8.5 	.391 	1.2 	3.9 	.313 	2.1 	4.6 	.457 	1.5 	1.7 	.886 	0.3 	1.9 	2.2 	2.4 	1.1 	0.1 	1.1 	1.4 	9.4
202 	Jerome Kersey 	SF 	36 	SAS 	45 	0 	699 	3.5 	10.3 	.340 	0.2 	0.7 	.214 	3.3 	9.6 	.349 	0.3 	0.7 	.429 	2.2 	4.5 	6.7 	2.1 	1.9 	0.7 	1.5 	4.7 	7.5
203 	Jason Kidd 	PG 	25 	PHO 	50 	50 	2060 	5.4 	12.2 	.444 	0.8 	2.1 	.366 	4.6 	10.0 	.461 	3.2 	4.2 	.757 	1.5 	4.4 	5.9 	9.4 	2.0 	0.3 	2.6 	1.9 	14.8
204 	Chris King 	SF 	29 	UTA 	8 	0 	42 	1.7 	6.0 	.286 	0.0 	0.0 	0.0	1.7 	6.0 	.286 	0.0 	3.4 	.000 	0.9 	8.6 	9.4 	0.9 	1.7 	0.9 	3.4 	6.9 	3.4
205 	Gerard King 	SF 	26 	SAS 	19 	0 	63 	3.4 	8.0 	.429 	0.0 	0.0 	0.0	3.4 	8.0 	.429 	6.3 	10.3 	.611 	3.4 	4.6 	8.0 	2.3 	1.1 	0.6 	2.3 	6.9 	13.1
206 	Kerry Kittles 	SG 	24 	NJN 	46 	40 	1570 	5.2 	14.1 	.370 	1.1 	3.6 	.316 	4.1 	10.4 	.389 	2.0 	2.6 	.772 	1.2 	3.2 	4.4 	2.7 	1.8 	0.6 	1.5 	1.9 	13.6
207 	Joe Kleine 	C 	37 	PHO 	31 	5 	374 	2.9 	7.1 	.405 	0.0 	0.2 	.000 	2.9 	6.9 	.417 	0.8 	1.2 	.667 	2.6 	3.9 	6.4 	1.2 	0.8 	0.1 	1.0 	4.4 	6.5
208 	Brevin Knight 	PG 	23 	CLE 	39 	38 	1186 	4.1 	9.6 	.425 	0.0 	0.2 	.000 	4.1 	9.4 	.432 	3.2 	4.3 	.745 	0.5 	3.5 	4.0 	9.2 	2.1 	0.2 	3.2 	3.5 	11.3
209 	Negele Knight 	PG 	31 	TOR 	6 	0 	56 	1.9 	5.1 	.375 	0.0 	0.6 	.000 	1.9 	4.5 	.429 	1.3 	2.6 	.500 	0.6 	3.2 	3.9 	5.1 	0.6 	0.0 	4.5 	3.2 	5.1
210 	Travis Knight 	C 	24 	LAL 	37 	23 	525 	4.6 	8.9 	.515 	0.0 	0.1 	.000 	4.6 	8.8 	.519 	1.5 	2.0 	.759 	2.3 	6.4 	8.8 	2.1 	1.4 	1.9 	2.4 	7.4 	10.7
211 	Toni Kukoc 	SF 	30 	CHI 	44 	44 	1654 	6.9 	16.3 	.420 	0.8 	3.0 	.285 	6.0 	13.3 	.450 	3.5 	4.7 	.740 	1.4 	5.3 	6.7 	5.1 	1.1 	0.2 	2.6 	1.8 	18.0
212 	Christian Laettner 	PF 	29 	DET 	16 	0 	337 	4.1 	11.3 	.358 	0.1 	0.3 	.333 	4.0 	11.0 	.359 	4.7 	6.1 	.772 	2.2 	3.5 	5.8 	2.6 	1.6 	1.3 	2.0 	3.2 	12.9
213 	Raef LaFrentz 	C 	22 	DEN 	12 	12 	387 	5.5 	12.0 	.457 	1.1 	2.9 	.387 	4.4 	9.1 	.480 	3.3 	4.5 	.750 	3.1 	5.4 	8.5 	0.7 	0.8 	1.6 	0.8 	3.5 	15.4
214 	Andrew Lang 	C 	32 	CHI 	21 	13 	386 	3.0 	9.2 	.323 	0.0 	0.0 	0.0	3.0 	9.2 	.323 	1.5 	2.1 	.696 	3.1 	5.6 	8.7 	1.2 	0.5 	1.1 	1.6 	4.0 	7.5
215 	Antonio Lang 	PF 	26 	CLE 	10 	0 	65 	2.2 	3.3 	.667 	0.0 	0.0 	0.0	2.2 	3.3 	.667 	2.8 	5.0 	.556 	3.3 	5.5 	8.9 	0.6 	1.1 	0.6 	2.2 	7.2 	7.2
216 	Rusty LaRue 	PG 	25 	CHI 	43 	6 	732 	3.8 	10.7 	.359 	1.5 	4.4 	.337 	2.4 	6.3 	.375 	0.8 	0.8 	1.000 	0.4 	2.3 	2.8 	3.1 	1.6 	0.1 	1.7 	3.2 	10.0
217 	Tim Legler 	SG 	32 	WAS 	30 	0 	377 	4.9 	11.0 	.443 	1.3 	3.3 	.400 	3.5 	7.6 	.463 	0.3 	0.6 	.500 	0.8 	3.1 	3.8 	2.0 	0.4 	0.3 	1.3 	4.0 	11.4
218 	Voshon Lenard 	SG 	25 	MIA 	12 	2 	190 	5.9 	15.0 	.392 	2.3 	6.6 	.343 	3.6 	8.3 	.432 	1.5 	2.1 	.727 	0.8 	2.3 	3.0 	1.9 	0.6 	0.2 	1.3 	3.4 	15.5
219 	Rashard Lewis 	SF 	19 	SEA 	20 	7 	145 	4.7 	12.9 	.365 	0.2 	1.5 	.167 	4.5 	11.4 	.391 	2.0 	3.5 	.571 	3.2 	3.0 	6.2 	1.0 	2.0 	0.2 	5.0 	4.7 	11.7
220 	Randy Livingston 	PG 	23 	PHO 	1 	0 	22 	8.2 	13.1 	.625 	0.0 	0.0 	0.0	8.2 	13.1 	.625 	3.3 	3.3 	1.000 	0.0 	3.3 	3.3 	4.9 	3.3 	0.0 	1.6 	1.6 	19.6
221 	Grant Long 	PF 	32 	ATL 	50 	13 	1380 	3.9 	9.4 	.421 	0.1 	0.5 	.167 	3.9 	8.9 	.434 	4.8 	6.1 	.783 	2.6 	5.1 	7.7 	1.4 	1.5 	0.4 	1.9 	3.7 	12.8
222 	Luc Longley 	C 	30 	PHO 	39 	39 	933 	5.4 	11.2 	.483 	0.0 	0.0 	0.0	5.4 	11.2 	.483 	2.3 	2.9 	.776 	2.3 	6.3 	8.5 	1.7 	0.9 	0.8 	2.0 	4.6 	13.1
223 	Felipe Lopez 	SG 	24 	VAN 	47 	32 	1218 	5.0 	11.2 	.446 	0.4 	1.3 	.273 	4.6 	9.9 	.469 	2.6 	4.0 	.644 	2.0 	2.9 	4.9 	1.8 	1.4 	0.4 	2.4 	3.8 	12.9
224 	Tyronn Lue 	PG 	21 	LAL 	15 	0 	188 	5.4 	12.4 	.431 	1.3 	3.1 	.438 	4.0 	9.4 	.429 	2.3 	4.0 	.571 	0.4 	0.8 	1.1 	4.8 	1.0 	0.0 	2.1 	5.4 	14.4
225 	George Lynch 	SF 	28 	PHI 	43 	43 	1315 	4.0 	9.6 	.421 	0.2 	0.6 	.391 	3.8 	8.9 	.423 	1.5 	2.3 	.631 	3.0 	4.6 	7.6 	2.1 	2.3 	0.6 	2.2 	3.9 	9.7
226 	Sam Mack 	SF 	28 	TOT 	44 	15 	1083 	5.6 	12.8 	.435 	2.9 	7.3 	.397 	2.7 	5.5 	.485 	1.7 	1.9 	.879 	0.5 	2.7 	3.2 	1.8 	1.2 	0.1 	1.1 	3.1 	15.7
227 	Don MacLean 	PF 	29 	SEA 	17 	10 	365 	6.2 	15.7 	.396 	0.9 	3.3 	.273 	5.3 	12.4 	.429 	4.9 	7.9 	.625 	1.8 	4.6 	6.4 	1.6 	0.5 	0.5 	2.5 	3.4 	18.2
228 	Mark Macon 	SG 	29 	DET 	7 	3 	69 	2.1 	10.4 	.200 	0.5 	1.6 	.333 	1.6 	8.9 	.176 	0.0 	0.0 	0.0	1.6 	1.0 	2.6 	2.1 	2.6 	0.5 	3.1 	3.1 	4.7
229 	Rick Mahorn 	PF 	40 	PHI 	16 	0 	127 	1.4 	5.1 	.278 	0.0 	0.0 	0.0	1.4 	5.1 	.278 	0.9 	2.3 	.375 	2.0 	4.5 	6.5 	0.6 	1.4 	0.3 	1.7 	6.2 	3.7
230 	Dan Majerle 	SG 	33 	MIA 	48 	48 	1624 	2.6 	6.6 	.396 	1.5 	4.5 	.335 	1.1 	2.1 	.526 	0.7 	1.0 	.717 	0.5 	4.1 	4.6 	3.3 	0.8 	0.2 	1.2 	2.2 	7.5
231 	Karl Malone* 	PF 	35 	UTA 	49 	49 	1832 	7.7 	15.7 	.493 	0.0 	0.0 	.000 	7.7 	15.6 	.494 	7.4 	9.4 	.788 	2.1 	7.0 	9.1 	3.9 	1.2 	0.6 	3.2 	2.6 	22.9
232 	Matt Maloney 	PG 	27 	HOU 	15 	7 	186 	1.0 	5.4 	.179 	0.2 	2.9 	.067 	0.8 	2.5 	.308 	1.9 	2.1 	.909 	0.4 	1.5 	1.9 	4.1 	0.8 	0.0 	2.7 	1.4 	4.1
233 	Danny Manning 	PF 	32 	PHO 	50 	5 	1184 	5.7 	11.7 	.484 	0.0 	0.3 	.111 	5.7 	11.5 	.493 	2.4 	3.4 	.696 	1.9 	4.8 	6.7 	3.4 	1.1 	1.2 	2.1 	3.9 	13.8
234 	Stephon Marbury 	PG 	21 	TOT 	49 	49 	1895 	7.2 	16.8 	.428 	1.3 	3.7 	.335 	5.9 	13.0 	.455 	4.2 	5.3 	.799 	0.7 	2.0 	2.7 	8.3 	1.1 	0.2 	3.1 	2.4 	19.8
235 	Sean Marks 	PF 	23 	TOR 	8 	0 	28 	6.4 	10.3 	.625 	0.0 	0.0 	0.0	6.4 	10.3 	.625 	1.3 	2.6 	.500 	0.0 	1.3 	1.3 	0.0 	1.3 	0.0 	3.9 	3.9 	14.1
236 	Donyell Marshall 	SF 	25 	GSW 	48 	20 	1250 	6.0 	14.2 	.421 	0.7 	2.1 	.361 	5.2 	12.2 	.431 	2.5 	3.5 	.727 	3.3 	6.5 	9.8 	1.9 	1.4 	1.1 	2.3 	3.5 	15.3
237 	Darrick Martin 	PG 	27 	LAC 	37 	25 	941 	3.9 	10.6 	.367 	1.2 	4.1 	.292 	2.7 	6.6 	.413 	2.3 	2.9 	.803 	0.2 	1.6 	1.8 	5.5 	1.6 	0.2 	2.6 	3.1 	11.3
238 	Jamal Mashburn 	SF 	26 	MIA 	24 	23 	855 	5.6 	12.5 	.451 	0.5 	1.3 	.433 	5.1 	11.2 	.453 	3.2 	4.4 	.721 	1.0 	5.1 	6.1 	3.2 	0.8 	0.1 	2.5 	2.4 	15.0
239 	Tony Massenburg 	PF 	31 	VAN 	43 	35 	1143 	6.0 	12.2 	.487 	0.0 	0.1 	.000 	6.0 	12.2 	.490 	3.2 	4.9 	.665 	2.6 	5.5 	8.1 	0.7 	0.8 	1.2 	2.0 	3.4 	15.1
240 	Vernon Maxwell 	SG 	33 	SAC 	46 	1 	1007 	5.9 	15.1 	.390 	2.9 	8.3 	.346 	3.0 	6.8 	.442 	3.0 	4.1 	.737 	0.5 	2.6 	3.0 	2.7 	1.1 	0.1 	2.4 	4.0 	17.6
241 	Lee Mayberry 	PG 	28 	VAN 	9 	0 	126 	2.0 	5.4 	.368 	0.6 	2.9 	.200 	1.4 	2.6 	.556 	1.1 	1.4 	.800 	0.0 	0.9 	0.9 	6.6 	2.0 	0.0 	3.1 	3.7 	5.7
242 	Kelly McCarty 	SG 	23 	DEN 	2 	0 	4 	18.0 	27.0 	.667 	0.0 	0.0 	0.0	18.0 	27.0 	.667 	0.0 	0.0 	0.0	18.0 	9.0 	27.0 	0.0 	0.0 	0.0 	18.0 	0.0 	36.0
243 	Walter McCarty 	PF 	24 	BOS 	32 	4 	659 	3.5 	9.7 	.362 	0.7 	2.7 	.260 	2.8 	6.9 	.402 	2.2 	3.1 	.702 	2.0 	4.3 	6.3 	2.2 	1.3 	0.7 	2.2 	4.8 	9.9
244 	George McCloud 	SF 	31 	PHO 	48 	16 	1245 	4.1 	9.4 	.438 	2.0 	4.8 	.416 	2.1 	4.6 	.462 	2.2 	2.5 	.862 	1.0 	3.7 	4.7 	2.3 	1.3 	0.4 	1.4 	3.7 	12.4
245 	Jelani McCoy 	C 	21 	SEA 	26 	0 	331 	6.1 	8.3 	.737 	0.0 	0.0 	0.0	6.1 	8.3 	.737 	2.3 	4.6 	.500 	2.9 	5.7 	8.6 	0.4 	1.2 	2.2 	1.1 	4.6 	14.5
246 	Antonio McDyess 	C 	24 	DEN 	50 	50 	1937 	7.7 	16.4 	.471 	0.0 	0.2 	.111 	7.7 	16.2 	.474 	4.3 	6.3 	.680 	3.1 	6.9 	10.0 	1.5 	1.4 	2.1 	2.6 	3.3 	19.7
247 	Tracy McGrady 	SF 	19 	TOR 	49 	2 	1106 	5.5 	12.5 	.436 	0.3 	1.1 	.229 	5.2 	11.4 	.457 	3.7 	5.1 	.726 	3.9 	5.1 	9.0 	3.7 	1.7 	2.1 	2.6 	3.1 	14.9
248 	Jim McIlvaine 	C 	26 	NJN 	22 	1 	269 	2.9 	6.8 	.431 	0.0 	0.0 	0.0	2.9 	6.8 	.431 	0.5 	0.8 	.667 	4.1 	3.1 	7.2 	0.3 	1.2 	4.3 	1.7 	7.9 	6.4
249 	Jeff McInnis 	PG 	24 	WAS 	35 	6 	427 	4.2 	11.3 	.373 	0.8 	3.0 	.257 	3.5 	8.3 	.414 	1.8 	2.4 	.750 	0.8 	1.0 	1.8 	6.2 	1.6 	0.1 	2.5 	3.0 	11.0
250 	Derrick McKey 	SF 	32 	IND 	13 	0 	244 	3.4 	7.7 	.442 	0.0 	0.1 	.000 	3.4 	7.5 	.451 	2.1 	2.5 	.824 	2.7 	3.4 	6.0 	1.9 	1.8 	0.6 	1.8 	3.5 	8.9
251 	Aaron McKie 	SG 	26 	PHI 	50 	4 	959 	3.6 	8.9 	.401 	0.2 	1.2 	.194 	3.3 	7.7 	.432 	1.7 	2.3 	.710 	1.0 	4.2 	5.3 	3.8 	2.4 	0.1 	2.1 	3.4 	9.0
252 	Roshown McLeod 	SF 	23 	ATL 	34 	0 	348 	6.4 	16.9 	.380 	0.1 	1.0 	.100 	6.3 	15.8 	.399 	3.8 	4.7 	.822 	1.2 	3.9 	5.2 	1.4 	0.2 	0.1 	2.4 	2.5 	16.8
253 	Ron Mercer 	SG 	22 	BOS 	41 	40 	1551 	7.1 	16.4 	.431 	0.1 	0.7 	.167 	7.0 	15.7 	.443 	1.9 	2.4 	.790 	0.9 	2.7 	3.6 	2.4 	1.6 	0.3 	2.1 	1.9 	16.2
254 	Loren Meyer 	C 	26 	DEN 	14 	0 	70 	3.6 	14.4 	.250 	0.5 	2.6 	.200 	3.1 	11.8 	.261 	0.5 	1.0 	.500 	2.1 	6.2 	8.2 	0.5 	0.0 	1.5 	2.1 	11.3 	8.2
255 	Marko Milic 	SG 	21 	PHO 	11 	0 	53 	5.4 	13.6 	.400 	0.0 	0.7 	.000 	5.4 	12.9 	.421 	0.0 	0.0 	0.0	2.0 	1.4 	3.4 	1.4 	2.0 	0.7 	4.1 	4.8 	10.9
256 	Anthony Miller 	PF 	27 	HOU 	29 	0 	249 	4.0 	8.7 	.467 	0.0 	0.1 	.000 	4.0 	8.5 	.475 	2.0 	3.2 	.636 	3.8 	5.9 	9.7 	1.0 	1.0 	0.7 	1.3 	4.9 	10.1
257 	Brad Miller 	C 	22 	CHH 	38 	0 	469 	6.0 	10.6 	.565 	0.1 	0.2 	.500 	5.9 	10.4 	.566 	6.2 	7.8 	.794 	2.7 	6.3 	9.0 	1.7 	0.7 	1.4 	2.5 	5.0 	18.3
258 	Oliver Miller 	C 	28 	SAC 	4 	0 	35 	5.1 	11.3 	.455 	0.0 	0.0 	0.0	5.1 	11.3 	.455 	0.0 	0.0 	0.0	7.2 	1.0 	8.2 	0.0 	0.0 	2.1 	4.1 	3.1 	10.3
259 	Reggie Miller* 	SG 	33 	IND 	50 	50 	1787 	5.9 	13.5 	.438 	2.1 	5.5 	.385 	3.8 	8.0 	.475 	4.6 	5.0 	.915 	0.5 	2.2 	2.7 	2.3 	0.7 	0.2 	1.5 	2.0 	18.5
260 	Chris Mills 	SF 	29 	GSW 	47 	24 	1395 	4.8 	11.7 	.411 	0.8 	3.0 	.278 	4.0 	8.7 	.456 	2.0 	2.5 	.823 	1.3 	4.9 	6.1 	2.7 	1.0 	0.4 	1.5 	3.2 	12.5
261 	Terry Mills 	PF 	31 	MIA 	1 	0 	29 	3.7 	9.9 	.375 	2.5 	5.0 	.500 	1.2 	5.0 	.250 	1.2 	2.5 	.500 	3.7 	1.2 	5.0 	0.0 	1.2 	0.0 	3.7 	3.7 	11.2
262 	Greg Minor 	SG 	27 	BOS 	44 	7 	765 	4.0 	9.6 	.417 	0.4 	1.3 	.286 	3.6 	8.3 	.438 	1.7 	2.3 	.750 	1.5 	4.0 	5.5 	2.4 	0.9 	0.3 	1.8 	3.2 	10.1
263 	Sam Mitchell 	SF 	35 	MIN 	50 	20 	1344 	5.7 	14.0 	.408 	0.2 	1.0 	.237 	5.5 	13.0 	.421 	3.4 	4.4 	.764 	1.5 	3.4 	4.9 	2.6 	0.9 	0.4 	0.9 	3.0 	15.0
264 	Cuttino Mobley 	PG 	23 	HOU 	49 	37 	1456 	4.3 	10.0 	.425 	1.3 	3.7 	.358 	2.9 	6.4 	.463 	2.2 	2.7 	.818 	0.5 	2.2 	2.7 	3.0 	1.1 	0.6 	2.0 	2.4 	12.0
265 	Nazr Mohammed 	C 	21 	PHI 	26 	0 	121 	4.5 	12.5 	.357 	0.0 	0.0 	0.0	4.5 	12.5 	.357 	3.6 	6.2 	.571 	5.4 	5.7 	11.0 	0.6 	1.5 	1.2 	3.6 	6.5 	12.5
266 	Eric Montross 	C 	27 	DET 	46 	2 	577 	2.6 	5.0 	.525 	0.0 	0.1 	.000 	2.6 	4.9 	.532 	0.7 	2.0 	.344 	2.8 	5.9 	8.7 	0.9 	0.7 	1.7 	1.0 	6.7 	5.9
267 	Mikki Moore 	C 	23 	DET 	2 	0 	6 	6.0 	6.0 	1.000 	0.0 	0.0 	0.0	6.0 	6.0 	1.000 	12.0 	12.0 	1.000 	0.0 	6.0 	6.0 	0.0 	0.0 	0.0 	0.0 	0.0 	24.0
268 	Chris Morris 	SF 	33 	PHO 	44 	2 	535 	4.3 	10.0 	.430 	1.1 	3.8 	.286 	3.2 	6.3 	.516 	2.7 	3.1 	.870 	3.6 	4.5 	8.1 	1.5 	1.1 	0.7 	1.4 	3.6 	12.4
269 	Alonzo Mourning 	C 	28 	MIA 	46 	46 	1753 	6.7 	13.0 	.511 	0.0 	0.0 	.000 	6.7 	13.0 	.513 	5.7 	8.7 	.652 	3.4 	7.0 	10.4 	1.5 	0.7 	3.7 	2.9 	3.3 	19.0
270 	Chris Mullin* 	SF 	35 	IND 	50 	50 	1179 	5.4 	11.3 	.477 	2.2 	4.8 	.465 	3.2 	6.5 	.486 	2.4 	2.8 	.870 	0.8 	4.1 	4.9 	2.5 	1.4 	0.4 	1.8 	3.1 	15.5
271 	Eric Murdock 	PG 	30 	NJN 	15 	8 	401 	4.0 	10.2 	.395 	0.7 	2.0 	.364 	3.3 	8.3 	.402 	1.9 	2.3 	.808 	0.3 	2.9 	3.1 	5.9 	2.0 	0.2 	2.6 	3.1 	10.7
272 	Gheorghe Muresan 	C 	27 	NJN 	1 	0 	1 	0.0 	36.0 	.000 	0.0 	0.0 	0.0	0.0 	36.0 	.000 	0.0 	0.0 	0.0	0.0 	0.0 	0.0 	0.0 	0.0 	0.0 	36.0 	0.0 	0.0
273 	Lamond Murray 	SF 	25 	LAC 	50 	13 	1317 	6.2 	15.8 	.391 	0.9 	2.8 	.330 	5.2 	13.0 	.404 	3.4 	4.3 	.803 	1.6 	3.7 	5.3 	1.7 	1.6 	0.5 	2.7 	2.9 	16.7
274 	Tracy Murray 	SF 	27 	WAS 	36 	0 	653 	4.6 	13.1 	.350 	1.8 	5.7 	.320 	2.8 	7.4 	.373 	1.9 	2.3 	.810 	1.0 	3.5 	4.5 	1.5 	1.2 	0.3 	1.6 	3.6 	12.8
275 	Dikembe Mutombo 	C 	32 	ATL 	50 	50 	1829 	3.4 	6.7 	.512 	0.0 	0.0 	0.0	3.4 	6.7 	.512 	3.8 	5.6 	.684 	3.8 	8.2 	12.0 	1.1 	0.3 	2.9 	1.9 	2.9 	10.6
276 	Makhtar N'Diaye 	PF 	25 	VAN 	4 	0 	27 	1.3 	5.3 	.250 	0.0 	0.0 	0.0	1.3 	5.3 	.250 	4.0 	5.3 	.750 	4.0 	2.7 	6.7 	1.3 	0.0 	1.3 	1.3 	12.0 	6.7
277 	Steve Nash 	PG 	24 	DAL 	40 	40 	1269 	3.2 	8.9 	.363 	1.4 	3.7 	.374 	1.8 	5.2 	.355 	1.1 	1.3 	.826 	0.9 	2.3 	3.2 	6.2 	1.0 	0.1 	2.4 	2.8 	8.9
278 	Tyrone Nesby 	SF 	23 	LAC 	50 	36 	1288 	5.1 	11.3 	.449 	1.0 	2.7 	.365 	4.1 	8.6 	.476 	2.9 	3.7 	.782 	1.6 	3.3 	4.9 	2.3 	2.2 	0.6 	1.5 	4.0 	14.1
279 	Rasho Nesterovic 	C 	22 	MIN 	2 	0 	30 	3.6 	14.4 	.250 	0.0 	0.0 	0.0	3.6 	14.4 	.250 	2.4 	2.4 	1.000 	3.6 	6.0 	9.6 	1.2 	0.0 	0.0 	1.2 	6.0 	9.6
280 	Johnny Newman 	SF 	35 	CLE 	50 	2 	949 	4.0 	9.5 	.422 	0.9 	2.3 	.377 	3.1 	7.2 	.437 	2.6 	3.2 	.810 	0.6 	2.3 	2.8 	1.6 	1.1 	0.5 	1.6 	4.8 	11.5
281 	Moochie Norris 	PG 	25 	SEA 	12 	0 	140 	3.3 	10.3 	.325 	1.5 	3.9 	.400 	1.8 	6.4 	.280 	1.5 	4.1 	.375 	1.0 	4.1 	5.1 	6.2 	1.8 	0.0 	4.1 	4.4 	9.8
282 	Dirk Nowitzki 	PF 	20 	DAL 	47 	24 	958 	5.1 	12.6 	.405 	0.5 	2.6 	.206 	4.6 	10.1 	.455 	3.7 	4.8 	.773 	1.5 	4.5 	6.1 	1.8 	1.1 	1.0 	2.7 	3.9 	14.5
283 	Charles O'Bannon 	SG 	23 	DET 	18 	1 	165 	5.2 	12.2 	.429 	0.0 	0.2 	.000 	5.2 	12.0 	.436 	1.7 	1.7 	1.000 	3.9 	3.5 	7.4 	2.6 	0.4 	0.7 	1.7 	4.8 	12.2
284 	Jermaine O'Neal 	PF 	20 	POR 	36 	1 	311 	4.2 	9.6 	.434 	0.0 	0.1 	.000 	4.2 	9.5 	.439 	2.1 	4.1 	.514 	4.9 	6.4 	11.2 	1.5 	0.5 	1.6 	1.6 	4.7 	10.4
285 	Shaquille O'Neal 	C 	26 	LAL 	49 	49 	1705 	10.8 	18.7 	.576 	0.0 	0.0 	.000 	10.8 	18.7 	.577 	5.7 	10.5 	.540 	3.9 	7.1 	11.1 	2.4 	0.8 	1.7 	2.6 	3.3 	27.2
286 	Charles Oakley 	PF 	35 	TOR 	50 	50 	1633 	3.1 	7.2 	.428 	0.0 	0.1 	.200 	3.1 	7.1 	.432 	1.5 	1.8 	.807 	2.1 	6.1 	8.2 	3.7 	1.0 	0.5 	2.1 	4.0 	7.7
287 	Hakeem Olajuwon* 	C 	36 	HOU 	50 	50 	1784 	7.5 	14.6 	.514 	0.1 	0.3 	.308 	7.4 	14.4 	.518 	3.9 	5.5 	.717 	2.1 	7.5 	9.6 	1.8 	1.7 	2.5 	2.8 	3.2 	19.1
288 	Jimmy Oliver 	SG 	29 	PHO 	2 	0 	11 	3.3 	9.8 	.333 	3.3 	3.3 	1.000 	0.0 	6.5 	.000 	0.0 	0.0 	0.0	0.0 	0.0 	0.0 	0.0 	0.0 	0.0 	0.0 	6.5 	9.8
289 	Kevin Ollie 	PG 	26 	TOT 	8 	0 	72 	2.0 	7.0 	.286 	0.0 	0.0 	0.0	2.0 	7.0 	.286 	2.5 	3.5 	.714 	0.0 	3.5 	3.5 	1.5 	1.5 	0.5 	1.5 	4.5 	6.5
290 	Michael Olowokandi 	C 	23 	LAC 	45 	36 	1279 	4.8 	11.2 	.431 	0.0 	0.0 	0.0	4.8 	11.2 	.431 	1.6 	3.3 	.483 	3.4 	6.7 	10.0 	0.7 	0.8 	1.5 	2.4 	3.9 	11.3
291 	Greg Ostertag 	C 	25 	UTA 	48 	48 	1340 	2.7 	5.6 	.476 	0.0 	0.0 	0.0	2.7 	5.6 	.476 	2.0 	3.3 	.620 	2.8 	6.5 	9.3 	0.6 	0.3 	3.5 	1.2 	3.8 	7.3
292 	Bo Outlaw 	PF 	27 	ORL 	31 	22 	851 	3.6 	6.5 	.545 	0.0 	0.1 	.000 	3.6 	6.4 	.556 	1.5 	3.4 	.432 	2.3 	4.8 	7.1 	2.4 	1.7 	1.8 	2.5 	3.3 	8.6
293 	Doug Overton 	PG 	29 	TOT 	24 	1 	244 	5.3 	12.4 	.429 	0.3 	1.0 	.286 	5.0 	11.4 	.442 	2.7 	3.0 	.900 	1.0 	2.1 	3.1 	3.4 	0.7 	0.1 	3.0 	2.7 	13.6
294 	Billy Owens 	SF 	29 	SEA 	21 	19 	451 	5.2 	13.2 	.394 	0.4 	0.9 	.455 	4.8 	12.3 	.390 	2.2 	2.8 	.800 	2.8 	3.6 	6.4 	3.0 	1.0 	0.3 	2.6 	3.0 	13.0
295 	Robert Pack 	PG 	29 	DAL 	25 	0 	468 	5.8 	13.4 	.431 	0.0 	0.3 	.000 	5.8 	13.1 	.441 	5.5 	6.8 	.818 	0.7 	2.1 	2.8 	6.2 	1.5 	0.1 	3.8 	3.2 	17.1
296 	Anthony Parker 	SG 	23 	PHI 	2 	0 	3 	12.0 	12.0 	1.000 	0.0 	0.0 	0.0	12.0 	12.0 	1.000 	0.0 	0.0 	0.0	0.0 	0.0 	0.0 	0.0 	0.0 	0.0 	0.0 	0.0 	24.0
297 	Cherokee Parks 	C 	26 	VAN 	48 	41 	1118 	3.8 	8.9 	.429 	0.0 	0.0 	.000 	3.8 	8.8 	.431 	1.0 	1.8 	.545 	2.4 	5.4 	7.8 	1.2 	0.9 	0.9 	1.6 	3.7 	8.6
298 	Andrae Patterson 	PF 	23 	MIN 	35 	0 	284 	5.5 	12.3 	.443 	0.0 	0.6 	.000 	5.5 	11.7 	.467 	3.5 	4.6 	.778 	3.8 	4.4 	8.2 	1.9 	2.4 	0.9 	2.8 	7.9 	14.5
299 	Ruben Patterson 	SF 	23 	LAL 	24 	2 	144 	5.2 	12.7 	.412 	0.2 	1.5 	.167 	5.0 	11.3 	.444 	5.5 	7.7 	.710 	4.2 	3.2 	7.5 	0.5 	1.2 	0.7 	3.0 	4.0 	16.2
300 	Gary Payton* 	PG 	30 	SEA 	50 	50 	2008 	7.2 	16.5 	.434 	1.5 	5.0 	.295 	5.7 	11.5 	.495 	3.6 	4.9 	.721 	1.1 	3.3 	4.4 	7.8 	2.0 	0.2 	2.8 	2.1 	19.4
301 	Anthony Peeler 	SG 	29 	MIN 	28 	28 	810 	4.6 	12.1 	.379 	1.5 	5.1 	.298 	3.1 	7.0 	.437 	1.3 	1.8 	.732 	1.3 	2.4 	3.7 	3.5 	1.6 	0.3 	1.7 	2.7 	12.0
302 	Will Perdue 	C 	33 	SAS 	37 	1 	445 	3.1 	4.9 	.633 	0.0 	0.0 	0.0	3.1 	4.9 	.633 	1.1 	2.1 	.538 	2.7 	8.5 	11.2 	1.5 	0.7 	0.8 	1.8 	5.1 	7.3
303 	Sam Perkins 	PF 	37 	IND 	48 	0 	789 	3.7 	9.1 	.400 	1.6 	4.1 	.389 	2.1 	5.0 	.409 	2.0 	2.7 	.717 	1.6 	4.7 	6.3 	1.1 	0.7 	0.6 	1.0 	3.4 	10.9
304 	Elliot Perry 	PG 	29 	TOT 	35 	0 	290 	4.8 	12.8 	.379 	1.2 	3.0 	.417 	3.6 	9.8 	.367 	1.2 	1.7 	.714 	0.9 	3.4 	4.2 	5.8 	2.5 	0.0 	4.2 	3.1 	12.2
305 	Chuck Person 	SF 	34 	CHH 	50 	21 	990 	4.1 	10.5 	.388 	2.0 	5.7 	.350 	2.1 	4.8 	.432 	0.9 	1.2 	.750 	0.6 	4.2 	4.8 	2.2 	0.7 	0.3 	1.5 	3.3 	11.0
306 	Wesley Person 	SG 	27 	CLE 	45 	42 	1342 	5.3 	11.7 	.453 	2.0 	5.4 	.375 	3.3 	6.4 	.519 	0.9 	1.4 	.604 	0.5 	3.3 	3.8 	2.1 	1.0 	0.4 	1.1 	1.4 	13.5
307 	Bobby Phills 	SG 	29 	CHH 	43 	43 	1574 	4.9 	11.4 	.433 	1.6 	3.9 	.395 	3.4 	7.4 	.452 	2.6 	3.8 	.685 	0.9 	3.1 	4.0 	3.4 	1.4 	0.6 	2.1 	2.8 	14.0
308 	Eric Piatkowski 	SG 	28 	LAC 	49 	38 	1242 	5.2 	12.1 	.432 	1.9 	4.8 	.394 	3.3 	7.3 	.456 	2.6 	3.0 	.863 	1.1 	2.9 	4.1 	1.5 	1.3 	0.2 	1.5 	2.5 	14.9
309 	Paul Pierce 	SF 	21 	BOS 	48 	47 	1632 	6.3 	14.3 	.439 	1.9 	4.5 	.412 	4.4 	9.8 	.451 	3.1 	4.3 	.713 	2.6 	4.2 	6.8 	2.5 	1.8 	1.1 	2.5 	3.1 	17.4
310 	Scottie Pippen* 	SF 	33 	HOU 	50 	50 	2011 	4.7 	10.8 	.432 	1.3 	3.8 	.340 	3.4 	7.0 	.482 	2.4 	3.3 	.721 	1.1 	4.7 	5.8 	5.2 	1.8 	0.7 	2.8 	2.1 	13.0
311 	Scot Pollard 	C 	23 	SAC 	16 	5 	259 	4.6 	8.5 	.541 	0.0 	0.0 	0.0	4.6 	8.5 	.541 	2.2 	3.2 	.696 	5.3 	6.1 	11.4 	0.6 	1.1 	2.5 	0.7 	5.7 	11.4
312 	Olden Polynice 	C 	34 	SEA 	48 	47 	1481 	4.1 	8.7 	.472 	0.0 	0.0 	1.000 	4.1 	8.7 	.471 	0.7 	2.3 	.309 	4.5 	5.9 	10.3 	1.0 	0.5 	0.7 	1.2 	3.6 	8.9
313 	Mark Pope 	SF 	26 	IND 	4 	0 	26 	1.4 	9.7 	.143 	0.0 	5.5 	.000 	1.4 	4.2 	.333 	0.0 	1.4 	.000 	2.8 	2.8 	5.5 	0.0 	0.0 	0.0 	1.4 	8.3 	2.8
314 	Terry Porter 	PG 	35 	MIA 	50 	1 	1365 	4.5 	9.8 	.465 	1.5 	3.7 	.411 	3.0 	6.0 	.498 	3.2 	3.9 	.831 	0.3 	3.3 	3.7 	3.9 	1.3 	0.3 	2.0 	2.6 	13.8
315 	Vitaly Potapenko 	C 	23 	TOT 	50 	44 	1394 	5.3 	10.6 	.495 	0.0 	0.0 	.000 	5.3 	10.6 	.496 	2.4 	4.0 	.587 	2.9 	5.6 	8.6 	1.9 	0.9 	0.9 	2.6 	4.4 	12.9
316 	Brent Price 	PG 	30 	HOU 	40 	6 	806 	4.5 	9.2 	.483 	2.1 	5.0 	.411 	2.4 	4.2 	.568 	2.1 	2.7 	.754 	0.8 	2.7 	3.5 	5.0 	1.5 	0.0 	2.9 	4.0 	13.0
317 	Theo Ratliff 	PF 	25 	PHI 	50 	50 	1627 	4.4 	9.3 	.470 	0.0 	0.0 	0.0	4.4 	9.3 	.470 	3.7 	5.1 	.725 	3.1 	5.9 	9.0 	0.7 	1.0 	3.3 	2.0 	4.0 	12.4
318 	Eldridge Recasner 	PG 	31 	CHH 	44 	2 	708 	4.2 	9.4 	.446 	1.2 	3.1 	.400 	2.9 	6.3 	.468 	1.7 	2.0 	.872 	1.0 	2.9 	3.9 	4.6 	0.9 	0.1 	2.9 	3.4 	11.3
319 	Bryant Reeves 	C 	25 	VAN 	25 	14 	702 	5.2 	12.9 	.406 	0.0 	0.1 	.000 	5.2 	12.8 	.408 	3.4 	5.9 	.578 	2.6 	4.5 	7.1 	1.9 	0.7 	0.4 	2.4 	5.3 	13.9
320 	Khalid Reeves 	PG 	26 	DET 	11 	0 	112 	2.6 	6.8 	.381 	0.3 	1.0 	.333 	2.3 	5.8 	.389 	2.6 	4.5 	.571 	1.0 	1.3 	2.3 	3.5 	1.3 	0.0 	2.3 	4.2 	8.0
321 	Don Reid 	PF 	25 	DET 	47 	30 	935 	3.7 	6.7 	.557 	0.0 	0.0 	0.0	3.7 	6.7 	.557 	1.8 	3.0 	.608 	2.5 	4.0 	6.5 	1.3 	1.0 	1.7 	1.4 	6.0 	9.3
322 	J.R. Reid 	PF 	30 	TOT 	41 	26 	1029 	4.6 	9.7 	.477 	0.0 	0.0 	.000 	4.6 	9.7 	.478 	3.7 	4.8 	.766 	1.6 	5.8 	7.4 	1.7 	1.3 	0.3 	1.8 	4.7 	12.9
323 	Shawn Respert 	SG 	26 	PHO 	12 	1 	99 	4.7 	13.1 	.361 	1.5 	4.7 	.308 	3.3 	8.4 	.391 	2.5 	3.6 	.700 	0.7 	4.0 	4.7 	2.9 	1.8 	0.0 	1.8 	3.6 	13.5
324 	Rodrick Rhodes 	SG-SF 	25 	TOT 	13 	1 	156 	3.0 	12.0 	.250 	0.2 	1.6 	.143 	2.8 	10.4 	.267 	3.7 	5.8 	.640 	2.1 	1.8 	3.9 	2.5 	1.2 	0.5 	4.6 	4.8 	9.9
325 	Glen Rice 	SF 	31 	LAL 	27 	25 	985 	6.2 	14.5 	.432 	1.9 	4.9 	.393 	4.3 	9.5 	.452 	2.8 	3.3 	.856 	0.3 	3.3 	3.6 	2.6 	0.6 	0.2 	1.6 	2.4 	17.3
326 	Pooh Richardson 	PG 	32 	LAC 	11 	0 	130 	3.3 	10.0 	.333 	0.0 	1.7 	.000 	3.3 	8.3 	.400 	1.1 	1.1 	1.000 	0.3 	3.3 	3.6 	8.3 	1.1 	0.0 	2.5 	1.4 	7.8
327 	Mitch Richmond 	SG 	33 	WAS 	50 	50 	1912 	6.2 	15.1 	.412 	1.3 	4.2 	.317 	4.9 	11.0 	.448 	4.7 	5.5 	.857 	0.6 	2.7 	3.2 	2.3 	1.2 	0.2 	2.6 	2.3 	18.5
328 	Isaiah Rider 	SG 	27 	POR 	47 	41 	1385 	6.5 	15.7 	.412 	1.1 	2.9 	.378 	5.4 	12.8 	.419 	2.9 	3.8 	.755 	1.5 	3.6 	5.1 	2.7 	0.6 	0.2 	2.5 	2.6 	16.9
329 	Eric Riley 	C 	28 	BOS 	35 	11 	337 	3.0 	5.8 	.519 	0.0 	0.0 	0.0	3.0 	5.8 	.519 	2.4 	3.3 	.710 	3.8 	6.7 	10.6 	1.4 	1.0 	2.8 	2.8 	7.8 	8.3
330 	Stanley Roberts 	C 	28 	HOU 	6 	0 	33 	5.5 	14.2 	.385 	0.0 	0.0 	0.0	5.5 	14.2 	.385 	4.4 	8.7 	.500 	4.4 	7.6 	12.0 	0.0 	0.0 	1.1 	4.4 	2.2 	15.3
331 	Clifford Robinson 	SF 	32 	PHO 	50 	35 	1740 	6.2 	13.0 	.475 	1.2 	2.9 	.417 	5.0 	10.1 	.492 	3.4 	4.8 	.697 	1.4 	3.3 	4.7 	2.6 	1.6 	1.2 	1.8 	3.2 	16.9
332 	David Robinson* 	C 	33 	SAS 	49 	49 	1554 	6.2 	12.2 	.509 	0.0 	0.0 	.000 	6.2 	12.2 	.510 	5.5 	8.4 	.658 	3.4 	8.0 	11.4 	2.4 	1.6 	2.8 	2.5 	3.3 	18.0
333 	Glenn Robinson 	SF 	26 	MIL 	47 	47 	1579 	7.9 	17.2 	.459 	0.7 	1.8 	.392 	7.2 	15.4 	.467 	3.2 	3.7 	.870 	1.7 	4.6 	6.3 	2.3 	1.0 	0.9 	2.4 	2.6 	19.7
334 	James Robinson 	PG 	28 	TOT 	31 	0 	506 	4.8 	13.2 	.362 	1.5 	5.3 	.284 	3.3 	7.9 	.414 	2.0 	2.9 	.683 	1.3 	3.1 	4.4 	4.0 	1.6 	0.6 	3.1 	4.3 	13.0
335 	Dennis Rodman* 	PF 	37 	LAL 	23 	11 	657 	0.9 	2.5 	.348 	0.0 	0.1 	.000 	0.9 	2.4 	.364 	0.9 	2.1 	.436 	3.4 	10.7 	14.1 	1.6 	0.5 	0.7 	1.7 	3.9 	2.7
336 	Carlos Rogers 	PF 	27 	POR 	2 	0 	8 	9.0 	9.0 	1.000 	0.0 	0.0 	0.0	9.0 	9.0 	1.000 	4.5 	18.0 	.250 	0.0 	4.5 	4.5 	4.5 	0.0 	0.0 	0.0 	9.0 	22.5
337 	Rodney Rogers 	SF 	27 	LAC 	47 	7 	968 	4.9 	11.0 	.441 	0.7 	2.3 	.286 	4.2 	8.7 	.483 	2.5 	3.8 	.673 	2.4 	4.2 	6.7 	2.9 	1.7 	0.8 	2.5 	5.2 	12.9
338 	Sean Rooks 	C 	29 	LAL 	36 	0 	315 	3.7 	9.0 	.405 	0.0 	0.2 	.000 	3.7 	8.8 	.416 	3.9 	5.5 	.708 	3.8 	4.5 	8.2 	1.0 	0.2 	1.0 	2.4 	7.0 	11.2
339 	Jalen Rose 	SF 	26 	IND 	49 	1 	1238 	5.8 	14.4 	.403 	0.5 	1.9 	.262 	5.3 	12.5 	.425 	3.6 	4.6 	.791 	1.0 	3.5 	4.5 	2.7 	1.5 	0.4 	2.1 	3.7 	15.8
340 	Malik Rose 	PF 	24 	SAS 	47 	0 	608 	5.5 	11.9 	.463 	0.0 	0.1 	.000 	5.5 	11.8 	.465 	5.8 	8.6 	.671 	5.3 	5.4 	10.8 	1.7 	2.4 	1.3 	3.3 	7.1 	16.8
341 	Bryon Russell 	SF 	28 	UTA 	50 	50 	1770 	4.4 	9.5 	.464 	1.1 	3.0 	.354 	3.4 	6.5 	.514 	2.8 	3.5 	.795 	1.3 	4.1 	5.4 	1.5 	1.5 	0.3 	1.5 	3.1 	12.7
342 	Arvydas Sabonis* 	C 	34 	POR 	50 	48 	1349 	6.2 	12.8 	.485 	0.2 	0.6 	.292 	6.0 	12.1 	.496 	3.6 	4.7 	.771 	2.3 	8.1 	10.5 	3.2 	0.9 	1.7 	2.3 	3.9 	16.2
343 	Jason Sasser 	SF 	25 	VAN 	6 	0 	39 	4.6 	10.2 	.455 	0.0 	0.0 	0.0	4.6 	10.2 	.455 	0.9 	1.8 	.500 	1.8 	4.6 	6.5 	1.8 	1.8 	0.0 	1.8 	3.7 	10.2
344 	Danny Schayes 	C 	39 	ORL 	19 	1 	143 	2.8 	7.3 	.379 	0.0 	0.0 	0.0	2.8 	7.3 	.379 	1.5 	2.0 	.750 	0.8 	2.8 	3.5 	1.0 	0.3 	0.5 	2.0 	5.8 	7.0
345 	Dwayne Schintzius 	C 	30 	BOS 	16 	0 	67 	2.1 	8.6 	.250 	0.0 	0.0 	0.0	2.1 	8.6 	.250 	1.6 	2.1 	.750 	3.8 	6.4 	10.2 	4.3 	0.0 	1.6 	5.4 	9.1 	5.9
346 	Detlef Schrempf 	SF 	36 	SEA 	50 	39 	1765 	5.3 	11.2 	.472 	0.7 	1.8 	.395 	4.6 	9.4 	.486 	4.1 	5.0 	.823 	1.6 	6.0 	7.5 	3.8 	0.8 	0.5 	2.1 	3.1 	15.3
347 	Dennis Scott 	SF 	30 	TOT 	36 	9 	738 	4.2 	10.4 	.408 	1.8 	4.7 	.381 	2.4 	5.7 	.431 	1.1 	1.5 	.742 	0.4 	2.4 	2.8 	2.0 	0.7 	0.1 	0.9 	2.4 	11.4
348 	Malik Sealy 	SF 	28 	MIN 	31 	7 	731 	4.7 	11.4 	.411 	0.3 	1.1 	.261 	4.4 	10.2 	.428 	2.7 	3.0 	.902 	1.1 	3.4 	4.5 	1.8 	1.5 	0.2 	1.6 	3.3 	12.4
349 	Rony Seikaly 	C 	33 	NJN 	9 	0 	88 	1.6 	8.2 	.200 	0.0 	0.0 	0.0	1.6 	8.2 	.200 	2.9 	7.4 	.389 	2.0 	6.5 	8.6 	0.8 	1.6 	2.5 	4.1 	6.1 	6.1
350 	Charles Shackleford 	C 	32 	CHH 	32 	4 	367 	4.3 	8.8 	.489 	0.0 	0.0 	0.0	4.3 	8.8 	.489 	1.9 	2.8 	.655 	4.0 	8.6 	12.7 	1.3 	0.5 	1.3 	2.6 	6.5 	10.5
351 	Brian Shaw 	PG 	32 	POR 	1 	0 	5 	0.0 	7.2 	.000 	0.0 	0.0 	0.0	0.0 	7.2 	.000 	0.0 	0.0 	0.0	0.0 	7.2 	7.2 	7.2 	0.0 	0.0 	7.2 	7.2 	0.0
352 	Casey Shaw 	C 	23 	PHI 	9 	0 	14 	2.6 	20.6 	.125 	0.0 	0.0 	0.0	2.6 	20.6 	.125 	0.0 	0.0 	0.0	7.7 	0.0 	7.7 	0.0 	0.0 	0.0 	5.1 	5.1 	5.1
353 	Jeffrey Sheppard 	SG 	24 	ATL 	18 	5 	185 	2.9 	7.6 	.385 	0.4 	1.4 	.286 	2.5 	6.2 	.406 	1.6 	2.5 	.615 	1.2 	3.1 	4.3 	3.1 	0.6 	0.0 	1.4 	2.3 	7.8
354 	Miles Simon 	SG 	23 	ORL 	5 	0 	19 	1.9 	9.5 	.200 	0.0 	3.8 	.000 	1.9 	5.7 	.333 	0.0 	0.0 	0.0	1.9 	1.9 	3.8 	0.0 	1.9 	0.0 	5.7 	1.9 	3.8
355 	Dickey Simpkins 	C 	26 	CHI 	50 	35 	1448 	3.7 	8.1 	.463 	0.0 	0.0 	.000 	3.7 	8.0 	.464 	3.9 	6.0 	.645 	2.7 	5.7 	8.4 	1.6 	0.9 	0.3 	1.8 	3.2 	11.3
356 	Alvin Sims 	SG 	24 	PHO 	4 	0 	25 	5.8 	14.4 	.400 	1.4 	1.4 	1.000 	4.3 	13.0 	.333 	2.9 	7.2 	.400 	4.3 	1.4 	5.8 	7.2 	2.9 	0.0 	8.6 	2.9 	15.8
357 	Brian Skinner 	PF 	22 	LAC 	21 	0 	258 	4.6 	9.9 	.465 	0.0 	0.0 	0.0	4.6 	9.9 	.465 	2.8 	4.6 	.606 	2.8 	4.6 	7.4 	0.1 	1.4 	1.8 	2.7 	2.8 	12.0
358 	Reggie Slater 	PF 	28 	TOR 	30 	0 	263 	4.2 	11.1 	.383 	0.0 	0.0 	0.0	4.2 	11.1 	.383 	7.3 	11.6 	.624 	4.9 	4.7 	9.6 	0.7 	0.4 	0.4 	3.4 	6.8 	15.7
359 	Charles Smith 	SG 	23 	LAC 	23 	10 	317 	4.0 	11.0 	.361 	0.8 	3.7 	.212 	3.2 	7.3 	.438 	0.8 	1.8 	.438 	0.8 	1.9 	2.7 	1.5 	1.9 	1.6 	2.3 	4.0 	9.5
360 	Joe Smith 	C 	23 	MIN 	43 	42 	1418 	5.7 	13.3 	.427 	0.0 	0.1 	.000 	5.7 	13.2 	.430 	3.6 	4.8 	.755 	3.9 	5.1 	9.0 	1.7 	0.8 	1.7 	1.7 	3.7 	14.9
361 	Michael Smith 	PF 	26 	VAN 	48 	10 	1098 	2.5 	4.7 	.535 	0.0 	0.0 	.000 	2.5 	4.7 	.538 	2.5 	4.2 	.594 	4.4 	7.0 	11.5 	1.6 	1.5 	0.6 	2.0 	3.5 	7.5
362 	Steve Smith 	SG 	29 	ATL 	36 	36 	1314 	5.9 	14.8 	.402 	1.3 	3.8 	.338 	4.7 	11.0 	.424 	5.2 	6.2 	.849 	1.4 	2.8 	4.1 	3.2 	1.0 	0.3 	2.7 	2.7 	18.4
363 	Rik Smits 	C 	32 	IND 	49 	49 	1271 	8.8 	17.9 	.490 	0.0 	0.1 	.000 	8.8 	17.9 	.491 	3.1 	3.7 	.818 	2.1 	5.7 	7.8 	1.5 	0.5 	1.5 	2.1 	4.5 	20.6
364 	Eric Snow 	PG 	25 	PHI 	48 	48 	1716 	3.1 	7.3 	.428 	0.1 	0.4 	.238 	3.0 	6.9 	.440 	2.3 	3.1 	.733 	0.5 	2.9 	3.4 	6.3 	2.1 	0.0 	2.3 	3.1 	8.7
365 	Felton Spencer 	C 	31 	GSW 	26 	0 	159 	3.4 	7.5 	.455 	0.0 	0.0 	0.0	3.4 	7.5 	.455 	2.7 	5.9 	.462 	4.1 	6.3 	10.4 	0.0 	1.1 	2.3 	2.0 	9.3 	9.5
366 	Latrell Sprewell 	SF 	28 	NYK 	37 	4 	1233 	6.3 	15.1 	.415 	0.6 	2.2 	.273 	5.7 	12.9 	.440 	4.5 	5.6 	.812 	1.2 	3.4 	4.6 	2.7 	1.3 	0.1 	2.3 	1.9 	17.7
367 	Ryan Stack 	PF 	23 	CLE 	18 	0 	199 	2.5 	6.7 	.378 	0.0 	0.0 	0.0	2.5 	6.7 	.378 	3.4 	3.6 	.950 	3.4 	2.7 	6.2 	0.9 	0.4 	2.0 	1.6 	5.6 	8.5
368 	Jerry Stackhouse 	SG 	24 	DET 	42 	9 	1188 	5.5 	14.8 	.371 	1.1 	3.8 	.278 	4.4 	11.0 	.403 	6.4 	7.5 	.850 	0.8 	2.5 	3.2 	3.6 	1.0 	0.6 	3.7 	2.4 	18.4
369 	John Starks 	SG 	33 	GSW 	50 	50 	1686 	5.7 	15.5 	.370 	1.7 	5.7 	.290 	4.1 	9.8 	.416 	1.6 	2.1 	.740 	0.7 	2.8 	3.5 	5.0 	1.5 	0.1 	1.8 	2.9 	14.7
370 	Vladimir Stepania 	C 	22 	SEA 	23 	6 	313 	6.1 	14.4 	.424 	0.0 	0.3 	.000 	6.1 	14.0 	.434 	2.4 	4.6 	.525 	3.1 	5.5 	8.6 	1.4 	1.2 	2.6 	3.7 	6.7 	14.6
371 	Michael Stewart 	C 	23 	TOR 	42 	2 	394 	2.0 	4.8 	.415 	0.0 	0.0 	0.0	2.0 	4.8 	.415 	1.6 	2.3 	.680 	3.9 	5.1 	9.0 	0.5 	0.4 	2.6 	1.1 	6.9 	5.6
372 	Bryant Stith 	SG 	28 	DEN 	46 	32 	1194 	3.4 	8.7 	.393 	0.9 	3.2 	.292 	2.5 	5.5 	.451 	1.8 	2.1 	.859 	0.9 	2.3 	3.2 	2.5 	0.8 	0.5 	1.4 	2.0 	9.6
373 	John Stockton* 	PG 	36 	UTA 	50 	50 	1410 	5.1 	10.5 	.488 	0.4 	1.3 	.320 	4.7 	9.2 	.511 	3.5 	4.3 	.811 	0.8 	2.9 	3.7 	9.5 	2.1 	0.3 	2.8 	2.7 	14.1
374 	Peja Stojakovic 	SF 	21 	SAC 	48 	1 	1025 	5.0 	13.1 	.378 	2.0 	6.3 	.320 	3.0 	6.8 	.431 	2.2 	2.6 	.851 	1.5 	3.5 	5.0 	2.5 	1.4 	0.2 	1.9 	1.5 	14.1
375 	Damon Stoudamire 	PG 	25 	POR 	50 	50 	1673 	5.4 	13.5 	.396 	0.9 	3.1 	.310 	4.4 	10.5 	.421 	1.9 	2.6 	.730 	0.9 	2.7 	3.6 	6.7 	1.1 	0.1 	2.4 	1.7 	13.6
376 	Erick Strickland 	SG 	25 	DAL 	33 	2 	567 	5.7 	14.0 	.403 	1.1 	3.7 	.305 	4.5 	10.3 	.438 	3.4 	4.1 	.815 	0.8 	4.5 	5.3 	4.1 	2.5 	0.1 	2.3 	2.8 	15.8
377 	Mark Strickland 	PF 	28 	MIA 	32 	1 	357 	5.0 	10.2 	.495 	0.0 	0.1 	.000 	5.0 	10.1 	.500 	1.9 	2.6 	.731 	2.6 	5.2 	7.9 	0.9 	0.7 	0.8 	1.3 	2.8 	12.0
378 	Rod Strickland 	PG 	32 	WAS 	44 	43 	1632 	5.5 	13.3 	.416 	0.3 	0.9 	.286 	5.3 	12.4 	.426 	3.9 	5.2 	.746 	1.2 	3.4 	4.7 	9.6 	1.7 	0.1 	3.1 	2.0 	15.2
379 	Derek Strong 	PF 	30 	ORL 	44 	0 	695 	3.9 	9.3 	.422 	0.0 	0.1 	.000 	3.9 	9.2 	.427 	3.7 	5.1 	.717 	3.4 	4.9 	8.3 	0.9 	0.8 	0.4 	1.9 	3.3 	11.6
380 	Bruno Sundov 	C 	18 	DAL 	3 	0 	11 	6.5 	22.9 	.286 	0.0 	0.0 	0.0	6.5 	22.9 	.286 	0.0 	0.0 	0.0	0.0 	0.0 	0.0 	3.3 	0.0 	0.0 	3.3 	13.1 	13.1
381 	Bob Sura 	PG 	25 	CLE 	50 	6 	841 	3.0 	9.0 	.333 	0.4 	1.9 	.200 	2.6 	7.1 	.370 	2.8 	4.4 	.631 	0.9 	3.5 	4.4 	6.5 	2.0 	0.6 	2.9 	4.2 	9.2
382 	Johnny Taylor 	SF 	24 	DEN 	36 	9 	724 	4.1 	9.8 	.414 	1.3 	3.4 	.382 	2.8 	6.5 	.431 	0.8 	1.1 	.739 	1.5 	3.5 	5.0 	1.2 	1.4 	0.8 	1.7 	4.8 	10.3
383 	Maurice Taylor 	PF 	22 	LAC 	46 	45 	1505 	7.4 	16.1 	.461 	0.0 	0.1 	.167 	7.4 	16.0 	.463 	3.6 	4.9 	.728 	2.4 	3.4 	5.8 	1.6 	0.4 	0.7 	2.9 	4.3 	18.5
384 	John Thomas 	C 	23 	TOR 	39 	11 	593 	4.3 	7.5 	.577 	0.0 	0.1 	.000 	4.3 	7.4 	.582 	1.6 	2.9 	.563 	3.9 	4.2 	8.1 	0.9 	1.0 	0.5 	1.3 	5.0 	10.3
385 	Kurt Thomas 	PF 	26 	NYK 	50 	44 	1182 	5.2 	11.2 	.462 	0.0 	0.0 	.000 	5.2 	11.2 	.463 	2.0 	3.3 	.611 	2.5 	6.2 	8.7 	1.7 	1.4 	0.5 	2.2 	4.8 	12.4
386 	Tim Thomas 	SF 	21 	TOT 	50 	26 	812 	5.9 	12.4 	.473 	0.9 	3.0 	.309 	4.9 	9.4 	.526 	3.2 	5.0 	.652 	2.2 	3.4 	5.6 	2.0 	1.2 	0.5 	2.0 	4.7 	15.9
387 	Otis Thorpe 	PF 	36 	WAS 	49 	38 	1539 	5.6 	10.3 	.545 	0.0 	0.0 	.000 	5.6 	10.2 	.548 	1.7 	2.5 	.698 	2.2 	5.6 	7.8 	2.4 	1.0 	0.4 	2.1 	4.6 	13.0
388 	Robert Traylor 	C 	21 	MIL 	49 	43 	786 	4.9 	9.2 	.537 	0.0 	0.0 	.000 	4.9 	9.2 	.540 	2.0 	3.7 	.538 	3.7 	4.7 	8.3 	1.7 	2.0 	2.0 	1.9 	6.4 	11.9
389 	Gary Trent 	PF 	24 	DAL 	45 	23 	1362 	7.6 	15.9 	.477 	0.0 	0.1 	.000 	7.6 	15.8 	.481 	3.8 	6.2 	.617 	3.4 	5.9 	9.3 	2.0 	0.8 	0.6 	1.7 	3.2 	19.0
390 	Nick Van Exel 	PG 	27 	DEN 	50 	50 	1802 	6.1 	15.4 	.398 	1.4 	4.7 	.308 	4.7 	10.7 	.437 	2.8 	3.5 	.811 	0.3 	2.0 	2.3 	7.4 	0.8 	0.1 	2.4 	1.8 	16.5
391 	Keith Van Horn 	PF 	23 	NJN 	42 	42 	1576 	7.4 	17.2 	.428 	0.4 	1.2 	.302 	7.0 	16.0 	.438 	5.8 	6.8 	.859 	2.6 	5.6 	8.2 	1.5 	1.0 	1.2 	3.0 	3.1 	20.9
392 	David Vaughn 	PF 	25 	NJN 	10 	0 	103 	4.5 	8.4 	.542 	0.0 	0.0 	0.0	4.5 	8.4 	.542 	2.8 	3.5 	.800 	4.5 	7.3 	11.9 	0.3 	0.7 	2.8 	3.8 	7.7 	11.9
393 	Jacque Vaughn 	PG 	23 	UTA 	19 	0 	87 	4.6 	12.4 	.367 	0.8 	3.3 	.250 	3.7 	9.1 	.409 	8.3 	9.9 	.833 	0.4 	4.1 	4.6 	5.0 	2.1 	0.0 	5.8 	5.8 	18.2
394 	Loy Vaught 	PF 	30 	DET 	37 	10 	481 	4.4 	11.6 	.381 	0.0 	0.1 	.000 	4.4 	11.5 	.383 	0.7 	1.0 	.643 	2.7 	8.2 	10.9 	0.8 	1.1 	0.4 	1.3 	4.0 	9.5
395 	Stojko Vrankovic 	C 	35 	LAC 	2 	0 	12 	3.0 	12.0 	.250 	0.0 	0.0 	0.0	3.0 	12.0 	.250 	0.0 	0.0 	0.0	12.0 	6.0 	18.0 	0.0 	0.0 	0.0 	0.0 	6.0 	6.0
396 	Antoine Walker 	PF 	22 	BOS 	42 	41 	1549 	7.0 	17.1 	.412 	1.5 	4.1 	.369 	5.5 	13.0 	.426 	2.6 	4.7 	.559 	2.5 	5.9 	8.3 	3.0 	1.5 	0.7 	2.8 	3.3 	18.2
397 	Samaki Walker 	PF 	22 	DAL 	39 	2 	568 	5.6 	12.0 	.463 	0.0 	0.1 	.000 	5.6 	12.0 	.466 	3.4 	6.2 	.541 	2.9 	6.1 	9.1 	0.4 	0.6 	1.0 	2.3 	5.5 	14.5
398 	Ben Wallace 	C 	24 	WAS 	46 	16 	1231 	3.4 	5.8 	.578 	0.0 	0.0 	0.0	3.4 	5.8 	.578 	1.4 	3.9 	.356 	4.0 	7.2 	11.2 	0.5 	1.5 	2.6 	1.1 	3.2 	8.1
399 	John Wallace 	SF 	24 	TOR 	48 	3 	812 	6.8 	15.7 	.432 	0.0 	0.0 	0.0	6.8 	15.7 	.432 	4.7 	6.7 	.700 	2.4 	5.2 	7.6 	2.0 	0.5 	1.9 	3.1 	4.1 	18.2
400 	Rasheed Wallace 	PF 	24 	POR 	49 	18 	1414 	6.2 	12.1 	.508 	0.3 	0.8 	.419 	5.8 	11.3 	.515 	3.3 	4.6 	.732 	1.5 	4.7 	6.1 	1.5 	1.2 	1.4 	2.0 	4.5 	16.0
401 	Rex Walters 	SG 	28 	MIA 	33 	13 	506 	2.5 	6.8 	.368 	0.9 	2.7 	.316 	1.6 	4.1 	.404 	1.4 	1.6 	.826 	0.7 	2.8 	3.6 	4.1 	0.7 	0.2 	2.3 	4.5 	7.2
402 	Charlie Ward 	PG 	28 	NYK 	50 	50 	1556 	3.1 	7.7 	.404 	1.2 	3.4 	.356 	1.9 	4.3 	.443 	1.3 	1.8 	.705 	0.5 	3.4 	4.0 	6.3 	2.4 	0.2 	3.0 	2.4 	8.7
403 	Eric Washington 	SG 	24 	DEN 	38 	6 	761 	3.5 	8.7 	.397 	1.8 	4.6 	.381 	1.7 	4.1 	.414 	1.0 	1.5 	.688 	1.7 	2.6 	4.2 	1.4 	1.2 	0.9 	1.6 	4.1 	9.7
404 	Jamie Watson 	SF 	26 	MIA 	3 	0 	18 	2.0 	4.0 	.500 	0.0 	0.0 	0.0	2.0 	4.0 	.500 	0.0 	0.0 	0.0	0.0 	2.0 	2.0 	2.0 	0.0 	0.0 	2.0 	2.0 	4.0
405 	Clarence Weatherspoon 	SF 	28 	MIA 	49 	3 	1040 	4.9 	9.1 	.534 	0.0 	0.0 	0.0	4.9 	9.1 	.534 	4.0 	5.0 	.804 	2.5 	5.9 	8.4 	1.2 	1.0 	0.6 	2.1 	3.7 	13.7
406 	Chris Webber 	PF 	25 	SAC 	42 	42 	1719 	7.9 	16.3 	.486 	0.1 	0.7 	.118 	7.8 	15.6 	.503 	1.7 	3.6 	.454 	3.1 	8.3 	11.4 	3.6 	1.3 	1.9 	3.1 	3.0 	17.6
407 	Bonzi Wells 	SF 	22 	POR 	7 	0 	35 	11.3 	20.6 	.550 	1.0 	3.1 	.333 	10.3 	17.5 	.588 	8.2 	18.5 	.444 	4.1 	5.1 	9.3 	3.1 	1.0 	1.0 	6.2 	5.1 	31.9
408 	Bill Wennington 	C 	35 	CHI 	38 	3 	451 	4.9 	14.2 	.348 	0.1 	0.1 	1.000 	4.9 	14.1 	.345 	1.4 	1.8 	.818 	1.6 	4.7 	6.3 	1.4 	1.0 	1.0 	1.4 	6.3 	11.4
409 	David Wesley 	PG 	28 	CHH 	50 	50 	1848 	4.7 	10.6 	.446 	1.2 	3.3 	.359 	3.5 	7.3 	.485 	3.1 	3.7 	.832 	0.4 	2.7 	3.1 	6.3 	1.9 	0.2 	2.8 	2.5 	13.8
410 	Doug West 	SG 	31 	VAN 	14 	2 	294 	3.8 	8.0 	.477 	0.0 	0.2 	.000 	3.8 	7.7 	.492 	2.3 	3.1 	.760 	0.6 	2.4 	3.1 	2.3 	2.0 	0.9 	1.5 	4.7 	9.9
411 	Mark West 	C 	38 	ATL 	49 	0 	499 	1.6 	4.3 	.373 	0.0 	0.0 	0.0	1.6 	4.3 	.373 	1.2 	3.2 	.356 	3.5 	5.5 	9.0 	0.9 	0.3 	1.6 	1.2 	5.8 	4.3
412 	DeJuan Wheat 	PG 	25 	VAN 	46 	0 	590 	4.5 	11.8 	.378 	1.3 	3.7 	.367 	3.1 	8.1 	.383 	2.4 	3.4 	.727 	0.7 	2.1 	2.7 	6.2 	1.6 	0.1 	2.9 	3.6 	12.7
413 	Tyson Wheeler 	PG 	23 	DEN 	1 	0 	3 	12.0 	12.0 	1.000 	12.0 	12.0 	1.000 	0.0 	0.0 	0.0	12.0 	24.0 	.500 	0.0 	0.0 	0.0 	24.0 	0.0 	0.0 	0.0 	12.0 	48.0
414 	Jahidi White 	PF 	22 	WAS 	20 	0 	191 	3.2 	6.0 	.531 	0.0 	0.0 	0.0	3.2 	6.0 	.531 	2.8 	6.6 	.429 	4.3 	6.6 	10.9 	0.2 	0.6 	2.1 	3.0 	7.4 	9.2
415 	Chris Whitney 	PG 	27 	WAS 	39 	1 	441 	5.2 	12.7 	.410 	2.6 	7.8 	.337 	2.6 	5.0 	.525 	2.2 	2.5 	.871 	0.7 	3.2 	3.8 	5.6 	1.5 	0.2 	2.9 	4.0 	15.3
416 	Dominique Wilkins* 	SF 	39 	ORL 	27 	2 	252 	7.1 	18.9 	.379 	0.7 	2.7 	.263 	6.4 	16.1 	.398 	4.1 	6.0 	.690 	4.3 	5.9 	10.1 	2.3 	0.6 	0.1 	3.3 	2.7 	19.1
417 	Gerald Wilkins 	SG 	35 	ORL 	3 	0 	28 	0.0 	11.6 	.000 	0.0 	0.0 	0.0	0.0 	11.6 	.000 	2.6 	2.6 	1.000 	0.0 	1.3 	1.3 	1.3 	0.0 	0.0 	3.9 	3.9 	2.6
418 	Aaron Williams 	PF 	27 	SEA 	40 	2 	458 	4.1 	9.7 	.423 	0.0 	0.1 	.000 	4.1 	9.6 	.426 	4.2 	5.8 	.730 	4.2 	5.8 	10.1 	1.7 	1.1 	1.9 	2.4 	5.9 	12.4
419 	Alvin Williams 	PG 	24 	TOR 	50 	45 	1051 	3.3 	8.1 	.401 	0.5 	1.4 	.333 	2.8 	6.7 	.415 	1.5 	1.8 	.846 	0.7 	2.2 	2.8 	4.5 	1.7 	0.4 	1.9 	3.2 	8.5
420 	Brandon Williams 	SG 	23 	SAS 	3 	0 	4 	0.0 	0.0 	0.0	0.0 	0.0 	0.0	0.0 	0.0 	0.0	18.0 	36.0 	.500 	9.0 	0.0 	9.0 	0.0 	0.0 	0.0 	0.0 	0.0 	18.0
421 	Eric Williams 	SF 	26 	DEN 	38 	8 	780 	3.7 	10.1 	.365 	0.3 	1.2 	.231 	3.4 	8.9 	.383 	5.1 	6.4 	.799 	1.6 	2.2 	3.7 	1.7 	1.2 	0.4 	2.3 	3.5 	12.8
422 	Herb Williams 	C 	40 	NYK 	6 	0 	34 	4.2 	8.5 	.500 	0.0 	0.0 	0.0	4.2 	8.5 	.500 	2.1 	2.1 	1.000 	3.2 	3.2 	6.4 	0.0 	0.0 	2.1 	2.1 	2.1 	10.6
423 	Hot Rod Williams 	C 	36 	DAL 	25 	11 	403 	1.0 	2.9 	.333 	0.0 	0.0 	0.0	1.0 	2.9 	.333 	0.6 	0.9 	.700 	3.2 	4.2 	7.4 	1.3 	1.2 	1.6 	1.2 	4.4 	2.6
424 	Jason Williams 	PG 	23 	SAC 	50 	50 	1805 	4.6 	12.3 	.374 	2.0 	6.4 	.310 	2.6 	5.9 	.446 	1.6 	2.1 	.752 	0.3 	2.8 	3.1 	6.0 	1.9 	0.0 	2.9 	1.8 	12.8
425 	Jayson Williams 	C 	30 	NJN 	30 	30 	1020 	3.4 	7.7 	.445 	0.0 	0.1 	.000 	3.4 	7.6 	.449 	1.7 	3.0 	.565 	5.2 	7.5 	12.7 	1.2 	0.8 	2.1 	1.6 	4.4 	8.5
426 	Jerome Williams 	PF 	25 	DET 	50 	10 	1154 	3.9 	7.7 	.500 	0.0 	0.0 	0.0	3.9 	7.7 	.500 	3.3 	5.0 	.673 	4.9 	6.0 	10.9 	0.7 	2.0 	0.2 	1.3 	3.4 	11.1
427 	Micheal Williams 	PG 	32 	TOR 	2 	0 	15 	2.4 	12.0 	.200 	0.0 	0.0 	0.0	2.4 	12.0 	.200 	0.0 	0.0 	0.0	2.4 	0.0 	2.4 	0.0 	0.0 	0.0 	2.4 	2.4 	4.8
428 	Monty Williams 	SF 	27 	DEN 	1 	0 	6 	0.0 	12.0 	.000 	0.0 	0.0 	0.0	0.0 	12.0 	.000 	6.0 	12.0 	.500 	0.0 	0.0 	0.0 	0.0 	0.0 	0.0 	0.0 	0.0 	6.0
429 	Scott Williams 	C 	30 	TOT 	7 	0 	46 	3.9 	13.3 	.294 	0.0 	0.0 	0.0	3.9 	13.3 	.294 	3.1 	5.5 	.571 	2.3 	8.6 	11.0 	0.8 	2.3 	1.6 	3.1 	7.0 	11.0
430 	Shammond Williams 	PG 	23 	ATL 	2 	0 	4 	0.0 	9.0 	.000 	0.0 	0.0 	0.0	0.0 	9.0 	.000 	27.0 	36.0 	.750 	0.0 	0.0 	0.0 	9.0 	0.0 	0.0 	0.0 	0.0 	27.0
431 	Travis Williams 	SF 	29 	CHH 	8 	0 	62 	3.5 	7.5 	.462 	0.0 	0.0 	0.0	3.5 	7.5 	.462 	1.7 	2.3 	.750 	3.5 	7.5 	11.0 	1.2 	1.2 	0.6 	3.5 	5.8 	8.7
432 	Walt Williams 	SF 	28 	POR 	48 	16 	1044 	5.1 	12.0 	.424 	2.2 	5.0 	.438 	2.9 	7.0 	.414 	3.1 	3.7 	.832 	1.2 	3.7 	4.9 	2.8 	1.3 	1.0 	2.2 	3.5 	15.4
433 	Corliss Williamson 	SF 	25 	SAC 	50 	50 	1374 	7.0 	14.5 	.485 	0.0 	0.1 	.200 	7.0 	14.4 	.487 	3.1 	4.9 	.638 	2.2 	3.2 	5.4 	1.7 	0.8 	0.2 	2.0 	3.1 	17.3
434 	Kevin Willis 	C 	36 	TOR 	42 	38 	1216 	5.5 	13.2 	.418 	0.0 	0.1 	.000 	5.5 	13.2 	.420 	3.8 	4.6 	.839 	3.2 	7.1 	10.4 	2.0 	0.8 	0.8 	2.5 	4.0 	14.9
435 	David Wingate 	SG 	35 	NYK 	20 	0 	92 	2.7 	6.3 	.438 	0.0 	0.0 	0.0	2.7 	6.3 	.438 	0.0 	0.0 	0.0	1.2 	2.0 	3.1 	2.0 	1.6 	0.0 	2.3 	3.9 	5.5
436 	Trevor Winter 	C 	25 	MIN 	1 	0 	5 	0.0 	0.0 	0.0	0.0 	0.0 	0.0	0.0 	0.0 	0.0	0.0 	0.0 	0.0	7.2 	14.4 	21.6 	0.0 	0.0 	0.0 	0.0 	36.0 	0.0
437 	Joe Wolf 	PF 	34 	CHH 	3 	0 	12 	0.0 	3.0 	.000 	0.0 	0.0 	0.0	0.0 	3.0 	.000 	0.0 	6.0 	.000 	0.0 	3.0 	3.0 	0.0 	0.0 	0.0 	0.0 	18.0 	0.0
438 	Haywoode Workman 	PG 	33 	MIL 	29 	29 	815 	3.2 	7.5 	.429 	0.8 	2.1 	.362 	2.5 	5.4 	.455 	1.6 	2.1 	.787 	0.6 	3.9 	4.5 	7.6 	1.4 	0.0 	2.8 	2.3 	8.8
439 	Lorenzen Wright 	C 	23 	LAC 	48 	15 	1135 	3.8 	8.2 	.458 	0.0 	0.0 	.000 	3.8 	8.2 	.459 	2.6 	3.7 	.692 	4.5 	6.9 	11.5 	1.0 	0.8 	1.1 	1.5 	5.1 	10.1
440 	Korleone Young 	SF 	20 	DET 	3 	0 	15 	12.0 	24.0 	.500 	2.4 	9.6 	.250 	9.6 	14.4 	.667 	4.8 	4.8 	1.000 	4.8 	4.8 	9.6 	2.4 	0.0 	0.0 	2.4 	7.2 	31.2
