1 	Mahmoud Abdul-Rauf 	PG 	31 	VAN 	41 	486 	16.7 	.514 	.496 	.118 	.057 	1.2 	4.7 	2.9 	32.7 	1.0 	0.1 	9.1 	26.8 	104 	111 	0.7 	0.0 	0.7 	.070
2 	Tariq Abdul-Wahad 	SG 	26 	DEN 	29 	420 	5.8 	.438 	.405 	.324 	.090 	3.6 	11.8 	7.6 	8.1 	1.7 	2.1 	21.1 	17.1 	79 	106 	-0.7 	0.3 	-0.4 	-0.049
3 	Shareef Abdur-Rahim 	SF 	24 	VAN 	81 	3241 	19.1 	.549 	.477 	.415 	.050 	6.2 	19.6 	13.0 	14.3 	1.5 	1.6 	13.2 	24.6 	106 	104 	5.6 	2.9 	8.5 	.126
4 	Cory Alexander 	PG 	27 	ORL 	26 	227 	6.3 	.407 	.357 	.321 	.286 	0.0 	12.5 	6.1 	23.5 	3.6 	0.0 	28.1 	17.3 	77 	100 	-0.5 	0.3 	-0.1 	-0.031
5 	Courtney Alexander 	PG 	23 	TOT 	65 	1382 	11.6 	.484 	.432 	.262 	.080 	3.5 	8.4 	5.9 	8.0 	1.7 	0.3 	10.5 	23.2 	96 	109 	0.3 	0.5 	0.8 	.027
6 	Ray Allen 	SG 	25 	MIL 	82 	3129 	22.9 	.610 	.557 	.299 	.357 	3.7 	11.8 	7.8 	20.4 	2.1 	0.5 	12.1 	24.4 	119 	106 	11.5 	2.2 	13.7 	.211
7 	Rafer Alston 	PG 	24 	MIL 	37 	288 	12.1 	.429 	.405 	.155 	.357 	1.6 	10.6 	6.1 	34.6 	2.4 	0.0 	18.2 	17.2 	98 	106 	0.1 	0.2 	0.3 	.055
8 	John Amaechi 	C 	30 	ORL 	82 	1710 	8.7 	.455 	.400 	.471 	.012 	4.9 	12.7 	8.7 	7.0 	0.8 	1.2 	14.8 	21.7 	89 	105 	-1.3 	1.4 	0.0 	.001
9 	Derek Anderson 	SG 	26 	SAS 	82 	2859 	17.1 	.542 	.467 	.405 	.255 	3.1 	10.9 	7.2 	18.1 	2.2 	0.3 	12.4 	21.9 	109 	99 	5.6 	4.3 	9.9 	.166
10 	Kenny Anderson 	PG 	30 	BOS 	33 	849 	12.2 	.476 	.412 	.313 	.145 	2.1 	8.2 	5.0 	26.5 	2.7 	0.2 	16.8 	16.6 	100 	105 	0.4 	0.7 	1.1 	.063
11 	Nick Anderson 	SG 	33 	SAC 	21 	169 	6.4 	.333 	.333 	.000 	.684 	2.0 	13.7 	8.0 	11.0 	3.0 	1.6 	10.9 	16.7 	76 	98 	-0.3 	0.3 	0.0 	-0.011
12 	Shandon Anderson 	SG 	27 	HOU 	82 	2396 	11.9 	.528 	.485 	.319 	.288 	3.6 	12.3 	8.0 	12.5 	1.8 	1.2 	16.3 	15.4 	103 	105 	1.9 	2.0 	3.9 	.078
13 	Greg Anthony 	PG 	33 	POR 	58 	856 	12.0 	.525 	.512 	.138 	.628 	3.0 	5.4 	4.3 	14.8 	2.5 	0.3 	13.8 	16.9 	105 	104 	0.9 	0.7 	1.6 	.090
14 	Darrell Armstrong 	PG 	32 	ORL 	75 	2767 	18.6 	.535 	.484 	.249 	.402 	3.7 	10.2 	6.9 	31.3 	2.5 	0.3 	15.2 	21.0 	110 	103 	5.8 	2.9 	8.7 	.151
15 	Chucky Atkins 	PG 	26 	DET 	81 	2363 	12.2 	.481 	.463 	.137 	.356 	1.2 	6.7 	3.9 	24.3 	1.4 	0.1 	12.9 	21.2 	99 	106 	1.2 	1.6 	2.8 	.057
16 	Stacey Augmon 	SG 	32 	POR 	66 	1182 	12.3 	.511 	.477 	.327 	.015 	6.3 	9.7 	8.0 	12.7 	2.2 	1.3 	13.6 	13.9 	107 	103 	1.3 	1.2 	2.5 	.102
17 	Isaac Austin 	C 	31 	VAN 	52 	845 	8.3 	.393 	.367 	.148 	.089 	6.8 	23.1 	15.0 	11.2 	1.2 	1.9 	15.8 	18.5 	81 	103 	-1.3 	0.9 	-0.5 	-0.026
18 	William Avery 	PG 	21 	MIN 	55 	463 	9.0 	.482 	.438 	.250 	.410 	1.2 	6.0 	3.6 	24.0 	1.5 	0.6 	22.0 	20.0 	91 	108 	-0.2 	0.2 	0.0 	-0.003
19 	Dalibor Bagaric 	C 	20 	CHI 	35 	259 	3.3 	.304 	.262 	.431 	.015 	9.7 	16.2 	12.8 	6.2 	1.9 	4.6 	21.4 	17.6 	65 	104 	-0.9 	0.2 	-0.7 	-0.121
20 	Vin Baker 	PF 	29 	SEA 	76 	2129 	13.0 	.481 	.423 	.391 	.019 	9.7 	13.5 	11.6 	7.0 	0.9 	2.5 	14.1 	23.8 	97 	107 	0.6 	1.2 	1.8 	.040
21 	Erick Barkley 	PG 	22 	POR 	8 	38 	10.3 	.432 	.432 	.000 	.364 	0.0 	9.1 	4.7 	28.8 	2.8 	0.0 	18.5 	33.0 	82 	103 	-0.1 	0.0 	-0.1 	-0.075
22 	Dana Barros 	PG 	33 	DET 	60 	1079 	14.3 	.534 	.498 	.194 	.255 	0.6 	8.9 	4.7 	18.0 	1.4 	0.1 	11.8 	20.4 	106 	105 	1.4 	0.8 	2.3 	.101
23 	Brent Barry 	SG 	29 	SEA 	67 	1778 	16.6 	.660 	.630 	.257 	.571 	2.1 	11.4 	6.8 	19.4 	2.4 	0.6 	16.2 	13.5 	124 	106 	4.6 	1.2 	5.8 	.157
24 	Jon Barry 	SG 	31 	SAC 	62 	1010 	12.4 	.550 	.494 	.286 	.518 	1.8 	8.1 	5.0 	19.0 	1.4 	0.4 	15.6 	14.9 	110 	104 	1.5 	0.9 	2.4 	.114
25 	Tony Battie 	C 	24 	BOS 	40 	845 	15.2 	.562 	.537 	.343 	.015 	9.7 	23.1 	16.1 	3.3 	1.7 	5.4 	13.8 	14.4 	108 	99 	1.0 	1.3 	2.3 	.131
26 	Raja Bell 	SG 	24 	PHI 	5 	30 	-0.6 	.357 	.357 	.000 	.429 	0.0 	3.7 	1.9 	0.0 	1.8 	0.0 	22.2 	13.6 	59 	104 	-0.1 	0.0 	-0.1 	-0.091
27 	Jonathan Bender 	SF 	20 	IND 	59 	574 	7.6 	.447 	.384 	.366 	.220 	2.9 	11.5 	7.3 	9.4 	0.7 	3.5 	16.3 	21.0 	85 	104 	-0.7 	0.5 	-0.1 	-0.012
28 	Corey Benjamin 	PG 	22 	CHI 	65 	857 	8.8 	.453 	.416 	.275 	.268 	5.1 	8.9 	6.9 	14.6 	1.8 	1.4 	15.7 	21.8 	88 	109 	-0.8 	0.3 	-0.5 	-0.028
29 	David Benoit 	SF 	32 	UTA 	49 	446 	11.1 	.542 	.500 	.265 	.088 	5.7 	16.6 	11.3 	8.4 	0.7 	1.1 	14.6 	19.8 	102 	105 	0.4 	0.4 	0.7 	.080
30 	Travis Best 	PG 	28 	IND 	77 	2457 	16.7 	.517 	.464 	.287 	.123 	1.8 	8.2 	5.1 	34.0 	2.4 	0.3 	12.5 	19.3 	110 	104 	4.8 	2.3 	7.2 	.140
31 	Mike Bibby 	PG 	22 	VAN 	82 	3190 	16.8 	.525 	.500 	.162 	.246 	1.7 	9.2 	5.5 	38.3 	1.8 	0.3 	16.7 	21.3 	104 	108 	4.0 	1.4 	5.3 	.081
32 	Chauncey Billups 	SG 	24 	MIN 	77 	1790 	14.1 	.538 	.485 	.291 	.330 	2.0 	8.1 	5.0 	22.2 	1.5 	0.4 	14.4 	19.5 	107 	107 	2.7 	0.9 	3.7 	.098
33 	Mookie Blaylock 	PG 	33 	GSW 	69 	2352 	15.8 	.455 	.441 	.095 	.281 	3.0 	9.9 	6.1 	32.3 	3.5 	0.6 	13.3 	17.3 	102 	106 	1.9 	1.6 	3.5 	.071
34 	Corie Blount 	PF 	32 	TOT 	68 	1305 	11.8 	.473 	.446 	.282 	.027 	13.9 	19.4 	16.5 	7.1 	1.6 	1.2 	18.1 	13.2 	99 	104 	0.5 	1.2 	1.8 	.065
35 	Mark Blount 	C 	25 	BOS 	64 	1098 	11.1 	.541 	.505 	.330 	.000 	9.9 	14.9 	12.3 	4.8 	1.8 	5.3 	21.3 	12.0 	101 	101 	0.5 	1.4 	1.9 	.084
36 	Muggsy Bogues 	PG 	36 	TOR 	3 	34 	-0.5 	.000 	.000 	.000 	.500 	0.0 	10.2 	5.0 	19.3 	3.1 	0.0 	66.7 	7.9 	36 	103 	-0.1 	0.0 	-0.1 	-0.128
37 	Etdrick Bohannon 	PF 	27 	CLE 	6 	19 	22.4 	.694 	.500 	1.000 	.000 	18.3 	24.3 	21.3 	0.0 	0.0 	7.7 	14.8 	16.1 	136 	101 	0.1 	0.0 	0.1 	.276
38 	Calvin Booth 	C 	24 	TOT 	55 	933 	16.1 	.512 	.476 	.310 	.000 	9.5 	21.1 	15.2 	7.4 	1.6 	8.5 	15.6 	16.3 	101 	99 	0.6 	1.4 	2.1 	.106
39 	Cal Bowdler 	SF 	23 	ATL 	44 	375 	15.8 	.532 	.469 	.351 	.044 	8.9 	14.1 	11.4 	1.8 	1.4 	4.0 	7.7 	17.0 	112 	103 	0.7 	0.4 	1.0 	.134
40 	Bruce Bowen 	SF 	29 	MIA 	82 	2685 	8.1 	.478 	.452 	.277 	.528 	2.0 	8.8 	5.4 	8.2 	1.7 	1.5 	10.2 	13.1 	97 	100 	0.5 	3.7 	4.2 	.075
41 	Ryan Bowen 	SF 	25 	DEN 	57 	696 	13.3 	.585 	.569 	.306 	.076 	9.6 	8.1 	8.8 	6.8 	2.8 	1.2 	12.8 	12.0 	117 	106 	1.2 	0.4 	1.7 	.114
42 	Ira Bowman 	PG 	27 	ATL 	3 	19 	9.2 	.000 	.000 	.000 	.000 	5.8 	5.9 	5.9 	50.5 	0.0 	0.0 	33.3 	7.1 	89 	112 	0.0 	0.0 	0.0 	-0.024
43 	Earl Boykins 	PG 	24 	LAC 	10 	149 	17.2 	.461 	.405 	.270 	.127 	3.2 	5.2 	4.2 	38.7 	1.8 	0.0 	11.3 	24.7 	104 	108 	0.2 	0.1 	0.3 	.089
44 	Shawn Bradley 	C 	28 	DAL 	82 	2001 	16.2 	.551 	.491 	.398 	.013 	9.2 	24.4 	17.0 	2.8 	0.9 	8.1 	14.3 	13.9 	109 	96 	2.5 	3.8 	6.3 	.151
45 	Elton Brand 	PF 	21 	CHI 	74 	2906 	20.4 	.524 	.476 	.388 	.002 	11.2 	19.6 	15.2 	17.0 	1.3 	3.0 	13.3 	26.3 	103 	106 	4.1 	2.0 	6.1 	.101
46 	Terrell Brandon 	PG 	30 	MIN 	78 	2821 	20.0 	.507 	.465 	.198 	.080 	2.4 	9.7 	6.0 	33.7 	3.0 	0.5 	11.2 	22.2 	109 	104 	5.8 	2.7 	8.5 	.145
47 	Chucky Brown 	SF 	32 	TOT 	26 	339 	9.7 	.464 	.421 	.358 	.032 	2.6 	15.7 	9.0 	5.3 	1.4 	1.5 	6.8 	15.5 	99 	106 	0.1 	0.2 	0.4 	.050
48 	Dee Brown 	PG 	32 	ORL 	7 	155 	9.0 	.519 	.500 	.114 	.727 	0.0 	8.1 	3.9 	11.9 	1.3 	0.0 	13.2 	15.2 	102 	106 	0.1 	0.1 	0.2 	.059
49 	P.J. Brown 	C 	31 	CHH 	80 	2811 	13.3 	.518 	.444 	.373 	.007 	10.5 	19.6 	15.1 	7.3 	1.5 	2.4 	14.2 	12.5 	109 	98 	3.4 	4.7 	8.0 	.137
50 	Randy Brown 	PG 	32 	BOS 	54 	1238 	8.2 	.438 	.422 	.169 	.013 	2.1 	7.5 	4.7 	20.1 	2.6 	0.6 	18.0 	11.4 	94 	105 	-0.1 	1.0 	0.9 	.034
51 	Rick Brunson 	PG 	28 	TOT 	22 	208 	6.3 	.380 	.352 	.278 	.259 	2.9 	9.2 	6.0 	24.2 	2.0 	0.4 	21.9 	17.4 	80 	104 	-0.4 	0.2 	-0.2 	-0.039
52 	Kobe Bryant 	SG 	22 	LAL 	68 	2783 	24.5 	.552 	.484 	.369 	.132 	4.3 	11.8 	8.1 	23.0 	2.1 	1.1 	11.1 	31.8 	112 	105 	9.2 	2.2 	11.3 	.196
53 	Mark Bryant 	PF 	35 	DAL 	18 	101 	2.1 	.428 	.400 	.250 	.000 	4.5 	18.3 	11.6 	4.2 	0.5 	1.4 	18.4 	12.2 	83 	103 	-0.1 	0.1 	0.0 	.005
54 	Greg Buckner 	SG 	24 	DAL 	37 	820 	12.1 	.503 	.443 	.422 	.036 	8.4 	12.9 	10.7 	8.8 	2.1 	0.8 	10.6 	14.1 	110 	103 	1.1 	0.9 	2.0 	.118
55 	Jud Buechler 	SF 	32 	DET 	57 	737 	9.9 	.570 	.561 	.073 	.470 	2.9 	11.0 	6.8 	8.4 	1.4 	1.0 	12.9 	11.4 	110 	104 	0.8 	0.7 	1.5 	.098
56 	Rodney Buford 	SF 	23 	PHI 	47 	573 	11.3 	.489 	.465 	.120 	.158 	3.2 	11.2 	7.3 	5.4 	1.6 	0.8 	10.3 	22.3 	96 	101 	0.1 	0.7 	0.8 	.071
57 	Matt Bullard 	PF 	33 	HOU 	61 	1000 	13.0 	.569 	.564 	.046 	.698 	2.6 	12.2 	7.5 	6.9 	0.5 	0.6 	3.7 	14.9 	120 	108 	2.2 	0.4 	2.6 	.125
58 	Scott Burrell 	SF 	30 	CHH 	4 	41 	12.8 	.507 	.533 	.267 	.400 	2.8 	5.5 	4.2 	4.6 	3.9 	0.0 	0.0 	18.8 	107 	99 	0.1 	0.1 	0.1 	.135
59 	Jason Caffey 	PF 	27 	MIL 	70 	1460 	13.7 	.544 	.488 	.575 	.000 	10.6 	16.8 	13.7 	5.5 	1.4 	1.3 	14.3 	16.6 	109 	105 	2.3 	1.2 	3.5 	.114
60 	Marcus Camby 	C 	26 	NYK 	63 	2127 	20.9 	.559 	.525 	.388 	.014 	11.5 	29.0 	20.5 	4.5 	1.7 	5.2 	8.5 	17.0 	116 	91 	4.8 	5.5 	10.3 	.233
61 	Elden Campbell 	PF 	32 	CHH 	78 	2337 	16.4 	.505 	.440 	.487 	.007 	7.7 	21.9 	14.8 	8.1 	1.4 	4.4 	12.4 	22.8 	101 	96 	1.9 	4.5 	6.4 	.131
62 	Brian Cardinal 	PF 	23 	DET 	15 	126 	4.7 	.398 	.323 	.581 	.161 	6.7 	13.0 	9.8 	3.6 	2.8 	1.1 	18.8 	16.5 	79 	100 	-0.2 	0.2 	0.0 	-0.009
63 	Chris Carr 	SG 	26 	BOS 	35 	309 	16.3 	.611 	.549 	.536 	.330 	4.0 	13.0 	8.3 	6.7 	0.7 	0.7 	12.1 	23.1 	113 	107 	0.8 	0.2 	0.9 	.142
64 	Anthony Carter 	PG 	25 	MIA 	72 	1630 	11.3 	.439 	.413 	.215 	.083 	3.4 	9.8 	6.6 	29.5 	2.5 	0.5 	18.5 	19.2 	91 	99 	-0.8 	2.5 	1.7 	.050
65 	Vince Carter 	SF 	24 	TOR 	75 	2979 	25.0 	.551 	.509 	.303 	.240 	6.5 	9.3 	7.9 	19.2 	2.0 	1.9 	8.2 	30.7 	114 	104 	10.3 	2.6 	12.9 	.208
66 	Sam Cassell 	PG 	31 	MIL 	76 	2709 	20.1 	.542 	.488 	.285 	.087 	1.9 	10.1 	6.1 	36.4 	1.7 	0.2 	14.7 	24.9 	111 	107 	7.0 	1.4 	8.5 	.150
67 	Kelvin Cato 	C 	26 	HOU 	35 	624 	13.0 	.606 	.577 	.514 	.000 	8.9 	17.0 	13.1 	2.8 	1.1 	3.4 	15.5 	11.9 	115 	103 	1.0 	0.7 	1.7 	.128
68 	Duane Causwell 	C 	32 	MIA 	31 	384 	4.8 	.396 	.376 	.294 	.000 	7.1 	18.6 	12.8 	2.2 	1.1 	3.6 	19.3 	15.0 	76 	97 	-0.7 	0.7 	0.0 	.002
69 	Cedric Ceballos 	SF 	31 	TOT 	40 	559 	15.4 	.526 	.489 	.188 	.319 	7.1 	15.0 	11.0 	6.9 	1.5 	0.9 	11.4 	23.5 	102 	100 	0.5 	0.8 	1.3 	.114
70 	Calbert Cheaney 	SG 	29 	DEN 	9 	153 	4.1 	.340 	.333 	.067 	.000 	3.5 	10.8 	7.1 	8.6 	1.4 	0.9 	13.9 	10.5 	79 	109 	-0.2 	0.1 	-0.1 	-0.035
71 	Chris Childs 	PG 	33 	TOT 	77 	1859 	9.0 	.494 	.451 	.212 	.316 	1.5 	11.2 	6.4 	29.8 	1.7 	0.6 	29.9 	13.3 	94 	101 	-0.2 	2.3 	2.2 	.057
72 	Doug Christie 	SG 	30 	SAC 	81 	2939 	14.8 	.538 	.454 	.396 	.317 	3.6 	9.3 	6.5 	14.6 	3.2 	1.0 	14.3 	16.2 	109 	99 	4.3 	4.4 	8.7 	.141
73 	Keon Clark 	PF 	25 	TOT 	81 	1720 	15.6 	.512 	.480 	.462 	.002 	8.6 	19.6 	14.0 	6.8 	1.0 	6.3 	12.6 	18.6 	102 	101 	1.5 	2.2 	3.7 	.104
74 	Mateen Cleaves 	PG 	23 	DET 	78 	1268 	9.0 	.458 	.406 	.343 	.043 	2.2 	9.1 	5.6 	26.8 	2.0 	0.1 	23.2 	20.5 	87 	104 	-1.3 	1.2 	-0.1 	-0.006
75 	John Coker 	C 	29 	GSW 	6 	32 	-2.8 	.125 	.125 	.000 	.000 	9.2 	7.2 	8.3 	8.8 	1.6 	0.0 	20.0 	13.2 	47 	111 	-0.1 	0.0 	-0.1 	-0.192
76 	Derrick Coleman 	PF 	33 	CHH 	34 	683 	13.8 	.469 	.420 	.361 	.200 	7.7 	23.0 	15.4 	10.2 	0.8 	2.3 	12.4 	22.8 	96 	99 	0.1 	1.1 	1.2 	.082
77 	Bimbo Coles 	PG 	32 	CLE 	47 	804 	9.3 	.440 	.385 	.234 	.067 	1.3 	5.6 	3.5 	27.9 	1.8 	0.5 	18.3 	18.1 	92 	108 	-0.3 	0.3 	0.0 	.000
78 	Jason Collier 	C 	23 	HOU 	23 	222 	7.4 	.435 	.380 	.338 	.014 	6.4 	12.7 	9.6 	4.4 	0.5 	0.9 	11.9 	19.2 	90 	107 	-0.1 	0.1 	0.0 	-0.001
79 	Sean Colson 	PG 	25 	TOT 	13 	44 	6.8 	.291 	.271 	.167 	.208 	5.4 	10.2 	7.7 	38.7 	1.2 	0.0 	7.2 	28.8 	80 	107 	-0.1 	0.0 	-0.1 	-0.106
80 	Tyrone Corbin 	SF 	38 	TOR 	15 	117 	-2.2 	.252 	.237 	.105 	.132 	2.8 	9.9 	6.3 	5.0 	0.9 	0.0 	7.0 	16.3 	62 	108 	-0.4 	0.1 	-0.3 	-0.126
81 	Chris Crawford 	PF 	25 	ATL 	47 	901 	9.5 	.519 	.463 	.307 	.081 	3.4 	10.2 	6.8 	6.9 	1.2 	1.3 	16.8 	18.3 	96 	107 	0.1 	0.5 	0.6 	.031
82 	Jamal Crawford 	PG 	20 	CHI 	61 	1050 	8.5 	.442 	.419 	.112 	.385 	1.0 	9.4 	5.0 	23.0 	2.2 	1.0 	21.0 	17.9 	84 	108 	-1.3 	0.4 	-0.9 	-0.043
83 	Austin Croshere 	PF 	25 	IND 	81 	1874 	14.3 	.512 	.444 	.330 	.295 	7.7 	15.5 	11.7 	8.8 	1.0 	1.9 	14.5 	23.4 	99 	103 	1.2 	2.0 	3.2 	.082
84 	John Crotty 	PG 	31 	UTA 	31 	264 	7.2 	.443 	.369 	.292 	.108 	6.2 	6.9 	6.6 	19.4 	1.2 	0.0 	20.6 	16.1 	94 	107 	0.0 	0.1 	0.1 	.019
85 	Vonteego Cummings 	PG 	24 	GSW 	66 	1495 	10.4 	.425 	.391 	.224 	.277 	3.1 	7.0 	4.9 	24.4 	2.3 	0.7 	13.8 	18.6 	94 	109 	-0.2 	0.4 	0.2 	.007
86 	Bill Curley 	PF 	28 	TOT 	20 	192 	10.5 	.569 	.543 	.404 	.043 	10.7 	9.6 	10.2 	2.6 	1.9 	3.3 	22.4 	15.8 	97 	107 	0.0 	0.1 	0.2 	.038
87 	Dell Curry 	SG 	36 	TOR 	71 	956 	14.4 	.530 	.505 	.134 	.380 	1.8 	8.3 	5.0 	13.2 	1.5 	0.6 	8.8 	20.7 	108 	107 	1.5 	0.5 	2.0 	.101
88 	Michael Curry 	SG 	32 	DET 	68 	1485 	7.5 	.507 	.461 	.229 	.028 	1.5 	7.4 	4.4 	13.9 	0.9 	0.1 	14.8 	12.0 	102 	107 	0.8 	0.9 	1.7 	.055
89 	Erick Dampier 	C 	25 	GSW 	43 	1038 	10.0 	.432 	.401 	.401 	.006 	9.2 	17.0 	12.8 	9.2 	0.8 	4.0 	18.2 	18.4 	86 	107 	-1.0 	0.6 	-0.5 	-0.021
90 	Antonio Daniels 	PG 	25 	SAS 	79 	2060 	15.5 	.567 	.531 	.265 	.311 	1.5 	7.2 	4.5 	24.9 	1.6 	0.5 	14.2 	17.5 	113 	102 	4.1 	2.4 	6.6 	.153
91 	Kornel David 	SF 	29 	TOT 	27 	209 	12.0 	.547 	.490 	.255 	.000 	7.8 	20.1 	13.8 	5.3 	1.5 	1.3 	16.2 	14.3 	105 	102 	0.2 	0.2 	0.4 	.102
92 	Antonio Davis 	C 	32 	TOR 	78 	2729 	16.5 	.508 	.433 	.488 	.001 	11.0 	21.7 	16.2 	6.2 	0.4 	3.9 	11.4 	19.5 	107 	102 	4.2 	3.1 	7.2 	.127
93 	Baron Davis 	PG 	21 	CHH 	82 	3192 	16.6 	.512 	.472 	.352 	.286 	4.6 	9.9 	7.3 	32.5 	2.9 	0.8 	17.0 	19.2 	105 	100 	4.2 	4.7 	8.9 	.134
94 	Dale Davis 	C 	31 	POR 	81 	2162 	15.1 	.524 	.497 	.312 	.008 	13.3 	19.9 	16.7 	7.4 	1.1 	2.6 	10.8 	13.4 	115 	101 	3.8 	2.8 	6.6 	.147
95 	Emanual Davis 	SG 	32 	SEA 	62 	1290 	11.8 	.527 	.497 	.173 	.399 	2.5 	11.2 	6.9 	16.1 	2.6 	0.7 	18.4 	14.7 	102 	105 	0.9 	0.9 	1.8 	.067
96 	Hubert Davis 	PG 	30 	TOT 	66 	1692 	10.0 	.569 	.543 	.143 	.395 	1.9 	7.3 	4.6 	10.3 	1.1 	0.0 	15.0 	14.5 	106 	109 	1.6 	0.6 	2.2 	.062
97 	Ricky Davis 	SG 	21 	MIA 	7 	70 	18.9 	.492 	.431 	.276 	.034 	1.7 	10.2 	5.9 	31.0 	3.9 	2.2 	13.3 	26.0 	100 	95 	0.1 	0.1 	0.2 	.139
98 	Terry Davis 	PF 	33 	DEN 	19 	228 	6.7 	.476 	.480 	.880 	.000 	11.3 	14.0 	12.6 	4.4 	0.2 	0.3 	12.6 	7.8 	111 	110 	0.2 	0.0 	0.2 	.051
99 	Todd Day 	SG 	31 	MIN 	31 	345 	10.1 	.515 	.483 	.195 	.585 	3.3 	9.0 	6.1 	12.2 	1.5 	1.4 	15.8 	19.9 	98 	106 	0.1 	0.2 	0.3 	.048
100 	Andrew DeClercq 	C 	27 	ORL 	67 	903 	12.8 	.570 	.554 	.425 	.000 	10.9 	18.3 	14.5 	5.6 	2.3 	2.7 	18.2 	13.7 	107 	98 	1.0 	1.4 	2.5 	.132
101 	Vinny Del Negro 	PG 	34 	TOT 	65 	922 	11.3 	.501 	.455 	.188 	.056 	1.4 	8.8 	4.9 	21.7 	1.5 	0.2 	11.8 	13.6 	107 	106 	1.0 	0.6 	1.6 	.085
102 	Tony Delk 	SG 	27 	PHO 	82 	2288 	13.4 	.490 	.444 	.255 	.182 	3.7 	9.3 	6.5 	12.1 	1.7 	0.5 	9.0 	22.0 	100 	101 	1.7 	2.9 	4.6 	.096
103 	Derrick Dial 	SG 	25 	SAS 	33 	207 	14.3 	.466 	.446 	.253 	.120 	6.9 	13.5 	10.4 	18.3 	1.0 	2.0 	11.5 	23.7 	97 	99 	0.1 	0.3 	0.4 	.091
104 	Michael Dickerson 	SG 	25 	VAN 	70 	2618 	12.4 	.501 	.459 	.265 	.225 	3.1 	6.9 	5.0 	15.8 	1.2 	0.7 	12.5 	22.7 	98 	109 	1.2 	0.7 	1.8 	.034
105 	Vlade Divac 	C 	32 	SAC 	81 	2420 	17.7 	.536 	.485 	.464 	.019 	9.5 	20.2 	15.0 	15.2 	1.8 	2.6 	17.4 	20.1 	105 	97 	3.1 	4.3 	7.4 	.147
106 	Michael Doleac 	C 	23 	ORL 	77 	1398 	9.9 	.443 	.417 	.112 	.006 	5.4 	16.5 	10.8 	7.8 	1.4 	2.2 	9.6 	19.4 	93 	102 	-0.2 	1.7 	1.5 	.050
107 	Keyon Dooling 	PG 	20 	LAC 	76 	1237 	12.6 	.509 	.448 	.494 	.221 	0.8 	7.3 	4.1 	23.7 	1.8 	0.6 	17.6 	20.0 	100 	107 	0.8 	0.7 	1.4 	.056
108 	Sherman Douglas 	PG 	34 	NJN 	59 	1094 	9.9 	.478 	.416 	.380 	.132 	2.1 	5.7 	3.9 	22.2 	1.7 	0.3 	18.3 	17.9 	94 	109 	-0.1 	0.3 	0.2 	.007
109 	Bryce Drew 	PG 	26 	CHI 	48 	1305 	7.9 	.450 	.440 	.058 	.321 	1.1 	5.4 	3.1 	24.0 	1.3 	0.2 	16.9 	14.4 	92 	112 	-0.3 	-0.1 	-0.4 	-0.015
110 	Chris Dudley 	C 	35 	PHO 	53 	613 	7.2 	.405 	.397 	.493 	.000 	11.6 	22.4 	16.9 	4.2 	1.2 	3.4 	22.6 	8.4 	90 	96 	-0.2 	1.2 	1.0 	.079
111 	Tim Duncan 	PF 	24 	SAS 	82 	3174 	23.8 	.536 	.502 	.471 	.019 	9.7 	25.1 	17.8 	15.3 	1.2 	4.2 	12.5 	28.7 	106 	94 	6.2 	7.1 	13.2 	.200
112 	Tyus Edney 	PG 	27 	IND 	24 	263 	16.6 	.490 	.390 	.429 	.066 	2.2 	7.9 	5.2 	35.7 	3.5 	0.0 	18.8 	23.6 	99 	102 	0.2 	0.3 	0.5 	.088
113 	Kevin Edwards 	SG 	35 	VAN 	46 	634 	8.3 	.414 	.344 	.312 	.112 	4.2 	10.6 	7.4 	12.9 	2.4 	0.9 	16.1 	16.6 	86 	106 	-0.6 	0.5 	-0.1 	-0.011
114 	Howard Eisley 	SG 	28 	DAL 	82 	2426 	11.7 	.507 	.472 	.187 	.399 	1.1 	7.8 	4.5 	18.2 	2.1 	0.4 	12.3 	15.6 	105 	105 	2.4 	2.0 	4.4 	.087
115 	Obinna Ekezie 	PF 	25 	TOT 	33 	281 	12.4 	.484 	.395 	.654 	.000 	12.7 	19.9 	16.2 	5.3 	0.9 	1.3 	11.8 	18.8 	103 	108 	0.3 	0.1 	0.4 	.072
116 	Khalid El-Amin 	PG 	21 	CHI 	50 	936 	12.2 	.458 	.415 	.232 	.270 	2.6 	7.9 	5.1 	27.5 	2.8 	0.2 	13.6 	19.7 	97 	108 	0.2 	0.4 	0.6 	.030
117 	Mario Elie 	SG 	37 	PHO 	68 	1506 	9.3 	.541 	.496 	.280 	.407 	2.8 	9.0 	5.8 	12.9 	2.0 	0.6 	17.8 	10.0 	105 	101 	1.1 	2.0 	3.1 	.097
118 	Sean Elliott 	SF 	32 	SAS 	52 	1229 	12.4 	.544 	.515 	.248 	.381 	1.6 	13.4 	7.8 	10.8 	1.0 	1.4 	11.9 	16.3 	106 	100 	1.3 	1.7 	3.0 	.118
119 	LaPhonso Ellis 	PF 	30 	MIN 	82 	1948 	16.0 	.524 	.470 	.333 	.034 	11.6 	17.5 	14.5 	7.5 	1.8 	2.7 	12.8 	19.6 	107 	102 	2.9 	2.3 	5.2 	.127
120 	Pervis Ellison 	C 	33 	SEA 	9 	40 	2.4 	.381 	.286 	.286 	.000 	5.8 	28.6 	17.2 	10.5 	0.0 	3.6 	27.6 	12.3 	78 	102 	-0.1 	0.0 	0.0 	-0.013
121 	Evan Eschmeyer 	C 	25 	NJN 	74 	1331 	10.8 	.512 	.460 	.510 	.000 	11.3 	20.5 	15.8 	4.7 	1.6 	3.3 	17.8 	10.1 	106 	103 	1.1 	1.5 	2.5 	.091
122 	Patrick Ewing 	C 	38 	SEA 	79 	2107 	12.9 	.478 	.430 	.367 	.003 	6.8 	25.0 	15.9 	7.0 	1.3 	3.1 	16.0 	20.3 	93 	102 	-0.5 	2.5 	2.0 	.046
123 	Jamie Feick 	C 	26 	NJN 	6 	149 	10.2 	.389 	.348 	.522 	.000 	9.0 	34.9 	21.6 	5.2 	2.8 	1.5 	19.8 	10.7 	84 	97 	-0.1 	0.3 	0.2 	.050
124 	Danny Ferry 	SF 	34 	SAS 	80 	1688 	10.1 	.577 	.568 	.080 	.416 	3.9 	10.7 	7.5 	6.8 	0.9 	0.9 	11.4 	12.2 	112 	102 	2.1 	2.0 	4.1 	.117
125 	Michael Finley 	SF 	27 	DAL 	82 	3443 	18.2 	.521 	.487 	.209 	.169 	3.6 	10.0 	6.9 	18.3 	1.8 	0.7 	10.1 	24.9 	105 	105 	5.6 	2.9 	8.5 	.119
126 	Derek Fisher 	PG 	26 	LAL 	20 	709 	14.0 	.534 	.479 	.332 	.337 	0.8 	8.5 	4.7 	18.3 	2.9 	0.2 	11.9 	15.4 	113 	105 	1.2 	0.5 	1.8 	.119
127 	Marcus Fizer 	PF 	22 	CHI 	72 	1580 	11.0 	.476 	.438 	.249 	.060 	5.5 	18.5 	11.8 	9.4 	1.0 	0.9 	14.7 	24.7 	89 	108 	-1.3 	0.6 	-0.7 	-0.022
128 	Danny Fortson 	PF 	24 	GSW 	6 	203 	24.4 	.678 	.580 	1.080 	.000 	14.0 	39.3 	25.6 	4.1 	0.5 	0.0 	11.9 	17.4 	134 	104 	0.9 	0.2 	1.1 	.258
129 	Greg Foster 	C 	32 	LAL 	62 	451 	9.5 	.449 	.432 	.105 	.068 	7.3 	20.6 	14.0 	10.8 	1.0 	1.9 	15.2 	16.3 	94 	104 	0.0 	0.4 	0.4 	.044
130 	Jeff Foster 	C 	24 	IND 	71 	1152 	12.5 	.492 	.474 	.427 	.033 	14.6 	23.4 	19.1 	4.6 	1.8 	1.7 	17.0 	12.4 	103 	98 	0.8 	1.9 	2.7 	.113
131 	Rick Fox 	SF 	31 	LAL 	82 	2291 	13.8 	.562 	.536 	.189 	.464 	4.0 	11.9 	8.0 	17.4 	1.6 	0.9 	16.3 	16.3 	110 	106 	3.7 	1.4 	5.1 	.107
132 	Adonal Foyle 	C 	25 	GSW 	58 	1457 	12.4 	.422 	.416 	.181 	.000 	10.5 	19.7 	14.7 	5.2 	1.1 	7.6 	16.3 	14.0 	89 	103 	-0.8 	1.5 	0.7 	.022
133 	Steve Francis 	PG 	23 	HOU 	80 	3194 	21.6 	.563 	.506 	.359 	.276 	7.1 	12.8 	10.0 	28.4 	2.3 	0.7 	15.8 	24.2 	113 	104 	9.2 	3.0 	12.2 	.184
134 	Todd Fuller 	C 	26 	MIA 	10 	77 	9.3 	.363 	.286 	.229 	.000 	10.8 	17.0 	13.9 	2.4 	2.1 	2.0 	7.2 	26.1 	83 	96 	-0.1 	0.1 	0.0 	-0.002
135 	Lawrence Funderburke 	PF 	30 	SAC 	59 	698 	16.1 	.522 	.496 	.318 	.000 	11.7 	18.3 	15.1 	4.0 	0.7 	1.2 	10.4 	19.5 	107 	101 	1.0 	0.9 	1.9 	.129
136 	Ruben Garces 	PF 	27 	TOT 	13 	73 	9.7 	.313 	.318 	.364 	.000 	23.7 	20.6 	22.2 	10.5 	2.1 	2.0 	16.4 	18.4 	82 	97 	-0.1 	0.1 	0.0 	.009
137 	Chris Garner 	PG 	25 	GSW 	8 	149 	1.0 	.240 	.189 	.162 	.189 	1.3 	7.8 	4.3 	17.4 	2.4 	0.5 	18.5 	13.8 	62 	109 	-0.4 	0.0 	-0.4 	-0.123
138 	Kevin Garnett 	PF 	24 	MIN 	81 	3202 	23.9 	.531 	.484 	.317 	.045 	7.7 	25.3 	16.4 	21.8 	1.8 	3.2 	12.0 	27.0 	108 	99 	7.0 	4.8 	11.8 	.176
139 	Dean Garrett 	C 	34 	MIN 	70 	831 	12.5 	.511 	.481 	.250 	.000 	8.8 	21.1 	14.9 	4.1 	1.6 	4.2 	12.6 	10.8 	107 	100 	0.7 	1.2 	1.9 	.109
140 	Pat Garrity 	SF 	24 	ORL 	76 	1579 	10.1 	.507 	.471 	.170 	.389 	3.5 	11.4 	7.4 	5.3 	1.3 	0.7 	9.9 	19.2 	101 	104 	1.2 	1.3 	2.5 	.076
141 	Chris Gatling 	PF 	33 	CLE 	74 	1670 	15.6 	.505 	.468 	.311 	.126 	6.9 	20.2 	13.6 	6.9 	1.6 	1.2 	12.5 	25.8 	98 	104 	0.8 	1.6 	2.4 	.068
142 	Matt Geiger 	C 	31 	PHI 	35 	542 	11.5 	.430 	.393 	.241 	.009 	10.6 	18.2 	14.5 	4.5 	1.2 	1.1 	9.2 	22.8 	94 	99 	-0.1 	0.8 	0.7 	.065
143 	Devean George 	SF 	23 	LAL 	59 	593 	6.2 	.394 	.345 	.266 	.329 	6.7 	14.1 	10.5 	4.8 	1.3 	1.8 	12.8 	20.0 	85 	105 	-0.7 	0.4 	-0.3 	-0.023
144 	Eddie Gill 	PG 	22 	NJN 	8 	152 	8.9 	.451 	.427 	.122 	.220 	0.0 	7.0 	3.4 	26.3 	1.4 	0.5 	18.8 	15.9 	91 	109 	-0.1 	0.0 	0.0 	-0.010
145 	Kendall Gill 	SG 	32 	NJN 	31 	892 	10.1 	.390 	.337 	.279 	.043 	4.0 	13.1 	8.4 	16.7 	2.8 	0.6 	11.7 	20.9 	85 	105 	-1.1 	0.8 	-0.4 	-0.021
146 	Dion Glover 	SG 	22 	ATL 	57 	929 	12.3 	.461 	.433 	.205 	.137 	4.7 	11.1 	7.9 	12.9 	2.8 	0.8 	12.8 	20.2 	94 	104 	-0.1 	0.9 	0.8 	.040
147 	Anthony Goldwire 	PG 	29 	DEN 	20 	201 	12.6 	.469 	.431 	.213 	.425 	0.5 	6.0 	3.2 	28.0 	2.3 	0.0 	14.6 	22.7 	96 	109 	0.0 	0.1 	0.1 	.023
148 	Steve Goodrich 	PF 	24 	CHI 	12 	133 	4.1 	.451 	.417 	.389 	.167 	6.0 	13.0 	9.4 	7.1 	0.8 	0.6 	27.5 	10.2 	82 	110 	-0.1 	0.0 	-0.1 	-0.038
149 	Brian Grant 	C 	28 	MIA 	82 	2771 	17.5 	.536 	.479 	.350 	.001 	9.3 	21.5 	15.4 	7.2 	1.2 	2.0 	12.7 	23.4 	104 	97 	3.7 	5.0 	8.7 	.151
150 	Gary Grant 	PG 	35 	POR 	4 	17 	22.8 	.714 	.714 	.000 	.000 	0.0 	0.0 	0.0 	12.6 	0.0 	0.0 	0.0 	19.1 	142 	112 	0.1 	0.0 	0.1 	.209
151 	Horace Grant 	PF 	35 	LAL 	77 	2390 	14.3 	.511 	.462 	.297 	.005 	10.5 	15.2 	12.9 	7.5 	1.1 	1.8 	6.9 	12.9 	119 	106 	4.8 	1.7 	6.5 	.130
152 	A.C. Green 	PF 	37 	MIA 	82 	1411 	11.2 	.492 	.444 	.343 	.019 	9.0 	17.3 	13.2 	4.8 	1.2 	0.4 	10.8 	14.4 	104 	99 	1.1 	2.1 	3.2 	.110
153 	Adrian Griffin 	SF 	26 	BOS 	44 	377 	10.5 	.432 	.387 	.247 	.268 	8.0 	19.4 	13.5 	11.7 	2.5 	1.0 	14.3 	15.1 	94 	102 	0.0 	0.5 	0.4 	.056
154 	Tom Gugliotta 	PF 	31 	PHO 	57 	1159 	11.1 	.437 	.396 	.203 	.032 	7.3 	17.8 	12.5 	7.7 	2.1 	1.3 	11.0 	17.9 	93 	97 	-0.3 	2.0 	1.8 	.073
155 	A.J. Guyton 	PG 	22 	CHI 	33 	630 	10.3 	.495 	.477 	.094 	.359 	1.8 	5.1 	3.4 	18.1 	0.8 	0.6 	10.7 	16.5 	101 	113 	0.4 	-0.1 	0.3 	.020
156 	Darvin Ham 	SF 	27 	MIL 	29 	540 	10.1 	.537 	.500 	.613 	.038 	11.8 	13.6 	12.7 	6.5 	1.6 	2.9 	24.5 	11.3 	104 	104 	0.4 	0.5 	0.9 	.079
157 	Richard Hamilton 	SF 	22 	WAS 	78 	2519 	15.7 	.508 	.454 	.255 	.117 	3.4 	7.7 	5.5 	17.7 	1.5 	0.3 	12.6 	28.1 	100 	111 	2.3 	0.1 	2.4 	.046
158 	Zendon Hamilton 	C 	25 	LAC 	3 	19 	5.7 	.359 	.222 	.889 	.000 	18.6 	29.3 	24.1 	0.0 	0.0 	0.0 	13.8 	35.3 	79 	103 	-0.1 	0.0 	0.0 	-0.119
159 	Tom Hammonds 	PF 	33 	MIN 	7 	30 	-4.9 	.322 	.300 	.200 	.000 	7.5 	7.7 	7.6 	4.8 	0.0 	0.0 	21.6 	20.9 	64 	110 	-0.1 	0.0 	-0.1 	-0.187
160 	Anfernee Hardaway 	SG 	29 	PHO 	4 	112 	16.6 	.477 	.444 	.306 	.222 	5.0 	13.4 	9.1 	22.0 	2.8 	0.6 	6.8 	17.5 	109 	98 	0.2 	0.2 	0.4 	.155
161 	Tim Hardaway 	PG 	34 	MIA 	77 	2613 	16.7 	.513 	.482 	.174 	.496 	1.2 	8.1 	4.6 	35.5 	1.9 	0.2 	14.4 	24.3 	102 	101 	3.1 	3.3 	6.4 	.118
162 	Ron Harper 	PG 	37 	LAL 	47 	1139 	12.5 	.525 	.504 	.177 	.266 	4.6 	11.8 	8.2 	14.8 	1.8 	1.5 	17.5 	13.9 	104 	105 	1.0 	0.8 	1.8 	.077
163 	Matt Harpring 	SG 	24 	CLE 	56 	1615 	13.3 	.522 	.467 	.315 	.099 	6.5 	10.9 	8.7 	10.9 	1.4 	0.8 	13.1 	19.2 	104 	107 	1.8 	0.8 	2.6 	.077
164 	Al Harrington 	PF 	20 	IND 	78 	1892 	10.2 	.479 	.445 	.289 	.013 	7.4 	15.2 	11.4 	11.8 	1.8 	0.7 	19.5 	18.8 	91 	102 	-1.0 	2.2 	1.2 	.031
165 	Othella Harrington 	C 	27 	TOT 	74 	1815 	12.0 	.549 	.487 	.442 	.006 	9.0 	15.7 	12.4 	5.3 	1.0 	1.8 	19.3 	19.2 	98 	104 	0.8 	1.7 	2.5 	.067
166 	Lucious Harris 	SG 	30 	NJN 	73 	2071 	12.9 	.498 	.462 	.223 	.212 	3.8 	12.4 	8.0 	11.3 	1.9 	0.6 	8.5 	16.4 	104 	107 	2.0 	1.2 	3.1 	.073
167 	Jason Hart 	PG 	22 	MIL 	1 	10 	1.7 	1.000 	1.000 	.000 	.000 	0.0 	0.0 	0.0 	14.6 	0.0 	0.0 	66.7 	13.6 	64 	114 	0.0 	0.0 	0.0 	-0.159
168 	Antonio Harvey 	PF 	30 	POR 	12 	72 	17.0 	.506 	.464 	.214 	.000 	8.6 	14.4 	11.6 	9.6 	0.7 	6.2 	8.9 	21.7 	106 	101 	0.1 	0.1 	0.2 	.135
169 	Donnell Harvey 	PF 	20 	DAL 	18 	65 	9.8 	.523 	.571 	1.143 	.000 	10.6 	23.4 	17.2 	4.7 	2.4 	1.1 	25.0 	19.6 	88 	98 	-0.1 	0.1 	0.1 	.039
170 	Hersey Hawkins 	SG 	34 	CHH 	59 	681 	14.3 	.555 	.471 	.460 	.336 	2.9 	10.5 	6.7 	17.0 	2.6 	1.0 	10.3 	12.4 	120 	100 	1.4 	1.0 	2.3 	.165
171 	Michael Hawkins 	PG 	28 	CLE 	10 	76 	3.7 	.444 	.444 	.000 	.444 	3.1 	4.6 	3.8 	24.8 	1.4 	0.0 	40.0 	8.9 	85 	110 	0.0 	0.0 	0.0 	-0.022
172 	Alan Henderson 	PF 	28 	ATL 	73 	1810 	14.0 	.487 	.444 	.404 	.001 	11.0 	14.0 	12.5 	4.9 	1.5 	1.1 	13.8 	22.6 	97 	105 	0.5 	1.4 	1.9 	.050
173 	Cedric Henderson 	SF 	25 	CLE 	55 	961 	6.2 	.416 	.391 	.176 	.031 	2.3 	8.5 	5.4 	13.2 	1.6 	1.7 	18.2 	16.2 	82 	107 	-1.3 	0.5 	-0.7 	-0.037
174 	Chris Herren 	PG 	25 	BOS 	25 	408 	6.1 	.410 	.385 	.125 	.573 	1.1 	5.1 	3.0 	21.9 	1.8 	0.0 	16.5 	13.5 	90 	108 	-0.2 	0.2 	0.0 	.001
175 	Grant Hill 	SF 	28 	ORL 	4 	133 	18.1 	.505 	.453 	.605 	.023 	6.5 	14.5 	10.4 	30.7 	1.9 	1.1 	16.8 	21.8 	105 	102 	0.2 	0.2 	0.3 	.126
176 	Tyrone Hill 	PF 	32 	PHI 	76 	2363 	12.4 	.515 	.474 	.465 	.002 	11.7 	21.0 	16.4 	3.3 	0.8 	0.8 	15.2 	16.0 	103 	99 	2.0 	3.5 	5.5 	.111
177 	Fred Hoiberg 	SG 	28 	CHI 	74 	2247 	15.3 	.597 	.542 	.317 	.505 	1.1 	15.8 	8.1 	19.9 	2.3 	0.4 	11.6 	13.2 	119 	107 	4.6 	1.3 	5.9 	.126
178 	Robert Horry 	PF 	30 	LAL 	79 	1587 	11.0 	.489 	.458 	.218 	.411 	6.7 	14.3 	10.5 	11.7 	1.8 	2.4 	15.9 	14.0 	103 	104 	1.1 	1.5 	2.6 	.078
179 	Eddie House 	PG 	22 	MIA 	50 	550 	11.6 	.478 	.460 	.142 	.223 	1.1 	8.0 	4.5 	19.4 	1.3 	0.0 	11.8 	26.2 	92 	102 	-0.2 	0.6 	0.4 	.035
180 	Allan Houston 	SG 	29 	NYK 	78 	2858 	16.1 	.543 	.488 	.254 	.209 	0.9 	10.8 	6.0 	12.0 	1.0 	0.3 	10.7 	25.7 	104 	102 	4.1 	3.5 	7.5 	.126
181 	Juwan Howard 	PF 	27 	TOT 	81 	2974 	16.0 	.527 	.479 	.314 	.002 	6.6 	15.6 	11.1 	13.9 	1.3 	0.9 	14.9 	24.6 	101 	107 	2.8 	1.6 	4.4 	.071
182 	Troy Hudson 	PG 	24 	ORL 	75 	1008 	10.2 	.427 	.366 	.280 	.293 	4.1 	7.6 	5.8 	25.5 	1.9 	0.2 	18.0 	22.4 	90 	105 	-0.7 	0.8 	0.1 	.003
183 	Larry Hughes 	SG 	22 	GSW 	50 	1846 	13.9 	.449 	.391 	.313 	.093 	4.0 	12.5 	7.9 	21.0 	2.7 	1.1 	14.2 	24.4 	93 	107 	-0.4 	1.1 	0.6 	.017
184 	Lindsey Hunter 	PG 	30 	MIL 	82 	2002 	14.8 	.500 	.478 	.123 	.520 	1.8 	7.7 	4.8 	17.4 	2.7 	0.4 	7.6 	20.2 	108 	106 	3.1 	1.4 	4.6 	.109
185 	Zydrunas Ilgauskas 	C 	25 	CLE 	24 	616 	16.0 	.524 	.487 	.333 	.009 	12.3 	17.8 	15.0 	5.4 	1.3 	4.4 	18.3 	24.1 	96 	103 	0.1 	0.7 	0.7 	.056
186 	Allen Iverson 	SG 	25 	PHI 	71 	2979 	24.0 	.518 	.447 	.397 	.169 	1.9 	8.3 	5.2 	23.0 	3.2 	0.5 	10.0 	35.9 	106 	99 	7.3 	4.5 	11.8 	.190
187 	Bobby Jackson 	PG 	27 	SAC 	79 	1648 	13.1 	.501 	.476 	.167 	.198 	5.0 	11.0 	8.0 	15.3 	2.7 	0.3 	15.4 	17.9 	99 	100 	0.9 	2.3 	3.1 	.091
188 	Jaren Jackson 	SG 	33 	SAS 	16 	114 	10.4 	.477 	.488 	.050 	.450 	1.0 	10.4 	6.0 	10.5 	2.4 	0.0 	6.8 	18.1 	98 	99 	0.0 	0.2 	0.2 	.087
189 	Jim Jackson 	SF 	30 	TOT 	56 	1690 	10.7 	.455 	.399 	.267 	.127 	3.6 	11.6 	7.6 	16.4 	1.6 	0.4 	15.5 	22.3 	91 	107 	-0.8 	1.0 	0.1 	.003
190 	Marc Jackson 	C 	26 	GSW 	48 	1410 	16.1 	.534 	.471 	.378 	.045 	8.3 	19.8 	13.6 	7.3 	1.2 	1.4 	13.6 	20.5 	105 	107 	1.9 	0.7 	2.6 	.089
191 	Mark Jackson 	PG 	35 	TOT 	83 	2588 	14.9 	.506 	.479 	.160 	.355 	2.8 	10.9 	6.8 	39.3 	1.7 	0.2 	21.9 	14.2 	108 	104 	3.6 	2.3 	5.9 	.110
192 	Stephen Jackson 	SF 	22 	NJN 	77 	1660 	12.1 	.503 	.470 	.236 	.271 	2.8 	11.9 	7.2 	15.1 	2.7 	0.6 	17.1 	20.8 	93 	105 	-0.4 	1.3 	0.9 	.026
193 	Sam Jacobson 	PG 	25 	MIN 	14 	59 	10.7 	.518 	.500 	.167 	.000 	5.8 	5.9 	5.8 	10.6 	2.7 	0.0 	0.0 	14.8 	120 	105 	0.1 	0.0 	0.2 	.147
194 	Tim James 	SF 	24 	CHH 	30 	197 	5.8 	.387 	.317 	.269 	.058 	8.7 	11.5 	10.1 	6.5 	0.5 	1.9 	12.1 	15.5 	89 	103 	-0.1 	0.2 	0.1 	.022
195 	Antawn Jamison 	SF 	24 	GSW 	82 	3394 	19.0 	.499 	.459 	.295 	.113 	8.1 	14.8 	11.2 	9.5 	1.7 	0.6 	8.9 	27.9 	104 	108 	5.4 	1.3 	6.7 	.094
196 	Anthony Johnson 	PG 	26 	TOT 	53 	511 	8.1 	.390 	.352 	.217 	.033 	2.2 	7.6 	4.9 	24.5 	2.4 	0.8 	17.0 	17.6 	86 	106 	-0.5 	0.3 	-0.2 	-0.019
197 	Avery Johnson 	PG 	35 	SAS 	55 	1290 	11.5 	.475 	.448 	.200 	.020 	1.9 	5.3 	3.7 	29.5 	1.4 	0.2 	15.5 	14.1 	105 	103 	1.3 	1.3 	2.6 	.098
198 	DerMarr Johnson 	SF 	20 	ATL 	78 	1313 	8.4 	.463 	.427 	.223 	.326 	4.7 	10.4 	7.6 	7.9 	1.7 	1.6 	17.8 	17.7 	88 	106 	-0.9 	0.9 	0.0 	.000
199 	Ervin Johnson 	C 	33 	MIL 	82 	1981 	11.2 	.557 	.545 	.470 	.000 	11.8 	23.2 	17.5 	2.8 	1.2 	3.6 	16.4 	6.5 	122 	101 	2.6 	2.5 	5.1 	.123
200 	Larry Johnson 	PF 	31 	NYK 	65 	2105 	11.2 	.493 	.454 	.214 	.273 	5.3 	15.2 	10.4 	10.5 	1.0 	1.1 	12.9 	17.4 	99 	99 	1.0 	3.1 	4.1 	.093
201 	Damon Jones 	PG 	24 	VAN 	71 	1415 	13.0 	.525 	.510 	.125 	.555 	1.3 	8.7 	5.0 	26.2 	1.3 	0.0 	14.8 	16.6 	104 	109 	1.4 	0.4 	1.8 	.062
202 	Eddie Jones 	SG 	29 	MIA 	63 	2282 	18.8 	.553 	.497 	.310 	.273 	3.9 	11.3 	7.6 	14.8 	2.7 	2.0 	12.0 	23.9 	106 	97 	3.9 	4.0 	7.9 	.166
203 	Jumaine Jones 	SF 	21 	PHI 	65 	866 	14.2 	.510 	.480 	.193 	.218 	8.4 	16.1 	12.3 	6.3 	1.8 	1.3 	11.6 	17.6 	104 	99 	0.9 	1.4 	2.3 	.125
204 	Popeye Jones 	PF 	30 	WAS 	45 	638 	13.1 	.457 	.395 	.359 	.039 	14.9 	25.6 	20.2 	7.8 	1.5 	0.9 	10.6 	13.8 	108 	105 	0.8 	0.5 	1.2 	.094
205 	Garth Joseph 	C 	27 	TOT 	4 	16 	-5.0 	.170 	.200 	.400 	.000 	13.7 	0.0 	7.0 	9.8 	0.0 	4.3 	25.4 	22.0 	45 	111 	-0.1 	0.0 	-0.1 	-0.345
206 	Adam Keefe 	PF 	30 	GSW 	67 	836 	9.7 	.450 	.406 	.396 	.019 	10.5 	16.4 	13.3 	6.5 	1.7 	1.7 	17.6 	11.5 	96 	107 	0.1 	0.5 	0.6 	.032
207 	Shawn Kemp 	PF 	31 	POR 	68 	1083 	11.4 	.469 	.412 	.317 	.027 	7.2 	20.9 	14.3 	9.9 	2.2 	1.6 	17.4 	24.5 	90 	99 	-0.8 	1.7 	0.9 	.041
208 	Steve Kerr 	PG 	35 	SAS 	55 	650 	10.6 	.546 	.525 	.094 	.484 	1.1 	4.8 	3.0 	14.1 	1.3 	0.1 	11.3 	13.5 	110 	104 	0.8 	0.6 	1.5 	.108
209 	Jerome Kersey 	SF 	38 	MIL 	22 	243 	12.9 	.473 	.464 	.232 	.014 	3.8 	17.1 	10.5 	9.4 	3.0 	2.4 	7.3 	15.3 	102 	100 	0.2 	0.3 	0.5 	.101
210 	Lari Ketner 	PF 	23 	IND 	3 	7 	-10.6 	0.0	0.0	0.0	0.0	0.0 	0.0 	0.0 	20.2 	0.0 	0.0 	100.0 	13.3 	21 	112 	-0.1 	0.0 	-0.1 	-0.383
211 	Jason Kidd 	PG 	27 	PHO 	77 	3065 	19.4 	.510 	.443 	.367 	.211 	3.3 	15.2 	9.1 	41.2 	2.8 	0.5 	18.3 	22.7 	104 	97 	4.2 	5.4 	9.6 	.150
212 	Gerard King 	SF 	28 	WAS 	45 	706 	10.1 	.552 	.511 	.256 	.000 	6.3 	15.2 	10.7 	7.4 	1.0 	1.1 	19.4 	15.3 	100 	109 	0.3 	0.2 	0.5 	.035
213 	Brevin Knight 	PG 	25 	TOT 	53 	1457 	12.5 	.416 	.376 	.178 	.027 	1.8 	11.2 	6.4 	33.7 	3.6 	0.2 	18.5 	15.1 	95 	102 	0.0 	1.6 	1.6 	.054
214 	Travis Knight 	C 	26 	NYK 	45 	256 	0.9 	.238 	.189 	.340 	.019 	9.3 	15.6 	12.5 	3.0 	1.1 	3.5 	14.1 	13.5 	63 	97 	-0.7 	0.5 	-0.3 	-0.049
215 	Toni Kukoc 	SF 	32 	TOT 	65 	1597 	17.8 	.553 	.533 	.275 	.270 	4.7 	13.5 	9.1 	22.7 	1.6 	0.5 	14.5 	21.5 	108 	103 	2.9 	1.7 	4.7 	.140
216 	Christian Laettner 	C-PF 	31 	TOT 	78 	1663 	17.0 	.568 	.506 	.370 	.024 	8.1 	16.9 	12.5 	12.7 	2.2 	2.0 	17.6 	21.1 	106 	102 	2.5 	1.8 	4.3 	.124
217 	Raef LaFrentz 	C 	24 	DEN 	78 	2457 	17.6 	.544 	.508 	.323 	.171 	7.6 	19.4 	13.4 	7.3 	0.8 	5.8 	9.5 	18.6 	110 	103 	4.3 	2.5 	6.8 	.132
218 	Trajan Langdon 	SG 	24 	CLE 	65 	1116 	11.8 	.561 	.513 	.243 	.396 	1.2 	8.0 	4.6 	11.9 	1.8 	0.6 	13.1 	16.1 	109 	108 	1.5 	0.5 	2.0 	.086
219 	Dan Langhi 	SF 	23 	HOU 	33 	241 	9.4 	.403 	.374 	.293 	.010 	6.4 	13.1 	9.8 	2.8 	1.5 	0.3 	6.7 	22.9 	87 	106 	-0.2 	0.2 	-0.1 	-0.014
220 	Voshon Lenard 	SG 	27 	DEN 	80 	2331 	13.2 	.522 	.484 	.227 	.452 	2.2 	8.7 	5.4 	13.4 	1.4 	0.5 	9.9 	19.7 	105 	109 	2.9 	0.6 	3.5 	.072
221 	Quincy Lewis 	SF 	23 	UTA 	35 	402 	7.1 	.469 	.443 	.171 	.203 	4.4 	10.0 	7.2 	7.2 	1.3 	2.0 	11.4 	17.1 	95 	105 	0.0 	0.3 	0.3 	.041
222 	Rashard Lewis 	PF 	21 	SEA 	78 	2720 	17.3 	.587 	.550 	.240 	.321 	6.1 	16.7 	11.4 	7.6 	1.8 	1.2 	11.6 	18.4 	114 	105 	5.9 	2.1 	8.0 	.142
223 	Randy Livingston 	PG 	25 	GSW 	2 	7 	-3.7 	.000 	.000 	.000 	.500 	0.0 	16.5 	7.6 	19.2 	0.0 	0.0 	0.0 	12.1 	28 	112 	0.0 	0.0 	0.0 	-0.222
224 	Art Long 	SF 	28 	SAC 	9 	20 	-3.6 	.000 	.000 	.500 	.000 	11.1 	31.5 	21.5 	6.4 	0.0 	10.0 	29.1 	15.2 	27 	91 	-0.1 	0.1 	-0.1 	-0.214
225 	Grant Long 	PF 	34 	VAN 	66 	1507 	11.4 	.510 	.445 	.492 	.047 	5.8 	14.9 	10.4 	8.7 	2.5 	0.7 	13.8 	13.6 	103 	104 	1.0 	1.4 	2.4 	.078
226 	Luc Longley 	C 	32 	NYK 	25 	301 	3.7 	.399 	.333 	.315 	.000 	10.8 	15.6 	13.3 	3.7 	0.6 	2.4 	26.4 	13.6 	78 	99 	-0.5 	0.5 	0.0 	.000
227 	Felipe Lopez 	SG-PG 	26 	TOT 	70 	1565 	12.5 	.503 	.461 	.326 	.109 	4.0 	13.5 	8.7 	11.3 	2.1 	1.4 	13.2 	18.0 	100 	106 	0.9 	1.0 	1.9 	.057
228 	Tyronn Lue 	PG 	23 	LAL 	38 	468 	8.7 	.510 	.474 	.205 	.291 	1.2 	6.4 	3.9 	14.3 	2.1 	0.0 	17.5 	14.8 	99 	108 	0.2 	0.2 	0.4 	.042
229 	George Lynch 	SF 	30 	PHI 	82 	2649 	12.4 	.496 	.457 	.278 	.093 	8.7 	16.3 	12.6 	8.4 	2.0 	0.8 	13.6 	13.7 	105 	99 	2.3 	4.2 	6.5 	.118
230 	Todd MacCulloch 	C 	25 	PHI 	63 	597 	18.3 	.607 	.589 	.357 	.000 	13.3 	18.4 	15.9 	3.1 	0.6 	2.3 	11.2 	18.3 	119 	100 	1.6 	0.9 	2.5 	.199
231 	Don MacLean 	SF 	31 	MIA 	8 	76 	16.3 	.613 	.550 	.600 	.100 	11.0 	17.2 	14.1 	9.6 	3.6 	1.0 	28.3 	22.5 	97 	94 	0.0 	0.2 	0.2 	.120
232 	Mark Madsen 	PF 	25 	LAL 	70 	641 	9.2 	.530 	.491 	.327 	.009 	13.2 	13.6 	13.4 	5.4 	0.7 	0.9 	17.3 	10.9 	112 	107 	0.8 	0.3 	1.1 	.085
233 	Corey Maggette 	SF 	21 	LAC 	69 	1359 	18.2 	.562 	.479 	.591 	.115 	7.6 	16.6 	12.3 	10.8 	1.4 	0.5 	14.7 	24.5 	108 	105 	2.7 	1.1 	3.9 	.137
234 	Jamaal Magloire 	C 	22 	CHH 	74 	1095 	13.4 	.506 	.450 	.535 	.007 	10.8 	19.9 	15.4 	4.2 	0.9 	5.2 	15.4 	16.7 	100 	97 	0.6 	2.0 	2.6 	.114
235 	Dan Majerle 	SG 	35 	MIA 	53 	1306 	9.4 	.480 	.446 	.170 	.699 	1.8 	13.3 	7.6 	11.0 	2.2 	0.9 	11.2 	11.6 	100 	98 	0.5 	2.1 	2.6 	.097
236 	Karl Malone 	PF 	37 	UTA 	81 	2895 	24.7 	.572 	.499 	.503 	.004 	5.0 	23.3 	14.3 	24.1 	1.7 	1.7 	12.9 	30.0 	112 	100 	9.1 	4.0 	13.1 	.217
237 	Matt Maloney 	PG 	29 	ATL 	55 	1403 	10.4 	.508 	.493 	.098 	.408 	1.1 	8.2 	4.6 	17.6 	2.1 	0.3 	16.2 	13.8 	100 	107 	0.7 	0.8 	1.5 	.053
238 	Danny Manning 	PF 	34 	UTA 	82 	1305 	14.3 	.537 	.501 	.280 	.056 	6.4 	13.8 	10.2 	12.6 	1.9 	1.8 	14.6 	23.2 	101 	102 	1.2 	1.4 	2.6 	.097
239 	Stephon Marbury 	PG 	23 	NJN 	67 	2557 	22.7 	.540 	.484 	.359 	.262 	2.3 	7.0 	4.6 	40.8 	1.6 	0.1 	11.8 	29.7 	110 	109 	7.2 	0.7 	7.8 	.147
240 	Shawn Marion 	SF 	22 	PHO 	79 	2857 	21.0 	.532 	.489 	.249 	.071 	8.6 	25.4 	16.8 	10.2 	2.4 	2.7 	9.1 	22.1 	109 	93 	5.3 	6.4 	11.7 	.196
241 	Donyell Marshall 	SF 	27 	UTA 	81 	2326 	19.9 	.568 	.527 	.322 	.151 	9.4 	20.6 	15.1 	10.1 	2.0 	2.7 	11.7 	21.7 	112 	100 	5.1 	3.3 	8.5 	.174
242 	Darrick Martin 	PG 	29 	SAC 	31 	176 	17.0 	.563 	.474 	.461 	.355 	1.3 	8.3 	4.9 	12.9 	2.0 	0.0 	9.9 	25.4 	113 	103 	0.5 	0.2 	0.7 	.182
243 	Kenyon Martin 	PF 	23 	NJN 	68 	2272 	13.4 	.472 	.446 	.247 	.014 	6.7 	19.0 	12.7 	10.4 	1.8 	3.7 	13.8 	19.9 	93 	102 	-0.4 	2.5 	2.1 	.044
244 	Jamal Mashburn 	SF 	28 	CHH 	76 	2989 	17.5 	.493 	.450 	.262 	.208 	3.5 	18.4 	11.0 	26.8 	1.5 	0.3 	12.0 	27.1 	101 	100 	3.1 	4.2 	7.3 	.118
245 	Anthony Mason 	PF 	34 	MIA 	80 	3254 	17.4 	.555 	.482 	.497 	.000 	6.2 	21.9 	14.1 	14.2 	1.4 	0.6 	13.3 	20.0 	109 	98 	6.0 	5.6 	11.6 	.171
246 	Desmond Mason 	SF 	23 	SEA 	78 	1522 	10.5 	.483 	.451 	.207 	.153 	5.5 	13.3 	9.4 	6.5 	1.3 	1.0 	10.0 	15.8 	101 	107 	1.0 	0.8 	1.7 	.055
247 	Tony Massenburg 	PF 	33 	VAN 	52 	823 	9.6 	.507 	.462 	.352 	.000 	10.5 	18.6 	14.6 	1.8 	0.6 	2.4 	17.3 	15.4 	96 	105 	0.1 	0.6 	0.7 	.041
248 	Vernon Maxwell 	PG 	35 	TOT 	43 	660 	6.7 	.424 	.404 	.143 	.498 	0.7 	10.3 	5.6 	11.6 	1.7 	0.3 	12.9 	18.7 	86 	103 	-0.6 	0.7 	0.0 	.003
249 	Walter McCarty 	PF 	26 	BOS 	60 	478 	9.2 	.474 	.433 	.222 	.444 	5.6 	14.5 	9.9 	13.5 	1.5 	1.1 	12.6 	15.0 	101 	105 	0.3 	0.4 	0.7 	.067
250 	Dan McClintock 	C 	23 	DEN 	6 	58 	9.9 	.446 	.500 	.278 	.000 	18.5 	13.3 	15.9 	2.9 	0.0 	2.4 	12.9 	17.8 	94 	109 	0.0 	0.0 	0.0 	.007
251 	George McCloud 	SF 	33 	DEN 	76 	2007 	12.9 	.496 	.440 	.276 	.357 	2.9 	9.3 	6.1 	22.1 	1.4 	0.9 	13.7 	18.9 	103 	109 	2.0 	0.6 	2.6 	.062
252 	Jelani McCoy 	C 	23 	SEA 	70 	1143 	11.1 	.520 	.523 	.352 	.000 	9.3 	15.9 	12.6 	7.7 	0.8 	3.1 	19.7 	15.0 	97 	106 	0.3 	0.8 	1.1 	.045
253 	Antonio McDyess 	PF 	26 	DEN 	70 	2555 	22.0 	.538 	.495 	.373 	.000 	10.1 	26.1 	18.0 	10.8 	0.9 	2.7 	10.7 	26.5 	107 	103 	5.2 	2.6 	7.8 	.146
254 	Tracy McGrady 	SG 	21 	ORL 	77 	3087 	24.9 	.521 	.474 	.340 	.096 	6.7 	14.3 	10.4 	22.8 	1.9 	2.8 	9.1 	31.2 	109 	101 	8.3 	3.9 	12.2 	.189
255 	Jim McIlvaine 	C 	28 	NJN 	18 	193 	6.2 	.421 	.357 	.429 	.000 	4.6 	16.5 	10.4 	3.2 	1.9 	5.8 	21.3 	9.9 	81 	101 	-0.2 	0.2 	0.1 	.015
256 	Jeff McInnis 	PG 	26 	LAC 	81 	2831 	15.6 	.521 	.491 	.173 	.154 	1.7 	7.0 	4.4 	27.7 	1.4 	0.2 	10.1 	18.2 	112 	108 	5.8 	1.1 	6.9 	.117
257 	Derrick McKey 	SF 	34 	IND 	66 	987 	8.3 	.490 	.456 	.199 	.147 	5.8 	14.1 	10.1 	11.6 	2.6 	0.9 	24.1 	9.2 	97 	101 	0.1 	1.3 	1.4 	.070
258 	Aaron McKie 	SG 	28 	PHI 	76 	2394 	15.1 	.549 	.511 	.272 	.238 	1.6 	12.9 	7.3 	26.7 	2.3 	0.2 	20.3 	18.9 	103 	100 	2.3 	3.5 	5.9 	.118
259 	Roshown McLeod 	SF 	25 	TOT 	35 	922 	10.5 	.475 	.440 	.154 	.066 	4.6 	10.0 	7.3 	11.0 	1.3 	0.6 	14.1 	20.0 	94 	107 	-0.1 	0.5 	0.4 	.019
260 	Paul McPherson 	PG 	22 	TOT 	55 	595 	13.6 	.542 	.509 	.269 	.056 	7.0 	7.6 	7.3 	11.6 	2.2 	0.5 	16.3 	21.0 	100 	105 	0.4 	0.5 	0.9 	.074
261 	Stanislav Medvedenko 	PF 	21 	LAL 	7 	39 	21.8 	.528 	.500 	.480 	.040 	2.9 	22.9 	13.0 	10.8 	1.3 	1.8 	9.0 	38.2 	102 	102 	0.1 	0.0 	0.1 	.126
262 	Ron Mercer 	SG 	24 	CHI 	61 	2535 	14.8 	.492 	.452 	.203 	.041 	3.2 	8.0 	5.5 	16.2 	1.7 	0.8 	9.6 	24.8 	99 	110 	1.5 	0.4 	1.8 	.035
263 	Chris Mihm 	C 	21 	CLE 	59 	1166 	12.6 	.500 	.442 	.322 	.003 	10.6 	17.3 	13.9 	2.4 	0.9 	3.3 	15.2 	20.4 	97 	105 	0.3 	1.0 	1.3 	.053
264 	Darius Miles 	SF 	19 	LAC 	81 	2133 	14.7 	.518 	.506 	.378 	.030 	7.0 	18.3 	12.8 	8.1 	1.3 	4.1 	16.7 	19.1 	97 	102 	0.5 	2.6 	3.0 	.068
265 	Andre Miller 	PG 	24 	CLE 	82 	2848 	20.1 	.541 	.461 	.450 	.064 	3.8 	10.8 	7.3 	40.5 	2.2 	0.7 	18.1 	23.2 	109 	106 	6.1 	1.9 	8.0 	.136
266 	Anthony Miller 	PF 	29 	TOT 	4 	11 	0.9 	.500 	.500 	.000 	.000 	0.0 	20.4 	10.1 	0.0 	0.0 	0.0 	33.3 	12.2 	62 	106 	0.0 	0.0 	0.0 	-0.082
267 	Brad Miller 	C 	24 	CHI 	57 	1434 	16.4 	.520 	.437 	.585 	.013 	11.5 	23.7 	17.3 	13.1 	1.2 	2.0 	13.1 	18.1 	109 	105 	2.3 	1.1 	3.4 	.114
268 	Mike Miller 	SF 	20 	ORL 	82 	2390 	13.2 	.541 	.523 	.151 	.431 	3.0 	12.4 	7.6 	9.7 	1.1 	0.6 	9.7 	18.5 	108 	105 	3.3 	1.9 	5.3 	.106
269 	Reggie Miller 	SG 	35 	IND 	81 	3181 	17.3 	.574 	.512 	.296 	.395 	1.4 	8.5 	5.1 	15.0 	1.4 	0.3 	9.1 	21.5 	115 	106 	8.1 	2.2 	10.3 	.155
270 	Chris Mills 	SF 	31 	GSW 	15 	493 	9.6 	.435 	.390 	.188 	.131 	4.8 	16.2 	10.0 	6.1 	0.9 	0.7 	8.8 	19.4 	94 	109 	0.0 	0.1 	0.1 	.007
271 	Terry Mills 	PF 	33 	IND 	14 	113 	1.1 	.368 	.368 	.000 	.500 	4.1 	16.5 	10.5 	7.2 	1.4 	0.6 	22.7 	18.2 	67 	102 	-0.4 	0.1 	-0.2 	-0.096
272 	Sam Mitchell 	SF 	37 	MIN 	82 	983 	8.2 	.455 	.424 	.190 	.149 	3.2 	11.2 	7.1 	8.6 	1.4 	0.7 	10.3 	16.1 	95 	106 	0.0 	0.6 	0.6 	.030
273 	Cuttino Mobley 	SG 	25 	HOU 	79 	3002 	17.7 	.541 	.471 	.390 	.208 	3.3 	11.8 	7.7 	11.5 	1.5 	0.6 	10.4 	24.3 	109 	106 	6.2 	2.0 	8.2 	.130
274 	Nazr Mohammed 	C 	23 	TOT 	58 	912 	19.2 	.520 	.477 	.341 	.003 	14.1 	23.6 	18.8 	3.9 	1.7 	2.8 	13.1 	24.0 	103 	99 	1.1 	1.4 	2.5 	.129
275 	Jerome Moiso 	C 	22 	BOS 	24 	135 	3.2 	.422 	.400 	.867 	.033 	9.9 	27.1 	18.1 	3.6 	1.2 	2.3 	30.3 	20.0 	70 	101 	-0.4 	0.2 	-0.3 	-0.096
276 	Eric Montross 	C 	29 	TOT 	54 	649 	5.4 	.396 	.406 	.225 	.000 	8.5 	20.5 	14.4 	4.5 	0.9 	2.8 	21.3 	12.9 	79 	101 	-0.9 	0.9 	0.0 	-0.001
277 	Mikki Moore 	C 	25 	DET 	81 	1154 	12.9 	.552 	.493 	.485 	.004 	11.0 	18.4 	14.7 	4.6 	1.1 	3.7 	18.5 	15.0 	105 	100 	1.1 	1.6 	2.8 	.116
278 	Hanno Mottola 	SF 	24 	ATL 	73 	989 	7.5 	.504 	.444 	.325 	.011 	5.5 	14.2 	9.8 	4.2 	0.6 	0.6 	17.5 	17.3 	93 	107 	-0.1 	0.5 	0.4 	.018
279 	Alonzo Mourning 	C 	30 	MIA 	13 	306 	24.6 	.536 	.518 	.390 	.007 	13.6 	25.6 	19.6 	8.9 	0.7 	7.8 	14.5 	30.6 	99 	93 	0.2 	0.7 	0.9 	.148
280 	Chris Mullin 	SF 	37 	GSW 	20 	374 	10.0 	.486 	.429 	.264 	.491 	2.6 	9.6 	5.8 	7.9 	2.2 	1.9 	13.8 	15.5 	98 	108 	0.1 	0.2 	0.3 	.034
281 	Lamond Murray 	SF 	27 	CLE 	78 	2225 	13.9 	.490 	.456 	.228 	.178 	5.4 	12.3 	8.9 	10.1 	2.0 	0.9 	12.2 	23.5 	97 	106 	0.8 	1.5 	2.3 	.050
282 	Tracy Murray 	SF 	29 	TOT 	51 	588 	11.4 	.482 	.452 	.169 	.415 	4.1 	11.4 	7.7 	6.5 	1.1 	0.8 	8.9 	22.2 	98 	107 	0.2 	0.3 	0.6 	.046
283 	Dikembe Mutombo 	C 	34 	TOT 	75 	2591 	17.5 	.547 	.484 	.523 	.000 	13.3 	30.5 	21.9 	4.7 	0.6 	5.6 	17.4 	14.3 	108 	97 	3.4 	4.7 	8.1 	.151
284 	Mamadou N'Diaye 	C 	25 	TOR 	3 	10 	6.6 	.410 	.250 	.500 	.000 	11.0 	11.6 	11.3 	0.0 	0.0 	0.0 	0.0 	21.8 	106 	109 	0.0 	0.0 	0.0 	.083
285 	Lee Nailon 	SF 	25 	CHH 	42 	469 	11.7 	.529 	.485 	.316 	.007 	7.1 	15.3 	11.2 	9.1 	1.0 	0.8 	14.8 	17.9 	102 	102 	0.4 	0.6 	0.9 	.096
286 	Eduardo Najera 	PF 	24 	DAL 	40 	431 	14.0 	.522 	.527 	.297 	.027 	10.9 	13.6 	12.3 	9.7 	1.6 	1.3 	11.9 	15.0 	110 	103 	0.6 	0.4 	1.1 	.120
287 	Steve Nash 	PG 	26 	DAL 	70 	2387 	19.6 	.603 	.544 	.326 	.277 	2.2 	8.1 	5.2 	34.6 	1.6 	0.1 	18.5 	21.1 	115 	106 	6.8 	1.6 	8.4 	.169
288 	Tyrone Nesby 	SF-SG 	25 	TOT 	62 	1556 	8.9 	.444 	.403 	.200 	.340 	3.8 	9.2 	6.5 	8.2 	1.7 	0.9 	10.1 	18.5 	94 	109 	-0.2 	0.5 	0.3 	.008
289 	Rasho Nesterovic 	C 	24 	MIN 	73 	1233 	10.4 	.472 	.461 	.204 	.003 	9.1 	17.5 	13.2 	5.4 	1.1 	3.6 	13.7 	14.8 	97 	103 	0.2 	1.3 	1.5 	.060
290 	Ira Newble 	SF 	26 	SAS 	27 	184 	8.9 	.435 	.418 	.291 	.164 	8.4 	12.9 	10.8 	5.3 	0.6 	1.5 	10.1 	17.6 	93 	101 	0.0 	0.2 	0.2 	.055
291 	Johnny Newman 	SG 	37 	NJN 	82 	2049 	13.0 	.542 	.461 	.427 	.253 	1.9 	8.2 	4.9 	10.0 	1.6 	0.4 	11.4 	20.6 	106 	109 	2.7 	0.7 	3.4 	.081
292 	Moochie Norris 	PG 	27 	HOU 	82 	1654 	16.2 	.546 	.476 	.470 	.215 	3.2 	10.5 	6.9 	27.1 	2.2 	0.1 	17.7 	16.8 	111 	105 	3.1 	1.2 	4.4 	.126
293 	Dirk Nowitzki 	PF 	22 	DAL 	82 	3125 	22.8 	.601 	.534 	.431 	.313 	4.4 	22.1 	13.5 	9.4 	1.3 	2.3 	9.5 	23.8 	118 	100 	10.3 	4.3 	14.6 	.224
294 	Jermaine O'Neal 	C 	22 	IND 	81 	2641 	17.5 	.501 	.465 	.447 	.006 	11.0 	22.7 	17.0 	6.7 	1.0 	6.2 	13.4 	21.2 	100 	97 	1.7 	4.7 	6.4 	.116
295 	Shaquille O'Neal 	C 	28 	LAL 	74 	2924 	30.2 	.574 	.572 	.684 	.001 	11.3 	24.8 	18.1 	18.8 	0.8 	4.9 	10.5 	31.6 	114 	101 	11.1 	3.9 	14.9 	.245
296 	Charles Oakley 	PF 	37 	TOR 	78 	2767 	11.6 	.439 	.395 	.193 	.062 	5.6 	25.0 	15.1 	14.6 	1.4 	1.2 	14.0 	16.0 	96 	101 	0.2 	3.5 	3.7 	.065
297 	Lamar Odom 	PF 	21 	LAC 	76 	2836 	18.9 	.536 	.498 	.369 	.242 	4.6 	18.9 	11.9 	25.0 	1.4 	3.0 	17.8 	24.1 	102 	102 	3.2 	3.3 	6.5 	.111
298 	Hakeem Olajuwon 	C 	38 	HOU 	58 	1545 	20.7 	.526 	.498 	.349 	.002 	9.5 	22.4 	16.1 	8.3 	2.4 	4.0 	11.0 	21.9 	106 	98 	2.4 	2.6 	5.0 	.155
299 	Kevin Ollie 	PG 	28 	TOT 	70 	925 	10.3 	.467 	.398 	.464 	.016 	2.0 	9.6 	5.8 	24.5 	1.7 	0.1 	17.5 	13.7 	100 	103 	0.5 	0.9 	1.4 	.075
300 	Michael Olowokandi 	C 	25 	LAC 	82 	2127 	10.0 	.451 	.435 	.220 	.000 	9.3 	18.7 	14.1 	3.7 	0.8 	3.6 	17.9 	20.5 	85 	103 	-2.6 	2.2 	-0.4 	-0.008
301 	Greg Ostertag 	C 	27 	UTA 	81 	1491 	13.3 	.522 	.496 	.537 	.007 	13.9 	20.4 	17.3 	2.3 	0.8 	7.7 	15.3 	12.7 	106 	99 	1.5 	2.3 	3.8 	.121
302 	Bo Outlaw 	PF 	29 	ORL 	80 	2534 	15.7 	.623 	.615 	.611 	.005 	9.0 	18.3 	13.6 	13.3 	2.1 	4.0 	23.2 	10.6 	115 	99 	3.9 	4.0 	7.9 	.150
303 	Doug Overton 	PG 	31 	TOT 	21 	475 	7.5 	.428 	.414 	.115 	.259 	0.9 	8.8 	4.7 	25.5 	0.9 	0.0 	17.5 	16.9 	88 	110 	-0.4 	0.1 	-0.3 	-0.026
304 	Billy Owens 	PF 	31 	DET 	45 	793 	10.5 	.400 	.389 	.174 	.087 	11.1 	16.7 	13.8 	11.1 	2.0 	1.1 	13.6 	15.7 	91 	101 	-0.3 	1.1 	0.8 	.048
305 	Olumide Oyedeji 	C 	19 	SEA 	30 	221 	10.6 	.532 	.486 	.324 	.000 	12.5 	22.2 	17.4 	1.3 	1.7 	3.3 	20.6 	10.9 	104 	102 	0.1 	0.3 	0.4 	.090
306 	Robert Pack 	PG 	31 	DEN 	74 	1260 	14.8 	.493 	.439 	.322 	.073 	2.6 	9.3 	5.9 	38.2 	2.7 	0.1 	21.7 	22.0 	97 	107 	0.4 	0.7 	1.1 	.043
307 	Scott Padgett 	PF 	24 	UTA 	27 	127 	17.6 	.541 	.477 	.465 	.209 	18.9 	19.1 	19.0 	6.5 	2.5 	1.9 	16.2 	22.4 	107 	99 	0.2 	0.2 	0.4 	.158
308 	Milt Palacio 	PG 	22 	BOS 	58 	1141 	12.3 	.556 	.494 	.345 	.135 	2.4 	8.2 	5.2 	22.5 	2.2 	0.0 	20.6 	15.4 	104 	106 	1.1 	0.7 	1.8 	.076
309 	Andy Panko 	SF 	23 	ATL 	1 	1 	0.0 	0.0	0.0	0.0	0.0	0.0 	0.0 	0.0 	0.0 	0.0 	0.0 	0.0	0.0 	0.0	114 	0.0 	0.0 	0.0 	-0.017
310 	Cherokee Parks 	C 	28 	TOT 	65 	1054 	12.6 	.510 	.489 	.161 	.022 	7.9 	16.9 	12.5 	7.3 	1.3 	2.4 	12.3 	14.6 	104 	104 	0.9 	1.0 	1.9 	.086
311 	Ruben Patterson 	SF 	25 	SEA 	76 	2059 	19.3 	.544 	.495 	.482 	.048 	10.3 	11.0 	10.7 	13.4 	2.6 	1.6 	14.6 	23.3 	107 	105 	3.8 	1.7 	5.5 	.128
312 	Gary Payton 	PG 	32 	SEA 	79 	3244 	22.1 	.522 	.488 	.223 	.171 	2.6 	10.1 	6.4 	36.6 	2.1 	0.6 	10.7 	27.2 	111 	107 	9.1 	1.7 	10.8 	.160
313 	Anthony Peeler 	SG 	31 	MIN 	75 	2126 	12.6 	.513 	.489 	.119 	.350 	2.3 	8.0 	5.2 	13.9 	2.2 	0.6 	12.0 	18.6 	102 	106 	1.6 	1.5 	3.2 	.071
314 	Mike Penberthy 	PG 	26 	LAL 	53 	851 	11.2 	.567 	.538 	.140 	.626 	1.3 	7.0 	4.2 	12.4 	1.4 	0.2 	12.6 	14.2 	113 	109 	1.3 	0.2 	1.6 	.088
315 	Will Perdue 	C 	35 	POR 	13 	58 	18.5 	.651 	.667 	.444 	.000 	12.8 	23.9 	18.5 	5.3 	2.8 	2.6 	0.0 	8.6 	150 	96 	0.2 	0.1 	0.3 	.245
316 	Sam Perkins 	PF 	39 	IND 	64 	999 	11.1 	.499 	.465 	.168 	.487 	3.7 	15.0 	9.5 	6.6 	1.8 	1.3 	7.3 	12.2 	107 	102 	0.9 	1.2 	2.0 	.098
317 	Elliot Perry 	PG 	31 	TOT 	49 	499 	11.6 	.491 	.468 	.157 	.036 	2.0 	8.5 	5.2 	25.8 	2.3 	0.1 	20.2 	16.8 	95 	101 	0.0 	0.7 	0.6 	.061
318 	Wesley Person 	SG 	29 	CLE 	44 	958 	11.6 	.514 	.497 	.103 	.288 	1.3 	14.4 	7.9 	11.2 	1.5 	0.8 	11.6 	16.3 	101 	106 	0.6 	0.6 	1.2 	.061
319 	Morris Peterson 	SG 	23 	TOR 	80 	1809 	14.1 	.507 	.478 	.215 	.245 	6.8 	9.4 	8.1 	9.6 	1.8 	0.8 	9.6 	20.1 	105 	105 	2.3 	1.3 	3.6 	.096
320 	Eric Piatkowski 	SG 	30 	LAC 	81 	2144 	14.6 	.572 	.522 	.269 	.442 	3.0 	9.7 	6.4 	7.6 	1.1 	0.6 	9.2 	17.8 	115 	108 	4.5 	1.0 	5.5 	.123
321 	Paul Pierce 	SF 	23 	BOS 	82 	3120 	22.3 	.563 	.503 	.488 	.254 	3.4 	16.7 	9.8 	16.9 	2.3 	1.7 	12.5 	30.6 	107 	102 	6.9 	3.5 	10.4 	.160
322 	Scottie Pippen 	SF 	35 	POR 	64 	2133 	15.3 	.541 	.505 	.270 	.312 	4.1 	14.2 	9.3 	21.8 	2.4 	1.2 	18.8 	17.9 	104 	101 	2.4 	2.7 	5.1 	.115
323 	Scot Pollard 	C 	25 	SAC 	77 	1658 	15.0 	.530 	.468 	.433 	.005 	11.5 	18.5 	15.1 	4.2 	1.5 	3.9 	12.3 	14.3 	111 	97 	2.5 	2.9 	5.4 	.157
324 	Olden Polynice 	C 	36 	UTA 	81 	1619 	9.9 	.484 	.496 	.157 	.002 	12.3 	16.6 	14.5 	3.1 	0.9 	3.9 	15.0 	14.8 	96 	102 	0.2 	1.8 	2.0 	.058
325 	Mark Pope 	PF 	28 	MIL 	63 	942 	7.2 	.480 	.454 	.246 	.169 	6.8 	10.9 	8.8 	5.6 	0.9 	2.0 	9.7 	8.4 	111 	107 	0.8 	0.5 	1.3 	.068
326 	Chris Porter 	SF 	22 	GSW 	51 	1147 	11.1 	.434 	.389 	.317 	.011 	7.6 	10.1 	8.7 	9.0 	2.0 	0.4 	10.4 	20.8 	94 	109 	-0.1 	0.3 	0.2 	.008
327 	Terry Porter 	PG 	37 	SAS 	80 	1678 	15.5 	.583 	.547 	.264 	.466 	1.7 	11.4 	6.8 	24.5 	1.7 	0.5 	17.5 	16.7 	112 	100 	3.0 	2.3 	5.4 	.154
328 	James Posey 	SF 	24 	DEN 	82 	2255 	12.5 	.511 	.467 	.239 	.368 	5.9 	14.9 	10.4 	11.2 	2.1 	1.2 	13.5 	14.9 	104 	105 	2.1 	1.7 	3.8 	.080
329 	Lavor Postell 	SG 	22 	NYK 	26 	169 	7.2 	.448 	.343 	.500 	.204 	5.9 	11.8 	8.9 	5.0 	1.3 	1.0 	20.5 	24.0 	82 	100 	-0.3 	0.2 	-0.1 	-0.027
330 	Vitaly Potapenko 	C 	25 	BOS 	82 	1901 	12.8 	.517 	.476 	.303 	.000 	12.1 	18.5 	15.2 	5.9 	1.4 	0.9 	15.1 	16.6 	103 	104 	1.8 	1.7 	3.4 	.087
331 	Brent Price 	PG 	32 	VAN 	6 	30 	9.4 	.462 	.318 	.636 	.364 	3.8 	11.4 	7.6 	26.6 	3.5 	0.0 	22.1 	27.5 	89 	103 	0.0 	0.0 	0.0 	-0.003
332 	Laron Profit 	PG 	23 	WAS 	35 	605 	11.7 	.470 	.419 	.317 	.183 	3.4 	9.1 	6.2 	23.5 	3.1 	1.3 	22.1 	15.3 	94 	107 	-0.1 	0.4 	0.3 	.023
333 	Joel Przybilla 	C 	21 	MIL 	33 	270 	5.9 	.339 	.343 	.314 	.000 	12.3 	17.5 	14.9 	1.0 	0.6 	8.2 	24.6 	8.9 	81 	101 	-0.2 	0.3 	0.1 	.018
334 	Theo Ratliff 	C 	27 	PHI 	50 	1800 	16.3 	.562 	.499 	.475 	.000 	8.0 	17.7 	13.0 	5.3 	0.9 	7.6 	18.6 	17.0 	103 	96 	1.7 	3.5 	5.2 	.138
335 	Eldridge Recasner 	PG 	33 	CHH 	43 	403 	6.2 	.422 	.390 	.158 	.342 	3.7 	10.4 	7.1 	15.9 	0.8 	0.2 	18.1 	17.0 	86 	104 	-0.4 	0.4 	0.0 	-0.004
336 	Michael Redd 	SG 	21 	MIL 	6 	35 	3.4 	.300 	.263 	.316 	.158 	9.8 	3.2 	6.5 	4.4 	1.5 	0.0 	4.4 	29.3 	74 	110 	-0.1 	0.0 	-0.1 	-0.163
337 	Bryant Reeves 	C 	27 	VAN 	75 	1832 	12.8 	.506 	.461 	.257 	.007 	8.3 	19.8 	14.1 	7.4 	1.2 	2.0 	12.8 	17.6 	101 	104 	1.2 	1.7 	2.9 	.075
338 	Don Reid 	PF 	27 	ORL 	65 	764 	13.1 	.590 	.566 	.517 	.000 	11.9 	23.5 	17.6 	4.2 	1.6 	5.2 	21.2 	13.1 	107 	97 	0.8 	1.4 	2.3 	.141
339 	J.R. Reid 	PF 	32 	CLE 	6 	39 	15.7 	.587 	.400 	1.600 	.000 	14.9 	8.9 	11.9 	3.8 	2.7 	1.9 	10.5 	11.0 	131 	105 	0.1 	0.0 	0.1 	.174
340 	Glen Rice 	SF 	33 	NYK 	75 	2212 	13.7 	.540 	.495 	.242 	.281 	3.4 	13.0 	8.4 	7.4 	1.0 	0.5 	10.3 	20.5 	105 	101 	2.7 	2.9 	5.7 	.123
341 	Quentin Richardson 	SG 	20 	LAC 	76 	1358 	16.5 	.516 	.490 	.301 	.288 	9.1 	12.5 	10.8 	8.3 	1.7 	0.4 	9.7 	22.4 	106 	106 	2.1 	1.0 	3.0 	.106
342 	Mitch Richmond 	SG 	35 	WAS 	37 	1216 	14.9 	.521 	.451 	.317 	.264 	1.4 	9.2 	5.2 	16.6 	1.8 	0.4 	12.8 	24.1 	103 	110 	1.4 	0.2 	1.6 	.065
343 	Isaiah Rider 	SG 	29 	LAL 	67 	1206 	11.8 	.499 	.462 	.176 	.195 	4.2 	10.4 	7.3 	15.0 	1.2 	0.4 	16.2 	22.5 	97 	108 	0.3 	0.5 	0.8 	.033
344 	Terrance Roberson 	SF 	24 	CHH 	3 	13 	-15.0 	.000 	.000 	.000 	.500 	0.0 	8.7 	4.4 	10.9 	0.0 	0.0 	50.0 	14.2 	13 	106 	-0.1 	0.0 	-0.1 	-0.334
345 	Clifford Robinson 	PF 	34 	PHO 	82 	2751 	14.8 	.501 	.460 	.301 	.210 	4.2 	9.6 	6.9 	15.4 	1.6 	2.2 	12.2 	24.8 	99 	100 	1.6 	3.9 	5.4 	.095
346 	David Robinson 	C 	35 	SAS 	80 	2371 	23.7 	.559 	.486 	.571 	.001 	10.4 	22.0 	16.5 	8.8 	1.8 	5.8 	10.6 	22.8 	114 	92 	6.4 	5.7 	12.1 	.246
347 	Eddie Robinson 	SF 	24 	CHH 	67 	1201 	17.9 	.559 	.533 	.216 	.010 	5.7 	13.1 	9.4 	9.4 	2.2 	2.0 	8.8 	18.8 	111 	99 	2.1 	1.8 	4.0 	.159
348 	Glenn Robinson 	SF 	28 	MIL 	76 	2813 	20.1 	.525 	.487 	.210 	.126 	5.0 	16.1 	10.6 	16.5 	1.6 	1.6 	12.1 	29.2 	103 	104 	4.2 	2.5 	6.7 	.114
349 	Jamal Robinson 	SF 	27 	MIA 	6 	72 	-1.9 	.136 	.136 	.000 	.091 	5.0 	13.2 	9.1 	4.4 	4.6 	0.0 	12.0 	16.8 	39 	94 	-0.4 	0.2 	-0.2 	-0.166
350 	James Robinson 	PG 	30 	ORL 	6 	50 	5.1 	.455 	.455 	.000 	.455 	0.0 	18.2 	8.9 	0.0 	4.1 	1.5 	26.7 	13.3 	65 	96 	-0.1 	0.1 	0.0 	-0.017
351 	Larry Robinson 	PG-SG 	33 	TOT 	34 	632 	11.8 	.511 	.484 	.130 	.630 	4.0 	11.4 	7.7 	9.1 	2.3 	0.2 	11.4 	15.5 	105 	105 	0.6 	0.5 	1.1 	.083
352 	Carlos Rogers 	C 	29 	HOU 	39 	544 	18.1 	.674 	.682 	.473 	.009 	10.5 	18.9 	14.8 	2.7 	1.0 	2.3 	11.3 	12.7 	129 	103 	1.5 	0.5 	2.0 	.180
353 	Rodney Rogers 	SF 	29 	PHO 	82 	2183 	14.6 	.507 	.462 	.282 	.216 	4.8 	14.0 	9.3 	14.5 	2.3 	1.6 	13.8 	23.3 	98 	98 	1.0 	3.7 	4.7 	.104
354 	Sean Rooks 	C 	31 	LAC 	82 	1553 	11.5 	.487 	.429 	.362 	.005 	6.9 	15.2 	11.2 	8.1 	1.2 	2.9 	13.7 	15.8 	100 	104 	0.8 	1.5 	2.3 	.070
355 	Jalen Rose 	SF 	28 	IND 	72 	2943 	17.8 	.530 	.480 	.277 	.140 	1.5 	12.0 	6.9 	28.7 	1.2 	1.0 	13.2 	25.5 	105 	104 	4.8 	2.5 	7.3 	.119
356 	Malik Rose 	PF 	26 	SAS 	57 	1219 	14.8 	.498 	.439 	.435 	.046 	9.3 	18.8 	14.3 	6.6 	2.6 	2.3 	14.4 	19.8 	99 	94 	0.7 	2.6 	3.3 	.131
357 	Michael Ruffin 	PF 	24 	CHI 	45 	879 	10.1 	.480 	.444 	.856 	.000 	13.1 	22.6 	17.7 	6.9 	1.8 	3.2 	27.1 	9.0 	97 	103 	0.2 	0.9 	1.0 	.056
358 	Bryon Russell 	SF 	30 	UTA 	78 	2473 	14.1 	.565 	.508 	.407 	.329 	4.8 	11.6 	8.3 	10.4 	2.1 	0.7 	12.0 	17.5 	112 	104 	4.5 	2.3 	6.8 	.133
359 	Arvydas Sabonis 	C 	36 	POR 	61 	1299 	18.4 	.527 	.480 	.302 	.029 	4.9 	24.9 	15.2 	12.3 	1.7 	3.5 	12.7 	24.0 	103 	97 	1.5 	2.3 	3.7 	.138
360 	Soumaila Samake 	C 	22 	NJN 	34 	226 	9.0 	.393 	.375 	.500 	.000 	10.9 	16.2 	13.5 	0.7 	0.5 	4.6 	6.4 	12.6 	93 	106 	0.0 	0.2 	0.1 	.028
361 	Pepe Sanchez 	PG 	23 	TOT 	29 	150 	12.6 	.346 	.321 	.071 	.036 	2.3 	8.9 	5.6 	41.3 	3.9 	0.5 	17.2 	10.5 	102 	98 	0.1 	0.2 	0.3 	.107
362 	Daniel Santiago 	C 	24 	PHO 	54 	581 	7.9 	.528 	.478 	.455 	.000 	6.7 	13.3 	9.9 	3.0 	1.5 	2.6 	22.6 	16.0 	90 	99 	-0.3 	0.9 	0.6 	.052
363 	Detlef Schrempf 	SF 	38 	POR 	26 	397 	9.8 	.487 	.426 	.284 	.084 	5.3 	17.7 	11.7 	16.8 	0.9 	0.6 	20.8 	15.8 	97 	103 	0.1 	0.4 	0.5 	.057
364 	Shawnelle Scott 	C 	28 	SAS 	27 	144 	12.0 	.424 	.415 	.537 	.000 	19.0 	20.2 	19.6 	4.6 	1.9 	2.9 	17.8 	20.1 	90 	95 	-0.1 	0.3 	0.2 	.071
365 	Brian Shaw 	SG 	34 	LAL 	80 	1833 	10.9 	.479 	.450 	.156 	.328 	3.0 	15.6 	9.4 	20.4 	1.4 	1.0 	18.1 	13.1 	102 	105 	1.2 	1.4 	2.5 	.067
366 	Brian Skinner 	PF 	24 	LAC 	39 	584 	10.4 	.428 	.398 	.366 	.000 	11.1 	21.5 	16.5 	5.0 	1.3 	1.3 	14.6 	17.3 	90 	103 	-0.3 	0.6 	0.3 	.028
367 	Reggie Slater 	PF 	30 	MIN 	55 	686 	14.1 	.568 	.514 	.629 	.000 	12.9 	18.2 	15.5 	5.7 	1.4 	0.9 	16.1 	17.6 	110 	104 	1.2 	0.7 	1.8 	.129
368 	Jabari Smith 	C 	23 	SAC 	9 	66 	14.7 	.528 	.500 	.273 	.000 	1.7 	11.1 	6.5 	14.8 	3.1 	0.0 	10.9 	18.5 	105 	100 	0.1 	0.1 	0.2 	.126
369 	Joe Smith 	PF 	25 	DET 	69 	1941 	14.6 	.475 	.403 	.375 	.007 	8.7 	18.6 	13.5 	7.1 	1.2 	1.8 	9.0 	21.9 	102 	101 	1.9 	2.5 	4.4 	.110
370 	Michael Smith 	PF 	28 	WAS 	79 	1610 	14.0 	.527 	.486 	.706 	.005 	12.3 	28.9 	20.4 	9.6 	1.8 	1.6 	17.8 	9.6 	113 	103 	2.0 	1.6 	3.6 	.108
371 	Mike Smith 	SF 	24 	WAS 	17 	180 	8.1 	.386 	.347 	.271 	.305 	6.4 	7.9 	7.2 	9.0 	1.4 	1.2 	9.6 	18.1 	88 	110 	-0.1 	0.0 	-0.1 	-0.033
372 	Steve Smith 	SG 	31 	POR 	81 	2542 	15.9 	.587 	.505 	.440 	.292 	4.2 	8.4 	6.4 	13.6 	1.0 	0.7 	12.7 	19.7 	116 	106 	6.6 	1.6 	8.2 	.155
373 	Tony Smith 	SG 	32 	ATL 	6 	78 	3.8 	.356 	.348 	.087 	.087 	2.8 	1.4 	2.1 	20.5 	4.7 	0.0 	27.4 	18.8 	68 	103 	-0.3 	0.1 	-0.2 	-0.110
374 	Eric Snow 	PG 	27 	PHI 	50 	1740 	14.0 	.488 	.424 	.354 	.044 	1.8 	8.8 	5.4 	33.9 	2.3 	0.3 	19.8 	16.3 	103 	101 	1.5 	2.3 	3.8 	.105
375 	Felton Spencer 	C 	33 	NYK 	18 	113 	13.5 	.629 	.600 	1.250 	.000 	17.7 	19.7 	18.7 	3.0 	1.0 	1.4 	26.2 	18.2 	106 	97 	0.2 	0.2 	0.4 	.152
376 	Latrell Sprewell 	SF 	30 	NYK 	77 	3017 	15.1 	.497 	.447 	.288 	.111 	2.0 	11.6 	7.0 	17.2 	1.9 	0.8 	13.7 	25.8 	96 	99 	0.5 	4.6 	5.1 	.082
377 	Jerry Stackhouse 	SG 	26 	DET 	80 	3215 	21.8 	.521 	.445 	.420 	.245 	3.2 	7.3 	5.2 	25.8 	1.5 	1.2 	12.5 	35.2 	104 	105 	6.6 	2.6 	9.2 	.137
378 	John Starks 	SG 	35 	UTA 	75 	2122 	9.3 	.476 	.445 	.162 	.265 	1.7 	7.2 	4.5 	13.5 	1.8 	0.4 	11.3 	18.0 	98 	106 	0.6 	1.5 	2.1 	.048
379 	Vladimir Stepania 	C 	24 	NJN 	29 	280 	12.2 	.398 	.324 	.386 	.045 	14.0 	31.2 	22.4 	9.4 	1.9 	2.9 	15.6 	19.8 	88 	99 	-0.2 	0.4 	0.2 	.035
380 	DeShawn Stevenson 	SG 	19 	UTA 	40 	293 	4.3 	.413 	.346 	.418 	.132 	3.9 	7.9 	5.9 	9.6 	1.8 	0.6 	20.6 	21.3 	78 	105 	-0.6 	0.2 	-0.4 	-0.071
381 	Michael Stewart 	C 	25 	TOR 	26 	123 	8.7 	.394 	.324 	.529 	.000 	14.3 	12.2 	13.3 	2.4 	1.7 	1.7 	10.7 	17.1 	93 	104 	0.0 	0.1 	0.1 	.036
382 	Bryant Stith 	SG 	30 	BOS 	78 	2504 	11.7 	.538 	.475 	.339 	.396 	2.9 	10.7 	6.6 	11.2 	1.9 	0.4 	11.4 	14.4 	109 	106 	3.1 	1.7 	4.8 	.093
383 	John Stockton 	PG 	38 	UTA 	82 	2397 	22.3 	.610 	.551 	.427 	.203 	2.9 	8.8 	5.9 	48.7 	2.9 	0.7 	20.8 	18.8 	120 	103 	8.2 	2.6 	10.8 	.216
384 	Peja Stojakovic 	SF 	23 	SAC 	75 	2905 	18.4 	.576 	.531 	.262 	.303 	3.5 	12.3 	8.0 	9.6 	1.6 	0.3 	9.9 	22.4 	113 	102 	6.8 	3.3 	10.1 	.168
385 	Damon Stoudamire 	PG 	27 	POR 	82 	2655 	16.3 	.519 	.478 	.221 	.234 	3.2 	10.2 	6.8 	29.1 	2.1 	0.2 	15.7 	21.3 	106 	104 	4.1 	2.5 	6.7 	.121
386 	Erick Strickland 	PG 	27 	TOT 	50 	830 	10.7 	.431 	.360 	.296 	.356 	2.6 	15.2 	9.0 	18.6 	2.9 	0.2 	13.7 	19.9 	91 	100 	-0.4 	1.2 	0.8 	.046
387 	Mark Strickland 	SF 	30 	TOT 	55 	719 	11.9 	.467 	.433 	.293 	.008 	8.1 	16.7 	12.3 	5.6 	1.2 	2.1 	11.2 	18.9 	96 	106 	0.1 	0.5 	0.6 	.037
388 	Rod Strickland 	PG 	34 	TOT 	54 	1371 	16.1 	.493 	.429 	.403 	.040 	3.1 	9.0 	6.0 	37.1 	2.0 	0.3 	17.5 	20.1 	104 	108 	1.7 	0.5 	2.2 	.076
389 	Derek Strong 	PF 	32 	LAC 	28 	491 	8.8 	.443 	.385 	.316 	.009 	8.2 	16.8 	12.6 	2.3 	1.5 	0.1 	14.2 	14.6 	92 	105 	-0.1 	0.4 	0.3 	.026
390 	Bruno Sundov 	C 	20 	IND 	11 	120 	11.0 	.498 	.488 	.122 	.098 	3.9 	17.4 	10.9 	3.1 	0.9 	2.4 	6.5 	18.0 	99 	102 	0.1 	0.1 	0.2 	.079
391 	Bob Sura 	SG 	27 	GSW 	53 	1684 	11.2 	.487 	.435 	.365 	.332 	3.1 	11.9 	7.1 	23.1 	1.6 	0.3 	21.0 	19.1 	93 	109 	-0.3 	0.4 	0.1 	.003
392 	Stromile Swift 	PF 	21 	VAN 	80 	1312 	13.1 	.487 	.451 	.416 	.012 	9.6 	15.1 	12.4 	3.5 	2.5 	4.3 	13.8 	16.2 	97 	101 	0.2 	1.6 	1.9 	.069
393 	Wally Szczerbiak 	SF 	23 	MIN 	82 	2856 	15.8 	.566 	.524 	.226 	.084 	5.3 	12.7 	8.9 	14.5 	1.1 	0.8 	12.0 	18.2 	112 	106 	5.7 	1.7 	7.4 	.125
394 	Zan Tabak 	C 	30 	IND 	55 	777 	10.5 	.523 	.527 	.253 	.000 	9.8 	20.9 	15.5 	7.3 	0.7 	2.8 	21.6 	15.8 	93 	101 	-0.1 	1.0 	0.9 	.056
395 	Dragan Tarlac 	C 	27 	CHI 	43 	598 	5.6 	.454 	.394 	.333 	.000 	7.1 	17.5 	12.1 	8.4 	0.6 	2.4 	25.1 	11.8 	85 	108 	-0.4 	0.2 	-0.2 	-0.016
396 	Maurice Taylor 	SF 	24 	HOU 	69 	1972 	14.9 	.518 	.489 	.203 	.005 	6.6 	15.4 	11.1 	9.7 	0.8 	1.3 	12.6 	23.2 	101 	106 	1.8 	1.4 	3.2 	.077
397 	Jason Terry 	SG 	23 	ATL 	82 	3089 	17.3 	.531 	.481 	.262 	.230 	1.5 	8.2 	4.9 	24.3 	1.8 	0.3 	13.6 	25.5 	105 	107 	4.9 	1.6 	6.5 	.100
398 	Jamel Thomas 	SF 	27 	NJN 	5 	56 	0.8 	.342 	.342 	.000 	.158 	8.0 	10.6 	9.2 	0.0 	2.8 	0.0 	24.0 	20.2 	61 	106 	-0.2 	0.0 	-0.2 	-0.171
399 	Kenny Thomas 	PF 	23 	HOU 	74 	1820 	11.2 	.507 	.470 	.271 	.198 	8.0 	18.3 	13.3 	6.7 	1.2 	1.6 	18.2 	16.1 	97 	104 	0.5 	1.7 	2.2 	.058
400 	Kurt Thomas 	PF 	28 	NYK 	77 	2125 	16.9 	.566 	.512 	.342 	.005 	10.1 	18.9 	14.6 	5.4 	1.6 	2.6 	12.3 	18.5 	111 	96 	4.1 	4.1 	8.2 	.185
401 	Tim Thomas 	PF 	23 	MIL 	76 	2086 	16.4 	.549 	.501 	.334 	.343 	4.3 	12.6 	8.5 	10.5 	1.9 	1.6 	11.6 	21.3 	109 	105 	3.7 	1.7 	5.5 	.126
402 	Otis Thorpe 	PF 	38 	CHH 	49 	647 	7.6 	.487 	.450 	.183 	.000 	8.9 	16.7 	12.8 	7.3 	1.0 	0.8 	18.4 	12.4 	97 	101 	0.1 	0.8 	1.0 	.071
403 	Robert Traylor 	C 	23 	CLE 	70 	1212 	14.1 	.521 	.497 	.435 	.006 	11.9 	16.8 	14.3 	8.7 	2.1 	4.6 	20.2 	18.0 	97 	101 	0.3 	1.5 	1.9 	.074
404 	Gary Trent 	PF 	26 	DAL 	33 	319 	13.8 	.456 	.438 	.277 	.008 	14.0 	18.1 	16.1 	5.2 	2.1 	1.8 	13.1 	23.9 	93 	100 	-0.1 	0.5 	0.4 	.057
405 	Jake Tsakalidis 	C 	21 	PHO 	57 	947 	9.6 	.502 	.470 	.423 	.000 	9.8 	19.4 	14.5 	3.2 	0.5 	4.2 	20.6 	15.1 	92 	98 	-0.3 	1.6 	1.3 	.067
406 	Hedo Turkoglu 	SF 	21 	SAC 	74 	1245 	11.7 	.509 	.454 	.334 	.257 	4.4 	13.6 	9.1 	8.3 	2.1 	1.3 	12.5 	15.6 	103 	100 	1.0 	1.8 	2.8 	.106
407 	Nick Van Exel 	PG 	29 	DEN 	71 	2688 	18.5 	.515 	.474 	.224 	.322 	1.8 	8.1 	4.9 	38.4 	1.2 	0.5 	11.9 	23.0 	110 	110 	6.1 	0.3 	6.4 	.114
408 	Keith Van Horn 	SF 	25 	NJN 	49 	1733 	15.5 	.526 	.481 	.263 	.240 	5.0 	18.3 	11.5 	9.0 	1.2 	0.9 	11.5 	23.4 	102 	106 	1.7 	1.2 	2.8 	.079
409 	David Vanterpool 	PG 	27 	WAS 	22 	411 	10.9 	.462 	.418 	.455 	.055 	4.2 	6.4 	5.3 	26.4 	2.9 	0.5 	21.9 	18.3 	92 	108 	-0.2 	0.2 	0.0 	.000
410 	Jacque Vaughn 	PG 	25 	UTA 	82 	1620 	12.8 	.535 	.471 	.417 	.198 	1.4 	9.9 	5.7 	31.0 	1.6 	0.2 	21.7 	16.9 	105 	106 	1.8 	1.1 	3.0 	.088
411 	Loy Vaught 	PF 	32 	TOT 	51 	549 	13.3 	.484 	.473 	.059 	.000 	10.7 	24.8 	17.8 	6.8 	2.0 	0.9 	13.0 	16.4 	100 	100 	0.3 	0.8 	1.0 	.091
412 	Jake Voskuhl 	C 	23 	CHI 	16 	143 	5.8 	.481 	.440 	.560 	.000 	9.6 	19.0 	14.1 	5.7 	1.9 	3.1 	27.8 	14.0 	84 	104 	-0.2 	0.1 	0.0 	-0.007
413 	Antoine Walker 	PF 	24 	BOS 	81 	3396 	18.9 	.505 	.478 	.202 	.351 	5.0 	20.4 	12.3 	26.8 	2.1 	1.1 	13.8 	29.1 	99 	102 	2.7 	3.8 	6.6 	.093
414 	Samaki Walker 	PF 	24 	SAS 	61 	963 	12.2 	.524 	.482 	.492 	.012 	8.3 	19.7 	14.3 	5.0 	0.6 	2.9 	18.2 	18.3 	97 	98 	0.2 	1.7 	1.9 	.093
415 	Ben Wallace 	C 	26 	DET 	80 	2760 	14.8 	.470 	.491 	.542 	.009 	11.5 	29.6 	20.4 	6.8 	2.0 	4.8 	17.7 	10.4 	100 	94 	1.0 	6.0 	7.0 	.121
416 	John Wallace 	SF 	26 	DET 	40 	527 	11.2 	.463 	.428 	.191 	.064 	5.0 	12.0 	8.4 	8.0 	1.2 	2.1 	12.3 	24.0 	91 	103 	-0.3 	0.6 	0.3 	.027
417 	Rasheed Wallace 	PF 	26 	POR 	77 	2940 	20.9 	.560 	.523 	.272 	.138 	6.2 	17.9 	12.2 	12.9 	1.6 	3.4 	10.7 	23.4 	111 	100 	6.8 	4.2 	11.0 	.180
418 	Charlie Ward 	PG 	30 	NYK 	61 	1492 	14.5 	.536 	.505 	.188 	.469 	2.7 	10.0 	6.4 	31.1 	2.6 	0.5 	21.7 	16.9 	103 	98 	1.5 	2.4 	3.9 	.127
419 	Clarence Weatherspoon 	PF 	30 	CLE 	82 	2774 	17.4 	.563 	.501 	.421 	.000 	9.3 	23.9 	16.6 	6.2 	1.6 	2.8 	12.0 	15.2 	114 	101 	5.2 	3.4 	8.6 	.148
420 	Chris Webber 	PF 	27 	SAC 	70 	2836 	24.7 	.516 	.481 	.282 	.017 	7.0 	22.1 	14.8 	20.6 	1.7 	2.8 	9.6 	31.6 	105 	97 	5.8 	5.2 	11.0 	.186
421 	Bonzi Wells 	SF 	24 	POR 	75 	1995 	18.8 	.571 	.545 	.331 	.069 	7.4 	14.3 	11.0 	18.4 	2.5 	0.7 	16.9 	23.3 	106 	101 	3.4 	2.6 	5.9 	.143
422 	David Wesley 	SG 	30 	CHH 	82 	3106 	15.3 	.509 	.461 	.274 	.208 	2.4 	5.9 	4.1 	21.7 	2.2 	0.4 	11.0 	23.1 	104 	103 	4.2 	3.4 	7.6 	.117
423 	Doug West 	SG 	33 	VAN 	15 	171 	4.2 	.341 	.289 	.184 	.053 	2.7 	7.3 	5.0 	12.4 	0.9 	1.6 	8.9 	12.0 	83 	109 	-0.1 	0.0 	-0.1 	-0.028
424 	Jahidi White 	C 	24 	WAS 	68 	1609 	14.7 	.535 	.498 	.765 	.002 	12.7 	25.4 	18.9 	2.1 	1.0 	4.9 	20.0 	18.9 	97 	103 	0.5 	1.6 	2.1 	.061
425 	Chris Whitney 	PG 	29 	WAS 	59 	1532 	13.2 	.537 	.486 	.240 	.528 	0.9 	7.3 	4.0 	26.9 	1.9 	0.1 	16.5 	18.1 	107 	110 	2.1 	0.2 	2.3 	.072
426 	Aaron Williams 	PF 	29 	NJN 	82 	2336 	15.1 	.533 	.457 	.477 	.003 	10.1 	19.2 	14.5 	6.5 	1.3 	3.6 	14.4 	17.8 	106 	103 	2.9 	2.3 	5.2 	.107
427 	Alvin Williams 	SG 	26 	TOR 	82 	2394 	15.2 	.483 	.452 	.189 	.141 	2.3 	7.8 	5.0 	27.2 	2.7 	0.8 	11.0 	17.4 	107 	104 	3.3 	2.1 	5.4 	.109
428 	Eric Williams 	SF 	28 	BOS 	81 	1745 	10.0 	.487 	.413 	.516 	.310 	4.1 	10.0 	6.9 	10.6 	1.9 	0.6 	12.1 	16.3 	100 	106 	1.0 	1.2 	2.2 	.060
429 	Jason Williams 	PG 	25 	SAC 	77 	2290 	12.8 	.498 	.478 	.110 	.451 	0.9 	7.6 	4.4 	27.6 	2.1 	0.3 	18.1 	17.0 	100 	103 	1.3 	2.4 	3.8 	.079
430 	Jerome Williams 	PF 	27 	TOT 	59 	1182 	15.7 	.526 	.463 	.459 	.010 	12.0 	23.4 	17.5 	6.1 	2.5 	1.2 	15.1 	15.4 	107 	98 	1.5 	2.0 	3.5 	.141
431 	Monty Williams 	SF 	29 	ORL 	82 	1211 	11.0 	.485 	.446 	.365 	.036 	7.7 	14.7 	11.1 	10.5 	1.2 	1.0 	16.7 	18.5 	96 	103 	0.1 	1.2 	1.3 	.051
432 	Scott Williams 	C 	32 	MIL 	66 	1272 	14.2 	.514 	.475 	.194 	.011 	8.7 	23.6 	16.2 	4.2 	2.0 	1.8 	9.5 	15.4 	109 	101 	1.7 	1.7 	3.4 	.128
433 	Shammond Williams 	PG 	25 	SEA 	69 	1238 	15.4 	.569 	.520 	.261 	.361 	3.2 	9.0 	6.1 	24.2 	1.3 	0.2 	16.7 	17.9 	113 	109 	2.6 	0.3 	2.9 	.112
434 	Walt Williams 	SF 	30 	HOU 	72 	1583 	12.6 	.527 	.489 	.246 	.483 	2.3 	15.3 	9.0 	10.0 	1.0 	1.2 	11.4 	18.7 	105 	105 	1.8 	1.2 	3.0 	.090
435 	Corliss Williamson 	SF 	27 	TOT 	69 	1686 	15.1 	.533 	.502 	.366 	.003 	7.0 	14.0 	10.4 	6.5 	1.5 	0.9 	12.8 	22.5 	102 	104 	1.6 	1.6 	3.2 	.092
436 	Kevin Willis 	C 	38 	TOT 	78 	1830 	14.6 	.478 	.441 	.213 	.009 	10.5 	21.8 	16.0 	4.6 	1.6 	2.0 	10.3 	20.5 	100 	103 	1.1 	2.0 	3.1 	.081
437 	David Wingate 	SG 	37 	SEA 	1 	9 	35.8 	1.000 	1.000 	.000 	.000 	0.0 	0.0 	0.0 	51.5 	0.0 	0.0 	0.0 	15.0 	203 	115 	0.1 	0.0 	0.1 	.448
438 	Ruben Wolkowyski 	PF 	27 	SEA 	34 	305 	6.4 	.399 	.316 	.430 	.025 	4.5 	12.7 	8.7 	1.4 	1.0 	4.3 	11.3 	15.7 	85 	106 	-0.3 	0.2 	-0.1 	-0.012
439 	Metta World Peace 	SF 	21 	CHI 	76 	2363 	13.6 	.483 	.428 	.344 	.182 	2.9 	12.3 	7.4 	17.6 	3.5 	1.4 	14.5 	21.6 	94 	104 	-0.1 	2.0 	1.9 	.039
440 	Lorenzen Wright 	C 	25 	ATL 	71 	1988 	15.7 	.486 	.448 	.266 	.002 	10.0 	20.0 	15.0 	8.0 	1.1 	2.3 	12.1 	23.2 	99 	103 	1.1 	2.0 	3.2 	.077
441 	Wang Zhizhi 	C 	23 	DAL 	5 	38 	14.9 	.513 	.421 	.526 	.105 	3.0 	17.2 	10.3 	0.0 	0.0 	0.0 	4.1 	29.2 	106 	106 	0.1 	0.0 	0.1 	.122