1 	Tariq Abdul-Wahad 	SG 	27 	TOT 	24 	441 	9.8 	.418 	.378 	.224 	.014 	10.1 	11.6 	10.8 	8.8 	2.4 	1.7 	14.3 	19.1 	90 	107 	-0.3 	0.3 	0.0 	-0.003
2 	Shareef Abdur-Rahim 	PF 	25 	ATL 	77 	2980 	19.8 	.536 	.469 	.403 	.054 	7.6 	19.2 	13.3 	15.1 	1.7 	2.0 	14.1 	27.0 	105 	105 	4.1 	3.1 	7.2 	.116
3 	Courtney Alexander 	SG 	24 	WAS 	56 	1325 	13.6 	.521 	.476 	.255 	.038 	3.7 	9.3 	6.5 	11.3 	1.4 	0.4 	10.2 	20.4 	106 	109 	1.6 	0.6 	2.2 	.080
4 	Victor Alexander 	C 	32 	DET 	15 	97 	9.2 	.367 	.353 	.157 	.039 	8.6 	26.6 	17.6 	11.5 	0.0 	0.7 	8.4 	28.9 	80 	103 	-0.3 	0.1 	-0.1 	-0.073
5 	Malik Allen 	PF 	23 	MIA 	12 	161 	15.0 	.469 	.431 	.196 	.020 	11.0 	16.6 	13.8 	5.5 	1.0 	3.8 	3.5 	17.0 	108 	99 	0.2 	0.3 	0.5 	.141
6 	Ray Allen 	SG 	26 	MIL 	69 	2525 	21.6 	.598 	.561 	.213 	.460 	3.9 	10.1 	7.1 	19.4 	1.9 	0.5 	11.2 	26.2 	116 	109 	7.6 	1.3 	8.9 	.169
7 	Rafer Alston 	PG 	25 	MIL 	50 	600 	13.9 	.434 	.416 	.152 	.372 	2.0 	11.4 	6.9 	36.4 	2.8 	0.2 	16.4 	19.0 	99 	106 	0.3 	0.5 	0.7 	.059
8 	John Amaechi 	PF 	31 	UTA 	54 	586 	5.4 	.412 	.325 	.633 	.000 	10.6 	11.8 	11.2 	7.8 	0.6 	1.4 	20.6 	20.6 	83 	109 	-1.0 	0.3 	-0.7 	-0.056
9 	Chris Andersen 	C 	23 	DEN 	24 	262 	13.8 	.417 	.338 	.378 	.054 	15.8 	17.4 	16.5 	4.2 	1.4 	7.9 	13.1 	17.0 	96 	103 	0.0 	0.3 	0.3 	.058
10 	Derek Anderson 	SG 	27 	POR 	70 	1860 	15.5 	.538 	.473 	.340 	.373 	2.9 	9.1 	6.0 	18.6 	2.0 	0.3 	11.0 	19.4 	114 	107 	3.8 	1.5 	5.3 	.137
11 	Kenny Anderson 	PG 	31 	BOS 	76 	2430 	13.6 	.472 	.442 	.184 	.046 	2.5 	10.1 	6.2 	28.1 	3.0 	0.3 	13.3 	16.7 	103 	101 	1.7 	3.5 	5.2 	.103
12 	Nick Anderson 	SG 	34 	MEM 	15 	219 	4.9 	.375 	.362 	.118 	.632 	0.5 	16.3 	8.4 	10.2 	1.4 	1.9 	14.9 	19.5 	74 	106 	-0.6 	0.2 	-0.4 	-0.080
13 	Shandon Anderson 	SG 	28 	NYK 	82 	1596 	8.0 	.489 	.452 	.287 	.378 	4.1 	13.9 	9.0 	7.7 	1.6 	0.7 	18.8 	15.1 	90 	106 	-0.9 	1.3 	0.4 	.013
14 	Greg Anthony 	PG 	34 	TOT 	60 	1514 	12.6 	.460 	.436 	.192 	.343 	1.7 	8.5 	5.1 	30.8 	2.7 	0.2 	15.4 	18.6 	97 	108 	0.2 	0.9 	1.1 	.036
15 	Gilbert Arenas 	PG 	20 	GSW 	47 	1155 	17.0 	.562 	.504 	.417 	.294 	3.7 	8.7 	6.1 	24.8 	3.0 	0.6 	17.6 	20.1 	110 	108 	2.1 	0.7 	2.7 	.114
16 	Brandon Armstrong 	SG 	21 	NJN 	35 	196 	3.8 	.358 	.347 	.118 	.200 	5.7 	3.5 	4.6 	6.5 	1.9 	0.4 	8.2 	22.3 	79 	104 	-0.4 	0.2 	-0.2 	-0.054
17 	Darrell Armstrong 	PG 	33 	ORL 	82 	2730 	16.7 	.553 	.503 	.248 	.481 	3.4 	9.7 	6.5 	25.5 	3.0 	0.3 	16.0 	17.9 	112 	105 	5.0 	2.6 	7.6 	.134
18 	Carlos Arroyo 	PG 	22 	TOT 	37 	371 	12.4 	.467 	.441 	.162 	.018 	3.5 	9.0 	6.2 	31.2 	1.6 	0.2 	16.2 	17.2 	101 	110 	0.2 	0.1 	0.4 	.047
19 	Chucky Atkins 	PG 	27 	DET 	79 	2285 	14.5 	.568 	.553 	.152 	.425 	1.6 	6.5 	4.1 	20.5 	1.7 	0.3 	13.2 	20.0 	108 	106 	3.3 	1.8 	5.1 	.107
20 	Stacey Augmon 	SG 	33 	CHH 	77 	1319 	11.5 	.479 	.427 	.308 	.009 	5.1 	14.3 	9.7 	12.5 	2.3 	0.7 	12.7 	14.8 	102 	103 	0.7 	1.6 	2.3 	.084
21 	Isaac Austin 	C 	32 	MEM 	21 	307 	7.8 	.405 	.391 	.043 	.033 	4.0 	21.8 	12.9 	7.0 	1.5 	1.1 	10.5 	15.5 	85 	104 	-0.3 	0.3 	0.0 	.003
22 	William Avery 	PG 	22 	MIN 	28 	258 	5.4 	.361 	.322 	.211 	.389 	1.8 	8.8 	5.4 	19.9 	1.4 	0.0 	16.2 	20.6 	81 	108 	-0.5 	0.1 	-0.4 	-0.067
23 	Dalibor Bagaric 	C 	21 	CHI 	50 	638 	8.6 	.443 	.404 	.393 	.006 	9.8 	20.1 	14.8 	6.0 	1.4 	2.8 	18.1 	18.4 	86 	105 	-0.7 	0.6 	-0.1 	-0.011
24 	Vin Baker 	C 	30 	SEA 	55 	1710 	14.1 	.517 	.486 	.348 	.012 	11.8 	12.3 	12.1 	7.0 	0.7 	1.6 	14.5 	23.8 	101 	109 	1.3 	0.9 	2.2 	.061
25 	Erick Barkley 	PG 	23 	POR 	19 	228 	9.8 	.401 	.360 	.147 	.103 	2.5 	6.8 	4.6 	22.9 	4.0 	0.3 	14.2 	16.9 	93 	103 	-0.1 	0.3 	0.2 	.044
26 	Dana Barros 	PG 	34 	DET 	29 	582 	10.5 	.473 	.448 	.141 	.370 	0.2 	11.3 	5.8 	22.5 	1.3 	0.2 	13.9 	19.2 	96 	106 	0.0 	0.5 	0.5 	.040
27 	Brent Barry 	SG 	30 	SEA 	81 	3040 	19.3 	.652 	.611 	.296 	.490 	2.3 	14.6 	8.6 	21.3 	2.6 	0.9 	15.6 	16.2 	124 	104 	8.8 	3.3 	12.1 	.191
28 	Jon Barry 	SG 	32 	DET 	82 	1985 	17.7 	.645 	.604 	.222 	.494 	2.5 	11.3 	6.9 	23.2 	2.5 	0.7 	16.2 	16.2 	120 	103 	5.0 	2.5 	7.5 	.180
29 	Mengke Bateer 	C 	26 	DEN 	27 	408 	8.0 	.469 	.417 	.280 	.091 	8.5 	18.8 	13.4 	8.9 	1.3 	0.9 	17.8 	19.8 	92 	107 	-0.2 	0.3 	0.1 	.007
30 	Tony Battie 	C 	25 	BOS 	74 	1819 	14.5 	.570 	.541 	.333 	.005 	10.8 	18.4 	14.5 	3.2 	1.7 	2.9 	10.2 	12.5 	118 	99 	3.2 	3.0 	6.2 	.164
31 	Shane Battier 	SF 	23 	MEM 	78 	3097 	13.9 	.518 	.482 	.294 	.287 	6.5 	8.6 	7.5 	11.9 	2.1 	1.8 	12.5 	18.2 	104 	107 	2.7 	2.1 	4.8 	.074
32 	Charlie Bell 	SG 	22 	TOT 	7 	44 	-1.8 	.337 	.273 	.182 	.545 	5.1 	7.7 	6.4 	6.4 	0.0 	0.0 	29.6 	17.2 	61 	111 	-0.2 	0.0 	-0.2 	-0.172
33 	Raja Bell 	SG 	25 	PHI 	74 	890 	8.6 	.486 	.454 	.200 	.183 	4.0 	10.1 	7.1 	13.4 	1.3 	0.3 	15.5 	15.9 	97 	104 	0.1 	1.0 	1.1 	.059
34 	Jonathan Bender 	SF 	21 	IND 	78 	1647 	10.6 	.538 	.479 	.393 	.272 	4.5 	12.0 	8.4 	6.1 	0.6 	2.1 	15.1 	17.5 	101 	107 	0.8 	1.3 	2.0 	.059
35 	Travis Best 	PG 	29 	TOT 	74 	1747 	14.3 	.511 	.460 	.224 	.114 	1.3 	8.7 	5.0 	31.3 	2.7 	0.3 	14.8 	17.5 	106 	106 	1.9 	1.4 	3.4 	.093
36 	Mike Bibby 	PG 	23 	SAC 	80 	2659 	14.9 	.513 	.479 	.196 	.140 	1.5 	7.3 	4.5 	23.0 	1.6 	0.4 	11.1 	19.7 	107 	105 	3.7 	2.6 	6.3 	.113
37 	Chauncey Billups 	PG 	25 	MIN 	82 	2355 	17.6 	.555 	.498 	.284 	.383 	1.7 	9.2 	5.5 	29.2 	1.5 	0.5 	13.0 	20.4 	116 	108 	6.1 	1.5 	7.6 	.156
38 	Mookie Blaylock 	PG 	34 	GSW 	35 	599 	9.2 	.398 	.394 	.055 	.288 	1.4 	8.1 	4.7 	28.2 	2.0 	0.5 	19.8 	13.1 	92 	111 	-0.2 	0.1 	-0.1 	-0.004
39 	Corie Blount 	PF 	33 	PHI 	72 	1426 	10.2 	.478 	.458 	.179 	.004 	12.0 	17.2 	14.6 	4.9 	1.9 	1.4 	16.1 	10.4 	103 	100 	0.7 	2.4 	3.1 	.104
40 	Mark Blount 	C 	26 	BOS 	44 	415 	9.3 	.509 	.421 	.487 	.000 	6.7 	16.0 	11.2 	3.8 	2.0 	3.6 	20.0 	12.7 	96 	99 	0.0 	0.7 	0.7 	.081
41 	Calvin Booth 	C 	25 	SEA 	15 	279 	11.9 	.502 	.427 	.293 	.000 	8.6 	14.1 	11.4 	8.6 	1.2 	3.5 	14.7 	18.1 	103 	105 	0.2 	0.3 	0.5 	.082
42 	Ruben Boumtje-Boumtje 	C 	23 	POR 	33 	245 	6.5 	.453 	.406 	.781 	.000 	10.0 	16.5 	13.2 	2.3 	0.7 	5.0 	24.6 	10.6 	88 	103 	-0.1 	0.3 	0.2 	.030
43 	Cal Bowdler 	PF 	24 	ATL 	52 	585 	9.4 	.416 	.353 	.270 	.029 	7.4 	14.1 	10.7 	3.0 	1.6 	1.9 	5.3 	15.9 	96 	106 	0.0 	0.5 	0.5 	.039
44 	Bruce Bowen 	SF 	30 	SAS 	59 	1699 	8.2 	.468 	.460 	.241 	.372 	2.9 	7.9 	5.5 	8.1 	1.9 	1.0 	13.0 	13.9 	94 	102 	-0.3 	2.2 	1.9 	.054
45 	Ryan Bowen 	SF 	26 	DEN 	75 	1686 	11.4 	.524 	.480 	.300 	.039 	8.6 	11.7 	10.1 	4.8 	2.4 	1.8 	10.6 	10.3 	113 	107 	1.9 	1.2 	3.1 	.088
46 	Ira Bowman 	SG 	28 	PHI 	3 	29 	16.4 	.714 	.714 	.000 	.143 	0.0 	3.9 	2.0 	6.4 	3.7 	0.0 	0.0 	11.1 	147 	101 	0.1 	0.0 	0.1 	.210
47 	Earl Boykins 	PG 	25 	LAC 	68 	761 	13.9 	.464 	.424 	.222 	.153 	4.1 	4.0 	4.0 	31.5 	1.4 	0.2 	12.7 	20.5 	105 	111 	0.9 	0.2 	1.0 	.065
48 	Michael Bradley 	PF 	22 	TOR 	26 	118 	9.9 	.526 	.520 	.320 	.080 	6.6 	17.1 	11.7 	4.0 	0.0 	3.8 	17.4 	13.4 	97 	105 	0.0 	0.1 	0.1 	.053
49 	Shawn Bradley 	C 	29 	DAL 	53 	757 	14.6 	.562 	.479 	.393 	.006 	7.9 	17.8 	12.9 	3.8 	1.9 	6.0 	11.6 	12.9 	116 	102 	1.3 	1.0 	2.3 	.144
50 	Elton Brand 	PF 	22 	LAC 	80 	3020 	23.6 	.586 	.527 	.519 	.000 	15.0 	19.6 	17.3 	11.0 	1.4 	3.7 	12.2 	21.1 	120 	103 	9.9 	3.7 	13.6 	.216
51 	Terrell Brandon 	PG 	31 	MIN 	32 	962 	21.2 	.494 	.430 	.230 	.063 	2.1 	9.0 	5.6 	42.8 	2.9 	0.5 	9.7 	20.9 	117 	105 	2.8 	0.9 	3.7 	.186
52 	Jamison Brewer 	SG 	21 	IND 	13 	43 	10.0 	.400 	.400 	.000 	.200 	5.4 	15.4 	10.5 	30.3 	2.4 	0.0 	37.5 	8.4 	95 	103 	0.0 	0.1 	0.0 	.052
53 	Primoz Brezec 	C 	22 	IND 	22 	160 	9.8 	.538 	.483 	.862 	.000 	11.6 	8.3 	9.9 	5.8 	0.0 	3.1 	13.0 	13.0 	113 	108 	0.2 	0.1 	0.3 	.096
54 	Chucky Brown 	SF 	33 	SAC 	18 	92 	10.1 	.377 	.370 	.074 	.000 	11.8 	26.2 	19.2 	9.1 	1.1 	2.9 	15.2 	15.6 	88 	98 	-0.1 	0.2 	0.1 	.052
55 	Damone Brown 	SF 	22 	PHI 	17 	67 	1.6 	.469 	.381 	.381 	.048 	3.4 	3.4 	3.4 	5.0 	0.8 	1.1 	26.8 	22.9 	76 	107 	-0.2 	0.1 	-0.1 	-0.096
56 	Dee Brown 	PG 	33 	ORL 	7 	65 	-3.2 	.175 	.175 	.000 	.600 	0.0 	15.6 	7.7 	4.2 	2.4 	1.1 	16.7 	16.5 	37 	104 	-0.4 	0.1 	-0.3 	-0.214
57 	Ernest Brown 	C 	22 	MIA 	3 	21 	-9.7 	.193 	.167 	.667 	.000 	5.6 	27.6 	16.7 	0.0 	0.0 	3.7 	27.9 	24.5 	35 	98 	-0.2 	0.0 	-0.2 	-0.349
58 	Kedrick Brown 	SF 	20 	BOS 	29 	245 	11.9 	.400 	.364 	.286 	.386 	4.8 	17.9 	11.2 	9.8 	3.8 	2.2 	8.2 	16.0 	90 	96 	-0.1 	0.5 	0.4 	.075
59 	Kwame Brown 	PF 	19 	WAS 	57 	817 	11.2 	.450 	.387 	.407 	.004 	8.9 	19.4 	14.1 	8.4 	1.1 	2.4 	13.0 	18.6 	96 	105 	0.0 	0.8 	0.8 	.048
60 	P.J. Brown 	C 	32 	CHH 	80 	2563 	15.1 	.545 	.474 	.374 	.000 	12.2 	22.8 	17.5 	6.6 	1.2 	2.2 	12.2 	12.4 	118 	101 	4.6 	3.6 	8.2 	.154
61 	Randy Brown 	PG 	33 	BOS 	1 	6 	8.6 	.000 	.000 	.000 	.000 	0.0 	0.0 	0.0 	46.4 	0.0 	13.0 	0.0 	7.6 	84 	102 	0.0 	0.0 	0.0 	.025
62 	Tierre Brown 	SG 	22 	HOU 	40 	403 	12.4 	.483 	.443 	.243 	.104 	3.4 	8.6 	6.0 	29.5 	2.6 	0.5 	23.9 	19.3 	94 	109 	-0.1 	0.2 	0.1 	.006
63 	Rick Brunson 	PG 	29 	POR 	59 	520 	12.2 	.477 	.425 	.363 	.097 	5.1 	10.3 	7.7 	32.7 	2.6 	0.3 	26.4 	15.6 	99 	105 	0.2 	0.5 	0.7 	.066
64 	Kobe Bryant 	SG 	23 	LAL 	80 	3063 	23.2 	.544 	.479 	.369 	.083 	4.1 	11.7 	7.9 	25.9 	2.0 	0.8 	10.7 	30.4 	112 	103 	8.9 	3.8 	12.7 	.199
65 	Mark Bryant 	PF 	36 	SAS 	30 	206 	11.5 	.478 	.455 	.145 	.000 	14.4 	10.3 	12.3 	7.9 	1.8 	0.7 	9.3 	14.6 	111 	102 	0.3 	0.3 	0.6 	.133
66 	Greg Buckner 	SG 	25 	DAL 	44 	885 	13.3 	.566 	.538 	.293 	.081 	8.6 	13.1 	10.9 	7.9 	1.8 	1.5 	10.8 	12.8 	119 	107 	1.7 	0.6 	2.3 	.126
67 	Jud Buechler 	SF 	33 	TOT 	66 	684 	7.8 	.463 	.462 	.034 	.508 	4.7 	14.3 	9.5 	6.5 	1.6 	0.8 	11.1 	8.8 	102 	106 	0.2 	0.6 	0.8 	.059
68 	Rodney Buford 	SG 	24 	MEM 	63 	1769 	10.1 	.470 	.449 	.135 	.118 	3.3 	13.9 	8.6 	7.0 	1.3 	0.5 	9.1 	17.8 	95 	108 	-0.2 	1.0 	0.8 	.022
69 	Matt Bullard 	PF 	34 	CHH 	31 	350 	6.8 	.436 	.409 	.104 	.496 	3.3 	12.0 	7.7 	7.4 	0.3 	0.4 	9.1 	17.3 	94 	108 	-0.1 	0.2 	0.1 	.016
70 	Mitchell Butler 	SG 	31 	POR 	11 	90 	9.4 	.513 	.457 	.522 	.130 	7.7 	10.6 	9.1 	8.6 	0.0 	0.8 	15.0 	16.9 	104 	110 	0.1 	0.0 	0.1 	.057
71 	Jason Caffey 	PF 	28 	MIL 	23 	283 	11.2 	.544 	.500 	.597 	.014 	10.3 	10.1 	10.2 	6.7 	0.8 	1.3 	17.3 	18.2 	104 	110 	0.2 	0.1 	0.3 	.056
72 	Marcus Camby 	C 	27 	NYK 	29 	1007 	15.1 	.483 	.448 	.341 	.003 	10.2 	26.8 	18.5 	5.6 	1.8 	3.7 	11.2 	17.4 	100 	100 	0.5 	1.7 	2.1 	.102
73 	Elden Campbell 	PF 	33 	CHH 	77 	2156 	19.5 	.558 	.484 	.484 	.003 	7.0 	21.0 	14.0 	8.5 	1.5 	4.6 	12.5 	23.3 	109 	100 	4.0 	3.5 	7.6 	.168
74 	Brian Cardinal 	PF 	24 	DET 	8 	43 	15.9 	.612 	.577 	.154 	.538 	5.5 	10.9 	8.2 	8.0 	1.2 	0.0 	0.0 	15.2 	134 	106 	0.1 	0.0 	0.2 	.201
75 	Anthony Carter 	PG 	26 	MIA 	46 	1050 	8.9 	.359 	.344 	.138 	.073 	2.1 	10.8 	6.5 	33.0 	2.6 	0.2 	20.7 	15.8 	84 	100 	-1.4 	1.6 	0.2 	.008
76 	Vince Carter 	SG 	25 	TOR 	60 	2385 	20.5 	.515 	.474 	.235 	.239 	6.4 	8.7 	7.5 	19.9 	2.1 	1.3 	9.6 	30.5 	107 	105 	4.6 	2.4 	7.0 	.140
77 	Sam Cassell 	PG 	32 	MIL 	74 	2605 	21.3 	.545 	.492 	.274 	.170 	2.5 	10.9 	6.9 	34.3 	1.8 	0.3 	11.7 	27.3 	112 	109 	7.2 	1.4 	8.6 	.158
78 	Kelvin Cato 	C 	27 	HOU 	75 	1917 	15.0 	.599 	.583 	.595 	.003 	10.4 	21.1 	15.7 	2.5 	1.1 	3.4 	11.4 	11.2 	122 	106 	3.6 	1.7 	5.3 	.133
79 	Tyson Chandler 	C 	19 	CHI 	71 	1389 	13.0 	.543 	.497 	.730 	.000 	9.3 	19.8 	14.4 	6.5 	1.1 	5.0 	19.8 	16.6 	99 	105 	0.4 	1.4 	1.8 	.062
80 	Calbert Cheaney 	SG 	30 	DEN 	68 	1631 	10.3 	.499 	.481 	.144 	.009 	3.8 	13.4 	8.4 	11.3 	1.1 	1.0 	12.4 	15.5 	100 	110 	0.6 	0.6 	1.2 	.037
81 	Chris Childs 	PG 	34 	TOR 	69 	1576 	8.8 	.435 	.383 	.240 	.405 	1.3 	10.2 	5.6 	32.9 	1.9 	0.2 	27.3 	13.0 	94 	105 	-0.4 	1.5 	1.1 	.033
82 	Doug Christie 	SG 	31 	SAC 	81 	2798 	15.2 	.578 	.521 	.329 	.348 	2.9 	11.2 	7.1 	17.2 	2.9 	0.6 	16.3 	15.6 	112 	101 	4.4 	4.2 	8.6 	.148
83 	Keon Clark 	C 	26 	TOR 	81 	2185 	16.7 	.522 	.490 	.297 	.006 	9.3 	22.9 	15.8 	7.1 	1.4 	4.2 	13.8 	21.2 	102 	99 	1.7 	3.6 	5.3 	.116
84 	Speedy Claxton 	PG 	23 	PHI 	67 	1528 	12.6 	.469 	.405 	.301 	.073 	3.5 	8.4 	5.9 	21.9 	3.4 	0.3 	15.7 	18.2 	98 	100 	0.4 	2.4 	2.8 	.087
85 	Mateen Cleaves 	PG 	24 	SAC 	32 	153 	8.8 	.486 	.456 	.132 	.118 	0.7 	4.8 	2.8 	25.9 	2.3 	0.0 	27.3 	28.1 	81 	105 	-0.4 	0.2 	-0.3 	-0.082
86 	Derrick Coleman 	PF 	34 	PHI 	58 	2080 	16.2 	.524 	.469 	.309 	.113 	9.2 	18.5 	13.9 	8.5 	1.1 	1.9 	12.5 	21.0 	106 	101 	2.7 	3.2 	5.9 	.135
87 	Bimbo Coles 	PG 	33 	CLE 	47 	693 	8.8 	.459 	.397 	.253 	.137 	2.1 	7.2 	4.7 	23.3 	1.0 	0.4 	16.0 	12.8 	102 	113 	0.4 	0.0 	0.4 	.027
88 	Jason Collier 	C 	24 	HOU 	25 	365 	11.1 	.486 	.432 	.337 	.011 	9.6 	16.2 	12.8 	4.1 	0.9 	0.7 	10.6 	15.5 	105 	110 	0.3 	0.1 	0.4 	.057
89 	Jarron Collins 	C 	23 	UTA 	70 	1440 	11.5 	.532 	.461 	.528 	.003 	11.5 	13.3 	12.4 	6.6 	1.1 	1.2 	11.7 	15.0 	113 	107 	2.3 	1.0 	3.3 	.111
90 	Jason Collins 	C 	23 	NJN 	77 	1407 	10.7 	.500 	.423 	.590 	.007 	10.5 	13.6 	12.0 	8.4 	1.1 	2.4 	17.1 	13.5 	104 	101 	1.0 	2.0 	3.0 	.104
91 	Chris Crawford 	PF 	26 	ATL 	7 	131 	11.5 	.514 	.467 	.333 	.022 	7.8 	14.0 	10.9 	6.7 	0.8 	2.8 	16.2 	21.3 	96 	107 	0.0 	0.1 	0.1 	.035
92 	Jamal Crawford 	PG 	21 	CHI 	23 	481 	15.3 	.555 	.545 	.070 	.310 	1.2 	7.2 	4.1 	21.8 	2.0 	0.8 	14.2 	21.5 	102 	110 	0.4 	0.2 	0.6 	.055
93 	Joe Crispin 	PG 	22 	TOT 	21 	156 	17.1 	.536 	.493 	.191 	.574 	1.4 	6.6 	4.0 	27.4 	1.7 	0.0 	11.9 	24.0 	111 	108 	0.3 	0.1 	0.4 	.136
94 	Austin Croshere 	PF 	26 	IND 	76 	1286 	14.3 	.518 	.468 	.254 	.324 	6.7 	18.8 	12.9 	10.1 	1.1 	1.6 	11.9 	19.9 	104 	104 	1.2 	1.4 	2.6 	.098
95 	John Crotty 	PG 	32 	UTA 	41 	802 	14.5 	.599 	.546 	.317 	.332 	2.4 	8.9 	5.6 	29.2 	1.3 	0.1 	17.7 	16.2 	117 	109 	1.8 	0.4 	2.2 	.129
96 	Vonteego Cummings 	PG 	25 	PHI 	58 	501 	11.8 	.477 	.449 	.171 	.246 	3.2 	8.5 	5.9 	21.6 	1.9 	0.8 	15.2 	21.7 	96 	103 	0.0 	0.6 	0.6 	.060
97 	Dell Curry 	SG 	37 	TOR 	56 	886 	12.0 	.495 	.471 	.107 	.378 	2.9 	7.8 	5.2 	11.9 	1.3 	0.5 	10.1 	20.8 	101 	107 	0.6 	0.6 	1.2 	.063
98 	Eddy Curry 	C 	19 	CHI 	72 	1150 	14.4 	.540 	.501 	.424 	.000 	11.0 	16.8 	13.8 	4.0 	0.7 	3.4 	13.4 	20.7 	103 	107 	1.0 	0.8 	1.8 	.075
99 	Michael Curry 	SG 	33 	DET 	82 	1912 	6.2 	.521 	.466 	.330 	.094 	0.9 	9.4 	5.2 	10.1 	1.3 	0.4 	16.0 	9.3 	102 	106 	0.7 	1.6 	2.3 	.057
100 	Samuel Dalembert 	C 	20 	PHI 	34 	177 	13.2 	.440 	.440 	.360 	.000 	16.2 	27.3 	21.8 	4.8 	1.8 	5.6 	19.5 	18.6 	88 	93 	-0.2 	0.4 	0.3 	.072
101 	Erick Dampier 	C 	26 	GSW 	73 	1740 	11.3 	.484 	.435 	.440 	.000 	10.0 	13.9 	11.9 	7.8 	0.5 	6.5 	21.4 	17.6 	92 	108 	-0.8 	1.1 	0.3 	.009
102 	Antonio Daniels 	SG 	26 	SAS 	82 	2175 	13.4 	.534 	.486 	.343 	.320 	1.3 	7.8 	4.7 	17.2 	1.2 	0.4 	9.0 	16.6 	113 	104 	3.7 	2.3 	5.9 	.131
103 	Antonio Davis 	PF 	33 	TOR 	77 	2978 	14.8 	.497 	.426 	.372 	.001 	9.5 	19.4 	14.3 	8.7 	1.0 	2.1 	12.4 	19.6 	104 	103 	3.0 	3.6 	6.5 	.105
104 	Baron Davis 	PG 	22 	CHH 	82 	3318 	18.2 	.498 	.480 	.252 	.356 	3.2 	8.8 	6.0 	37.3 	2.8 	1.0 	14.2 	23.9 	105 	104 	4.4 	3.8 	8.2 	.118
105 	Dale Davis 	C 	32 	POR 	78 	2447 	16.6 	.551 	.510 	.366 	.000 	12.4 	20.7 	16.5 	6.2 	1.4 	2.6 	8.4 	13.7 	122 	103 	5.4 	3.1 	8.5 	.168
106 	Emanual Davis 	PG 	33 	ATL 	28 	774 	6.5 	.449 	.427 	.091 	.429 	2.8 	8.2 	5.5 	13.7 	1.8 	0.5 	20.2 	15.1 	87 	109 	-0.7 	0.4 	-0.3 	-0.019
107 	Hubert Davis 	SG 	31 	WAS 	51 	1231 	10.7 	.544 	.535 	.064 	.387 	0.7 	6.7 	3.6 	13.9 	1.2 	0.2 	11.6 	14.2 	109 	111 	1.3 	0.4 	1.7 	.065
108 	Ricky Davis 	SF 	22 	CLE 	82 	1954 	15.9 	.539 	.488 	.318 	.045 	3.8 	10.7 	7.3 	16.6 	1.9 	0.9 	14.3 	24.4 	103 	109 	1.9 	0.8 	2.8 	.068
109 	Andrew DeClercq 	C 	28 	ORL 	61 	633 	10.1 	.474 	.450 	.336 	.000 	13.0 	15.8 	14.4 	5.2 	1.9 	2.7 	16.6 	14.5 	100 	103 	0.2 	0.8 	1.0 	.073
110 	Vinny Del Negro 	PG 	35 	PHO 	2 	6 	7.1 	.250 	.250 	.000 	.000 	0.0 	0.0 	0.0 	54.3 	0.0 	0.0 	0.0 	29.9 	81 	114 	0.0 	0.0 	0.0 	-0.141
111 	Tony Delk 	SG 	28 	TOT 	63 	1447 	13.8 	.473 	.441 	.165 	.364 	4.4 	11.4 	7.8 	15.2 	1.9 	0.5 	8.6 	21.5 	102 	105 	1.0 	1.5 	2.5 	.084
112 	Derrick Dial 	SG 	26 	TOT 	32 	299 	11.0 	.387 	.346 	.200 	.092 	5.2 	16.0 	10.6 	18.6 	1.8 	1.0 	10.9 	22.1 	88 	101 	-0.3 	0.4 	0.1 	.020
113 	Michael Dickerson 	SG 	26 	MEM 	4 	124 	6.4 	.425 	.396 	.125 	.438 	2.7 	8.1 	5.4 	12.1 	1.3 	0.6 	13.6 	21.5 	85 	110 	-0.2 	0.0 	-0.1 	-0.050
114 	DeSagana Diop 	C 	20 	CLE 	18 	109 	3.2 	.401 	.414 	.172 	.000 	5.4 	12.8 	9.2 	7.3 	0.5 	6.7 	27.8 	18.2 	67 	107 	-0.4 	0.1 	-0.3 	-0.124
115 	Vlade Divac 	C 	33 	SAC 	80 	2420 	17.0 	.513 	.474 	.475 	.018 	9.2 	20.2 	14.8 	17.9 	1.6 	2.6 	15.4 	18.4 	107 	99 	3.1 	4.2 	7.3 	.145
116 	Michael Doleac 	C 	24 	CLE 	42 	705 	8.8 	.468 	.417 	.246 	.000 	7.9 	20.0 	14.0 	5.6 	1.1 	1.1 	15.1 	15.9 	95 	108 	-0.1 	0.4 	0.3 	.022
117 	Keyon Dooling 	PG 	21 	LAC 	14 	155 	7.4 	.466 	.421 	.211 	.246 	0.0 	2.2 	1.1 	12.7 	1.4 	1.3 	13.8 	21.1 	92 	111 	-0.1 	0.0 	0.0 	-0.010
118 	Bryce Drew 	PG 	27 	CHH 	61 	774 	12.4 	.539 	.514 	.159 	.401 	2.1 	8.5 	5.3 	20.7 	2.2 	0.2 	14.5 	13.4 	111 	106 	1.0 	0.7 	1.7 	.105
119 	Predrag Drobnjak 	C 	26 	SEA 	64 	1174 	12.7 	.490 	.461 	.176 	.005 	7.7 	14.2 	11.0 	6.9 	0.9 	2.0 	10.3 	19.7 	102 	107 	0.8 	0.8 	1.6 	.065
120 	Chris Dudley 	C 	36 	POR 	43 	327 	7.1 	.424 	.400 	.300 	.040 	9.6 	19.3 	14.4 	5.7 	0.5 	3.3 	19.8 	9.9 	93 	104 	-0.1 	0.4 	0.3 	.042
121 	Tim Duncan 	PF 	25 	SAS 	82 	3329 	27.0 	.576 	.508 	.466 	.007 	9.6 	25.9 	18.0 	18.3 	1.0 	4.3 	12.7 	29.0 	114 	96 	10.7 	7.1 	17.8 	.257
122 	Howard Eisley 	PG 	29 	NYK 	39 	609 	8.5 	.435 	.377 	.280 	.331 	1.7 	7.6 	4.7 	26.7 	2.1 	0.4 	21.2 	19.1 	87 	108 	-0.7 	0.4 	-0.3 	-0.021
123 	Obinna Ekezie 	PF 	26 	LAC 	29 	152 	11.0 	.477 	.333 	1.026 	.000 	9.0 	16.2 	12.7 	3.0 	0.7 	2.7 	15.0 	19.8 	98 	106 	0.0 	0.1 	0.2 	.048
124 	LaPhonso Ellis 	SF 	31 	MIA 	66 	1684 	9.1 	.480 	.460 	.186 	.274 	7.5 	12.4 	10.0 	5.6 	1.0 	1.7 	13.0 	15.9 	96 	102 	0.0 	2.2 	2.2 	.063
125 	Evan Eschmeyer 	C 	26 	DAL 	31 	299 	9.9 	.480 	.420 	.660 	.000 	13.2 	23.1 	18.2 	4.1 	1.7 	2.2 	19.9 	12.2 	102 	103 	0.2 	0.4 	0.5 	.083
126 	Maurice Evans 	SG 	23 	MIN 	10 	45 	11.5 	.506 	.474 	.211 	.158 	7.8 	2.5 	5.1 	14.8 	0.0 	0.0 	8.8 	22.9 	108 	113 	0.1 	0.0 	0.1 	.079
127 	Patrick Ewing 	C 	39 	ORL 	65 	901 	14.4 	.497 	.444 	.402 	.003 	7.4 	25.3 	16.3 	6.3 	1.3 	3.5 	14.2 	22.7 	96 	101 	0.0 	1.3 	1.4 	.073
128 	Danny Ferry 	SF 	35 	SAS 	50 	799 	11.2 	.594 	.551 	.203 	.559 	2.2 	10.4 	6.5 	9.4 	1.1 	0.8 	10.2 	12.5 	119 	103 	1.4 	0.9 	2.3 	.140
129 	Michael Finley 	SF 	28 	DAL 	69 	2754 	17.6 	.532 	.494 	.204 	.182 	3.7 	10.7 	7.3 	14.0 	1.2 	0.6 	8.0 	23.9 	110 	110 	5.3 	1.0 	6.3 	.110
130 	Derek Fisher 	PG 	27 	LAL 	70 	1974 	14.0 	.550 	.520 	.167 	.524 	0.8 	7.2 	4.1 	13.9 	1.7 	0.3 	8.0 	17.6 	114 	105 	3.7 	1.8 	5.5 	.134
131 	Marcus Fizer 	PF 	23 	CHI 	76 	1963 	14.2 	.482 	.442 	.334 	.048 	7.4 	18.3 	12.7 	11.7 	1.3 	0.9 	11.9 	25.9 	95 	108 	-0.2 	1.3 	1.1 	.026
132 	Isaac Fontaine 	SG 	26 	MEM 	6 	75 	-0.9 	.331 	.250 	.429 	.357 	0.0 	7.4 	3.7 	7.8 	0.0 	0.0 	19.4 	12.5 	66 	113 	-0.2 	0.0 	-0.2 	-0.112
133 	Alton Ford 	PF 	20 	PHO 	53 	452 	10.0 	.573 	.517 	.483 	.000 	7.9 	19.0 	13.4 	2.4 	0.7 	1.1 	18.3 	17.3 	103 	105 	0.3 	0.5 	0.8 	.083
134 	Joseph Forte 	SG 	20 	BOS 	8 	39 	2.8 	.218 	.083 	.333 	.250 	2.7 	14.4 	8.4 	22.2 	2.7 	0.0 	17.9 	19.6 	60 	101 	-0.2 	0.1 	-0.1 	-0.144
135 	Danny Fortson 	PF 	25 	GSW 	77 	2216 	15.9 	.504 	.429 	.427 	.006 	13.7 	30.3 	21.8 	9.3 	1.0 	0.5 	15.7 	19.3 	105 	105 	2.5 	2.1 	4.5 	.098
136 	Greg Foster 	PF 	33 	MIL 	6 	24 	4.8 	.325 	.222 	.444 	.444 	0.0 	36.8 	19.3 	6.1 	0.0 	0.0 	0.0 	21.0 	79 	103 	0.0 	0.0 	0.0 	-0.039
137 	Jeff Foster 	C 	25 	IND 	82 	1786 	12.9 	.493 	.452 	.462 	.038 	13.3 	21.6 	17.6 	6.1 	2.1 	1.5 	14.3 	14.0 	105 	101 	1.5 	2.7 	4.2 	.113
138 	Antonis Fotsis 	PF 	20 	MEM 	28 	320 	11.3 	.479 	.438 	.192 	.221 	8.7 	12.9 	10.8 	5.3 	1.5 	2.4 	15.7 	19.0 	93 	107 	-0.1 	0.2 	0.1 	.017
139 	Tremaine Fowlkes 	SF 	25 	LAC 	22 	343 	9.5 	.477 	.391 	.484 	.000 	10.7 	10.4 	10.6 	7.3 	1.7 	0.2 	14.3 	11.9 	107 	108 	0.3 	0.2 	0.5 	.071
140 	Rick Fox 	SF 	32 	LAL 	82 	2289 	11.3 	.502 	.475 	.140 	.344 	4.4 	14.3 	9.4 	18.1 	1.5 	0.7 	17.0 	15.2 	103 	103 	1.5 	2.8 	4.3 	.091
141 	Adonal Foyle 	C 	26 	GSW 	79 	1485 	12.5 	.445 	.444 	.242 	.000 	10.6 	17.3 	13.9 	4.3 	1.2 	7.7 	15.1 	14.2 	93 	104 	-0.4 	1.6 	1.2 	.039
142 	Steve Francis 	PG 	24 	HOU 	57 	2343 	19.1 	.517 	.451 	.419 	.209 	4.9 	14.8 	9.8 	29.1 	1.6 	0.7 	15.6 	28.0 	104 	109 	3.2 	1.2 	4.4 	.091
143 	Lawrence Funderburke 	PF 	31 	SAC 	56 	722 	13.8 	.490 	.469 	.229 	.012 	11.5 	17.7 	14.6 	6.6 	0.8 	1.7 	10.9 	18.2 	104 	102 	0.6 	1.0 	1.6 	.105
144 	Kevin Garnett 	PF 	25 	MIN 	81 	3175 	23.8 	.536 	.484 	.320 	.083 	9.0 	26.5 	17.8 	22.4 	1.6 	2.9 	12.5 	26.0 	111 	101 	7.9 	4.9 	12.8 	.194
145 	Dean Garrett 	C 	35 	TOT 	34 	183 	6.3 	.320 	.327 	.055 	.000 	10.0 	25.4 	17.8 	3.9 	2.0 	4.0 	15.1 	16.1 	74 	99 	-0.4 	0.3 	-0.1 	-0.024
146 	Pat Garrity 	PF 	25 	ORL 	80 	2406 	12.3 	.553 	.537 	.095 	.516 	3.6 	12.2 	7.8 	6.4 	1.3 	0.8 	7.8 	16.1 	111 	107 	3.4 	1.7 	5.1 	.101
147 	Pau Gasol 	C 	21 	MEM 	82 	3007 	19.5 	.566 	.518 	.448 	.005 	8.8 	18.2 	13.5 	13.8 	0.7 	3.9 	15.0 	22.6 	108 	105 	4.8 	2.8 	7.6 	.121
148 	Chris Gatling 	PF 	34 	MIA 	54 	809 	13.4 	.501 	.449 	.399 	.027 	10.3 	19.3 	14.9 	5.7 	1.2 	1.0 	14.4 	23.7 	97 	100 	0.1 	1.3 	1.4 	.081
149 	Matt Geiger 	C 	32 	PHI 	4 	36 	-1.6 	.169 	.125 	.250 	.000 	9.6 	9.4 	9.5 	0.0 	0.0 	4.2 	18.4 	13.8 	48 	104 	-0.1 	0.0 	-0.1 	-0.145
150 	Devean George 	SF 	24 	LAL 	82 	1759 	12.6 	.502 	.474 	.241 	.340 	4.9 	14.0 	9.5 	9.4 	2.1 	1.7 	10.2 	16.4 	105 	101 	1.6 	2.6 	4.2 	.113
151 	Eddie Gill 	PG 	23 	MEM 	23 	384 	9.2 	.531 	.462 	.424 	.239 	2.0 	6.1 	4.1 	20.6 	1.5 	0.5 	23.7 	16.9 	95 	110 	0.0 	0.1 	0.1 	.011
152 	Kendall Gill 	SG 	33 	MIA 	65 	1410 	7.6 	.414 	.391 	.147 	.104 	2.4 	12.7 	7.6 	12.1 	1.7 	0.4 	10.9 	17.1 	87 	101 	-1.3 	2.0 	0.7 	.023
153 	Dion Glover 	SG 	23 	ATL 	55 	1156 	13.1 	.491 	.454 	.226 	.200 	3.5 	13.2 	8.3 	12.8 	2.0 	0.9 	13.2 	22.6 	96 	107 	0.0 	0.9 	0.9 	.037
154 	Steve Goodrich 	SF 	25 	NJN 	9 	50 	-0.9 	.230 	.200 	.200 	.000 	2.2 	9.0 	5.6 	13.8 	1.0 	2.9 	21.6 	12.4 	59 	102 	-0.1 	0.1 	-0.1 	-0.078
155 	Brian Grant 	PF 	29 	MIA 	72 	2256 	12.7 	.508 	.469 	.195 	.003 	8.8 	20.9 	14.9 	10.5 	1.2 	1.1 	15.6 	16.6 	101 	100 	1.1 	3.7 	4.8 	.103
156 	Horace Grant 	C 	36 	ORL 	76 	2210 	13.9 	.539 	.513 	.216 	.000 	8.0 	16.4 	12.2 	7.1 	1.3 	1.6 	8.3 	12.5 	117 	105 	3.6 	2.0 	5.6 	.122
157 	Adrian Griffin 	SG 	27 	DAL 	58 	1383 	14.2 	.545 	.521 	.136 	.150 	5.6 	12.7 	9.2 	11.3 	2.8 	0.6 	9.9 	13.8 	115 	106 	2.3 	1.2 	3.5 	.121
158 	Eddie Griffin 	PF 	19 	HOU 	73 	1896 	13.8 	.456 	.434 	.129 	.410 	7.0 	18.2 	12.5 	4.8 	0.5 	4.8 	6.3 	18.4 	101 	107 	1.0 	1.4 	2.4 	.061
159 	Tom Gugliotta 	PF 	32 	PHO 	44 	1129 	9.7 	.449 	.427 	.123 	.030 	5.8 	16.4 	11.1 	10.2 	1.8 	1.9 	16.1 	15.0 	92 	103 	-0.4 	1.4 	0.9 	.040
160 	A.J. Guyton 	PG 	23 	CHI 	45 	607 	11.8 	.477 	.455 	.111 	.504 	2.3 	6.3 	4.2 	23.6 	0.9 	0.9 	12.6 	22.2 	97 	112 	0.0 	0.0 	0.1 	.006
161 	Darvin Ham 	SF 	28 	MIL 	70 	1208 	9.7 	.571 	.571 	.583 	.033 	9.1 	10.1 	9.7 	9.1 	1.1 	2.2 	23.8 	13.5 	102 	109 	0.7 	0.6 	1.2 	.050
162 	Richard Hamilton 	SG 	23 	WAS 	63 	2203 	16.9 	.511 	.443 	.311 	.039 	3.8 	7.6 	5.7 	14.6 	0.9 	0.5 	9.7 	28.6 	105 	111 	3.4 	0.6 	4.0 	.087
163 	Tang Hamilton 	SF 	23 	MIA 	9 	98 	10.9 	.514 	.526 	.053 	.053 	7.2 	14.2 	10.7 	8.5 	2.2 	0.0 	9.3 	10.4 	110 	100 	0.1 	0.2 	0.2 	.120
164 	Zendon Hamilton 	PF 	26 	DEN 	54 	848 	13.5 	.499 	.420 	.739 	.000 	14.1 	20.2 	17.0 	2.7 	1.3 	1.6 	15.6 	20.3 	100 	107 	0.4 	0.6 	1.1 	.061
165 	Anfernee Hardaway 	SG 	30 	PHO 	80 	2462 	13.9 	.472 	.430 	.209 	.089 	4.4 	11.7 	8.0 	21.1 	2.6 	0.9 	15.7 	21.9 	96 	104 	0.1 	2.8 	2.9 	.056
166 	Tim Hardaway 	PG 	35 	TOT 	68 	1601 	13.6 	.492 	.464 	.156 	.571 	1.0 	7.7 	4.3 	27.0 	1.9 	0.4 	14.3 	21.8 	102 	110 	1.2 	0.6 	1.8 	.053
167 	Matt Harpring 	SF 	25 	PHI 	81 	2541 	14.1 	.512 	.473 	.265 	.082 	9.2 	16.3 	12.8 	7.5 	1.5 	0.1 	12.0 	19.1 	105 	102 	2.6 	3.6 	6.1 	.115
168 	Al Harrington 	PF 	21 	IND 	44 	1313 	14.3 	.526 	.476 	.298 	.006 	8.5 	15.1 	11.9 	7.3 	1.6 	1.1 	12.5 	21.6 	103 	104 	1.2 	1.4 	2.6 	.094
169 	Othella Harrington 	PF 	28 	NYK 	77 	1563 	13.0 	.567 	.527 	.382 	.004 	9.3 	16.6 	12.9 	4.2 	1.0 	1.7 	15.3 	18.5 	105 	106 	1.6 	1.4 	3.0 	.092
170 	Lucious Harris 	SG 	31 	NJN 	74 	1553 	15.7 	.556 	.505 	.294 	.220 	3.5 	11.5 	7.5 	12.3 	1.8 	0.3 	9.1 	19.3 	113 	102 	3.0 	2.1 	5.1 	.157
171 	Jason Hart 	PG 	23 	SAS 	10 	92 	13.5 	.601 	.526 	.316 	.105 	5.2 	10.9 	8.1 	20.9 	4.1 	0.8 	27.0 	15.0 	106 	97 	0.1 	0.2 	0.3 	.142
172 	Antonio Harvey 	PF 	31 	SEA 	5 	47 	7.8 	.349 	.333 	.167 	.000 	12.8 	9.9 	11.3 	15.1 	1.1 	4.8 	18.9 	15.7 	87 	106 	0.0 	0.0 	0.0 	-0.007
173 	Donnell Harvey 	PF 	21 	TOT 	47 	841 	14.1 	.526 	.498 	.415 	.000 	10.4 	20.5 	15.3 	7.2 	1.3 	2.1 	11.4 	15.4 	110 	106 	1.1 	0.7 	1.8 	.105
174 	Trenton Hassell 	SG 	22 	CHI 	78 	2237 	10.4 	.502 	.473 	.182 	.263 	3.3 	10.2 	6.7 	13.0 	1.3 	1.5 	13.0 	16.0 	99 	110 	0.6 	0.9 	1.5 	.033
175 	Kirk Haston 	PF 	22 	CHH 	15 	77 	4.0 	.306 	.282 	.205 	.077 	7.4 	22.2 	14.8 	11.0 	0.0 	0.9 	6.6 	27.0 	75 	105 	-0.3 	0.1 	-0.2 	-0.116
176 	Brendan Haywood 	C 	22 	WAS 	62 	1266 	13.7 	.540 	.493 	.724 	.000 	13.0 	16.6 	14.8 	3.5 	0.9 	5.3 	14.6 	12.4 	112 	104 	1.7 	1.4 	3.1 	.116
177 	Alan Henderson 	PF 	29 	ATL 	26 	422 	13.4 	.527 	.513 	.388 	.009 	8.4 	17.9 	13.1 	4.4 	1.4 	2.6 	13.4 	16.8 	102 	105 	0.3 	0.4 	0.7 	.074
178 	Cedric Henderson 	SF 	26 	GSW 	12 	70 	14.4 	.528 	.516 	.226 	.129 	1.5 	3.1 	2.3 	10.5 	4.4 	1.9 	19.0 	25.3 	91 	107 	-0.1 	0.1 	0.0 	.003
179 	Grant Hill 	SF 	29 	ORL 	14 	512 	16.7 	.510 	.426 	.410 	.010 	6.3 	21.1 	13.6 	20.3 	0.8 	0.5 	13.8 	23.4 	105 	106 	0.7 	0.5 	1.2 	.108
180 	Tyrone Hill 	PF 	33 	CLE 	26 	810 	10.1 	.460 	.390 	.566 	.005 	11.6 	28.0 	19.9 	4.3 	1.1 	1.2 	17.4 	15.6 	94 	106 	-0.1 	0.7 	0.6 	.036
181 	Fred Hoiberg 	SG 	29 	CHI 	79 	1408 	12.2 	.519 	.457 	.323 	.316 	1.5 	16.4 	8.7 	15.5 	2.3 	0.3 	8.8 	11.9 	112 	107 	1.6 	1.1 	2.7 	.092
182 	Robert Horry 	PF 	31 	LAL 	81 	2140 	14.5 	.528 	.480 	.300 	.441 	6.8 	17.8 	12.3 	15.3 	1.9 	3.0 	14.5 	12.8 	114 	99 	3.3 	3.6 	6.9 	.154
183 	Eddie House 	PG 	23 	MIA 	64 	1230 	11.6 	.471 	.450 	.094 	.300 	1.6 	8.8 	5.2 	18.8 	1.9 	0.3 	12.8 	24.3 	92 	103 	-0.7 	1.6 	0.9 	.036
184 	Allan Houston 	SG 	30 	NYK 	77 	2914 	15.2 	.540 	.489 	.261 	.266 	1.5 	8.6 	5.0 	12.6 	1.0 	0.3 	10.5 	25.9 	104 	110 	3.6 	1.1 	4.7 	.077
185 	Juwan Howard 	PF 	28 	TOT 	81 	2635 	15.8 	.513 	.460 	.341 	.002 	9.4 	16.7 	13.0 	10.8 	0.9 	1.3 	11.6 	22.3 	106 	108 	3.5 	1.5 	4.9 	.090
186 	Troy Hudson 	PG 	25 	ORL 	81 	1854 	15.3 	.526 	.475 	.247 	.229 	1.8 	7.0 	4.4 	23.4 	1.6 	0.2 	15.3 	25.8 	101 	109 	1.5 	0.9 	2.5 	.064
187 	Larry Hughes 	SG 	23 	GSW 	73 	2049 	15.4 	.484 	.435 	.320 	.115 	4.2 	8.7 	6.4 	26.1 	2.8 	0.8 	15.6 	22.5 	101 	109 	1.4 	1.1 	2.4 	.057
188 	Lindsey Hunter 	PG 	31 	LAL 	82 	1616 	9.4 	.466 	.462 	.082 	.424 	1.2 	7.0 	4.1 	11.7 	2.1 	0.8 	9.8 	15.6 	98 	104 	0.2 	1.7 	2.0 	.059
189 	Steven Hunter 	C 	20 	ORL 	53 	516 	12.9 	.502 	.456 	.639 	.000 	8.6 	12.4 	10.5 	1.5 	0.5 	5.8 	7.8 	17.7 	106 	105 	0.5 	0.5 	1.0 	.094
190 	Zydrunas Ilgauskas 	C 	26 	CLE 	62 	1329 	17.4 	.501 	.425 	.487 	.009 	12.1 	17.3 	14.8 	9.4 	0.7 	4.6 	12.0 	27.0 	103 	107 	1.5 	1.0 	2.5 	.089
191 	Allen Iverson 	SG 	26 	PHI 	60 	2622 	21.9 	.489 	.422 	.351 	.161 	1.9 	9.6 	5.8 	27.6 	3.5 	0.4 	11.0 	37.8 	101 	100 	2.6 	4.3 	6.9 	.126
192 	Bobby Jackson 	PG 	28 	SAC 	81 	1750 	17.3 	.537 	.495 	.244 	.290 	5.1 	10.1 	7.7 	14.7 	2.1 	0.4 	10.0 	23.1 	109 	103 	3.2 	2.2 	5.4 	.148
193 	Jaren Jackson 	SG 	34 	ORL 	9 	144 	7.2 	.503 	.500 	.108 	.541 	0.8 	12.5 	6.6 	8.2 	1.8 	0.0 	17.1 	14.5 	91 	107 	-0.1 	0.1 	0.0 	.015
194 	Jermaine Jackson 	SG 	25 	TOR 	24 	280 	12.3 	.542 	.488 	.571 	.048 	1.2 	10.2 	5.5 	30.5 	1.7 	0.3 	21.0 	10.8 	114 	106 	0.4 	0.2 	0.6 	.110
195 	Jim Jackson 	SF 	31 	MIA 	55 	1825 	11.3 	.511 	.478 	.162 	.151 	3.5 	15.0 	9.3 	13.4 	1.3 	0.6 	15.5 	17.8 	97 	102 	0.3 	2.5 	2.8 	.073
196 	Marc Jackson 	C 	27 	TOT 	39 	495 	11.1 	.467 	.366 	.488 	.006 	10.9 	18.2 	14.6 	4.3 	1.2 	0.9 	13.1 	20.3 	100 	107 	0.2 	0.4 	0.6 	.059
197 	Mark Jackson 	PG 	36 	NYK 	82 	2367 	16.3 	.536 	.506 	.186 	.329 	2.7 	12.4 	7.6 	42.5 	1.7 	0.0 	19.0 	15.6 	113 	107 	4.4 	1.7 	6.0 	.123
198 	Stephen Jackson 	SF 	23 	SAS 	23 	227 	7.9 	.452 	.423 	.187 	.396 	1.6 	11.3 	6.6 	8.3 	3.5 	0.9 	18.9 	24.9 	80 	98 	-0.5 	0.4 	-0.1 	-0.024
199 	Jerome James 	C 	26 	SEA 	56 	949 	11.9 	.498 	.491 	.220 	.000 	11.3 	17.5 	14.4 	3.9 	1.4 	6.9 	19.8 	18.3 	92 	102 	-0.4 	1.3 	0.9 	.045
200 	Mike James 	PG 	26 	MIA 	15 	119 	9.4 	.456 	.442 	.163 	.488 	2.0 	11.7 	6.9 	27.7 	2.8 	0.6 	22.0 	23.7 	86 	99 	-0.2 	0.2 	0.0 	.004
201 	Tim James 	SF 	25 	PHI 	9 	41 	4.8 	.384 	.385 	.462 	.000 	14.0 	5.5 	9.7 	4.1 	0.0 	1.9 	16.1 	20.8 	81 	107 	-0.1 	0.0 	-0.1 	-0.064
202 	Antawn Jamison 	SF 	25 	GSW 	82 	3033 	17.1 	.516 	.471 	.320 	.153 	7.3 	12.5 	9.8 	9.6 	1.2 	1.0 	9.3 	24.0 	109 	111 	5.6 	0.8 	6.4 	.101
203 	Harold Jamison 	PF 	25 	LAC 	25 	176 	13.9 	.544 	.512 	.349 	.000 	15.6 	9.5 	12.5 	5.5 	1.5 	0.4 	10.8 	14.3 	118 	108 	0.4 	0.1 	0.5 	.126
204 	Richard Jefferson 	SF 	21 	NJN 	79 	1917 	13.4 	.524 	.468 	.448 	.095 	4.9 	12.2 	8.6 	11.7 	1.7 	1.8 	13.1 	19.1 	104 	101 	1.8 	2.9 	4.7 	.117
205 	Anthony Johnson 	SG 	27 	NJN 	34 	366 	11.8 	.465 	.433 	.278 	.133 	3.0 	5.9 	4.4 	19.7 	4.4 	0.2 	16.5 	14.8 	97 	98 	0.0 	0.7 	0.7 	.092
206 	Avery Johnson 	PG 	36 	TOT 	68 	1352 	16.6 	.531 	.479 	.377 	.012 	1.1 	4.8 	2.9 	36.0 	1.6 	0.5 	13.1 	19.2 	113 	112 	2.8 	0.2 	3.0 	.106
207 	DerMarr Johnson 	SF 	21 	ATL 	72 	1727 	11.3 	.513 	.479 	.194 	.457 	3.9 	12.5 	8.2 	7.7 	1.9 	2.4 	14.8 	18.0 	97 	106 	0.2 	1.5 	1.7 	.048
208 	Ervin Johnson 	C 	34 	MIL 	81 	1660 	8.6 	.468 	.461 	.342 	.005 	10.4 	21.5 	16.2 	2.3 	1.2 	3.6 	19.0 	7.7 	101 	104 	0.5 	1.9 	2.3 	.067
209 	Joe Johnson 	SG 	20 	TOT 	77 	1916 	11.8 	.478 	.462 	.091 	.223 	4.3 	10.8 	7.5 	15.0 	1.6 	0.8 	10.5 	16.0 	102 	105 	1.1 	1.9 	3.0 	.075
210 	Alvin Jones 	PF 	23 	PHI 	23 	126 	6.2 	.451 	.400 	1.000 	.000 	11.8 	20.5 	16.2 	3.7 	1.3 	5.4 	27.6 	14.5 	82 	96 	-0.2 	0.3 	0.1 	.034
211 	Damon Jones 	PG 	25 	DET 	67 	1083 	11.2 	.548 	.523 	.208 	.655 	1.4 	9.7 	5.6 	20.9 	1.1 	0.1 	16.4 	16.1 	106 	107 	1.1 	0.8 	1.9 	.084
212 	Eddie Jones 	SG 	30 	MIA 	81 	3156 	17.5 	.546 	.494 	.296 	.319 	2.3 	11.6 	7.0 	15.4 	2.0 	1.9 	9.9 	22.7 	109 	100 	5.6 	5.0 	10.5 	.160
213 	Jumaine Jones 	PF 	22 	CLE 	81 	2142 	13.2 	.501 	.489 	.106 	.263 	6.9 	19.8 	13.4 	8.9 	1.9 	1.6 	10.5 	16.1 	104 	106 	1.5 	1.8 	3.3 	.074
214 	Popeye Jones 	PF 	31 	WAS 	79 	1920 	14.4 	.490 	.441 	.256 	.022 	14.0 	21.1 	17.5 	10.5 	1.4 	0.7 	13.5 	15.7 	108 	105 	2.4 	1.9 	4.3 	.107
215 	Michael Jordan 	SF 	38 	WAS 	60 	2093 	20.7 	.468 	.420 	.252 	.040 	2.7 	16.2 	9.4 	30.8 	2.2 	0.9 	9.9 	36.0 	99 	105 	1.2 	2.1 	3.3 	.075
216 	Shawn Kemp 	PF 	32 	POR 	75 	1232 	12.1 	.489 	.430 	.322 	.010 	8.5 	19.1 	13.7 	6.9 	1.9 	2.0 	14.8 	20.2 	98 	102 	0.3 	1.6 	1.9 	.074
217 	Steve Kerr 	PG 	36 	POR 	65 	775 	12.3 	.573 	.530 	.184 	.304 	0.9 	8.3 	4.6 	13.0 	0.9 	0.1 	9.3 	15.2 	118 	109 	1.5 	0.4 	1.8 	.114
218 	Jason Kidd 	PG 	28 	NJN 	82 	3056 	19.1 	.484 	.442 	.217 	.320 	4.7 	17.2 	10.9 	42.5 	3.0 	0.5 	18.7 	22.5 	103 	98 	3.1 	5.8 	8.9 	.140
219 	Andrei Kirilenko 	SF 	20 	UTA 	82 	2151 	18.8 	.553 	.470 	.586 	.158 	8.3 	14.2 	11.2 	7.4 	2.9 	5.9 	11.9 	19.0 	113 	100 	4.0 	3.3 	7.3 	.164
220 	Kerry Kittles 	SG 	27 	NJN 	82 	2601 	16.1 	.542 	.518 	.183 	.257 	2.9 	9.0 	5.9 	13.9 	2.6 	0.9 	9.7 	19.4 	109 	101 	3.8 	3.9 	7.7 	.141
221 	Brevin Knight 	PG 	26 	MEM 	53 	1151 	14.9 	.482 	.425 	.344 	.024 	1.1 	9.5 	5.3 	43.9 	3.6 	0.4 	22.4 	19.6 	98 	105 	0.2 	1.2 	1.4 	.058
222 	Travis Knight 	C 	27 	NYK 	49 	429 	5.3 	.401 	.363 	.186 	.000 	13.0 	15.1 	14.1 	3.0 	1.4 	1.7 	18.1 	16.2 	84 	105 	-0.5 	0.4 	-0.1 	-0.015
223 	Toni Kukoc 	SF 	33 	ATL 	59 	1494 	14.4 	.511 	.471 	.304 	.339 	3.3 	13.4 	8.3 	23.7 	1.7 	0.8 	16.5 	20.7 	101 	107 	0.9 	1.0 	2.0 	.063
224 	Christian Laettner 	PF 	32 	WAS 	57 	1441 	13.7 	.511 	.467 	.210 	.028 	5.9 	18.5 	12.1 	16.7 	2.3 	1.3 	17.7 	15.4 	103 	104 	0.9 	1.6 	2.6 	.086
225 	Raef LaFrentz 	C 	25 	TOT 	78 	2455 	17.9 	.533 	.514 	.164 	.291 	7.9 	19.1 	13.3 	6.2 	1.2 	6.3 	8.7 	19.8 	109 	104 	3.6 	2.7 	6.4 	.125
226 	Trajan Langdon 	SG 	25 	CLE 	44 	477 	13.5 	.533 	.474 	.261 	.420 	3.2 	10.3 	6.8 	21.1 	1.4 	0.8 	16.9 	22.7 	102 	110 	0.4 	0.1 	0.6 	.055
227 	Dan Langhi 	SF 	24 	HOU 	34 	434 	8.5 	.412 	.396 	.088 	.032 	5.7 	12.0 	8.8 	5.4 	1.0 	0.8 	6.5 	14.8 	94 	111 	-0.1 	0.1 	0.0 	.001
228 	Rusty LaRue 	PG 	28 	UTA 	33 	542 	10.0 	.482 	.441 	.189 	.270 	2.4 	8.5 	5.4 	22.3 	1.7 	1.0 	17.7 	20.2 	96 	108 	0.0 	0.3 	0.3 	.027
229 	Voshon Lenard 	SG 	28 	DEN 	71 	1665 	14.5 	.495 	.467 	.156 	.312 	2.5 	10.4 	6.3 	14.3 	1.9 	1.1 	10.0 	24.5 	100 	109 	0.9 	0.8 	1.7 	.049
230 	Quincy Lewis 	SG 	24 	UTA 	36 	490 	7.0 	.474 	.458 	.140 	.126 	2.4 	8.2 	5.3 	12.4 	2.5 	1.5 	17.4 	16.9 	90 	106 	-0.3 	0.4 	0.1 	.012
231 	Rashard Lewis 	SF 	22 	SEA 	71 	2585 	18.5 	.564 	.531 	.206 	.325 	6.5 	16.1 	11.4 	7.8 	2.2 	1.2 	8.4 	20.8 	115 	104 	5.9 	2.7 	8.6 	.160
232 	Randy Livingston 	PG 	26 	SEA 	13 	176 	12.0 	.348 	.287 	.204 	.148 	6.2 	10.5 	8.4 	21.0 	2.8 	0.9 	3.3 	16.1 	100 	105 	0.1 	0.2 	0.2 	.065
233 	Art Long 	PF 	29 	SEA 	63 	989 	10.7 	.506 	.492 	.348 	.000 	13.0 	16.9 	15.0 	6.2 	1.2 	2.1 	18.3 	16.2 	100 	105 	0.4 	0.9 	1.4 	.066
234 	Grant Long 	PF 	35 	MEM 	66 	1868 	7.7 	.475 	.430 	.319 	.044 	1.9 	11.9 	6.9 	11.5 	1.8 	0.4 	19.0 	13.2 	90 	108 	-1.0 	1.2 	0.2 	.004
235 	Felipe Lopez 	SG 	27 	MIN 	67 	581 	7.8 	.469 	.423 	.353 	.212 	5.8 	10.0 	8.0 	9.6 	1.6 	0.1 	16.7 	16.8 	95 	107 	-0.1 	0.4 	0.3 	.027
236 	Tyronn Lue 	PG 	24 	WAS 	71 	1458 	13.7 	.507 	.488 	.121 	.271 	1.1 	8.7 	4.9 	28.5 	1.8 	0.0 	14.9 	20.4 	103 	109 	1.3 	0.8 	2.0 	.067
237 	George Lynch 	SF 	31 	CHH 	45 	893 	9.0 	.399 	.371 	.202 	.030 	9.0 	14.8 	11.9 	9.3 	2.4 	1.1 	16.0 	13.1 	90 	102 	-0.5 	1.2 	0.7 	.038
238 	Todd MacCulloch 	C 	26 	NJN 	62 	1502 	17.7 	.562 	.531 	.353 	.000 	11.7 	16.6 	14.1 	8.6 	0.8 	4.3 	10.9 	18.0 	114 	99 	3.1 	2.5 	5.6 	.179
239 	Sam Mack 	SF 	31 	MIA 	12 	159 	3.1 	.384 	.357 	.143 	.571 	1.5 	8.8 	5.1 	4.1 	1.7 	0.5 	11.8 	17.7 	76 	103 	-0.3 	0.2 	-0.1 	-0.035
240 	Mark Madsen 	PF 	26 	LAL 	59 	650 	12.7 	.492 	.452 	.370 	.014 	15.3 	12.3 	13.7 	9.7 	1.3 	1.4 	11.5 	13.2 	116 	104 	1.2 	0.8 	1.9 	.142
241 	Corey Maggette 	SG 	22 	LAC 	63 	1615 	14.3 	.560 	.487 	.474 	.262 	3.8 	12.3 	8.1 	11.5 	1.4 	0.8 	15.3 	21.1 	107 	108 	2.3 	1.0 	3.3 	.099
242 	Jamaal Magloire 	C 	23 	CHH 	82 	1549 	18.8 	.624 	.551 	.804 	.002 	11.3 	22.7 	17.0 	3.4 	0.9 	4.0 	17.4 	20.0 	114 	101 	3.4 	2.4 	5.7 	.177
243 	Dan Majerle 	SG 	36 	PHO 	65 	1180 	10.3 	.490 	.479 	.135 	.813 	2.6 	14.4 	8.4 	10.9 	2.1 	0.9 	10.3 	12.9 	105 	104 	0.8 	1.3 	2.1 	.087
244 	Karl Malone 	PF 	38 	UTA 	80 	3040 	21.1 	.532 	.457 	.457 	.018 	5.6 	21.7 	13.6 	21.8 	2.7 	1.5 	13.5 	28.8 	107 	101 	5.5 	4.3 	9.8 	.155
245 	Danny Manning 	PF 	35 	DAL 	41 	552 	11.7 	.505 	.480 	.221 	.047 	5.1 	16.5 	10.9 	8.0 	2.0 	2.7 	13.3 	15.4 	101 	105 	0.3 	0.6 	0.8 	.070
246 	Stephon Marbury 	PG 	24 	PHO 	82 	3187 	18.1 	.519 	.467 	.320 	.176 	2.6 	6.9 	4.7 	35.7 	1.3 	0.3 	15.0 	26.6 	106 	109 	5.4 	1.7 	7.1 	.107
247 	Shawn Marion 	SF 	23 	PHO 	81 	3109 	19.8 	.518 	.486 	.162 	.087 	7.6 	21.8 	14.6 	9.1 	2.5 	2.0 	8.8 	23.6 	107 	100 	4.7 	5.1 	9.8 	.151
248 	Sean Marks 	C 	26 	MIA 	21 	319 	9.3 	.466 	.432 	.386 	.000 	7.0 	20.4 	13.7 	4.3 	0.9 	2.4 	15.6 	18.2 	89 	99 	-0.2 	0.5 	0.3 	.044
249 	Donny Marshall 	SF 	29 	NJN 	20 	118 	7.7 	.406 	.310 	.621 	.138 	7.6 	12.4 	10.0 	6.1 	1.3 	0.0 	5.1 	14.8 	100 	103 	0.0 	0.1 	0.2 	.076
250 	Donyell Marshall 	SF 	28 	UTA 	58 	1750 	19.2 	.565 	.529 	.342 	.064 	10.8 	19.7 	15.2 	10.9 	1.5 	3.0 	14.0 	22.8 	109 	103 	3.0 	2.1 	5.0 	.138
251 	Darrick Martin 	PG 	30 	DAL 	3 	22 	-11.2 	.046 	.000 	.200 	.200 	0.0 	5.0 	2.5 	16.9 	4.7 	0.0 	8.4 	24.4 	26 	105 	-0.2 	0.0 	-0.2 	-0.427
252 	Kenyon Martin 	PF 	24 	NJN 	73 	2504 	14.5 	.503 	.470 	.278 	.070 	5.0 	12.4 	8.7 	13.0 	1.9 	3.5 	13.7 	22.4 	98 	99 	0.6 	4.2 	4.9 	.093
253 	Jamal Mashburn 	SF 	29 	CHH 	40 	1601 	16.9 	.505 	.435 	.324 	.151 	2.2 	15.0 	8.6 	19.7 	1.5 	0.3 	11.5 	27.4 	103 	105 	1.8 	1.6 	3.4 	.101
254 	Anthony Mason 	PF 	35 	MIL 	82 	3143 	12.9 	.544 	.506 	.353 	.002 	4.8 	18.3 	11.9 	16.6 	1.0 	0.5 	15.2 	12.7 	113 	108 	4.4 	2.0 	6.4 	.097
255 	Desmond Mason 	SF 	24 	SEA 	75 	2420 	13.4 	.533 	.475 	.308 	.077 	4.6 	12.4 	8.6 	6.7 	1.5 	0.8 	10.6 	18.8 	108 	107 	3.0 	1.6 	4.7 	.093
256 	Tony Massenburg 	PF 	34 	MEM 	73 	1247 	11.4 	.503 	.457 	.335 	.003 	9.0 	20.0 	14.5 	3.5 	1.3 	1.7 	14.0 	17.0 	99 	105 	0.3 	1.2 	1.5 	.059
257 	Walter McCarty 	PF 	27 	BOS 	56 	718 	11.5 	.563 	.553 	.106 	.550 	4.8 	15.0 	9.8 	9.4 	1.3 	0.8 	10.5 	13.3 	112 	103 	0.9 	0.9 	1.8 	.122
258 	Amal McCaskill 	C 	28 	SAS 	27 	153 	10.2 	.430 	.408 	.531 	.000 	12.4 	14.5 	13.5 	4.3 	2.1 	4.6 	18.8 	22.6 	84 	97 	-0.3 	0.3 	0.0 	.010
259 	George McCloud 	SF 	34 	DEN 	69 	1830 	9.8 	.466 	.410 	.283 	.385 	4.0 	12.1 	7.8 	17.9 	1.7 	0.8 	18.2 	19.4 	93 	109 	-0.7 	0.8 	0.1 	.003
260 	Jelani McCoy 	C 	24 	LAL 	21 	104 	9.5 	.530 	.571 	.381 	.000 	8.6 	17.8 	13.3 	9.9 	0.0 	3.4 	24.6 	14.0 	94 	103 	0.0 	0.1 	0.1 	.050
261 	Antonio McDyess 	PF 	27 	DEN 	10 	236 	21.0 	.631 	.573 	.440 	.000 	8.3 	18.8 	13.3 	13.8 	2.3 	2.5 	18.3 	20.8 	113 	105 	0.5 	0.2 	0.8 	.155
262 	Tracy McGrady 	SG 	22 	ORL 	76 	2912 	25.1 	.532 	.483 	.350 	.178 	5.7 	17.3 	11.5 	25.8 	2.1 	1.8 	9.4 	31.1 	111 	103 	8.1 	3.4 	11.5 	.189
263 	Jeff McInnis 	PG 	27 	LAC 	81 	3030 	13.8 	.486 	.446 	.195 	.209 	1.7 	6.2 	4.0 	27.6 	1.1 	0.1 	10.8 	20.3 	107 	111 	4.4 	0.8 	5.1 	.081
264 	Derrick McKey 	SF 	35 	PHI 	41 	784 	8.8 	.464 	.447 	.115 	.098 	7.0 	11.3 	9.2 	8.9 	2.8 	0.4 	14.7 	8.8 	104 	100 	0.3 	1.2 	1.6 	.096
265 	Aaron McKie 	SG 	29 	PHI 	48 	1471 	15.8 	.540 	.501 	.249 	.261 	2.0 	12.7 	7.4 	21.7 	2.1 	0.7 	14.6 	19.8 	106 	101 	1.8 	2.1 	3.9 	.128
266 	Stanislav Medvedenko 	C 	22 	LAL 	71 	729 	15.6 	.500 	.477 	.204 	.013 	13.0 	10.9 	12.0 	9.9 	2.1 	1.1 	11.3 	23.0 	104 	103 	0.9 	0.9 	1.8 	.118
267 	Ron Mercer 	SG 	25 	TOT 	53 	1716 	10.2 	.439 	.408 	.152 	.079 	3.3 	8.8 	6.0 	14.2 	1.0 	0.6 	9.5 	24.8 	90 	111 	-1.5 	0.4 	-1.1 	-0.032
268 	Chris Mihm 	C 	22 	CLE 	74 	1659 	10.0 	.470 	.423 	.340 	.013 	9.5 	18.2 	13.9 	2.4 	0.6 	3.9 	13.8 	19.4 	94 	107 	-0.5 	1.1 	0.7 	.019
269 	Darius Miles 	SF 	20 	LAC 	82 	2227 	14.4 	.516 	.484 	.397 	.030 	5.6 	17.3 	11.5 	13.5 	1.7 	3.2 	17.5 	18.5 	99 	104 	0.8 	2.6 	3.4 	.074
270 	Andre Miller 	PG 	25 	CLE 	81 	3023 	21.8 	.538 	.464 	.428 	.083 	4.2 	10.4 	7.4 	49.8 	2.2 	0.8 	16.5 	22.6 	115 	109 	8.7 	1.5 	10.3 	.163
271 	Brad Miller 	C 	25 	TOT 	76 	2263 	20.1 	.572 	.501 	.523 	.010 	12.7 	18.9 	15.8 	12.0 	1.8 	1.3 	11.3 	20.6 	117 	105 	6.0 	2.3 	8.3 	.176
272 	Mike Miller 	SF 	21 	ORL 	63 	2123 	15.0 	.542 	.510 	.226 	.378 	2.6 	11.9 	7.2 	15.2 	1.1 	0.8 	10.9 	20.9 	108 	108 	3.1 	1.3 	4.5 	.101
273 	Reggie Miller 	SG 	36 	IND 	79 	2889 	16.5 	.617 	.552 	.356 	.485 	0.9 	7.5 	4.3 	14.7 	1.6 	0.2 	10.2 	18.5 	121 	108 	7.7 	1.9 	9.5 	.159
274 	Chris Mills 	SF 	32 	GSW 	66 	1237 	12.3 	.516 	.473 	.251 	.297 	4.3 	12.4 	8.2 	9.5 	1.3 	0.7 	10.6 	18.0 	108 	111 	1.6 	0.3 	1.9 	.074
275 	Sam Mitchell 	SF 	38 	MIN 	74 	726 	9.4 	.491 	.454 	.216 	.154 	2.9 	10.1 	6.5 	9.3 	0.9 	0.4 	9.5 	17.1 	103 	109 	0.5 	0.4 	0.9 	.058
276 	Cuttino Mobley 	SG 	26 	HOU 	74 	3116 	16.7 	.537 	.493 	.231 	.278 	2.3 	8.8 	5.5 	11.6 	1.9 	0.8 	10.7 	24.9 	106 	110 	4.6 	1.1 	5.7 	.087
277 	Nazr Mohammed 	C 	24 	ATL 	82 	2168 	14.0 	.490 	.461 	.311 	.001 	12.7 	21.6 	17.1 	2.6 	1.5 	2.1 	12.7 	19.4 	100 	104 	0.9 	2.4 	3.3 	.072
278 	Jerome Moiso 	C 	23 	CHH 	15 	76 	5.9 	.400 	.400 	.000 	.000 	6.0 	31.5 	18.8 	8.4 	2.1 	1.9 	28.6 	16.8 	69 	97 	-0.2 	0.2 	-0.1 	-0.040
279 	Eric Montross 	C 	30 	TOR 	49 	655 	5.8 	.398 	.402 	.235 	.008 	6.1 	18.8 	12.3 	3.7 	1.0 	2.6 	14.7 	11.9 	83 	103 	-0.6 	0.8 	0.2 	.015
280 	Mikki Moore 	C 	26 	DET 	30 	217 	14.9 	.545 	.484 	.426 	.033 	12.0 	16.7 	14.4 	8.6 	1.7 	2.9 	16.2 	18.8 	107 	101 	0.3 	0.3 	0.6 	.133
281 	Terence Morris 	SF 	23 	HOU 	68 	1110 	9.5 	.423 	.410 	.097 	.270 	7.8 	14.0 	10.9 	9.5 	1.0 	1.7 	13.0 	14.5 	94 	110 	-0.2 	0.4 	0.2 	.009
282 	Hanno Mottola 	C 	25 	ATL 	82 	1371 	8.4 	.474 	.441 	.198 	.034 	6.7 	15.6 	11.2 	6.0 	0.8 	1.0 	14.4 	16.1 	94 	108 	-0.3 	0.8 	0.5 	.019
283 	Alonzo Mourning 	C 	31 	MIA 	75 	2455 	18.9 	.558 	.517 	.498 	.003 	8.7 	21.3 	15.0 	6.8 	0.6 	5.8 	14.7 	24.1 	104 	97 	2.6 	4.8 	7.4 	.145
284 	Troy Murphy 	PF 	21 	GSW 	82 	1448 	10.3 	.488 	.424 	.369 	.021 	7.1 	17.0 	11.9 	7.6 	1.3 	1.0 	14.6 	16.7 	101 	109 	0.7 	0.7 	1.4 	.046
285 	Lamond Murray 	SF 	28 	CLE 	71 	2312 	16.7 	.534 	.487 	.267 	.241 	4.2 	14.7 	9.5 	12.2 	1.6 	1.3 	11.3 	24.7 	105 	109 	2.9 	1.3 	4.1 	.086
286 	Tracy Murray 	SF 	30 	TOR 	40 	473 	13.6 	.525 	.507 	.101 	.502 	4.2 	8.8 	6.4 	7.2 	1.3 	1.3 	10.4 	23.3 	103 	107 	0.4 	0.4 	0.8 	.079
287 	Dikembe Mutombo 	C 	35 	PHI 	80 	2907 	16.0 	.574 	.501 	.568 	.000 	10.0 	23.5 	16.8 	4.8 	0.5 	5.0 	16.3 	15.1 	111 	98 	4.1 	5.5 	9.6 	.158
288 	Mamadou N'Diaye 	C 	26 	TOR 	5 	46 	20.6 	.694 	.600 	1.000 	.000 	14.5 	12.9 	13.7 	0.0 	0.0 	3.2 	6.5 	15.3 	145 	106 	0.2 	0.0 	0.3 	.265
289 	Lee Nailon 	SF 	26 	CHH 	79 	1912 	14.4 	.513 	.484 	.196 	.003 	6.2 	11.2 	8.7 	9.1 	1.7 	0.6 	10.4 	22.1 	103 	106 	1.7 	1.7 	3.5 	.087
290 	Eduardo Najera 	PF 	25 	DAL 	62 	1357 	14.8 	.548 	.500 	.493 	.007 	12.4 	15.6 	14.0 	4.0 	2.1 	1.6 	9.9 	13.5 	119 	106 	2.8 	1.2 	4.0 	.142
291 	Steve Nash 	PG 	27 	DAL 	82 	2837 	20.7 	.602 	.554 	.269 	.315 	2.0 	7.9 	5.0 	36.1 	1.0 	0.1 	15.8 	23.0 	118 	112 	9.5 	0.3 	9.9 	.167
292 	Tyrone Nesby 	SF 	26 	WAS 	70 	1498 	13.1 	.480 	.450 	.221 	.112 	8.1 	16.7 	12.3 	9.8 	2.2 	1.1 	9.6 	15.7 	105 	104 	1.4 	1.6 	2.9 	.094
293 	Rasho Nesterovic 	C 	25 	MIN 	82 	2218 	12.9 	.499 	.493 	.108 	.002 	10.6 	17.2 	13.9 	5.2 	1.1 	3.7 	12.0 	16.0 	104 	104 	1.6 	2.5 	4.1 	.089
294 	Ira Newble 	SF 	27 	ATL 	42 	1273 	11.5 	.560 	.500 	.335 	.027 	7.1 	12.8 	10.0 	5.6 	1.6 	1.2 	14.0 	12.5 	111 	107 	1.5 	0.9 	2.3 	.089
295 	Johnny Newman 	SF 	38 	DAL 	47 	724 	8.3 	.571 	.527 	.392 	.385 	1.4 	6.0 	3.8 	2.7 	2.1 	0.4 	10.8 	12.1 	109 	110 	0.6 	0.3 	0.9 	.061
296 	Moochie Norris 	PG 	28 	HOU 	82 	2249 	13.1 	.471 	.426 	.268 	.212 	3.7 	8.9 	6.3 	29.9 	2.0 	0.1 	18.1 	17.8 	101 	111 	1.2 	0.7 	1.8 	.039
297 	Dirk Nowitzki 	C 	23 	DAL 	76 	2891 	24.1 	.599 	.532 	.410 	.278 	4.7 	24.0 	14.5 	10.8 	1.5 	1.9 	8.9 	25.5 	120 	104 	10.2 	3.1 	13.4 	.222
298 	Jermaine O'Neal 	PF 	23 	IND 	72 	2707 	18.1 	.521 	.480 	.365 	.012 	8.0 	23.1 	15.8 	8.1 	0.9 	4.4 	11.7 	24.9 	102 	101 	2.3 	4.1 	6.4 	.113
299 	Shaquille O'Neal 	C 	29 	LAL 	67 	2422 	29.7 	.590 	.579 	.583 	.001 	10.8 	21.6 	16.3 	16.4 	0.9 	4.1 	10.0 	31.8 	116 	99 	9.2 	4.0 	13.2 	.262
300 	Charles Oakley 	PF 	38 	CHI 	57 	1383 	6.6 	.392 	.371 	.106 	.023 	5.9 	23.5 	14.5 	12.9 	1.9 	0.6 	24.0 	12.1 	80 	105 	-1.8 	1.3 	-0.5 	-0.016
301 	Lamar Odom 	SF 	22 	LAC 	29 	999 	13.7 	.473 	.442 	.258 	.233 	3.6 	16.2 	10.0 	28.6 	1.2 	2.5 	19.5 	22.5 	94 	105 	-0.3 	0.9 	0.7 	.033
302 	Hakeem Olajuwon 	C 	39 	TOR 	61 	1378 	14.4 	.478 	.464 	.201 	.005 	7.9 	23.1 	15.3 	8.0 	2.9 	4.9 	17.7 	18.3 	91 	96 	-0.8 	2.9 	2.1 	.074
303 	Dean Oliver 	PG 	23 	GSW 	20 	139 	6.0 	.420 	.391 	.196 	.283 	0.0 	6.3 	3.1 	23.8 	1.1 	0.0 	18.0 	18.5 	88 	114 	-0.1 	0.0 	-0.1 	-0.049
304 	Kevin Ollie 	PG 	29 	TOT 	81 	1723 	12.3 	.510 	.390 	.643 	.006 	1.7 	10.8 	6.2 	26.4 	1.9 	0.1 	19.0 	14.9 	104 	108 	1.4 	1.0 	2.4 	.066
305 	Michael Olowokandi 	C 	26 	LAC 	80 	2568 	12.4 	.457 	.433 	.212 	.000 	7.3 	23.8 	15.7 	5.8 	1.1 	3.9 	15.3 	20.1 	90 	102 	-1.9 	3.5 	1.6 	.029
306 	Greg Ostertag 	C 	28 	UTA 	74 	1107 	12.7 	.474 	.453 	.647 	.000 	13.5 	20.6 	17.0 	7.0 	0.7 	7.8 	16.5 	12.6 	102 	102 	0.5 	1.6 	2.1 	.090
307 	Bo Outlaw 	PF 	30 	TOT 	83 	1928 	11.4 	.547 	.557 	.341 	.007 	8.5 	12.9 	10.6 	9.5 	1.9 	3.5 	21.8 	10.2 	104 	103 	1.1 	2.4 	3.5 	.086
308 	Doug Overton 	PG 	32 	LAC 	18 	130 	4.8 	.414 	.398 	.159 	.614 	0.9 	9.5 	5.2 	15.6 	1.2 	0.5 	20.3 	20.5 	80 	109 	-0.3 	0.1 	-0.2 	-0.077
309 	Olumide Oyedeji 	C 	20 	SEA 	36 	221 	11.2 	.562 	.537 	.439 	.000 	14.7 	27.3 	21.1 	2.6 	1.0 	0.7 	22.3 	13.2 	105 	103 	0.2 	0.3 	0.4 	.098
310 	Robert Pack 	PG 	32 	MIN 	16 	252 	9.1 	.416 	.375 	.221 	.059 	3.3 	7.2 	5.3 	27.7 	2.7 	0.0 	21.1 	17.0 	92 	106 	-0.1 	0.2 	0.1 	.016
311 	Scott Padgett 	PF 	25 	UTA 	75 	1295 	15.4 	.568 	.538 	.258 	.286 	10.3 	16.3 	13.2 	11.0 	1.8 	0.8 	13.6 	17.7 	113 	105 	2.3 	1.2 	3.5 	.130
312 	Milt Palacio 	PG-SG 	23 	TOT 	69 	790 	9.7 	.468 	.414 	.346 	.192 	1.5 	8.9 	5.1 	16.5 	2.0 	0.4 	14.0 	16.4 	97 	105 	0.0 	0.8 	0.8 	.050
313 	Tony Parker 	PG 	19 	SAS 	77 	2267 	11.7 	.497 	.467 	.250 	.296 	1.7 	8.0 	5.0 	23.9 	2.1 	0.2 	17.5 	17.7 	99 	103 	0.8 	2.9 	3.8 	.080
314 	Cherokee Parks 	C 	29 	SAS 	42 	234 	7.6 	.364 	.361 	.096 	.000 	12.2 	16.2 	14.3 	7.1 	1.6 	2.4 	13.9 	20.0 	82 	99 	-0.4 	0.4 	0.0 	-0.005
315 	Ruben Patterson 	SF 	26 	POR 	75 	1765 	18.8 	.567 	.523 	.443 	.058 	10.2 	9.6 	9.9 	10.5 	2.4 	1.6 	13.4 	22.1 	112 	104 	3.7 	1.9 	5.6 	.151
316 	Gary Payton 	PG 	33 	SEA 	82 	3301 	22.9 	.526 	.490 	.212 	.150 	2.9 	11.1 	7.1 	39.4 	2.1 	0.6 	10.8 	27.2 	114 	107 	10.1 	2.5 	12.6 	.183
317 	Anthony Peeler 	SG 	32 	MIN 	82 	2060 	12.2 	.519 	.502 	.085 	.414 	2.1 	9.4 	5.8 	13.0 	1.6 	0.4 	9.7 	17.3 	108 	108 	2.4 	1.3 	3.8 	.087
318 	Mike Penberthy 	PG 	27 	LAL 	3 	12 	31.3 	.665 	.500 	2.000 	.000 	0.0 	18.2 	9.2 	23.4 	8.7 	0.0 	0.0 	14.1 	156 	87 	0.1 	0.0 	0.1 	.420
319 	Elliot Perry 	PG 	32 	MEM 	2 	48 	5.3 	.506 	.500 	.200 	.000 	0.0 	9.3 	4.6 	23.7 	3.3 	0.0 	39.1 	16.9 	73 	106 	-0.1 	0.0 	-0.1 	-0.087
320 	Wesley Person 	SG 	30 	CLE 	78 	2793 	16.3 	.589 	.570 	.131 	.341 	2.1 	10.2 	6.2 	10.8 	1.5 	1.0 	6.9 	17.6 	118 	111 	6.1 	0.8 	6.9 	.119
321 	Morris Peterson 	SF 	24 	TOR 	63 	1988 	15.3 	.524 	.492 	.220 	.301 	5.1 	7.9 	6.4 	13.5 	2.0 	0.4 	9.3 	21.3 	109 	106 	3.2 	1.7 	4.9 	.119
322 	Eric Piatkowski 	SG 	31 	LAC 	71 	1718 	13.8 	.601 	.557 	.240 	.505 	2.9 	9.2 	6.1 	10.4 	1.3 	0.5 	10.9 	15.4 	120 	109 	3.8 	0.8 	4.5 	.127
323 	Paul Pierce 	SG 	24 	BOS 	82 	3302 	22.3 	.570 	.508 	.402 	.325 	2.6 	16.5 	9.4 	15.7 	2.4 	2.0 	11.4 	29.3 	109 	99 	7.3 	5.6 	12.9 	.187
324 	Scottie Pippen 	SF 	36 	POR 	62 	1996 	14.9 	.497 	.456 	.244 	.295 	4.5 	14.5 	9.5 	28.7 	2.7 	1.3 	20.5 	19.1 	101 	102 	1.2 	2.6 	3.7 	.090
325 	Scot Pollard 	C 	26 	SAC 	80 	1881 	15.0 	.590 	.550 	.464 	.000 	10.9 	21.0 	16.0 	3.9 	1.9 	2.7 	13.6 	11.5 	120 	98 	3.4 	3.5 	6.8 	.175
326 	Mark Pope 	PF 	29 	MIL 	45 	426 	7.3 	.434 	.418 	.231 	.275 	5.7 	13.7 	9.9 	5.9 	1.4 	1.9 	13.0 	12.7 	92 	107 	-0.1 	0.3 	0.1 	.016
327 	Terry Porter 	PG 	38 	SAS 	72 	1294 	13.9 	.558 	.516 	.259 	.442 	1.1 	13.1 	7.3 	25.2 	1.9 	0.9 	19.2 	15.9 	108 	101 	1.6 	1.9 	3.5 	.131
328 	James Posey 	SF 	25 	DEN 	73 	2238 	12.9 	.474 	.422 	.276 	.322 	5.3 	17.1 	10.9 	13.1 	2.7 	1.3 	13.3 	19.1 	98 	105 	0.6 	2.2 	2.7 	.058
329 	Lavor Postell 	SG 	23 	NYK 	23 	179 	11.0 	.456 	.369 	.488 	.310 	1.3 	9.1 	5.2 	5.0 	1.8 	0.0 	9.7 	29.4 	90 	108 	-0.2 	0.1 	-0.1 	-0.019
330 	Vitaly Potapenko 	C 	26 	BOS 	79 	1343 	11.4 	.513 	.455 	.399 	.000 	13.3 	15.1 	14.2 	3.6 	1.4 	1.0 	15.1 	14.1 	107 	102 	1.3 	1.7 	3.1 	.111
331 	Brent Price 	PG 	33 	SAC 	20 	89 	6.6 	.474 	.407 	.481 	.556 	4.9 	4.7 	4.8 	13.9 	1.7 	0.7 	23.4 	20.9 	87 	105 	-0.1 	0.1 	0.0 	-0.009
332 	Joel Przybilla 	C 	22 	MIL 	71 	1128 	10.2 	.523 	.535 	.634 	.007 	8.4 	20.1 	14.5 	2.7 	0.9 	7.6 	19.1 	9.3 	101 	102 	0.3 	1.5 	1.9 	.079
333 	Vladimir Radmanovic 	PF 	21 	SEA 	61 	1230 	12.7 	.528 	.506 	.203 	.444 	4.4 	17.4 	11.0 	9.8 	2.5 	1.5 	15.7 	17.3 	101 	103 	0.6 	1.5 	2.1 	.084
334 	Zach Randolph 	PF 	20 	POR 	41 	238 	16.9 	.479 	.449 	.252 	.000 	15.1 	19.0 	17.0 	9.8 	1.6 	1.3 	11.2 	25.7 	102 	104 	0.2 	0.3 	0.5 	.098
335 	Theo Ratliff 	C 	28 	ATL 	3 	82 	11.1 	.523 	.500 	.550 	.000 	6.9 	15.4 	11.1 	2.0 	0.6 	7.2 	22.0 	17.6 	89 	104 	-0.1 	0.1 	0.0 	.012
336 	Zeljko Rebraca 	C 	29 	DET 	74 	1179 	16.2 	.569 	.505 	.468 	.000 	8.4 	20.5 	14.5 	5.7 	1.3 	4.4 	15.7 	21.4 	105 	100 	1.4 	1.9 	3.3 	.134
337 	Eldridge Recasner 	PG-SG 	34 	TOT 	6 	33 	5.3 	.388 	.333 	.167 	.167 	0.0 	0.0 	0.0 	22.1 	1.6 	0.0 	13.4 	10.2 	98 	112 	0.0 	0.0 	0.0 	.013
338 	Michael Redd 	SG 	22 	MIL 	67 	1417 	20.0 	.581 	.555 	.189 	.325 	6.6 	11.4 	9.1 	11.5 	1.6 	0.4 	8.0 	23.7 	116 	109 	3.9 	0.7 	4.6 	.155
339 	Don Reid 	PF 	28 	ORL 	68 	714 	10.1 	.509 	.474 	.358 	.000 	10.1 	17.5 	13.8 	5.8 	1.4 	4.3 	19.7 	17.2 	96 	102 	0.0 	0.9 	0.9 	.062
340 	Glen Rice 	SF 	34 	HOU 	20 	606 	8.0 	.477 	.443 	.180 	.383 	0.9 	8.0 	4.4 	8.5 	1.1 	0.3 	11.8 	15.6 	96 	113 	0.0 	0.0 	0.0 	.002
341 	Jason Richardson 	SG 	21 	GSW 	80 	2629 	13.8 	.487 	.463 	.193 	.226 	4.9 	9.0 	6.9 	15.4 	2.0 	0.8 	11.9 	21.5 	102 	110 	2.0 	0.9 	2.9 	.052
342 	Norm Richardson 	SG 	22 	TOT 	11 	67 	10.3 	.501 	.462 	.346 	.308 	5.1 	8.9 	6.9 	4.7 	0.0 	0.0 	9.1 	22.6 	98 	114 	0.0 	0.0 	0.0 	.006
343 	Quentin Richardson 	SG 	21 	LAC 	81 	2152 	17.4 	.534 	.504 	.202 	.377 	6.0 	11.5 	8.8 	10.5 	1.9 	0.7 	9.2 	23.3 	110 	107 	4.0 	1.6 	5.6 	.125
344 	Mitch Richmond 	SG 	36 	LAL 	64 	709 	10.7 	.488 	.441 	.178 	.251 	2.2 	12.3 	7.3 	12.3 	1.3 	0.6 	13.1 	19.4 	98 	104 	0.1 	0.8 	0.9 	.062
345 	Isaiah Rider 	SG 	30 	DEN 	10 	173 	16.3 	.526 	.494 	.210 	.185 	6.3 	15.9 	10.9 	13.3 	0.9 	0.9 	13.7 	26.5 	100 	110 	0.1 	0.1 	0.2 	.050
346 	Clifford Robinson 	PF 	35 	DET 	80 	2855 	13.5 	.503 	.478 	.193 	.284 	3.3 	12.6 	8.0 	12.5 	1.7 	2.4 	11.5 	21.6 	98 	103 	0.8 	3.5 	4.3 	.073
347 	David Robinson 	C 	36 	SAS 	78 	2303 	20.3 	.562 	.507 	.588 	.000 	9.9 	22.0 	16.2 	7.0 	2.0 	4.3 	10.9 	19.2 	114 	95 	5.0 	5.1 	10.1 	.211
348 	Eddie Robinson 	SF 	25 	CHI 	29 	653 	12.5 	.489 	.457 	.194 	.020 	4.2 	9.9 	7.0 	10.5 	1.9 	1.3 	11.8 	21.4 	95 	109 	-0.1 	0.3 	0.2 	.015
349 	Glenn Robinson 	SF 	29 	MIL 	66 	2346 	19.1 	.537 	.493 	.246 	.155 	3.6 	15.8 	10.0 	13.4 	2.2 	1.3 	12.0 	28.8 	103 	106 	2.6 	2.1 	4.7 	.096
350 	Larry Robinson 	SG 	34 	NYK 	2 	10 	3.8 	.375 	.375 	.000 	.500 	0.0 	23.2 	11.6 	0.0 	0.0 	0.0 	0.0 	18.6 	81 	107 	0.0 	0.0 	0.0 	-0.038
351 	Carlos Rogers 	C 	30 	IND 	22 	168 	15.3 	.574 	.570 	.442 	.140 	9.6 	15.7 	12.8 	3.0 	1.6 	2.5 	8.9 	15.2 	115 	103 	0.3 	0.2 	0.5 	.140
352 	Rodney Rogers 	SF 	30 	TOT 	77 	1880 	17.0 	.558 	.529 	.197 	.311 	7.6 	13.3 	10.4 	10.5 	1.8 	1.2 	11.6 	22.3 	109 	104 	3.2 	2.2 	5.4 	.138
353 	Sean Rooks 	C 	32 	LAC 	61 	728 	7.5 	.443 	.418 	.149 	.000 	5.0 	14.1 	9.6 	5.4 	0.9 	2.0 	8.8 	14.1 	97 	107 	0.0 	0.5 	0.6 	.038
354 	Jalen Rose 	SF 	29 	TOT 	83 	3153 	16.8 	.528 	.485 	.230 	.169 	1.6 	11.9 	6.8 	22.0 	1.3 	1.0 	11.1 	26.1 	103 	107 	3.5 	2.1 	5.7 	.087
355 	Malik Rose 	PF 	27 	SAS 	82 	1725 	16.4 	.517 	.464 	.406 	.019 	11.9 	20.6 	16.4 	6.3 	2.2 	1.7 	15.8 	23.9 	100 	97 	1.0 	3.4 	4.4 	.123
356 	Michael Ruffin 	PF 	25 	PHI 	15 	169 	5.5 	.271 	.269 	.308 	.000 	15.6 	18.6 	17.1 	4.4 	1.6 	3.6 	27.1 	11.0 	71 	98 	-0.3 	0.3 	0.0 	-0.005
357 	Bryon Russell 	SG 	31 	UTA 	66 	1998 	9.8 	.493 	.446 	.240 	.387 	4.7 	13.1 	8.9 	11.1 	1.7 	0.8 	14.6 	17.1 	100 	107 	0.7 	1.6 	2.3 	.055
358 	Daniel Santiago 	C 	25 	PHO 	3 	24 	9.6 	.500 	.500 	.000 	.000 	0.0 	33.4 	16.5 	13.6 	0.0 	3.0 	20.0 	18.7 	87 	100 	0.0 	0.0 	0.0 	.025
359 	Jeryl Sasser 	SG 	22 	ORL 	7 	36 	7.0 	.309 	.214 	.357 	.000 	9.2 	12.5 	10.9 	8.0 	4.3 	0.0 	11.0 	22.6 	75 	101 	-0.1 	0.1 	-0.1 	-0.070
360 	Kenny Satterfield 	PG 	20 	DEN 	36 	560 	11.5 	.431 	.384 	.231 	.136 	3.3 	7.5 	5.3 	31.8 	2.9 	0.1 	19.5 	21.8 	90 	108 	-0.5 	0.3 	-0.2 	-0.014
361 	Brian Scalabrine 	PF 	23 	NJN 	28 	290 	4.2 	.408 	.366 	.224 	.149 	4.6 	15.2 	9.9 	10.5 	1.6 	0.5 	24.6 	15.1 	77 	101 	-0.5 	0.4 	-0.1 	-0.015
362 	Shawnelle Scott 	C 	29 	DEN 	21 	252 	14.5 	.489 	.493 	.267 	.000 	22.8 	23.8 	23.3 	5.4 	0.6 	1.8 	15.2 	17.6 	104 	107 	0.2 	0.2 	0.4 	.083
363 	Ansu Sesay 	SF 	25 	SEA 	9 	142 	15.5 	.549 	.500 	.455 	.000 	5.9 	10.6 	8.3 	8.9 	1.1 	1.1 	3.6 	17.9 	122 	108 	0.4 	0.1 	0.5 	.156
364 	Brian Shaw 	PG 	35 	LAL 	58 	631 	11.8 	.458 	.436 	.150 	.509 	3.4 	16.1 	9.8 	20.2 	2.1 	0.3 	14.8 	15.4 	101 	102 	0.3 	0.9 	1.2 	.089
365 	Bobby Simmons 	SF 	21 	WAS 	30 	343 	13.2 	.518 	.474 	.316 	.147 	8.4 	9.3 	8.8 	8.0 	2.1 	1.1 	11.5 	16.4 	108 	107 	0.4 	0.2 	0.7 	.092
366 	Dickey Simpkins 	PF 	29 	ATL 	1 	3 	11.6 	0.0	0.0	0.0	0.0	0.0 	0.0 	0.0 	45.5 	0.0 	0.0 	0.0	0.0 	215 	116 	0.0 	0.0 	0.0 	.116
367 	Brian Skinner 	PF 	25 	CLE 	65 	1107 	11.3 	.569 	.543 	.488 	.000 	10.0 	19.8 	14.9 	2.3 	1.2 	4.0 	17.6 	9.9 	110 	106 	1.0 	1.0 	1.9 	.084
368 	Reggie Slater 	PF 	31 	TOT 	8 	47 	17.9 	.541 	.467 	.667 	.000 	12.1 	9.7 	10.9 	3.6 	1.1 	1.6 	4.9 	19.6 	117 	108 	0.1 	0.0 	0.1 	.150
369 	Charles Smith 	SG 	26 	SAS 	60 	1141 	13.2 	.483 	.466 	.152 	.306 	3.5 	9.7 	6.7 	12.2 	2.4 	2.7 	11.4 	21.0 	97 	99 	0.1 	1.9 	2.0 	.085
370 	Jabari Smith 	C 	24 	TOT 	23 	181 	13.1 	.474 	.413 	.508 	.048 	5.0 	11.9 	8.5 	9.7 	1.7 	2.3 	6.1 	20.4 	104 	101 	0.2 	0.3 	0.5 	.121
371 	Joe Smith 	C 	26 	MIN 	72 	1922 	16.0 	.571 	.513 	.355 	.005 	9.3 	17.9 	13.6 	6.6 	1.1 	2.3 	11.4 	17.8 	116 	105 	4.1 	2.0 	6.1 	.153
372 	Leon Smith 	C 	21 	ATL 	14 	100 	14.0 	.463 	.385 	.654 	.000 	11.4 	24.1 	17.7 	4.7 	2.6 	0.7 	8.2 	16.5 	105 	102 	0.1 	0.1 	0.2 	.109
373 	Steve Smith 	SG 	32 	SAS 	77 	2211 	13.9 	.588 	.540 	.265 	.361 	2.4 	7.4 	5.0 	11.5 	1.3 	0.5 	12.4 	18.3 	113 	104 	4.0 	2.4 	6.4 	.139
374 	Eric Snow 	PG 	28 	PHI 	61 	2225 	14.7 	.510 	.445 	.364 	.043 	1.7 	9.2 	5.5 	30.6 	2.3 	0.3 	16.0 	17.7 	106 	102 	2.6 	2.9 	5.5 	.119
375 	Will Solomon 	SG 	23 	MEM 	62 	872 	8.8 	.442 	.411 	.221 	.489 	1.5 	7.2 	4.3 	17.8 	2.1 	0.6 	14.6 	22.1 	88 	109 	-0.9 	0.5 	-0.5 	-0.027
376 	Felton Spencer 	C 	34 	NYK 	32 	248 	0.8 	.358 	.231 	1.269 	.000 	7.5 	15.9 	11.7 	1.8 	1.5 	2.4 	22.8 	9.9 	75 	104 	-0.3 	0.3 	-0.1 	-0.013
377 	Latrell Sprewell 	SF 	31 	NYK 	81 	3326 	13.7 	.501 	.455 	.244 	.284 	2.1 	8.3 	5.2 	17.5 	1.5 	0.3 	12.4 	25.1 	98 	109 	1.1 	1.7 	2.8 	.041
378 	Jerry Stackhouse 	SF 	27 	DET 	76 	2685 	19.0 	.518 	.430 	.437 	.227 	3.4 	10.4 	6.9 	28.4 	1.5 	1.0 	14.5 	32.3 	102 	105 	3.2 	2.6 	5.8 	.104
379 	John Starks 	SG 	36 	UTA 	66 	929 	6.0 	.442 	.415 	.132 	.306 	1.9 	6.9 	4.4 	12.5 	1.9 	0.0 	13.7 	18.4 	90 	108 	-0.6 	0.5 	-0.1 	-0.004
380 	Vladimir Stepania 	C 	25 	MIA 	67 	884 	13.9 	.483 	.472 	.418 	.008 	13.3 	22.3 	17.8 	3.2 	1.5 	3.8 	15.0 	18.7 	95 	96 	-0.1 	1.8 	1.7 	.094
381 	DeShawn Stevenson 	SG 	20 	UTA 	67 	1134 	8.2 	.412 	.388 	.143 	.067 	4.6 	9.3 	7.0 	17.1 	1.4 	1.7 	14.7 	18.4 	89 	108 	-0.9 	0.7 	-0.2 	-0.010
382 	Michael Stewart 	C 	26 	TOR 	11 	93 	8.6 	.395 	.348 	.478 	.000 	14.4 	16.6 	15.4 	4.9 	2.3 	2.4 	12.6 	15.6 	93 	101 	0.0 	0.1 	0.1 	.058
383 	Bryant Stith 	SG 	31 	CLE 	50 	665 	11.1 	.493 	.436 	.277 	.362 	3.6 	11.4 	7.5 	9.9 	2.3 	0.7 	12.5 	16.6 	101 	109 	0.3 	0.4 	0.7 	.047
384 	John Stockton 	PG 	39 	UTA 	82 	2566 	21.9 	.601 	.534 	.414 	.101 	2.8 	9.6 	6.2 	46.3 	3.2 	0.7 	18.5 	19.8 	120 	105 	8.0 	2.6 	10.7 	.200
385 	Peja Stojakovic 	SF 	24 	SAC 	71 	2649 	19.3 	.592 	.541 	.286 	.274 	3.0 	11.9 	7.5 	10.6 	1.5 	0.4 	9.9 	23.2 	115 	104 	6.8 	3.0 	9.9 	.179
386 	Damon Stoudamire 	PG 	28 	POR 	75 	2796 	14.7 	.506 	.459 	.214 	.321 	3.2 	9.1 	6.1 	28.0 	1.3 	0.2 	12.9 	18.8 	111 	108 	4.9 	1.7 	6.6 	.113
387 	Erick Strickland 	PG 	28 	BOS 	79 	1643 	12.9 	.545 	.487 	.318 	.506 	1.4 	13.1 	7.1 	18.6 	1.8 	0.0 	14.5 	18.0 	106 	103 	1.8 	2.0 	3.8 	.111
388 	Mark Strickland 	SF 	31 	ATL 	46 	654 	11.4 	.466 	.449 	.216 	.020 	7.1 	15.8 	11.4 	5.1 	1.5 	1.9 	11.1 	17.4 	95 	106 	-0.1 	0.5 	0.5 	.034
389 	Rod Strickland 	PG 	35 	MIA 	76 	2294 	15.6 	.495 	.448 	.282 	.036 	2.5 	9.2 	5.9 	35.7 	2.0 	0.4 	16.5 	20.0 	102 	102 	1.9 	3.0 	4.9 	.103
390 	Bruno Sundov 	C 	21 	IND 	22 	88 	8.7 	.391 	.400 	.050 	.025 	9.2 	17.5 	13.5 	6.1 	1.8 	2.4 	8.9 	23.1 	83 	102 	-0.2 	0.1 	0.0 	-0.021
391 	Bob Sura 	PG 	28 	GSW 	78 	1780 	17.1 	.530 	.459 	.556 	.225 	5.2 	10.3 	7.7 	25.0 	2.5 	0.6 	15.3 	20.5 	110 	109 	3.2 	0.9 	4.1 	.111
392 	Stromile Swift 	PF 	22 	MEM 	68 	1805 	17.2 	.539 	.480 	.499 	.005 	10.0 	16.6 	13.3 	5.0 	1.5 	4.3 	14.1 	21.8 	103 	104 	1.7 	2.0 	3.7 	.099
393 	Wally Szczerbiak 	SF 	24 	MIN 	82 	3117 	17.1 	.580 	.544 	.227 	.159 	4.5 	9.9 	7.2 	13.6 	1.1 	0.5 	12.1 	21.8 	113 	108 	7.0 	1.7 	8.7 	.134
394 	Jason Terry 	SG 	24 	ATL 	78 	2967 	19.2 	.549 	.500 	.279 	.364 	1.5 	8.9 	5.2 	26.9 	2.5 	0.3 	11.7 	23.6 	111 	107 	6.6 	2.1 	8.6 	.139
395 	Etan Thomas 	C 	23 	WAS 	47 	618 	15.7 	.553 	.536 	.490 	.000 	10.2 	24.0 	17.0 	1.6 	1.5 	4.2 	12.4 	15.6 	109 	101 	0.8 	0.9 	1.6 	.127
396 	Kenny Thomas 	PF 	24 	HOU 	72 	2484 	16.4 	.520 	.478 	.405 	.019 	7.2 	16.7 	11.9 	10.0 	1.9 	1.8 	12.8 	20.9 	104 	107 	2.6 	1.9 	4.4 	.085
397 	Kurt Thomas 	C 	29 	NYK 	82 	2771 	15.8 	.542 	.494 	.283 	.006 	9.0 	22.3 	15.6 	5.8 	1.4 	2.1 	12.7 	20.3 	105 	103 	3.1 	3.4 	6.5 	.112
398 	Tim Thomas 	SF 	24 	MIL 	74 	1987 	13.1 	.522 	.483 	.238 	.386 	3.9 	13.1 	8.7 	8.7 	1.7 	1.2 	13.2 	22.6 	99 	107 	0.8 	1.3 	2.2 	.052
399 	Jamaal Tinsley 	PG 	23 	IND 	80 	2442 	13.4 	.446 	.408 	.245 	.230 	3.7 	9.9 	6.9 	42.8 	3.0 	1.2 	24.3 	20.7 	93 	103 	-1.3 	2.9 	1.7 	.033
400 	Oscar Torres 	SG 	25 	HOU 	65 	1075 	11.4 	.502 	.450 	.308 	.370 	4.9 	8.1 	6.5 	6.4 	1.3 	0.6 	11.2 	18.8 	102 	112 	0.7 	0.1 	0.9 	.039
401 	Robert Traylor 	PF 	24 	CHH 	61 	678 	13.0 	.473 	.429 	.412 	.005 	11.3 	20.2 	15.7 	9.0 	1.9 	4.0 	15.7 	19.3 	97 	99 	0.1 	1.1 	1.2 	.085
402 	Gary Trent 	PF 	27 	MIN 	64 	1140 	15.4 	.538 	.507 	.378 	.005 	10.7 	16.6 	13.7 	8.3 	1.0 	1.8 	11.5 	19.9 	110 	105 	1.9 	1.1 	3.0 	.125
403 	Jeff Trepagnier 	SG 	22 	CLE 	12 	77 	8.4 	.345 	.304 	.304 	.043 	4.6 	13.6 	9.2 	23.9 	5.5 	3.8 	29.7 	22.1 	68 	99 	-0.3 	0.1 	-0.2 	-0.114
404 	Jake Tsakalidis 	C 	22 	PHO 	67 	1582 	11.7 	.522 	.475 	.398 	.003 	9.1 	17.7 	13.3 	2.2 	0.8 	3.2 	14.2 	15.5 	103 	104 	1.0 	1.8 	2.8 	.085
405 	Hedo Turkoglu 	SF 	22 	SAC 	80 	1970 	14.2 	.514 	.468 	.335 	.249 	3.5 	16.0 	9.8 	12.2 	1.5 	1.0 	9.3 	19.2 	107 	102 	2.5 	2.7 	5.2 	.127
406 	Nick Van Exel 	PG-SG 	30 	TOT 	72 	2496 	17.8 	.495 	.457 	.205 	.285 	1.2 	10.5 	5.8 	35.1 	0.9 	0.3 	10.5 	26.8 	106 	112 	3.9 	0.4 	4.4 	.084
407 	Keith Van Horn 	SF 	26 	NJN 	81 	2465 	16.0 	.510 	.479 	.179 	.269 	6.2 	21.6 	13.9 	11.6 	1.3 	1.2 	11.1 	24.0 	102 	99 	2.0 	4.3 	6.3 	.123
408 	Ratko Varda 	C 	22 	DET 	1 	6 	15.0 	.727 	.667 	.333 	.000 	0.0 	19.5 	9.8 	0.0 	0.0 	0.0 	22.5 	34.9 	102 	105 	0.0 	0.0 	0.0 	.098
409 	Jacque Vaughn 	PG 	26 	ATL 	82 	1856 	13.1 	.547 	.498 	.288 	.123 	1.1 	9.3 	5.2 	30.2 	1.8 	0.1 	18.5 	14.8 	110 	109 	2.5 	1.0 	3.5 	.091
410 	Jake Voskuhl 	C 	24 	PHO 	59 	900 	13.9 	.614 	.554 	.565 	.000 	12.7 	18.7 	15.7 	3.0 	0.6 	1.9 	16.6 	14.4 	117 	105 	1.7 	0.9 	2.7 	.143
411 	Antoine Walker 	PF 	25 	BOS 	81 	3406 	17.1 	.490 	.460 	.192 	.382 	4.7 	18.6 	11.5 	22.8 	1.9 	0.9 	12.1 	27.8 	99 	101 	1.5 	5.2 	6.7 	.094
412 	Samaki Walker 	PF 	25 	LAL 	69 	1655 	14.5 	.545 	.512 	.353 	.000 	8.7 	23.2 	16.0 	5.7 	0.9 	3.8 	11.2 	12.9 	114 	99 	2.4 	2.8 	5.3 	.153
413 	Ben Wallace 	C 	27 	DET 	80 	2921 	18.6 	.522 	.531 	.488 	.006 	12.9 	28.9 	21.0 	6.2 	2.5 	6.7 	10.7 	10.5 	117 	93 	4.3 	7.2 	11.6 	.190
414 	Gerald Wallace 	SF 	19 	SAC 	54 	430 	13.3 	.443 	.429 	.263 	.040 	12.4 	9.8 	11.1 	9.6 	2.2 	0.9 	10.1 	22.0 	97 	102 	0.1 	0.6 	0.6 	.071
415 	John Wallace 	SF 	27 	PHO 	46 	490 	13.7 	.493 	.446 	.215 	.061 	6.1 	13.6 	9.8 	10.0 	1.2 	1.3 	11.0 	24.1 	100 	106 	0.3 	0.4 	0.7 	.071
416 	Rasheed Wallace 	PF 	27 	POR 	79 	2963 	19.3 	.540 	.513 	.213 	.246 	5.3 	20.4 	12.8 	9.3 	1.8 	2.6 	8.5 	23.7 	110 	102 	5.6 	4.1 	9.7 	.158
417 	Charlie Ward 	PG 	31 	NYK 	63 	1058 	14.5 	.496 	.460 	.191 	.541 	1.6 	12.3 	7.0 	31.7 	3.4 	1.0 	18.6 	17.8 	101 	103 	0.6 	1.3 	1.9 	.087
418 	Earl Watson 	PG 	22 	SEA 	64 	964 	11.6 	.507 	.491 	.170 	.208 	3.9 	6.2 	5.1 	18.8 	3.4 	0.4 	18.3 	13.4 	104 	106 	0.7 	0.8 	1.5 	.076
419 	Clarence Weatherspoon 	PF 	31 	NYK 	56 	1728 	13.3 	.478 	.418 	.323 	.000 	10.0 	20.9 	15.4 	5.8 	1.1 	2.1 	8.3 	15.2 	106 	104 	1.6 	1.9 	3.5 	.097
420 	Chris Webber 	PF 	28 	SAC 	54 	2071 	24.4 	.540 	.497 	.314 	.018 	7.9 	20.1 	14.1 	21.9 	2.2 	2.4 	11.4 	29.0 	109 	98 	4.8 	3.9 	8.6 	.200
421 	Bonzi Wells 	SG 	25 	POR 	74 	2348 	18.4 	.538 	.500 	.279 	.166 	6.0 	16.4 	11.1 	15.8 	2.6 	0.8 	14.1 	26.4 	104 	103 	3.0 	3.0 	6.0 	.122
422 	David Wesley 	SG 	31 	CHH 	67 	2487 	11.3 	.479 	.447 	.207 	.281 	2.0 	4.5 	3.3 	16.2 	1.6 	0.4 	10.7 	20.4 	100 	108 	1.1 	1.5 	2.6 	.050
423 	Jahidi White 	C 	25 	WAS 	71 	1346 	14.9 	.552 	.538 	.552 	.000 	13.6 	24.9 	19.2 	2.0 	1.0 	4.1 	15.8 	14.1 	109 	102 	1.5 	1.8 	3.3 	.118
424 	Rodney White 	SF 	21 	DET 	16 	129 	11.0 	.423 	.367 	.233 	.150 	1.8 	14.5 	8.2 	16.6 	3.7 	1.1 	17.5 	29.3 	80 	99 	-0.4 	0.2 	-0.2 	-0.056
425 	Chris Whitney 	PG 	30 	WAS 	82 	2171 	15.6 	.568 	.518 	.267 	.492 	0.6 	7.6 	4.1 	23.4 	1.8 	0.2 	10.4 	17.4 	119 	109 	5.4 	1.1 	6.5 	.143
426 	Aaron Williams 	PF 	30 	NJN 	82 	1546 	15.2 	.568 	.526 	.424 	.005 	8.3 	16.4 	12.3 	8.1 	1.0 	3.5 	13.2 	17.4 	111 	100 	2.4 	2.5 	5.0 	.154
427 	Alvin Williams 	PG 	27 	TOR 	82 	2927 	13.8 	.470 	.447 	.144 	.199 	2.2 	9.0 	5.5 	26.6 	2.5 	0.7 	12.7 	18.4 	102 	104 	2.2 	3.1 	5.2 	.086
428 	Eric Williams 	SF 	29 	BOS 	74 	1747 	8.8 	.490 	.405 	.569 	.223 	3.6 	10.5 	6.9 	9.8 	2.3 	0.4 	16.5 	15.0 	96 	103 	0.0 	2.2 	2.2 	.061
429 	Jason Williams 	PG 	26 	MEM 	65 	2236 	15.1 	.466 	.446 	.103 	.437 	1.1 	8.6 	4.9 	42.0 	2.6 	0.2 	17.2 	25.3 	95 	107 	-0.6 	1.5 	0.9 	.020
430 	Jerome Williams 	PF 	28 	TOR 	68 	1641 	15.7 	.542 	.490 	.526 	.000 	11.2 	16.0 	13.5 	7.3 	2.6 	1.1 	12.5 	15.2 	113 	102 	2.7 	2.3 	5.0 	.147
431 	Monty Williams 	SF 	30 	ORL 	68 	1284 	14.7 	.575 	.547 	.370 	.011 	6.9 	13.6 	10.2 	12.0 	2.0 	0.9 	17.0 	17.7 	108 	105 	1.6 	1.2 	2.9 	.107
432 	Scott Williams 	PF 	33 	DEN 	41 	737 	10.5 	.430 	.396 	.189 	.009 	12.1 	20.7 	16.2 	2.8 	1.2 	3.3 	13.0 	16.4 	93 	106 	-0.3 	0.7 	0.4 	.027
433 	Shammond Williams 	SG 	26 	SEA 	50 	603 	14.3 	.526 	.492 	.202 	.389 	3.2 	9.0 	6.2 	21.0 	1.9 	0.3 	14.3 	18.9 	108 	108 	0.8 	0.3 	1.2 	.095
434 	Walt Williams 	SF 	31 	HOU 	48 	1117 	13.1 	.538 	.518 	.129 	.462 	3.7 	12.9 	8.3 	11.0 	0.9 	0.6 	11.2 	19.6 	107 	111 	1.4 	0.3 	1.7 	.073
435 	Corliss Williamson 	SF 	28 	DET 	78 	1701 	20.0 	.567 	.511 	.370 	.006 	8.2 	13.9 	11.1 	11.5 	1.5 	1.1 	12.8 	29.8 	107 	104 	3.2 	1.9 	5.1 	.144
436 	Kevin Willis 	PF 	39 	HOU 	52 	865 	16.1 	.489 	.440 	.306 	.004 	13.7 	25.9 	19.8 	2.9 	1.6 	1.8 	11.3 	19.5 	104 	104 	0.8 	0.9 	1.7 	.096
437 	Loren Woods 	C 	23 	MIN 	60 	516 	9.9 	.449 	.344 	.625 	.021 	10.4 	16.8 	13.7 	5.8 	1.7 	4.9 	22.7 	13.9 	91 	101 	-0.2 	0.7 	0.5 	.047
438 	Metta World Peace 	SF 	22 	TOT 	55 	1642 	15.8 	.501 	.465 	.321 	.267 	5.1 	13.8 	9.5 	14.1 	4.5 	1.7 	14.0 	23.5 	96 	100 	0.0 	2.7 	2.7 	.079
439 	Lorenzen Wright 	C 	26 	MEM 	43 	1251 	14.8 	.478 	.459 	.253 	.004 	11.6 	24.5 	18.1 	6.5 	1.3 	1.3 	11.8 	22.2 	96 	104 	0.0 	1.4 	1.4 	.055
440 	Wang Zhizhi 	C 	24 	DAL 	55 	600 	16.1 	.564 	.536 	.230 	.468 	3.6 	16.8 	10.3 	5.9 	0.9 	2.1 	8.4 	22.4 	110 	107 	1.1 	0.4 	1.5 	.121