1 	Shareef Abdur-Rahim 	PF 	27 	TOT 	85 	2684 	19.9 	.557 	.480 	.407 	.032 	8.2 	19.0 	13.6 	12.3 	1.4 	1.0 	12.9 	24.4 	110 	105 	6.1 	2.0 	8.1 	.145
2 	Malik Allen 	PF 	25 	MIA 	45 	616 	10.5 	.449 	.419 	.167 	.000 	7.9 	14.7 	11.3 	4.7 	1.1 	3.6 	11.3 	18.3 	93 	101 	-0.1 	0.8 	0.7 	.051
3 	Ray Allen 	SG 	28 	SEA 	56 	2152 	21.7 	.566 	.512 	.266 	.372 	3.8 	11.8 	7.8 	23.3 	1.8 	0.4 	12.1 	27.8 	112 	110 	6.5 	0.4 	6.9 	.153
4 	Rafer Alston 	PG 	27 	MIA 	82 	2581 	13.7 	.509 	.481 	.175 	.568 	1.2 	9.1 	5.1 	24.9 	2.4 	0.6 	13.5 	17.3 	105 	102 	3.1 	2.8 	5.9 	.110
5 	Chris Andersen 	PF 	25 	DEN 	71 	1029 	14.4 	.486 	.443 	.527 	.005 	9.6 	23.3 	16.3 	5.1 	1.7 	7.8 	16.1 	12.7 	100 	96 	0.5 	1.9 	2.4 	.111
6 	Derek Anderson 	SG 	29 	POR 	51 	1810 	15.1 	.499 	.440 	.307 	.423 	1.7 	10.2 	6.0 	21.1 	2.0 	0.1 	11.5 	20.5 	107 	107 	2.7 	0.9 	3.6 	.097
7 	Kenny Anderson 	PG 	33 	IND 	44 	905 	11.1 	.473 	.443 	.188 	.016 	2.5 	8.2 	5.3 	24.2 	1.6 	0.4 	15.3 	17.1 	98 	101 	0.4 	1.1 	1.5 	.079
8 	Shandon Anderson 	SG 	30 	NYK 	80 	1974 	10.1 	.500 	.454 	.285 	.227 	3.1 	9.7 	6.5 	10.2 	1.8 	0.7 	15.7 	17.7 	96 	105 	0.2 	1.5 	1.7 	.042
9 	Carmelo Anthony 	SF 	19 	DEN 	82 	2995 	17.6 	.509 	.449 	.358 	.146 	6.8 	12.1 	9.4 	13.8 	1.7 	1.0 	12.7 	28.5 	102 	105 	3.7 	2.4 	6.1 	.098
10 	Robert Archibald 	C-PF 	23 	TOT 	32 	256 	5.6 	.343 	.273 	.939 	.000 	9.4 	14.0 	11.7 	7.9 	3.0 	0.9 	17.7 	10.7 	84 	98 	-0.2 	0.4 	0.2 	.039
11 	Gilbert Arenas 	PG 	22 	WAS 	55 	2066 	16.0 	.512 	.460 	.347 	.364 	2.9 	11.1 	6.9 	25.5 	2.6 	0.4 	17.7 	27.4 	98 	105 	1.1 	1.5 	2.6 	.061
12 	Brandon Armstrong 	SG 	23 	NJN 	56 	434 	5.5 	.427 	.426 	.023 	.297 	3.3 	8.4 	5.8 	5.7 	1.5 	0.4 	12.0 	21.7 	80 	102 	-0.8 	0.5 	-0.3 	-0.030
13 	Darrell Armstrong 	PG 	35 	NOH 	79 	2247 	15.6 	.525 	.487 	.196 	.583 	3.1 	8.5 	5.7 	24.3 	3.2 	0.5 	16.2 	19.4 	105 	102 	2.8 	2.5 	5.3 	.114
14 	Carlos Arroyo 	PG 	24 	UTA 	71 	2008 	16.8 	.517 	.466 	.293 	.152 	2.5 	9.0 	5.7 	34.6 	1.7 	0.2 	15.2 	23.7 	106 	106 	3.5 	1.2 	4.7 	.112
15 	Chucky Atkins 	PG 	29 	TOT 	64 	1544 	12.1 	.511 	.480 	.200 	.498 	0.7 	6.2 	3.5 	24.7 	1.5 	0.1 	14.9 	18.5 	103 	105 	1.5 	1.3 	2.7 	.085
16 	Stacey Augmon 	SF 	35 	NOH 	69 	1416 	10.0 	.486 	.414 	.401 	.020 	4.1 	10.1 	7.0 	10.0 	2.1 	0.8 	15.7 	15.6 	97 	104 	0.4 	1.3 	1.6 	.056
17 	Vin Baker 	PF 	32 	TOT 	54 	1313 	14.8 	.530 	.483 	.363 	.007 	10.0 	14.4 	12.2 	9.0 	1.1 	1.9 	13.3 	20.1 	105 	105 	1.7 	1.1 	2.8 	.101
18 	Marcus Banks 	PG 	22 	BOS 	81 	1385 	11.0 	.480 	.431 	.296 	.195 	2.5 	8.4 	5.5 	21.3 	3.3 	0.7 	20.0 	20.5 	91 	103 	-0.6 	1.4 	0.7 	.026
19 	Leandro Barbosa 	PG 	21 	PHO 	70 	1500 	12.7 	.553 	.535 	.130 	.447 	1.7 	7.6 	4.7 	18.0 	3.2 	0.3 	19.5 	18.6 	100 	106 	0.9 	1.0 	1.9 	.061
20 	Matt Barnes 	SF 	23 	LAC 	38 	724 	10.6 	.519 	.464 	.442 	.094 	8.3 	15.5 	11.9 	10.6 	2.0 	0.3 	21.1 	12.8 	101 	108 	0.4 	0.3 	0.7 	.045
21 	Dana Barros 	SG 	36 	BOS 	1 	11 	17.8 	.773 	.667 	.667 	.000 	0.0 	0.0 	0.0 	0.0 	0.0 	0.0 	0.0 	16.0 	162 	113 	0.1 	0.0 	0.1 	.256
22 	Brent Barry 	SG 	32 	SEA 	59 	1803 	18.3 	.668 	.637 	.258 	.590 	1.4 	11.9 	6.7 	30.5 	2.5 	0.7 	22.6 	15.8 	120 	108 	4.9 	0.7 	5.7 	.151
23 	Jon Barry 	SG 	34 	DEN 	57 	1101 	14.6 	.535 	.490 	.239 	.465 	2.5 	10.2 	6.3 	20.6 	2.7 	0.5 	13.9 	15.2 	111 	104 	1.7 	1.1 	2.8 	.122
24 	Mengke Bateer 	C 	28 	TOR 	7 	40 	7.2 	.571 	.571 	.000 	.000 	14.3 	8.7 	11.5 	4.4 	1.4 	0.0 	22.2 	10.9 	107 	104 	0.0 	0.0 	0.1 	.090
25 	Tony Battie 	C 	27 	TOT 	73 	1478 	11.9 	.482 	.445 	.232 	.023 	9.0 	18.1 	13.6 	6.4 	0.9 	3.3 	13.0 	14.8 	101 	103 	0.8 	1.4 	2.3 	.074
26 	Shane Battier 	SF 	25 	MEM 	79 	1947 	15.3 	.544 	.506 	.302 	.343 	5.9 	11.8 	8.8 	8.4 	2.7 	2.2 	8.3 	15.5 	114 	102 	3.5 	2.3 	5.9 	.145
27 	Lonny Baxter 	C-PF 	25 	TOT 	62 	766 	12.6 	.518 	.495 	.364 	.014 	9.4 	18.5 	13.9 	4.8 	1.2 	2.8 	13.6 	17.2 	100 	100 	0.5 	1.0 	1.5 	.094
28 	Jerome Beasley 	PF 	23 	MIA 	2 	5 	5.9 	.333 	.333 	.000 	.000 	0.0 	23.6 	11.7 	0.0 	0.0 	0.0 	0.0 	28.2 	72 	104 	0.0 	0.0 	0.0 	-0.117
29 	Raja Bell 	SG 	27 	UTA 	82 	2020 	12.7 	.500 	.447 	.308 	.206 	3.6 	11.3 	7.4 	10.2 	1.7 	0.5 	10.8 	23.6 	103 	105 	2.2 	1.5 	3.7 	.088
30 	Troy Bell 	PG 	23 	MEM 	6 	34 	-4.5 	.285 	.222 	.167 	.222 	9.9 	3.4 	6.6 	18.7 	1.5 	0.0 	23.7 	33.5 	61 	108 	-0.2 	0.0 	-0.2 	-0.326
31 	Jonathan Bender 	SF 	23 	IND 	21 	271 	15.7 	.584 	.514 	.443 	.208 	3.9 	13.7 	8.7 	6.5 	1.0 	3.1 	20.7 	27.8 	96 	99 	0.1 	0.4 	0.5 	.087
32 	Travis Best 	PG 	31 	DAL 	61 	762 	10.1 	.445 	.381 	.267 	.116 	2.4 	7.5 	4.9 	19.5 	2.1 	0.4 	14.7 	12.9 	103 	110 	0.5 	0.2 	0.7 	.044
33 	Mike Bibby 	PG 	25 	SAC 	82 	2980 	19.3 	.564 	.514 	.319 	.323 	2.6 	7.8 	5.3 	24.5 	1.9 	0.4 	11.6 	22.9 	113 	108 	8.0 	1.3 	9.3 	.151
34 	Chauncey Billups 	PG 	27 	DET 	78 	2758 	18.6 	.550 	.459 	.462 	.336 	1.5 	10.0 	5.8 	29.3 	1.7 	0.2 	13.6 	23.5 	112 	99 	7.1 	4.2 	11.3 	.198
35 	Steve Blake 	PG 	23 	WAS 	75 	1392 	10.9 	.509 	.478 	.165 	.496 	1.4 	8.2 	4.7 	25.8 	2.1 	0.4 	22.7 	17.9 	95 	107 	0.1 	0.7 	0.7 	.026
36 	Corie Blount 	PF-C 	35 	TOT 	62 	1050 	11.9 	.462 	.455 	.107 	.012 	10.1 	19.1 	14.5 	9.0 	2.5 	1.7 	14.0 	13.3 	98 	99 	0.3 	1.6 	1.9 	.085
37 	Mark Blount 	C 	28 	BOS 	82 	2402 	16.0 	.601 	.566 	.366 	.000 	10.1 	17.9 	14.0 	5.4 	1.7 	3.4 	17.6 	16.1 	110 	102 	3.7 	2.9 	6.5 	.131
38 	Keith Bogans 	SF 	23 	ORL 	73 	1787 	11.0 	.499 	.477 	.227 	.412 	6.6 	13.7 	10.1 	8.7 	1.4 	0.4 	13.1 	14.5 	103 	111 	1.3 	0.0 	1.3 	.034
39 	Calvin Booth 	C 	27 	SEA 	71 	1206 	13.6 	.521 	.466 	.324 	.007 	8.5 	18.8 	13.7 	3.7 	0.8 	6.3 	12.0 	14.4 	107 	105 	1.3 	0.9 	2.2 	.088
40 	Carlos Boozer 	PF 	22 	CLE 	75 	2592 	20.8 	.567 	.524 	.317 	.007 	9.8 	26.8 	18.3 	10.3 	1.5 	1.5 	11.6 	20.0 	113 	101 	6.1 	3.4 	9.4 	.174
41 	Curtis Borchardt 	C 	23 	UTA 	16 	258 	7.9 	.454 	.393 	.321 	.018 	6.2 	20.0 	13.0 	9.8 	0.9 	4.6 	22.0 	14.8 	88 	102 	-0.2 	0.3 	0.1 	.026
42 	Chris Bosh 	C 	19 	TOR 	75 	2510 	15.1 	.513 	.463 	.404 	.020 	8.7 	16.9 	12.8 	5.8 	1.3 	3.1 	11.3 	18.3 	103 	99 	2.5 	3.8 	6.2 	.119
43 	Ruben Boumtje-Boumtje 	C 	25 	POR 	9 	26 	3.4 	.340 	.200 	.400 	.000 	0.0 	4.5 	2.3 	5.6 	0.0 	2.9 	0.0 	10.7 	90 	111 	0.0 	0.0 	0.0 	-0.014
44 	Bruce Bowen 	SF 	32 	SAS 	82 	2624 	8.2 	.512 	.497 	.227 	.422 	1.9 	8.8 	5.4 	6.7 	1.7 	0.9 	14.0 	11.3 	99 	97 	0.8 	4.6 	5.4 	.098
45 	Ryan Bowen 	PF 	28 	DEN 	52 	392 	9.9 	.395 	.340 	.226 	.000 	11.1 	14.0 	12.5 	6.4 	2.4 	2.9 	9.3 	7.2 	109 	101 	0.3 	0.5 	0.8 	.097
46 	Earl Boykins 	SG 	27 	DEN 	82 	1849 	16.2 	.501 	.455 	.211 	.223 	2.5 	6.3 	4.4 	27.3 	1.4 	0.1 	10.7 	22.2 	107 	108 	3.3 	0.8 	4.1 	.105
47 	Michael Bradley 	C-PF 	24 	TOT 	16 	98 	4.1 	.472 	.467 	.133 	.000 	7.0 	19.8 	13.4 	1.6 	1.6 	0.0 	30.6 	10.8 	76 	103 	-0.1 	0.1 	0.0 	-0.015
48 	Shawn Bradley 	C 	31 	DAL 	66 	773 	15.6 	.523 	.473 	.261 	.005 	9.9 	14.6 	12.2 	3.6 	2.2 	7.1 	7.5 	12.8 	118 	102 	1.5 	0.9 	2.3 	.145
49 	Torraye Braggs 	PF 	27 	TOT 	15 	154 	9.5 	.522 	.485 	.364 	.000 	14.3 	15.3 	14.9 	7.8 	1.4 	1.0 	25.4 	15.8 	96 	100 	0.0 	0.2 	0.2 	.070
50 	Elton Brand 	PF 	24 	LAC 	69 	2670 	23.2 	.567 	.493 	.542 	.001 	11.4 	19.1 	15.2 	16.0 	1.3 	4.2 	13.7 	23.4 	114 	106 	7.9 	1.8 	9.7 	.174
51 	J.R. Bremer 	PG 	23 	TOT 	36 	443 	6.2 	.354 	.332 	.127 	.468 	2.3 	6.7 	4.5 	18.1 	2.1 	0.6 	12.6 	19.4 	81 	107 	-0.7 	0.3 	-0.5 	-0.053
52 	Jamison Brewer 	PG 	23 	IND 	13 	160 	6.6 	.425 	.443 	.171 	.400 	1.5 	6.7 	4.1 	17.3 	2.4 	0.0 	21.0 	14.1 	83 	100 	-0.2 	0.2 	0.0 	.014
53 	Primoz Brezec 	C 	24 	IND 	18 	72 	9.7 	.489 	.462 	.231 	.000 	8.1 	16.6 	12.3 	7.9 	0.0 	3.2 	17.3 	22.7 	90 	100 	0.0 	0.1 	0.1 	.040
54 	Damone Brown 	PF 	24 	NJN 	3 	17 	-4.3 	.138 	.100 	.200 	.000 	20.9 	13.9 	17.4 	0.0 	6.3 	0.0 	8.4 	32.8 	45 	90 	-0.2 	0.0 	-0.1 	-0.345
55 	Devin Brown 	SG 	25 	SAS 	58 	627 	13.1 	.512 	.444 	.378 	.071 	6.9 	16.2 	11.6 	9.0 	1.3 	0.5 	14.3 	19.7 	102 	96 	0.5 	1.2 	1.7 	.133
56 	Kedrick Brown 	SF 	22 	TOT 	55 	969 	12.5 	.543 	.535 	.106 	.390 	4.8 	12.1 	8.5 	10.8 	1.6 	0.5 	9.8 	13.7 	112 	106 	1.4 	0.6 	2.0 	.100
57 	Kwame Brown 	PF 	21 	WAS 	74 	2239 	15.7 	.547 	.490 	.567 	.003 	8.7 	19.2 	13.8 	8.8 	1.5 	1.7 	16.0 	17.3 	106 	104 	2.9 	2.0 	4.9 	.105
58 	P.J. Brown 	PF 	34 	NOH 	80 	2753 	15.7 	.527 	.476 	.260 	.001 	9.6 	19.3 	14.3 	9.8 	1.5 	2.0 	11.3 	14.8 	113 	101 	4.7 	3.4 	8.1 	.142
59 	Tierre Brown 	PG 	24 	NOH 	3 	17 	-9.2 	.521 	.500 	1.000 	.000 	0.0 	6.9 	3.4 	20.2 	0.0 	0.0 	54.9 	34.3 	50 	110 	-0.2 	0.0 	-0.2 	-0.497
60 	Rick Brunson 	PG 	31 	TOT 	40 	412 	13.1 	.497 	.433 	.295 	.219 	2.3 	7.6 	4.9 	32.8 	3.2 	0.5 	21.8 	16.5 	100 	103 	0.2 	0.4 	0.6 	.075
61 	Kobe Bryant 	SG 	25 	LAL 	65 	2447 	23.7 	.551 	.468 	.452 	.184 	4.7 	12.0 	8.3 	24.4 	2.4 	0.8 	10.8 	29.1 	112 	102 	7.8 	3.0 	10.7 	.210
62 	Greg Buckner 	SG 	27 	PHI 	53 	703 	7.4 	.439 	.411 	.154 	.251 	4.7 	12.4 	8.6 	11.0 	1.6 	0.4 	15.4 	14.8 	90 	104 	-0.3 	0.7 	0.3 	.024
63 	Rodney Buford 	SF 	26 	SAC 	22 	141 	6.2 	.350 	.339 	.107 	.036 	4.9 	7.1 	6.0 	7.6 	2.2 	0.5 	6.4 	20.1 	79 	107 	-0.3 	0.1 	-0.2 	-0.063
64 	Caron Butler 	SF 	23 	MIA 	68 	2030 	10.7 	.440 	.388 	.279 	.067 	5.2 	13.6 	9.4 	10.8 	2.0 	0.5 	11.4 	18.5 	94 	102 	-0.2 	2.4 	2.1 	.050
65 	Mitchell Butler 	SG 	33 	WAS 	41 	552 	9.3 	.498 	.480 	.194 	.242 	4.7 	9.8 	7.2 	9.7 	2.1 	0.5 	15.1 	12.7 	100 	107 	0.2 	0.3 	0.5 	.048
66 	Rasual Butler 	SF 	24 	MIA 	45 	675 	14.0 	.586 	.576 	.084 	.432 	0.7 	10.0 	5.3 	6.6 	0.8 	1.5 	9.7 	20.0 	108 	105 	1.0 	0.5 	1.6 	.113
67 	Zarko Cabarkapa 	PF 	22 	PHO 	49 	570 	8.4 	.461 	.426 	.269 	.162 	5.2 	14.7 	9.9 	11.6 	0.9 	1.7 	19.7 	21.7 	85 	107 	-0.7 	0.3 	-0.4 	-0.037
68 	Marcus Camby 	C 	29 	DEN 	72 	2162 	17.8 	.511 	.477 	.248 	.004 	10.9 	27.4 	19.0 	9.6 	2.0 	6.1 	13.9 	14.3 	108 	95 	2.6 	4.3 	6.9 	.154
69 	Elden Campbell 	C 	35 	DET 	65 	892 	13.8 	.490 	.439 	.395 	.000 	6.8 	20.1 	13.6 	9.3 	1.3 	4.3 	14.6 	22.6 	96 	93 	0.1 	2.0 	2.1 	.115
70 	Brian Cardinal 	PF 	26 	GSW 	76 	1634 	19.4 	.626 	.531 	.582 	.266 	6.9 	15.0 	10.9 	10.7 	2.2 	0.9 	12.6 	18.9 	123 	103 	5.5 	1.7 	7.2 	.212
71 	Matt Carroll 	SG 	23 	TOT 	16 	70 	3.8 	.510 	.469 	.375 	.188 	1.6 	8.2 	4.9 	4.6 	0.8 	0.0 	24.4 	16.5 	82 	107 	-0.1 	0.0 	0.0 	-0.033
72 	Anthony Carter 	PG 	28 	SAS 	5 	87 	0.3 	.297 	.297 	.000 	.081 	2.6 	11.4 	7.1 	23.3 	2.5 	0.0 	24.5 	26.0 	60 	95 	-0.5 	0.2 	-0.3 	-0.176
73 	Maurice Carter 	SG 	27 	TOT 	10 	110 	5.8 	.479 	.371 	.571 	.314 	2.0 	9.5 	5.7 	5.8 	0.0 	0.0 	17.0 	21.7 	90 	109 	-0.1 	0.0 	0.0 	-0.014
74 	Vince Carter 	SG 	27 	TOR 	73 	2785 	20.0 	.501 	.449 	.286 	.167 	3.9 	10.6 	7.2 	28.0 	1.7 	1.7 	12.0 	32.5 	99 	102 	2.6 	3.4 	6.0 	.103
75 	Sam Cassell 	PG 	34 	MIN 	81 	2838 	22.8 	.566 	.517 	.261 	.146 	1.9 	8.7 	5.5 	38.0 	1.9 	0.5 	13.5 	27.2 	113 	102 	8.8 	3.3 	12.1 	.205
76 	Kelvin Cato 	PF 	29 	HOU 	69 	1743 	13.2 	.495 	.447 	.394 	.000 	10.9 	20.5 	16.0 	6.9 	1.6 	4.2 	16.6 	13.9 	101 	95 	1.1 	3.5 	4.6 	.127
77 	Tyson Chandler 	PF 	21 	CHI 	35 	782 	14.2 	.507 	.424 	.747 	.006 	11.1 	27.0 	18.9 	4.7 	1.1 	4.1 	15.3 	14.2 	104 	99 	0.7 	1.2 	1.9 	.116
78 	Calbert Cheaney 	SF 	32 	GSW 	79 	2067 	10.6 	.493 	.481 	.133 	.017 	4.2 	10.0 	7.1 	11.2 	1.6 	0.4 	12.2 	15.5 	100 	106 	1.0 	1.3 	2.3 	.054
79 	Doug Christie 	SG 	33 	SAC 	82 	2780 	14.0 	.544 	.496 	.250 	.206 	2.9 	10.4 	6.7 	18.6 	2.8 	1.0 	16.9 	14.9 	107 	104 	3.4 	2.4 	5.7 	.099
80 	Keon Clark 	PF 	28 	UTA 	2 	27 	8.8 	.333 	.333 	.000 	.000 	4.5 	28.0 	16.1 	6.1 	2.1 	0.0 	0.0 	10.3 	91 	100 	0.0 	0.0 	0.0 	.058
81 	Speedy Claxton 	PG 	25 	GSW 	60 	1595 	17.3 	.509 	.431 	.427 	.042 	2.7 	8.4 	5.5 	28.7 	3.3 	0.4 	14.1 	20.9 	107 	103 	2.6 	1.6 	4.2 	.127
82 	Mateen Cleaves 	PG 	26 	CLE 	4 	92 	6.8 	.314 	.304 	.087 	.043 	1.2 	7.2 	4.2 	31.3 	2.3 	1.5 	17.3 	14.1 	82 	105 	-0.1 	0.1 	0.0 	-0.024
83 	Derrick Coleman 	C 	36 	PHI 	34 	843 	11.6 	.471 	.429 	.251 	.139 	6.3 	20.3 	13.4 	9.9 	1.5 	2.4 	16.5 	19.2 	91 	100 	-0.4 	1.2 	0.8 	.047
84 	Bimbo Coles 	PG 	35 	MIA 	22 	170 	1.8 	.382 	.353 	.176 	.000 	1.4 	5.5 	3.4 	14.2 	1.0 	0.0 	19.7 	12.6 	79 	107 	-0.2 	0.1 	-0.1 	-0.036
85 	Jason Collier 	C 	26 	ATL 	20 	545 	14.6 	.558 	.482 	.515 	.024 	7.6 	15.4 	11.5 	5.5 	1.1 	1.5 	13.3 	19.5 	109 	107 	0.9 	0.3 	1.2 	.105
86 	Jarron Collins 	C 	25 	UTA 	81 	1732 	11.1 	.587 	.498 	.888 	.003 	8.3 	14.5 	11.3 	7.5 	0.8 	0.9 	16.1 	13.1 	115 	106 	3.1 	1.1 	4.2 	.117
87 	Jason Collins 	C 	25 	NJN 	78 	2220 	10.0 	.497 	.424 	.479 	.005 	7.6 	13.6 	10.6 	10.8 	1.6 	1.9 	17.3 	11.9 	102 	99 	1.4 	3.5 	4.9 	.105
88 	Brian Cook 	C 	23 	LAL 	35 	442 	14.0 	.505 	.475 	.199 	.035 	7.8 	18.2 	12.9 	7.4 	1.9 	2.7 	10.0 	17.3 	104 	99 	0.5 	0.7 	1.1 	.122
89 	Omar Cook 	PG 	22 	POR 	17 	139 	4.7 	.259 	.259 	.000 	.037 	2.6 	2.5 	2.6 	25.6 	4.0 	0.0 	27.0 	12.6 	71 	105 	-0.3 	0.1 	-0.2 	-0.068
90 	Chris Crawford 	PF 	28 	ATL 	56 	1207 	15.8 	.544 	.495 	.253 	.240 	5.5 	10.9 	8.2 	7.0 	1.6 	1.2 	9.5 	21.8 	109 	108 	2.2 	0.5 	2.7 	.107
91 	Jamal Crawford 	SG 	23 	CHI 	80 	2811 	15.9 	.486 	.449 	.182 	.395 	1.7 	9.5 	5.5 	27.5 	2.1 	0.8 	11.9 	25.7 	99 	105 	1.9 	2.1 	4.1 	.069
92 	Austin Croshere 	PF 	28 	IND 	77 	1051 	14.4 	.549 	.479 	.339 	.469 	6.7 	20.8 	13.7 	8.5 	1.3 	1.0 	13.5 	18.3 	108 	98 	1.6 	1.8 	3.4 	.156
93 	Eddy Curry 	PF 	21 	CHI 	73 	2154 	14.8 	.538 	.497 	.417 	.001 	7.1 	16.1 	11.4 	6.2 	0.6 	2.8 	15.1 	24.3 	98 	104 	1.1 	1.8 	3.0 	.066
94 	Michael Curry 	SF 	35 	TOR 	70 	1229 	3.6 	.460 	.395 	.296 	.077 	2.0 	6.1 	4.1 	7.2 	1.0 	0.3 	17.8 	10.6 	88 	105 	-0.6 	0.9 	0.3 	.013
95 	Samuel Dalembert 	C 	22 	PHI 	82 	2197 	16.1 	.566 	.541 	.349 	.002 	10.5 	22.9 	16.8 	1.7 	1.1 	6.8 	13.0 	14.1 	110 	97 	3.0 	4.0 	6.9 	.151
96 	Erick Dampier 	C 	28 	GSW 	74 	2403 	20.1 	.573 	.535 	.511 	.003 	16.1 	25.5 	20.8 	4.3 	0.7 	4.1 	14.1 	17.8 	114 	100 	5.5 	3.4 	8.9 	.178
97 	Antonio Daniels 	PG 	28 	SEA 	71 	1512 	19.7 	.596 	.523 	.462 	.291 	1.8 	9.2 	5.5 	31.9 	1.6 	0.3 	11.3 	16.5 	129 	111 	5.8 	0.0 	5.8 	.184
98 	Marquis Daniels 	SG 	23 	DAL 	56 	1039 	20.1 	.536 	.507 	.190 	.088 	6.7 	8.6 	7.6 	17.4 	2.6 	0.9 	9.0 	20.6 	115 	108 	2.7 	0.4 	3.2 	.146
99 	Antonio Davis 	C 	35 	TOT 	80 	2570 	11.8 	.465 	.403 	.348 	.000 	8.7 	20.4 	14.4 	9.0 	0.8 	1.9 	13.0 	15.5 	99 	103 	1.0 	2.8 	3.8 	.071
100 	Baron Davis 	PG 	24 	NOH 	67 	2686 	20.7 	.492 	.462 	.251 	.415 	2.7 	9.6 	6.1 	37.9 	3.2 	0.8 	12.1 	30.1 	103 	102 	4.3 	3.2 	7.5 	.133
101 	Dale Davis 	C 	34 	POR 	76 	1682 	12.9 	.505 	.473 	.377 	.000 	11.3 	16.8 	14.1 	6.6 	1.4 	2.8 	10.9 	10.3 	115 	104 	2.4 	1.5 	3.9 	.110
102 	Hubert Davis 	SG 	33 	TOT 	17 	78 	-2.3 	.168 	.091 	.182 	.091 	3.0 	9.1 	6.1 	7.4 	1.4 	0.0 	20.2 	8.9 	51 	101 	-0.2 	0.1 	-0.1 	-0.062
103 	Josh Davis 	PF 	23 	ATL 	4 	23 	2.1 	.460 	.400 	.200 	.400 	5.0 	19.5 	12.3 	0.0 	0.0 	0.0 	26.9 	14.7 	74 	109 	0.0 	0.0 	0.0 	-0.075
104 	Ricky Davis 	SF-SG 	24 	TOT 	79 	2474 	16.1 	.533 	.497 	.287 	.147 	3.6 	12.7 	8.2 	19.1 	2.0 	0.7 	15.0 	23.0 	101 	105 	2.4 	2.0 	4.4 	.085
105 	Andrew DeClercq 	C 	30 	ORL 	71 	1211 	10.6 	.526 	.477 	.277 	.000 	12.0 	17.8 	14.8 	5.5 	2.1 	1.9 	19.8 	10.2 	108 	107 	1.1 	0.6 	1.7 	.069
106 	Tony Delk 	SG 	30 	DAL 	33 	509 	13.2 	.484 	.435 	.239 	.359 	3.3 	9.4 	6.3 	7.8 	2.7 	1.0 	7.7 	19.0 	105 	107 	0.6 	0.3 	0.8 	.080
107 	Derrick Dial 	SG 	28 	ORL 	9 	86 	11.6 	.412 	.357 	.286 	.321 	6.5 	10.8 	8.6 	3.7 	3.7 	0.0 	3.1 	17.1 	98 	108 	0.0 	0.0 	0.1 	.035
108 	Boris Diaw 	SG 	21 	ATL 	76 	1919 	8.8 	.483 	.457 	.297 	.083 	6.6 	13.5 	10.1 	14.9 	1.6 	1.4 	26.3 	11.4 	93 	107 	-0.3 	1.1 	0.8 	.021
109 	Dan Dickau 	PG 	25 	TOT 	43 	294 	9.0 	.456 	.429 	.143 	.306 	2.8 	7.4 	5.1 	21.8 	3.1 	0.0 	20.0 	20.6 	89 	106 	-0.2 	0.2 	0.0 	-0.003
110 	Kaniel Dickens 	PF 	25 	POR 	3 	12 	23.1 	.902 	1.000 	.667 	.000 	20.0 	0.0 	9.9 	0.0 	0.0 	0.0 	20.5 	19.3 	133 	114 	0.0 	0.0 	0.0 	.180
111 	DeSagana Diop 	C 	22 	CLE 	56 	730 	10.4 	.404 	.388 	.136 	.000 	10.9 	19.2 	15.1 	7.1 	1.9 	5.0 	15.7 	11.3 	93 	100 	-0.1 	1.1 	1.0 	.063
112 	Vlade Divac 	C 	35 	SAC 	81 	2317 	16.3 	.511 	.472 	.389 	.019 	6.8 	15.6 	11.3 	28.7 	1.3 	2.3 	18.1 	18.6 	106 	105 	3.5 	1.8 	5.3 	.110
113 	Juan Dixon 	SG 	25 	WAS 	71 	1478 	13.5 	.476 	.434 	.218 	.311 	2.2 	9.2 	5.6 	17.5 	2.9 	0.2 	13.0 	24.0 	96 	105 	0.3 	1.1 	1.4 	.044
114 	Michael Doleac 	C 	26 	TOT 	72 	1029 	12.4 	.471 	.435 	.161 	.000 	9.9 	19.6 	14.8 	7.2 	1.2 	2.6 	12.2 	17.4 	99 	102 	0.5 	1.2 	1.7 	.079
115 	Keyon Dooling 	PG 	23 	LAC 	58 	1137 	10.0 	.458 	.401 	.267 	.131 	1.7 	6.3 	4.0 	19.4 	2.1 	0.4 	14.2 	17.9 	97 	111 	0.2 	0.1 	0.3 	.013
116 	Bryce Drew 	PG 	29 	NOH 	15 	78 	4.5 	.311 	.250 	.167 	.389 	0.0 	9.0 	4.4 	25.7 	2.8 	0.0 	29.3 	16.0 	67 	104 	-0.2 	0.1 	-0.2 	-0.095
117 	Predrag Drobnjak 	C 	28 	LAC 	61 	949 	12.6 	.458 	.408 	.227 	.095 	6.4 	17.2 	11.8 	7.4 	1.2 	1.8 	10.3 	21.7 	97 	108 	0.3 	0.4 	0.7 	.034
118 	Tim Duncan 	PF 	27 	SAS 	69 	2527 	27.1 	.534 	.502 	.498 	.010 	10.2 	27.6 	19.0 	17.4 	1.3 	5.3 	11.3 	29.7 	107 	89 	5.9 	7.2 	13.1 	.249
119 	Mike Dunleavy 	SF 	23 	GSW 	75 	2336 	15.1 	.547 	.514 	.257 	.353 	4.2 	17.2 	10.7 	16.1 	1.6 	0.4 	15.1 	18.6 	106 	104 	3.0 	2.2 	5.2 	.107
120 	Ronald Dupree 	SF 	23 	CHI 	47 	893 	9.7 	.445 	.401 	.372 	.032 	6.5 	14.1 	10.2 	10.6 	1.9 	1.5 	13.4 	19.0 	91 	103 	-0.4 	0.9 	0.5 	.028
121 	Ndudi Ebi 	SF 	19 	MIN 	17 	32 	9.3 	.412 	.429 	.286 	.000 	7.5 	3.4 	5.4 	16.2 	0.0 	9.1 	16.0 	27.6 	81 	102 	-0.1 	0.0 	0.0 	-0.057
122 	Howard Eisley 	PG 	31 	TOT 	67 	1457 	12.4 	.469 	.426 	.197 	.361 	1.6 	8.5 	5.1 	30.1 	2.0 	0.3 	16.7 	18.5 	99 	107 	0.9 	0.8 	1.7 	.055
123 	Francisco Elson 	C 	27 	DEN 	62 	875 	11.2 	.498 	.472 	.226 	.005 	8.3 	18.1 	13.1 	5.6 	2.1 	3.1 	13.8 	12.7 	103 	100 	0.6 	1.2 	1.8 	.097
124 	Melvin Ely 	PF 	25 	LAC 	42 	510 	11.1 	.458 	.431 	.275 	.007 	10.6 	11.9 	11.3 	7.4 	0.9 	2.4 	10.4 	16.6 	101 	110 	0.3 	0.1 	0.4 	.039
125 	Reggie Evans 	PF 	23 	SEA 	75 	1280 	9.9 	.471 	.406 	.897 	.018 	14.5 	23.0 	18.8 	3.7 	2.3 	0.6 	22.0 	10.7 	101 	104 	0.7 	1.1 	1.7 	.065
126 	Desmond Ferguson 	SF 	26 	POR 	7 	32 	11.3 	.505 	.542 	.167 	.667 	0.0 	14.7 	7.4 	5.5 	0.0 	0.0 	7.2 	20.5 	97 	110 	0.0 	0.0 	0.0 	.021
127 	Michael Finley 	SG 	30 	DAL 	72 	2778 	17.8 	.539 	.508 	.167 	.319 	3.0 	9.9 	6.4 	11.7 	1.6 	1.0 	6.3 	20.9 	115 	110 	7.0 	0.5 	7.6 	.131
128 	Derek Fisher 	SG 	29 	LAL 	82 	1769 	11.5 	.451 	.398 	.266 	.311 	1.9 	7.9 	4.9 	16.3 	3.0 	0.2 	10.9 	18.3 	97 	102 	0.4 	2.0 	2.4 	.066
129 	Marcus Fizer 	SF 	25 	CHI 	46 	738 	13.4 	.447 	.386 	.343 	.049 	8.8 	21.5 	15.0 	11.1 	1.1 	0.8 	11.2 	27.5 	92 	103 	-0.3 	0.8 	0.5 	.033
130 	Alton Ford 	PF 	22 	HOU 	9 	41 	12.4 	.550 	.545 	.545 	.000 	9.1 	21.9 	15.8 	13.5 	0.0 	1.9 	18.0 	19.4 	102 	99 	0.0 	0.1 	0.1 	.117
131 	T.J. Ford 	PG 	20 	MIL 	55 	1472 	12.1 	.443 	.391 	.246 	.053 	2.9 	10.8 	6.8 	37.4 	2.1 	0.1 	24.0 	17.9 	93 	106 	-0.2 	0.9 	0.7 	.022
132 	Danny Fortson 	C 	27 	DAL 	56 	625 	15.9 	.605 	.511 	.662 	.000 	19.3 	24.3 	21.8 	2.0 	1.0 	1.3 	17.1 	15.2 	123 	105 	1.9 	0.4 	2.3 	.177
133 	Jeff Foster 	C 	27 	IND 	82 	1961 	16.2 	.578 	.544 	.425 	.011 	14.8 	22.0 	18.4 	5.5 	2.0 	1.1 	12.3 	11.8 	122 	96 	4.4 	3.8 	8.3 	.202
134 	Tremaine Fowlkes 	SF 	27 	DET 	36 	261 	6.5 	.393 	.323 	.375 	.167 	8.1 	15.3 	11.7 	8.4 	1.9 	0.9 	17.7 	12.2 	88 	96 	-0.1 	0.5 	0.4 	.068
135 	Rick Fox 	SF 	34 	LAL 	38 	846 	8.0 	.459 	.433 	.161 	.328 	3.8 	9.9 	6.8 	17.1 	1.8 	0.3 	19.4 	13.1 	94 	104 	0.0 	0.8 	0.8 	.043
136 	Adonal Foyle 	C 	28 	GSW 	44 	572 	13.0 	.471 	.454 	.269 	.000 	10.6 	22.3 	16.4 	4.8 	0.6 	5.8 	12.6 	13.4 	101 	100 	0.3 	0.8 	1.1 	.093
137 	Richie Frahm 	SF 	26 	SEA 	54 	469 	15.7 	.608 	.576 	.187 	.662 	3.0 	11.0 	7.0 	8.4 	1.8 	0.6 	4.4 	15.5 	127 	110 	1.4 	0.1 	1.5 	.152
138 	Steve Francis 	PG 	26 	HOU 	79 	3194 	15.8 	.501 	.436 	.389 	.224 	4.5 	11.1 	8.0 	28.3 	2.4 	0.8 	18.3 	24.0 	99 	99 	2.4 	4.7 	7.1 	.107
139 	Hiram Fuller 	PF 	22 	ATL 	4 	43 	3.6 	.376 	.375 	.750 	.000 	10.6 	18.2 	14.5 	7.3 	0.0 	1.7 	27.3 	15.5 	73 	108 	-0.1 	0.0 	-0.1 	-0.094
140 	Dan Gadzuric 	C 	25 	MIL 	75 	1260 	17.0 	.529 	.524 	.338 	.003 	11.4 	19.8 	15.6 	3.7 	2.1 	6.1 	10.1 	16.0 	108 	99 	1.7 	2.0 	3.7 	.141
141 	Reece Gaines 	PG 	23 	ORL 	38 	364 	6.1 	.356 	.308 	.291 	.116 	2.4 	9.9 	6.1 	16.6 	1.6 	0.4 	15.7 	14.3 	82 	112 	-0.4 	0.0 	-0.5 	-0.065
142 	Alex Garcia 	SG 	23 	SAS 	2 	13 	-4.7 	.190 	.143 	.286 	.000 	0.0 	0.0 	0.0 	0.0 	8.3 	0.0 	11.3 	31.6 	40 	87 	-0.1 	0.0 	-0.1 	-0.319
143 	Kevin Garnett 	PF 	27 	MIN 	82 	3231 	29.4 	.547 	.502 	.289 	.027 	9.1 	30.0 	20.1 	24.4 	2.0 	4.0 	10.5 	29.6 	112 	92 	10.4 	8.0 	18.3 	.272
144 	Pat Garrity 	PF 	27 	ORL 	2 	22 	0.5 	.333 	.333 	.000 	.000 	0.0 	0.0 	0.0 	6.6 	0.0 	0.0 	0.0 	6.2 	87 	119 	0.0 	0.0 	0.0 	-0.060
145 	Pau Gasol 	PF 	23 	MEM 	78 	2458 	21.7 	.542 	.484 	.487 	.014 	9.4 	18.3 	13.8 	14.9 	0.9 	3.9 	12.8 	26.8 	108 	102 	5.3 	2.8 	8.1 	.159
146 	Devean George 	SF 	26 	LAL 	82 	1951 	11.5 	.492 	.465 	.168 	.326 	5.0 	14.4 	9.6 	8.9 	2.2 	1.4 	12.5 	16.1 	99 	101 	0.8 	2.5 	3.4 	.083
147 	Eddie Gill 	PG 	25 	POR 	22 	157 	13.2 	.558 	.458 	.556 	.222 	3.1 	9.8 	6.4 	16.2 	3.2 	0.5 	21.1 	17.1 	104 	104 	0.2 	0.1 	0.3 	.091
148 	Kendall Gill 	SG 	35 	CHI 	56 	1411 	11.1 	.443 	.401 	.248 	.069 	4.6 	10.3 	7.4 	11.4 	2.4 	0.8 	12.0 	21.9 	90 	104 	-0.9 	1.3 	0.4 	.013
149 	Manu Ginobili 	SG 	26 	SAS 	77 	2260 	18.5 	.536 	.474 	.378 	.311 	4.3 	12.6 	8.5 	22.5 	3.2 	0.5 	14.9 	22.1 	107 	93 	4.0 	5.1 	9.1 	.194
150 	Gordan Giricek 	SF-SG 	26 	TOT 	73 	2041 	13.2 	.521 	.478 	.218 	.210 	2.9 	10.2 	6.4 	10.9 	1.5 	0.6 	11.5 	20.1 	104 	111 	2.2 	0.2 	2.4 	.056
151 	Dion Glover 	SG 	25 	TOT 	69 	1643 	12.2 	.471 	.424 	.265 	.202 	4.0 	14.2 	9.2 	14.0 	1.6 	0.9 	13.4 	21.2 	95 	106 	0.1 	1.0 	1.1 	.032
152 	Anthony Goldwire 	PG 	32 	TOT 	11 	85 	8.8 	.379 	.364 	.045 	.364 	1.4 	7.8 	4.7 	18.9 	3.2 	0.0 	11.8 	14.1 	89 	100 	0.0 	0.1 	0.1 	.042
153 	Drew Gooden 	PF 	22 	ORL 	79 	2134 	15.6 	.484 	.451 	.316 	.051 	8.3 	19.3 	13.7 	7.5 	1.5 	2.4 	11.8 	22.7 	98 	108 	1.0 	0.9 	1.9 	.043
154 	Brian Grant 	C 	31 	MIA 	76 	2303 	12.1 	.502 	.471 	.179 	.002 	8.7 	17.9 	13.3 	5.3 	1.2 	1.2 	11.0 	15.2 	104 	102 	2.1 	2.8 	4.9 	.101
155 	Horace Grant 	PF 	38 	LAL 	55 	1106 	10.6 	.450 	.411 	.241 	.004 	8.0 	16.0 	11.9 	9.4 	1.1 	1.4 	10.5 	11.2 	104 	103 	0.8 	1.2 	2.0 	.087
156 	Paul Grant 	C 	30 	UTA 	10 	98 	5.1 	.471 	.478 	.348 	.000 	8.7 	12.9 	10.8 	5.4 	0.6 	0.9 	20.9 	15.9 	86 	107 	-0.1 	0.1 	0.0 	-0.015
157 	Willie Green 	SG 	22 	PHI 	53 	767 	10.8 	.464 	.427 	.227 	.171 	2.5 	7.5 	5.0 	14.1 	1.8 	0.5 	13.1 	27.7 	89 	105 	-0.7 	0.6 	0.0 	-0.003
158 	Adrian Griffin 	SG 	29 	HOU 	19 	133 	4.5 	.278 	.306 	.222 	.111 	0.9 	15.2 	8.4 	11.6 	2.9 	1.2 	13.2 	8.2 	72 	96 	-0.2 	0.2 	0.1 	.031
159 	Tom Gugliotta 	PF 	34 	TOT 	55 	819 	9.1 	.374 	.347 	.138 	.020 	9.5 	18.2 	13.8 	12.4 	2.0 	1.2 	15.3 	14.2 	87 	103 	-0.5 	0.9 	0.3 	.019
160 	Marcus Haislip 	PF 	23 	MIL 	31 	263 	14.6 	.539 	.493 	.378 	.027 	9.1 	13.8 	11.4 	2.5 	1.2 	3.3 	9.4 	16.4 	110 	105 	0.4 	0.2 	0.6 	.113
161 	Darvin Ham 	SF 	30 	DET 	54 	484 	8.3 	.531 	.500 	.467 	.027 	11.4 	10.8 	11.1 	5.3 	1.5 	1.3 	25.5 	11.7 	97 	98 	0.1 	0.8 	0.9 	.087
162 	Richard Hamilton 	SG 	25 	DET 	78 	2772 	16.8 	.522 	.462 	.293 	.058 	3.3 	8.3 	5.8 	22.2 	2.0 	0.5 	13.8 	25.7 	103 	99 	3.8 	4.4 	8.1 	.141
163 	Zendon Hamilton 	C 	28 	PHI 	46 	473 	15.9 	.616 	.537 	1.011 	.000 	12.3 	23.9 	18.2 	4.8 	0.9 	1.3 	16.4 	16.3 	117 	100 	1.1 	0.6 	1.8 	.178
164 	Ben Handlogten 	C 	30 	UTA 	17 	172 	17.1 	.577 	.532 	.574 	.000 	15.6 	24.2 	19.8 	6.5 	1.0 	2.0 	14.5 	18.6 	114 	102 	0.4 	0.2 	0.6 	.168
165 	Travis Hansen 	SF 	25 	ATL 	41 	507 	7.2 	.433 	.388 	.208 	.231 	6.8 	8.8 	7.8 	6.0 	1.0 	1.3 	9.6 	14.1 	97 	109 	0.1 	0.1 	0.2 	.019
166 	Anfernee Hardaway 	SG 	32 	TOT 	76 	2095 	11.8 	.472 	.433 	.203 	.116 	3.8 	11.9 	7.9 	13.9 	1.8 	0.7 	12.6 	18.6 	97 	106 	0.6 	1.4 	2.0 	.046
167 	Matt Harpring 	SF 	27 	UTA 	31 	1134 	16.1 	.524 	.480 	.383 	.080 	9.8 	17.3 	13.5 	10.9 	1.1 	0.1 	11.9 	22.3 	107 	105 	1.9 	0.9 	2.8 	.116
168 	Al Harrington 	PF 	23 	IND 	79 	2441 	14.9 	.514 	.475 	.277 	.085 	7.8 	16.9 	12.3 	10.3 	1.8 	0.7 	13.8 	22.9 	100 	98 	1.8 	4.1 	5.9 	.116
169 	Othella Harrington 	PF 	30 	NYK 	56 	872 	9.0 	.546 	.495 	.386 	.000 	7.8 	15.5 	11.7 	5.5 	0.7 	1.2 	21.6 	16.0 	97 	105 	0.2 	0.7 	0.8 	.046
170 	Lucious Harris 	PG 	33 	NJN 	69 	1504 	11.1 	.481 	.445 	.168 	.218 	3.1 	7.9 	5.5 	15.2 	1.5 	0.1 	9.6 	17.2 	100 	102 	0.9 	1.7 	2.5 	.081
171 	Jason Hart 	PG 	25 	SAS 	53 	660 	12.3 	.497 	.453 	.270 	.057 	1.7 	11.5 	6.7 	20.1 	2.3 	0.6 	14.0 	14.5 	104 	95 	0.6 	1.3 	1.9 	.139
172 	Donnell Harvey 	PF 	23 	TOT 	60 	783 	10.4 	.503 	.443 	.413 	.015 	6.9 	17.0 	11.9 	4.3 	1.6 	2.5 	15.9 	16.3 	97 	106 	0.2 	0.5 	0.7 	.043
173 	Udonis Haslem 	PF 	23 	MIA 	75 	1795 	13.7 	.521 	.459 	.409 	.007 	12.1 	18.7 	15.4 	4.9 	1.0 	1.1 	12.3 	15.8 	109 	102 	2.7 	2.1 	4.8 	.128
174 	Trenton Hassell 	SG 	24 	MIN 	81 	2264 	8.2 	.498 	.470 	.160 	.034 	3.6 	9.0 	6.5 	8.5 	0.9 	1.7 	10.1 	9.5 	107 	103 	1.7 	2.3 	4.0 	.084
175 	Jarvis Hayes 	SF 	22 	WAS 	70 	2044 	9.4 	.456 	.429 	.141 	.188 	3.8 	10.9 	7.2 	9.3 	1.8 	0.4 	13.0 	18.4 	92 	107 	-0.6 	1.1 	0.5 	.012
176 	Brendan Haywood 	C 	24 	WAS 	77 	1484 	17.2 	.547 	.515 	.603 	.003 	13.7 	15.6 	14.6 	5.2 	1.1 	4.9 	14.0 	17.0 	110 	104 	2.4 	1.4 	3.8 	.123
177 	Shane Heal 	PG 	33 	SAS 	6 	72 	5.3 	.420 	.375 	.208 	.750 	1.6 	4.6 	3.1 	11.2 	0.7 	0.0 	16.0 	20.0 	84 	102 	-0.1 	0.1 	0.0 	-0.006
178 	Alan Henderson 	PF 	31 	ATL 	6 	68 	18.2 	.508 	.476 	.286 	.000 	18.5 	16.5 	17.5 	5.2 	0.8 	2.2 	11.3 	17.8 	110 	107 	0.1 	0.0 	0.2 	.109
179 	Nene Hilario 	PF 	21 	DEN 	77 	2504 	14.8 	.578 	.530 	.559 	.003 	6.8 	16.0 	11.3 	10.7 	2.4 	1.2 	18.9 	17.0 	106 	102 	3.1 	3.0 	6.1 	.117
180 	Tyrone Hill 	PF 	35 	MIA 	5 	38 	8.2 	.666 	.600 	.800 	.000 	15.2 	9.3 	12.3 	0.0 	0.0 	2.1 	22.8 	10.8 	120 	106 	0.1 	0.0 	0.1 	.123
181 	Kirk Hinrich 	PG 	23 	CHI 	76 	2706 	13.1 	.510 	.474 	.204 	.448 	1.7 	9.0 	5.2 	32.5 	1.9 	0.6 	18.5 	18.2 	101 	105 	2.1 	1.9 	4.1 	.072
182 	Fred Hoiberg 	SG 	31 	MIN 	79 	1804 	13.6 	.611 	.564 	.303 	.449 	1.4 	14.8 	8.5 	9.0 	2.0 	0.4 	9.2 	12.5 	121 	100 	3.6 	2.6 	6.1 	.163
183 	Robert Horry 	PF 	33 	SAS 	81 	1290 	14.5 	.496 	.464 	.307 	.310 	9.5 	14.0 	11.8 	12.8 	2.0 	2.8 	12.2 	16.1 	107 	93 	1.7 	2.9 	4.6 	.171
184 	Eddie House 	SG 	25 	LAC 	60 	1188 	12.0 	.436 	.415 	.100 	.303 	2.7 	10.6 	6.6 	21.6 	2.9 	0.2 	11.8 	19.8 	96 	108 	0.2 	0.5 	0.7 	.027
185 	Allan Houston 	SG 	32 	NYK 	50 	1799 	14.8 	.539 	.491 	.220 	.259 	1.3 	6.4 	3.9 	10.3 	1.1 	0.1 	10.6 	24.7 	104 	108 	2.5 	0.6 	3.1 	.083
186 	Josh Howard 	SF 	23 	DAL 	67 	1589 	15.7 	.485 	.449 	.259 	.124 	9.9 	15.4 	12.6 	8.8 	2.2 	2.5 	10.2 	18.2 	107 	105 	2.3 	1.2 	3.5 	.104
187 	Juwan Howard 	PF 	30 	ORL 	81 	2877 	15.6 	.513 	.453 	.336 	.001 	6.6 	16.1 	11.2 	10.0 	1.0 	0.6 	11.7 	23.9 	103 	111 	3.6 	0.0 	3.6 	.059
188 	Troy Hudson 	PG 	27 	MIN 	29 	503 	12.5 	.492 	.461 	.159 	.372 	1.0 	6.7 	4.0 	22.9 	0.8 	0.0 	13.3 	23.9 	98 	106 	0.3 	0.3 	0.6 	.058
189 	Larry Hughes 	SG 	25 	WAS 	61 	2061 	17.6 	.496 	.437 	.332 	.230 	5.1 	12.9 	8.9 	14.3 	2.4 	0.9 	11.6 	28.1 	101 	105 	2.1 	1.6 	3.8 	.088
190 	Ryan Humphrey 	PF 	24 	MEM 	2 	11 	-1.0 	.250 	.250 	.000 	.250 	20.3 	10.4 	15.4 	13.9 	4.8 	0.0 	33.3 	24.6 	59 	99 	-0.1 	0.0 	0.0 	-0.217
191 	Brandon Hunter 	PF 	23 	BOS 	36 	406 	12.6 	.463 	.457 	.371 	.026 	14.4 	18.8 	16.6 	7.9 	1.6 	0.2 	14.0 	17.6 	98 	103 	0.2 	0.4 	0.6 	.066
192 	Lindsey Hunter 	SG 	33 	DET 	33 	661 	9.0 	.399 	.392 	.056 	.350 	2.3 	9.3 	5.9 	20.7 	3.2 	0.7 	18.8 	12.8 	88 	96 	-0.4 	1.3 	0.9 	.067
193 	Steven Hunter 	C 	22 	ORL 	59 	789 	11.2 	.504 	.529 	.445 	.000 	7.6 	17.0 	12.2 	2.4 	0.3 	6.7 	13.5 	12.3 	99 	108 	0.3 	0.3 	0.6 	.034
194 	Zydrunas Ilgauskas 	C 	28 	CLE 	81 	2539 	20.2 	.541 	.484 	.421 	.007 	12.1 	16.3 	14.2 	7.8 	0.8 	5.6 	12.5 	23.1 	109 	103 	5.0 	2.8 	7.8 	.147
195 	Allen Iverson 	SG 	28 	PHI 	48 	2040 	19.3 	.478 	.412 	.404 	.177 	2.0 	8.2 	5.1 	34.4 	3.1 	0.2 	13.6 	35.3 	96 	102 	0.5 	2.3 	2.8 	.066
196 	Bobby Jackson 	SG 	30 	SAC 	50 	1185 	19.2 	.538 	.513 	.184 	.370 	5.4 	11.1 	8.3 	15.8 	2.1 	0.5 	9.0 	26.8 	107 	106 	2.3 	0.8 	3.1 	.124
197 	Jim Jackson 	SF 	33 	HOU 	80 	3119 	12.2 	.540 	.514 	.141 	.450 	2.1 	15.6 	9.2 	12.8 	1.5 	0.6 	15.5 	17.3 	101 	100 	2.2 	4.4 	6.6 	.102
198 	Marc Jackson 	PF 	29 	PHI 	22 	598 	13.2 	.498 	.415 	.474 	.006 	8.9 	15.8 	12.4 	5.4 	1.1 	0.8 	10.4 	18.1 	105 	103 	0.7 	0.6 	1.3 	.100
199 	Mark Jackson 	PG 	38 	HOU 	42 	577 	8.9 	.440 	.375 	.390 	.410 	2.2 	11.7 	7.2 	32.8 	1.6 	0.1 	31.1 	14.1 	90 	101 	-0.3 	0.7 	0.4 	.034
200 	Stephen Jackson 	SF 	25 	ATL 	80 	2940 	16.1 	.521 	.483 	.236 	.339 	3.8 	10.4 	7.1 	15.7 	2.6 	0.5 	13.8 	25.0 	101 	106 	2.7 	1.8 	4.4 	.072
201 	Casey Jacobsen 	SF 	22 	PHO 	78 	1828 	9.6 	.570 	.521 	.308 	.500 	2.6 	10.0 	6.3 	8.0 	1.4 	0.4 	14.3 	11.8 	110 	109 	2.1 	0.5 	2.6 	.068
202 	Jerome James 	C 	28 	SEA 	65 	990 	11.3 	.535 	.498 	.386 	.000 	9.4 	18.0 	13.7 	5.3 	1.1 	4.6 	21.3 	18.0 	96 	106 	0.1 	0.6 	0.7 	.036
203 	LeBron James 	SG 	19 	CLE 	79 	3122 	18.3 	.488 	.438 	.308 	.145 	3.5 	11.8 	7.6 	27.8 	2.2 	1.3 	13.9 	28.2 	99 	104 	2.4 	2.6 	5.1 	.078
204 	Mike James 	PG 	28 	TOT 	81 	2196 	14.4 	.528 	.495 	.193 	.428 	1.5 	10.6 	6.1 	26.1 	2.3 	0.1 	14.8 	17.4 	107 	103 	3.0 	2.2 	5.2 	.113
205 	Antawn Jamison 	SF 	27 	DAL 	82 	2376 	21.2 	.581 	.543 	.322 	.044 	10.4 	13.5 	11.9 	4.7 	1.8 	0.9 	7.2 	20.7 	122 	108 	8.1 	1.0 	9.0 	.183
206 	Marko Jaric 	PG 	25 	LAC 	58 	1760 	12.6 	.475 	.441 	.212 	.314 	2.8 	8.5 	5.7 	26.3 	2.8 	0.8 	18.1 	16.0 	100 	108 	0.9 	0.6 	1.5 	.042
207 	Chris Jefferies 	SF-SG 	23 	TOT 	21 	195 	8.4 	.520 	.493 	.278 	.583 	2.7 	13.8 	8.1 	7.1 	1.1 	2.6 	19.0 	23.0 	88 	104 	-0.2 	0.2 	0.0 	.000
208 	Richard Jefferson 	SF 	23 	NJN 	82 	3133 	18.1 	.573 	.519 	.420 	.118 	4.1 	13.3 	8.7 	18.7 	1.6 	0.7 	13.0 	22.8 	110 	100 	6.5 	4.4 	11.0 	.168
209 	Jared Jeffries 	PF 	22 	WAS 	82 	1913 	8.7 	.426 	.383 	.365 	.064 	10.3 	14.7 	12.4 	8.1 	1.3 	1.1 	16.4 	15.1 	91 	106 	-0.6 	1.2 	0.6 	.014
210 	Britton Johnsen 	C 	24 	ORL 	20 	290 	2.6 	.318 	.297 	.271 	.203 	5.7 	12.0 	8.8 	6.1 	1.3 	0.2 	17.5 	12.5 	71 	112 	-0.5 	0.0 	-0.6 	-0.096
211 	Anthony Johnson 	PG 	29 	IND 	73 	1598 	11.6 	.497 	.456 	.229 	.297 	2.0 	7.6 	4.8 	21.4 	2.2 	0.4 	14.2 	15.6 	103 	100 	1.4 	2.2 	3.6 	.109
212 	Avery Johnson 	PG 	38 	GSW 	46 	637 	11.7 	.454 	.402 	.392 	.015 	0.5 	5.3 	2.9 	29.1 	2.2 	0.3 	17.9 	20.6 	93 	106 	-0.2 	0.4 	0.2 	.016
213 	DerMarr Johnson 	SF 	23 	NYK 	21 	287 	11.5 	.511 	.438 	.320 	.371 	2.0 	13.5 	7.8 	6.4 	1.5 	1.8 	12.6 	20.5 	99 	104 	0.1 	0.3 	0.4 	.069
214 	Ervin Johnson 	C 	36 	MIN 	66 	965 	8.5 	.551 	.534 	.272 	.010 	7.6 	19.2 	13.7 	3.5 	1.5 	3.2 	20.6 	7.1 	107 	97 	0.6 	1.7 	2.3 	.115
215 	Joe Johnson 	SG 	22 	PHO 	82 	3331 	13.9 	.491 	.462 	.180 	.211 	2.7 	10.5 	6.6 	18.6 	1.4 	0.6 	12.5 	21.6 	100 	109 	2.2 	1.1 	3.3 	.047
216 	Linton Johnson 	SF 	23 	CHI 	41 	734 	9.6 	.394 	.372 	.182 	.163 	8.5 	19.0 	13.6 	6.1 	2.6 	3.2 	14.4 	15.6 	84 	99 	-0.8 	1.1 	0.4 	.023
217 	Dahntay Jones 	SG 	23 	MEM 	20 	154 	2.5 	.311 	.292 	.208 	.075 	5.1 	11.9 	8.4 	12.0 	1.7 	2.8 	17.2 	20.4 	68 	103 	-0.5 	0.2 	-0.4 	-0.114
218 	Damon Jones 	PG 	27 	MIL 	82 	2016 	14.2 	.516 	.494 	.137 	.521 	0.8 	8.7 	4.8 	36.7 	0.8 	0.1 	15.6 	14.8 	112 	110 	3.6 	0.3 	3.9 	.093
219 	Eddie Jones 	SG 	32 	MIA 	81 	2998 	16.7 	.538 	.486 	.288 	.414 	1.5 	10.6 	6.0 	16.1 	1.7 	0.9 	9.0 	22.5 	110 	103 	6.2 	3.0 	9.1 	.146
220 	Fred Jones 	SG 	24 	IND 	81 	1508 	11.8 	.527 	.439 	.479 	.286 	1.9 	8.0 	4.9 	18.7 	2.4 	0.9 	16.2 	14.1 	107 	99 	1.7 	2.3 	4.0 	.126
221 	James Jones 	SF 	23 	IND 	6 	26 	4.9 	.354 	.278 	.222 	.444 	0.0 	9.2 	4.5 	0.0 	2.1 	0.0 	0.0 	17.9 	83 	100 	0.0 	0.0 	0.0 	.010
222 	Jumaine Jones 	SG 	24 	BOS 	42 	373 	7.6 	.438 	.411 	.240 	.458 	7.5 	13.2 	10.4 	5.9 	1.7 	1.9 	15.2 	15.2 	90 	104 	-0.2 	0.3 	0.1 	.019
223 	Popeye Jones 	PF 	33 	GSW 	5 	10 	-7.8 	.000 	.000 	.000 	.000 	11.2 	0.0 	5.6 	0.0 	0.0 	0.0 	0.0 	9.2 	35 	113 	0.0 	0.0 	0.0 	-0.169
224 	Chris Kaman 	C 	21 	LAC 	82 	1843 	9.6 	.502 	.460 	.326 	.005 	7.7 	20.9 	14.2 	7.7 	0.7 	2.9 	23.8 	15.7 	90 	107 	-0.9 	0.9 	0.0 	.001
225 	Jason Kapono 	SF 	22 	CLE 	41 	427 	10.2 	.519 	.484 	.186 	.341 	4.9 	9.3 	7.1 	5.3 	1.6 	0.3 	13.1 	16.8 	101 	107 	0.3 	0.2 	0.5 	.056
226 	Jason Kidd 	PG 	30 	NJN 	67 	2450 	19.7 	.485 	.433 	.260 	.306 	4.1 	16.5 	10.3 	44.8 	2.7 	0.4 	16.7 	24.6 	102 	97 	2.8 	4.4 	7.2 	.141
227 	Andrei Kirilenko 	PF 	22 	UTA 	78 	2895 	22.6 	.559 	.479 	.533 	.216 	9.5 	17.5 	13.5 	15.7 	2.9 	6.3 	15.8 	21.9 	111 	97 	6.5 	5.0 	11.6 	.192
228 	Kerry Kittles 	SG 	29 	NJN 	82 	2842 	14.7 	.526 	.503 	.142 	.288 	2.3 	11.2 	6.8 	12.9 	2.4 	1.1 	8.5 	18.4 	105 	99 	3.1 	4.5 	7.6 	.128
229 	Brevin Knight 	PG 	28 	TOT 	56 	1037 	13.6 	.475 	.431 	.264 	.033 	1.5 	10.8 	6.1 	31.7 	4.2 	0.1 	20.8 	14.9 	99 	102 	0.5 	1.2 	1.7 	.078
230 	Kyle Korver 	SF 	22 	PHI 	74 	882 	10.1 	.489 	.476 	.073 	.633 	4.0 	10.7 	7.4 	8.3 	1.5 	0.7 	10.8 	20.2 	97 	104 	0.2 	0.8 	1.0 	.054
231 	Toni Kukoc 	PF 	35 	MIL 	73 	1522 	16.1 	.519 	.465 	.393 	.332 	4.5 	15.7 	10.1 	21.5 	2.0 	1.0 	15.6 	21.0 	103 	104 	1.7 	1.3 	3.1 	.096
232 	Christian Laettner 	PF 	34 	WAS 	48 	984 	14.5 	.511 	.477 	.195 	.082 	5.5 	21.3 	13.2 	15.7 	2.0 	2.1 	13.1 	14.4 	107 	102 	1.1 	1.1 	2.3 	.111
233 	Raef LaFrentz 	C 	27 	BOS 	17 	328 	16.8 	.509 	.492 	.105 	.323 	10.7 	16.8 	13.8 	13.4 	1.3 	3.1 	7.8 	19.5 	110 	103 	0.6 	0.3 	0.9 	.137
234 	Maciej Lampe 	C 	18 	PHO 	21 	224 	12.2 	.512 	.489 	.148 	.045 	4.6 	17.9 	11.2 	7.2 	0.7 	1.0 	13.8 	21.9 	96 	107 	0.0 	0.1 	0.1 	.029
235 	Sean Lampley 	SF 	24 	GSW 	10 	63 	21.6 	.672 	.650 	.600 	.000 	3.6 	16.1 	9.8 	6.1 	0.0 	1.1 	10.6 	20.7 	123 	107 	0.2 	0.0 	0.2 	.189
236 	Dan Langhi 	SF 	26 	TOT 	6 	37 	1.8 	.437 	.393 	.143 	.143 	0.0 	12.2 	6.1 	0.0 	0.0 	0.0 	11.8 	20.9 	81 	109 	-0.1 	0.0 	-0.1 	-0.068
237 	Rusty LaRue 	PG 	30 	GSW 	4 	22 	3.1 	.515 	.500 	.667 	.333 	0.0 	15.4 	7.7 	13.4 	4.9 	0.0 	50.8 	16.5 	58 	98 	-0.1 	0.0 	-0.1 	-0.117
238 	Voshon Lenard 	SG 	30 	DEN 	73 	2233 	13.5 	.512 	.479 	.195 	.310 	2.3 	7.9 	5.1 	11.6 	1.4 	0.4 	9.1 	21.9 	105 	107 	2.8 	1.2 	4.0 	.086
239 	Quincy Lewis 	SF 	26 	MIN 	14 	65 	4.1 	.400 	.400 	.000 	.250 	1.9 	10.0 	6.1 	4.7 	1.7 	2.2 	13.0 	16.7 	77 	101 	-0.1 	0.1 	0.0 	-0.018
240 	Rashard Lewis 	SF 	24 	SEA 	80 	2931 	17.5 	.527 	.494 	.220 	.314 	5.4 	15.4 	10.4 	10.7 	1.8 	1.4 	9.1 	23.4 	107 	108 	5.2 	1.3 	6.5 	.107
241 	Randy Livingston 	PG 	28 	LAC 	4 	48 	1.7 	.316 	.200 	.600 	.300 	4.7 	12.0 	8.3 	12.4 	2.2 	0.0 	24.0 	15.4 	69 	109 	-0.1 	0.0 	-0.1 	-0.110
242 	Raul Lopez 	PG 	23 	UTA 	82 	1617 	12.0 	.503 	.456 	.226 	.164 	1.8 	10.2 	5.9 	34.8 	2.1 	0.1 	23.4 	21.4 	95 	105 	0.1 	1.2 	1.4 	.041
243 	Tyronn Lue 	PG 	26 	ORL 	76 	2332 	12.6 	.518 	.489 	.183 	.293 	1.2 	8.0 	4.5 	22.7 	1.4 	0.2 	13.8 	17.4 	105 	113 	2.7 	-0.6 	2.1 	.042
244 	George Lynch 	SF 	33 	NOH 	78 	1701 	9.7 	.472 	.455 	.136 	.371 	6.3 	14.9 	10.5 	11.3 	1.5 	0.8 	13.9 	12.4 	101 	103 	0.9 	1.6 	2.5 	.072
245 	Mark Madsen 	C 	28 	MIN 	72 	1246 	9.4 	.506 	.495 	.578 	.029 	13.0 	12.0 	12.5 	3.3 	1.4 	1.0 	15.5 	11.5 	106 	101 	1.1 	1.5 	2.7 	.103
246 	Corey Maggette 	SF 	24 	LAC 	73 	2628 	20.1 	.586 	.485 	.612 	.228 	4.1 	14.6 	9.3 	15.8 	1.3 	0.4 	13.9 	25.2 	115 	110 	8.2 	0.5 	8.6 	.157
247 	Jamaal Magloire 	C 	25 	NOH 	82 	2777 	16.5 	.551 	.473 	.581 	.001 	10.7 	24.4 	17.4 	5.5 	0.8 	2.8 	16.5 	20.0 	106 	100 	3.9 	3.7 	7.6 	.131
248 	Karl Malone 	PF 	40 	LAL 	42 	1373 	17.8 	.555 	.483 	.563 	.003 	5.0 	25.6 	15.1 	19.1 	1.9 	1.1 	17.1 	19.7 	107 	98 	2.1 	2.2 	4.3 	.151
249 	Stephon Marbury 	PG 	26 	TOT 	81 	3254 	20.4 	.519 	.463 	.315 	.198 	2.1 	7.2 	4.6 	40.1 	2.1 	0.2 	13.6 	25.8 	108 	107 	7.4 	1.7 	9.1 	.134
250 	Shawn Marion 	SF 	25 	PHO 	79 	3217 	19.9 	.513 	.474 	.200 	.198 	7.5 	18.7 	13.1 	11.7 	2.7 	2.4 	9.7 	22.7 	107 	102 	5.3 	3.8 	9.1 	.135
251 	Donyell Marshall 	PF 	30 	TOT 	82 	2988 	18.9 	.548 	.525 	.178 	.319 	8.0 	23.1 	15.5 	7.9 	1.7 	3.0 	9.6 	19.5 	108 	97 	4.9 	5.5 	10.4 	.167
252 	Darrick Martin 	PG 	32 	MIN 	16 	172 	6.1 	.388 	.343 	.134 	.388 	1.4 	3.2 	2.3 	20.5 	0.6 	0.4 	9.0 	21.4 	89 	107 	-0.1 	0.1 	0.0 	-0.008
253 	Kenyon Martin 	PF 	26 	NJN 	65 	2252 	18.7 	.528 	.492 	.327 	.028 	7.0 	25.3 	16.2 	13.7 	2.3 	2.8 	14.0 	25.0 	99 	93 	1.5 	5.1 	6.7 	.142
254 	Jamal Mashburn 	SF 	31 	NOH 	19 	730 	14.7 	.457 	.416 	.201 	.168 	2.9 	15.7 	9.1 	13.3 	1.0 	0.5 	7.9 	29.4 	96 	105 	0.1 	0.6 	0.7 	.048
255 	Desmond Mason 	SF 	26 	MIL 	82 	2534 	15.7 	.552 	.477 	.534 	.045 	4.2 	11.9 	8.0 	10.2 	1.2 	0.7 	12.1 	21.8 	108 	107 	4.4 	1.2 	5.7 	.107
256 	Roger Mason 	SG 	23 	TOT 	26 	328 	7.7 	.446 	.393 	.224 	.398 	0.3 	10.6 	5.4 	14.0 	1.8 	1.3 	15.7 	18.7 	86 	102 	-0.3 	0.4 	0.1 	.008
257 	Tony Massenburg 	PF 	36 	SAC 	59 	789 	9.7 	.509 	.475 	.288 	.005 	8.4 	18.4 	13.5 	5.6 	0.9 	1.6 	15.4 	16.7 	99 	105 	0.3 	0.6 	0.9 	.057
258 	Walter McCarty 	PF 	29 	BOS 	77 	1900 	10.9 	.541 	.519 	.157 	.700 	1.7 	12.5 	7.2 	10.6 	2.0 	0.9 	14.0 	15.6 	102 	105 	1.3 	1.6 	2.9 	.073
259 	Amal McCaskill 	C 	30 	PHI 	59 	636 	7.3 	.438 	.402 	.231 	.009 	9.0 	15.6 	12.3 	5.2 	1.0 	2.5 	16.2 	11.4 	93 	102 	-0.1 	0.7 	0.6 	.047
260 	Jelani McCoy 	C 	26 	CLE 	2 	12 	-3.8 	0.0	0.0	0.0	0.0	9.2 	27.7 	18.4 	0.0 	0.0 	0.0 	100.0 	3.7 	42 	104 	0.0 	0.0 	0.0 	-0.044
261 	Antonio McDyess 	PF 	29 	TOT 	42 	927 	12.6 	.486 	.470 	.257 	.000 	8.7 	23.0 	15.9 	6.5 	2.1 	1.9 	16.0 	17.6 	94 	101 	0.0 	1.2 	1.2 	.061
262 	Tracy McGrady 	SG 	24 	ORL 	67 	2675 	25.3 	.526 	.473 	.319 	.328 	3.9 	13.3 	8.5 	28.3 	1.8 	1.1 	9.1 	33.2 	110 	110 	8.1 	0.4 	8.4 	.151
263 	Jeff McInnis 	SG-PG 	29 	TOT 	70 	2365 	15.1 	.511 	.478 	.191 	.170 	1.6 	6.9 	4.3 	30.7 	1.7 	0.2 	12.9 	18.2 	109 	108 	4.1 	0.8 	4.9 	.099
264 	Aaron McKie 	SF 	31 	PHI 	75 	2112 	13.9 	.550 	.524 	.192 	.298 	2.5 	11.5 	7.1 	16.8 	2.2 	0.9 	14.1 	16.2 	106 	103 	2.5 	2.3 	4.8 	.108
265 	Keith McLeod 	PG 	24 	MIN 	33 	391 	8.1 	.436 	.335 	.524 	.122 	1.5 	8.0 	5.0 	21.6 	2.2 	0.2 	22.3 	15.7 	89 	102 	-0.2 	0.5 	0.2 	.028
266 	Stanislav Medvedenko 	PF 	24 	LAL 	68 	1442 	13.6 	.479 	.441 	.216 	.006 	11.5 	15.5 	13.5 	6.6 	1.4 	0.9 	9.1 	20.1 	103 	102 	1.5 	1.6 	3.0 	.101
267 	Ron Mercer 	SG 	27 	SAS 	39 	516 	9.3 	.446 	.431 	.081 	.033 	2.2 	8.3 	5.3 	7.8 	1.5 	0.7 	10.6 	21.9 	88 	98 	-0.4 	0.8 	0.4 	.040
268 	Chris Mihm 	C-PF 	24 	TOT 	76 	1330 	14.6 	.531 	.488 	.436 	.000 	13.5 	21.6 	17.6 	2.7 	1.4 	3.6 	16.5 	18.5 	102 	101 	1.1 	1.8 	2.9 	.104
269 	Darius Miles 	SF 	22 	TOT 	79 	2079 	16.1 	.514 	.489 	.256 	.053 	6.2 	13.6 	9.9 	14.0 	1.8 	2.1 	13.4 	21.5 	101 	105 	1.9 	1.7 	3.6 	.083
270 	Darko Milicic 	C 	18 	DET 	34 	159 	6.1 	.318 	.262 	.369 	.015 	8.1 	22.9 	15.6 	7.5 	2.4 	7.2 	14.7 	26.0 	69 	88 	-0.6 	0.5 	-0.2 	-0.049
271 	Andre Miller 	PG 	27 	DEN 	82 	2838 	18.8 	.541 	.463 	.437 	.069 	5.0 	9.7 	7.3 	29.1 	2.6 	0.6 	16.1 	20.7 	110 	104 	6.1 	2.6 	8.8 	.148
272 	Brad Miller 	PF 	27 	SAC 	72 	2621 	19.4 	.579 	.518 	.450 	.052 	8.5 	23.3 	16.1 	18.5 	1.3 	2.3 	14.1 	17.6 	118 	102 	7.1 	3.0 	10.0 	.184
273 	Mike Miller 	SF 	23 	MEM 	65 	1770 	14.9 	.532 	.503 	.229 	.349 	2.7 	11.2 	6.9 	22.1 	1.8 	0.6 	13.6 	20.0 	106 	105 	2.5 	1.4 	3.9 	.107
274 	Oliver Miller 	C 	33 	MIN 	48 	506 	12.9 	.549 	.530 	.230 	.010 	11.0 	18.0 	14.7 	10.7 	2.0 	3.7 	23.1 	13.3 	103 	96 	0.4 	1.0 	1.4 	.130
275 	Reggie Miller 	SG 	38 	IND 	80 	2254 	16.1 	.600 	.551 	.278 	.562 	0.9 	9.0 	4.9 	19.1 	1.6 	0.4 	9.3 	15.4 	123 	101 	6.0 	2.9 	8.9 	.189
276 	Yao Ming 	C 	23 	HOU 	82 	2692 	21.9 	.586 	.522 	.435 	.002 	9.1 	22.4 	16.1 	9.3 	0.4 	4.5 	14.3 	25.3 	110 	97 	6.5 	4.8 	11.4 	.202
277 	Cuttino Mobley 	SG 	28 	HOU 	80 	3229 	14.1 	.535 	.501 	.201 	.389 	1.5 	11.2 	6.6 	14.7 	1.8 	0.8 	13.3 	20.1 	103 	101 	3.4 	4.3 	7.6 	.114
278 	Nazr Mohammed 	C 	26 	TOT 	80 	1611 	16.1 	.542 	.521 	.358 	.000 	12.8 	20.7 	16.8 	4.0 	1.8 	2.4 	14.9 	18.3 	104 	102 	1.8 	1.9 	3.7 	.110
279 	Jerome Moiso 	PF 	25 	TOR 	35 	417 	12.3 	.506 	.476 	.452 	.012 	11.3 	20.0 	15.6 	3.4 	2.3 	2.1 	19.9 	14.6 	95 	97 	0.0 	0.8 	0.8 	.090
280 	Mikki Moore 	PF-C 	28 	TOT 	32 	395 	13.3 	.568 	.505 	.354 	.000 	9.0 	17.5 	13.2 	8.7 	1.0 	2.8 	16.1 	16.1 	110 	103 	0.6 	0.4 	1.0 	.122
281 	Alonzo Mourning 	C 	33 	NJN 	12 	215 	13.3 	.558 	.465 	.479 	.000 	4.4 	10.4 	7.4 	6.6 	0.5 	2.2 	10.4 	20.9 	109 	102 	0.4 	0.3 	0.6 	.140
282 	Troy Murphy 	PF 	23 	GSW 	28 	610 	16.8 	.501 	.451 	.329 	.070 	8.8 	23.2 	16.0 	6.0 	1.1 	2.0 	10.9 	23.6 	101 	102 	0.6 	0.7 	1.3 	.104
283 	Lamond Murray 	SF 	30 	TOR 	33 	518 	8.9 	.428 	.402 	.163 	.279 	3.1 	17.0 	10.0 	10.4 	1.6 	1.0 	14.2 	25.1 	81 	100 	-1.1 	0.7 	-0.3 	-0.031
284 	Ronald Murray 	PG 	24 	SEA 	82 	2021 	15.4 	.497 	.462 	.257 	.250 	2.6 	9.2 	5.9 	18.5 	2.1 	1.0 	12.8 	26.7 	98 	109 	1.2 	0.5 	1.7 	.040
285 	Tracy Murray 	SF 	32 	POR 	7 	35 	2.4 	.322 	.333 	.083 	.417 	10.3 	6.7 	8.5 	4.5 	1.6 	0.0 	13.9 	19.5 	73 	109 	-0.1 	0.0 	-0.1 	-0.109
286 	Dikembe Mutombo 	C 	37 	NYK 	65 	1494 	14.3 	.523 	.478 	.403 	.000 	11.4 	22.2 	16.9 	2.7 	0.6 	6.2 	13.5 	12.5 	108 	100 	1.6 	2.1 	3.8 	.122
287 	Mamadou N'Diaye 	C 	28 	TOT 	28 	366 	12.9 	.516 	.391 	.855 	.000 	13.4 	21.1 	17.3 	0.0 	1.2 	5.0 	15.9 	14.0 	106 	102 	0.4 	0.4 	0.8 	.104
288 	Bostjan Nachbar 	SF 	23 	HOU 	45 	516 	8.3 	.477 	.443 	.220 	.477 	1.9 	13.5 	8.0 	9.8 	1.5 	2.1 	13.7 	15.5 	95 	99 	0.0 	0.8 	0.8 	.071
289 	Lee Nailon 	PF-SF 	28 	TOT 	57 	780 	13.2 	.484 	.450 	.177 	.009 	9.2 	11.3 	10.3 	9.2 	1.0 	0.8 	11.3 	23.0 	99 	109 	0.4 	0.3 	0.7 	.042
290 	Eduardo Najera 	SF 	27 	DAL 	58 	720 	11.5 	.483 	.451 	.284 	.025 	9.9 	13.8 	11.8 	4.7 	2.5 	2.0 	13.7 	12.8 	104 	105 	0.6 	0.5 	1.1 	.074
291 	Steve Nash 	PG 	29 	DAL 	78 	2612 	20.5 	.590 	.531 	.297 	.304 	2.4 	7.4 	4.8 	38.3 	1.3 	0.2 	17.9 	19.5 	120 	111 	8.9 	-0.1 	8.8 	.162
292 	Rasho Nesterovic 	C 	27 	SAS 	82 	2353 	15.3 	.473 	.469 	.163 	.000 	12.4 	17.6 	15.0 	8.4 	1.2 	5.1 	12.5 	16.8 	101 	92 	1.6 	5.6 	7.2 	.147
293 	Ira Newble 	SF 	29 	CLE 	64 	1245 	6.7 	.429 	.395 	.167 	.069 	5.8 	8.0 	6.9 	8.9 	1.1 	1.1 	15.4 	12.6 	91 	108 	-0.4 	0.5 	0.1 	.004
294 	Moochie Norris 	PG 	30 	TOT 	66 	847 	10.9 	.471 	.415 	.327 	.267 	1.4 	7.3 	4.5 	23.4 	2.8 	0.4 	20.5 	17.3 	93 	102 	-0.1 	0.9 	0.8 	.045
295 	Dirk Nowitzki 	C 	25 	DAL 	77 	2915 	22.5 	.561 	.500 	.323 	.221 	3.3 	22.2 	12.5 	11.3 	1.6 	2.6 	8.3 	24.5 	116 	104 	9.0 	2.5 	11.5 	.190
296 	Jermaine O'Neal 	PF 	25 	IND 	78 	2788 	21.1 	.489 	.435 	.329 	.013 	8.1 	25.0 	16.5 	12.3 	1.2 	5.5 	10.1 	30.2 	100 	93 	2.7 	6.3 	9.0 	.155
297 	Shaquille O'Neal 	C 	31 	LAL 	67 	2464 	24.4 	.578 	.584 	.713 	.000 	11.1 	24.4 	17.7 	14.8 	0.7 	5.0 	13.5 	26.3 	109 	98 	5.9 	4.0 	9.9 	.192
298 	Charles Oakley 	PF 	40 	HOU 	7 	25 	8.1 	.521 	.333 	1.000 	.000 	0.0 	22.4 	11.8 	13.2 	0.0 	0.0 	10.4 	18.4 	110 	100 	0.0 	0.0 	0.1 	.147
299 	Lamar Odom 	PF 	24 	MIA 	80 	3003 	18.5 	.516 	.457 	.406 	.182 	6.1 	24.2 	15.1 	20.6 	1.5 	1.9 	15.1 	24.5 	102 	98 	3.6 	4.8 	8.4 	.134
300 	Mehmet Okur 	PF 	24 	DET 	71 	1580 	18.3 	.538 	.480 	.386 	.089 	11.9 	18.8 	15.4 	8.2 	1.2 	3.0 	13.7 	21.7 	107 	95 	2.6 	3.3 	5.9 	.179
301 	Kevin Ollie 	PG 	31 	CLE 	82 	1401 	12.2 	.510 	.377 	.685 	.035 	1.8 	11.6 	6.7 	25.0 	1.9 	0.4 	19.5 	13.3 	106 	106 	1.5 	1.0 	2.4 	.083
302 	Michael Olowokandi 	C 	28 	MIN 	43 	925 	11.2 	.446 	.425 	.214 	.000 	10.2 	19.6 	15.1 	4.1 	0.9 	5.3 	14.8 	18.6 	90 	96 	-0.5 	1.7 	1.2 	.061
303 	Greg Ostertag 	C 	30 	UTA 	78 	2153 	14.3 	.506 	.476 	.446 	.002 	12.6 	20.9 	16.7 	9.8 	0.8 	5.5 	15.9 	13.4 	106 	101 	2.3 	2.7 	5.0 	.111
304 	Bo Outlaw 	PF 	32 	MEM 	82 	1606 	13.1 	.522 	.510 	.372 	.013 	8.7 	15.4 	12.0 	8.7 	2.4 	3.2 	16.0 	12.1 	106 	100 	1.4 	2.2 	3.6 	.107
305 	Travis Outlaw 	PF 	19 	POR 	8 	19 	16.4 	.457 	.429 	.571 	.000 	12.6 	12.4 	12.5 	9.3 	2.9 	0.0 	10.2 	24.3 	98 	104 	0.0 	0.0 	0.0 	.067
306 	Doug Overton 	PG 	34 	TOT 	61 	1033 	7.5 	.433 	.410 	.127 	.094 	1.7 	7.8 	4.7 	21.7 	1.3 	0.1 	18.3 	13.6 	92 	112 	-0.2 	-0.1 	-0.3 	-0.016
307 	Zaza Pachulia 	C 	19 	ORL 	59 	664 	10.8 	.452 	.389 	.514 	.000 	11.5 	18.3 	14.9 	3.1 	1.7 	1.3 	13.7 	16.9 	96 	108 	0.1 	0.2 	0.3 	.023
308 	Robert Pack 	PG 	34 	NJN 	26 	220 	8.0 	.448 	.423 	.115 	.000 	2.1 	7.5 	4.8 	20.0 	2.9 	0.4 	22.7 	15.1 	85 	99 	-0.2 	0.3 	0.1 	.028
309 	Scott Padgett 	PF 	27 	HOU 	58 	547 	15.6 	.552 	.527 	.192 	.389 	10.5 	19.1 	15.0 	7.6 	1.2 	1.8 	10.8 	17.7 	112 	98 	1.1 	0.9 	1.9 	.170
310 	Milt Palacio 	PG 	25 	TOR 	59 	1211 	7.4 	.392 	.356 	.228 	.087 	1.4 	8.3 	4.8 	26.3 	1.9 	0.7 	21.0 	16.6 	81 	103 	-1.8 	1.3 	-0.5 	-0.020
311 	Jannero Pargo 	PG 	24 	TOT 	31 	479 	11.5 	.491 	.462 	.136 	.312 	1.8 	6.9 	4.3 	27.2 	1.4 	0.9 	18.2 	24.3 	92 	106 	-0.2 	0.3 	0.1 	.006
312 	Tony Parker 	PG 	21 	SAS 	75 	2577 	15.7 	.516 	.480 	.288 	.210 	1.9 	8.3 	5.1 	28.7 	1.3 	0.2 	14.4 	22.3 	104 	99 	3.5 	4.0 	7.5 	.140
313 	Cherokee Parks 	C 	31 	GSW 	12 	64 	7.0 	.475 	.400 	.600 	.000 	7.0 	10.6 	8.8 	2.4 	0.0 	3.4 	13.7 	10.5 	100 	107 	0.0 	0.0 	0.1 	.043
314 	Ruben Patterson 	SF 	28 	POR 	73 	1651 	14.6 	.530 	.509 	.481 	.030 	9.4 	9.9 	9.6 	13.9 	2.8 	1.0 	18.0 	16.7 	104 	105 	1.7 	1.3 	3.0 	.087
315 	Sasha Pavlovic 	SF 	20 	UTA 	79 	1144 	8.7 	.463 	.422 	.223 	.186 	4.7 	12.7 	8.6 	9.5 	2.0 	1.2 	14.0 	19.5 	94 	104 	-0.1 	1.1 	0.9 	.040
316 	Gary Payton 	PG 	35 	LAL 	82 	2825 	17.3 	.528 	.498 	.246 	.161 	2.8 	11.0 	6.9 	26.9 	1.8 	0.5 	11.7 	20.4 	109 	103 	5.3 	2.7 	8.1 	.137
317 	Anthony Peeler 	SG 	34 	SAC 	75 	1391 	11.8 	.575 	.546 	.175 	.405 	2.6 	9.7 	6.2 	12.8 	2.1 	0.5 	17.0 	14.7 	106 	106 	1.4 	0.8 	2.2 	.076
318 	Desmond Penigar 	PF 	22 	ORL 	10 	89 	12.9 	.538 	.500 	.143 	.000 	7.5 	23.4 	15.3 	5.9 	1.2 	1.6 	16.8 	18.2 	100 	107 	0.0 	0.0 	0.1 	.049
319 	Kirk Penney 	SG 	23 	MIA 	2 	18 	-7.2 	.250 	.250 	.000 	.500 	0.0 	6.6 	3.2 	8.7 	3.0 	0.0 	33.3 	23.5 	40 	102 	-0.1 	0.0 	-0.1 	-0.326
320 	Kendrick Perkins 	C 	19 	BOS 	10 	35 	22.8 	.580 	.533 	.600 	.000 	16.7 	28.9 	22.9 	17.4 	0.0 	4.4 	20.9 	31.1 	103 	101 	0.1 	0.0 	0.1 	.145
321 	Wesley Person 	SG 	32 	TOT 	58 	1037 	11.5 	.510 	.489 	.124 	.439 	1.8 	11.3 	6.6 	10.5 	1.0 	0.6 	10.3 	16.5 	103 	108 	0.9 	0.4 	1.3 	.061
322 	Morris Peterson 	SF 	26 	TOR 	82 	2148 	12.1 	.539 	.513 	.160 	.579 	1.9 	12.2 	7.0 	9.5 	2.3 	0.5 	9.9 	15.7 	105 	101 	2.1 	2.8 	4.9 	.110
323 	Eric Piatkowski 	SF 	33 	HOU 	49 	703 	8.7 	.507 	.490 	.084 	.639 	1.8 	10.1 	6.1 	6.3 	1.2 	0.5 	12.8 	15.4 	97 	102 	0.1 	0.8 	0.9 	.061
324 	Paul Pierce 	SG 	26 	BOS 	80 	3099 	19.4 	.517 	.441 	.422 	.257 	2.6 	16.4 	9.6 	25.1 	2.2 	1.3 	14.6 	30.5 	101 	103 	3.7 	3.4 	7.1 	.109
325 	Mickael Pietrus 	PG 	21 	GSW 	53 	748 	12.9 	.528 	.491 	.325 	.455 	7.2 	10.7 	9.0 	6.1 	2.3 	1.2 	13.2 	18.7 	104 	104 	0.8 	0.7 	1.5 	.095
326 	Scottie Pippen 	SF 	38 	CHI 	23 	412 	12.4 	.448 	.425 	.193 	.343 	5.2 	13.1 	9.0 	21.0 	2.7 	1.6 	16.0 	19.6 	92 	102 	-0.2 	0.5 	0.3 	.037
327 	Zoran Planinic 	SG 	21 	NJN 	49 	473 	10.0 	.492 	.446 	.465 	.248 	3.5 	10.2 	6.9 	23.9 	1.5 	0.5 	18.8 	19.0 	96 	101 	0.1 	0.6 	0.7 	.068
328 	Scot Pollard 	C 	28 	IND 	61 	678 	8.3 	.430 	.412 	.184 	.000 	11.6 	17.1 	14.3 	2.4 	1.9 	2.9 	15.1 	10.1 	96 	96 	0.1 	1.3 	1.4 	.098
329 	Olden Polynice 	C 	39 	LAC 	2 	12 	-9.2 	0.0	0.0	0.0	0.0	9.4 	9.6 	9.5 	11.7 	4.4 	0.0 	100.0 	14.8 	22 	105 	-0.1 	0.0 	-0.1 	-0.394
330 	Mark Pope 	PF 	31 	DEN 	4 	20 	-9.0 	.410 	.500 	.500 	.000 	0.0 	17.2 	8.5 	0.0 	2.6 	0.0 	55.1 	11.9 	32 	101 	-0.1 	0.0 	-0.1 	-0.172
331 	James Posey 	SG 	27 	MEM 	82 	2451 	18.8 	.614 	.551 	.435 	.377 	4.2 	14.5 	9.3 	8.4 	2.9 	1.2 	10.9 	18.9 	119 	101 	6.8 	3.2 	10.0 	.195
332 	Vitaly Potapenko 	C 	28 	SEA 	65 	1419 	11.2 	.511 	.489 	.225 	.000 	8.4 	15.5 	12.0 	6.2 	0.8 	1.5 	14.6 	17.2 	100 	110 	0.8 	0.3 	1.1 	.037
333 	Tayshaun Prince 	SF 	23 	DET 	82 	2701 	13.3 	.536 	.507 	.195 	.217 	4.0 	12.5 	8.4 	12.4 	1.3 	1.9 	13.2 	15.6 	106 	98 	3.0 	4.6 	7.5 	.134
334 	Joel Przybilla 	C 	24 	TOT 	17 	347 	6.7 	.385 	.360 	.620 	.000 	10.5 	25.5 	18.1 	2.9 	0.8 	3.6 	22.0 	10.7 	82 	103 	-0.3 	0.4 	0.1 	.007
335 	Vladimir Radmanovic 	PF 	23 	SEA 	77 	2321 	15.1 	.533 	.511 	.156 	.464 	5.3 	15.2 	10.3 	10.3 	1.8 	1.4 	11.2 	19.5 	106 	108 	3.2 	1.0 	4.2 	.088
336 	Zach Randolph 	PF 	22 	POR 	81 	3067 	19.6 	.528 	.485 	.287 	.004 	9.5 	23.4 	16.5 	10.4 	1.2 	1.0 	13.8 	27.6 	103 	104 	4.1 	2.9 	7.1 	.111
337 	Theo Ratliff 	C 	30 	TOT 	85 	2664 	14.4 	.521 	.485 	.395 	.000 	8.6 	17.9 	13.3 	4.3 	1.1 	8.6 	15.7 	13.2 	102 	101 	1.8 	3.4 	5.2 	.094
338 	Zeljko Rebraca 	C 	31 	TOT 	24 	273 	10.5 	.504 	.442 	.390 	.000 	9.9 	14.6 	12.2 	4.0 	1.0 	3.0 	15.9 	18.2 	98 	98 	0.1 	0.4 	0.5 	.097
339 	Michael Redd 	SG 	24 	MIL 	82 	3021 	19.9 	.544 	.484 	.306 	.252 	4.4 	10.9 	7.7 	11.3 	1.4 	0.1 	6.6 	26.3 	113 	108 	8.4 	1.3 	9.7 	.154
340 	Glen Rice 	SF 	36 	LAC 	18 	262 	7.3 	.395 	.322 	.224 	.368 	3.9 	14.0 	8.9 	14.6 	1.2 	0.0 	13.5 	16.3 	90 	110 	-0.1 	0.0 	-0.1 	-0.017
341 	Jason Richardson 	SG 	23 	GSW 	78 	2936 	16.8 	.504 	.468 	.294 	.213 	4.7 	15.4 	10.1 	14.5 	1.6 	1.0 	11.9 	25.8 	100 	104 	2.6 	2.7 	5.2 	.085
342 	Quentin Richardson 	SG 	23 	LAC 	65 	2338 	15.1 	.484 	.454 	.191 	.319 	7.1 	13.2 	10.1 	11.2 	1.5 	0.6 	10.9 	24.6 	101 	110 	2.0 	0.4 	2.4 	.050
343 	Luke Ridnour 	PG 	22 	SEA 	69 	1114 	13.1 	.496 	.453 	.226 	.229 	3.7 	7.7 	5.7 	23.9 	2.5 	0.5 	17.2 	19.3 	101 	109 	0.9 	0.2 	1.2 	.051
344 	Clifford Robinson 	PF 	37 	GSW 	82 	2846 	10.8 	.473 	.447 	.183 	.332 	2.1 	10.6 	6.4 	16.0 	1.3 	1.8 	14.5 	19.3 	94 	105 	-0.1 	2.1 	2.0 	.033
345 	Eddie Robinson 	SF 	27 	CHI 	51 	1024 	11.0 	.497 	.483 	.132 	.015 	2.8 	8.4 	5.5 	10.3 	1.7 	0.7 	11.5 	17.0 	97 	106 	0.2 	0.6 	0.8 	.039
346 	Glenn Robinson 	SF 	31 	PHI 	42 	1336 	15.0 	.518 	.476 	.223 	.163 	4.1 	12.5 	8.3 	9.1 	1.7 	0.5 	13.6 	27.4 	96 	103 	0.3 	1.3 	1.6 	.056
347 	Rodney Rogers 	PF 	32 	NJN 	69 	1409 	14.2 	.492 	.459 	.194 	.301 	8.4 	17.3 	12.9 	17.2 	2.2 	1.5 	15.2 	21.5 	97 	96 	0.5 	2.6 	3.1 	.104
348 	Sean Rooks 	C 	34 	TOT 	55 	595 	6.8 	.421 	.358 	.245 	.007 	4.5 	14.3 	9.3 	7.7 	1.3 	1.3 	11.6 	14.5 	92 	107 	-0.2 	0.3 	0.2 	.014
349 	Jalen Rose 	PG-SF 	31 	TOT 	66 	2497 	12.4 	.485 	.439 	.243 	.212 	1.5 	10.7 	6.1 	25.5 	1.1 	0.6 	16.5 	24.1 	93 	104 	-0.7 	2.2 	1.5 	.029
350 	Malik Rose 	PF 	29 	SAS 	67 	1256 	15.0 	.526 	.428 	.557 	.007 	9.9 	18.5 	14.2 	9.4 	1.5 	1.4 	18.2 	22.6 	101 	94 	1.1 	2.7 	3.8 	.145
351 	Michael Ruffin 	PF 	27 	UTA 	41 	733 	7.0 	.344 	.325 	.325 	.000 	13.0 	22.2 	17.5 	8.9 	1.7 	2.4 	23.9 	11.2 	82 	101 	-0.8 	1.0 	0.2 	.014
352 	Kareem Rush 	SG 	23 	LAL 	72 	1244 	10.4 	.505 	.495 	.120 	.319 	1.8 	7.1 	4.4 	7.8 	1.4 	1.2 	9.5 	18.2 	98 	105 	0.5 	1.0 	1.5 	.056
353 	Bryon Russell 	SF 	33 	LAL 	72 	945 	11.6 	.530 	.490 	.266 	.459 	3.8 	13.9 	8.7 	11.4 	1.8 	0.9 	12.0 	14.7 	108 	102 	1.1 	1.1 	2.2 	.111
354 	John Salmons 	SG 	24 	PHI 	77 	1603 	10.6 	.485 	.447 	.221 	.353 	2.8 	11.5 	7.2 	14.5 	2.1 	0.8 	14.4 	15.6 	98 	103 	0.4 	1.7 	2.1 	.064
355 	Jamal Sampson 	C 	20 	LAL 	10 	130 	15.0 	.513 	.478 	.522 	.000 	19.7 	25.6 	22.6 	7.9 	0.8 	2.3 	17.5 	11.8 	115 	100 	0.2 	0.2 	0.4 	.156
356 	Daniel Santiago 	C 	27 	MIL 	54 	708 	11.2 	.536 	.479 	.552 	.000 	5.6 	15.6 	10.6 	5.3 	1.4 	2.2 	13.6 	15.0 	104 	105 	0.6 	0.6 	1.2 	.083
357 	Brian Scalabrine 	PF 	25 	NJN 	69 	928 	9.5 	.482 	.417 	.321 	.188 	5.4 	16.6 	11.0 	11.3 	1.2 	1.2 	14.4 	14.7 	98 	99 	0.3 	1.4 	1.7 	.089
358 	Ansu Sesay 	SF 	27 	SEA 	57 	583 	13.0 	.504 	.472 	.258 	.118 	8.8 	9.8 	9.3 	5.4 	1.7 	2.6 	10.4 	17.6 	105 	109 	0.6 	0.2 	0.8 	.065
359 	Paul Shirley 	PF 	26 	CHI 	7 	86 	4.6 	.432 	.435 	.130 	.043 	9.9 	10.5 	10.2 	7.9 	0.6 	0.9 	27.0 	17.3 	76 	108 	-0.2 	0.0 	-0.1 	-0.083
360 	Bobby Simmons 	SF 	23 	LAC 	56 	1376 	12.6 	.488 	.397 	.453 	.032 	9.4 	12.3 	10.8 	11.5 	2.0 	0.9 	14.0 	16.8 	105 	109 	1.6 	0.4 	2.0 	.070
361 	Brian Skinner 	C 	27 	MIL 	56 	1577 	14.4 	.513 	.497 	.269 	.000 	8.6 	21.0 	14.8 	5.3 	1.0 	2.8 	12.0 	18.7 	101 	103 	1.2 	1.6 	2.7 	.083
362 	Tamar Slay 	SG 	23 	NJN 	22 	165 	7.8 	.401 	.383 	.233 	.200 	7.2 	10.7 	8.9 	14.5 	2.3 	0.5 	14.3 	21.9 	83 	99 	-0.3 	0.2 	0.0 	-0.004
363 	Jabari Smith 	C 	26 	SAC 	31 	168 	9.2 	.406 	.371 	.286 	.043 	7.6 	13.2 	10.5 	10.4 	0.6 	2.5 	8.2 	23.1 	90 	107 	-0.1 	0.1 	0.0 	-0.005
364 	Joe Smith 	PF 	28 	MIL 	76 	2254 	16.6 	.510 	.440 	.340 	.007 	11.6 	20.8 	16.2 	5.6 	1.1 	3.0 	9.2 	18.0 	110 	103 	4.0 	2.3 	6.3 	.134
365 	Leon Smith 	C 	23 	SEA 	1 	4 	21.7 	.500 	.500 	.000 	.000 	29.7 	29.2 	29.5 	0.0 	0.0 	0.0 	0.0 	23.1 	120 	107 	0.0 	0.0 	0.0 	.201
366 	Steve Smith 	SG 	34 	NOH 	71 	929 	11.8 	.543 	.480 	.283 	.365 	3.2 	6.8 	5.0 	10.6 	0.9 	0.5 	11.3 	18.3 	110 	108 	1.5 	0.4 	1.9 	.099
367 	Theron Smith 	SF 	23 	MEM 	20 	178 	8.4 	.473 	.442 	.186 	.279 	8.2 	18.0 	13.0 	6.0 	1.5 	2.0 	23.1 	15.3 	87 	102 	-0.1 	0.2 	0.1 	.019
368 	Eric Snow 	PG 	30 	PHI 	82 	2966 	13.5 	.494 	.414 	.442 	.025 	2.5 	8.6 	5.6 	33.0 	1.8 	0.2 	18.0 	16.5 	104 	105 	3.2 	2.3 	5.5 	.090
369 	Darius Songaila 	PF 	25 	SAC 	73 	976 	14.6 	.541 	.487 	.322 	.000 	10.8 	15.2 	13.1 	7.6 	2.2 	0.9 	12.1 	16.4 	112 	104 	1.7 	0.9 	2.6 	.129
370 	Latrell Sprewell 	SF 	33 	MIN 	82 	3100 	14.7 	.493 	.448 	.233 	.236 	2.2 	8.9 	5.7 	15.4 	1.5 	0.5 	10.2 	23.6 	100 	103 	2.5 	3.2 	5.7 	.088
371 	Jerry Stackhouse 	SF 	29 	WAS 	26 	774 	13.2 	.494 	.435 	.321 	.202 	2.3 	11.6 	6.8 	25.1 	1.6 	0.3 	19.4 	26.0 	93 	107 	-0.2 	0.4 	0.2 	.013
372 	Vladimir Stepania 	C 	27 	POR 	42 	453 	12.2 	.454 	.417 	.350 	.000 	13.2 	19.5 	16.4 	8.1 	1.4 	2.5 	13.8 	14.4 	102 	103 	0.3 	0.4 	0.8 	.081
373 	DeShawn Stevenson 	SG-SF 	22 	TOT 	80 	2444 	11.6 	.473 	.443 	.234 	.082 	3.8 	10.9 	7.3 	11.9 	1.2 	0.6 	11.1 	20.4 	98 	109 	0.8 	0.7 	1.5 	.029
374 	Michael Stewart 	C-PF 	28 	TOT 	25 	147 	4.2 	.472 	.417 	.333 	.000 	6.1 	15.9 	11.1 	0.0 	0.7 	4.9 	17.9 	5.1 	99 	103 	0.0 	0.2 	0.2 	.057
375 	Peja Stojakovic 	SF 	26 	SAC 	81 	3264 	21.8 	.624 	.566 	.307 	.400 	3.2 	14.1 	8.8 	9.1 	1.7 	0.3 	8.9 	23.9 	120 	106 	11.4 	2.1 	13.5 	.198
376 	Damon Stoudamire 	PG 	30 	POR 	82 	3118 	14.8 	.508 	.477 	.142 	.419 	2.0 	9.7 	5.9 	27.0 	1.8 	0.2 	14.3 	19.2 	107 	108 	4.5 	1.4 	5.9 	.091
377 	Amar'e Stoudemire 	PF 	21 	PHO 	55 	2025 	19.8 	.536 	.476 	.503 	.006 	8.8 	19.2 	14.0 	7.0 	1.6 	3.3 	14.4 	27.5 	102 	103 	2.4 	2.0 	4.4 	.105
378 	Erick Strickland 	PG 	30 	MIL 	43 	571 	14.0 	.529 	.477 	.260 	.337 	2.6 	11.5 	7.1 	25.7 	2.4 	0.3 	19.8 	21.6 	100 	105 	0.4 	0.4 	0.8 	.069
379 	Rod Strickland 	PG 	37 	TOT 	61 	1197 	14.9 	.482 	.439 	.278 	.102 	3.2 	11.7 	7.4 	34.5 	1.6 	0.7 	17.7 	18.5 	101 	109 	1.0 	0.3 	1.3 	.052
380 	Bruno Sundov 	C 	23 	TOT 	5 	33 	3.5 	.435 	.400 	.600 	.000 	6.7 	26.8 	16.8 	6.4 	0.0 	0.0 	19.2 	21.3 	81 	104 	-0.1 	0.0 	0.0 	-0.046
381 	Bob Sura 	SG 	30 	TOT 	80 	1663 	16.2 	.510 	.438 	.466 	.163 	6.9 	15.3 	11.2 	24.1 	2.0 	0.6 	15.2 	19.0 	107 	102 	2.6 	2.0 	4.6 	.133
382 	Mike Sweetney 	PF 	21 	NYK 	42 	494 	17.2 	.544 	.493 	.414 	.007 	16.1 	20.5 	18.3 	4.8 	2.0 	1.8 	16.2 	18.6 	107 	101 	0.8 	0.7 	1.4 	.138
383 	Stromile Swift 	PF 	24 	MEM 	77 	1528 	19.2 	.530 	.470 	.459 	.007 	10.3 	17.7 	14.0 	4.4 	1.9 	5.6 	11.4 	22.8 	106 	99 	2.4 	2.4 	4.8 	.150
384 	Wally Szczerbiak 	SF 	26 	MIN 	28 	622 	15.3 	.539 	.492 	.271 	.195 	4.7 	11.2 	8.1 	8.9 	1.0 	0.1 	9.6 	22.1 	107 	103 	1.0 	0.6 	1.6 	.126
385 	Maurice Taylor 	PF 	27 	HOU 	75 	2081 	13.6 	.512 	.480 	.227 	.003 	7.8 	13.6 	10.9 	10.1 	1.1 	1.7 	15.0 	22.7 	98 	100 	0.9 	2.8 	3.7 	.085
386 	Jason Terry 	PG 	26 	ATL 	81 	3018 	16.2 	.519 	.478 	.217 	.352 	1.9 	10.6 	6.3 	26.6 	2.2 	0.4 	14.9 	23.2 	103 	107 	3.6 	1.5 	5.1 	.080
387 	Etan Thomas 	C 	25 	WAS 	79 	1901 	16.4 	.538 	.489 	.561 	.000 	10.5 	20.9 	15.6 	6.4 	1.0 	4.7 	14.7 	17.9 	106 	102 	2.5 	2.1 	4.5 	.115
388 	Kenny Thomas 	PF 	26 	PHI 	74 	2699 	15.9 	.527 	.469 	.397 	.006 	11.5 	21.1 	16.4 	7.7 	1.7 	1.0 	15.3 	19.6 	103 	100 	2.9 	3.7 	6.6 	.118
389 	Kurt Thomas 	PF 	31 	NYK 	80 	2548 	14.1 	.503 	.473 	.153 	.004 	6.7 	23.1 	15.0 	10.2 	1.2 	2.4 	13.0 	18.5 	101 	101 	1.7 	3.3 	5.0 	.094
390 	Tim Thomas 	SF 	26 	TOT 	66 	2089 	15.1 	.534 	.491 	.268 	.239 	3.5 	13.9 	8.8 	10.4 	1.6 	0.7 	11.3 	22.4 	104 	105 	2.5 	1.6 	4.1 	.093
391 	Jamaal Tinsley 	PG 	25 	IND 	52 	1378 	16.4 	.541 	.518 	.181 	.559 	2.4 	9.4 	5.8 	37.7 	3.3 	0.9 	21.6 	17.5 	106 	97 	1.9 	2.5 	4.4 	.154
392 	Robert Traylor 	C 	26 	NOH 	71 	942 	16.2 	.527 	.509 	.446 	.017 	12.5 	19.4 	15.9 	8.4 	2.2 	3.0 	15.3 	19.6 	103 	99 	1.0 	1.5 	2.5 	.127
393 	Gary Trent 	C 	29 	MIN 	68 	1025 	12.9 	.515 	.473 	.277 	.018 	9.8 	14.1 	12.0 	7.8 	0.6 	1.2 	12.8 	19.4 	103 	102 	1.1 	1.2 	2.3 	.106
394 	Jeff Trepagnier 	SG 	24 	DEN 	11 	96 	2.3 	.308 	.289 	.158 	.105 	7.0 	10.7 	8.8 	6.4 	1.6 	0.0 	12.9 	21.3 	70 	106 	-0.3 	0.1 	-0.2 	-0.122
395 	Cezary Trybanski 	C 	24 	TOT 	7 	15 	-12.1 	.102 	.000 	.500 	.000 	0.0 	7.6 	3.8 	0.0 	3.6 	5.0 	29.1 	21.0 	17 	101 	-0.1 	0.0 	-0.1 	-0.396
396 	Jake Tsakalidis 	C 	24 	MEM 	40 	533 	12.5 	.532 	.504 	.459 	.000 	7.8 	19.5 	13.6 	5.5 	0.9 	3.0 	12.6 	15.5 	106 	102 	0.6 	0.6 	1.2 	.105
397 	Nikoloz Tskitishvili 	PF 	20 	DEN 	39 	307 	7.1 	.393 	.340 	.238 	.090 	8.7 	14.6 	11.6 	5.2 	1.0 	1.8 	11.2 	21.7 	86 	104 	-0.3 	0.3 	-0.1 	-0.012
398 	Hedo Turkoglu 	SF 	24 	SAS 	80 	2073 	14.1 	.516 	.484 	.250 	.374 	2.8 	16.3 	9.7 	12.5 	2.1 	1.1 	11.6 	18.1 	104 	94 	2.2 	4.5 	6.7 	.155
399 	Ime Udoka 	SF 	26 	LAL 	4 	28 	6.7 	.372 	.333 	.444 	.111 	4.0 	16.4 	10.1 	10.9 	3.7 	2.6 	21.8 	22.1 	70 	96 	-0.1 	0.1 	0.0 	-0.073
400 	Nick Van Exel 	PG 	32 	GSW 	39 	1255 	13.1 	.469 	.438 	.207 	.313 	1.4 	7.9 	4.7 	28.5 	0.9 	0.1 	13.0 	22.1 	99 	109 	0.8 	0.4 	1.2 	.045
401 	Keith Van Horn 	SF 	28 	TOT 	72 	2340 	17.8 	.564 	.506 	.321 	.258 	7.4 	17.1 	12.3 	9.2 	1.5 	1.0 	14.1 	23.6 	107 	104 	4.1 	2.2 	6.3 	.129
402 	Jacque Vaughn 	PG 	28 	ATL 	71 	1271 	8.0 	.440 	.392 	.245 	.072 	1.1 	9.2 	5.2 	24.5 	1.8 	0.1 	21.5 	14.0 	91 	109 	-0.5 	0.4 	0.0 	-0.002
403 	Jake Voskuhl 	C 	26 	PHO 	66 	1606 	11.2 	.577 	.507 	.603 	.000 	8.7 	15.7 	12.2 	5.4 	1.4 	1.2 	16.9 	12.8 	111 	106 	2.3 	1.0 	3.3 	.097
404 	Slavko Vranes 	C 	21 	POR 	1 	3 	-20.4 	.000 	.000 	.000 	.000 	0.0 	0.0 	0.0 	0.0 	0.0 	0.0 	0.0 	15.8 	0 	114 	0.0 	0.0 	0.0 	-0.371
405 	Dwyane Wade 	PG 	22 	MIA 	61 	2126 	17.6 	.530 	.475 	.391 	.066 	4.6 	9.0 	6.8 	25.1 	2.2 	1.3 	17.3 	25.0 	101 	102 	2.2 	2.3 	4.6 	.103
406 	Dajuan Wagner 	SG 	20 	CLE 	44 	708 	8.6 	.439 	.417 	.154 	.281 	1.4 	7.7 	4.5 	12.5 	1.9 	0.7 	11.2 	23.3 	89 	107 	-0.5 	0.4 	-0.1 	-0.008
407 	Antoine Walker 	PF 	27 	DAL 	82 	2840 	15.8 	.475 	.464 	.165 	.270 	7.4 	19.1 	13.1 	19.4 	1.2 	1.7 	14.3 	21.8 	101 	107 	2.4 	1.5 	3.9 	.066
408 	Samaki Walker 	PF 	27 	MIA 	33 	418 	10.4 	.444 	.384 	.444 	.020 	11.6 	19.7 	15.6 	2.4 	1.2 	2.1 	11.2 	15.0 	98 	100 	0.1 	0.6 	0.7 	.080
409 	Ben Wallace 	C 	29 	DET 	81 	3050 	17.3 	.441 	.422 	.388 	.011 	12.5 	25.5 	19.1 	7.7 	2.6 	6.1 	12.3 	15.3 	98 	87 	1.1 	9.1 	10.2 	.160
410 	Gerald Wallace 	SF 	21 	SAC 	37 	337 	10.6 	.377 	.360 	.270 	.022 	12.1 	12.8 	12.4 	8.2 	2.1 	2.9 	7.4 	14.4 	96 	104 	0.0 	0.3 	0.4 	.052
411 	John Wallace 	SF 	29 	MIA 	37 	368 	11.6 	.486 	.438 	.276 	.090 	3.8 	15.1 	9.3 	7.2 	0.7 	1.7 	12.9 	23.9 	93 	103 	-0.1 	0.4 	0.3 	.039
412 	Rasheed Wallace 	PF 	29 	TOT 	68 	2390 	17.8 	.510 	.478 	.218 	.255 	5.1 	17.4 	11.3 	12.1 	1.4 	3.8 	10.0 	23.4 	104 	101 	3.1 	3.1 	6.2 	.125
413 	Luke Walton 	PF 	23 	LAL 	72 	730 	12.7 	.505 	.467 	.288 	.255 	6.0 	13.8 	9.8 	23.0 	2.0 	0.8 	20.3 	13.3 	105 	102 	0.7 	0.9 	1.6 	.103
414 	Charlie Ward 	PG 	33 	TOT 	71 	1252 	14.5 	.528 	.518 	.069 	.528 	1.1 	11.9 	6.6 	29.0 	2.7 	0.7 	19.3 	18.4 	102 	100 	1.1 	1.8 	2.9 	.110
415 	Earl Watson 	PG 	24 	MEM 	81 	1669 	12.8 	.438 	.399 	.297 	.228 	3.3 	8.8 	6.0 	37.5 	2.9 	0.8 	21.8 	18.1 	95 	103 	0.1 	1.7 	1.8 	.052
416 	Clarence Weatherspoon 	PF 	33 	TOT 	52 	868 	14.6 	.538 	.493 	.341 	.005 	10.5 	16.9 	13.8 	5.9 	1.9 	1.3 	12.6 	15.2 	109 	99 	1.2 	1.3 	2.6 	.141
417 	Chris Webber 	PF 	30 	SAC 	23 	831 	17.2 	.456 	.414 	.271 	.012 	6.7 	20.3 	13.6 	22.0 	1.9 	1.7 	11.3 	28.9 	96 	102 	0.1 	0.9 	1.1 	.061
418 	Bonzi Wells 	SG 	27 	TOT 	72 	1872 	13.0 	.476 	.440 	.215 	.081 	4.8 	11.2 	7.9 	13.6 	2.6 	0.7 	14.8 	26.5 	92 	103 	-0.9 	1.8 	0.9 	.023
419 	Jiri Welsch 	SG 	24 	BOS 	81 	2179 	12.6 	.531 	.484 	.337 	.296 	3.2 	12.2 	7.8 	14.0 	2.4 	0.2 	15.5 	17.4 	102 	104 	1.7 	1.9 	3.6 	.080
420 	David Wesley 	SG 	33 	NOH 	61 	2001 	12.6 	.483 	.446 	.228 	.356 	1.6 	6.2 	3.8 	16.1 	1.9 	0.5 	10.2 	22.4 	100 	106 	1.4 	1.4 	2.8 	.067
421 	David West 	PF 	23 	NOH 	71 	930 	15.9 	.519 	.474 	.351 	.009 	14.0 	22.6 	18.2 	11.1 	1.6 	2.3 	15.4 	15.3 	110 	100 	1.4 	1.3 	2.8 	.143
422 	Jahidi White 	C 	27 	TOT 	62 	865 	11.8 	.532 	.521 	.663 	.000 	12.7 	21.7 	17.2 	1.3 	1.5 	4.4 	21.2 	16.3 	96 	102 	0.1 	1.0 	1.2 	.064
423 	Rodney White 	SF 	23 	DEN 	72 	985 	16.4 	.527 	.495 	.222 	.186 	5.0 	14.1 	9.5 	11.3 	1.7 	1.4 	13.2 	26.4 	100 	104 	0.8 	0.9 	1.8 	.087
424 	Chris Whitney 	PG 	32 	WAS 	16 	186 	10.1 	.498 	.467 	.111 	.400 	1.8 	7.4 	4.5 	12.5 	1.7 	0.8 	11.3 	12.6 	106 	108 	0.2 	0.1 	0.2 	.058
425 	Chris Wilcox 	C 	21 	LAC 	65 	1340 	15.3 	.557 	.521 	.344 	.002 	10.5 	15.4 	13.0 	7.0 	1.1 	1.1 	13.7 	19.3 	109 	109 	2.3 	0.3 	2.6 	.094
426 	Mike Wilks 	PG 	24 	HOU 	26 	145 	14.4 	.606 	.556 	.333 	.278 	2.6 	10.1 	6.5 	20.6 	1.1 	0.0 	14.5 	15.9 	119 	103 	0.4 	0.2 	0.5 	.169
427 	Aaron Williams 	C 	32 	NJN 	72 	1337 	13.2 	.549 	.504 	.453 	.009 	8.9 	17.0 	13.0 	10.4 	1.4 	2.7 	17.8 	17.5 	102 	98 	1.1 	2.3 	3.4 	.122
428 	Alvin Williams 	SG 	29 	TOR 	56 	1730 	11.4 	.463 	.431 	.171 	.179 	1.2 	8.8 	5.0 	23.6 	1.8 	0.4 	12.8 	17.1 	96 	103 	0.3 	1.8 	2.1 	.058
429 	Eric Williams 	SF 	31 	TOT 	71 	1886 	12.5 	.493 	.416 	.473 	.212 	3.9 	13.0 	8.5 	10.4 	1.9 	0.3 	10.9 	19.3 	102 	105 	1.7 	1.4 	3.1 	.079
430 	Frank Williams 	PG 	23 	NYK 	56 	714 	10.7 	.478 	.428 	.231 	.288 	1.3 	7.2 	4.3 	27.7 	1.9 	0.6 	21.6 	19.0 	93 	106 	-0.1 	0.5 	0.3 	.023
431 	Jason Williams 	PG 	28 	MEM 	72 	2115 	16.9 	.517 	.491 	.137 	.511 	1.3 	6.6 	3.9 	38.3 	2.3 	0.2 	15.2 	19.0 	109 	106 	3.9 	1.4 	5.4 	.122
432 	Jerome Williams 	PF 	30 	TOT 	68 	1637 	14.7 	.522 	.470 	.461 	.024 	11.7 	20.6 	16.1 	7.3 	2.9 	0.4 	15.5 	13.3 	107 	99 	1.8 	2.5 	4.3 	.127
433 	Mo Williams 	SG 	21 	UTA 	57 	772 	9.4 	.433 	.396 	.185 	.129 	3.6 	8.0 	5.8 	18.5 	2.0 	0.2 	13.5 	22.8 	92 	106 	-0.3 	0.5 	0.2 	.011
434 	Scott Williams 	C 	35 	TOT 	43 	527 	14.4 	.500 	.489 	.145 	.016 	8.0 	20.2 	14.0 	5.1 	2.0 	2.3 	7.5 	18.1 	106 	103 	0.6 	0.5 	1.1 	.104
435 	Shammond Williams 	SG-PG 	28 	TOT 	53 	763 	13.1 	.495 	.440 	.250 	.431 	1.3 	7.8 	4.5 	25.3 	2.6 	0.2 	15.4 	18.1 	103 	109 	0.7 	0.2 	1.0 	.060
436 	Corliss Williamson 	PF 	30 	DET 	79 	1574 	14.4 	.546 	.505 	.327 	.000 	6.6 	12.2 	9.4 	7.2 	1.0 	1.0 	14.1 	23.8 	102 	99 	1.6 	2.5 	4.1 	.124
437 	Kevin Willis 	C 	41 	SAS 	48 	373 	14.9 	.491 	.467 	.260 	.007 	11.2 	18.1 	14.7 	5.5 	3.0 	1.8 	16.1 	24.7 	93 	91 	-0.1 	1.0 	0.9 	.111
438 	Loren Woods 	C 	25 	MIA 	38 	506 	12.3 	.503 	.458 	.573 	.000 	14.8 	16.1 	15.4 	3.3 	1.2 	3.0 	17.8 	13.6 	103 	101 	0.4 	0.6 	1.1 	.100
439 	Qyntel Woods 	SF 	22 	POR 	62 	673 	9.4 	.425 	.392 	.253 	.122 	8.2 	15.8 	12.0 	11.5 	1.7 	1.6 	16.5 	22.2 	87 	105 	-0.7 	0.5 	-0.2 	-0.012
440 	Metta World Peace 	SF 	24 	IND 	73 	2714 	18.2 	.511 	.455 	.395 	.218 	4.3 	12.5 	8.4 	19.2 	3.1 	1.4 	13.4 	26.2 	101 	96 	2.8 	5.2 	8.0 	.141
441 	Lorenzen Wright 	C 	28 	MEM 	65 	1674 	14.0 	.474 	.439 	.224 	.009 	9.6 	20.5 	15.0 	7.2 	1.4 	2.5 	10.7 	19.4 	100 	101 	1.0 	2.1 	3.2 	.092
442 	Wang Zhizhi 	C 	26 	TOT 	16 	114 	11.5 	.466 	.413 	.217 	.304 	4.0 	14.4 	9.2 	3.3 	1.4 	3.4 	10.6 	23.2 	92 	101 	0.0 	0.1 	0.1 	.043
