1 	Shareef Abdur-Rahim 	PF 	28 	POR 	54 	1867 	18.7 	.581 	.514 	.379 	.058 	7.9 	16.0 	12.1 	10.7 	1.4 	1.0 	13.0 	22.1 	113 	108 	3.9 	1.5 	5.4 	.139
2 	Cory Alexander 	SG 	31 	CHA 	16 	201 	8.8 	.451 	.408 	.245 	.388 	4.3 	12.6 	8.2 	27.7 	2.3 	0.4 	25.9 	16.2 	91 	108 	-0.2 	0.2 	0.0 	.002
3 	Malik Allen 	PF 	26 	TOT 	36 	519 	14.2 	.512 	.475 	.158 	.000 	9.0 	13.3 	11.0 	5.7 	0.9 	3.2 	8.7 	18.1 	108 	106 	0.6 	0.5 	1.1 	.100
4 	Ray Allen 	SG 	29 	SEA 	78 	3064 	20.9 	.555 	.498 	.286 	.372 	3.2 	10.7 	6.9 	18.1 	1.5 	0.1 	9.2 	28.0 	117 	112 	9.7 	1.0 	10.7 	.168
5 	Tony Allen 	SG 	23 	BOS 	77 	1262 	14.7 	.542 	.491 	.393 	.080 	8.0 	12.3 	10.2 	8.2 	3.1 	1.4 	14.5 	18.9 	106 	104 	1.2 	1.6 	2.7 	.103
6 	Rafer Alston 	PG 	28 	TOR 	80 	2717 	16.5 	.522 	.485 	.265 	.399 	1.7 	10.1 	5.8 	31.7 	2.2 	0.2 	13.5 	21.2 	108 	109 	3.8 	1.7 	5.5 	.098
7 	Chris Andersen 	C 	26 	NOH 	67 	1430 	18.5 	.581 	.534 	.531 	.008 	10.9 	23.6 	17.0 	9.1 	0.5 	5.6 	12.7 	16.4 	116 	104 	2.7 	1.8 	4.5 	.152
8 	Derek Anderson 	SG 	30 	POR 	47 	1239 	11.7 	.503 	.463 	.223 	.386 	2.4 	9.2 	6.0 	18.9 	1.6 	0.2 	14.0 	18.5 	103 	111 	0.7 	0.6 	1.3 	.052
9 	Kenny Anderson 	PG 	34 	TOT 	43 	743 	10.1 	.467 	.438 	.184 	.065 	3.6 	10.5 	6.9 	22.2 	2.3 	0.0 	18.4 	16.1 	96 	112 	-0.1 	0.3 	0.2 	.011
10 	Shandon Anderson 	SF-SG 	31 	TOT 	66 	1171 	9.0 	.518 	.463 	.304 	.134 	4.3 	14.4 	9.5 	8.7 	1.8 	0.9 	16.9 	11.8 	103 	103 	0.5 	1.6 	2.1 	.085
11 	Carmelo Anthony 	SF 	20 	DEN 	75 	2608 	16.7 	.526 	.448 	.466 	.128 	6.3 	12.5 	9.4 	13.1 	1.3 	0.9 	13.1 	29.2 	103 	107 	2.3 	2.6 	4.9 	.090
12 	Rafael Araujo 	C 	24 	TOR 	59 	736 	7.1 	.492 	.437 	.314 	.017 	8.9 	19.7 	14.2 	3.4 	1.5 	0.8 	20.7 	15.6 	92 	107 	-0.4 	0.7 	0.3 	.016
13 	Gilbert Arenas 	PG 	23 	WAS 	80 	3274 	21.3 	.565 	.498 	.420 	.369 	2.8 	10.5 	6.5 	22.9 	2.2 	0.5 	11.8 	27.3 	115 	109 	9.2 	2.3 	11.5 	.169
14 	Trevor Ariza 	SF 	19 	NYK 	80 	1382 	13.3 	.503 	.446 	.447 	.033 	7.5 	13.1 	10.3 	9.8 	2.7 	1.0 	13.6 	17.8 	103 	107 	0.8 	1.3 	2.1 	.073
15 	Darrell Armstrong 	PG 	36 	TOT 	66 	988 	11.0 	.430 	.372 	.245 	.401 	4.0 	9.3 	6.7 	27.9 	2.4 	0.6 	17.9 	17.3 	96 	106 	-0.2 	1.0 	0.8 	.039
16 	Carlos Arroyo 	PG 	25 	TOT 	70 	1448 	11.3 	.466 	.399 	.347 	.070 	2.1 	6.5 	4.3 	32.3 	1.7 	0.2 	17.8 	19.3 	99 	109 	0.3 	1.0 	1.3 	.043
17 	Chucky Atkins 	PG 	30 	LAL 	82 	2903 	13.4 	.558 	.523 	.223 	.500 	1.2 	6.4 	3.8 	20.6 	1.3 	0.1 	13.1 	17.9 	112 	115 	4.7 	-0.2 	4.5 	.074
18 	Stacey Augmon 	SF 	36 	ORL 	55 	663 	9.8 	.480 	.407 	.461 	.000 	7.7 	9.0 	8.4 	8.1 	1.8 	0.9 	13.4 	15.3 	102 	109 	0.3 	0.4 	0.7 	.053
19 	Maurice Baker 	PG 	25 	TOT 	5 	19 	-0.2 	.000 	.000 	.000 	.000 	6.3 	5.8 	6.1 	7.2 	2.8 	0.0 	50.0 	4.8 	48 	109 	0.0 	0.0 	0.0 	-0.057
20 	Vin Baker 	PF-C 	33 	TOT 	27 	204 	1.4 	.354 	.310 	.405 	.024 	9.7 	12.7 	11.2 	7.2 	0.5 	1.5 	25.6 	14.9 	73 	111 	-0.5 	0.1 	-0.4 	-0.091
21 	Marcus Banks 	PG 	23 	BOS 	81 	1145 	12.3 	.520 	.439 	.570 	.206 	3.0 	9.7 	6.4 	20.3 	2.8 	0.9 	18.1 	17.2 	104 	106 	0.8 	1.2 	1.9 	.081
22 	Leandro Barbosa 	PG 	22 	PHO 	63 	1087 	12.8 	.575 	.547 	.195 	.393 	3.3 	9.2 	6.4 	16.7 	1.4 	0.4 	18.5 	18.9 	107 	110 	1.2 	0.6 	1.8 	.081
23 	Matt Barnes 	SF 	24 	SAC 	43 	715 	9.0 	.465 	.427 	.384 	.146 	7.7 	13.1 	10.4 	11.1 	2.2 	0.7 	20.3 	13.8 	95 	108 	-0.2 	0.6 	0.4 	.028
24 	Andre Barrett 	PG 	22 	TOT 	38 	483 	8.6 	.446 	.419 	.153 	.419 	2.7 	6.7 	4.7 	22.3 	2.1 	0.1 	16.9 	15.0 	96 	106 	-0.1 	0.5 	0.4 	.041
25 	Brent Barry 	SG 	33 	SAS 	81 	1742 	14.0 	.580 	.532 	.294 	.610 	1.9 	10.8 	6.4 	16.3 	1.2 	0.8 	11.0 	15.6 	119 	102 	3.5 	2.7 	6.1 	.168
26 	Jon Barry 	SG 	35 	TOT 	69 	1505 	13.4 	.570 	.534 	.193 	.448 	2.0 	10.1 	6.2 	18.1 	2.1 	0.5 	14.4 	14.4 	113 	105 	2.1 	1.8 	3.9 	.125
27 	Tony Battie 	C 	28 	ORL 	81 	1894 	8.6 	.498 	.460 	.266 	.017 	6.5 	20.0 	13.4 	3.2 	0.8 	3.0 	17.0 	11.0 	98 	106 	0.1 	1.9 	2.0 	.051
28 	Shane Battier 	SG 	26 	MEM 	80 	2516 	14.8 	.555 	.499 	.372 	.289 	7.6 	12.1 	9.8 	8.3 	2.0 	2.4 	9.5 	14.8 	117 	103 	4.4 	3.4 	7.8 	.149
29 	Lonny Baxter 	PF 	26 	NOH 	4 	36 	-8.0 	.253 	.273 	.182 	.000 	12.6 	13.7 	13.2 	0.0 	0.0 	0.0 	25.2 	20.5 	52 	112 	-0.2 	0.0 	-0.2 	-0.266
30 	Raja Bell 	SG 	28 	UTA 	63 	1790 	12.2 	.527 	.495 	.225 	.201 	3.2 	10.9 	7.0 	9.3 	1.3 	0.4 	9.7 	20.9 	105 	112 	1.6 	0.6 	2.2 	.060
31 	Jonathan Bender 	SF 	24 	IND 	7 	93 	5.8 	.422 	.413 	.150 	.125 	6.5 	11.4 	9.0 	8.6 	0.6 	1.6 	19.0 	27.1 	77 	108 	-0.3 	0.1 	-0.2 	-0.120
32 	Travis Best 	PG 	32 	NJN 	76 	1461 	11.9 	.508 	.449 	.270 	.188 	1.5 	7.4 	4.4 	17.4 	2.4 	0.5 	11.7 	18.4 	102 	105 	0.8 	1.8 	2.5 	.084
33 	Mike Bibby 	PG 	26 	SAC 	80 	3084 	19.2 	.543 	.495 	.327 	.288 	2.8 	9.2 	6.0 	28.1 	2.1 	0.7 	12.3 	23.8 	112 	110 	6.6 	1.9 	8.5 	.133
34 	Andris Biedrins 	C 	18 	GSW 	30 	384 	14.8 	.570 	.577 	.513 	.013 	12.7 	21.1 	16.7 	4.9 	1.6 	4.4 	11.2 	12.4 	119 	102 	0.7 	0.6 	1.2 	.154
35 	Chauncey Billups 	PG 	28 	DET 	80 	2866 	19.0 	.609 	.533 	.418 	.424 	2.0 	9.0 	5.5 	28.2 	1.6 	0.2 	14.3 	20.7 	121 	105 	8.6 	3.5 	12.1 	.202
36 	Steve Blake 	PG 	24 	WAS 	44 	648 	8.4 	.468 	.425 	.220 	.500 	3.0 	9.5 	6.2 	16.2 	1.0 	0.0 	16.0 	16.4 	98 	112 	0.0 	0.2 	0.3 	.020
37 	Mark Blount 	C 	29 	BOS 	82 	2130 	12.5 	.559 	.529 	.265 	.002 	8.0 	13.6 	10.9 	9.9 	0.8 	2.3 	18.6 	17.9 	103 	108 	1.2 	1.6 	2.8 	.063
38 	Tony Bobbitt 	SG 	25 	LAL 	2 	12 	11.7 	.500 	.500 	.000 	.400 	0.0 	28.0 	14.1 	0.0 	0.0 	0.0 	0.0 	18.8 	106 	111 	0.0 	0.0 	0.0 	.059
39 	Keith Bogans 	SG 	24 	CHA 	74 	1791 	10.4 	.465 	.422 	.266 	.251 	4.6 	10.1 	7.2 	12.6 	2.0 	0.3 	13.7 	22.0 	93 	110 	-1.0 	1.1 	0.1 	.002
40 	Matt Bonner 	C 	24 	TOR 	82 	1553 	14.7 	.596 	.576 	.153 	.199 	7.7 	13.1 	10.4 	5.3 	1.3 	0.9 	7.5 	15.7 	120 	110 	3.3 	0.9 	4.2 	.130
41 	Calvin Booth 	C 	28 	TOT 	51 	451 	11.9 	.508 	.454 	.296 	.009 	7.4 	19.7 	13.6 	2.7 	1.7 	4.6 	11.6 	13.8 	105 	102 	0.3 	0.7 	1.0 	.101
42 	Carlos Boozer 	PF 	23 	UTA 	51 	1772 	19.2 	.560 	.521 	.387 	.001 	9.6 	22.7 	16.0 	15.9 	1.3 	1.1 	14.5 	24.6 	108 	108 	2.7 	1.4 	4.1 	.111
43 	Curtis Borchardt 	C 	24 	UTA 	67 	859 	9.4 	.492 	.430 	.413 	.000 	12.1 	20.5 	16.2 	9.1 	0.6 	3.2 	20.4 	13.7 	100 	109 	0.2 	0.6 	0.8 	.046
44 	Chris Bosh 	PF 	20 	TOR 	81 	3017 	17.5 	.547 	.472 	.539 	.010 	7.1 	20.0 	13.5 	8.6 	1.3 	2.7 	13.1 	21.7 	107 	107 	3.9 	2.9 	6.8 	.108
45 	Bruce Bowen 	SF 	33 	SAS 	82 	2627 	9.5 	.521 	.505 	.187 	.423 	2.2 	10.5 	6.3 	7.5 	1.1 	1.1 	8.1 	12.5 	109 	102 	2.1 	4.0 	6.1 	.111
46 	Ryan Bowen 	SF 	29 	HOU 	66 	604 	7.7 	.462 	.437 	.189 	.054 	4.2 	10.4 	7.3 	4.7 	2.1 	0.6 	5.5 	9.9 	104 	103 	0.2 	0.9 	1.1 	.087
47 	Earl Boykins 	PG 	28 	DEN 	82 	2162 	17.1 	.530 	.447 	.368 	.201 	2.0 	5.6 	3.8 	28.1 	1.9 	0.4 	11.2 	22.2 	112 	108 	4.2 	1.7 	6.0 	.133
48 	Michael Bradley 	PF 	25 	TOT 	18 	119 	11.7 	.600 	.625 	.333 	.042 	7.6 	18.7 	13.2 	6.7 	0.4 	1.2 	15.4 	12.1 	111 	109 	0.1 	0.1 	0.2 	.082
49 	Shawn Bradley 	C 	32 	DAL 	77 	885 	11.0 	.494 	.452 	.339 	.000 	9.0 	17.8 	13.5 	2.5 	1.5 	5.3 	13.4 	12.5 	104 	101 	0.4 	1.5 	1.9 	.102
50 	Torraye Braggs 	PF 	28 	HOU 	7 	24 	11.6 	.429 	.429 	.000 	.000 	34.9 	23.7 	29.2 	0.0 	0.0 	0.0 	22.2 	17.7 	99 	103 	0.0 	0.0 	0.0 	.073
51 	Elton Brand 	PF 	25 	LAC 	81 	3001 	22.4 	.554 	.503 	.387 	.002 	12.2 	18.4 	15.4 	13.3 	1.1 	4.3 	11.1 	25.4 	113 	104 	6.9 	3.7 	10.6 	.169
52 	Jamison Brewer 	PG 	24 	NYK 	18 	185 	4.0 	.363 	.338 	.351 	.405 	3.8 	10.2 	7.0 	9.4 	2.3 	0.4 	23.3 	13.7 	73 	109 	-0.4 	0.1 	-0.3 	-0.074
53 	Primoz Brezec 	C 	25 	CHA 	72 	2276 	16.1 	.550 	.512 	.291 	.000 	10.8 	16.2 	13.3 	6.6 	0.8 	1.8 	11.1 	18.7 	111 	109 	3.5 	1.4 	4.9 	.104
54 	Damone Brown 	SF 	25 	WAS 	14 	152 	7.4 	.409 	.403 	.145 	.177 	7.1 	13.8 	10.4 	15.4 	0.3 	2.9 	18.5 	23.3 	83 	110 	-0.3 	0.1 	-0.2 	-0.073
55 	Devin Brown 	SG 	26 	SAS 	67 	1238 	14.6 	.530 	.478 	.318 	.296 	3.5 	13.1 	8.3 	12.4 	1.7 	0.7 	10.2 	19.5 	109 	100 	1.6 	2.1 	3.7 	.145
56 	Kedrick Brown 	SF 	23 	PHI 	8 	55 	9.7 	.577 	.333 	1.667 	.500 	2.0 	20.7 	11.2 	10.3 	2.8 	1.4 	32.5 	12.4 	92 	101 	0.0 	0.1 	0.1 	.060
57 	Kwame Brown 	PF 	22 	WAS 	42 	908 	10.4 	.497 	.460 	.544 	.000 	8.6 	17.2 	12.8 	6.8 	1.4 	1.2 	18.6 	17.4 	96 	108 	-0.2 	0.8 	0.6 	.032
58 	P.J. Brown 	PF 	35 	NOH 	82 	2817 	15.5 	.512 	.446 	.321 	.000 	10.7 	20.6 	15.5 	11.2 	1.4 	1.4 	10.5 	15.9 	112 	106 	4.0 	2.9 	6.9 	.118
59 	Tierre Brown 	PG 	25 	LAL 	76 	1066 	9.5 	.437 	.394 	.216 	.207 	2.2 	7.6 	4.9 	23.6 	1.6 	0.1 	16.3 	19.3 	94 	114 	-0.5 	0.0 	-0.5 	-0.021
60 	Rick Brunson 	PG 	32 	LAC 	80 	1945 	11.6 	.460 	.430 	.167 	.294 	1.5 	9.8 	5.8 	32.7 	2.3 	0.3 	20.8 	14.3 	99 	108 	0.3 	1.6 	1.9 	.048
61 	Kobe Bryant 	SG 	26 	LAL 	66 	2689 	23.3 	.563 	.482 	.502 	.292 	4.0 	12.4 	8.2 	28.5 	1.7 	1.4 	14.3 	31.7 	111 	111 	7.1 	1.0 	8.1 	.145
62 	Greg Buckner 	SG 	28 	DEN 	70 	1522 	13.7 	.638 	.609 	.267 	.399 	5.0 	10.7 	7.9 	13.2 	2.5 	0.3 	12.6 	11.4 	126 	105 	3.0 	1.8 	4.8 	.153
63 	Rodney Buford 	SF 	27 	NJN 	64 	1313 	9.5 	.437 	.417 	.092 	.221 	3.0 	14.5 	8.7 	8.7 	1.6 	0.3 	6.4 	19.4 	92 	104 	-0.8 	1.6 	0.8 	.030
64 	Antonio Burks 	PG 	24 	MEM 	24 	219 	12.8 	.534 	.492 	.317 	.183 	0.5 	6.0 	3.3 	21.9 	3.2 	0.4 	14.9 	17.3 	106 	104 	0.2 	0.3 	0.5 	.103
65 	Caron Butler 	SF 	24 	LAL 	77 	2746 	15.8 	.528 	.464 	.322 	.126 	6.0 	12.4 	9.2 	9.3 	2.1 	0.6 	9.9 	20.7 	110 	111 	4.1 	1.2 	5.3 	.093
66 	Jackie Butler 	C 	19 	NYK 	3 	5 	90.3 	1.025 	1.000 	.500 	.000 	0.0 	0.0 	0.0 	0.0 	10.6 	0.0 	17.0 	53.7 	170 	95 	0.1 	0.0 	0.1 	1.333
67 	Rasual Butler 	SF 	25 	MIA 	65 	1203 	10.3 	.488 	.468 	.117 	.374 	1.5 	12.7 	7.3 	8.1 	0.8 	1.8 	7.9 	18.1 	100 	105 	0.3 	1.4 	1.7 	.068
68 	Zarko Cabarkapa 	PF 	23 	TOT 	40 	475 	16.9 	.579 	.523 	.367 	.203 	7.7 	16.1 	11.7 	9.0 	1.1 	0.7 	12.7 	21.9 	112 	108 	0.9 	0.4 	1.3 	.127
69 	Marcus Camby 	C 	30 	DEN 	66 	2015 	18.0 	.505 	.465 	.288 	.007 	7.5 	30.1 	18.9 	12.0 	1.6 	7.4 	13.2 	17.2 	103 	96 	1.2 	4.5 	5.8 	.138
70 	Elden Campbell 	C 	36 	TOT 	40 	390 	7.2 	.408 	.317 	.447 	.016 	8.5 	19.5 	14.0 	8.0 	1.1 	1.4 	16.5 	21.2 	85 	101 	-0.6 	0.6 	0.0 	.003
71 	Brian Cardinal 	PF 	27 	MEM 	58 	1433 	14.0 	.510 	.421 	.419 	.289 	5.3 	13.5 	9.4 	13.3 	3.3 	1.0 	14.0 	19.6 	104 	101 	1.1 	2.4 	3.5 	.116
72 	Geno Carlisle 	SG 	28 	POR 	6 	16 	18.1 	.709 	.667 	2.000 	.000 	7.5 	0.0 	3.6 	10.3 	0.0 	0.0 	15.1 	19.1 	131 	118 	0.1 	0.0 	0.1 	.173
73 	Matt Carroll 	SG 	24 	CHA 	25 	430 	14.7 	.517 	.425 	.461 	.217 	3.3 	13.2 	8.0 	6.8 	2.1 	0.4 	10.4 	24.9 	104 	108 	0.4 	0.3 	0.7 	.078
74 	Anthony Carter 	PG 	29 	MIN 	66 	742 	11.3 	.454 	.412 	.288 	.096 	1.9 	8.4 	5.3 	32.2 	2.5 	1.7 	23.7 	16.4 	95 	106 	-0.3 	0.8 	0.5 	.034
75 	Vince Carter 	SF-SG 	28 	TOT 	77 	2828 	22.9 	.541 	.493 	.299 	.203 	4.4 	12.6 	8.4 	25.7 	2.1 	1.3 	8.8 	31.6 	109 	104 	5.9 	3.5 	9.4 	.159
76 	Sam Cassell 	PG 	35 	MIN 	59 	1522 	18.6 	.529 	.484 	.226 	.150 	2.0 	9.5 	5.9 	35.2 	1.3 	0.7 	12.6 	26.4 	109 	109 	2.8 	1.0 	3.8 	.119
77 	Kelvin Cato 	C 	30 	ORL 	62 	1525 	14.9 	.600 	.539 	.481 	.000 	7.6 	22.7 	15.3 	3.9 	1.8 	3.8 	15.1 	12.1 	116 	103 	2.1 	2.2 	4.3 	.137
78 	Lionel Chalmers 	PG 	24 	LAC 	36 	433 	6.5 	.409 	.384 	.192 	.392 	1.1 	7.3 	4.3 	18.6 	1.6 	0.0 	15.0 	17.0 	87 	110 	-0.5 	0.2 	-0.2 	-0.025
79 	Tyson Chandler 	C 	22 	CHI 	80 	2189 	16.4 	.565 	.494 	.802 	.005 	13.4 	26.1 	19.8 	4.8 	1.6 	4.8 	17.2 	14.0 	112 	94 	2.8 	5.5 	8.3 	.183
80 	Calbert Cheaney 	SG 	33 	GSW 	55 	951 	7.8 	.444 	.426 	.140 	.011 	3.5 	11.0 	7.1 	10.5 	0.9 	1.1 	11.1 	14.7 	94 	110 	-0.3 	0.5 	0.3 	.013
81 	Josh Childress 	SG 	21 	ATL 	80 	2376 	15.2 	.543 	.481 	.360 	.087 	9.1 	14.8 	11.8 	10.4 	1.6 	1.1 	12.5 	16.0 	113 	111 	3.7 	0.9 	4.6 	.093
82 	Doug Christie 	SG 	34 	TOT 	52 	1525 	9.9 	.471 	.414 	.235 	.187 	2.8 	10.1 	6.5 	18.3 	2.7 	0.8 	22.1 	13.6 	95 	108 	-0.4 	1.3 	0.9 	.030
83 	Speedy Claxton 	PG 	26 	TOT 	62 	1866 	15.8 	.493 	.430 	.416 	.100 	2.1 	9.1 	5.4 	33.1 	3.0 	0.3 	14.1 	20.1 	106 	107 	1.9 	1.8 	3.7 	.096
84 	Mateen Cleaves 	PG 	27 	SEA 	14 	65 	9.1 	.412 	.357 	.286 	.143 	3.8 	7.5 	5.6 	16.5 	1.7 	0.0 	11.3 	12.6 	102 	113 	0.0 	0.0 	0.0 	.029
85 	Derrick Coleman 	C 	37 	DET 	5 	50 	1.2 	.294 	.214 	.214 	.143 	7.1 	27.9 	17.6 	0.0 	0.0 	0.0 	11.5 	16.3 	70 	102 	-0.1 	0.1 	-0.1 	-0.049
86 	Jason Collier 	C 	27 	ATL 	70 	942 	11.0 	.494 	.471 	.189 	.037 	9.9 	13.0 	11.4 	3.4 	0.8 	1.1 	13.4 	22.4 	96 	113 	-0.1 	0.1 	0.0 	.000
87 	Jarron Collins 	C 	26 	UTA 	50 	961 	8.0 	.509 	.414 	.758 	.006 	7.2 	14.2 	10.6 	9.8 	0.6 	0.5 	14.0 	11.7 	109 	112 	0.9 	0.3 	1.1 	.057
88 	Jason Collins 	C 	26 	NJN 	80 	2542 	8.6 	.471 	.415 	.463 	.013 	7.1 	16.1 	11.5 	6.7 	1.5 	2.3 	14.4 	11.7 	99 	103 	0.2 	3.7 	3.9 	.073
89 	Nick Collison 	C 	24 	SEA 	82 	1396 	15.0 	.570 	.537 	.333 	.008 	13.7 	19.2 	16.5 	3.9 	1.3 	2.8 	13.3 	15.5 	117 	107 	2.7 	1.2 	3.9 	.135
90 	Brian Cook 	C 	24 	LAL 	72 	1087 	14.1 	.522 	.509 	.088 	.472 	6.6 	15.8 	11.2 	5.7 	1.1 	1.8 	6.2 	19.4 	111 	111 	1.5 	0.5 	2.0 	.088
91 	Omar Cook 	PG 	23 	TOR 	5 	74 	17.0 	.432 	.417 	.250 	.167 	3.0 	7.8 	5.4 	48.7 	4.2 	1.0 	18.4 	20.2 	99 	105 	0.0 	0.1 	0.1 	.067
92 	Jamal Crawford 	SG 	24 	NYK 	70 	2688 	15.2 	.521 	.483 	.197 	.467 	1.4 	7.5 	4.4 	19.2 	1.8 	0.5 	11.0 	22.8 	106 	111 	3.1 	1.1 	4.2 	.075
93 	Austin Croshere 	PF 	29 	IND 	73 	1827 	13.5 	.531 	.424 	.515 	.350 	6.8 	17.5 	12.2 	9.5 	1.4 	0.7 	14.6 	18.7 	106 	105 	1.8 	2.2 	4.1 	.107
94 	Eddy Curry 	C 	22 	CHI 	63 	1808 	16.3 	.583 	.538 	.430 	.000 	7.2 	13.6 	10.5 	4.1 	0.6 	2.4 	15.8 	25.5 	103 	102 	1.5 	2.8 	4.3 	.115
95 	Michael Curry 	SF 	36 	IND 	18 	249 	5.1 	.461 	.448 	.276 	.000 	3.9 	9.0 	6.5 	9.7 	1.1 	1.2 	13.3 	7.2 	104 	108 	0.1 	0.2 	0.3 	.057
96 	Samuel Dalembert 	C 	23 	PHI 	72 	1785 	14.4 	.543 	.524 	.310 	.000 	11.6 	22.6 	17.1 	3.3 	1.3 	5.3 	17.4 	16.3 	102 	100 	0.8 	3.1 	3.9 	.104
97 	Erick Dampier 	C 	29 	DAL 	59 	1609 	15.2 	.580 	.550 	.621 	.008 	13.0 	21.7 	17.4 	4.9 	0.5 	3.7 	17.9 	15.8 	111 	103 	2.3 	2.3 	4.5 	.135
98 	Antonio Daniels 	PG 	29 	SEA 	75 	2026 	18.0 	.557 	.478 	.488 	.265 	1.2 	9.0 	5.1 	25.6 	1.4 	0.1 	9.3 	19.0 	124 	113 	6.3 	0.5 	6.8 	.160
99 	Erik Daniels 	SF 	22 	SAC 	21 	72 	4.6 	.361 	.361 	.000 	.111 	10.9 	17.1 	14.0 	7.7 	1.4 	0.0 	25.0 	14.8 	77 	109 	-0.1 	0.1 	-0.1 	-0.061
100 	Marquis Daniels 	SG 	24 	DAL 	60 	1412 	14.6 	.484 	.443 	.264 	.069 	7.0 	10.0 	8.6 	14.6 	3.0 	0.7 	13.3 	20.6 	101 	104 	0.7 	1.9 	2.5 	.086
101 	Antonio Davis 	PF 	36 	CHI 	72 	1843 	11.1 	.516 	.461 	.363 	.000 	9.3 	16.6 	13.0 	7.1 	0.8 	1.7 	16.5 	14.1 	103 	101 	0.9 	3.0 	3.9 	.101
102 	Baron Davis 	PG 	25 	TOT 	46 	1581 	20.8 	.515 	.465 	.323 	.471 	2.2 	10.6 	6.2 	42.0 	2.7 	0.7 	13.2 	28.2 	108 	107 	2.8 	1.5 	4.4 	.132
103 	Dale Davis 	C 	35 	TOT 	61 	1307 	13.4 	.512 	.479 	.423 	.000 	13.3 	19.8 	16.5 	5.8 	1.3 	3.7 	13.4 	11.3 	113 	103 	1.6 	1.8 	3.4 	.126
104 	Josh Davis 	PF 	24 	PHI 	42 	328 	11.4 	.494 	.464 	.153 	.477 	9.8 	17.4 	13.5 	6.0 	1.2 	1.0 	11.2 	18.0 	102 	105 	0.2 	0.4 	0.5 	.079
105 	Ricky Davis 	SG 	25 	BOS 	82 	2696 	15.0 	.547 	.491 	.337 	.173 	2.9 	7.8 	5.4 	15.5 	1.7 	0.8 	14.6 	23.4 	104 	110 	2.5 	1.7 	4.2 	.074
106 	Andrew DeClercq 	C 	31 	ORL 	8 	49 	5.6 	.436 	.444 	.333 	.000 	16.2 	6.8 	11.4 	0.0 	2.1 	0.0 	8.8 	10.1 	107 	109 	0.0 	0.0 	0.1 	.061
107 	Carlos Delfino 	SG 	22 	DET 	30 	459 	8.6 	.431 	.397 	.342 	.299 	3.3 	10.6 	7.0 	13.3 	2.6 	1.0 	14.6 	16.1 	91 	101 	-0.3 	0.8 	0.5 	.048
108 	Tony Delk 	SG 	31 	ATL 	56 	1340 	15.1 	.512 	.477 	.230 	.342 	2.3 	9.3 	5.6 	13.9 	1.8 	0.2 	7.7 	23.6 	108 	113 	1.8 	0.3 	2.1 	.074
109 	Luol Deng 	SF 	19 	CHI 	61 	1663 	14.2 	.496 	.458 	.251 	.181 	6.2 	15.4 	10.8 	14.8 	1.5 	1.2 	14.1 	22.4 	98 	100 	0.1 	2.9 	3.0 	.086
110 	Boris Diaw 	SG 	22 	ATL 	66 	1201 	10.0 	.479 	.437 	.262 	.170 	5.0 	11.8 	8.2 	19.5 	1.6 	1.2 	21.0 	15.5 	95 	112 	-0.3 	0.4 	0.1 	.005
111 	Dan Dickau 	PG 	26 	TOT 	71 	2090 	14.9 	.518 	.461 	.302 	.324 	1.9 	8.6 	5.1 	31.0 	2.0 	0.2 	14.5 	22.3 	105 	109 	2.2 	1.3 	3.5 	.079
112 	Kaniel Dickens 	SF 	26 	NJN 	11 	61 	6.7 	.437 	.393 	.143 	.643 	5.8 	12.0 	8.9 	2.6 	1.8 	1.3 	11.8 	13.0 	91 	104 	0.0 	0.1 	0.0 	.036
113 	DeSagana Diop 	C 	23 	CLE 	39 	306 	6.3 	.281 	.290 	.072 	.029 	11.3 	15.8 	13.5 	7.1 	1.4 	6.6 	14.4 	12.3 	77 	103 	-0.5 	0.4 	0.0 	-0.006
114 	Vlade Divac 	C 	36 	LAL 	15 	130 	10.5 	.469 	.419 	.387 	.000 	15.7 	12.1 	13.9 	23.1 	1.6 	0.6 	27.8 	17.5 	97 	112 	0.0 	0.0 	0.0 	.013
115 	Juan Dixon 	SG 	26 	WAS 	63 	1054 	15.2 	.518 	.470 	.217 	.329 	3.3 	9.6 	6.3 	18.4 	2.1 	0.3 	12.2 	23.1 	106 	109 	1.3 	0.7 	2.0 	.089
116 	Michael Doleac 	C 	27 	MIA 	80 	1175 	9.7 	.460 	.447 	.124 	.006 	7.7 	17.7 	12.9 	6.2 	1.0 	1.4 	9.3 	15.3 	100 	103 	0.2 	1.6 	1.9 	.076
117 	Keyon Dooling 	PG 	24 	MIA 	74 	1184 	10.1 	.486 	.430 	.316 	.217 	1.1 	7.5 	4.4 	17.0 	1.7 	0.7 	14.2 	18.0 	99 	106 	0.2 	1.3 	1.5 	.061
118 	Predrag Drobnjak 	C 	29 	ATL 	71 	1435 	12.7 	.501 	.461 	.221 	.131 	5.6 	14.1 	9.7 	5.9 	1.5 	1.3 	11.6 	21.0 	100 	112 	0.4 	0.5 	1.0 	.032
119 	Chris Duhon 	PG 	22 	CHI 	82 	2177 	9.8 	.471 	.449 	.137 	.543 	1.2 	9.7 	5.5 	28.6 	2.0 	0.1 	18.7 	13.1 	102 	102 	0.8 	3.3 	4.1 	.090
120 	Tim Duncan 	PF 	28 	SAS 	66 	2203 	27.0 	.540 	.498 	.437 	.009 	10.7 	28.2 	19.4 	16.1 	1.1 	5.7 	9.3 	28.9 	112 	93 	5.5 	5.7 	11.2 	.245
121 	Mike Dunleavy 	SF 	24 	GSW 	79 	2570 	14.5 	.539 	.510 	.190 	.305 	3.9 	15.0 	9.2 	13.1 	1.6 	0.7 	11.9 	19.1 	107 	107 	2.7 	2.2 	4.9 	.091
122 	Ronald Dupree 	SF 	24 	DET 	47 	472 	11.8 	.515 	.484 	.370 	.016 	8.5 	15.0 	11.8 	8.7 	0.8 	1.6 	13.0 	16.9 	105 	103 	0.4 	0.7 	1.0 	.104
123 	Ndudi Ebi 	SG 	20 	MIN 	2 	54 	17.8 	.541 	.524 	.429 	.048 	13.3 	20.3 	16.9 	3.3 	1.0 	1.3 	10.7 	24.0 	107 	105 	0.1 	0.1 	0.1 	.116
124 	Corsley Edwards 	C 	25 	NOH 	10 	110 	8.6 	.372 	.323 	.387 	.000 	12.4 	14.6 	13.5 	4.6 	1.5 	2.9 	5.2 	16.2 	93 	107 	0.0 	0.1 	0.1 	.026
125 	John Edwards 	C 	23 	IND 	25 	139 	5.1 	.401 	.367 	.467 	.000 	7.0 	9.3 	8.2 	3.7 	1.2 	2.2 	18.1 	15.2 	80 	107 	-0.2 	0.1 	-0.1 	-0.035
126 	Howard Eisley 	PG 	32 	UTA 	74 	1428 	9.3 	.470 	.431 	.205 	.254 	1.3 	6.7 	3.9 	29.1 	1.7 	0.5 	20.1 	17.8 	95 	112 	-0.4 	0.4 	0.0 	.000
127 	Obinna Ekezie 	C 	29 	ATL 	42 	732 	10.4 	.516 	.434 	.511 	.005 	10.4 	18.4 	14.2 	2.4 	1.6 	1.3 	16.8 	16.4 	101 	110 	0.3 	0.4 	0.7 	.043
128 	Francisco Elson 	C 	28 	DEN 	67 	939 	10.7 	.494 	.470 	.366 	.014 	7.5 	17.1 	12.3 	5.5 	1.9 	3.3 	13.8 	13.8 	100 	102 	0.2 	1.4 	1.6 	.081
129 	Melvin Ely 	PF 	26 	CHA 	79 	1649 	10.5 	.465 	.432 	.403 	.000 	9.3 	13.5 	11.3 	7.6 	1.0 	3.1 	15.7 	19.7 	92 	109 	-1.1 	1.2 	0.1 	.004
130 	Andre Emmett 	SG 	22 	MEM 	8 	28 	0.9 	.427 	.333 	.833 	.000 	0.0 	8.5 	4.3 	0.0 	0.0 	0.0 	10.9 	15.5 	82 	110 	0.0 	0.0 	0.0 	-0.038
131 	Maurice Evans 	SG 	26 	SAC 	65 	1233 	12.1 	.511 	.479 	.209 	.220 	8.0 	10.2 	9.1 	5.4 	1.5 	0.5 	7.7 	15.9 	110 	110 	1.5 	0.6 	2.1 	.081
132 	Reggie Evans 	PF 	24 	SEA 	79 	1881 	13.0 	.512 	.476 	.851 	.007 	16.6 	31.2 	23.9 	4.7 	1.7 	0.6 	21.6 	11.8 	107 	105 	1.5 	2.3 	3.8 	.096
133 	Michael Finley 	SG 	31 	DAL 	64 	2358 	14.3 	.519 	.491 	.150 	.314 	2.2 	10.1 	6.2 	11.7 	1.1 	0.6 	5.8 	19.5 	111 	108 	3.6 	1.9 	5.5 	.112
134 	Derek Fisher 	PG 	30 	GSW 	74 	2222 	13.4 	.519 	.465 	.269 	.385 	1.8 	9.2 	5.3 	21.6 	1.8 	0.1 	13.3 	19.4 	106 	109 	2.3 	1.4 	3.7 	.080
135 	Marcus Fizer 	PF 	26 	MIL 	54 	903 	11.6 	.498 	.455 	.353 	.021 	3.7 	19.2 	11.4 	11.8 	1.5 	1.1 	15.7 	20.2 	95 	108 	-0.2 	0.7 	0.4 	.023
136 	Luis Flores 	PG 	23 	TOT 	16 	77 	10.1 	.586 	.569 	.069 	.345 	1.5 	3.0 	2.2 	24.5 	1.3 	0.0 	26.9 	23.5 	93 	112 	-0.1 	0.0 	0.0 	-0.020
137 	Danny Fortson 	C 	28 	SEA 	62 	1047 	17.0 	.682 	.522 	1.142 	.000 	18.4 	22.2 	20.3 	1.2 	0.8 	0.5 	21.1 	19.0 	125 	109 	3.6 	0.7 	4.3 	.197
138 	Jeff Foster 	C 	28 	IND 	61 	1594 	15.4 	.551 	.519 	.438 	.015 	15.6 	25.4 	20.6 	4.8 	1.6 	0.6 	12.5 	13.3 	118 	102 	2.9 	2.5 	5.4 	.162
139 	Tremaine Fowlkes 	SF 	28 	IND 	8 	56 	7.5 	.531 	.559 	.118 	.176 	6.5 	10.5 	8.5 	0.0 	2.0 	0.0 	21.9 	19.6 	84 	106 	-0.1 	0.1 	0.0 	-0.028
140 	Adonal Foyle 	C 	29 	GSW 	78 	1700 	12.7 	.514 	.502 	.232 	.000 	10.1 	17.7 	13.7 	4.9 	0.8 	6.7 	14.5 	10.4 	108 	104 	1.2 	2.2 	3.4 	.096
141 	Richie Frahm 	SG 	27 	POR 	43 	499 	12.4 	.543 	.511 	.179 	.571 	4.1 	9.8 	7.1 	9.7 	1.6 	0.6 	8.5 	15.2 	114 	110 	0.7 	0.3 	1.0 	.097
142 	Steve Francis 	PG 	27 	ORL 	78 	2978 	18.9 	.521 	.438 	.456 	.095 	4.8 	12.0 	8.5 	31.6 	1.9 	0.7 	16.6 	28.0 	105 	108 	3.9 	2.3 	6.2 	.100
143 	Matt Freije 	PF 	23 	NOH 	23 	441 	4.1 	.356 	.346 	.063 	.425 	4.1 	12.6 	8.2 	7.6 	1.6 	0.4 	11.5 	15.5 	78 	109 	-0.8 	0.3 	-0.5 	-0.052
144 	Lawrence Funderburke 	PF 	34 	CHI 	2 	21 	13.1 	.549 	.500 	.833 	.000 	5.4 	10.6 	8.0 	0.0 	0.0 	0.0 	0.0 	17.5 	121 	106 	0.0 	0.0 	0.1 	.161
145 	Dan Gadzuric 	C 	26 	MIL 	81 	1783 	18.1 	.551 	.539 	.441 	.000 	17.0 	27.4 	22.2 	2.7 	1.4 	4.4 	13.1 	15.8 	113 	104 	2.8 	2.4 	5.2 	.140
146 	Reece Gaines 	PG 	24 	TOT 	21 	187 	3.5 	.396 	.380 	.080 	.280 	0.6 	8.0 	4.4 	5.8 	1.4 	0.4 	11.9 	14.6 	79 	108 	-0.3 	0.1 	-0.1 	-0.034
147 	Alex Garcia 	SG 	24 	NOH 	8 	146 	8.4 	.409 	.394 	.077 	.346 	5.5 	6.8 	6.1 	22.1 	1.5 	0.6 	13.0 	19.7 	91 	111 	-0.1 	0.1 	-0.1 	-0.018
148 	Kevin Garnett 	PF 	28 	MIN 	82 	3121 	28.2 	.567 	.504 	.404 	.018 	9.5 	30.2 	20.3 	27.1 	2.1 	2.6 	12.2 	27.1 	117 	99 	10.1 	6.0 	16.1 	.248
149 	Pat Garrity 	PF 	28 	ORL 	71 	955 	9.1 	.505 	.482 	.108 	.480 	2.5 	11.9 	7.3 	4.9 	1.0 	0.7 	8.6 	16.0 	104 	110 	0.5 	0.5 	1.1 	.054
150 	Pau Gasol 	PF 	24 	MEM 	56 	1790 	22.5 	.582 	.514 	.528 	.009 	8.7 	18.7 	13.7 	14.7 	1.1 	4.1 	13.8 	26.2 	112 	102 	4.1 	2.8 	6.8 	.184
151 	Devean George 	SF 	27 	LAL 	15 	306 	10.7 	.488 	.457 	.192 	.558 	4.8 	14.6 	9.8 	7.5 	1.4 	0.5 	9.6 	18.4 	103 	112 	0.2 	0.1 	0.3 	.041
152 	Eddie Gill 	PG 	26 	IND 	73 	1021 	9.5 	.484 	.409 	.335 	.483 	1.9 	11.0 	6.5 	13.8 	3.2 	0.4 	17.8 	15.8 	95 	103 	-0.3 	1.4 	1.1 	.053
153 	Kendall Gill 	SG 	36 	MIL 	14 	284 	12.2 	.479 	.419 	.250 	.113 	4.5 	10.8 	7.6 	14.9 	2.6 	1.0 	9.2 	15.7 	107 	108 	0.3 	0.2 	0.5 	.079
154 	Manu Ginobili 	SG 	27 	SAS 	74 	2193 	22.3 	.609 	.533 	.567 	.331 	4.0 	13.6 	8.8 	23.0 	2.9 	0.9 	15.0 	24.3 	117 	98 	6.4 	4.6 	11.0 	.240
155 	Gordan Giricek 	SG 	27 	UTA 	81 	1660 	12.9 	.516 	.478 	.217 	.166 	1.8 	12.1 	6.8 	15.2 	1.5 	0.6 	11.5 	21.7 	103 	111 	1.1 	0.7 	1.8 	.053
156 	Dion Glover 	SG 	26 	SAS 	7 	68 	14.0 	.473 	.386 	.455 	.364 	5.2 	13.8 	9.5 	9.5 	2.4 	3.2 	7.0 	19.4 	106 	97 	0.1 	0.1 	0.2 	.150
157 	Anthony Goldwire 	PG 	33 	TOT 	33 	537 	15.1 	.575 	.537 	.228 	.588 	2.2 	10.8 	6.4 	22.7 	1.5 	0.0 	9.1 	14.0 	125 	111 	1.3 	0.2 	1.5 	.138
158 	Drew Gooden 	PF 	23 	CLE 	82 	2523 	19.7 	.548 	.495 	.329 	.030 	9.5 	26.1 	17.6 	9.1 	1.6 	2.2 	11.0 	21.7 	112 	102 	4.7 	3.8 	8.5 	.163
159 	Ben Gordon 	SG 	21 	CHI 	82 	2002 	14.9 	.526 	.474 	.256 	.313 	3.1 	8.9 	6.0 	16.3 	1.4 	0.4 	13.7 	30.4 	100 	103 	0.8 	2.7 	3.5 	.084
160 	Brian Grant 	C 	32 	LAL 	69 	1136 	10.0 	.539 	.493 	.378 	.000 	10.1 	15.4 	12.8 	4.7 	1.1 	1.5 	15.0 	11.4 	112 	111 	1.2 	0.4 	1.6 	.068
161 	Willie Green 	SG 	23 	PHI 	57 	1066 	9.6 	.457 	.402 	.296 	.248 	2.3 	11.9 	7.0 	15.7 	1.6 	0.4 	13.6 	23.0 	91 	106 	-0.9 	1.1 	0.1 	.007
162 	Adrian Griffin 	SF 	30 	CHI 	69 	667 	10.7 	.419 	.366 	.273 	.056 	8.8 	15.7 	12.2 	12.6 	3.3 	0.4 	14.3 	14.1 	96 	97 	-0.1 	1.4 	1.3 	.095
163 	Eddie Griffin 	PF 	22 	MIN 	70 	1492 	15.9 	.474 	.451 	.149 	.391 	10.3 	23.8 	17.3 	5.6 	0.8 	5.7 	9.0 	19.0 	102 	101 	0.8 	2.4 	3.2 	.102
164 	Tom Gugliotta 	PF 	35 	TOT 	47 	966 	9.9 	.460 	.427 	.178 	.108 	6.6 	16.9 	11.5 	11.0 	2.2 	1.3 	18.0 	14.7 	93 	108 	-0.4 	0.7 	0.4 	.018
165 	Marcus Haislip 	PF 	24 	IND 	9 	106 	4.0 	.373 	.342 	.289 	.026 	5.7 	11.1 	8.4 	5.2 	1.0 	1.4 	12.3 	22.1 	77 	107 	-0.3 	0.1 	-0.2 	-0.081
166 	Darvin Ham 	SF 	31 	DET 	47 	275 	5.6 	.454 	.459 	.838 	.000 	8.2 	6.8 	7.5 	2.8 	1.2 	1.9 	13.6 	10.0 	96 	105 	0.0 	0.3 	0.3 	.055
167 	Richard Hamilton 	SG 	26 	DET 	76 	2926 	16.0 	.528 	.455 	.370 	.102 	3.0 	8.8 	5.9 	23.5 	1.4 	0.3 	13.9 	25.1 	106 	105 	3.9 	3.5 	7.4 	.121
168 	Zendon Hamilton 	C 	29 	MIL 	16 	159 	10.4 	.480 	.344 	1.500 	.000 	13.2 	17.9 	15.5 	5.5 	1.7 	0.9 	18.4 	18.6 	98 	108 	0.0 	0.1 	0.1 	.038
169 	Ben Handlogten 	C 	31 	UTA 	21 	297 	10.3 	.525 	.518 	.205 	.012 	9.3 	18.0 	13.6 	7.7 	1.3 	1.4 	16.6 	16.8 	99 	109 	0.1 	0.2 	0.3 	.041
170 	Anfernee Hardaway 	SF 	33 	NYK 	37 	894 	9.0 	.480 	.452 	.177 	.192 	2.5 	9.3 	5.8 	13.2 	1.7 	0.3 	15.1 	16.9 	95 	111 	-0.2 	0.4 	0.2 	.009
171 	Matt Harpring 	SF 	28 	UTA 	78 	2584 	15.5 	.549 	.494 	.368 	.050 	9.2 	14.0 	11.5 	9.9 	1.5 	0.5 	11.8 	20.1 	111 	111 	4.2 	1.2 	5.5 	.102
172 	Al Harrington 	SF 	24 	ATL 	66 	2550 	14.4 	.508 	.468 	.356 	.075 	6.3 	15.2 	10.5 	14.5 	1.8 	0.5 	15.2 	23.6 	99 	111 	0.6 	1.0 	1.6 	.030
173 	Junior Harrington 	SG 	24 	NOH 	29 	550 	7.7 	.421 	.376 	.197 	.107 	2.7 	11.2 	6.8 	19.9 	2.5 	0.7 	17.5 	19.8 	85 	107 	-0.8 	0.5 	-0.3 	-0.028
174 	Othella Harrington 	PF 	31 	CHI 	70 	1271 	14.5 	.559 	.512 	.417 	.000 	9.4 	16.3 	12.8 	8.0 	1.0 	1.1 	14.3 	20.6 	107 	101 	1.5 	2.1 	3.6 	.135
175 	Devin Harris 	PG 	21 	DAL 	76 	1173 	14.7 	.530 	.489 	.281 	.358 	2.7 	6.9 	4.9 	22.5 	3.4 	1.2 	16.6 	18.8 	106 	104 	1.1 	1.6 	2.7 	.111
176 	Lucious Harris 	SG 	34 	CLE 	73 	1128 	9.0 	.475 	.430 	.231 	.217 	4.0 	8.8 	6.3 	6.7 	1.3 	0.4 	8.1 	14.4 	104 	110 	0.6 	0.7 	1.3 	.055
177 	David Harrison 	C 	22 	IND 	43 	760 	12.9 	.589 	.576 	.495 	.000 	7.7 	13.4 	10.6 	3.2 	1.2 	5.5 	19.1 	17.5 	102 	103 	0.3 	1.1 	1.4 	.090
178 	Jason Hart 	PG 	26 	CHA 	74 	1887 	16.9 	.534 	.479 	.349 	.166 	1.0 	11.8 	6.1 	32.0 	2.7 	0.6 	13.4 	17.9 	112 	107 	3.1 	1.7 	4.8 	.121
179 	Donnell Harvey 	PF 	24 	NJN 	3 	16 	35.2 	1.064 	1.000 	2.000 	.000 	14.8 	38.1 	26.3 	11.0 	3.4 	5.1 	21.0 	14.0 	175 	90 	0.1 	0.0 	0.2 	.484
180 	Udonis Haslem 	PF 	24 	MIA 	80 	2675 	15.5 	.588 	.540 	.351 	.006 	10.9 	20.4 	15.8 	6.3 	1.2 	1.1 	13.2 	14.9 	118 	102 	5.2 	4.0 	9.2 	.165
181 	Trenton Hassell 	SG 	25 	MIN 	82 	2068 	9.3 	.515 	.475 	.240 	.023 	4.6 	7.4 	6.0 	9.4 	0.8 	1.0 	10.9 	13.2 	108 	111 	1.7 	1.0 	2.7 	.063
182 	Jarvis Hayes 	SF 	23 	WAS 	54 	1560 	11.1 	.475 	.428 	.223 	.232 	2.9 	13.9 	8.2 	9.3 	1.6 	0.4 	9.6 	18.0 	101 	109 	0.6 	1.1 	1.7 	.051
183 	Brendan Haywood 	C 	25 	WAS 	68 	1865 	16.5 	.588 	.560 	.611 	.000 	11.8 	16.4 	14.0 	4.9 	1.4 	4.5 	15.1 	14.9 	115 	106 	3.2 	2.0 	5.2 	.134
184 	Alan Henderson 	PF 	32 	DAL 	78 	1203 	12.4 	.539 	.527 	.345 	.009 	15.6 	16.8 	16.2 	2.6 	1.2 	2.3 	16.2 	11.3 	114 	104 	1.5 	1.5 	3.1 	.122
185 	Nene Hilario 	C 	22 	DEN 	55 	1317 	15.6 	.551 	.503 	.549 	.005 	9.2 	19.2 	14.2 	10.3 	1.9 	2.7 	16.4 	19.4 	105 	102 	1.2 	2.1 	3.2 	.118
186 	Grant Hill 	SF 	32 	ORL 	67 	2338 	20.0 	.565 	.511 	.336 	.013 	3.7 	11.4 	7.6 	17.1 	2.1 	0.9 	12.1 	24.8 	111 	108 	4.7 	1.9 	6.6 	.136
187 	Kirk Hinrich 	PG 	24 	CHI 	77 	2800 	15.3 	.495 	.461 	.193 	.364 	1.3 	10.8 	6.1 	31.5 	2.3 	0.6 	12.6 	22.3 	104 	101 	2.5 	4.7 	7.2 	.124
188 	Fred Hoiberg 	SG 	32 	MIN 	76 	1272 	16.7 	.664 	.613 	.359 	.511 	3.0 	12.8 	8.1 	10.1 	2.1 	0.8 	5.7 	12.7 	138 	106 	3.9 	1.3 	5.2 	.196
189 	Robert Horry 	PF 	34 	SAS 	75 	1396 	14.9 	.533 	.487 	.291 	.368 	7.6 	14.8 	11.2 	9.2 	2.6 	3.1 	14.0 	16.4 	108 	96 	1.4 	3.1 	4.6 	.157
190 	Eddie House 	PG-SG 	26 	TOT 	68 	891 	15.8 	.525 	.511 	.074 	.265 	2.0 	8.6 	5.2 	17.9 	2.6 	0.5 	8.5 	20.6 	109 	109 	1.2 	0.6 	1.8 	.097
191 	Allan Houston 	SG 	33 	NYK 	20 	532 	12.5 	.529 	.490 	.210 	.390 	0.9 	4.2 	2.5 	13.4 	0.8 	0.3 	8.6 	21.0 	108 	114 	0.7 	0.0 	0.7 	.064
192 	Dwight Howard 	PF 	19 	ORL 	82 	2670 	17.2 	.571 	.520 	.610 	.003 	12.2 	22.2 	17.3 	4.4 	1.5 	3.6 	16.1 	16.7 	111 	104 	3.8 	3.5 	7.3 	.131
193 	Josh Howard 	SF 	24 	DAL 	76 	2446 	15.8 	.535 	.497 	.293 	.145 	7.9 	14.1 	11.1 	7.2 	2.5 	1.5 	12.0 	18.6 	108 	103 	3.0 	3.4 	6.4 	.126
194 	Juwan Howard 	PF 	31 	HOU 	61 	1624 	13.0 	.494 	.451 	.213 	.002 	9.3 	15.4 	12.4 	10.2 	1.1 	0.2 	11.8 	19.5 	103 	104 	1.0 	2.2 	3.2 	.094
195 	Troy Hudson 	PG 	28 	MIN 	79 	1729 	12.1 	.491 	.468 	.136 	.389 	1.3 	5.4 	3.5 	26.5 	0.8 	0.2 	13.8 	21.9 	101 	112 	0.7 	0.6 	1.3 	.036
196 	Larry Hughes 	SG 	26 	WAS 	61 	2358 	21.6 	.523 	.457 	.417 	.192 	3.4 	15.2 	9.1 	21.9 	3.8 	0.6 	10.6 	26.6 	110 	104 	4.6 	3.1 	7.7 	.157
197 	Ryan Humphrey 	SF 	25 	MEM 	35 	317 	10.2 	.428 	.408 	.359 	.019 	19.0 	13.9 	16.5 	3.3 	1.7 	0.2 	16.2 	21.2 	91 	105 	-0.3 	0.4 	0.1 	.013
198 	Kris Humphries 	PF 	19 	UTA 	67 	873 	9.5 	.419 	.408 	.352 	.021 	10.1 	18.1 	14.0 	8.5 	1.6 	1.7 	13.6 	20.2 	88 	108 	-1.0 	0.7 	-0.3 	-0.019
199 	Brandon Hunter 	PF 	24 	ORL 	31 	224 	12.2 	.527 	.507 	.534 	.000 	12.7 	21.7 	17.3 	2.2 	0.9 	2.2 	19.6 	21.9 	95 	106 	-0.1 	0.2 	0.2 	.036
200 	Lindsey Hunter 	SG 	34 	DET 	76 	1144 	9.6 	.435 	.396 	.192 	.278 	3.9 	8.6 	6.3 	18.3 	3.3 	0.9 	17.2 	16.2 	93 	100 	-0.6 	2.0 	1.4 	.058
201 	Steven Hunter 	C 	23 	PHO 	76 	1046 	14.7 	.596 	.614 	.741 	.005 	10.5 	12.6 	11.6 	1.7 	0.2 	6.4 	13.1 	14.0 	116 	107 	1.7 	1.0 	2.6 	.121
202 	Andre Iguodala 	SG 	21 	PHI 	82 	2686 	13.5 	.580 	.536 	.385 	.260 	3.7 	15.9 	9.7 	14.3 	2.6 	1.4 	17.9 	12.8 	110 	102 	2.7 	4.0 	6.6 	.118
203 	Zydrunas Ilgauskas 	C 	29 	CLE 	78 	2615 	19.5 	.550 	.469 	.514 	.007 	13.2 	17.2 	15.2 	6.6 	1.1 	4.7 	13.7 	24.1 	110 	104 	4.8 	3.3 	8.1 	.149
204 	Didier Ilunga-Mbenga 	C 	24 	DAL 	15 	58 	3.8 	.476 	.429 	.286 	.000 	5.9 	9.4 	7.7 	0.0 	0.0 	6.4 	24.1 	16.0 	81 	106 	-0.1 	0.1 	0.0 	-0.029
205 	Allen Iverson 	PG 	29 	PHI 	75 	3174 	23.2 	.532 	.453 	.432 	.186 	1.8 	8.9 	5.3 	37.6 	2.9 	0.2 	13.7 	35.0 	105 	105 	5.3 	3.7 	9.0 	.136
206 	Royal Ivey 	PG 	23 	ATL 	62 	809 	8.9 	.484 	.437 	.338 	.045 	2.6 	9.9 	6.0 	20.0 	2.5 	0.7 	20.3 	15.8 	95 	111 	-0.2 	0.4 	0.2 	.009
207 	Bobby Jackson 	SG 	31 	SAC 	25 	536 	18.0 	.537 	.492 	.227 	.376 	4.8 	12.9 	8.9 	18.2 	1.3 	0.3 	9.1 	25.6 	111 	110 	1.1 	0.3 	1.4 	.126
208 	Jermaine Jackson 	SG 	28 	NYK 	21 	230 	8.0 	.542 	.515 	.394 	.061 	1.5 	10.3 	5.9 	15.5 	1.6 	0.3 	20.5 	9.7 	105 	111 	0.1 	0.1 	0.2 	.046
209 	Jim Jackson 	SF 	34 	TOT 	64 	1987 	10.9 	.553 	.531 	.100 	.507 	1.9 	12.7 	7.5 	14.1 	0.9 	0.2 	15.9 	16.5 	105 	107 	1.4 	1.8 	3.2 	.077
210 	Luke Jackson 	SF 	23 	CLE 	10 	43 	16.3 	.489 	.444 	.222 	.222 	5.4 	11.2 	8.2 	13.4 	0.0 	0.0 	6.3 	33.3 	105 	112 	0.1 	0.0 	0.1 	.085
211 	Marc Jackson 	C 	30 	PHI 	81 	1976 	15.9 	.548 	.465 	.477 	.003 	10.4 	12.8 	11.6 	7.2 	0.8 	0.7 	12.9 	22.7 	108 	108 	2.9 	1.7 	4.6 	.111
212 	Stephen Jackson 	SF 	26 	IND 	51 	1806 	15.9 	.518 	.466 	.280 	.349 	3.0 	13.4 	8.3 	13.5 	2.0 	0.6 	11.8 	27.7 	101 	105 	1.0 	2.1 	3.1 	.082
213 	Casey Jacobsen 	SG-SF 	23 	TOT 	84 	1798 	10.3 	.555 	.485 	.471 	.434 	2.2 	8.5 	5.3 	9.9 	1.0 	0.3 	12.6 	14.2 	111 	112 	2.0 	0.7 	2.7 	.071
214 	Jerome James 	C 	29 	SEA 	80 	1330 	10.0 	.533 	.509 	.190 	.006 	7.5 	14.7 	11.1 	2.4 	0.9 	6.5 	19.2 	15.9 	97 	107 	0.0 	1.3 	1.2 	.044
215 	LeBron James 	SF 	20 	CLE 	80 	3388 	25.7 	.554 	.504 	.378 	.183 	3.8 	17.0 	10.2 	32.9 	2.8 	1.1 	11.8 	29.7 	114 	103 	9.7 	4.6 	14.3 	.203
216 	Mike James 	PG 	29 	TOT 	74 	1859 	16.6 	.534 	.507 	.193 	.345 	2.2 	10.8 	6.6 	25.2 	1.9 	0.2 	11.5 	22.8 	108 	108 	2.8 	1.5 	4.3 	.110
217 	Antawn Jamison 	PF 	28 	WAS 	68 	2605 	16.9 	.506 	.466 	.249 	.175 	6.7 	16.1 	11.2 	10.7 	1.1 	0.5 	8.2 	24.1 	108 	109 	3.8 	1.7 	5.4 	.100
218 	Marko Jaric 	PG 	26 	LAC 	50 	1656 	13.9 	.500 	.475 	.179 	.330 	1.5 	9.9 	5.8 	29.7 	2.7 	0.8 	16.6 	16.5 	104 	106 	1.1 	1.7 	2.8 	.080
219 	Al Jefferson 	PF 	20 	BOS 	71 	1051 	16.6 	.554 	.528 	.366 	.008 	13.5 	21.0 	17.3 	3.9 	1.1 	3.9 	13.3 	21.2 	108 	104 	1.3 	1.4 	2.7 	.123
220 	Richard Jefferson 	SF 	24 	NJN 	33 	1355 	16.6 	.537 	.449 	.477 	.158 	4.3 	17.2 	10.7 	19.0 	1.3 	1.0 	16.2 	28.2 	100 	104 	0.6 	1.8 	2.4 	.086
221 	Jared Jeffries 	SF 	23 	WAS 	77 	2007 	11.2 	.513 	.486 	.399 	.118 	8.2 	12.9 	10.5 	11.6 	1.7 	1.3 	18.3 	13.6 	104 	108 	1.1 	1.5 	2.6 	.063
222 	Horace Jenkins 	PG 	30 	DET 	15 	104 	10.2 	.414 	.333 	.289 	.200 	3.4 	6.7 	5.1 	15.2 	2.6 	0.7 	12.1 	26.1 	89 	103 	-0.1 	0.2 	0.0 	.006
223 	Britton Johnsen 	SF 	25 	IND 	6 	87 	0.4 	.273 	.273 	.000 	.182 	7.0 	6.7 	6.9 	7.6 	0.6 	0.0 	12.0 	13.8 	70 	110 	-0.2 	0.0 	-0.2 	-0.087
224 	Anthony Johnson 	PG 	30 	IND 	63 	1747 	14.3 	.526 	.490 	.248 	.237 	2.2 	9.9 	6.1 	31.2 	1.9 	0.7 	16.0 	16.5 	109 	106 	2.2 	1.8 	4.0 	.110
225 	DerMarr Johnson 	SG 	24 	DEN 	71 	1232 	14.0 	.605 	.570 	.272 	.399 	4.0 	10.0 	7.1 	9.8 	1.8 	1.1 	13.5 	17.4 	113 	106 	1.9 	1.3 	3.2 	.123
226 	Ervin Johnson 	C 	37 	MIN 	46 	410 	8.3 	.562 	.528 	.463 	.019 	12.5 	18.7 	15.7 	2.1 	0.9 	2.3 	21.7 	9.4 	109 	105 	0.3 	0.5 	0.8 	.091
227 	Joe Johnson 	SF 	23 	PHO 	82 	3240 	15.1 	.556 	.536 	.153 	.314 	4.2 	9.5 	7.0 	13.2 	1.2 	0.5 	10.5 	19.0 	113 	110 	5.8 	1.7 	7.6 	.112
228 	Linton Johnson 	SF 	24 	SAS 	2 	15 	-3.4 	.000 	.000 	.000 	.500 	0.0 	23.4 	11.7 	0.0 	3.6 	0.0 	33.3 	9.3 	0 	94 	-0.1 	0.0 	0.0 	-0.122
229 	Dahntay Jones 	SG 	24 	MEM 	52 	649 	9.6 	.534 	.497 	.337 	.316 	2.0 	10.7 	6.4 	5.5 	1.1 	1.3 	11.7 	18.0 	101 	106 	0.2 	0.6 	0.9 	.066
230 	Damon Jones 	PG 	28 	MIA 	82 	2576 	15.5 	.625 	.611 	.118 	.718 	0.7 	9.5 	5.2 	21.0 	0.9 	0.1 	11.4 	15.6 	124 	107 	6.5 	2.3 	8.7 	.162
231 	Eddie Jones 	SF 	33 	MIA 	80 	2839 	13.6 	.556 	.515 	.263 	.466 	1.6 	14.5 	8.3 	11.5 	1.6 	1.0 	9.8 	16.6 	113 	104 	4.2 	3.8 	8.0 	.135
232 	Fred Jones 	SG 	25 	IND 	77 	2268 	13.3 	.551 	.492 	.320 	.354 	1.8 	10.8 	6.4 	15.7 	1.5 	1.0 	13.4 	18.0 	108 	107 	2.6 	2.2 	4.8 	.102
233 	James Jones 	SF 	24 	IND 	75 	1330 	10.5 	.537 	.500 	.195 	.522 	3.6 	11.9 	7.8 	7.4 	1.3 	1.6 	11.1 	14.0 	108 	106 	1.1 	1.4 	2.5 	.090
234 	Jumaine Jones 	SF 	25 	LAL 	76 	1830 	13.1 	.556 	.537 	.154 	.537 	6.6 	17.8 	12.3 	5.8 	1.3 	1.0 	8.6 	14.0 	116 	111 	2.8 	0.8 	3.7 	.097
235 	Mark Jones 	SF 	29 	ORL 	10 	116 	4.4 	.325 	.290 	.323 	.129 	5.9 	6.7 	6.3 	7.5 	2.2 	1.2 	7.8 	14.5 	81 	109 	-0.2 	0.1 	-0.1 	-0.033
236 	Chris Kaman 	C 	22 	LAC 	63 	1632 	13.1 	.522 	.497 	.244 	.002 	10.2 	20.5 	15.6 	7.7 	0.9 	3.1 	17.3 	18.8 	98 	105 	0.2 	1.9 	2.1 	.061
237 	Jason Kapono 	SF 	23 	CHA 	81 	1491 	11.8 	.486 	.461 	.127 	.289 	2.3 	10.7 	6.3 	7.3 	1.4 	0.3 	6.1 	22.4 	101 	111 	0.6 	0.7 	1.3 	.043
238 	Mario Kasun 	C 	24 	ORL 	45 	356 	12.0 	.505 	.480 	.439 	.010 	16.6 	23.6 	20.1 	3.5 	1.1 	2.6 	18.2 	17.5 	100 	104 	0.1 	0.4 	0.6 	.076
239 	Viktor Khryapa 	SF 	22 	POR 	32 	523 	9.0 	.474 	.452 	.339 	.089 	6.4 	17.0 	11.9 	7.6 	2.0 	2.4 	18.8 	15.4 	91 	105 	-0.3 	0.6 	0.3 	.024
240 	Jason Kidd 	PG 	31 	NJN 	66 	2435 	19.5 	.506 	.473 	.225 	.419 	4.6 	19.8 	12.1 	40.6 	2.7 	0.3 	15.1 	21.3 	107 	101 	3.1 	4.2 	7.2 	.143
241 	Andrei Kirilenko 	PF 	23 	UTA 	41 	1349 	24.4 	.599 	.520 	.617 	.183 	8.0 	15.7 	11.7 	17.4 	2.7 	8.5 	14.4 	21.3 	117 	102 	3.5 	2.0 	5.5 	.197
242 	Kerry Kittles 	SG 	30 	LAC 	11 	243 	10.0 	.446 	.432 	.137 	.288 	0.5 	14.9 	7.9 	13.4 	1.8 	0.9 	8.3 	16.1 	96 	107 	0.0 	0.2 	0.2 	.040
243 	Brandin Knight 	PG 	23 	HOU 	1 	3 	-1.2 	.000 	.000 	.000 	.000 	0.0 	0.0 	0.0 	46.5 	0.0 	0.0 	0.0 	15.7 	53 	111 	0.0 	0.0 	0.0 	-0.205
244 	Brevin Knight 	PG 	29 	CHA 	66 	1944 	18.0 	.495 	.425 	.334 	.034 	1.2 	9.3 	5.0 	49.3 	3.5 	0.2 	17.9 	18.7 	108 	107 	2.6 	1.9 	4.5 	.110
245 	Kyle Korver 	SF 	23 	PHI 	82 	2667 	12.8 	.588 	.567 	.126 	.735 	1.7 	14.5 	8.0 	11.0 	2.0 	1.0 	11.7 	15.1 	112 	105 	3.3 	3.3 	6.6 	.119
246 	Nenad Krstic 	PF 	21 	NJN 	75 	1965 	13.4 	.547 	.493 	.447 	.004 	9.7 	14.9 	12.3 	7.1 	0.9 	2.6 	14.1 	19.0 	106 	104 	1.9 	2.5 	4.4 	.108
247 	Toni Kukoc 	SF 	36 	MIL 	53 	1099 	12.8 	.523 	.492 	.238 	.453 	3.3 	13.9 	8.5 	22.3 	1.9 	0.9 	18.5 	14.4 	106 	109 	0.8 	0.7 	1.5 	.066
248 	Ibo Kutluay 	SG 	30 	SEA 	5 	12 	-12.9 	.000 	.000 	.000 	.000 	0.0 	10.2 	5.1 	0.0 	0.0 	0.0 	66.7 	11.6 	0 	115 	-0.1 	0.0 	-0.1 	-0.348
249 	Christian Laettner 	PF 	35 	MIA 	49 	739 	16.3 	.619 	.584 	.321 	.038 	5.9 	14.4 	10.3 	8.8 	2.3 	1.5 	12.1 	15.1 	120 	102 	1.5 	1.2 	2.7 	.174
250 	Raef LaFrentz 	PF 	28 	BOS 	80 	2196 	17.3 	.587 	.555 	.215 	.327 	8.4 	20.8 	14.7 	7.3 	1.0 	3.4 	8.5 	16.9 	120 	105 	4.9 	2.6 	7.5 	.165
251 	Maciej Lampe 	C 	19 	TOT 	37 	380 	7.3 	.406 	.379 	.167 	.030 	7.2 	19.8 	13.4 	5.1 	0.7 	1.4 	10.7 	18.9 	86 	107 	-0.5 	0.3 	-0.1 	-0.016
252 	Voshon Lenard 	SG 	31 	DEN 	3 	54 	15.1 	.491 	.462 	.308 	.462 	0.0 	12.7 	6.4 	19.0 	1.0 	0.0 	6.3 	26.0 	104 	108 	0.0 	0.0 	0.1 	.082
253 	Rashard Lewis 	SF 	25 	SEA 	71 	2697 	19.4 	.571 	.537 	.246 	.375 	5.0 	12.6 	8.8 	6.5 	1.5 	1.8 	8.8 	24.0 	117 	110 	6.9 	1.5 	8.4 	.150
254 	Randy Livingston 	PG 	29 	UTA 	17 	227 	13.3 	.538 	.471 	.327 	.154 	1.6 	5.1 	3.3 	32.1 	2.9 	0.7 	19.1 	14.9 	111 	110 	0.3 	0.1 	0.4 	.092
255 	Shaun Livingston 	PG 	19 	LAC 	30 	814 	10.4 	.461 	.414 	.274 	.009 	3.3 	9.6 	6.6 	29.9 	2.1 	1.0 	23.7 	18.0 	92 	107 	-0.6 	0.7 	0.1 	.008
256 	Raul Lopez 	PG 	24 	UTA 	31 	518 	12.9 	.538 	.496 	.244 	.333 	1.6 	7.9 	4.7 	39.3 	2.3 	0.5 	23.9 	17.5 	105 	110 	0.4 	0.3 	0.7 	.066
257 	Tyronn Lue 	PG 	27 	TOT 	70 	2007 	14.1 	.542 	.493 	.252 	.237 	0.8 	8.1 	4.3 	27.4 	0.9 	0.0 	12.6 	18.7 	112 	113 	3.4 	0.3 	3.7 	.088
258 	George Lynch 	SF 	34 	NOH 	44 	933 	7.9 	.412 	.389 	.122 	.196 	6.7 	15.7 	11.0 	15.5 	1.9 	1.0 	22.3 	12.8 	86 	107 	-0.9 	0.9 	0.0 	.000
259 	Mark Madsen 	C 	29 	MIN 	41 	601 	6.9 	.526 	.515 	.606 	.000 	12.5 	11.8 	12.2 	4.2 	0.6 	1.7 	22.3 	8.3 	108 	109 	0.4 	0.4 	0.8 	.065
260 	Corey Maggette 	SG 	25 	LAC 	66 	2436 	19.9 	.574 	.457 	.666 	.170 	3.6 	15.5 	9.7 	16.6 	1.5 	0.2 	13.3 	27.9 	112 	107 	6.0 	2.2 	8.1 	.160
261 	Jamaal Magloire 	C 	26 	NOH 	23 	703 	12.9 	.480 	.432 	.542 	.000 	12.8 	22.1 	17.3 	7.6 	0.6 	2.6 	17.3 	22.5 	93 	106 	-0.4 	0.7 	0.3 	.019
262 	Stephon Marbury 	PG 	27 	NYK 	82 	3281 	21.9 	.575 	.506 	.420 	.248 	1.8 	7.1 	4.4 	36.0 	2.0 	0.1 	13.1 	24.8 	118 	111 	10.4 	1.3 	11.7 	.171
263 	Shawn Marion 	PF 	26 	PHO 	81 	3146 	21.7 	.556 	.520 	.213 	.265 	8.4 	22.0 	15.5 	7.5 	2.6 	2.5 	8.1 	21.3 	116 	101 	7.3 	5.2 	12.5 	.191
264 	Sean Marks 	PF 	29 	SAS 	23 	244 	8.7 	.412 	.338 	.350 	.038 	8.6 	18.2 	13.4 	5.2 	0.7 	3.3 	13.2 	20.3 	88 	99 	-0.3 	0.5 	0.2 	.038
265 	Donyell Marshall 	PF 	31 	TOR 	65 	1645 	19.9 	.591 	.570 	.154 	.613 	6.4 	23.3 	14.7 	8.4 	1.8 	2.0 	6.2 	18.7 	120 	105 	4.1 	1.9 	6.0 	.176
266 	Darrick Martin 	PG 	33 	LAC 	11 	190 	7.2 	.392 	.370 	.160 	.360 	2.0 	4.3 	3.2 	22.8 	1.7 	0.0 	10.1 	14.5 	96 	111 	0.0 	0.1 	0.1 	.015
267 	Kenyon Martin 	PF 	27 	DEN 	70 	2272 	17.5 	.521 	.490 	.340 	.013 	7.4 	18.4 	13.0 	13.0 	2.3 	2.6 	12.5 	23.4 	103 	102 	1.7 	3.6 	5.3 	.111
268 	Kevin Martin 	PG 	21 	SAC 	45 	455 	8.7 	.464 	.406 	.470 	.214 	7.1 	7.1 	7.1 	6.8 	1.8 	0.5 	14.5 	16.1 	96 	111 	-0.1 	0.2 	0.1 	.016
269 	Desmond Mason 	SF 	27 	MIL 	80 	2893 	14.8 	.526 	.443 	.486 	.007 	3.4 	9.3 	6.3 	12.8 	1.1 	0.7 	11.1 	23.2 	107 	113 	3.6 	0.7 	4.3 	.071
270 	Tony Massenburg 	PF 	37 	SAS 	61 	699 	8.5 	.467 	.407 	.346 	.000 	9.0 	18.3 	13.6 	3.2 	1.4 	2.1 	16.0 	16.6 	94 	98 	-0.3 	1.4 	1.1 	.078
271 	Walter McCarty 	PF 	30 	TOT 	72 	906 	8.2 	.525 	.521 	.123 	.660 	3.8 	13.0 	8.6 	6.0 	1.4 	1.2 	12.7 	13.9 	102 	108 	0.3 	0.8 	1.1 	.058
272 	Jelani McCoy 	C 	27 	ATL 	10 	88 	6.2 	.493 	.538 	.385 	.000 	8.8 	19.5 	13.9 	0.0 	1.8 	7.0 	28.3 	10.8 	81 	105 	-0.1 	0.1 	0.0 	-0.001
273 	Antonio McDyess 	PF 	30 	DET 	77 	1797 	17.2 	.542 	.513 	.321 	.002 	11.6 	19.7 	15.7 	7.3 	1.4 	2.2 	12.0 	20.3 	109 	100 	2.5 	3.3 	5.7 	.154
274 	Tracy McGrady 	SF 	25 	HOU 	78 	3182 	22.9 	.526 	.473 	.336 	.262 	2.7 	14.8 	8.9 	28.6 	2.3 	1.3 	9.5 	31.2 	109 	101 	6.5 	5.4 	12.0 	.180
275 	Jeff McInnis 	PG 	30 	CLE 	76 	2651 	12.4 	.495 	.462 	.175 	.289 	1.4 	5.7 	3.5 	24.1 	1.1 	0.0 	10.6 	18.8 	108 	111 	3.0 	1.1 	4.1 	.074
276 	Aaron McKie 	SG 	32 	PHI 	68 	1118 	8.4 	.510 	.500 	.113 	.437 	2.0 	15.5 	8.7 	13.4 	2.2 	1.2 	17.2 	7.1 	107 	104 	0.5 	1.5 	2.0 	.085
277 	Keith McLeod 	PG 	25 	UTA 	53 	1382 	10.4 	.440 	.373 	.358 	.176 	1.7 	8.6 	5.1 	27.9 	2.5 	0.7 	17.3 	19.0 	94 	110 	-0.5 	0.8 	0.3 	.009
278 	Stanislav Medvedenko 	PF 	25 	LAL 	43 	423 	11.9 	.490 	.455 	.179 	.006 	8.3 	12.7 	10.5 	5.4 	1.1 	0.3 	7.2 	19.4 	106 	113 	0.4 	0.1 	0.5 	.053
279 	Ron Mercer 	SF 	28 	NJN 	18 	390 	9.4 	.422 	.411 	.063 	.019 	2.7 	9.7 	6.2 	9.8 	2.2 	0.4 	7.9 	21.2 	86 	105 	-0.5 	0.5 	-0.1 	-0.007
280 	Chris Mihm 	C 	25 	LAL 	75 	1870 	15.7 	.552 	.507 	.467 	.004 	12.0 	18.3 	15.1 	4.6 	0.4 	4.2 	14.2 	18.8 	109 	110 	2.5 	1.0 	3.6 	.092
281 	Darius Miles 	SF 	23 	POR 	63 	1699 	15.5 	.511 	.488 	.308 	.033 	5.0 	14.9 	10.2 	14.2 	2.4 	3.3 	16.6 	25.7 	95 	105 	-0.7 	2.0 	1.3 	.036
282 	Darko Milicic 	C 	19 	DET 	37 	254 	4.7 	.387 	.329 	.316 	.000 	1.4 	18.3 	9.9 	4.5 	0.4 	5.1 	15.6 	19.0 	75 	100 	-0.6 	0.4 	-0.2 	-0.031
283 	Andre Miller 	PG 	28 	DEN 	82 	2852 	16.5 	.541 	.480 	.337 	.044 	4.1 	9.6 	6.8 	32.2 	2.2 	0.2 	17.6 	19.5 	109 	106 	4.1 	2.9 	7.0 	.119
284 	Anthony Miller 	PF 	33 	ATL 	2 	9 	16.9 	.667 	.667 	.000 	.000 	0.0 	13.6 	6.5 	21.4 	5.8 	0.0 	25.0 	19.9 	102 	103 	0.0 	0.0 	0.0 	.091
285 	Brad Miller 	C 	28 	SAC 	56 	2089 	20.7 	.596 	.528 	.471 	.031 	7.4 	20.4 	13.9 	16.1 	1.7 	2.3 	10.0 	17.4 	125 	105 	6.3 	2.3 	8.6 	.198
286 	Mike Miller 	SF 	24 	MEM 	76 	2278 	16.7 	.614 	.597 	.196 	.422 	1.9 	13.8 	7.9 	17.8 	1.3 	0.8 	13.2 	19.8 	114 	105 	4.5 	2.6 	7.0 	.148
287 	Reggie Miller 	SG 	39 	IND 	66 	2105 	16.6 	.582 	.503 	.373 	.414 	1.0 	7.7 	4.4 	13.3 	1.3 	0.2 	8.4 	20.8 	118 	109 	5.1 	1.5 	6.6 	.151
288 	Yao Ming 	C 	24 	HOU 	80 	2447 	23.2 	.614 	.552 	.510 	.000 	10.2 	21.4 	15.9 	5.0 	0.8 	5.1 	14.1 	26.8 	113 	99 	6.0 	4.7 	10.7 	.210
289 	Cuttino Mobley 	SG 	29 	TOT 	66 	2388 	15.0 	.555 	.518 	.220 	.367 	2.1 	8.6 	5.4 	12.5 	1.6 	0.9 	11.5 	21.4 	109 	110 	3.2 	1.2 	4.4 	.089
290 	Nazr Mohammed 	C 	27 	TOT 	77 	1933 	16.4 	.521 	.480 	.377 	.002 	14.9 	20.7 	17.8 	2.9 	1.6 	3.3 	13.3 	19.2 	106 	103 	2.0 	2.6 	4.6 	.115
291 	Jerome Moiso 	C-PF 	26 	TOT 	20 	120 	12.3 	.590 	.500 	.722 	.056 	9.5 	26.4 	17.8 	1.3 	1.3 	3.7 	22.8 	11.7 	105 	102 	0.1 	0.2 	0.2 	.098
292 	Mikki Moore 	PF 	29 	LAC 	74 	1178 	12.7 	.571 	.503 	.474 	.017 	10.2 	14.7 	12.5 	6.6 	0.9 	2.1 	15.4 	16.1 	111 	108 	1.6 	1.0 	2.6 	.106
293 	Alonzo Mourning 	C-PF 	34 	TOT 	37 	702 	15.4 	.515 	.472 	.665 	.000 	9.0 	24.5 	16.8 	4.6 	0.6 	8.3 	17.2 	22.1 	95 	98 	-0.3 	1.5 	1.2 	.080
294 	Troy Murphy 	PF 	24 	GSW 	70 	2375 	16.8 	.495 	.445 	.337 	.156 	11.0 	24.2 	17.3 	6.9 	1.1 	1.0 	9.0 	22.2 	106 	105 	2.6 	2.7 	5.3 	.107
295 	Lamond Murray 	SF 	31 	TOR 	62 	918 	13.7 	.537 	.500 	.258 	.339 	5.3 	15.1 	10.1 	8.5 	1.8 	1.3 	13.5 	19.9 	103 	108 	0.5 	0.7 	1.3 	.067
296 	Ronald Murray 	SG 	25 	SEA 	49 	883 	9.9 	.433 	.394 	.220 	.262 	2.1 	11.5 	6.8 	12.7 	1.9 	1.0 	12.5 	23.8 	91 	110 	-0.8 	0.5 	-0.3 	-0.016
297 	Dikembe Mutombo 	C 	38 	HOU 	80 	1212 	16.4 	.575 	.498 	.659 	.000 	14.8 	25.9 	20.5 	1.3 	0.7 	6.5 	15.4 	12.9 	117 	96 	2.0 	2.7 	4.7 	.186
298 	Mamadou N'Diaye 	C 	29 	LAC 	11 	72 	10.6 	.433 	.400 	.350 	.050 	15.5 	14.6 	15.0 	2.2 	0.7 	5.2 	0.0 	14.8 	111 	105 	0.1 	0.1 	0.2 	.115
299 	Bostjan Nachbar 	PF-SF 	24 	TOT 	71 	1341 	10.1 	.534 	.483 	.285 	.477 	2.1 	14.4 	8.0 	9.8 	1.2 	1.0 	13.6 	18.6 	102 	108 	0.6 	1.1 	1.7 	.061
300 	Lee Nailon 	SF 	29 	NOH 	68 	2017 	14.5 	.511 	.478 	.190 	.002 	7.2 	10.4 	8.7 	11.3 	1.0 	0.6 	10.5 	24.2 	102 	111 	1.3 	0.9 	2.2 	.053
301 	Eduardo Najera 	PF 	28 	TOT 	68 	1185 	11.2 	.489 	.460 	.283 	.065 	9.4 	13.6 	11.5 	8.5 	1.8 	1.5 	14.4 	15.8 	101 	106 	0.4 	1.3 	1.6 	.066
302 	Steve Nash 	PG 	30 	PHO 	75 	2573 	22.0 	.606 	.557 	.278 	.254 	2.5 	7.6 	5.2 	49.2 	1.4 	0.2 	20.3 	20.5 	123 	111 	9.7 	1.2 	10.9 	.203
303 	Jameer Nelson 	PG 	22 	ORL 	79 	1612 	14.5 	.510 	.490 	.170 	.225 	3.7 	9.7 	6.7 	24.8 	2.5 	0.1 	14.8 	21.4 	103 	108 	1.2 	1.3 	2.5 	.074
304 	Rasho Nesterovic 	C 	28 	SAS 	70 	1785 	12.0 	.463 	.460 	.070 	.000 	12.0 	18.0 	15.0 	6.3 	0.9 	4.7 	14.1 	13.5 	101 	97 	0.5 	3.8 	4.2 	.114
305 	Ira Newble 	SG 	30 	CLE 	74 	1832 	8.6 	.482 	.452 	.163 	.125 	4.9 	9.4 	7.1 	7.6 	1.5 	0.7 	11.8 	12.7 	102 	109 	0.6 	1.3 	1.9 	.050
306 	Andres Nocioni 	SF 	25 	CHI 	81 	1892 	10.1 	.484 	.422 	.369 	.161 	4.1 	18.6 	11.4 	10.9 	1.0 	1.3 	16.2 	19.7 	94 	100 	-0.9 	3.3 	2.5 	.062
307 	Moochie Norris 	PG 	31 	TOT 	38 	360 	6.1 	.376 	.321 	.220 	.110 	3.2 	11.8 	7.5 	16.7 	2.7 	0.4 	18.4 	18.7 	80 	107 	-0.7 	0.3 	-0.4 	-0.056
308 	Dirk Nowitzki 	PF 	26 	DAL 	78 	3020 	26.1 	.578 	.490 	.490 	.158 	3.6 	24.0 	14.0 	14.3 	1.7 	2.9 	9.1 	28.7 	118 	100 	10.3 	5.2 	15.6 	.248
309 	Jermaine O'Neal 	PF 	26 	IND 	44 	1530 	22.9 	.520 	.453 	.458 	.007 	6.7 	23.3 	15.1 	12.8 	0.9 	4.4 	11.3 	36.2 	102 	101 	1.3 	2.5 	3.8 	.118
310 	Shaquille O'Neal 	C 	32 	MIA 	73 	2492 	27.0 	.583 	.601 	.699 	.000 	12.4 	22.8 	17.8 	15.7 	0.8 	5.0 	12.4 	30.5 	111 	100 	6.4 	4.6 	11.0 	.211
311 	Lamar Odom 	PF 	25 	LAL 	64 	2320 	17.3 	.539 	.496 	.385 	.151 	6.6 	25.0 	15.9 	17.9 	1.0 	2.1 	15.1 	20.8 	107 	108 	3.0 	1.8 	4.7 	.098
312 	Emeka Okafor 	PF 	22 	CHA 	73 	2600 	16.3 	.479 	.447 	.342 	.001 	11.5 	24.1 	17.5 	4.3 	1.2 	3.6 	9.8 	21.8 	100 	105 	0.9 	3.1 	4.0 	.074
313 	Mehmet Okur 	C 	25 	UTA 	82 	2304 	18.9 	.569 	.479 	.512 	.083 	10.2 	23.4 	16.6 	12.8 	0.8 	2.5 	13.2 	21.3 	115 	108 	5.3 	1.8 	7.0 	.147
314 	Kevin Ollie 	PG 	32 	PHI 	26 	158 	6.7 	.400 	.355 	.290 	.000 	2.1 	11.5 	6.8 	17.9 	1.6 	0.0 	14.6 	11.5 	92 	107 	-0.1 	0.1 	0.1 	.025
315 	Michael Olowokandi 	C 	29 	MIN 	62 	1215 	10.4 	.480 	.456 	.195 	.000 	10.4 	19.6 	15.2 	3.7 	0.7 	3.3 	15.1 	17.2 	96 	105 	-0.3 	1.5 	1.2 	.048
316 	Greg Ostertag 	C 	31 	SAC 	56 	556 	10.0 	.432 	.440 	.452 	.024 	11.0 	22.5 	16.8 	9.0 	0.6 	5.1 	19.2 	10.0 	99 	105 	0.1 	0.7 	0.7 	.064
317 	Bo Outlaw 	PF 	33 	PHO 	39 	214 	8.1 	.382 	.353 	.265 	.000 	8.4 	17.6 	13.2 	7.7 	1.4 	3.7 	17.4 	9.4 	95 	104 	0.0 	0.3 	0.2 	.053
318 	Travis Outlaw 	SF 	20 	POR 	59 	793 	15.4 	.532 	.506 	.281 	.037 	6.1 	11.3 	8.8 	7.8 	2.0 	3.6 	11.5 	19.6 	105 	107 	0.6 	0.8 	1.4 	.085
319 	Zaza Pachulia 	C 	20 	MIL 	74 	1397 	14.4 	.526 	.452 	.523 	.003 	10.9 	20.9 	15.9 	6.8 	1.7 	1.8 	13.9 	16.5 	109 	107 	1.6 	1.3 	2.9 	.099
320 	Scott Padgett 	PF 	28 	HOU 	66 	942 	12.3 	.549 	.528 	.172 	.541 	6.0 	16.7 	11.5 	9.5 	1.9 	0.8 	10.7 	14.0 	112 	101 	1.2 	1.6 	2.8 	.141
321 	Milt Palacio 	PG 	26 	TOR 	80 	1533 	12.5 	.507 	.449 	.395 	.031 	1.9 	8.1 	4.9 	28.8 	1.6 	0.6 	18.4 	16.8 	104 	111 	1.0 	0.7 	1.7 	.054
322 	Jannero Pargo 	PG 	25 	CHI 	32 	453 	11.1 	.457 	.439 	.108 	.310 	3.0 	8.6 	5.8 	31.2 	1.8 	0.2 	16.8 	26.5 	92 	103 	-0.4 	0.7 	0.2 	.023
323 	Smush Parker 	PG 	23 	TOT 	16 	144 	6.0 	.493 	.453 	.302 	.302 	3.2 	6.4 	4.8 	16.8 	1.8 	0.0 	28.1 	21.5 	83 	106 	-0.3 	0.1 	-0.1 	-0.045
324 	Tony Parker 	PG 	22 	SAS 	80 	2735 	18.0 	.528 	.501 	.289 	.140 	2.0 	10.7 	6.4 	33.2 	1.9 	0.1 	14.6 	25.1 	106 	101 	3.6 	4.5 	8.1 	.141
325 	Ruben Patterson 	SF 	29 	POR 	70 	1957 	15.8 	.558 	.532 	.469 	.042 	7.7 	8.3 	8.1 	12.4 	2.9 	0.8 	16.5 	20.4 	105 	108 	1.8 	1.6 	3.4 	.083
326 	Sasha Pavlovic 	SG 	21 	CLE 	65 	862 	9.0 	.516 	.489 	.232 	.283 	2.0 	7.8 	4.9 	9.3 	1.8 	0.3 	13.4 	18.4 	100 	109 	0.2 	0.6 	0.8 	.046
327 	Gary Payton 	PG 	36 	BOS 	77 	2541 	15.1 	.537 	.497 	.277 	.178 	2.3 	8.5 	5.4 	29.2 	1.8 	0.4 	15.4 	17.0 	111 	109 	3.8 	1.6 	5.4 	.102
328 	Anthony Peeler 	SG 	35 	WAS 	40 	529 	10.2 	.484 	.457 	.120 	.433 	2.9 	11.2 	6.9 	16.7 	1.8 	0.3 	15.1 	15.4 	102 	110 	0.2 	0.3 	0.5 	.048
329 	Kirk Penney 	SG 	24 	LAC 	4 	12 	-4.3 	.333 	.333 	.000 	.333 	0.0 	9.7 	5.0 	12.9 	0.0 	0.0 	40.0 	19.3 	48 	113 	-0.1 	0.0 	-0.1 	-0.276
330 	Kendrick Perkins 	C 	20 	BOS 	60 	548 	11.2 	.515 	.471 	.487 	.000 	11.5 	25.7 	18.7 	5.8 	0.8 	5.1 	22.9 	15.4 	96 	102 	-0.1 	0.8 	0.7 	.065
331 	Wesley Person 	SF 	33 	TOT 	41 	667 	14.1 	.570 	.564 	.058 	.394 	0.5 	13.7 	7.2 	9.6 	1.5 	0.5 	6.8 	16.8 	112 	106 	0.9 	0.7 	1.6 	.115
332 	Morris Peterson 	SG 	27 	TOR 	82 	2510 	14.4 	.543 	.496 	.267 	.395 	3.1 	12.4 	7.7 	11.2 	1.9 	0.5 	8.9 	18.9 	110 	109 	3.5 	1.6 	5.1 	.098
333 	Eric Piatkowski 	SG 	34 	CHI 	68 	841 	12.4 	.573 	.541 	.217 	.519 	2.0 	8.5 	5.3 	10.3 	1.8 	0.1 	11.6 	17.0 	110 	103 	1.1 	1.2 	2.3 	.129
334 	Paul Pierce 	SF 	27 	BOS 	82 	2960 	21.8 	.583 	.499 	.546 	.239 	3.1 	17.8 	10.6 	20.3 	2.3 	1.0 	13.2 	26.6 	114 	105 	7.7 	3.6 	11.2 	.182
335 	Mickael Pietrus 	SF 	22 	GSW 	67 	1340 	14.2 	.539 	.494 	.403 	.389 	5.0 	10.5 	7.7 	10.2 	1.8 	1.0 	13.5 	22.5 	104 	108 	1.1 	1.0 	2.1 	.075
336 	Zoran Planinic 	PG 	22 	NJN 	43 	515 	12.5 	.534 	.491 	.379 	.230 	4.4 	11.9 	8.1 	15.8 	2.6 	0.0 	16.8 	22.2 	98 	103 	0.1 	0.7 	0.8 	.073
337 	Pavel Podkolzin 	C 	20 	DAL 	5 	10 	-12.1 	.568 	0.0	0.0	0.0	0.0 	21.9 	11.2 	0.0 	0.0 	0.0 	69.4 	12.9 	34 	105 	-0.1 	0.0 	0.0 	-0.214
338 	Scot Pollard 	C 	29 	IND 	49 	865 	11.2 	.506 	.473 	.293 	.000 	11.9 	16.3 	14.1 	3.6 	1.9 	2.1 	14.1 	12.2 	107 	103 	0.6 	1.2 	1.9 	.104
339 	Mark Pope 	PF 	32 	DEN 	9 	27 	10.0 	.333 	.333 	.000 	.000 	21.5 	12.7 	17.1 	5.3 	1.9 	5.6 	14.3 	11.6 	96 	102 	0.0 	0.0 	0.0 	.070
340 	James Posey 	SF 	28 	MEM 	50 	1382 	10.5 	.500 	.434 	.312 	.500 	3.9 	15.0 	9.5 	10.3 	1.9 	1.3 	14.6 	16.2 	100 	103 	0.4 	1.9 	2.3 	.079
341 	Vitaly Potapenko 	C 	29 	SEA 	33 	335 	14.5 	.581 	.517 	.356 	.011 	11.0 	17.5 	14.2 	4.5 	1.1 	0.7 	10.7 	15.5 	122 	110 	0.8 	0.2 	1.0 	.142
342 	Tayshaun Prince 	SF 	24 	DET 	82 	3039 	16.2 	.556 	.511 	.285 	.143 	5.2 	11.5 	8.4 	14.5 	1.0 	1.8 	11.1 	18.8 	114 	104 	5.4 	4.0 	9.4 	.149
343 	Laron Profit 	SF 	27 	WAS 	42 	428 	11.5 	.489 	.469 	.195 	.219 	6.1 	14.2 	10.0 	14.0 	1.9 	0.9 	16.3 	16.9 	99 	108 	0.1 	0.4 	0.4 	.049
344 	Joel Przybilla 	C 	25 	POR 	76 	1858 	15.5 	.596 	.598 	.523 	.000 	11.5 	24.5 	18.3 	6.4 	0.7 	6.2 	19.3 	12.6 	111 	103 	2.0 	2.7 	4.7 	.121
345 	Vladimir Radmanovic 	PF 	24 	SEA 	63 	1856 	13.7 	.533 	.508 	.158 	.506 	3.4 	15.6 	9.5 	7.9 	1.7 	1.3 	10.3 	19.3 	110 	109 	2.4 	1.3 	3.7 	.096
346 	Aleksandar Radojevic 	C 	28 	UTA 	12 	128 	-1.5 	.406 	.316 	.526 	.000 	8.5 	18.9 	13.6 	7.0 	0.0 	1.3 	39.1 	13.8 	67 	111 	-0.4 	0.1 	-0.3 	-0.117
347 	Peter John Ramos 	C 	19 	WAS 	6 	20 	8.2 	.506 	.500 	.200 	.000 	5.4 	17.5 	11.2 	0.0 	0.0 	3.7 	21.6 	30.3 	80 	109 	-0.1 	0.0 	0.0 	-0.108
348 	Zach Randolph 	PF 	23 	POR 	46 	1603 	18.6 	.511 	.448 	.343 	.008 	10.7 	20.8 	15.9 	10.2 	1.1 	0.8 	11.6 	27.7 	104 	107 	1.6 	1.5 	3.1 	.094
349 	Theo Ratliff 	C 	31 	POR 	63 	1731 	10.1 	.500 	.447 	.416 	.000 	7.7 	14.1 	11.0 	2.9 	0.7 	6.5 	15.6 	9.6 	103 	106 	0.5 	1.7 	2.3 	.063
350 	Zeljko Rebraca 	C 	32 	LAC 	58 	928 	14.0 	.625 	.568 	.363 	.000 	6.5 	16.9 	11.9 	4.8 	0.8 	3.3 	15.3 	16.0 	114 	106 	1.4 	0.9 	2.4 	.122
351 	Michael Redd 	SG 	25 	MIL 	75 	2848 	18.3 	.536 	.477 	.305 	.207 	2.9 	10.0 	6.4 	11.4 	1.2 	0.2 	7.6 	27.8 	110 	113 	5.5 	0.7 	6.2 	.105
352 	Justin Reed 	SF 	23 	BOS 	23 	121 	13.7 	.576 	.517 	.517 	.103 	7.9 	7.6 	7.7 	12.9 	1.3 	0.6 	12.3 	15.1 	119 	110 	0.2 	0.1 	0.3 	.121
353 	Jared Reiner 	C 	22 	CHI 	19 	132 	2.3 	.331 	.333 	.133 	.000 	11.1 	21.0 	16.1 	1.2 	1.2 	4.0 	22.1 	13.8 	69 	97 	-0.3 	0.3 	0.0 	-0.013
354 	Jason Richardson 	SG 	24 	GSW 	72 	2724 	19.0 	.518 	.492 	.226 	.270 	4.8 	12.5 	8.5 	19.2 	2.0 	0.8 	10.1 	27.1 	105 	107 	3.3 	2.4 	5.7 	.100
355 	Quentin Richardson 	SG 	24 	PHO 	79 	2839 	13.6 	.522 	.498 	.176 	.604 	3.6 	13.9 	9.0 	7.9 	1.7 	0.6 	8.3 	18.9 	108 	107 	3.3 	2.5 	5.8 	.098
356 	Luke Ridnour 	PG 	23 	SEA 	82 	2571 	14.6 	.504 	.450 	.244 	.241 	2.6 	7.1 	4.9 	30.6 	2.0 	0.7 	15.4 	17.4 	112 	111 	4.3 	1.0 	5.4 	.100
357 	Bernard Robinson 	SG 	24 	CHA 	31 	328 	9.8 	.503 	.463 	.321 	.099 	4.6 	12.5 	8.4 	14.4 	1.7 	0.9 	17.8 	15.2 	98 	109 	0.0 	0.2 	0.3 	.037
358 	Clifford Robinson 	C-PF 	38 	TOT 	71 	1689 	10.3 	.471 	.450 	.185 	.369 	3.5 	10.8 	7.0 	9.9 	1.9 	2.3 	10.4 	16.9 	97 	106 	-0.1 	1.8 	1.7 	.049
359 	Glenn Robinson 	SF 	32 	SAS 	9 	157 	17.2 	.517 	.455 	.299 	.078 	3.0 	14.9 	8.9 	9.8 	1.4 	1.4 	7.4 	27.9 	106 	100 	0.2 	0.3 	0.5 	.147
360 	Rodney Rogers 	SF-PF 	33 	TOT 	58 	1367 	8.9 	.462 	.436 	.156 	.373 	5.0 	16.2 	10.4 	11.0 	1.6 	1.2 	15.2 	19.0 	91 	106 	-1.1 	1.4 	0.3 	.010
361 	Jalen Rose 	SF 	32 	TOR 	81 	2710 	16.6 	.562 	.501 	.336 	.236 	1.8 	9.9 	5.8 	14.0 	1.2 	0.3 	11.9 	25.5 	107 	112 	3.8 	1.0 	4.8 	.085
362 	Malik Rose 	PF 	30 	TOT 	76 	1475 	12.2 	.511 	.450 	.422 	.023 	10.2 	16.9 	13.5 	6.6 	1.7 	0.8 	16.3 	19.6 	100 	103 	0.5 	2.1 	2.6 	.085
363 	Quinton Ross 	SG 	23 	LAC 	78 	1659 	8.9 	.471 	.433 	.295 	.011 	4.4 	10.6 	7.6 	10.4 	1.7 	1.0 	11.4 	13.3 	101 	108 	0.4 	1.3 	1.7 	.050
364 	Michael Ruffin 	C 	28 	WAS 	79 	1262 	8.6 	.432 	.414 	.677 	.010 	13.5 	16.2 	14.8 	7.1 	1.8 	2.4 	25.5 	6.0 	109 	106 	0.7 	1.3 	1.9 	.074
365 	Kareem Rush 	SG 	24 	TOT 	48 	968 	10.1 	.471 	.450 	.118 	.337 	2.3 	8.5 	5.2 	12.2 	1.1 	0.5 	9.9 	21.7 	96 	112 	-0.2 	0.3 	0.1 	.003
366 	Bryon Russell 	SF 	34 	DEN 	70 	1026 	11.8 	.537 	.488 	.306 	.591 	5.6 	13.6 	9.7 	10.4 	2.2 	0.8 	10.9 	14.0 	113 	104 	1.3 	1.3 	2.6 	.121
367 	John Salmons 	SG 	25 	PHI 	58 	993 	9.7 	.511 	.479 	.229 	.433 	1.3 	12.5 	6.9 	17.5 	2.0 	1.0 	18.1 	12.6 	100 	105 	0.2 	1.2 	1.4 	.066
368 	Jamal Sampson 	PF 	21 	CHA 	23 	329 	11.6 	.499 	.452 	.629 	.000 	11.9 	31.6 	21.2 	3.7 	0.6 	3.9 	17.7 	13.0 	101 	103 	0.1 	0.4 	0.5 	.077
369 	Daniel Santiago 	C 	28 	MIL 	11 	105 	4.3 	.426 	.333 	.524 	.000 	6.7 	14.7 	10.6 	1.4 	1.5 	2.8 	13.4 	12.9 	91 	108 	-0.1 	0.1 	0.0 	.012
370 	Brian Scalabrine 	PF 	26 	NJN 	54 	1167 	11.0 	.468 	.431 	.208 	.205 	8.4 	16.8 	12.6 	13.0 	1.6 	1.3 	15.4 	17.2 	96 	103 	-0.2 	1.6 	1.4 	.058
371 	Ansu Sesay 	SF 	28 	GSW 	16 	128 	14.8 	.466 	.429 	.571 	.190 	14.6 	17.8 	16.1 	14.9 	0.8 	1.7 	13.2 	20.9 	103 	107 	0.1 	0.1 	0.2 	.077
372 	Ha Seung-Jin 	C 	19 	POR 	19 	104 	2.5 	.467 	.435 	.478 	.000 	6.9 	12.8 	10.0 	3.0 	0.5 	3.4 	30.1 	17.6 	74 	109 	-0.3 	0.1 	-0.2 	-0.094
373 	Paul Shirley 	PF 	27 	PHO 	9 	30 	9.9 	.470 	.455 	.364 	.000 	3.7 	3.4 	3.6 	14.7 	0.0 	0.0 	7.3 	20.0 	104 	115 	0.0 	0.0 	0.0 	.031
374 	Bobby Simmons 	SF 	24 	LAC 	75 	2799 	16.1 	.540 	.491 	.268 	.113 	5.7 	13.2 	9.6 	13.1 	2.0 	0.4 	10.6 	21.0 	110 	107 	4.2 	2.6 	6.8 	.117
375 	Brian Skinner 	C-PF 	28 	TOT 	49 	941 	13.7 	.494 	.507 	.341 	.005 	12.7 	20.6 	16.6 	6.7 	1.7 	3.7 	14.5 	13.0 	105 	103 	0.6 	1.3 	1.9 	.096
376 	Tamar Slay 	SG 	24 	CHA 	8 	78 	1.5 	.351 	.359 	.051 	.308 	8.3 	12.4 	10.2 	6.7 	3.3 	0.0 	16.7 	27.2 	69 	106 	-0.4 	0.1 	-0.3 	-0.166
377 	Donta Smith 	SG 	21 	ATL 	38 	433 	10.6 	.473 	.416 	.425 	.195 	4.9 	9.3 	7.0 	14.1 	2.8 	0.9 	15.7 	16.5 	98 	110 	0.0 	0.2 	0.2 	.026
378 	J.R. Smith 	SG 	19 	NOH 	76 	1859 	10.9 	.478 	.449 	.215 	.376 	2.4 	7.5 	4.8 	14.6 	1.6 	0.5 	11.7 	23.2 	95 	110 	-0.7 	0.9 	0.2 	.006
379 	Jabari Smith 	PF 	27 	NJN 	45 	648 	8.4 	.482 	.422 	.372 	.014 	5.3 	15.4 	10.3 	9.8 	2.1 	1.8 	18.5 	15.3 	92 	102 	-0.3 	1.0 	0.7 	.050
380 	Joe Smith 	PF 	29 	MIL 	74 	2265 	15.0 	.564 	.514 	.367 	.002 	9.2 	18.9 	14.0 	4.9 	1.0 	1.2 	9.9 	16.1 	116 	109 	4.0 	1.4 	5.5 	.116
381 	Josh Smith 	SF 	19 	ATL 	74 	2050 	15.4 	.506 	.458 	.394 	.038 	7.9 	18.6 	13.0 	10.2 	1.5 	5.4 	16.0 	18.4 	100 	107 	0.6 	1.8 	2.4 	.055
382 	Steve Smith 	SG 	35 	TOT 	50 	750 	13.6 	.554 	.494 	.323 	.423 	2.2 	7.9 	5.0 	15.4 	1.0 	0.7 	8.7 	18.4 	116 	111 	1.5 	0.3 	1.8 	.113
383 	Theron Smith 	SF 	24 	CHA 	33 	510 	5.2 	.367 	.335 	.118 	.088 	8.3 	18.2 	13.0 	8.3 	0.6 	0.6 	15.9 	14.8 	82 	110 	-0.7 	0.3 	-0.4 	-0.040
384 	Eric Snow 	SG 	31 	CLE 	81 	1844 	9.0 	.445 	.402 	.245 	.138 	2.3 	7.7 	5.0 	25.1 	1.9 	0.6 	19.7 	11.1 	101 	108 	0.5 	1.4 	1.9 	.050
385 	Kirk Snyder 	SG 	21 	UTA 	68 	906 	8.6 	.456 	.418 	.293 	.259 	6.7 	10.0 	8.3 	6.8 	1.6 	1.8 	13.5 	21.8 	92 	111 	-0.7 	0.4 	-0.2 	-0.012
386 	Darius Songaila 	PF 	26 	SAC 	81 	1668 	14.9 	.566 	.527 	.227 	.006 	8.4 	14.7 	11.5 	10.5 	1.6 	0.8 	11.5 	16.2 	116 	108 	3.1 	1.2 	4.3 	.124
387 	Pape Sow 	C 	23 	TOR 	27 	255 	7.8 	.444 	.397 	.466 	.000 	7.8 	17.6 	12.7 	1.2 	2.4 	1.1 	12.5 	14.3 	92 	106 	-0.1 	0.3 	0.2 	.029
388 	Latrell Sprewell 	SF 	34 	MIN 	80 	2450 	12.1 	.489 	.450 	.196 	.220 	3.2 	8.4 	5.9 	12.0 	1.2 	0.6 	10.8 	22.2 	99 	110 	0.5 	1.4 	1.9 	.038
389 	Jerry Stackhouse 	SG 	30 	DAL 	56 	1617 	15.9 	.525 	.438 	.450 	.181 	2.7 	9.8 	6.3 	13.0 	1.7 	0.5 	11.8 	24.9 	106 	107 	1.9 	1.5 	3.5 	.103
390 	DeShawn Stevenson 	SG 	23 	ORL 	55 	1089 	9.3 	.456 	.438 	.237 	.157 	4.0 	6.5 	5.2 	10.4 	0.7 	0.6 	10.8 	21.1 	94 	112 	-0.4 	0.3 	-0.1 	-0.007
391 	Michael Stewart 	PF 	29 	ATL 	12 	145 	10.6 	.519 	.524 	.333 	.000 	16.1 	16.1 	16.1 	5.2 	2.2 	2.7 	19.9 	9.3 	110 	108 	0.1 	0.1 	0.2 	.077
392 	Peja Stojakovic 	SF 	27 	SAC 	66 	2534 	17.3 	.584 	.530 	.271 	.426 	2.7 	9.8 	6.3 	8.7 	1.6 	0.3 	8.2 	21.7 	117 	111 	6.0 	1.2 	7.3 	.137
393 	Awvee Storey 	SG 	27 	NJN 	9 	32 	6.9 	.368 	.350 	.200 	.200 	14.8 	3.8 	9.4 	5.2 	0.0 	0.0 	0.0 	16.0 	99 	111 	0.0 	0.0 	0.0 	.026
394 	Damon Stoudamire 	PG 	31 	POR 	81 	2762 	16.6 	.510 	.470 	.171 	.421 	2.4 	10.2 	6.5 	29.2 	1.7 	0.1 	11.6 	23.6 	108 	110 	4.2 	1.4 	5.7 	.099
395 	Amar'e Stoudemire 	C 	22 	PHO 	80 	2889 	26.6 	.617 	.560 	.595 	.012 	8.5 	17.4 	13.2 	7.7 	1.3 	3.0 	10.1 	28.3 	121 	105 	11.3 	3.3 	14.6 	.243
396 	Erick Strickland 	SG 	31 	MIL 	62 	1014 	8.1 	.453 	.410 	.211 	.273 	1.3 	10.7 	6.0 	17.8 	1.6 	0.1 	16.2 	17.8 	92 	111 	-0.6 	0.4 	-0.3 	-0.012
397 	Rod Strickland 	PG 	38 	HOU 	16 	196 	4.6 	.295 	.221 	.233 	.047 	1.8 	13.9 	8.0 	29.7 	0.8 	0.8 	25.2 	15.2 	75 	104 	-0.5 	0.2 	-0.2 	-0.051
398 	Bruno Sundov 	C 	24 	NYK 	21 	73 	1.2 	.330 	.311 	.054 	.081 	9.6 	11.3 	10.5 	4.6 	1.5 	2.1 	13.7 	27.4 	71 	109 	-0.3 	0.0 	-0.3 	-0.174
399 	Bob Sura 	PG 	31 	HOU 	61 	1922 	14.4 	.533 	.481 	.373 	.308 	4.9 	15.3 	10.2 	27.3 	1.8 	0.3 	20.0 	18.0 	106 	102 	1.8 	2.9 	4.8 	.119
400 	Mike Sweetney 	C 	22 	NYK 	77 	1509 	16.4 	.592 	.531 	.527 	.002 	13.0 	19.5 	16.3 	4.9 	0.9 	1.4 	16.4 	19.9 	112 	108 	2.7 	1.1 	3.8 	.122
401 	Robert Swift 	C 	19 	SEA 	16 	72 	5.2 	.501 	.455 	.818 	.000 	1.7 	6.8 	4.2 	4.2 	0.8 	7.6 	21.1 	12.2 	89 	109 	0.0 	0.1 	0.0 	.004
402 	Stromile Swift 	PF 	25 	MEM 	60 	1279 	16.7 	.517 	.449 	.449 	.008 	8.7 	16.9 	12.8 	6.2 	1.7 	5.7 	13.3 	24.9 	101 	100 	0.6 	2.3 	2.9 	.107
403 	Wally Szczerbiak 	SF 	27 	MIN 	81 	2558 	17.1 	.595 	.540 	.331 	.184 	3.8 	9.5 	6.8 	12.7 	0.8 	0.5 	11.1 	21.5 	116 	110 	5.9 	1.3 	7.3 	.136
404 	Yuta Tabuse 	PG 	24 	PHO 	4 	17 	15.6 	.451 	.250 	.667 	.167 	13.2 	12.0 	12.6 	22.4 	0.0 	0.0 	11.4 	22.5 	114 	112 	0.0 	0.0 	0.0 	.129
405 	Maurice Taylor 	PF-C 	28 	TOT 	65 	1336 	9.4 	.480 	.459 	.231 	.020 	5.9 	16.4 	11.2 	8.7 	1.1 	1.2 	16.1 	20.4 	91 	105 	-1.1 	1.6 	0.5 	.020
406 	Sebastian Telfair 	PG 	19 	POR 	68 	1330 	9.7 	.471 	.413 	.309 	.160 	0.9 	7.8 	4.5 	27.8 	1.4 	0.2 	20.4 	21.2 	93 	111 	-0.9 	0.5 	-0.4 	-0.013
407 	Jason Terry 	PG 	27 	DAL 	80 	2401 	18.4 	.606 	.570 	.233 	.330 	1.8 	6.8 	4.4 	28.8 	2.4 	0.5 	15.2 	18.0 	120 	107 	6.2 	2.4 	8.5 	.171
408 	Billy Thomas 	SF 	29 	NJN 	25 	356 	8.2 	.470 	.452 	.096 	.596 	2.3 	9.9 	6.1 	8.0 	2.1 	0.2 	8.4 	14.1 	97 	105 	0.0 	0.4 	0.4 	.055
409 	Etan Thomas 	C 	26 	WAS 	47 	976 	13.0 	.521 	.502 	.565 	.000 	9.5 	19.0 	14.1 	3.3 	0.9 	3.9 	13.6 	16.5 	104 	106 	0.6 	1.0 	1.6 	.079
410 	James Thomas 	PF 	24 	TOT 	11 	117 	14.0 	.574 	.600 	.300 	.000 	17.3 	19.0 	18.3 	5.4 	1.8 	2.4 	23.6 	11.6 	107 	105 	0.1 	0.1 	0.2 	.094
411 	John Thomas 	C 	29 	MIN 	44 	521 	9.1 	.522 	.488 	.535 	.000 	8.9 	12.2 	10.6 	4.7 	1.6 	1.8 	14.5 	11.1 	108 	107 	0.4 	0.5 	0.9 	.083
412 	Kenny Thomas 	PF 	27 	TOT 	73 	2167 	15.2 	.515 	.471 	.291 	.006 	9.5 	18.3 	13.8 	11.7 	1.6 	0.6 	12.9 	20.7 	105 	106 	1.9 	2.4 	4.3 	.096
413 	Kurt Thomas 	PF 	32 	NYK 	80 	2855 	14.1 	.488 	.472 	.093 	.004 	6.9 	27.4 	17.1 	9.3 	1.3 	2.1 	9.5 	16.6 	104 	105 	1.8 	3.3 	5.2 	.087
414 	Tim Thomas 	SF 	27 	NYK 	71 	1940 	12.3 	.536 	.498 	.241 	.290 	2.7 	11.7 	7.2 	9.7 	1.1 	0.7 	12.5 	21.3 	103 	111 	1.4 	0.8 	2.2 	.054
415 	Jamaal Tinsley 	PG 	26 	IND 	40 	1301 	18.6 	.518 	.473 	.314 	.299 	2.4 	12.1 	7.3 	39.3 	3.4 	0.7 	18.4 	26.8 	101 	102 	0.8 	2.0 	2.8 	.102
416 	Robert Traylor 	C 	27 	CLE 	74 	1327 	12.0 	.461 	.444 	.256 	.020 	11.8 	17.8 	14.8 	7.4 	2.2 	2.8 	14.1 	17.6 	97 	103 	-0.1 	1.9 	1.8 	.066
417 	Jake Tsakalidis 	C 	25 	MEM 	31 	278 	11.8 	.542 	.500 	.281 	.000 	9.1 	15.0 	12.1 	6.0 	0.6 	4.5 	14.3 	14.2 	108 	104 	0.3 	0.4 	0.6 	.107
418 	Nikoloz Tskitishvili 	PF 	21 	TOT 	35 	220 	2.7 	.324 	.311 	.095 	.230 	6.3 	15.1 	10.6 	6.9 	1.9 	3.7 	19.8 	19.4 	66 	103 	-0.8 	0.3 	-0.5 	-0.109
419 	Hedo Turkoglu 	SF 	25 	ORL 	67 	1757 	16.0 	.532 	.479 	.288 	.313 	4.0 	10.7 	7.4 	14.9 	1.2 	0.7 	11.9 	24.8 	107 	110 	2.4 	1.0 	3.4 	.092
420 	Beno Udrih 	PG 	22 	SAS 	80 	1149 	14.3 	.549 	.518 	.228 	.364 	1.6 	6.8 	4.2 	22.2 	1.9 	0.6 	15.2 	20.5 	107 	102 	1.3 	1.8 	3.1 	.128
421 	Nick Van Exel 	SG 	33 	POR 	53 	1619 	12.5 	.494 	.471 	.132 	.458 	1.5 	9.7 	5.7 	23.3 	1.5 	0.0 	13.4 	19.5 	103 	111 	0.9 	0.7 	1.6 	.049
422 	Keith Van Horn 	SF-PF 	29 	TOT 	62 	1502 	15.7 	.550 	.504 	.278 	.252 	6.8 	15.6 	11.3 	8.5 	1.3 	1.0 	11.3 	21.5 	110 	108 	2.3 	1.2 	3.5 	.112
423 	Anderson Varejao 	PF 	22 	CLE 	54 	863 	17.0 	.534 	.513 	.658 	.010 	14.6 	20.7 	17.6 	4.9 	2.5 	3.3 	9.5 	14.4 	117 	101 	1.5 	1.4 	3.0 	.164
424 	Jacque Vaughn 	SG 	29 	NJN 	71 	1410 	8.9 	.511 	.457 	.280 	.046 	1.4 	7.8 	4.6 	16.3 	1.6 	0.1 	14.5 	14.2 	101 	107 	0.4 	1.4 	1.8 	.062
425 	Jake Voskuhl 	C 	27 	PHO 	38 	360 	8.7 	.528 	.458 	.644 	.000 	9.4 	17.5 	13.7 	6.1 	0.6 	2.0 	20.9 	11.6 	106 	107 	0.2 	0.3 	0.6 	.075
426 	Jackson Vroman 	C-PF 	23 	TOT 	46 	705 	9.6 	.457 	.412 	.377 	.015 	10.3 	19.2 	14.6 	9.6 	1.9 	2.1 	21.6 	19.4 	87 	105 	-0.9 	0.8 	-0.1 	-0.006
427 	Sasha Vujacic 	SG 	20 	LAL 	35 	403 	8.9 	.403 	.355 	.162 	.538 	3.7 	13.6 	8.7 	19.5 	1.6 	0.4 	10.7 	15.8 	98 	112 	0.0 	0.1 	0.2 	.018
428 	Dwyane Wade 	SG 	23 	MIA 	77 	2974 	23.1 	.561 	.483 	.578 	.034 	4.5 	10.8 	7.8 	31.0 	2.2 	2.0 	16.3 	30.9 	109 	103 	6.7 	4.3 	11.0 	.177
429 	Dajuan Wagner 	SG 	21 	CLE 	11 	102 	5.0 	.388 	.373 	.073 	.473 	0.0 	2.4 	1.2 	22.1 	2.6 	0.0 	13.7 	29.1 	81 	109 	-0.3 	0.1 	-0.2 	-0.099
430 	Antoine Walker 	PF 	28 	TOT 	77 	2955 	15.5 	.478 	.462 	.271 	.248 	7.0 	20.9 	13.7 	16.3 	1.6 	1.5 	14.1 	27.2 	95 	108 	-1.4 	2.3 	0.9 	.015
431 	Samaki Walker 	PF 	28 	WAS 	14 	134 	3.1 	.371 	.355 	.097 	.000 	6.5 	8.7 	7.6 	4.5 	1.2 	3.9 	19.8 	13.1 	77 	109 	-0.2 	0.1 	-0.1 	-0.047
432 	Ben Wallace 	C 	30 	DET 	74 	2671 	17.4 	.459 	.454 	.467 	.014 	12.9 	26.5 	19.8 	7.6 	2.2 	5.0 	9.5 	15.2 	105 	94 	1.8 	6.7 	8.5 	.153
433 	Gerald Wallace 	SF 	22 	CHA 	70 	2147 	14.1 	.510 	.462 	.454 	.097 	6.0 	15.1 	10.3 	10.4 	2.8 	3.2 	17.2 	19.1 	97 	104 	-0.2 	2.7 	2.4 	.055
434 	Rasheed Wallace 	PF 	30 	DET 	79 	2687 	16.4 	.499 	.475 	.184 	.222 	7.7 	20.3 	14.0 	9.8 	1.3 	3.2 	10.0 	22.3 	103 	99 	2.0 	5.1 	7.1 	.127
435 	Luke Walton 	SF 	24 	LAL 	61 	768 	11.4 	.492 	.456 	.267 	.339 	8.1 	12.7 	10.4 	19.1 	1.8 	1.0 	22.4 	15.3 	100 	111 	0.2 	0.3 	0.5 	.031
436 	Charlie Ward 	PG 	34 	HOU 	14 	360 	8.7 	.453 	.416 	.169 	.662 	2.0 	10.4 	6.3 	18.4 	2.3 	0.0 	17.9 	13.2 	96 	103 	-0.1 	0.5 	0.5 	.061
437 	Earl Watson 	PG 	25 	MEM 	80 	1808 	13.1 	.500 	.473 	.249 	.294 	2.3 	8.5 	5.4 	34.2 	2.5 	0.8 	21.4 	20.4 	98 	104 	0.1 	2.2 	2.3 	.062
438 	Clarence Weatherspoon 	PF 	34 	HOU 	40 	525 	9.0 	.475 	.412 	.307 	.000 	8.0 	18.8 	13.5 	5.2 	0.9 	0.9 	10.4 	13.0 	104 	102 	0.3 	0.8 	1.1 	.098
439 	Chris Webber 	PF 	31 	TOT 	67 	2370 	18.6 	.472 	.438 	.178 	.034 	6.1 	22.8 	14.4 	24.2 	2.0 	1.6 	11.6 	29.3 	98 	103 	0.2 	3.2 	3.4 	.070
440 	Bonzi Wells 	SG 	28 	MEM 	69 	1489 	15.9 	.515 	.470 	.305 	.169 	4.0 	14.4 	9.2 	10.2 	3.1 	1.4 	11.4 	25.0 	100 	101 	0.6 	2.5 	3.1 	.100
441 	Jiri Welsch 	SG-SF 	25 	TOT 	71 	1317 	10.9 	.518 	.447 	.456 	.296 	2.3 	12.3 	7.4 	12.0 	1.7 	0.3 	14.1 	17.7 	102 	108 	0.6 	1.0 	1.7 	.061
442 	David Wesley 	SG 	34 	TOT 	80 	2774 	11.8 	.513 	.468 	.225 	.375 	1.6 	8.0 	4.8 	16.5 	1.9 	0.3 	10.9 	17.5 	106 	106 	2.3 	2.8 	5.2 	.089
443 	David West 	SF 	24 	NOH 	30 	552 	11.1 	.479 	.442 	.291 	.029 	8.2 	19.9 	13.8 	7.6 	1.2 	2.3 	16.0 	19.4 	93 	106 	-0.3 	0.6 	0.2 	.022
444 	Delonte West 	SG 	21 	BOS 	39 	507 	12.3 	.524 	.503 	.174 	.432 	3.3 	11.5 	7.5 	16.4 	2.1 	1.2 	12.6 	17.0 	107 	107 	0.5 	0.5 	0.9 	.090
445 	Jahidi White 	C 	28 	CHA 	17 	135 	6.8 	.432 	.452 	1.290 	.000 	8.8 	20.6 	14.4 	1.2 	0.8 	6.7 	18.5 	19.6 	79 	104 	-0.3 	0.2 	-0.1 	-0.046
446 	Rodney White 	SF 	24 	TOT 	58 	677 	12.3 	.475 	.460 	.152 	.208 	4.0 	11.0 	7.5 	11.1 	2.4 	1.2 	10.7 	22.7 	95 	105 	-0.3 	0.8 	0.5 	.038
447 	Chris Wilcox 	C 	22 	LAC 	54 	1005 	13.6 	.543 	.514 	.438 	.000 	7.8 	19.1 	13.6 	6.7 	1.4 	1.8 	16.4 	21.6 	99 	105 	0.2 	1.1 	1.3 	.064
448 	Damien Wilkins 	SF 	25 	SEA 	29 	520 	13.4 	.500 	.482 	.202 	.351 	6.9 	8.7 	7.8 	8.5 	2.3 	1.5 	8.0 	17.7 	110 	110 	0.7 	0.3 	1.0 	.092
449 	Mike Wilks 	PG 	25 	SAS 	48 	278 	11.0 	.482 	.448 	.208 	.208 	1.7 	8.8 	5.3 	19.1 	2.7 	0.3 	14.3 	16.4 	100 	100 	0.1 	0.5 	0.6 	.099
450 	Aaron Williams 	C 	33 	TOT 	42 	315 	5.9 	.518 	.460 	.270 	.000 	6.2 	16.3 	11.1 	4.2 	0.8 	2.0 	19.4 	12.9 	95 	106 	-0.1 	0.3 	0.3 	.039
451 	Eric Williams 	SG 	32 	TOT 	55 	1322 	10.7 	.529 	.473 	.488 	.221 	3.9 	11.5 	7.6 	11.3 	1.5 	0.2 	13.0 	16.2 	105 	108 	0.9 	1.1 	2.1 	.075
452 	Frank Williams 	SG 	24 	CHI 	9 	71 	0.3 	.150 	.150 	.000 	.200 	3.2 	6.3 	4.7 	22.9 	1.5 	3.2 	13.0 	14.5 	57 	102 	-0.3 	0.1 	-0.2 	-0.102
453 	Jason Williams 	PG 	29 	MEM 	71 	1952 	15.4 	.522 	.496 	.157 	.512 	1.2 	6.3 	3.7 	35.6 	2.1 	0.2 	15.9 	19.8 	107 	107 	2.5 	1.9 	4.3 	.106
454 	Jerome Williams 	SF 	31 	NYK 	79 	1211 	13.2 	.563 	.502 	.708 	.021 	11.1 	16.4 	13.7 	5.2 	2.4 	0.6 	16.9 	14.5 	110 	107 	1.5 	1.1 	2.6 	.102
455 	Mo Williams 	PG 	22 	MIL 	80 	2254 	14.1 	.504 	.460 	.217 	.134 	2.6 	10.2 	6.4 	35.4 	1.7 	0.4 	19.5 	20.3 	102 	111 	1.2 	1.0 	2.2 	.046
456 	Scott Williams 	C 	36 	CLE 	19 	152 	6.8 	.360 	.293 	.268 	.024 	11.4 	11.9 	11.6 	7.8 	1.4 	2.9 	9.8 	15.1 	92 	106 	-0.1 	0.2 	0.1 	.025
457 	Corliss Williamson 	PF 	31 	TOT 	72 	1527 	14.7 	.536 	.467 	.418 	.003 	7.6 	11.5 	9.5 	8.6 	1.3 	0.8 	11.1 	22.6 	107 	108 	2.0 	1.2 	3.3 	.103
458 	Kevin Willis 	C 	42 	ATL 	29 	344 	8.0 	.434 	.389 	.256 	.022 	9.3 	16.8 	12.9 	4.1 	1.2 	1.6 	13.0 	15.0 	94 	111 	-0.1 	0.1 	0.0 	.004
459 	Loren Woods 	C 	26 	TOR 	45 	712 	11.3 	.463 	.433 	.360 	.006 	12.6 	22.5 	17.5 	3.7 	0.6 	4.0 	16.3 	14.6 	98 	106 	0.0 	0.7 	0.7 	.048
460 	Qyntel Woods 	SF 	23 	MIA 	3 	40 	7.7 	.417 	.417 	.000 	.000 	6.1 	11.2 	8.8 	0.0 	5.3 	0.0 	14.3 	16.3 	80 	97 	-0.1 	0.1 	0.0 	.024
461 	Metta World Peace 	SF 	25 	IND 	7 	291 	23.5 	.608 	.525 	.429 	.143 	3.3 	14.9 	9.2 	16.2 	2.3 	1.6 	10.7 	26.1 	118 	103 	0.9 	0.4 	1.3 	.219
462 	Dorell Wright 	SF 	19 	MIA 	3 	27 	5.2 	.306 	.273 	.091 	.364 	0.0 	4.2 	2.2 	16.7 	7.8 	0.0 	20.8 	24.9 	62 	94 	-0.1 	0.1 	-0.1 	-0.134
463 	Lorenzen Wright 	C 	29 	MEM 	80 	2287 	13.9 	.501 	.469 	.290 	.004 	9.3 	22.8 	16.1 	6.7 	1.4 	2.4 	11.5 	17.9 	103 	101 	1.3 	3.8 	5.2 	.108
464 	Wang Zhizhi 	C 	27 	MIA 	20 	92 	16.3 	.521 	.500 	.333 	.083 	7.9 	14.6 	11.4 	9.2 	1.7 	1.6 	10.8 	23.4 	104 	103 	0.1 	0.1 	0.2 	.114