1 	Shareef Abdur-Rahim 	PF 	29 	SAC 	72 	1961 	17.2 	.588 	.529 	.440 	.035 	6.4 	14.8 	10.6 	13.2 	1.3 	1.6 	12.5 	20.1 	115 	105 	4.0 	2.2 	6.2 	.152
2 	Alex Acker 	SG 	23 	DET 	5 	35 	-2.4 	.281 	.281 	.000 	.313 	3.4 	13.7 	8.5 	17.9 	1.6 	0.0 	20.0 	27.2 	61 	105 	-0.2 	0.0 	-0.2 	-0.230
3 	Malik Allen 	PF 	27 	CHI 	54 	701 	11.5 	.504 	.492 	.154 	.004 	7.2 	15.7 	11.5 	4.9 	1.0 	1.8 	11.4 	19.2 	98 	104 	0.0 	1.0 	1.0 	.068
4 	Ray Allen 	SG 	30 	SEA 	78 	3022 	22.2 	.590 	.544 	.239 	.435 	2.8 	10.6 	6.6 	17.2 	1.8 	0.4 	10.2 	27.4 	118 	116 	9.8 	-0.3 	9.5 	.150
5 	Tony Allen 	PG 	24 	BOS 	51 	978 	12.9 	.554 	.491 	.489 	.124 	4.1 	9.6 	6.9 	11.2 	2.7 	1.4 	16.8 	18.8 	103 	106 	0.6 	1.0 	1.7 	.082
6 	Rafer Alston 	PG 	29 	HOU 	63 	2431 	12.6 	.475 	.449 	.194 	.423 	1.8 	10.4 	6.1 	30.8 	2.3 	0.5 	16.4 	18.8 	99 	104 	0.2 	3.1 	3.4 	.067
7 	Chris Andersen 	C 	27 	NOK 	32 	570 	14.1 	.562 	.571 	1.051 	.000 	12.4 	20.2 	16.2 	1.7 	0.8 	5.9 	15.4 	13.9 	109 	104 	0.6 	0.7 	1.3 	.112
8 	Alan Anderson 	SF 	23 	CHA 	36 	564 	10.4 	.520 	.481 	.227 	.320 	4.4 	10.3 	7.2 	9.3 	1.0 	0.6 	13.9 	18.2 	101 	111 	0.2 	0.3 	0.4 	.037
9 	Derek Anderson 	SG 	31 	TOT 	43 	1047 	10.8 	.496 	.422 	.366 	.442 	2.4 	13.3 	8.0 	15.7 	1.2 	0.5 	13.3 	18.2 	102 	106 	0.5 	1.1 	1.6 	.074
10 	Shandon Anderson 	SF 	32 	MIA 	48 	638 	6.2 	.470 	.448 	.143 	.151 	3.5 	11.1 	7.5 	6.9 	1.4 	0.7 	15.2 	11.4 	95 	106 	-0.1 	0.7 	0.5 	.039
11 	Martynas Andriuskevicius 	C 	19 	CLE 	6 	9 	15.5 	.000 	.000 	.000 	.000 	13.0 	39.8 	26.3 	0.0 	11.9 	0.0 	0.0 	5.1 	64 	78 	0.0 	0.0 	0.0 	.155
12 	Carmelo Anthony 	SF 	21 	DEN 	80 	2941 	22.0 	.563 	.493 	.451 	.097 	4.9 	10.7 	7.8 	14.3 	1.5 	1.1 	10.4 	32.0 	110 	108 	6.8 	2.6 	9.4 	.153
13 	Rafael Araujo 	C 	25 	TOR 	52 	601 	4.5 	.385 	.366 	.193 	.007 	8.4 	21.5 	14.6 	3.7 	2.1 	0.8 	21.1 	15.3 	77 	110 	-1.2 	0.4 	-0.8 	-0.066
14 	Gilbert Arenas 	PG 	24 	WAS 	80 	3384 	23.8 	.581 	.507 	.479 	.324 	2.0 	7.8 	4.8 	27.0 	2.5 	0.6 	12.8 	30.5 	115 	108 	11.0 	2.6 	13.6 	.193
15 	Trevor Ariza 	SF 	20 	TOT 	57 	999 	11.8 	.468 	.414 	.562 	.022 	9.6 	17.1 	13.3 	9.8 	3.0 	0.9 	18.0 	15.8 	96 	106 	-0.1 	1.0 	0.9 	.043
16 	Darrell Armstrong 	PG 	37 	DAL 	62 	622 	7.3 	.444 	.379 	.328 	.375 	3.6 	12.0 	7.8 	20.6 	2.4 	0.4 	28.4 	15.4 	87 	105 	-0.7 	0.7 	0.0 	.003
17 	Carlos Arroyo 	PG-SG 	26 	TOT 	77 	1194 	15.6 	.512 	.454 	.362 	.053 	3.3 	9.8 	6.6 	31.6 	1.7 	0.2 	15.9 	20.7 	108 	107 	1.6 	1.1 	2.7 	.107
18 	Chucky Atkins 	PG-SG 	31 	TOT 	71 	1713 	12.9 	.526 	.479 	.284 	.478 	1.6 	6.8 	4.2 	20.0 	1.4 	0.1 	11.9 	20.2 	108 	108 	2.1 	1.4 	3.6 	.100
19 	Stacey Augmon 	SF 	37 	ORL 	36 	385 	7.6 	.412 	.342 	.411 	.000 	5.9 	10.9 	8.5 	9.0 	1.7 	1.2 	11.3 	12.0 	96 	108 	0.0 	0.3 	0.3 	.033
20 	Vin Baker 	C 	34 	LAC 	8 	85 	11.2 	.589 	.467 	1.200 	.000 	2.9 	22.2 	13.0 	7.0 	2.5 	3.5 	28.2 	17.4 	93 	98 	0.0 	0.2 	0.1 	.072
21 	Marcus Banks 	PG 	24 	TOT 	58 	1497 	13.6 	.543 	.491 	.314 	.135 	1.9 	8.8 	5.4 	25.3 	1.9 	0.6 	18.3 	20.6 	102 	107 	0.9 	1.4 	2.3 	.074
22 	Leandro Barbosa 	SG 	23 	PHO 	57 	1592 	15.1 	.589 	.558 	.259 	.346 	2.2 	8.1 	5.2 	14.4 	1.5 	0.3 	12.3 	20.3 	111 	108 	2.6 	1.2 	3.8 	.115
23 	Matt Barnes 	PF-SF 	25 	TOT 	56 	631 	10.7 	.545 	.511 	.336 	.107 	8.9 	13.7 	11.3 	7.0 	1.6 	0.8 	15.7 	13.8 	108 	109 	0.5 	0.4 	1.0 	.075
24 	Andre Barrett 	PG 	23 	TOT 	19 	282 	11.3 	.398 	.375 	.115 	.135 	3.7 	7.1 	5.4 	29.5 	1.9 	0.0 	12.1 	20.3 	94 	114 	-0.1 	0.0 	-0.1 	-0.019
25 	Earl Barron 	C 	24 	MIA 	8 	45 	-2.8 	.366 	.313 	.250 	.000 	5.5 	20.1 	13.1 	0.0 	0.0 	0.0 	22.0 	23.4 	65 	107 	-0.2 	0.0 	-0.2 	-0.167
26 	Brent Barry 	SG 	34 	SAS 	74 	1259 	14.8 	.581 	.568 	.171 	.586 	2.8 	11.9 	7.5 	15.5 	1.7 	1.5 	12.3 	16.0 	115 	100 	2.1 	2.2 	4.3 	.162
27 	Jon Barry 	SG 	36 	HOU 	20 	342 	8.5 	.553 	.477 	.446 	.492 	0.3 	10.1 	5.3 	12.5 	2.1 	0.2 	22.1 	13.9 	97 	105 	0.0 	0.4 	0.4 	.055
28 	Eddie Basden 	SF 	22 	CHI 	19 	141 	10.3 	.471 	.419 	.270 	.189 	5.7 	17.0 	11.4 	8.8 	3.3 	1.1 	17.9 	16.1 	92 	99 	-0.1 	0.3 	0.2 	.065
29 	Brandon Bass 	PF 	20 	NOK 	29 	268 	9.1 	.434 	.400 	.271 	.000 	7.8 	22.8 	15.1 	1.8 	0.6 	2.2 	12.3 	15.6 	90 	106 	-0.2 	0.3 	0.1 	.013
30 	Esteban Batista 	PF 	22 	ATL 	57 	495 	7.1 	.489 	.425 	.663 	.013 	14.4 	20.7 	17.5 	2.1 	1.6 	1.7 	26.9 	13.0 	92 	109 	-0.2 	0.3 	0.1 	.011
31 	Tony Battie 	C 	29 	ORL 	82 	2215 	12.2 	.531 	.507 	.243 	.011 	8.3 	16.9 	12.7 	3.7 	1.1 	2.5 	12.6 	14.9 	106 	107 	1.7 	2.2 	3.8 	.083
32 	Shane Battier 	SF 	27 	MEM 	81 	2839 	14.7 	.574 	.540 	.335 	.266 	7.1 	11.2 	9.2 	8.2 	1.8 	3.2 	11.2 	13.7 	117 	102 	4.6 	4.5 	9.1 	.153
33 	Lonny Baxter 	C-PF 	27 	TOT 	41 	400 	11.9 	.494 	.433 	.337 	.000 	13.2 	21.3 	17.1 	1.7 	1.5 	1.6 	14.3 	16.2 	101 	103 	0.1 	0.6 	0.7 	.088
34 	Charlie Bell 	SG 	26 	MIL 	59 	1283 	14.7 	.550 	.526 	.217 	.410 	1.9 	9.3 	5.6 	16.6 	2.4 	0.3 	8.4 	17.5 	114 	108 	2.2 	1.1 	3.3 	.123
35 	Raja Bell 	SG 	29 	PHO 	79 	2959 	12.9 	.584 	.563 	.157 	.480 	1.7 	7.7 	4.7 	9.8 	1.3 	0.5 	8.2 	16.4 	114 	109 	4.7 	2.1 	6.8 	.110
36 	Jonathan Bender 	SF 	25 	IND 	2 	21 	26.4 	.850 	.800 	.400 	.000 	0.0 	21.3 	11.0 	18.5 	0.0 	3.5 	0.0 	13.0 	180 	102 	0.1 	0.0 	0.2 	.359
37 	Mike Bibby 	PG 	27 	SAC 	82 	3167 	17.9 	.554 	.501 	.292 	.360 	1.1 	7.7 	4.4 	25.2 	1.4 	0.2 	11.3 	25.4 	110 	109 	6.0 	2.4 	8.4 	.127
38 	Andris Biedrins 	C 	19 	GSW 	68 	1000 	13.6 	.595 	.638 	.389 	.000 	13.5 	18.2 	15.8 	3.9 	1.2 	3.5 	13.6 	11.2 	119 	104 	1.6 	1.3 	2.9 	.137
39 	Chauncey Billups 	PG 	29 	DET 	81 	2925 	23.4 	.602 	.509 	.514 	.420 	1.6 	8.7 	5.1 	39.3 	1.3 	0.2 	12.0 	22.9 	127 	107 	12.7 	2.8 	15.5 	.254
40 	Steve Blake 	PG 	25 	POR 	68 	1781 	14.5 	.549 	.519 	.194 	.391 	1.7 	8.2 	4.9 	29.0 	1.3 	0.2 	14.0 	15.8 	114 	115 	3.0 	-0.2 	2.8 	.076
41 	Andray Blatche 	PF 	19 	WAS 	29 	175 	10.1 	.450 	.410 	.179 	.194 	7.7 	17.8 	12.6 	9.5 	1.5 	3.1 	14.2 	21.5 	93 	105 	-0.1 	0.2 	0.1 	.026
42 	Mark Blount 	C 	30 	TOT 	81 	2240 	12.1 	.549 	.508 	.302 	.000 	5.3 	14.2 	9.8 	7.8 	1.0 	2.6 	18.9 	21.4 	96 	106 	-0.5 	2.3 	1.7 	.037
43 	Keith Bogans 	SG-SF 	25 	TOT 	72 	1912 	10.7 	.497 	.455 	.342 	.368 	3.3 	12.4 	7.8 	11.2 	2.0 	0.4 	12.6 	17.2 	99 	106 	0.3 	2.0 	2.3 	.058
44 	Andrew Bogut 	PF 	21 	MIL 	82 	2348 	15.2 	.555 	.533 	.320 	.005 	9.4 	19.8 	14.5 	13.4 	1.1 	2.3 	15.3 	15.9 	111 	106 	3.1 	2.4 	5.5 	.113
45 	Matt Bonner 	PF 	25 	TOR 	78 	1710 	13.7 	.582 	.557 	.163 	.520 	5.9 	14.8 	10.2 	5.2 	1.5 	1.4 	6.0 	14.4 	122 	112 	3.5 	0.5 	4.1 	.114
46 	Calvin Booth 	C 	29 	WAS 	33 	250 	8.9 	.451 	.436 	.191 	.043 	8.6 	15.8 	12.1 	7.2 	1.9 	2.8 	13.6 	10.5 	103 	105 	0.1 	0.3 	0.4 	.070
47 	Carlos Boozer 	PF 	24 	UTA 	33 	1025 	21.4 	.585 	.549 	.343 	.000 	8.6 	25.3 	16.9 	18.0 	1.6 	0.6 	13.1 	23.9 	113 	105 	2.2 	1.3 	3.5 	.162
48 	Chris Bosh 	C 	21 	TOR 	70 	2751 	23.2 	.585 	.505 	.534 	.012 	8.7 	20.6 	14.4 	11.8 	1.0 	2.3 	10.5 	25.2 	118 	111 	8.7 	1.1 	9.8 	.170
49 	Bruce Bowen 	SF 	34 	SAS 	82 	2755 	9.1 	.540 	.530 	.157 	.457 	1.5 	11.9 	6.9 	6.8 	1.6 	0.8 	10.5 	11.1 	107 	101 	1.7 	4.5 	6.2 	.108
50 	Ryan Bowen 	SF 	30 	HOU 	68 	652 	4.0 	.338 	.310 	.113 	.177 	5.7 	10.1 	7.9 	5.9 	1.8 	0.8 	9.1 	10.5 	83 	105 	-0.6 	0.8 	0.2 	.012
51 	Earl Boykins 	PG 	29 	DEN 	60 	1542 	15.7 	.513 	.457 	.263 	.271 	1.6 	4.5 	3.1 	25.0 	1.6 	0.2 	10.1 	23.8 	107 	110 	2.0 	0.9 	2.9 	.090
52 	Michael Bradley 	PF 	26 	PHI 	46 	367 	8.4 	.417 	.411 	.038 	.063 	12.7 	21.4 	17.1 	6.9 	0.7 	1.4 	19.1 	12.3 	93 	108 	-0.2 	0.3 	0.1 	.019
53 	Elton Brand 	PF 	26 	LAC 	79 	3099 	26.5 	.580 	.527 	.396 	.002 	9.3 	19.9 	14.8 	13.1 	1.4 	4.9 	9.3 	27.7 	116 	100 	9.3 	5.5 	14.8 	.229
54 	Primoz Brezec 	C 	26 	CHA 	79 	2165 	15.3 	.552 	.517 	.283 	.003 	9.1 	14.8 	11.8 	3.7 	0.5 	1.1 	8.7 	20.0 	111 	110 	3.4 	1.2 	4.6 	.102
55 	Devin Brown 	SG 	27 	UTA 	81 	1711 	10.3 	.493 	.430 	.402 	.224 	5.1 	9.6 	7.3 	10.7 	1.4 	0.7 	13.8 	19.5 	100 	110 	0.4 	1.1 	1.4 	.041
56 	Kwame Brown 	C 	23 	LAL 	72 	1978 	11.7 	.545 	.526 	.606 	.003 	10.8 	17.3 	14.1 	5.6 	0.7 	1.8 	16.9 	13.6 	108 	107 	1.7 	1.9 	3.6 	.088
57 	P.J. Brown 	C 	36 	NOK 	75 	2380 	12.7 	.515 	.461 	.288 	.000 	8.9 	18.8 	13.7 	6.3 	1.0 	1.7 	12.0 	14.7 	107 	107 	2.1 	2.3 	4.4 	.088
58 	Rick Brunson 	PG 	33 	TOT 	27 	246 	6.3 	.455 	.435 	.222 	.241 	0.5 	9.9 	5.3 	23.4 	1.8 	0.3 	27.1 	15.6 	83 	107 	-0.4 	0.2 	-0.1 	-0.025
59 	Kobe Bryant 	SG 	27 	LAL 	80 	3277 	28.0 	.559 	.491 	.377 	.238 	2.6 	12.7 	7.6 	24.1 	2.4 	0.7 	9.0 	38.7 	114 	105 	11.6 	3.7 	15.3 	.224
60 	Greg Buckner 	SG 	29 	DEN 	73 	1758 	11.4 	.556 	.537 	.132 	.583 	2.1 	11.7 	6.9 	10.8 	2.5 	0.9 	10.5 	12.6 	111 	105 	1.7 	2.0 	3.8 	.103
61 	Pat Burke 	C 	32 	PHO 	42 	346 	9.9 	.517 	.504 	.165 	.055 	6.9 	16.3 	11.7 	6.8 	0.9 	2.6 	19.5 	21.9 	90 	105 	-0.3 	0.4 	0.1 	.009
62 	Antonio Burks 	PG 	25 	MEM 	57 	570 	5.1 	.367 	.358 	.160 	.042 	0.9 	7.0 	3.9 	22.1 	2.0 	0.0 	18.9 	16.2 	80 	105 	-1.1 	0.7 	-0.4 	-0.033
63 	Kevin Burleson 	PG 	26 	CHA 	39 	340 	5.1 	.367 	.307 	.193 	.614 	1.3 	8.0 	4.4 	20.8 	3.9 	0.5 	20.8 	15.7 	79 	105 	-0.6 	0.4 	-0.2 	-0.032
64 	Caron Butler 	SF 	25 	WAS 	75 	2708 	17.0 	.535 	.474 	.306 	.110 	4.8 	15.6 	10.0 	12.1 	2.4 	0.5 	12.4 	23.2 	107 	106 	3.5 	2.8 	6.3 	.112
65 	Jackie Butler 	C 	20 	NYK 	55 	740 	14.8 	.587 	.544 	.358 	.000 	10.9 	19.3 	15.0 	6.1 	1.2 	3.4 	19.9 	19.0 	105 	109 	0.7 	0.6 	1.2 	.078
66 	Rasual Butler 	SF 	26 	NOK 	79 	1875 	10.8 	.501 	.479 	.180 	.382 	3.2 	11.8 	7.4 	3.7 	0.9 	2.0 	8.7 	18.6 	100 	109 	0.4 	1.3 	1.7 	.045
67 	Andrew Bynum 	C 	18 	LAL 	46 	338 	7.4 	.394 	.402 	.329 	.000 	11.9 	16.0 	13.9 	4.1 	0.6 	5.0 	15.3 	15.0 	87 	105 	-0.4 	0.4 	0.1 	.007
68 	Will Bynum 	PG 	23 	GSW 	15 	162 	8.7 	.457 	.423 	.308 	.173 	2.0 	6.3 	4.1 	19.2 	2.2 	0.0 	19.2 	20.1 	88 	108 	-0.2 	0.1 	-0.1 	-0.021
69 	Zarko Cabarkapa 	PF 	24 	GSW 	61 	505 	9.9 	.472 	.399 	.483 	.115 	8.0 	16.7 	12.3 	6.5 	1.3 	1.0 	14.2 	21.7 	95 	106 	-0.2 	0.5 	0.3 	.031
70 	Jose Calderon 	SG 	24 	TOR 	64 	1487 	11.4 	.495 	.434 	.295 	.138 	2.4 	9.5 	5.8 	29.1 	1.5 	0.2 	22.3 	14.1 	104 	115 	0.9 	0.0 	0.9 	.029
71 	Marcus Camby 	C 	31 	DEN 	56 	1857 	19.9 	.499 	.466 	.240 	.017 	8.4 	33.3 	21.0 	10.2 	2.2 	7.5 	11.4 	19.5 	102 	95 	1.0 	4.5 	5.5 	.141
72 	Brian Cardinal 	PF 	28 	MEM 	36 	402 	10.0 	.505 	.473 	.243 	.261 	3.4 	13.1 	8.3 	14.2 	3.2 	0.0 	18.0 	18.1 	96 	100 	-0.1 	0.7 	0.6 	.074
73 	Matt Carroll 	SG 	25 	CHA 	78 	1275 	13.9 	.540 	.479 	.353 	.389 	2.9 	12.0 	7.1 	4.6 	1.9 	0.7 	8.0 	20.8 	108 	108 	1.6 	1.0 	2.6 	.097
74 	Anthony Carter 	PG 	30 	MIN 	45 	589 	10.6 	.465 	.401 	.401 	.109 	1.9 	10.5 	6.3 	26.9 	2.2 	1.2 	19.9 	16.2 	96 	105 	-0.1 	0.7 	0.6 	.047
75 	Vince Carter 	SG 	29 	NJN 	79 	2906 	21.6 	.536 	.471 	.396 	.242 	5.4 	13.4 	9.3 	24.4 	1.7 	1.5 	10.7 	32.3 	107 	102 	4.9 	4.4 	9.3 	.153
76 	Sam Cassell 	PG 	36 	LAC 	78 	2653 	18.5 	.534 	.475 	.301 	.171 	1.8 	10.4 	6.3 	32.5 	1.5 	0.3 	12.2 	25.0 	109 	106 	4.8 	2.8 	7.6 	.137
77 	Kelvin Cato 	C 	31 	TOT 	27 	333 	9.3 	.493 	.429 	.417 	.000 	7.6 	18.0 	12.9 	1.9 	1.0 	2.8 	15.3 	16.7 	96 	106 	0.0 	0.4 	0.3 	.045
78 	Tyson Chandler 	C 	23 	CHI 	79 	2121 	12.2 	.567 	.565 	.682 	.004 	14.4 	24.2 	19.3 	5.6 	1.0 	3.8 	25.1 	10.4 	107 	100 	1.5 	3.9 	5.4 	.123
79 	Calbert Cheaney 	SF 	34 	GSW 	42 	448 	6.0 	.412 	.389 	.074 	.074 	4.9 	10.5 	7.6 	6.6 	1.5 	0.3 	13.2 	12.8 	88 	108 	-0.3 	0.3 	0.0 	.000
80 	Josh Childress 	SF 	22 	ATL 	74 	2249 	15.8 	.626 	.583 	.399 	.129 	7.0 	13.9 	10.3 	9.4 	2.0 	1.3 	14.6 	14.0 	121 	111 	4.6 	1.1 	5.7 	.121
81 	Doug Christie 	SG 	35 	DAL 	7 	185 	6.8 	.416 	.346 	.462 	.038 	1.3 	7.0 	4.2 	10.9 	2.7 	0.4 	16.1 	9.4 	93 	106 	-0.1 	0.2 	0.1 	.035
82 	Speedy Claxton 	PG 	27 	NOK 	71 	2019 	16.1 	.497 	.425 	.435 	.086 	2.2 	9.3 	5.7 	29.8 	2.9 	0.2 	14.9 	23.8 	101 	107 	1.1 	2.0 	3.0 	.072
83 	Mateen Cleaves 	PG 	28 	SEA 	27 	230 	9.1 	.448 	.380 	.338 	.225 	1.0 	6.4 	3.7 	27.4 	0.7 	0.7 	14.7 	18.6 	101 	119 	0.1 	-0.1 	0.0 	-0.005
84 	Jarron Collins 	C 	27 	UTA 	79 	1730 	11.0 	.551 	.461 	.782 	.000 	9.3 	14.1 	11.7 	9.1 	1.1 	1.3 	13.9 	11.7 	117 	108 	2.5 	1.4 	3.9 	.107
85 	Jason Collins 	C 	27 	NJN 	71 	1895 	5.5 	.425 	.403 	.328 	.046 	5.7 	15.6 	10.6 	5.7 	1.3 	1.7 	16.9 	9.0 	90 	102 	-0.9 	2.9 	2.0 	.051
86 	Nick Collison 	PF 	25 	SEA 	66 	1448 	14.0 	.556 	.525 	.287 	.008 	11.8 	19.0 	15.4 	8.1 	0.8 	1.9 	14.8 	16.1 	112 	114 	2.2 	0.1 	2.3 	.075
87 	Brian Cook 	PF 	25 	LAL 	81 	1535 	15.6 	.578 	.546 	.198 	.164 	6.8 	14.2 	10.5 	8.3 	1.3 	1.6 	9.9 	18.3 	116 	106 	3.0 	1.5 	4.5 	.142
88 	Jamal Crawford 	SG 	25 	NYK 	79 	2555 	15.5 	.544 	.474 	.406 	.333 	1.7 	10.2 	5.9 	20.9 	1.8 	0.5 	14.4 	21.5 	109 	112 	3.7 	0.8 	4.5 	.084
89 	Austin Croshere 	PF 	30 	IND 	50 	1148 	15.2 	.618 	.558 	.358 	.491 	6.4 	19.8 	13.3 	9.1 	1.0 	0.4 	12.7 	15.3 	121 	103 	2.5 	1.7 	4.1 	.173
90 	Eddy Curry 	C 	23 	NYK 	72 	1865 	17.0 	.604 	.563 	.814 	.000 	9.4 	18.9 	14.1 	1.9 	0.8 	2.5 	18.1 	24.1 	106 	110 	2.3 	1.0 	3.3 	.084
91 	Samuel Dalembert 	C 	24 	PHI 	66 	1761 	14.2 	.568 	.531 	.358 	.003 	10.6 	25.4 	18.0 	2.2 	1.0 	6.9 	20.0 	13.8 	104 	102 	0.9 	2.6 	3.6 	.097
92 	Erick Dampier 	C 	30 	DAL 	82 	1934 	13.9 	.531 	.493 	.620 	.000 	17.3 	22.4 	19.9 	4.0 	0.8 	4.2 	20.7 	13.4 	108 	103 	1.9 	2.9 	4.8 	.119
93 	Antonio Daniels 	SG 	30 	WAS 	80 	2283 	13.7 	.550 	.439 	.611 	.184 	0.9 	8.0 	4.4 	19.2 	1.2 	0.3 	11.3 	15.4 	118 	111 	4.3 	0.9 	5.3 	.111
94 	Marquis Daniels 	SG 	25 	DAL 	62 	1766 	14.9 	.535 	.484 	.357 	.037 	5.6 	9.6 	7.6 	16.2 	2.1 	0.6 	14.4 	18.3 	110 	107 	2.4 	1.7 	4.2 	.114
95 	Antonio Davis 	PF-C 	37 	TOT 	44 	940 	8.3 	.479 	.432 	.426 	.005 	11.5 	15.5 	13.5 	3.5 	1.3 	0.9 	18.4 	13.4 	97 	112 	0.0 	0.4 	0.3 	.017
96 	Baron Davis 	PG 	26 	GSW 	54 	1971 	18.3 	.489 	.448 	.336 	.376 	2.5 	11.1 	6.7 	42.6 	2.3 	0.5 	13.9 	25.9 	105 	106 	2.4 	2.0 	4.4 	.106
97 	Dale Davis 	C 	36 	DET 	28 	178 	9.9 	.425 	.375 	.625 	.042 	13.9 	21.6 	17.7 	4.8 	0.0 	3.7 	11.6 	9.2 	110 	103 	0.1 	0.3 	0.4 	.108
98 	Josh Davis 	PF 	25 	TOT 	6 	17 	13.6 	.361 	.286 	.429 	.286 	20.4 	7.1 	13.7 	8.8 	6.0 	0.0 	10.7 	24.8 	90 	100 	0.0 	0.0 	0.0 	.018
99 	Ricky Davis 	SG-SF 	26 	TOT 	78 	3207 	15.6 	.521 	.476 	.265 	.186 	2.5 	10.5 	6.6 	22.2 	1.5 	0.4 	12.8 	24.3 	103 	108 	2.5 	2.5 	5.0 	.075
100 	Carlos Delfino 	SG 	23 	DET 	68 	726 	10.6 	.483 	.447 	.296 	.265 	4.5 	14.1 	9.3 	9.7 	1.6 	1.5 	12.4 	19.1 	98 	103 	0.0 	1.0 	1.0 	.067
101 	Tony Delk 	PG-SG 	32 	TOT 	24 	385 	16.1 	.526 	.503 	.168 	.292 	4.3 	12.2 	8.2 	15.2 	1.9 	0.2 	9.9 	23.7 	106 	105 	0.4 	0.5 	0.9 	.112
102 	Luol Deng 	SF 	20 	CHI 	78 	2604 	15.8 	.517 	.474 	.289 	.082 	5.6 	17.1 	11.4 	9.7 	1.4 	1.5 	8.9 	20.4 	106 	103 	2.7 	3.8 	6.5 	.120
103 	Boris Diaw 	PF 	23 	PHO 	81 	2874 	17.3 	.564 	.531 	.279 	.035 	6.3 	15.1 	10.8 	24.9 	1.0 	2.1 	16.5 	17.9 	115 	106 	5.9 	3.0 	8.9 	.149
104 	Dan Dickau 	PG 	27 	BOS 	19 	234 	10.4 	.575 	.478 	.391 	.435 	2.7 	5.6 	4.2 	25.5 	2.4 	0.3 	25.0 	14.1 	109 	108 	0.3 	0.2 	0.4 	.090
105 	Travis Diener 	PG 	23 	ORL 	23 	246 	12.6 	.614 	.601 	.087 	.826 	2.1 	8.3 	5.3 	10.6 	1.5 	0.0 	12.2 	15.7 	118 	110 	0.5 	0.1 	0.6 	.115
106 	Ike Diogu 	PF 	22 	GSW 	69 	1031 	15.8 	.596 	.524 	.503 	.000 	10.0 	14.9 	12.4 	4.9 	0.7 	2.2 	16.1 	21.0 	111 	107 	1.7 	1.0 	2.6 	.123
107 	DeSagana Diop 	C 	24 	DAL 	81 	1510 	11.5 	.512 	.490 	.468 	.013 	11.8 	17.9 	14.9 	2.2 	1.6 	7.4 	16.2 	6.9 	116 	100 	1.3 	2.7 	4.1 	.130
108 	Juan Dixon 	SG 	27 	POR 	76 	1920 	14.6 	.516 	.474 	.236 	.207 	1.9 	9.3 	5.5 	14.9 	1.7 	0.2 	11.1 	25.2 	102 	114 	1.1 	0.1 	1.2 	.030
109 	Michael Doleac 	C 	28 	MIA 	31 	371 	9.9 	.484 	.420 	.341 	.000 	7.6 	18.9 	13.5 	3.2 	1.4 	1.4 	12.2 	14.3 	101 	104 	0.1 	0.5 	0.6 	.079
110 	Keyon Dooling 	PG 	25 	ORL 	50 	1137 	12.6 	.513 	.456 	.299 	.106 	1.2 	7.1 	4.2 	16.7 	2.3 	0.3 	15.2 	22.5 	99 	109 	0.3 	0.8 	1.1 	.046
111 	Chris Duhon 	PG 	23 	CHI 	74 	2155 	12.9 	.538 	.493 	.266 	.517 	1.5 	10.2 	5.9 	26.4 	1.7 	0.1 	16.3 	15.0 	111 	105 	2.7 	2.5 	5.2 	.116
112 	Tim Duncan 	PF 	29 	SAS 	80 	2784 	23.1 	.523 	.485 	.450 	.004 	10.1 	26.9 	18.7 	16.5 	1.4 	4.2 	12.2 	27.7 	106 	94 	3.9 	6.9 	10.8 	.187
113 	Mike Dunleavy 	SF 	25 	GSW 	81 	2578 	12.5 	.503 	.451 	.309 	.319 	3.3 	14.2 	8.6 	15.0 	1.2 	0.9 	11.5 	18.1 	104 	107 	1.9 	2.3 	4.2 	.077
114 	Ronald Dupree 	SF 	25 	MIN 	36 	265 	10.4 	.494 	.524 	.651 	.016 	9.8 	12.4 	11.1 	8.8 	2.4 	0.0 	14.7 	17.0 	97 	104 	0.0 	0.3 	0.3 	.056
115 	John Edwards 	C 	24 	ATL 	40 	296 	6.4 	.508 	.484 	.172 	.000 	7.1 	12.5 	9.7 	2.7 	0.5 	3.9 	14.8 	12.4 	101 	112 	0.1 	0.1 	0.2 	.026
116 	Howard Eisley 	PG 	33 	TOT 	32 	394 	9.2 	.445 	.393 	.233 	.408 	0.9 	8.7 	4.9 	25.6 	1.4 	0.4 	15.6 	15.4 	98 	108 	0.0 	0.3 	0.3 	.037
117 	Monta Ellis 	SG 	20 	GSW 	49 	886 	11.1 	.486 	.459 	.186 	.258 	2.7 	10.7 	6.6 	14.9 	1.9 	0.9 	14.4 	20.2 	95 	107 	-0.3 	0.8 	0.5 	.028
118 	Francisco Elson 	C 	29 	DEN 	72 	1579 	10.1 	.556 	.533 	.261 	.018 	7.4 	17.6 	12.5 	4.4 	1.7 	2.1 	17.0 	10.8 	105 	104 	0.8 	2.0 	2.9 	.087
119 	Melvin Ely 	PF 	27 	CHA 	57 	1348 	14.3 	.550 	.508 	.452 	.005 	7.6 	16.8 	11.9 	9.7 	1.1 	2.5 	16.4 	20.1 	103 	107 	0.8 	1.2 	2.0 	.072
120 	Maurice Evans 	SG 	27 	DET 	80 	1139 	14.0 	.545 	.515 	.191 	.340 	7.8 	9.2 	8.5 	8.5 	2.0 	1.0 	9.5 	17.0 	113 	105 	1.8 	1.4 	3.2 	.135
121 	Reggie Evans 	PF 	25 	TOT 	67 	1393 	12.5 	.519 	.489 	.810 	.004 	14.6 	28.3 	21.4 	4.0 	1.5 	0.5 	19.0 	14.4 	104 	107 	0.8 	1.3 	2.1 	.072
122 	Daniel Ewing 	SG 	22 	LAC 	66 	971 	7.6 	.458 	.424 	.180 	.306 	2.9 	7.1 	5.1 	13.2 	2.0 	0.5 	17.2 	15.8 	90 	106 	-0.7 	1.0 	0.3 	.017
123 	Noel Felix 	SF 	24 	SEA 	12 	82 	-1.1 	.316 	.260 	.320 	.120 	4.4 	14.9 	9.6 	3.5 	1.3 	2.8 	21.9 	20.0 	62 	114 	-0.3 	0.0 	-0.3 	-0.197
124 	Raymond Felton 	PG 	21 	CHA 	80 	2406 	14.2 	.483 	.446 	.251 	.307 	3.5 	9.7 	6.4 	30.9 	2.2 	0.3 	15.7 	21.4 	100 	109 	0.8 	1.8 	2.6 	.051
125 	Michael Finley 	SG 	32 	SAS 	77 	2038 	12.7 	.523 	.491 	.165 	.401 	1.8 	12.2 	7.2 	9.3 	1.0 	0.2 	7.7 	18.9 	107 	103 	2.0 	2.9 	5.0 	.117
126 	Derek Fisher 	PG 	31 	GSW 	82 	2589 	14.8 	.536 	.476 	.330 	.333 	1.5 	7.7 	4.5 	22.6 	2.5 	0.2 	13.3 	20.2 	108 	107 	3.4 	2.4 	5.8 	.107
127 	Gerald Fitch 	PG 	23 	MIA 	18 	239 	10.2 	.424 	.376 	.258 	.292 	3.6 	10.9 	7.4 	21.5 	1.5 	1.6 	13.1 	22.0 	93 	105 	-0.1 	0.3 	0.1 	.026
128 	Marcus Fizer 	PF 	27 	NOK 	3 	39 	14.1 	.559 	.559 	.118 	.059 	3.0 	18.8 	10.7 	5.3 	0.0 	0.0 	10.1 	23.8 	102 	110 	0.0 	0.0 	0.0 	.056
129 	Sharrod Ford 	PF 	24 	PHO 	3 	13 	0.6 	.667 	.667 	.000 	.000 	8.7 	16.7 	12.8 	0.0 	0.0 	5.4 	40.0 	17.2 	78 	104 	0.0 	0.0 	0.0 	-0.032
130 	T.J. Ford 	PG 	22 	MIL 	72 	2557 	13.1 	.489 	.438 	.314 	.132 	2.9 	11.7 	7.2 	29.8 	2.1 	0.2 	19.6 	20.0 	99 	108 	0.4 	2.1 	2.5 	.047
131 	Danny Fortson 	C 	29 	SEA 	23 	276 	8.5 	.622 	.529 	.843 	.000 	13.4 	20.9 	17.1 	1.1 	0.8 	0.6 	27.1 	15.6 	105 	114 	0.2 	0.0 	0.2 	.038
132 	Jeff Foster 	C 	29 	IND 	63 	1581 	15.1 	.581 	.552 	.636 	.016 	16.9 	24.8 	20.9 	5.1 	1.4 	1.2 	16.7 	11.3 	120 	100 	2.8 	2.9 	5.7 	.174
133 	Adonal Foyle 	C 	30 	GSW 	77 	1824 	10.3 	.524 	.507 	.223 	.000 	8.5 	17.6 	13.0 	2.8 	1.2 	5.1 	19.5 	10.0 	100 	103 	0.3 	2.5 	2.8 	.075
134 	Richie Frahm 	SG 	28 	TOT 	33 	342 	9.4 	.517 	.505 	.100 	.700 	1.1 	10.2 	5.7 	10.2 	0.6 	0.4 	7.1 	15.6 	106 	109 	0.2 	0.3 	0.5 	.071
135 	Steve Francis 	PG-SG 	28 	TOT 	70 	2393 	15.2 	.534 	.452 	.522 	.108 	3.9 	10.9 	7.5 	24.6 	1.7 	0.6 	18.5 	22.6 	104 	110 	2.2 	1.4 	3.6 	.073
136 	Channing Frye 	C 	22 	NYK 	65 	1572 	18.1 	.541 	.479 	.358 	.014 	10.6 	18.5 	14.5 	6.6 	1.0 	2.5 	11.6 	24.2 	110 	110 	2.6 	0.9 	3.5 	.108
137 	Dan Gadzuric 	C 	27 	MIL 	74 	885 	17.2 	.550 	.553 	.288 	.003 	12.0 	19.3 	15.6 	4.9 	1.5 	3.9 	9.1 	19.8 	111 	104 	1.3 	1.1 	2.5 	.134
138 	Deng Gai 	C 	23 	PHI 	2 	5 	0.0 	0.0	0.0	0.0	0.0	0.0 	0.0 	0.0 	0.0 	0.0 	0.0 	0.0	0.0 	0.0	117 	0.0 	0.0 	0.0 	-0.015
139 	Reece Gaines 	PG 	25 	MIL 	12 	54 	6.7 	.472 	.500 	.333 	.167 	0.0 	0.0 	0.0 	8.7 	1.0 	0.0 	6.8 	12.5 	97 	114 	0.0 	0.0 	0.0 	.004
140 	Francisco Garcia 	SF 	24 	SAC 	67 	1301 	10.3 	.510 	.460 	.311 	.422 	3.5 	13.0 	8.3 	11.2 	1.6 	2.6 	16.9 	15.7 	98 	104 	0.0 	1.6 	1.6 	.060
141 	Kevin Garnett 	PF 	29 	MIN 	76 	2957 	26.8 	.589 	.529 	.411 	.025 	8.9 	29.7 	19.6 	20.2 	1.9 	2.7 	11.3 	25.5 	117 	98 	9.0 	5.9 	14.9 	.242
142 	Pat Garrity 	PF 	29 	ORL 	57 	938 	9.1 	.546 	.521 	.153 	.533 	4.2 	9.9 	7.1 	6.5 	0.7 	0.8 	12.8 	15.0 	107 	111 	0.8 	0.4 	1.2 	.062
143 	Pau Gasol 	PF 	25 	MEM 	80 	3135 	22.7 	.555 	.504 	.517 	.010 	7.5 	20.0 	13.8 	23.7 	0.8 	3.9 	13.8 	26.4 	111 	100 	6.6 	5.4 	12.0 	.184
144 	Devean George 	SF 	28 	LAL 	71 	1542 	11.3 	.484 	.459 	.202 	.376 	6.3 	14.6 	10.5 	6.9 	2.3 	1.7 	10.4 	15.3 	103 	104 	0.7 	2.0 	2.6 	.082
145 	Eddie Gill 	PG 	27 	IND 	41 	122 	9.9 	.408 	.300 	.511 	.511 	0.0 	13.8 	7.1 	15.8 	4.8 	0.6 	14.0 	24.5 	85 	97 	-0.2 	0.3 	0.1 	.020
146 	Manu Ginobili 	SG 	28 	SAS 	65 	1813 	22.4 	.593 	.524 	.538 	.324 	2.8 	12.0 	7.5 	22.2 	3.0 	1.0 	12.8 	25.0 	117 	98 	5.1 	3.7 	8.8 	.234
147 	Gordan Giricek 	SG 	28 	UTA 	37 	956 	8.7 	.482 	.457 	.149 	.154 	1.9 	7.0 	4.4 	12.8 	0.9 	0.3 	13.4 	22.8 	93 	112 	-0.6 	0.4 	-0.2 	-0.010
148 	Anthony Goldwire 	PG 	34 	LAC 	3 	22 	-5.5 	.143 	.143 	.000 	.286 	0.0 	5.1 	2.6 	12.8 	0.0 	0.0 	12.5 	16.8 	41 	111 	-0.1 	0.0 	-0.1 	-0.245
149 	Ryan Gomes 	PF 	23 	BOS 	61 	1376 	14.0 	.548 	.492 	.420 	.025 	9.3 	16.9 	13.2 	6.8 	1.3 	0.3 	11.6 	15.9 	112 	108 	1.9 	1.2 	3.1 	.108
150 	Drew Gooden 	PF 	24 	CLE 	79 	2174 	17.6 	.552 	.513 	.396 	.005 	12.8 	23.5 	18.1 	4.4 	1.3 	1.7 	12.2 	18.6 	112 	104 	3.6 	2.9 	6.6 	.145
151 	Ben Gordon 	SG 	22 	CHI 	80 	2482 	14.5 	.531 	.494 	.233 	.332 	2.0 	8.1 	5.1 	17.3 	1.6 	0.2 	12.4 	26.3 	102 	106 	1.8 	2.6 	4.4 	.086
152 	Joey Graham 	SF 	23 	TOR 	80 	1581 	10.2 	.564 	.513 	.321 	.210 	4.2 	15.1 	9.4 	6.0 	1.2 	0.6 	16.3 	16.5 	104 	113 	1.0 	0.3 	1.3 	.038
153 	Stephen Graham 	SG 	23 	TOT 	22 	175 	6.9 	.479 	.407 	.278 	.185 	3.4 	14.8 	9.1 	6.9 	1.5 	0.9 	17.7 	19.6 	89 	105 	-0.2 	0.2 	0.0 	.009
154 	Danny Granger 	SF 	22 	IND 	78 	1765 	14.7 	.540 	.494 	.310 	.195 	8.8 	16.0 	12.5 	8.8 	1.8 	2.6 	12.8 	16.4 	110 	101 	2.1 	3.0 	5.1 	.139
155 	Brian Grant 	C 	33 	PHO 	21 	248 	6.6 	.445 	.415 	.123 	.000 	5.0 	20.1 	12.8 	3.8 	1.0 	0.8 	9.3 	13.6 	94 	105 	-0.1 	0.3 	0.2 	.041
156 	Devin Green 	SG 	23 	LAL 	27 	135 	4.7 	.336 	.214 	.750 	.071 	8.7 	12.2 	10.5 	7.3 	1.2 	0.0 	11.8 	14.3 	85 	109 	-0.2 	0.1 	-0.1 	-0.018
157 	Gerald Green 	SG 	20 	BOS 	32 	374 	13.1 	.541 	.500 	.268 	.145 	3.3 	9.9 	6.7 	8.5 	1.8 	0.8 	12.5 	21.7 	102 	108 	0.2 	0.3 	0.5 	.064
158 	Willie Green 	SG 	24 	PHI 	10 	153 	8.6 	.513 	.500 	.076 	.288 	0.8 	10.7 	5.7 	5.7 	0.7 	0.0 	15.0 	23.9 	90 	112 	-0.2 	0.0 	-0.1 	-0.038
159 	Orien Greene 	PG 	23 	BOS 	80 	1235 	6.4 	.449 	.413 	.269 	.158 	3.7 	10.4 	7.2 	15.8 	3.2 	0.6 	27.8 	14.6 	83 	105 	-1.8 	1.4 	-0.3 	-0.013
160 	Adrian Griffin 	SG 	31 	DAL 	52 	1245 	11.6 	.521 	.480 	.260 	.010 	7.4 	14.4 	11.0 	10.8 	2.2 	0.6 	14.6 	10.0 	115 	105 	1.4 	1.5 	2.9 	.113
161 	Eddie Griffin 	C 	23 	MIN 	70 	1359 	12.2 	.397 	.373 	.200 	.222 	9.7 	24.3 	17.2 	4.7 	0.5 	8.2 	9.7 	15.6 	90 	99 	-1.0 	2.6 	1.5 	.055
162 	Anthony Grundy 	SG 	26 	ATL 	12 	108 	16.6 	.589 	.566 	.368 	.395 	1.1 	18.3 	9.5 	14.7 	3.4 	0.0 	16.9 	22.4 	106 	107 	0.1 	0.1 	0.2 	.095
163 	Richard Hamilton 	SG 	27 	DET 	80 	2825 	18.2 	.553 	.512 	.229 	.091 	3.5 	7.3 	5.4 	18.6 	1.0 	0.4 	10.6 	27.4 	109 	108 	5.3 	2.4 	7.6 	.130
164 	Zendon Hamilton 	C 	30 	TOT 	12 	49 	17.6 	.593 	.500 	1.286 	.000 	7.2 	19.5 	13.3 	0.0 	4.3 	0.0 	21.5 	26.3 	99 	100 	0.0 	0.1 	0.1 	.098
165 	Anfernee Hardaway 	SF 	34 	NYK 	4 	72 	2.0 	.336 	.286 	.143 	.071 	0.0 	17.1 	8.4 	17.0 	1.5 	0.0 	28.7 	13.1 	67 	111 	-0.2 	0.0 	-0.2 	-0.101
166 	Matt Harpring 	SF 	29 	UTA 	71 	1944 	16.3 	.542 	.485 	.462 	.058 	9.8 	13.2 	11.5 	9.6 	1.7 	0.6 	11.8 	22.0 	110 	108 	3.1 	1.6 	4.7 	.115
167 	Al Harrington 	PF 	25 	ATL 	76 	2782 	16.0 	.513 	.479 	.287 	.157 	5.5 	17.4 	11.3 	15.8 	1.6 	0.4 	12.4 	25.6 	104 	111 	2.6 	1.2 	3.8 	.065
168 	Othella Harrington 	C 	32 	CHI 	72 	824 	11.1 	.530 	.495 	.451 	.000 	7.6 	13.9 	10.7 	8.0 	0.4 	1.2 	15.7 	21.2 	99 	106 	0.2 	0.9 	1.1 	.063
169 	Devin Harris 	PG 	22 	DAL 	56 	1275 	17.4 	.544 	.475 	.583 	.052 	2.5 	9.2 	5.9 	23.4 	2.3 	1.0 	14.2 	21.7 	111 	106 	2.3 	1.4 	3.7 	.139
170 	David Harrison 	C 	23 	IND 	67 	1034 	11.8 	.519 	.503 	.592 	.000 	9.7 	18.4 	14.2 	2.4 	1.2 	4.2 	17.6 	20.2 	95 	100 	-0.4 	1.9 	1.5 	.068
171 	Jason Hart 	PG 	27 	SAC 	66 	818 	7.1 	.444 	.410 	.253 	.140 	1.7 	8.3 	5.1 	13.4 	2.0 	0.4 	14.9 	16.2 	89 	107 	-0.7 	0.8 	0.1 	.006
172 	Udonis Haslem 	PF 	25 	MIA 	81 	2491 	13.7 	.558 	.508 	.337 	.003 	8.2 	21.2 	15.0 	5.9 	1.1 	0.5 	10.5 	14.1 	116 	105 	3.9 	3.1 	7.0 	.134
173 	Trenton Hassell 	SG 	26 	MIN 	77 	2514 	9.5 	.512 	.470 	.286 	.037 	4.0 	6.2 	5.2 	13.2 	0.9 	0.9 	15.2 	15.4 	101 	109 	0.7 	1.6 	2.3 	.044
174 	Chuck Hayes 	PF 	22 	HOU 	40 	535 	18.0 	.589 	.562 	.429 	.010 	14.9 	24.1 	19.6 	4.6 	2.6 	2.1 	8.8 	12.2 	127 	98 	1.2 	1.1 	2.4 	.212
175 	Jarvis Hayes 	SG 	24 	WAS 	21 	516 	12.2 	.499 	.467 	.164 	.257 	4.2 	13.2 	8.6 	8.7 	1.6 	0.2 	10.1 	18.8 	103 	109 	0.3 	0.4 	0.7 	.065
176 	Brendan Haywood 	C 	26 	WAS 	79 	1879 	13.8 	.542 	.514 	.519 	.000 	12.0 	17.0 	14.5 	3.9 	0.8 	4.3 	15.5 	14.9 	109 	106 	2.0 	1.9 	3.9 	.099
177 	Luther Head 	SG 	23 	HOU 	80 	2310 	11.2 	.517 	.493 	.195 	.497 	1.7 	11.6 	6.8 	16.2 	2.1 	0.3 	14.8 	16.6 	100 	104 	0.5 	2.9 	3.5 	.072
178 	Alan Henderson 	C 	33 	CLE 	51 	531 	12.2 	.564 	.516 	.538 	.000 	13.3 	17.3 	15.3 	2.9 	0.9 	1.7 	16.3 	11.7 	115 	106 	0.7 	0.6 	1.3 	.116
179 	Nene Hilario 	PF 	23 	DEN 	1 	3 	-54.4 	.000 	.000 	.000 	.000 	0.0 	0.0 	0.0 	0.0 	0.0 	0.0 	66.7 	44.8 	0 	114 	-0.1 	0.0 	-0.1 	-1.312
180 	Grant Hill 	SF 	33 	ORL 	21 	613 	19.0 	.552 	.494 	.420 	.033 	3.1 	12.7 	8.1 	14.6 	2.1 	0.8 	10.8 	24.9 	110 	107 	1.1 	0.6 	1.7 	.130
181 	Kirk Hinrich 	PG 	25 	CHI 	81 	2955 	15.5 	.528 	.477 	.291 	.316 	1.1 	10.0 	5.6 	28.9 	1.6 	0.6 	13.4 	21.4 	108 	105 	4.1 	3.5 	7.6 	.124
182 	Julius Hodge 	SG 	22 	DEN 	14 	33 	4.2 	.393 	.385 	.615 	.000 	17.9 	7.0 	12.4 	29.3 	3.1 	0.0 	32.6 	33.3 	72 	106 	-0.2 	0.0 	-0.2 	-0.219
183 	Randy Holcomb 	SF 	26 	CHI 	4 	11 	8.2 	1.000 	1.000 	.000 	.000 	10.5 	0.0 	5.2 	0.0 	0.0 	0.0 	0.0 	4.1 	205 	112 	0.0 	0.0 	0.0 	.150
184 	Robert Horry 	PF 	35 	SAS 	63 	1182 	13.5 	.499 	.474 	.233 	.493 	7.3 	16.7 	12.1 	10.1 	2.0 	3.1 	11.3 	14.7 	107 	97 	1.0 	2.5 	3.6 	.145
185 	Eddie House 	PG 	27 	PHO 	81 	1421 	15.2 	.512 	.503 	.054 	.416 	1.2 	8.9 	5.2 	16.4 	1.5 	0.6 	8.9 	26.9 	100 	108 	0.5 	1.1 	1.6 	.054
186 	Dwight Howard 	PF 	20 	ORL 	82 	3021 	19.3 	.565 	.531 	.679 	.002 	12.1 	29.2 	20.9 	7.2 	1.2 	3.0 	15.9 	21.3 	108 	103 	4.2 	4.4 	8.6 	.137
187 	Josh Howard 	SF 	25 	DAL 	59 	1915 	19.3 	.536 	.489 	.359 	.085 	7.9 	15.3 	11.7 	10.4 	1.9 	1.0 	8.4 	22.9 	115 	105 	4.4 	2.3 	6.7 	.168
188 	Juwan Howard 	PF 	32 	HOU 	80 	2537 	12.5 	.499 	.459 	.222 	.005 	7.9 	16.7 	12.4 	8.4 	1.1 	0.3 	12.4 	20.2 	100 	105 	0.6 	3.0 	3.7 	.069
189 	Troy Hudson 	PG 	29 	MIN 	36 	800 	12.2 	.480 	.441 	.156 	.303 	1.2 	5.3 	3.3 	23.3 	0.8 	0.4 	10.1 	23.5 	100 	110 	0.3 	0.4 	0.7 	.042
190 	Larry Hughes 	SG 	27 	CLE 	36 	1281 	14.0 	.504 	.439 	.412 	.162 	2.4 	12.6 	7.4 	17.5 	2.2 	1.3 	15.2 	23.6 	99 	105 	0.3 	1.5 	1.8 	.067
191 	Kris Humphries 	PF 	20 	UTA 	62 	619 	10.3 	.406 	.379 	.320 	.025 	10.9 	20.0 	15.4 	8.6 	2.0 	2.2 	11.8 	19.7 	90 	104 	-0.6 	0.8 	0.2 	.019
192 	Lindsey Hunter 	PG 	35 	DET 	30 	353 	10.5 	.427 	.425 	.040 	.430 	3.3 	10.2 	6.7 	27.1 	3.0 	0.2 	16.4 	16.4 	97 	103 	0.0 	0.5 	0.5 	.066
193 	Steven Hunter 	C 	24 	PHI 	69 	1312 	13.9 	.598 	.601 	.474 	.000 	9.8 	14.4 	12.1 	2.1 	0.5 	4.4 	15.4 	14.4 	111 	109 	1.5 	1.0 	2.5 	.090
194 	Andre Iguodala 	SF 	22 	PHI 	82 	3086 	14.8 	.598 	.541 	.507 	.230 	4.4 	13.8 	9.1 	12.9 	2.3 	0.5 	15.4 	14.7 	115 	108 	4.9 	2.6 	7.5 	.116
195 	Zydrunas Ilgauskas 	C 	30 	CLE 	78 	2283 	21.9 	.576 	.506 	.427 	.006 	12.6 	18.1 	15.3 	7.4 	0.9 	4.6 	12.8 	24.6 	114 	104 	5.6 	3.1 	8.7 	.184
196 	Didier Ilunga-Mbenga 	C 	25 	DAL 	43 	237 	13.4 	.538 	.533 	.333 	.017 	9.8 	18.4 	14.2 	1.4 	1.4 	8.1 	18.9 	16.7 	98 	99 	0.0 	0.4 	0.5 	.092
197 	Allen Iverson 	PG 	30 	PHI 	72 	3103 	25.9 	.543 	.467 	.455 	.122 	1.7 	7.1 	4.4 	34.9 	2.3 	0.2 	10.2 	35.8 	111 	110 	8.8 	1.8 	10.6 	.165
198 	Royal Ivey 	PG 	24 	ATL 	73 	978 	8.4 	.467 	.447 	.125 	.038 	3.7 	8.2 	5.9 	12.2 	1.3 	0.5 	7.6 	14.0 	106 	114 	0.6 	0.0 	0.7 	.034
199 	Jarrett Jack 	SG 	22 	POR 	79 	1599 	12.3 	.528 	.465 	.374 	.178 	1.3 	10.8 	6.0 	23.2 	1.4 	0.1 	17.0 	17.8 	104 	114 	1.1 	0.1 	1.2 	.035
200 	Bobby Jackson 	PG 	32 	MEM 	71 	1775 	14.6 	.497 	.469 	.195 	.444 	3.0 	12.1 	7.6 	20.7 	1.9 	0.0 	11.1 	25.0 	102 	103 	1.0 	2.5 	3.5 	.095
201 	Jermaine Jackson 	PG 	29 	MIL 	30 	202 	8.2 	.544 	.442 	.538 	.154 	4.6 	11.4 	7.9 	17.8 	1.0 	0.4 	28.8 	10.2 	104 	110 	0.1 	0.1 	0.2 	.047
202 	Jim Jackson 	SF 	35 	TOT 	40 	512 	3.0 	.365 	.350 	.081 	.463 	2.4 	14.0 	8.3 	9.1 	1.2 	0.8 	17.4 	17.6 	73 	107 	-1.3 	0.5 	-0.8 	-0.078
203 	Luke Jackson 	SF 	24 	CLE 	36 	315 	7.9 	.482 	.412 	.388 	.424 	6.0 	9.1 	7.5 	12.4 	1.9 	0.5 	23.8 	19.2 	90 	107 	-0.3 	0.3 	0.0 	-0.003
204 	Marc Jackson 	C 	31 	TOT 	64 	1027 	12.5 	.512 	.473 	.222 	.005 	9.7 	15.4 	12.5 	7.9 	0.7 	0.6 	13.8 	21.5 	100 	107 	0.3 	0.9 	1.2 	.057
205 	Stephen Jackson 	SG 	27 	IND 	81 	2910 	13.6 	.512 	.462 	.297 	.295 	2.0 	10.1 	6.2 	14.2 	1.9 	1.1 	13.5 	24.0 	99 	104 	0.5 	3.9 	4.4 	.073
206 	Jerome James 	C 	30 	NYK 	45 	406 	6.3 	.494 	.463 	.331 	.000 	11.6 	15.7 	13.6 	5.2 	0.4 	4.6 	26.9 	21.2 	84 	110 	-0.7 	0.2 	-0.5 	-0.062
207 	LeBron James 	SF 	21 	CLE 	79 	3361 	28.1 	.568 	.515 	.447 	.208 	2.6 	17.1 	9.8 	32.8 	2.0 	1.5 	10.7 	33.6 	115 	104 	12.0 	4.3 	16.3 	.232
208 	Mike James 	PG 	30 	TOR 	79 	2925 	19.8 	.583 	.538 	.275 	.311 	1.8 	9.5 	5.5 	28.2 	1.3 	0.1 	13.0 	25.0 	115 	115 	7.7 	-0.1 	7.6 	.125
209 	Antawn Jamison 	SF 	29 	WAS 	82 	3288 	17.7 	.518 	.491 	.199 	.250 	5.7 	21.8 	13.5 	8.7 	1.4 	0.3 	7.8 	23.9 	109 	107 	4.9 	3.2 	8.2 	.119
210 	Marko Jaric 	PG 	27 	MIN 	75 	2102 	11.7 	.468 	.435 	.244 	.235 	3.5 	9.6 	6.7 	22.5 	2.8 	0.8 	16.8 	17.0 	96 	104 	-0.3 	2.6 	2.3 	.053
211 	Sarunas Jasikevicius 	PG 	29 	IND 	75 	1557 	12.9 	.561 	.497 	.310 	.550 	1.5 	9.6 	5.7 	24.4 	1.4 	0.2 	19.2 	18.0 	107 	106 	1.6 	1.7 	3.3 	.103
212 	Al Jefferson 	PF 	21 	BOS 	59 	1062 	16.2 	.530 	.499 	.354 	.011 	11.4 	22.6 	17.2 	5.0 	1.5 	3.3 	12.4 	21.6 	104 	103 	0.9 	1.5 	2.3 	.105
213 	Richard Jefferson 	SF 	25 	NJN 	78 	3059 	18.9 	.603 	.522 	.577 	.187 	3.6 	17.1 	10.2 	18.0 	1.0 	0.4 	12.1 	22.1 	117 	104 	7.6 	4.1 	11.7 	.184
214 	Jared Jeffries 	PF 	24 	WAS 	77 	1951 	11.6 	.500 	.470 	.405 	.120 	9.5 	13.2 	11.3 	11.6 	1.5 	2.0 	16.8 	13.4 	106 	108 	1.4 	1.7 	3.1 	.076
215 	Amir Johnson 	SF 	18 	DET 	3 	39 	20.3 	.850 	.800 	.400 	.300 	9.0 	3.1 	6.1 	13.4 	0.0 	3.7 	25.4 	19.2 	128 	108 	0.1 	0.0 	0.2 	.208
216 	Anthony Johnson 	PG 	31 	IND 	75 	1981 	14.2 	.520 	.485 	.234 	.257 	1.9 	7.7 	4.9 	28.6 	1.7 	0.8 	14.7 	18.3 	107 	105 	2.2 	2.3 	4.5 	.108
217 	DerMarr Johnson 	SG 	25 	DEN 	58 	924 	11.7 	.545 	.523 	.137 	.523 	2.4 	9.6 	6.1 	9.5 	1.4 	2.1 	12.4 	17.9 	103 	107 	0.5 	0.8 	1.3 	.070
218 	Ervin Johnson 	C 	38 	MIL 	18 	81 	3.1 	.419 	.412 	.118 	.000 	7.2 	28.4 	17.6 	3.7 	0.6 	2.0 	21.9 	12.9 	80 	105 	-0.1 	0.1 	0.0 	-0.010
219 	Joe Johnson 	SG 	24 	ATL 	82 	3340 	17.9 	.537 	.499 	.237 	.258 	3.4 	8.8 	6.0 	29.1 	1.6 	0.7 	14.8 	24.6 	109 	114 	5.5 	0.4 	6.0 	.086
220 	Linton Johnson 	SF 	25 	TOT 	36 	524 	10.1 	.476 	.453 	.181 	.242 	8.9 	19.1 	13.8 	4.5 	1.2 	1.9 	14.8 	16.8 	94 	106 	-0.2 	0.6 	0.4 	.036
221 	Dahntay Jones 	SF 	25 	MEM 	71 	967 	8.0 	.462 	.420 	.354 	.080 	2.5 	10.4 	6.5 	7.0 	2.2 	1.2 	14.1 	17.8 	89 	102 	-0.9 	1.5 	0.6 	.029
222 	Damon Jones 	PG 	29 	CLE 	82 	2089 	9.3 	.538 	.530 	.102 	.756 	0.8 	6.8 	3.8 	12.6 	0.9 	0.0 	9.7 	12.6 	112 	110 	2.2 	1.1 	3.4 	.077
223 	Dwayne Jones 	PF 	22 	BOS 	14 	87 	9.2 	.445 	.400 	1.300 	.000 	14.4 	28.7 	21.7 	3.3 	0.6 	2.6 	16.0 	9.9 	103 	104 	0.0 	0.1 	0.1 	.081
224 	Eddie Jones 	SG 	34 	MEM 	75 	2437 	14.7 	.542 	.497 	.298 	.518 	1.8 	12.0 	6.9 	12.7 	3.0 	0.9 	10.2 	18.1 	109 	100 	3.0 	4.2 	7.2 	.141
225 	Fred Jones 	SG 	26 	IND 	68 	1837 	11.0 	.517 	.473 	.286 	.335 	1.2 	9.3 	5.3 	14.5 	1.6 	0.8 	14.5 	18.7 	100 	105 	0.4 	2.2 	2.6 	.069
226 	James Jones 	SF 	25 	PHO 	75 	1772 	13.2 	.551 	.513 	.208 	.491 	2.8 	12.8 	7.9 	4.5 	1.1 	1.9 	5.2 	16.9 	112 	107 	2.3 	1.7 	4.0 	.110
227 	Jumaine Jones 	PF 	26 	CHA 	76 	2089 	12.1 	.506 	.483 	.164 	.455 	5.5 	16.1 	10.4 	5.0 	1.7 	0.8 	8.6 	18.3 	103 	108 	1.2 	1.8 	3.0 	.068
228 	Chris Kaman 	C 	23 	LAC 	78 	2560 	15.0 	.570 	.523 	.357 	.003 	8.9 	24.5 	17.0 	5.0 	0.9 	3.2 	17.7 	17.9 	104 	101 	1.8 	4.3 	6.1 	.114
229 	Jason Kapono 	SF 	24 	MIA 	51 	665 	9.0 	.540 	.506 	.186 	.299 	2.2 	10.0 	6.3 	8.6 	0.6 	0.3 	9.5 	14.7 	110 	109 	0.7 	0.5 	1.2 	.085
230 	Mario Kasun 	C 	25 	ORL 	28 	213 	8.9 	.506 	.449 	.333 	.000 	14.3 	20.3 	17.4 	2.4 	0.5 	1.1 	15.9 	20.9 	100 	107 	0.1 	0.2 	0.3 	.059
231 	Viktor Khryapa 	SF 	23 	POR 	69 	1492 	11.5 	.516 	.477 	.325 	.088 	9.1 	15.8 	12.4 	9.8 	1.8 	1.5 	17.7 	15.1 	102 	111 	0.6 	0.7 	1.3 	.042
232 	Jason Kidd 	PG 	32 	NJN 	80 	2975 	19.2 	.526 	.481 	.270 	.436 	3.3 	19.8 	11.4 	39.0 	2.7 	0.8 	15.9 	19.1 	110 	99 	4.5 	5.6 	10.1 	.163
233 	Andrei Kirilenko 	SF 	24 	UTA 	69 	2604 	20.7 	.556 	.485 	.678 	.160 	7.4 	18.4 	12.9 	20.5 	2.1 	7.0 	17.6 	20.5 	108 	101 	3.6 	4.3 	7.9 	.145
234 	Linas Kleiza 	PF 	21 	DEN 	61 	519 	13.2 	.510 	.451 	.468 	.075 	8.7 	17.4 	13.1 	4.6 	1.0 	1.9 	7.1 	19.4 	109 	106 	0.6 	0.6 	1.2 	.111
235 	Brevin Knight 	PG 	30 	CHA 	69 	2351 	17.3 	.478 	.401 	.407 	.017 	1.6 	9.9 	5.5 	42.3 	3.4 	0.1 	15.3 	20.3 	105 	106 	2.5 	2.5 	4.9 	.101
236 	Yaroslav Korolev 	SF 	18 	LAC 	24 	127 	4.8 	.392 	.333 	.333 	.233 	4.8 	7.0 	5.9 	10.3 	1.2 	0.0 	14.9 	14.7 	86 	108 	-0.1 	0.1 	0.0 	-0.013
237 	Kyle Korver 	SF 	24 	PHI 	82 	2563 	12.3 	.577 	.551 	.156 	.576 	1.2 	11.1 	6.2 	10.2 	1.3 	0.8 	10.8 	16.2 	111 	110 	3.2 	1.3 	4.6 	.086
238 	Nenad Krstic 	PF 	22 	NJN 	80 	2469 	14.4 	.541 	.508 	.301 	.005 	8.5 	15.9 	12.2 	6.8 	0.7 	2.1 	11.8 	21.6 	104 	103 	2.0 	3.4 	5.4 	.105
239 	Toni Kukoc 	PF 	37 	MIL 	65 	1018 	11.9 	.491 	.465 	.188 	.493 	3.0 	14.7 	8.8 	21.5 	1.7 	1.3 	17.0 	17.4 	99 	107 	0.2 	0.9 	1.1 	.053
240 	Raef LaFrentz 	PF 	29 	BOS 	82 	2033 	12.0 	.546 	.533 	.136 	.518 	4.9 	19.1 	12.2 	9.0 	0.7 	2.7 	10.0 	14.7 	110 	106 	2.2 	2.0 	4.3 	.101
241 	Maciej Lampe 	C 	20 	TOT 	6 	28 	-4.4 	.168 	.182 	.182 	.000 	16.9 	21.3 	19.0 	10.0 	0.0 	0.0 	20.2 	25.2 	49 	108 	-0.2 	0.0 	-0.2 	-0.332
242 	David Lee 	SF 	22 	NYK 	67 	1129 	15.4 	.607 	.596 	.535 	.000 	11.6 	21.1 	16.3 	6.5 	1.4 	1.5 	15.2 	13.5 	118 	109 	2.0 	0.8 	2.7 	.116
243 	Voshon Lenard 	SG 	32 	TOT 	26 	458 	10.9 	.467 	.458 	.162 	.408 	1.3 	10.8 	6.1 	15.6 	2.4 	0.7 	13.2 	23.7 	91 	109 	-0.5 	0.3 	-0.1 	-0.013
244 	Rashard Lewis 	SF 	26 	SEA 	78 	2876 	20.0 	.585 	.529 	.372 	.321 	4.6 	11.9 	8.2 	10.7 	1.9 	1.3 	9.5 	23.1 	119 	115 	8.2 	0.1 	8.3 	.138
245 	Randy Livingston 	PG 	30 	CHI 	5 	22 	-3.0 	.000 	.000 	.000 	.000 	5.2 	15.6 	10.4 	6.0 	2.3 	0.0 	33.3 	6.2 	38 	102 	-0.1 	0.0 	0.0 	-0.045
246 	Shaun Livingston 	PG 	20 	LAC 	61 	1525 	10.2 	.460 	.428 	.221 	.023 	3.3 	10.4 	7.0 	27.2 	1.6 	1.6 	22.5 	15.0 	94 	105 	-0.5 	1.8 	1.3 	.041
247 	John Lucas 	PG 	23 	HOU 	13 	107 	7.7 	.417 	.417 	.000 	.250 	2.2 	3.2 	2.7 	20.3 	2.5 	0.0 	16.3 	19.2 	84 	106 	-0.2 	0.1 	-0.1 	-0.027
248 	Tyronn Lue 	PG 	28 	ATL 	51 	1234 	15.5 	.585 	.529 	.330 	.304 	1.2 	6.9 	4.0 	21.7 	1.1 	0.2 	13.5 	20.4 	116 	116 	2.8 	-0.1 	2.7 	.104
249 	Arvydas Macijauskas 	SG 	26 	NOK 	19 	135 	8.3 	.462 	.378 	.366 	.293 	2.6 	6.3 	4.4 	6.1 	2.8 	0.0 	14.4 	19.2 	90 	108 	-0.1 	0.1 	0.0 	-0.001
250 	Mark Madsen 	C 	30 	MIN 	62 	676 	5.3 	.427 	.409 	.712 	.106 	9.1 	15.7 	12.5 	2.4 	1.8 	1.9 	23.1 	7.9 	89 	103 	-0.3 	0.9 	0.6 	.043
251 	Corey Maggette 	SF 	26 	LAC 	32 	943 	18.9 	.584 	.477 	.683 	.189 	3.6 	16.6 	10.4 	12.1 	1.1 	0.3 	13.8 	27.7 	110 	105 	1.9 	1.1 	3.0 	.154
252 	Jamaal Magloire 	C 	27 	MIL 	82 	2465 	11.1 	.494 	.467 	.541 	.000 	10.4 	27.4 	18.8 	3.6 	0.6 	2.6 	17.9 	17.2 	95 	105 	-0.8 	2.9 	2.0 	.039
253 	Stephon Marbury 	PG 	28 	NYK 	60 	2193 	16.4 	.532 	.472 	.421 	.134 	1.4 	8.4 	4.9 	31.7 	1.5 	0.1 	14.6 	22.2 	109 	114 	3.5 	0.3 	3.9 	.084
254 	Shawn Marion 	C 	27 	PHO 	81 	3263 	23.6 	.591 	.560 	.218 	.212 	8.7 	23.6 	16.3 	6.8 	2.5 	2.9 	7.7 	22.3 	118 	100 	8.6 	5.9 	14.6 	.214
255 	Sean Marks 	PF 	30 	SAS 	25 	181 	17.9 	.531 	.521 	.169 	.042 	8.0 	19.8 	14.0 	7.0 	1.5 	2.8 	8.4 	22.0 	107 	97 	0.2 	0.4 	0.6 	.156
256 	Donyell Marshall 	PF 	32 	CLE 	81 	2077 	13.4 	.517 	.490 	.183 	.589 	5.9 	22.3 	14.0 	4.8 	1.5 	1.5 	11.0 	18.2 	104 	104 	1.4 	2.8 	4.2 	.097
257 	Rawle Marshall 	SF 	23 	DAL 	23 	241 	10.1 	.488 	.408 	.483 	.050 	4.1 	11.3 	7.7 	6.5 	1.8 	2.2 	17.1 	17.0 	95 	105 	-0.1 	0.3 	0.2 	.043
258 	Darrick Martin 	PG 	34 	TOR 	40 	339 	11.5 	.474 	.433 	.247 	.412 	0.7 	6.8 	3.6 	25.7 	2.6 	0.0 	12.2 	16.7 	105 	113 	0.3 	0.1 	0.4 	.052
259 	Kenyon Martin 	PF 	28 	DEN 	56 	1546 	16.7 	.533 	.499 	.283 	.037 	7.1 	19.4 	13.3 	8.8 	1.4 	2.5 	9.6 	21.6 	107 	104 	1.8 	2.0 	3.8 	.117
260 	Kevin Martin 	SG 	22 	SAC 	72 	1913 	14.8 	.604 	.540 	.407 	.328 	3.6 	12.3 	8.0 	8.3 	1.5 	0.3 	11.2 	17.4 	116 	107 	3.6 	1.9 	5.5 	.137
261 	Desmond Mason 	SF 	28 	NOK 	70 	2102 	9.2 	.460 	.399 	.438 	.009 	3.5 	13.6 	8.4 	5.4 	1.1 	0.7 	12.1 	20.8 	91 	109 	-1.7 	1.4 	-0.2 	-0.005
262 	Jason Maxiell 	PF 	22 	DET 	26 	159 	8.0 	.414 	.426 	.778 	.000 	8.9 	12.1 	10.5 	3.1 	1.4 	2.3 	13.2 	24.9 	82 	104 	-0.4 	0.2 	-0.2 	-0.054
263 	Sean May 	PF 	21 	CHA 	23 	398 	15.3 	.474 	.409 	.374 	.029 	11.5 	20.9 	15.9 	9.7 	2.2 	2.3 	14.2 	25.9 	96 	104 	-0.1 	0.5 	0.4 	.047
264 	Rashad McCants 	SG 	21 	MIN 	79 	1362 	12.6 	.539 	.513 	.198 	.336 	2.6 	9.8 	6.3 	8.4 	1.7 	1.2 	12.9 	23.3 	99 	106 	0.2 	1.4 	1.6 	.058
265 	Walter McCarty 	SF 	31 	LAC 	36 	353 	5.9 	.407 	.384 	.212 	.455 	5.2 	16.7 	11.2 	9.8 	1.2 	1.1 	14.9 	16.7 	85 	104 	-0.5 	0.5 	0.0 	-0.001
266 	Antonio McDyess 	PF 	31 	DET 	82 	1733 	15.5 	.520 	.509 	.218 	.004 	10.6 	19.4 	15.0 	8.8 	1.5 	2.0 	11.0 	18.9 	107 	102 	1.9 	2.8 	4.6 	.128
267 	Tracy McGrady 	SF 	26 	HOU 	47 	1745 	21.9 	.494 	.442 	.336 	.231 	3.1 	17.2 	10.3 	28.8 	1.8 	1.9 	9.4 	35.0 	102 	102 	1.4 	2.7 	4.1 	.112
268 	Jeff McInnis 	SG 	31 	NJN 	28 	486 	9.2 	.478 	.451 	.203 	.112 	2.6 	9.5 	6.0 	18.7 	1.2 	0.3 	15.7 	17.9 	93 	105 	-0.2 	0.6 	0.3 	.031
269 	Aaron McKie 	PG 	33 	LAL 	14 	121 	6.1 	.272 	.250 	.167 	.167 	2.9 	16.5 	9.7 	12.5 	2.2 	0.0 	13.4 	5.6 	90 	105 	0.0 	0.1 	0.1 	.041
270 	Keith McLeod 	PG 	26 	UTA 	66 	1232 	8.6 	.464 	.388 	.391 	.241 	1.1 	6.7 	3.8 	20.7 	1.9 	0.6 	16.0 	17.8 	97 	110 	-0.2 	0.8 	0.6 	.024
271 	Stanislav Medvedenko 	PF 	26 	LAL 	2 	6 	11.0 	.500 	.500 	.000 	.000 	0.0 	0.0 	0.0 	28.4 	0.0 	0.0 	0.0 	15.2 	123 	114 	0.0 	0.0 	0.0 	.114
272 	Chris Mihm 	C 	26 	LAL 	59 	1541 	15.3 	.552 	.501 	.438 	.000 	10.5 	18.0 	14.2 	6.6 	0.5 	3.6 	13.2 	18.7 	111 	105 	2.2 	1.7 	4.0 	.124
273 	Aaron Miles 	PG 	22 	GSW 	19 	118 	6.0 	.405 	.333 	.222 	.000 	0.0 	13.6 	6.6 	29.5 	1.7 	0.6 	35.8 	11.6 	82 	107 	-0.2 	0.1 	0.0 	-0.015
274 	C.J. Miles 	PG 	18 	UTA 	23 	203 	13.8 	.456 	.401 	.316 	.263 	10.7 	12.0 	11.3 	14.3 	1.9 	0.8 	9.4 	21.8 	103 	108 	0.1 	0.2 	0.3 	.076
275 	Darius Miles 	SF 	24 	POR 	40 	1286 	12.5 	.480 	.463 	.320 	.020 	2.2 	15.0 	8.5 	10.8 	1.8 	2.3 	14.5 	25.1 	89 	111 	-1.6 	0.6 	-1.0 	-0.037
276 	Darko Milicic 	C 	20 	TOT 	55 	767 	15.2 	.520 	.509 	.214 	.009 	7.2 	16.8 	12.1 	9.2 	1.0 	7.8 	16.6 	19.0 	98 	103 	0.0 	1.1 	1.2 	.073
277 	Andre Miller 	PG 	29 	DEN 	82 	2937 	16.4 	.532 	.466 	.486 	.031 	3.7 	10.2 	7.0 	36.2 	1.8 	0.5 	19.5 	20.0 	107 	107 	3.6 	2.6 	6.2 	.101
278 	Brad Miller 	C 	29 	SAC 	79 	2923 	17.5 	.576 	.514 	.385 	.100 	4.9 	19.5 	12.3 	21.5 	1.1 	1.6 	14.9 	18.9 	114 	104 	5.5 	3.6 	9.1 	.150
279 	Mike Miller 	SG 	25 	MEM 	74 	2268 	17.2 	.595 	.557 	.276 	.446 	2.3 	18.8 	10.6 	16.5 	1.3 	1.0 	14.1 	21.3 	111 	102 	3.9 	3.5 	7.4 	.157
280 	Yao Ming 	C 	25 	HOU 	57 	1949 	25.6 	.592 	.519 	.439 	.001 	9.1 	25.6 	17.5 	9.8 	0.8 	3.9 	12.0 	29.9 	113 	100 	5.0 	3.5 	8.6 	.211
281 	Cuttino Mobley 	SF 	30 	LAC 	79 	2979 	13.1 	.519 	.467 	.271 	.243 	2.0 	10.9 	6.6 	13.1 	1.6 	0.9 	11.4 	19.8 	103 	105 	1.9 	3.4 	5.3 	.086
282 	Nazr Mohammed 	C 	28 	SAS 	80 	1389 	15.0 	.560 	.504 	.382 	.000 	14.2 	21.2 	17.8 	4.7 	0.8 	2.5 	17.1 	18.3 	109 	98 	1.7 	2.8 	4.5 	.156
283 	Sergei Monia 	SF 	22 	TOT 	26 	343 	6.3 	.413 	.385 	.161 	.391 	3.8 	14.6 	9.1 	8.9 	1.1 	1.1 	11.4 	14.5 	89 	113 	-0.3 	0.1 	-0.2 	-0.025
284 	Mikki Moore 	C 	30 	SEA 	47 	583 	8.6 	.509 	.435 	.500 	.016 	9.0 	18.1 	13.5 	6.8 	0.6 	2.0 	20.9 	14.7 	99 	115 	0.1 	0.0 	0.1 	.006
285 	Terence Morris 	SF 	27 	ORL 	22 	192 	5.1 	.348 	.327 	.061 	.041 	4.0 	20.0 	12.2 	3.2 	1.7 	2.1 	12.2 	14.1 	75 	105 	-0.4 	0.2 	-0.1 	-0.031
286 	Alonzo Mourning 	C 	35 	MIA 	65 	1302 	19.4 	.615 	.597 	.711 	.003 	11.8 	20.3 	16.2 	1.4 	0.5 	10.2 	16.0 	17.5 	113 	98 	2.1 	2.6 	4.8 	.176
287 	Troy Murphy 	PF 	25 	GSW 	74 	2516 	15.9 	.529 	.468 	.381 	.216 	8.4 	24.9 	16.5 	6.7 	1.0 	0.8 	9.9 	19.2 	110 	105 	3.5 	3.0 	6.5 	.125
288 	Lamond Murray 	SF 	32 	NJN 	57 	576 	10.8 	.493 	.472 	.221 	.431 	5.8 	21.3 	13.4 	3.9 	1.6 	1.0 	10.0 	18.0 	97 	101 	-0.1 	1.0 	0.9 	.076
289 	Ronald Murray 	SG 	26 	TOT 	76 	2112 	11.5 	.487 	.442 	.315 	.184 	1.8 	6.9 	4.3 	15.4 	1.7 	0.4 	13.4 	21.7 	98 	113 	0.2 	0.5 	0.7 	.015
290 	Dikembe Mutombo 	C 	39 	HOU 	64 	955 	12.7 	.626 	.526 	.958 	.000 	12.5 	24.9 	18.8 	0.7 	1.0 	4.9 	20.6 	8.5 	120 	99 	1.3 	1.8 	3.1 	.156
291 	Boniface N'Dong 	C 	28 	LAC 	23 	152 	11.0 	.439 	.415 	.170 	.019 	12.0 	16.1 	14.1 	7.5 	0.7 	2.5 	9.5 	19.1 	97 	104 	0.0 	0.2 	0.2 	.058
292 	Bostjan Nachbar 	PF-SF 	25 	TOT 	36 	502 	7.2 	.448 	.407 	.282 	.455 	1.8 	12.6 	7.1 	8.9 	1.7 	0.8 	12.0 	18.6 	90 	107 	-0.4 	0.5 	0.1 	.005
293 	Lee Nailon 	PF 	30 	PHI 	22 	237 	14.5 	.537 	.500 	.188 	.000 	11.3 	9.4 	10.4 	5.0 	1.7 	1.3 	10.4 	18.6 	110 	110 	0.3 	0.2 	0.5 	.096
294 	Eduardo Najera 	PF 	29 	DEN 	64 	1449 	10.9 	.494 	.429 	.379 	.040 	10.4 	15.7 	13.1 	5.2 	1.9 	1.8 	13.3 	12.5 	106 	105 	1.0 	1.8 	2.7 	.090
295 	Steve Nash 	PG 	31 	PHO 	79 	2796 	23.3 	.632 	.583 	.264 	.324 	1.9 	11.1 	6.6 	44.4 	1.1 	0.3 	19.0 	23.3 	121 	109 	10.3 	2.1 	12.4 	.212
296 	Jameer Nelson 	PG 	23 	ORL 	62 	1784 	19.5 	.567 	.531 	.252 	.229 	2.8 	9.5 	6.2 	31.5 	2.1 	0.4 	15.6 	25.1 	110 	108 	3.5 	1.4 	4.9 	.132
297 	Rasho Nesterovic 	C 	29 	SAS 	80 	1515 	11.0 	.521 	.515 	.090 	.006 	9.1 	14.8 	12.1 	3.4 	0.8 	4.2 	13.2 	12.6 	105 	99 	0.9 	2.9 	3.7 	.118
298 	Ira Newble 	SG 	31 	CLE 	36 	353 	4.0 	.375 	.325 	.281 	.228 	7.0 	11.9 	9.4 	3.7 	0.8 	2.2 	15.8 	10.0 	86 	107 	-0.3 	0.3 	0.1 	.009
299 	Andres Nocioni 	PF 	26 	CHI 	82 	2239 	16.1 	.567 	.517 	.291 	.286 	4.6 	21.0 	12.8 	9.0 	0.9 	1.8 	11.3 	21.3 	110 	102 	3.3 	3.4 	6.7 	.144
300 	Moochie Norris 	PG 	32 	TOT 	45 	424 	10.1 	.479 	.429 	.375 	.125 	3.4 	11.7 	7.5 	20.1 	2.6 	0.2 	20.2 	18.2 	92 	105 	-0.3 	0.5 	0.3 	.029
301 	Dirk Nowitzki 	PF 	27 	DAL 	81 	3089 	28.1 	.589 	.515 	.382 	.173 	4.6 	23.4 	14.2 	14.7 	1.0 	2.1 	7.9 	30.0 	123 	103 	13.5 	4.3 	17.7 	.275
302 	Jermaine O'Neal 	PF 	27 	IND 	51 	1802 	20.4 	.530 	.474 	.457 	.012 	6.7 	23.2 	15.2 	14.9 	0.8 	4.7 	13.5 	28.9 	102 	99 	1.4 	3.5 	4.9 	.131
303 	Shaquille O'Neal 	C 	33 	MIA 	59 	1806 	24.4 	.586 	.600 	.589 	.000 	11.7 	23.1 	17.6 	12.4 	0.7 	4.4 	14.3 	30.0 	108 	102 	3.3 	2.9 	6.2 	.164
304 	Fabricio Oberto 	C 	30 	SAS 	59 	490 	9.3 	.491 	.473 	.290 	.022 	14.1 	15.5 	14.8 	8.3 	1.0 	1.6 	21.1 	12.9 	102 	100 	0.2 	0.9 	1.1 	.105
305 	Lamar Odom 	PF 	26 	LAL 	80 	3221 	17.0 	.558 	.524 	.338 	.232 	6.6 	20.3 	13.5 	22.4 	1.2 	1.5 	16.7 	18.1 	112 	105 	5.4 	3.8 	9.2 	.137
306 	Emeka Okafor 	PF 	23 	CHA 	26 	874 	14.9 	.464 	.415 	.396 	.000 	11.7 	23.7 	17.3 	6.0 	1.3 	4.4 	12.5 	21.5 	96 	104 	-0.2 	1.1 	1.0 	.054
307 	Mehmet Okur 	PF 	26 	UTA 	82 	2945 	19.0 	.554 	.496 	.402 	.207 	8.6 	22.2 	15.4 	12.8 	0.7 	2.1 	10.9 	23.5 	113 	106 	6.3 	3.0 	9.3 	.152
308 	Kevin Ollie 	SG 	33 	PHI 	70 	1069 	7.8 	.491 	.434 	.282 	.017 	1.4 	9.3 	5.4 	13.8 	1.6 	0.2 	12.9 	9.6 	106 	111 	0.5 	0.5 	1.1 	.048
309 	Michael Olowokandi 	C 	30 	TOT 	48 	919 	8.3 	.456 	.446 	.196 	.000 	6.7 	21.7 	14.4 	4.1 	1.3 	2.7 	17.4 	16.2 	85 	102 	-1.1 	1.4 	0.3 	.014
310 	Greg Ostertag 	C 	32 	UTA 	60 	807 	11.6 	.503 	.492 	.387 	.000 	12.2 	21.7 	16.9 	11.7 	0.4 	6.8 	24.1 	11.0 	101 	104 	0.2 	1.1 	1.3 	.076
311 	Bo Outlaw 	PF 	34 	ORL 	32 	355 	11.8 	.610 	.603 	.138 	.000 	11.1 	15.6 	13.4 	6.2 	1.5 	2.7 	21.7 	10.5 	113 	106 	0.4 	0.4 	0.7 	.101
312 	Travis Outlaw 	PF 	21 	POR 	69 	1153 	12.9 	.491 	.459 	.242 	.144 	4.9 	14.9 	9.9 	5.2 	1.5 	3.0 	8.3 	18.3 	101 	111 	0.4 	0.5 	0.9 	.039
313 	Andre Owens 	PG 	25 	UTA 	23 	210 	5.2 	.421 	.385 	.243 	.216 	6.3 	5.8 	6.1 	6.8 	1.3 	0.0 	13.7 	20.9 	86 	111 	-0.3 	0.1 	-0.2 	-0.047
314 	Zaza Pachulia 	C 	21 	ATL 	78 	2452 	15.0 	.530 	.451 	.593 	.003 	12.6 	17.6 	15.0 	8.5 	1.9 	1.2 	17.3 	19.2 	106 	110 	2.5 	1.4 	3.9 	.077
315 	Scott Padgett 	PF 	29 	NJN 	62 	718 	12.5 	.489 	.458 	.169 	.602 	9.0 	18.1 	13.5 	9.5 	2.1 	1.4 	8.9 	15.5 	106 	100 	0.6 	1.3 	1.8 	.123
316 	Milt Palacio 	PG 	27 	UTA 	71 	1376 	9.9 	.470 	.426 	.372 	.040 	1.5 	10.4 	5.9 	24.4 	1.9 	0.8 	19.0 	19.5 	93 	108 	-0.9 	1.1 	0.2 	.008
317 	Jannero Pargo 	PG 	26 	CHI 	57 	646 	9.9 	.455 	.440 	.072 	.353 	1.4 	9.4 	5.4 	24.8 	1.9 	0.2 	16.8 	25.3 	89 	105 	-0.9 	0.8 	-0.1 	-0.008
318 	Smush Parker 	PG 	24 	LAL 	82 	2773 	13.4 	.548 	.524 	.231 	.421 	1.6 	9.9 	5.7 	17.3 	2.7 	0.4 	14.6 	16.5 	108 	106 	2.8 	3.0 	5.8 	.100
319 	Tony Parker 	PG 	23 	SAS 	80 	2715 	20.8 	.584 	.553 	.315 	.032 	1.7 	9.5 	5.7 	32.2 	1.7 	0.1 	16.1 	27.1 	110 	102 	5.5 	4.1 	9.6 	.169
320 	Ruben Patterson 	SF-SG 	30 	TOT 	71 	1792 	16.4 	.547 	.516 	.532 	.020 	7.8 	8.4 	8.1 	12.7 	2.3 	0.9 	16.1 	24.1 	102 	110 	1.1 	1.0 	2.1 	.055
321 	Chris Paul 	PG 	20 	NOK 	78 	2808 	22.1 	.546 	.456 	.491 	.187 	2.5 	14.8 	8.5 	38.2 	3.4 	0.2 	13.7 	22.2 	114 	104 	6.8 	3.6 	10.4 	.178
322 	Sasha Pavlovic 	SG 	22 	CLE 	53 	813 	6.9 	.516 	.493 	.231 	.453 	2.3 	9.4 	5.8 	4.9 	1.2 	0.6 	15.2 	15.7 	96 	108 	-0.1 	0.6 	0.5 	.030
323 	Gary Payton 	PG 	37 	MIA 	81 	2305 	10.7 	.520 	.481 	.230 	.420 	1.8 	9.7 	5.9 	16.7 	1.6 	0.3 	14.5 	14.1 	107 	107 	1.8 	2.3 	4.1 	.085
324 	Kendrick Perkins 	C 	21 	BOS 	68 	1332 	13.2 	.548 	.515 	.489 	.008 	13.1 	23.6 	18.5 	8.1 	0.8 	6.0 	24.9 	14.8 	100 	103 	0.3 	2.0 	2.3 	.082
325 	Morris Peterson 	SG 	28 	TOR 	82 	3140 	15.3 	.561 	.517 	.268 	.409 	2.4 	12.8 	7.4 	10.0 	1.7 	0.4 	9.3 	19.9 	112 	113 	5.2 	0.6 	5.9 	.090
326 	Johan Petro 	C 	20 	SEA 	68 	1282 	10.4 	.530 	.510 	.250 	.000 	10.1 	17.9 	13.9 	1.8 	1.0 	3.1 	15.3 	13.7 	105 	113 	0.7 	0.2 	1.0 	.037
327 	Eric Piatkowski 	SG 	35 	CHI 	29 	228 	6.2 	.467 	.467 	.082 	.541 	2.0 	9.5 	5.8 	8.8 	1.4 	0.3 	14.8 	14.7 	90 	106 	-0.2 	0.2 	0.1 	.018
328 	Paul Pierce 	SF 	28 	BOS 	79 	3084 	23.6 	.582 	.509 	.555 	.215 	3.1 	17.5 	10.5 	23.4 	1.8 	0.8 	13.0 	31.2 	112 	106 	8.3 	3.2 	11.5 	.178
329 	Mickael Pietrus 	SF 	23 	GSW 	52 	1179 	10.0 	.500 	.471 	.342 	.421 	5.4 	10.2 	7.7 	6.2 	1.4 	0.6 	14.0 	21.1 	95 	108 	-0.3 	0.9 	0.6 	.024
330 	Zoran Planinic 	PG 	23 	NJN 	56 	596 	6.9 	.450 	.396 	.361 	.306 	2.7 	12.0 	7.3 	15.0 	1.8 	0.5 	16.9 	20.2 	87 	103 	-0.8 	0.8 	0.1 	.005
331 	Pavel Podkolzin 	C 	21 	DAL 	1 	18 	2.3 	.323 	.000 	3.000 	.000 	0.0 	45.9 	23.4 	0.0 	0.0 	4.2 	30.1 	17.2 	50 	97 	-0.1 	0.0 	-0.1 	-0.135
332 	Scot Pollard 	C 	30 	IND 	45 	771 	12.3 	.495 	.455 	.247 	.000 	11.3 	21.0 	16.3 	5.1 	2.6 	1.9 	13.2 	11.9 	107 	98 	0.6 	1.6 	2.1 	.134
333 	James Posey 	SF 	29 	MIA 	67 	1914 	9.8 	.572 	.551 	.154 	.734 	2.1 	16.9 	9.8 	6.8 	1.5 	0.8 	12.1 	11.6 	112 	105 	1.8 	2.4 	4.2 	.104
334 	Vitaly Potapenko 	C 	30 	TOT 	33 	353 	7.4 	.535 	.521 	.239 	.000 	9.1 	12.8 	10.9 	3.9 	0.3 	0.4 	16.9 	12.0 	105 	117 	0.2 	-0.1 	0.1 	.012
335 	Josh Powell 	PF 	23 	DAL 	37 	429 	9.2 	.546 	.457 	.556 	.000 	8.0 	14.6 	11.4 	3.2 	0.9 	0.7 	17.9 	13.4 	106 	107 	0.3 	0.4 	0.7 	.079
336 	Ronnie Price 	PG 	22 	SAC 	29 	150 	10.5 	.474 	.414 	.207 	.466 	3.9 	7.7 	5.8 	12.1 	2.1 	0.0 	13.6 	22.4 	94 	107 	-0.1 	0.1 	0.1 	.021
337 	Tayshaun Prince 	SF 	25 	DET 	82 	2898 	14.8 	.524 	.487 	.238 	.183 	4.2 	10.0 	7.1 	10.8 	1.2 	1.0 	7.6 	19.6 	110 	106 	4.0 	3.0 	7.0 	.115
338 	Laron Profit 	SG 	28 	LAL 	25 	279 	11.8 	.550 	.494 	.286 	.214 	3.4 	14.7 	9.1 	8.8 	2.1 	1.4 	20.2 	19.4 	96 	105 	0.0 	0.3 	0.3 	.050
339 	Joel Przybilla 	C 	26 	POR 	56 	1395 	15.3 	.561 	.548 	.644 	.000 	12.4 	21.4 	16.9 	5.0 	0.8 	7.1 	19.9 	13.0 	106 	107 	1.0 	1.2 	2.3 	.078
340 	Vladimir Radmanovic 	PF 	25 	TOT 	77 	1974 	13.6 	.545 	.515 	.177 	.551 	3.9 	17.4 	10.8 	10.9 	1.6 	1.1 	11.8 	18.1 	109 	109 	2.3 	1.4 	3.8 	.091
341 	Shavlik Randolph 	PF 	22 	PHI 	57 	487 	12.6 	.511 	.454 	.732 	.000 	13.2 	18.8 	16.0 	5.9 	2.0 	1.9 	14.1 	14.0 	109 	106 	0.5 	0.5 	1.1 	.105
342 	Zach Randolph 	PF 	24 	POR 	74 	2545 	16.9 	.483 	.443 	.279 	.045 	9.0 	19.1 	14.0 	11.4 	1.2 	0.4 	10.7 	28.8 	99 	112 	0.4 	0.9 	1.3 	.024
343 	Theo Ratliff 	C 	32 	POR 	55 	1301 	12.2 	.599 	.571 	.439 	.000 	8.1 	17.8 	12.9 	3.4 	0.8 	5.2 	17.2 	9.9 	113 	110 	1.3 	0.7 	2.0 	.074
344 	Zeljko Rebraca 	C 	33 	LAC 	29 	412 	10.7 	.592 	.542 	.427 	.000 	3.8 	13.8 	9.0 	3.5 	0.6 	3.5 	17.4 	15.5 	104 	104 	0.2 	0.5 	0.7 	.086
345 	Michael Redd 	SG 	26 	MIL 	80 	3130 	21.2 	.574 	.504 	.377 	.272 	2.9 	10.2 	6.5 	13.8 	1.6 	0.1 	8.8 	28.3 	115 	110 	8.8 	2.0 	10.8 	.166
346 	Justin Reed 	SF 	24 	TOT 	72 	997 	7.9 	.467 	.403 	.407 	.003 	6.6 	8.4 	7.5 	6.8 	1.2 	1.1 	13.0 	18.9 	94 	108 	-0.4 	0.8 	0.4 	.021
347 	Jason Richardson 	SG 	25 	GSW 	75 	2877 	19.2 	.538 	.509 	.285 	.332 	4.0 	13.2 	8.5 	15.6 	1.7 	1.0 	9.4 	27.6 	107 	107 	4.5 	2.8 	7.3 	.122
348 	Quentin Richardson 	SF 	25 	NYK 	55 	1442 	9.6 	.452 	.425 	.198 	.410 	5.4 	14.1 	9.7 	10.3 	1.4 	0.3 	10.1 	17.4 	99 	112 	0.2 	0.5 	0.7 	.023
349 	Luke Ridnour 	PG 	24 	SEA 	79 	2625 	16.0 	.506 	.445 	.284 	.186 	2.1 	8.8 	5.4 	32.3 	2.5 	0.6 	15.3 	18.1 	112 	115 	4.4 	0.0 	4.4 	.081
350 	Anthony Roberson 	PG 	22 	MEM 	16 	88 	11.7 	.549 	.532 	.065 	.323 	0.0 	8.2 	4.1 	10.7 	0.6 	0.0 	8.6 	19.3 	107 	107 	0.1 	0.1 	0.2 	.088
351 	Lawrence Roberts 	C 	23 	MEM 	33 	181 	13.8 	.471 	.455 	.523 	.045 	17.6 	15.3 	16.4 	4.8 	2.5 	0.9 	8.5 	15.9 	110 	100 	0.2 	0.3 	0.5 	.144
352 	Bernard Robinson 	SF 	25 	CHA 	66 	1303 	12.0 	.498 	.433 	.367 	.058 	5.2 	14.9 	9.7 	9.5 	3.2 	0.6 	14.9 	17.0 	98 	105 	0.1 	1.6 	1.7 	.061
353 	Clifford Robinson 	PF 	39 	NJN 	80 	1863 	9.6 	.502 	.485 	.154 	.341 	3.4 	13.5 	8.4 	8.2 	1.3 	1.7 	10.2 	15.4 	99 	103 	0.2 	2.7 	2.8 	.073
354 	Nate Robinson 	PG 	21 	NYK 	72 	1544 	12.6 	.512 	.458 	.358 	.258 	4.4 	8.8 	6.6 	17.0 	2.0 	0.1 	14.8 	22.5 	103 	112 	1.0 	0.5 	1.5 	.046
355 	Jalen Rose 	SF-SG 	33 	TOT 	72 	1983 	13.9 	.538 	.466 	.464 	.251 	1.7 	11.6 	6.5 	15.5 	0.8 	0.5 	12.2 	21.8 	107 	115 	2.5 	0.0 	2.5 	.060
356 	Malik Rose 	PF 	31 	NYK 	72 	1119 	10.2 	.466 	.375 	.488 	.004 	9.0 	19.2 	14.1 	9.7 	2.0 	1.0 	19.0 	17.1 	95 	109 	-0.3 	0.8 	0.5 	.021
357 	Quinton Ross 	SG 	24 	LAC 	67 	1515 	7.4 	.465 	.422 	.244 	.023 	3.0 	9.7 	6.5 	7.8 	1.8 	0.8 	12.1 	11.8 	96 	105 	-0.2 	1.7 	1.6 	.050
358 	Michael Ruffin 	C 	29 	WAS 	76 	1010 	8.1 	.479 	.442 	.961 	.026 	13.6 	17.7 	15.6 	3.7 	1.7 	2.4 	25.8 	6.5 	108 	105 	0.6 	1.1 	1.7 	.081
359 	Kareem Rush 	SG 	25 	CHA 	47 	1111 	9.8 	.471 	.447 	.164 	.350 	1.8 	9.5 	5.4 	7.7 	1.8 	0.9 	11.4 	22.7 	91 	109 	-1.0 	0.7 	-0.2 	-0.010
360 	Bryon Russell 	SF 	35 	DEN 	1 	3 	16.4 	0.0	0.0	0.0	0.0	0.0 	38.5 	19.5 	43.2 	0.0 	0.0 	0.0	0.0 	211 	103 	0.0 	0.0 	0.0 	.194
361 	John Salmons 	SG 	26 	PHI 	82 	2059 	10.7 	.508 	.445 	.384 	.167 	2.7 	9.8 	6.3 	16.7 	1.8 	0.5 	17.0 	16.3 	100 	110 	0.5 	1.2 	1.7 	.040
362 	Jamal Sampson 	PF 	22 	SAC 	12 	39 	24.4 	.635 	.714 	.286 	.000 	15.2 	38.6 	27.0 	20.8 	0.0 	7.5 	0.0 	9.3 	153 	97 	0.2 	0.1 	0.2 	.293
363 	Melvin Sanders 	SG 	25 	SAS 	16 	113 	10.5 	.548 	.515 	.303 	.091 	4.3 	19.4 	12.0 	4.3 	2.4 	0.0 	17.6 	19.2 	96 	97 	0.0 	0.2 	0.2 	.093
364 	Brian Scalabrine 	PF 	27 	BOS 	71 	938 	5.9 	.491 	.464 	.187 	.451 	3.6 	11.0 	7.4 	8.2 	1.2 	1.5 	19.3 	12.7 	92 	109 	-0.4 	0.7 	0.3 	.015
365 	Alex Scales 	SG 	27 	SAS 	1 	0 	0.0	0.0	0.0	0.0	0.0	0.0	0.0	0.0	0.0	0.0	0.0	0.0	0.0	0.0	0.0	0.0 	0.0 	0.0 	
366 	Luke Schenscher 	C 	23 	CHI 	20 	149 	9.3 	.567 	.615 	.500 	.000 	6.2 	16.1 	11.2 	7.3 	0.3 	1.6 	13.6 	11.1 	109 	105 	0.1 	0.2 	0.3 	.095
367 	Ha Seung-Jin 	C 	20 	POR 	27 	212 	6.9 	.572 	.581 	.548 	.000 	7.8 	20.2 	13.9 	0.8 	0.8 	2.9 	26.7 	11.7 	92 	110 	-0.1 	0.1 	0.0 	.003
368 	Wayne Simien 	PF 	22 	MIA 	43 	414 	11.5 	.541 	.483 	.283 	.000 	11.3 	13.6 	12.5 	2.7 	1.6 	0.2 	15.1 	17.7 	106 	105 	0.4 	0.5 	0.8 	.096
369 	Bobby Simmons 	SF 	25 	MIL 	75 	2538 	13.8 	.559 	.518 	.248 	.309 	4.2 	11.5 	7.8 	11.2 	1.8 	0.7 	12.1 	18.3 	110 	108 	3.3 	2.0 	5.3 	.101
370 	James Singleton 	SF 	24 	LAC 	59 	753 	13.6 	.587 	.543 	.331 	.132 	10.2 	19.8 	15.2 	5.9 	1.3 	2.1 	13.9 	12.3 	117 	102 	1.2 	1.1 	2.3 	.147
371 	Brian Skinner 	PF-C 	29 	TOT 	65 	944 	10.5 	.517 	.513 	.350 	.000 	9.5 	19.2 	14.3 	5.0 	1.4 	3.4 	19.6 	11.4 	100 	106 	0.1 	1.0 	1.1 	.057
372 	Charles Smith 	SG 	30 	TOT 	22 	210 	12.0 	.530 	.521 	.111 	.528 	1.7 	7.6 	4.6 	7.6 	1.3 	2.2 	5.0 	17.9 	109 	114 	0.2 	0.0 	0.3 	.060
373 	Donta Smith 	SG 	22 	ATL 	23 	127 	12.7 	.589 	.593 	.444 	.148 	2.8 	10.7 	6.6 	11.4 	3.3 	0.0 	11.0 	13.0 	118 	110 	0.2 	0.1 	0.3 	.104
374 	J.R. Smith 	SG 	20 	NOK 	55 	989 	12.7 	.515 	.464 	.276 	.383 	2.2 	11.3 	6.6 	10.3 	2.0 	0.3 	11.6 	21.9 	101 	108 	0.4 	0.8 	1.2 	.060
375 	Joe Smith 	PF 	30 	MIL 	44 	887 	16.1 	.533 	.475 	.377 	.007 	10.9 	20.1 	15.4 	6.0 	1.4 	1.2 	10.1 	20.4 	110 	106 	1.4 	0.9 	2.3 	.123
376 	Josh Smith 	SF 	20 	ATL 	80 	2559 	15.5 	.500 	.447 	.377 	.142 	8.0 	17.2 	12.5 	12.2 	1.3 	6.2 	15.2 	18.9 	103 	108 	1.5 	2.1 	3.6 	.067
377 	Eric Snow 	PG 	32 	CLE 	82 	2351 	8.1 	.444 	.410 	.233 	.025 	1.9 	8.1 	5.0 	22.2 	1.7 	0.6 	20.9 	10.9 	98 	108 	0.0 	2.0 	2.1 	.042
378 	Kirk Snyder 	SG 	22 	NOK 	68 	1310 	14.6 	.537 	.503 	.258 	.285 	4.9 	9.9 	7.3 	13.9 	1.2 	1.4 	12.2 	20.5 	106 	109 	1.4 	0.9 	2.2 	.082
379 	Darius Songaila 	PF 	27 	CHI 	62 	1329 	13.6 	.524 	.483 	.234 	.010 	6.6 	14.6 	10.6 	11.5 	1.4 	0.9 	13.6 	21.3 	102 	104 	0.7 	1.8 	2.5 	.090
380 	Pape Sow 	C 	24 	TOR 	42 	590 	9.5 	.496 	.431 	.463 	.000 	10.7 	19.9 	15.1 	2.0 	1.9 	2.5 	16.8 	14.0 	101 	109 	0.2 	0.4 	0.6 	.045
381 	Jerry Stackhouse 	SG 	31 	DAL 	55 	1525 	14.5 	.511 	.431 	.367 	.216 	2.6 	9.4 	6.0 	18.0 	1.3 	0.5 	14.7 	25.2 	103 	108 	1.2 	1.2 	2.4 	.076
382 	DeShawn Stevenson 	SG 	24 	ORL 	82 	2648 	10.9 	.507 	.461 	.310 	.019 	2.8 	8.3 	5.6 	10.1 	1.2 	0.5 	12.2 	18.1 	102 	111 	1.2 	1.3 	2.4 	.044
383 	Peja Stojakovic 	SF 	28 	TOT 	71 	2601 	16.7 	.570 	.517 	.255 	.397 	3.6 	14.6 	9.3 	9.4 	0.9 	0.3 	8.3 	22.0 	114 	106 	5.2 	2.8 	8.0 	.147
384 	Awvee Storey 	SF 	28 	WAS 	25 	116 	9.2 	.456 	.427 	.341 	.171 	7.8 	14.5 	11.0 	5.6 	1.3 	0.7 	9.6 	20.0 	98 	108 	0.0 	0.1 	0.1 	.039
385 	Damon Stoudamire 	PG 	32 	MEM 	27 	862 	13.7 	.504 	.460 	.216 	.362 	3.3 	10.0 	6.7 	26.6 	1.2 	0.1 	14.9 	20.8 	104 	105 	0.7 	1.0 	1.7 	.093
386 	Salim Stoudamire 	SG 	23 	ATL 	61 	1236 	12.5 	.545 	.498 	.224 	.439 	1.1 	10.4 	5.6 	10.5 	1.2 	0.2 	13.2 	22.9 	105 	114 	1.1 	0.0 	1.2 	.046
387 	Amar'e Stoudemire 	C 	23 	PHO 	3 	50 	17.8 	.420 	.333 	.333 	.037 	13.6 	21.7 	17.8 	5.9 	1.0 	4.2 	3.1 	28.7 	99 	102 	0.0 	0.1 	0.1 	.085
388 	Mike Sweetney 	C 	23 	CHI 	66 	1222 	13.9 	.499 	.450 	.459 	.000 	11.2 	21.7 	16.5 	8.2 	0.8 	3.6 	15.1 	23.2 	98 	101 	0.1 	2.1 	2.1 	.084
389 	Robert Swift 	C 	20 	SEA 	47 	987 	12.7 	.536 	.515 	.378 	.000 	11.3 	21.1 	16.2 	1.2 	0.8 	4.4 	14.8 	15.0 	106 	112 	0.7 	0.3 	1.1 	.052
390 	Stromile Swift 	C 	26 	HOU 	66 	1344 	14.6 	.533 	.491 	.456 	.004 	9.1 	16.1 	12.7 	3.6 	1.5 	3.0 	14.2 	22.7 	100 	102 	0.4 	2.1 	2.5 	.091
391 	Wally Szczerbiak 	SF 	28 	TOT 	72 	2729 	17.7 	.595 	.538 	.306 	.252 	3.5 	10.2 	6.9 	14.1 	0.8 	0.5 	10.6 	22.1 	116 	110 	6.3 	1.7 	8.0 	.141
392 	Chris Taft 	C 	20 	GSW 	17 	144 	15.6 	.578 	.605 	.158 	.000 	14.4 	13.5 	13.9 	2.4 	0.7 	3.6 	4.7 	13.2 	125 	107 	0.3 	0.1 	0.5 	.155
393 	Donell Taylor 	SG 	23 	WAS 	51 	465 	10.1 	.452 	.404 	.316 	.125 	3.9 	9.5 	6.6 	15.2 	3.4 	0.7 	18.0 	18.1 	91 	106 	-0.3 	0.5 	0.2 	.017
394 	Maurice Taylor 	PF 	29 	NYK 	67 	1210 	8.5 	.496 	.468 	.213 	.003 	6.5 	16.7 	11.5 	7.9 	0.9 	0.9 	19.5 	19.8 	91 	112 	-1.0 	0.4 	-0.5 	-0.021
395 	Sebastian Telfair 	PG 	20 	POR 	68 	1641 	13.0 	.491 	.444 	.303 	.280 	1.4 	7.5 	4.4 	26.5 	2.2 	0.3 	14.9 	22.2 	99 	114 	0.4 	0.2 	0.6 	.017
396 	Jason Terry 	PG 	28 	DAL 	80 	2798 	18.4 	.575 	.547 	.191 	.379 	1.4 	5.4 	3.4 	19.6 	2.0 	0.7 	10.2 	22.2 	118 	108 	7.4 	2.3 	9.6 	.165
397 	Billy Thomas 	SG 	30 	WAS 	17 	131 	9.8 	.465 	.450 	.050 	.750 	4.3 	8.2 	6.2 	10.6 	4.0 	0.6 	12.8 	16.0 	99 	105 	0.0 	0.2 	0.2 	.063
398 	Etan Thomas 	C 	27 	WAS 	71 	1121 	13.6 	.560 	.533 	.508 	.000 	10.0 	19.3 	14.5 	2.0 	0.9 	4.7 	14.5 	14.0 	110 	105 	1.2 	1.3 	2.5 	.107
399 	James Thomas 	PF 	25 	TOT 	22 	150 	5.4 	.556 	.526 	.737 	.000 	9.3 	21.0 	15.2 	1.0 	0.0 	1.5 	21.8 	9.8 	103 	108 	0.0 	0.1 	0.2 	.052
400 	John Thomas 	C 	30 	TOT 	16 	127 	3.4 	.447 	.400 	.267 	.000 	9.1 	9.6 	9.3 	2.4 	1.3 	1.3 	32.3 	9.1 	81 	109 	-0.1 	0.1 	0.0 	-0.017
401 	Kenny Thomas 	PF 	28 	SAC 	82 	2293 	15.0 	.539 	.505 	.338 	.002 	10.3 	21.2 	15.8 	12.0 	1.6 	1.2 	16.3 	16.6 	107 	103 	2.2 	3.3 	5.5 	.115
402 	Kurt Thomas 	C 	33 	PHO 	53 	1411 	13.1 	.527 	.486 	.235 	.000 	8.2 	24.1 	16.3 	5.6 	0.8 	2.7 	11.7 	15.5 	107 	103 	1.3 	2.0 	3.3 	.112
403 	Tim Thomas 	PF-SF 	28 	TOT 	29 	666 	12.2 	.535 	.519 	.160 	.424 	3.8 	17.8 	10.9 	4.4 	1.2 	0.7 	10.5 	21.1 	100 	106 	0.2 	0.7 	0.9 	.065
404 	Dijon Thompson 	SG 	22 	PHO 	10 	43 	22.0 	.541 	.520 	.080 	.440 	10.6 	17.7 	14.2 	3.9 	3.5 	1.6 	7.2 	29.1 	105 	100 	0.1 	0.1 	0.1 	.146
405 	Jamaal Tinsley 	PG 	27 	IND 	42 	1122 	12.1 	.458 	.430 	.236 	.181 	3.7 	9.8 	6.8 	33.3 	2.3 	0.4 	20.4 	22.2 	93 	103 	-0.8 	1.5 	0.7 	.031
406 	Jake Tsakalidis 	C 	26 	MEM 	51 	732 	17.3 	.632 	.606 	.527 	.000 	13.1 	22.0 	17.6 	3.2 	1.1 	3.5 	16.1 	16.1 	118 	99 	1.5 	1.4 	2.8 	.186
407 	Nikoloz Tskitishvili 	SF-PF 	22 	TOT 	17 	99 	8.3 	.417 	.365 	.378 	.081 	10.3 	14.4 	12.4 	4.2 	0.5 	1.4 	12.2 	22.4 	88 	108 	-0.1 	0.1 	0.0 	-0.023
408 	Ronny Turiaf 	PF 	23 	LAL 	23 	161 	12.2 	.537 	.500 	.900 	.000 	8.1 	19.0 	13.5 	7.5 	1.0 	4.7 	14.3 	13.8 	109 	103 	0.2 	0.2 	0.4 	.115
409 	Hedo Turkoglu 	SF 	26 	ORL 	78 	2615 	16.7 	.578 	.519 	.338 	.323 	3.4 	12.1 	7.9 	14.3 	1.5 	0.6 	11.4 	20.6 	116 	109 	5.8 	1.9 	7.6 	.140
410 	Ime Udoka 	SF 	28 	NYK 	8 	114 	6.1 	.413 	.396 	.250 	.125 	3.2 	15.1 	9.1 	8.4 	0.5 	0.0 	7.0 	11.4 	97 	114 	0.0 	0.0 	0.0 	.001
411 	Beno Udrih 	PG 	23 	SAS 	54 	586 	15.3 	.539 	.506 	.215 	.300 	3.7 	6.7 	5.2 	27.3 	1.3 	0.2 	17.2 	25.1 	104 	104 	0.5 	0.8 	1.3 	.109
412 	Nick Van Exel 	PG 	34 	SAS 	65 	986 	11.0 	.492 	.477 	.120 	.449 	0.7 	9.9 	5.5 	20.2 	0.9 	0.2 	13.6 	20.2 	99 	104 	0.1 	1.3 	1.4 	.070
413 	Keith Van Horn 	SF 	30 	DAL 	53 	1090 	13.8 	.540 	.488 	.292 	.351 	6.1 	15.0 	10.6 	5.7 	1.6 	0.8 	14.0 	21.8 	106 	106 	1.1 	1.2 	2.3 	.101
414 	Anderson Varejao 	C 	23 	CLE 	48 	760 	14.8 	.541 	.527 	.793 	.007 	11.9 	24.8 	18.3 	4.0 	2.2 	1.9 	11.8 	14.0 	113 	101 	1.1 	1.3 	2.3 	.146
415 	Jacque Vaughn 	SG 	30 	NJN 	80 	1234 	7.5 	.488 	.439 	.331 	.024 	1.5 	7.2 	4.3 	16.2 	1.8 	0.1 	15.6 	12.7 	98 	105 	0.0 	1.5 	1.5 	.060
416 	Charlie Villanueva 	PF 	21 	TOR 	81 	2361 	16.4 	.521 	.500 	.170 	.228 	9.0 	18.4 	13.5 	6.5 	1.3 	2.1 	8.9 	21.7 	107 	111 	2.9 	1.0 	3.9 	.079
417 	Jake Voskuhl 	C 	28 	CHA 	51 	818 	11.0 	.470 	.439 	.230 	.011 	8.3 	18.3 	13.0 	7.9 	1.6 	2.2 	10.3 	17.4 	100 	106 	0.2 	0.9 	1.0 	.061
418 	Jackson Vroman 	PF 	24 	NOK 	41 	406 	5.9 	.428 	.394 	.667 	.000 	9.4 	16.0 	12.6 	4.2 	1.6 	2.2 	19.7 	12.2 	88 	106 	-0.3 	0.4 	0.1 	.014
419 	Sasha Vujacic 	PG 	21 	LAL 	82 	1449 	8.4 	.479 	.441 	.167 	.551 	2.7 	10.2 	6.5 	14.1 	1.7 	0.2 	13.0 	12.1 	105 	108 	0.8 	1.2 	2.0 	.066
420 	Dwyane Wade 	SG 	24 	MIA 	75 	2892 	27.6 	.577 	.499 	.568 	.054 	4.5 	12.6 	8.7 	33.0 	2.6 	1.5 	13.2 	32.5 	115 	103 	10.2 	4.2 	14.4 	.239
421 	Von Wafer 	SG 	20 	LAL 	16 	73 	-1.6 	.241 	.184 	.211 	.447 	8.1 	4.8 	6.4 	8.2 	2.2 	0.0 	2.4 	26.6 	68 	108 	-0.3 	0.1 	-0.3 	-0.174
422 	Antoine Walker 	PF 	29 	MIA 	82 	2199 	14.4 	.524 	.512 	.144 	.427 	5.8 	16.3 	11.3 	12.8 	1.1 	1.0 	13.6 	23.2 	101 	105 	1.1 	2.5 	3.6 	.080
423 	Samaki Walker 	PF 	29 	IND 	7 	22 	-6.2 	.347 	.000 	1.000 	.000 	0.0 	15.3 	7.9 	0.0 	0.0 	3.3 	41.0 	10.3 	45 	103 	-0.1 	0.0 	0.0 	-0.091
424 	Ben Wallace 	C 	31 	DET 	82 	2890 	17.5 	.501 	.510 	.637 	.009 	12.2 	25.9 	19.0 	8.2 	2.8 	4.6 	12.9 	11.2 	112 	95 	3.3 	6.9 	10.1 	.168
425 	Gerald Wallace 	SF 	23 	CHA 	55 	1895 	21.3 	.578 	.550 	.520 	.085 	7.1 	18.9 	12.6 	8.8 	3.7 	4.7 	12.0 	19.3 	112 	100 	3.0 	3.4 	6.4 	.163
426 	Rasheed Wallace 	PF 	31 	DET 	80 	2780 	17.6 	.527 	.503 	.172 	.407 	3.8 	19.8 	11.7 	11.2 	1.6 	3.4 	6.9 	21.1 	110 	100 	4.0 	4.9 	8.9 	.154
427 	Matt Walsh 	SG 	23 	MIA 	2 	3 	-2.4 	.532 	1.000 	2.000 	.000 	0.0 	0.0 	0.0 	0.0 	0.0 	0.0 	34.7 	44.3 	42 	113 	0.0 	0.0 	0.0 	-0.642
428 	Luke Walton 	SF 	25 	LAL 	69 	1333 	11.6 	.477 	.439 	.232 	.168 	7.8 	14.0 	10.9 	17.9 	1.6 	0.9 	17.7 	15.0 	102 	106 	0.6 	1.3 	2.0 	.071
429 	Hakim Warrick 	PF 	23 	MEM 	68 	724 	11.0 	.499 	.443 	.504 	.000 	7.3 	16.8 	12.1 	7.5 	1.1 	2.3 	16.7 	22.5 	94 	102 	-0.3 	1.1 	0.8 	.053
430 	Earl Watson 	PG 	26 	TOT 	70 	1578 	14.6 	.558 	.538 	.218 	.534 	1.8 	10.1 	5.9 	29.0 	2.2 	0.5 	19.6 	19.7 	106 	110 	1.7 	1.0 	2.7 	.081
431 	Chris Webber 	PF 	32 	PHI 	75 	2893 	18.4 	.482 	.441 	.245 	.054 	7.4 	22.6 	15.0 	16.4 	1.8 	1.6 	10.4 	27.7 	100 	105 	1.1 	3.3 	4.4 	.074
432 	Martell Webster 	SG 	19 	POR 	61 	1070 	11.6 	.533 	.493 	.204 	.523 	3.2 	11.5 	7.3 	5.5 	1.1 	1.0 	10.2 	18.7 	105 	114 	0.8 	0.1 	0.9 	.039
433 	Bonzi Wells 	SG 	29 	SAC 	52 	1684 	16.6 	.507 	.471 	.310 	.073 	10.0 	17.8 	13.9 	14.8 	2.9 	1.1 	15.3 	22.4 	101 	101 	0.7 	2.7 	3.4 	.096
434 	Jiri Welsch 	SF 	26 	MIL 	58 	866 	9.8 	.482 	.419 	.392 	.221 	3.0 	12.4 	7.6 	11.0 	2.1 	0.1 	13.6 	15.9 	98 	108 	0.1 	0.7 	0.8 	.043
435 	David Wesley 	SG 	35 	HOU 	71 	2372 	9.6 	.546 	.491 	.333 	.483 	1.2 	7.5 	4.4 	14.6 	1.4 	0.2 	15.7 	15.3 	104 	107 	1.4 	2.2 	3.6 	.072
436 	David West 	PF 	25 	NOK 	74 	2526 	19.7 	.554 	.513 	.228 	.011 	7.7 	18.4 	12.9 	7.2 	1.3 	2.1 	8.4 	23.0 	112 	106 	4.8 	2.6 	7.4 	.141
437 	Delonte West 	PG 	22 	BOS 	71 	2418 	15.1 	.574 	.548 	.148 	.319 	2.9 	11.4 	7.3 	22.5 	1.8 	1.5 	15.4 	16.4 	112 	107 	3.6 	2.1 	5.7 	.114
438 	Robert Whaley 	C 	23 	UTA 	23 	212 	7.6 	.411 	.404 	.105 	.000 	9.1 	15.6 	12.3 	13.8 	1.8 	3.1 	19.0 	16.1 	87 	105 	-0.2 	0.3 	0.0 	.004
439 	Chris Wilcox 	C-PF 	23 	TOT 	77 	1529 	17.3 	.605 	.571 	.340 	.004 	9.3 	22.5 	15.9 	5.7 	1.1 	1.7 	12.2 	17.5 	117 	108 	3.2 	1.2 	4.4 	.138
440 	Damien Wilkins 	SF 	26 	SEA 	82 	1525 	13.1 	.529 	.460 	.372 	.129 	6.2 	9.1 	7.6 	10.8 	2.5 	0.6 	14.4 	17.4 	108 	114 	1.7 	0.1 	1.7 	.054
441 	Mike Wilks 	PG 	26 	TOT 	47 	348 	5.8 	.398 	.339 	.456 	.211 	3.1 	10.4 	6.7 	13.9 	2.1 	0.2 	18.2 	17.3 	83 	109 	-0.5 	0.2 	-0.3 	-0.042
442 	Aaron Williams 	C 	34 	TOT 	48 	791 	11.6 	.551 	.517 	.330 	.000 	9.4 	18.2 	13.6 	3.6 	1.2 	2.2 	13.0 	13.7 	110 	107 	0.8 	0.8 	1.6 	.096
443 	Alvin Williams 	PG 	31 	TOR 	1 	10 	-4.7 	.129 	.000 	.667 	.667 	0.0 	38.3 	18.3 	0.0 	0.0 	0.0 	0.0 	17.9 	32 	111 	-0.1 	0.0 	-0.1 	-0.278
444 	Deron Williams 	PG 	21 	UTA 	80 	2307 	12.4 	.500 	.478 	.168 	.272 	1.8 	8.4 	5.1 	28.6 	1.4 	0.6 	14.4 	20.3 	103 	110 	1.5 	1.3 	2.8 	.059
445 	Eric Williams 	SF 	33 	TOR 	28 	352 	6.8 	.496 	.420 	.507 	.240 	3.3 	14.5 	8.7 	6.3 	1.0 	0.4 	14.1 	14.0 	99 	114 	0.0 	0.0 	0.1 	.011
446 	Jason Williams 	PG 	30 	MIA 	59 	1874 	15.0 	.561 	.531 	.162 	.475 	0.4 	8.0 	4.4 	24.5 	1.5 	0.2 	13.3 	18.5 	113 	108 	3.2 	1.6 	4.8 	.124
447 	Louis Williams 	PG 	19 	PHI 	30 	145 	9.0 	.485 	.462 	.250 	.173 	2.4 	12.9 	7.7 	11.6 	1.8 	0.0 	18.4 	22.2 	87 	109 	-0.2 	0.1 	-0.1 	-0.036
448 	Marvin Williams 	PF 	19 	ATL 	79 	1952 	12.2 	.523 	.455 	.476 	.100 	7.3 	16.5 	11.8 	5.2 	1.3 	0.9 	11.4 	16.9 	109 	112 	2.1 	0.7 	2.8 	.069
449 	Mo Williams 	PG 	23 	MIL 	58 	1531 	15.0 	.518 	.483 	.180 	.304 	2.3 	8.9 	5.5 	26.1 	1.8 	0.4 	13.4 	23.4 	105 	109 	1.5 	1.0 	2.5 	.079
450 	Corliss Williamson 	SF 	32 	SAC 	37 	362 	8.1 	.506 	.427 	.476 	.019 	6.9 	14.7 	10.8 	6.2 	1.0 	0.8 	19.4 	19.6 	93 	106 	-0.2 	0.4 	0.2 	.021
451 	Loren Woods 	C 	27 	TOR 	27 	324 	12.3 	.476 	.475 	.237 	.017 	15.9 	26.0 	20.8 	1.8 	1.5 	5.6 	19.7 	11.6 	102 	106 	0.1 	0.3 	0.4 	.064
452 	Qyntel Woods 	SF 	24 	NYK 	49 	1013 	12.4 	.572 	.551 	.299 	.236 	5.2 	17.7 	11.4 	8.0 	1.7 	1.1 	17.5 	15.6 	105 	110 	0.7 	0.6 	1.3 	.061
453 	Metta World Peace 	SF 	26 	TOT 	56 	2207 	15.2 	.491 	.449 	.352 	.292 	4.0 	11.0 	7.6 	15.8 	2.9 	1.4 	11.6 	23.6 	99 	103 	0.5 	3.2 	3.7 	.081
454 	Antoine Wright 	SG 	21 	NJN 	39 	370 	0.7 	.386 	.364 	.272 	.185 	2.5 	7.1 	4.8 	5.2 	0.6 	0.7 	18.8 	14.2 	71 	107 	-0.8 	0.3 	-0.5 	-0.062
455 	Bracey Wright 	SG 	21 	MIN 	7 	135 	12.1 	.534 	.471 	.314 	.333 	2.7 	13.0 	8.0 	6.5 	0.4 	0.0 	12.1 	23.2 	101 	109 	0.1 	0.1 	0.2 	.054
456 	Dorell Wright 	SF 	20 	MIA 	20 	132 	13.2 	.574 	.500 	.395 	.140 	1.9 	25.6 	14.3 	9.8 	1.2 	0.6 	21.7 	22.6 	97 	103 	0.0 	0.2 	0.2 	.064
457 	Lorenzen Wright 	C 	30 	MEM 	78 	1689 	12.2 	.496 	.478 	.288 	.005 	10.3 	18.0 	14.2 	4.9 	1.7 	2.2 	12.8 	15.1 	103 	100 	0.8 	3.0 	3.7 	.106
458 	Derrick Zimmerman 	PG 	24 	NJN 	2 	32 	5.5 	.667 	.667 	.000 	.000 	3.6 	11.2 	7.3 	34.2 	0.0 	0.0 	57.1 	10.3 	88 	108 	0.0 	0.0 	0.0 	.004