1 	Shareef Abdur-Rahim 	C 	30 	SAC 	80 	2015 	13.1 	.524 	.476 	.358 	.031 	7.0 	16.4 	11.6 	9.2 	1.3 	1.5 	13.3 	19.5 	103 	108 	1.1 	1.7 	2.8 	.067
2 	Hassan Adams 	SG 	22 	NJN 	61 	495 	13.0 	.577 	.556 	.267 	.007 	8.4 	9.9 	9.2 	4.5 	1.8 	0.6 	12.7 	16.3 	109 	107 	0.5 	0.5 	1.0 	.095
3 	Maurice Ager 	SG 	22 	DAL 	32 	214 	2.9 	.408 	.350 	.471 	.214 	0.6 	11.0 	5.9 	5.0 	1.0 	1.1 	15.1 	21.7 	79 	106 	-0.5 	0.2 	-0.3 	-0.060
4 	LaMarcus Aldridge 	C 	21 	POR 	63 	1392 	17.1 	.533 	.503 	.240 	.004 	12.6 	15.3 	13.9 	3.2 	0.9 	4.2 	7.5 	19.3 	113 	109 	2.5 	1.0 	3.4 	.118
5 	Malik Allen 	PF 	28 	CHI 	60 	638 	10.4 	.443 	.415 	.132 	.004 	7.6 	13.7 	10.6 	4.2 	1.4 	2.0 	7.1 	20.5 	96 	100 	-0.2 	1.1 	1.0 	.073
6 	Ray Allen 	SG 	31 	SEA 	55 	2219 	21.6 	.564 	.510 	.268 	.384 	3.1 	10.4 	6.7 	19.0 	1.9 	0.4 	10.7 	29.5 	112 	112 	5.4 	0.9 	6.3 	.136
7 	Tony Allen 	SG 	25 	BOS 	33 	805 	17.0 	.596 	.529 	.517 	.127 	5.1 	13.6 	9.2 	12.5 	3.2 	1.2 	19.1 	22.1 	105 	104 	0.8 	1.1 	1.9 	.111
8 	Rafer Alston 	PG 	30 	HOU 	82 	3040 	12.9 	.496 	.470 	.174 	.519 	1.1 	9.5 	5.3 	24.1 	2.2 	0.3 	13.4 	19.4 	103 	102 	1.7 	4.9 	6.6 	.104
9 	Louis Amundson 	PF 	24 	TOT 	11 	89 	9.6 	.412 	.400 	.667 	.000 	17.6 	20.2 	18.9 	1.7 	0.6 	6.9 	20.5 	12.7 	91 	103 	-0.1 	0.1 	0.1 	.039
10 	Alan Anderson 	SG 	24 	CHA 	17 	256 	10.1 	.538 	.488 	.284 	.247 	4.9 	10.0 	7.4 	13.8 	1.4 	0.0 	19.4 	20.1 	97 	110 	0.0 	0.1 	0.1 	.024
11 	Derek Anderson 	SF 	32 	CHA 	50 	1190 	13.7 	.586 	.520 	.361 	.517 	2.8 	8.6 	5.6 	17.6 	2.3 	0.5 	14.1 	15.1 	116 	109 	2.0 	0.9 	2.9 	.117
12 	Carmelo Anthony 	SF 	22 	DEN 	65 	2486 	22.1 	.552 	.489 	.391 	.103 	6.6 	11.1 	8.9 	19.2 	1.5 	0.7 	12.1 	33.4 	109 	108 	5.2 	2.1 	7.3 	.140
13 	Rafael Araujo 	C 	26 	UTA 	28 	248 	8.3 	.463 	.415 	.446 	.000 	10.8 	21.5 	16.2 	6.1 	1.3 	0.7 	17.9 	17.1 	93 	106 	-0.1 	0.3 	0.1 	.027
14 	Gilbert Arenas 	PG 	25 	WAS 	74 	2942 	24.0 	.565 	.484 	.464 	.377 	2.3 	11.1 	6.6 	27.2 	2.4 	0.3 	11.2 	31.4 	115 	111 	9.3 	1.5 	10.8 	.177
15 	Trevor Ariza 	SG 	21 	ORL 	57 	1278 	16.2 	.567 	.539 	.461 	.019 	9.7 	14.2 	12.0 	8.9 	2.5 	1.2 	15.8 	19.2 	108 	103 	1.5 	1.9 	3.4 	.128
16 	Darrell Armstrong 	PG 	38 	IND 	81 	1275 	15.1 	.547 	.509 	.247 	.568 	3.0 	9.3 	6.1 	24.8 	2.9 	0.4 	15.4 	17.4 	110 	105 	1.7 	1.5 	3.2 	.121
17 	Hilton Armstrong 	C 	22 	NOK 	56 	634 	12.2 	.570 	.544 	.536 	.000 	10.3 	17.0 	13.6 	2.5 	1.0 	3.3 	18.5 	13.6 	106 	105 	0.5 	0.7 	1.2 	.091
18 	Carlos Arroyo 	PG 	27 	ORL 	72 	1304 	14.4 	.501 	.439 	.347 	.107 	3.0 	9.5 	6.3 	27.1 	1.6 	0.1 	14.0 	22.8 	105 	107 	1.2 	1.3 	2.5 	.094
19 	Chucky Atkins 	PG 	32 	MEM 	75 	2064 	17.4 	.580 	.515 	.435 	.428 	1.0 	7.0 	4.0 	27.9 	1.2 	0.1 	13.0 	21.4 	117 	116 	5.1 	-0.2 	4.9 	.114
20 	James Augustine 	PF 	22 	ORL 	2 	7 	16.6 	.333 	.333 	.000 	.000 	18.0 	34.4 	26.4 	48.9 	0.0 	0.0 	0.0 	19.9 	112 	102 	0.0 	0.0 	0.0 	.168
21 	Kelenna Azubuike 	SG 	23 	GSW 	41 	669 	13.4 	.572 	.523 	.355 	.359 	4.2 	11.4 	7.7 	6.2 	1.6 	1.1 	13.3 	18.7 	108 	109 	0.7 	0.5 	1.2 	.083
22 	Renaldo Balkman 	SF 	22 	NYK 	68 	1064 	16.1 	.531 	.515 	.327 	.098 	11.0 	21.8 	16.4 	7.0 	2.8 	3.3 	13.5 	15.5 	109 	102 	1.1 	1.7 	2.8 	.125
23 	Marcus Banks 	PG 	25 	PHO 	45 	503 	11.3 	.497 	.441 	.306 	.148 	2.4 	6.2 	4.4 	17.4 	2.3 	0.4 	15.2 	23.5 	97 	108 	-0.1 	0.4 	0.4 	.037
24 	Leandro Barbosa 	SG 	24 	PHO 	80 	2613 	18.4 	.595 	.562 	.209 	.394 	1.0 	8.1 	4.8 	18.7 	1.8 	0.4 	10.7 	23.4 	115 	108 	6.1 	2.1 	8.2 	.151
25 	Jose Barea 	PG 	22 	DAL 	33 	191 	9.6 	.440 	.397 	.308 	.269 	4.5 	11.1 	7.9 	20.4 	0.3 	0.4 	13.7 	25.0 	94 	108 	-0.1 	0.2 	0.1 	.015
26 	Andrea Bargnani 	PF 	21 	TOR 	65 	1629 	12.8 	.546 	.507 	.227 	.429 	3.7 	14.8 	9.2 	5.1 	1.0 	2.5 	13.5 	22.6 	99 	106 	0.2 	1.7 	1.9 	.057
27 	Matt Barnes 	PF 	26 	GSW 	76 	1813 	14.7 	.547 	.522 	.196 	.462 	5.4 	16.0 	10.6 	12.8 	1.9 	1.7 	13.3 	18.5 	107 	107 	1.9 	1.8 	3.7 	.099
28 	Andre Barrett 	PG 	24 	CHI 	6 	29 	8.2 	.500 	.500 	.000 	.000 	4.0 	15.6 	9.8 	38.2 	0.0 	0.0 	33.3 	18.4 	90 	104 	0.0 	0.0 	0.0 	.014
29 	Earl Barron 	C 	25 	MIA 	28 	203 	6.6 	.357 	.289 	.217 	.012 	11.3 	12.5 	11.9 	4.0 	1.6 	1.6 	10.8 	23.8 	81 	106 	-0.5 	0.2 	-0.3 	-0.062
30 	Brent Barry 	SG 	35 	SAS 	75 	1631 	16.6 	.666 	.626 	.275 	.675 	1.3 	10.2 	5.9 	13.3 	1.8 	0.5 	11.3 	15.6 	126 	102 	4.2 	2.6 	6.8 	.201
31 	Brandon Bass 	PF 	21 	NOK 	21 	162 	7.2 	.411 	.341 	.364 	.023 	9.1 	21.9 	15.3 	2.8 	0.7 	1.5 	16.4 	17.2 	86 	106 	-0.2 	0.2 	0.0 	-0.011
32 	Maceo Baston 	PF 	31 	IND 	47 	405 	13.7 	.714 	.664 	.618 	.092 	5.9 	15.4 	10.6 	6.5 	1.5 	3.4 	24.9 	14.2 	113 	104 	0.5 	0.5 	1.1 	.127
33 	Esteban Batista 	PF 	23 	ATL 	13 	81 	12.5 	.524 	.500 	.438 	.000 	10.3 	34.6 	22.3 	8.1 	2.0 	0.0 	17.3 	13.1 	105 	102 	0.0 	0.1 	0.2 	.101
34 	Tony Battie 	PF 	30 	ORL 	66 	1575 	9.8 	.513 	.489 	.214 	.003 	7.4 	19.3 	13.5 	3.6 	1.0 	1.5 	13.4 	13.4 	103 	104 	0.6 	2.1 	2.7 	.081
35 	Shane Battier 	SF 	28 	HOU 	82 	2988 	12.0 	.589 	.567 	.173 	.570 	2.6 	10.4 	6.5 	9.2 	1.4 	1.5 	9.3 	12.1 	119 	102 	4.4 	4.6 	9.0 	.144
36 	Charlie Bell 	SG 	27 	MIL 	82 	2848 	13.1 	.530 	.503 	.172 	.371 	2.3 	7.6 	4.9 	13.6 	1.8 	0.1 	9.0 	18.3 	110 	114 	3.6 	0.4 	4.0 	.068
37 	Raja Bell 	SG 	30 	PHO 	78 	2917 	12.0 	.562 	.539 	.160 	.522 	2.0 	7.7 	5.0 	9.5 	0.9 	0.5 	7.5 	17.0 	113 	110 	4.2 	1.6 	5.8 	.095
38 	Mike Bibby 	PG 	28 	SAC 	82 	2784 	16.0 	.532 	.478 	.298 	.413 	1.6 	9.6 	5.5 	24.3 	1.6 	0.2 	13.0 	24.5 	105 	110 	2.9 	1.5 	4.4 	.076
39 	Andris Biedrins 	C 	20 	GSW 	82 	2382 	16.2 	.598 	.599 	.287 	.000 	11.3 	24.0 	17.5 	5.4 	1.4 	4.3 	15.4 	13.8 	115 	104 	3.5 	3.3 	6.7 	.136
40 	Chauncey Billups 	PG 	30 	DET 	70 	2533 	21.3 	.591 	.494 	.536 	.388 	1.1 	10.0 	5.6 	32.9 	1.8 	0.5 	12.2 	21.5 	123 	106 	8.7 	2.7 	11.4 	.216
41 	Steve Blake 	PG 	26 	TOT 	82 	2225 	9.9 	.491 	.476 	.126 	.409 	1.1 	7.5 	4.3 	26.1 	1.4 	0.3 	19.4 	13.0 	103 	111 	1.0 	1.1 	2.1 	.045
42 	Will Blalock 	PG 	23 	DET 	14 	166 	4.5 	.383 	.317 	.200 	.167 	4.3 	6.4 	5.4 	14.9 	1.7 	0.0 	26.9 	12.8 	80 	108 	-0.3 	0.1 	-0.1 	-0.032
43 	Andray Blatche 	PF 	20 	WAS 	56 	682 	12.1 	.471 	.447 	.249 	.137 	12.6 	19.8 	16.1 	8.8 	1.3 	3.6 	18.3 	17.2 	97 	108 	-0.1 	0.5 	0.5 	.033
44 	Mark Blount 	C 	31 	MIN 	82 	2544 	12.7 	.546 	.514 	.232 	.037 	6.6 	16.9 	11.9 	4.5 	0.9 	1.8 	14.7 	19.8 	100 	108 	0.6 	2.2 	2.8 	.052
45 	Keith Bogans 	SG 	26 	ORL 	59 	990 	9.2 	.546 	.512 	.257 	.559 	2.0 	9.4 	5.8 	9.5 	1.5 	0.2 	14.4 	14.9 	106 	107 	0.7 	1.0 	1.7 	.080
46 	Andrew Bogut 	C 	22 	MIL 	66 	2258 	15.5 	.566 	.554 	.308 	.008 	8.7 	21.9 	15.2 	13.9 	1.1 	1.2 	17.4 	17.3 	108 	110 	2.6 	1.4 	4.0 	.085
47 	Matt Bonner 	PF 	26 	SAS 	56 	653 	16.4 	.542 	.523 	.160 	.397 	12.3 	16.4 	14.4 	5.7 	1.4 	1.2 	9.0 	20.3 	111 	100 	1.1 	1.2 	2.2 	.163
48 	Josh Boone 	PF 	22 	NJN 	61 	669 	14.6 	.587 	.579 	.602 	.000 	11.4 	19.6 	15.5 	2.6 	0.9 	2.5 	13.2 	17.4 	111 	105 	0.9 	0.8 	1.7 	.122
49 	Calvin Booth 	C 	30 	WAS 	44 	380 	9.6 	.490 	.477 	.152 	.030 	7.9 	16.8 	12.3 	6.8 	0.5 	5.9 	11.3 	9.2 	111 	109 	0.3 	0.3 	0.6 	.072
50 	Carlos Boozer 	PF 	25 	UTA 	74 	2557 	24.1 	.588 	.561 	.322 	.000 	11.2 	29.9 	20.6 	16.6 	1.4 	0.7 	12.8 	26.5 	114 	104 	6.5 	3.4 	9.9 	.185
51 	Chris Bosh 	C 	22 	TOR 	69 	2658 	22.6 	.577 	.502 	.539 	.032 	8.1 	24.8 	16.4 	11.7 	0.8 	2.6 	11.7 	26.7 	112 	104 	6.1 	3.5 	9.6 	.174
52 	Bruce Bowen 	SF 	35 	SAS 	82 	2464 	7.1 	.511 	.500 	.156 	.497 	1.2 	9.4 	5.5 	7.0 	1.3 	0.7 	11.5 	10.9 	101 	103 	0.4 	3.6 	4.1 	.079
53 	Earl Boykins 	PG 	30 	TOT 	66 	2031 	16.2 	.548 	.482 	.319 	.311 	2.8 	5.1 	4.0 	22.7 	1.4 	0.1 	12.0 	21.6 	113 	113 	4.1 	0.4 	4.5 	.105
54 	Cedric Bozeman 	SG 	23 	ATL 	23 	199 	-0.1 	.312 	.308 	.154 	.333 	1.8 	12.3 	7.0 	6.9 	1.3 	0.8 	17.8 	11.7 	66 	110 	-0.4 	0.1 	-0.3 	-0.077
55 	Elton Brand 	PF 	27 	LAC 	80 	3077 	23.1 	.581 	.533 	.381 	.001 	10.5 	18.3 	14.5 	14.7 	1.3 	4.5 	12.5 	24.3 	114 	103 	7.2 	4.3 	11.5 	.180
56 	Ronnie Brewer 	SG 	21 	UTA 	56 	675 	15.2 	.566 	.528 	.430 	.047 	6.7 	6.8 	6.7 	5.7 	2.9 	0.7 	9.5 	16.8 	115 	107 	1.1 	0.7 	1.7 	.124
57 	Primoz Brezec 	C 	27 	CHA 	58 	838 	9.7 	.474 	.447 	.248 	.011 	11.0 	15.2 	13.0 	4.6 	0.7 	2.1 	11.1 	18.5 	98 	109 	0.0 	0.6 	0.7 	.038
58 	Andre Brown 	PF 	25 	SEA 	38 	271 	11.1 	.577 	.568 	.203 	.014 	11.4 	21.4 	16.4 	1.2 	1.2 	1.1 	26.5 	18.4 	92 	109 	-0.2 	0.2 	0.0 	-0.002
59 	Dee Brown 	PG 	22 	UTA 	49 	450 	8.6 	.411 	.357 	.378 	.286 	2.2 	8.6 	5.4 	26.2 	2.6 	1.3 	21.3 	14.5 	93 	107 	-0.2 	0.5 	0.2 	.024
60 	Devin Brown 	SG 	28 	NOK 	58 	1662 	14.3 	.538 	.493 	.279 	.409 	3.7 	13.9 	8.7 	14.8 	1.4 	0.4 	12.7 	19.6 	109 	108 	2.1 	1.5 	3.5 	.102
61 	Kwame Brown 	C 	24 	LAL 	41 	1132 	13.7 	.573 	.591 	.554 	.004 	8.4 	16.7 	12.6 	10.2 	1.8 	3.3 	20.2 	15.0 	104 	106 	0.7 	1.2 	1.9 	.080
62 	P.J. Brown 	PF 	37 	CHI 	72 	1456 	9.7 	.462 	.407 	.292 	.005 	10.2 	17.0 	13.6 	5.0 	0.8 	2.8 	15.3 	17.0 	95 	100 	-0.4 	2.7 	2.3 	.075
63 	Shannon Brown 	SG 	21 	CLE 	23 	202 	7.5 	.455 	.426 	.189 	.338 	3.4 	8.9 	6.0 	8.1 	1.8 	1.2 	14.9 	21.1 	88 	103 	-0.2 	0.3 	0.1 	.015
64 	Kobe Bryant 	SG 	28 	LAL 	77 	3140 	26.1 	.580 	.502 	.437 	.227 	2.8 	13.5 	8.2 	25.5 	1.8 	0.9 	10.9 	33.6 	115 	109 	10.8 	2.2 	13.0 	.199
65 	Greg Buckner 	SG 	30 	DAL 	76 	1372 	7.8 	.486 	.465 	.114 	.344 	3.1 	10.6 	6.9 	7.6 	1.8 	0.4 	11.3 	12.0 	102 	105 	0.4 	1.7 	2.2 	.076
66 	Pat Burke 	C 	33 	PHO 	23 	164 	9.3 	.424 	.400 	.200 	.338 	9.0 	23.7 	16.7 	4.3 	0.9 	0.9 	9.0 	21.3 	91 	105 	-0.1 	0.2 	0.1 	.015
67 	Caron Butler 	SF 	26 	WAS 	63 	2474 	18.3 	.537 	.472 	.336 	.074 	6.6 	15.3 	10.8 	15.9 	2.8 	0.5 	13.9 	23.1 	108 	109 	3.4 	1.9 	5.3 	.103
68 	Jackie Butler 	C 	21 	SAS 	11 	103 	9.6 	.520 	.457 	.286 	.000 	7.3 	18.0 	12.9 	8.1 	1.0 	0.0 	20.2 	22.8 	93 	101 	-0.1 	0.2 	0.1 	.047
69 	Rasual Butler 	SF 	27 	NOK 	81 	2223 	10.8 	.495 	.484 	.110 	.461 	2.1 	11.4 	6.7 	4.7 	1.0 	1.9 	7.5 	18.3 	102 	108 	0.8 	1.8 	2.6 	.056
70 	Andrew Bynum 	C 	19 	LAL 	82 	1793 	15.4 	.593 	.558 	.483 	.007 	9.2 	22.3 	15.8 	8.2 	0.3 	5.4 	17.6 	16.3 	110 	106 	2.3 	1.9 	4.2 	.112
71 	Jose Calderon 	PG 	25 	TOR 	77 	1614 	19.1 	.588 	.546 	.283 	.149 	1.5 	8.3 	4.9 	39.7 	2.0 	0.2 	16.2 	19.5 	117 	108 	4.0 	1.5 	5.4 	.162
72 	Marcus Camby 	C 	32 	DEN 	70 	2369 	19.1 	.519 	.473 	.335 	.003 	7.9 	30.5 	19.4 	14.1 	1.8 	7.0 	13.9 	15.9 	109 	97 	2.5 	5.1 	7.6 	.155
73 	Brian Cardinal 	PF 	29 	MEM 	28 	313 	17.7 	.655 	.600 	.318 	.518 	5.0 	17.6 	11.3 	16.1 	3.6 	0.2 	19.2 	17.3 	118 	108 	0.7 	0.3 	0.9 	.144
74 	Rodney Carney 	SF 	22 	PHI 	67 	1169 	11.4 	.514 	.496 	.222 	.184 	4.0 	9.1 	6.6 	3.8 	1.7 	1.5 	9.1 	18.7 	101 	108 	0.4 	1.0 	1.3 	.055
75 	Matt Carroll 	SG 	26 	CHA 	72 	1878 	14.6 	.580 	.517 	.316 	.406 	2.1 	11.2 	6.5 	8.2 	1.5 	0.4 	8.9 	19.9 	114 	110 	3.4 	1.2 	4.6 	.117
76 	Anthony Carter 	PG 	31 	DEN 	2 	37 	3.3 	.375 	.375 	.000 	.250 	0.0 	9.0 	4.6 	41.4 	0.0 	1.9 	42.9 	16.2 	74 	111 	-0.1 	0.0 	-0.1 	-0.115
77 	Vince Carter 	SG 	30 	NJN 	82 	3126 	21.8 	.559 	.503 	.360 	.273 	4.3 	14.2 	9.3 	25.1 	1.4 	0.8 	10.5 	30.8 	111 	107 	7.4 	3.1 	10.5 	.161
78 	Sam Cassell 	PG 	37 	LAC 	58 	1407 	17.1 	.506 	.443 	.291 	.174 	2.3 	11.8 	7.1 	35.3 	1.1 	0.4 	12.5 	26.5 	106 	109 	1.7 	1.0 	2.8 	.095
79 	Kelvin Cato 	C 	32 	NYK 	18 	95 	12.3 	.403 	.318 	.545 	.000 	15.2 	23.5 	19.4 	0.0 	1.7 	8.4 	18.0 	15.9 	88 	100 	-0.1 	0.2 	0.1 	.036
80 	Tyson Chandler 	C 	24 	NOK 	73 	2525 	17.0 	.620 	.624 	.429 	.002 	14.3 	27.3 	20.7 	4.1 	0.8 	4.1 	18.5 	12.3 	117 	103 	4.1 	3.8 	7.9 	.150
81 	Josh Childress 	SG 	23 	ATL 	55 	2024 	16.2 	.586 	.529 	.405 	.149 	7.2 	13.1 	10.1 	10.8 	1.5 	1.4 	11.6 	15.7 	119 	109 	4.1 	1.4 	5.5 	.130
82 	Doug Christie 	SG 	36 	LAC 	7 	82 	4.1 	.355 	.324 	.176 	.353 	4.4 	11.6 	8.0 	14.6 	1.9 	0.9 	21.4 	13.1 	78 	106 	-0.1 	0.1 	-0.1 	-0.031
83 	Speedy Claxton 	PG 	28 	ATL 	42 	1054 	7.3 	.363 	.338 	.216 	.101 	1.4 	8.0 	4.6 	28.1 	3.6 	0.3 	19.8 	16.6 	82 	107 	-1.8 	1.0 	-0.7 	-0.034
84 	Jarron Collins 	C 	28 	UTA 	82 	913 	8.0 	.494 	.441 	.488 	.000 	9.5 	13.3 	11.4 	9.5 	0.7 	0.7 	15.2 	12.0 	107 	110 	0.7 	0.6 	1.3 	.067
85 	Jason Collins 	PF 	28 	NJN 	80 	1844 	3.0 	.408 	.364 	.841 	.013 	5.8 	14.4 	10.1 	3.5 	1.1 	1.6 	26.1 	7.1 	83 	107 	-1.3 	1.9 	0.6 	.015
86 	Mardy Collins 	SF 	22 	NYK 	52 	777 	9.2 	.445 	.410 	.360 	.206 	4.3 	11.5 	8.0 	17.4 	2.2 	0.3 	17.8 	18.8 	92 	109 	-0.6 	0.6 	0.0 	.002
87 	Nick Collison 	C 	26 	SEA 	82 	2378 	14.2 	.546 	.500 	.313 	.003 	11.4 	22.2 	16.8 	5.4 	1.1 	2.1 	14.5 	16.2 	110 	109 	2.8 	1.8 	4.6 	.093
88 	Will Conroy 	PG-SG 	24 	TOT 	7 	52 	1.1 	.000 	.000 	1.333 	.000 	6.9 	9.1 	8.1 	23.6 	0.0 	0.0 	29.6 	6.0 	72 	114 	-0.1 	0.0 	-0.1 	-0.062
89 	Brian Cook 	PF 	26 	LAL 	65 	1018 	14.8 	.525 	.510 	.115 	.282 	7.1 	17.6 	12.4 	10.8 	1.3 	2.0 	10.6 	21.2 	105 	108 	0.9 	0.8 	1.8 	.083
90 	Jamal Crawford 	SG 	26 	NYK 	59 	2198 	14.5 	.517 	.458 	.307 	.363 	2.4 	7.8 	5.1 	20.9 	1.4 	0.3 	13.9 	24.1 	105 	112 	2.3 	0.9 	3.1 	.069
91 	Austin Croshere 	PF 	31 	DAL 	61 	727 	10.9 	.463 	.410 	.234 	.410 	5.6 	24.8 	15.4 	9.2 	1.0 	0.6 	11.9 	17.8 	100 	102 	0.1 	1.1 	1.3 	.083
92 	Eddy Curry 	C 	24 	NYK 	81 	2849 	17.0 	.603 	.576 	.649 	.001 	8.2 	15.5 	11.9 	4.6 	0.6 	1.1 	18.4 	25.5 	105 	110 	3.1 	1.6 	4.7 	.079
93 	Samuel Dalembert 	C 	25 	PHI 	82 	2535 	16.1 	.581 	.541 	.340 	.003 	11.3 	23.3 	17.4 	4.2 	1.0 	4.8 	17.5 	16.7 	108 	103 	2.5 	3.6 	6.2 	.117
94 	Erick Dampier 	C 	31 	DAL 	76 	1915 	14.9 	.642 	.626 	.572 	.000 	14.0 	21.5 	17.8 	3.5 	0.7 	3.3 	20.4 	12.8 	118 	102 	3.3 	3.1 	6.4 	.160
95 	Antonio Daniels 	SG 	31 	WAS 	80 	1761 	15.0 	.572 	.467 	.643 	.162 	1.1 	8.9 	4.9 	24.3 	1.1 	0.4 	12.1 	14.2 	123 	114 	4.1 	0.2 	4.3 	.116
96 	Marquis Daniels 	SG 	26 	IND 	45 	800 	11.6 	.506 	.470 	.285 	.093 	3.7 	8.3 	5.9 	12.6 	1.8 	0.7 	14.8 	20.8 	97 	108 	-0.1 	0.7 	0.6 	.036
97 	Baron Davis 	PG 	27 	GSW 	63 	2221 	21.0 	.530 	.480 	.358 	.272 	2.5 	11.3 	6.8 	36.9 	2.9 	1.0 	13.9 	26.5 	109 	106 	4.1 	2.3 	6.4 	.139
98 	Dale Davis 	C 	37 	DET 	46 	464 	13.2 	.486 	.446 	.351 	.000 	15.1 	20.0 	17.5 	3.9 	1.2 	5.7 	14.9 	10.3 	112 	100 	0.5 	0.8 	1.3 	.132
99 	Paul Davis 	C 	22 	LAC 	31 	180 	11.2 	.452 	.423 	.192 	.000 	14.1 	15.2 	14.6 	6.4 	1.8 	2.2 	12.4 	16.5 	99 	105 	0.0 	0.2 	0.2 	.066
100 	Ricky Davis 	SF 	27 	MIN 	81 	3021 	15.9 	.566 	.521 	.262 	.285 	2.2 	10.1 	6.2 	21.9 	1.4 	0.6 	14.7 	21.9 	108 	110 	3.9 	1.9 	5.7 	.091
101 	Carlos Delfino 	SG 	24 	DET 	82 	1372 	12.8 	.515 	.476 	.237 	.367 	5.8 	17.2 	11.5 	10.2 	1.8 	0.5 	12.8 	16.5 	105 	104 	1.0 	1.9 	2.9 	.101
102 	Luol Deng 	SF 	21 	CHI 	82 	3071 	18.7 	.560 	.518 	.295 	.006 	5.5 	15.9 	10.8 	11.8 	1.6 	1.2 	10.0 	22.2 	112 	100 	5.7 	5.6 	11.3 	.176
103 	Boris Diaw 	PF 	24 	PHO 	73 	2268 	13.0 	.570 	.551 	.211 	.079 	4.9 	11.0 	8.1 	21.7 	0.6 	1.2 	19.9 	15.4 	111 	109 	3.0 	1.5 	4.6 	.097
104 	Yakhouba Diawara 	SG 	24 	DEN 	64 	1177 	5.3 	.450 	.426 	.182 	.582 	2.6 	7.8 	5.3 	6.5 	1.3 	0.4 	10.5 	12.8 	95 	110 	-0.2 	0.8 	0.5 	.021
105 	Dan Dickau 	PG 	28 	POR 	50 	444 	12.2 	.476 	.411 	.351 	.404 	1.9 	10.3 	6.0 	26.3 	1.7 	0.2 	13.4 	21.3 	103 	112 	0.3 	0.2 	0.4 	.048
106 	Travis Diener 	PG 	24 	ORL 	26 	288 	11.6 	.566 	.538 	.188 	.625 	1.3 	6.3 	3.9 	20.0 	0.7 	0.0 	13.1 	16.0 	115 	110 	0.5 	0.2 	0.7 	.113
107 	Ike Diogu 	PF 	23 	TOT 	59 	760 	14.9 	.559 	.477 	.526 	.000 	11.0 	19.5 	15.2 	5.7 	0.5 	2.6 	17.0 	22.9 	105 	106 	0.7 	0.8 	1.5 	.094
108 	DeSagana Diop 	C 	25 	DAL 	81 	1480 	10.6 	.503 	.470 	.570 	.007 	13.8 	21.6 	17.8 	2.8 	1.4 	5.8 	25.0 	7.9 	107 	98 	0.7 	3.1 	3.8 	.123
109 	Juan Dixon 	SG 	28 	TOT 	81 	1926 	11.8 	.516 	.482 	.165 	.321 	1.7 	8.4 	5.0 	11.0 	2.1 	0.4 	11.8 	20.7 	100 	110 	0.5 	1.2 	1.7 	.042
110 	Michael Doleac 	C 	29 	MIA 	56 	698 	11.0 	.518 	.469 	.234 	.006 	7.6 	18.3 	13.1 	5.1 	1.4 	1.7 	13.5 	15.1 	103 	104 	0.3 	0.9 	1.2 	.086
111 	Keyon Dooling 	SG 	26 	ORL 	66 	1435 	11.1 	.501 	.444 	.308 	.210 	1.9 	5.4 	3.7 	13.1 	1.9 	0.8 	12.2 	19.1 	102 	107 	0.7 	1.4 	2.1 	.071
112 	Quincy Douby 	PG 	22 	SAC 	42 	359 	9.0 	.449 	.429 	.119 	.397 	3.5 	8.7 	6.0 	6.9 	2.1 	0.9 	10.2 	18.5 	90 	109 	-0.3 	0.3 	0.0 	-0.006
113 	Chris Duhon 	PG 	24 	CHI 	78 	1906 	11.9 	.529 	.499 	.209 	.507 	1.4 	8.7 	5.1 	24.4 	1.9 	0.2 	16.6 	14.8 	108 	102 	1.9 	3.0 	4.8 	.121
114 	Tim Duncan 	C 	30 	SAS 	80 	2726 	26.1 	.579 	.547 	.502 	.008 	9.8 	27.0 	18.8 	18.8 	1.3 	5.1 	14.0 	27.9 	111 	94 	6.3 	6.8 	13.0 	.230
115 	Mike Dunleavy 	SG-PF 	26 	TOT 	82 	2580 	14.1 	.542 	.493 	.316 	.264 	3.6 	15.5 	9.4 	14.2 	1.6 	0.6 	13.3 	19.0 	107 	107 	2.6 	2.5 	5.1 	.095
116 	Ronald Dupree 	SF 	26 	DET 	19 	94 	7.4 	.358 	.355 	.290 	.000 	6.3 	15.2 	10.7 	8.5 	2.9 	0.8 	7.9 	19.2 	82 	102 	-0.2 	0.2 	0.0 	-0.007
117 	Monta Ellis 	SG 	21 	GSW 	77 	2638 	15.0 	.545 	.495 	.354 	.142 	2.5 	7.7 	5.1 	18.8 	2.4 	0.6 	15.9 	22.4 	104 	109 	2.0 	1.9 	4.0 	.072
118 	Francisco Elson 	C 	30 	SAS 	70 	1332 	11.2 	.552 	.511 	.284 	.007 	7.7 	22.2 	15.2 	6.4 	1.2 	3.3 	21.3 	14.4 	100 	97 	0.2 	2.9 	3.1 	.111
119 	Melvin Ely 	PF-C 	28 	TOT 	30 	309 	5.2 	.442 	.363 	.588 	.000 	5.7 	14.8 	10.2 	9.0 	1.0 	2.0 	21.8 	19.1 	83 	107 	-0.6 	0.3 	-0.3 	-0.039
120 	Maurice Evans 	SG 	28 	LAL 	76 	1732 	12.1 	.523 	.476 	.286 	.245 	6.3 	8.6 	7.5 	6.7 	1.1 	0.6 	8.5 	17.3 	109 	112 	2.0 	0.6 	2.6 	.072
121 	Reggie Evans 	PF 	26 	DEN 	66 	1127 	13.5 	.550 	.544 	.851 	.000 	15.8 	29.9 	23.0 	5.7 	1.8 	1.0 	24.3 	14.8 	101 	101 	0.4 	1.9 	2.3 	.096
122 	Daniel Ewing 	PG 	23 	LAC 	61 	712 	9.3 	.495 	.447 	.280 	.273 	1.5 	10.7 	6.1 	19.8 	2.4 	0.4 	21.7 	15.0 	94 	106 	-0.3 	0.7 	0.5 	.033
123 	Jordan Farmar 	PG 	20 	LAL 	72 	1090 	10.8 	.515 	.498 	.129 	.466 	2.4 	10.3 	6.4 	19.0 	2.1 	0.5 	19.0 	15.8 	99 	110 	0.2 	0.7 	0.9 	.038
124 	Desmon Farmer 	SG 	25 	SEA 	8 	32 	15.4 	.421 	.400 	.067 	.533 	0.0 	3.8 	1.9 	46.0 	1.6 	0.0 	6.1 	23.3 	108 	114 	0.0 	0.0 	0.0 	.074
125 	Raymond Felton 	PG 	22 	CHA 	78 	2832 	13.5 	.481 	.434 	.250 	.305 	2.1 	9.3 	5.6 	32.0 	2.2 	0.3 	16.8 	21.9 	98 	109 	0.2 	2.1 	2.3 	.039
126 	Michael Finley 	SF 	33 	SAS 	82 	1823 	13.7 	.524 	.490 	.148 	.431 	2.3 	12.0 	7.4 	9.7 	0.9 	0.6 	6.1 	19.6 	108 	103 	2.1 	2.6 	4.7 	.125
127 	Derek Fisher 	SG 	32 	UTA 	82 	2287 	11.4 	.510 	.418 	.455 	.231 	1.6 	6.3 	4.0 	18.1 	1.9 	0.2 	12.9 	18.2 	108 	109 	2.4 	1.5 	3.9 	.083
128 	T.J. Ford 	PG 	23 	TOR 	75 	2243 	18.2 	.508 	.447 	.325 	.076 	2.7 	9.7 	6.2 	44.8 	2.3 	0.3 	18.3 	26.1 	103 	106 	2.0 	2.3 	4.3 	.091
129 	Danny Fortson 	C 	30 	SEA 	14 	158 	4.3 	.560 	.500 	.433 	.033 	9.8 	23.0 	16.3 	0.9 	0.3 	0.0 	29.6 	14.6 	90 	111 	-0.1 	0.1 	0.0 	-0.013
130 	Jeff Foster 	C 	30 	IND 	75 	1740 	13.0 	.513 	.469 	.469 	.004 	16.5 	24.1 	20.2 	5.0 	1.9 	1.6 	18.2 	9.9 	113 	102 	1.8 	2.7 	4.5 	.124
131 	Randy Foye 	PG 	23 	MIN 	82 	1879 	14.0 	.536 	.483 	.278 	.268 	3.2 	10.5 	6.9 	20.9 	1.5 	0.9 	16.4 	22.9 	102 	109 	1.0 	1.3 	2.3 	.058
132 	Adonal Foyle 	C 	31 	GSW 	48 	475 	13.7 	.557 	.565 	.294 	.000 	11.5 	17.7 	14.6 	5.5 	1.1 	8.0 	19.3 	10.7 	110 	104 	0.4 	0.6 	1.0 	.104
133 	Steve Francis 	SG 	29 	NYK 	44 	1237 	15.1 	.570 	.469 	.615 	.324 	3.2 	11.8 	7.5 	22.4 	1.8 	0.8 	18.7 	19.7 	111 	109 	2.0 	0.9 	2.9 	.113
134 	Matt Freije 	PF 	25 	ATL 	19 	147 	6.1 	.353 	.324 	.111 	.407 	6.5 	13.3 	9.8 	7.9 	1.1 	0.5 	5.0 	18.7 	86 	111 	-0.2 	0.1 	-0.1 	-0.034
135 	Channing Frye 	PF 	23 	NYK 	72 	1896 	10.5 	.464 	.435 	.157 	.026 	5.8 	18.9 	12.4 	6.2 	1.0 	1.8 	12.0 	20.0 	95 	108 	-0.6 	1.6 	0.9 	.024
136 	Dan Gadzuric 	C 	28 	MIL 	54 	840 	11.9 	.482 	.474 	.395 	.004 	13.0 	21.6 	17.2 	5.3 	1.4 	2.9 	15.5 	17.0 	99 	108 	0.1 	0.7 	0.8 	.043
137 	Jorge Garbajosa 	PF 	29 	TOR 	67 	1909 	12.1 	.503 	.482 	.147 	.365 	2.9 	17.5 	10.2 	10.1 	2.1 	0.6 	10.2 	15.2 	101 	105 	0.6 	2.4 	3.0 	.074
138 	Francisco Garcia 	SF 	25 	SAC 	79 	1410 	11.7 	.551 	.499 	.300 	.392 	4.3 	12.9 	8.5 	9.8 	1.6 	2.3 	14.0 	15.9 	106 	108 	1.1 	1.2 	2.4 	.080
139 	Kevin Garnett 	PF 	30 	MIN 	76 	2995 	24.1 	.546 	.480 	.371 	.042 	7.5 	30.8 	19.5 	19.5 	1.6 	3.2 	11.6 	27.4 	110 	101 	5.7 	4.9 	10.7 	.171
140 	Pat Garrity 	PF 	30 	ORL 	33 	277 	6.4 	.456 	.393 	.257 	.457 	5.5 	13.1 	9.3 	7.8 	1.3 	0.0 	15.2 	15.4 	95 	106 	-0.1 	0.3 	0.2 	.038
141 	Pau Gasol 	C 	26 	MEM 	59 	2133 	24.1 	.593 	.540 	.466 	.013 	8.3 	24.2 	16.3 	17.7 	0.7 	4.5 	13.5 	25.3 	115 	109 	5.4 	1.5 	6.9 	.155
142 	Rudy Gay 	SF 	20 	MEM 	78 	2103 	12.4 	.497 	.457 	.275 	.188 	5.3 	14.5 	9.9 	8.0 	1.7 	2.7 	14.1 	21.3 	96 	111 	-0.5 	1.0 	0.5 	.011
143 	Mickael Gelabale 	SF 	23 	SEA 	70 	1239 	9.8 	.535 	.483 	.311 	.178 	5.7 	11.1 	8.4 	6.7 	1.0 	1.4 	14.0 	12.8 	108 	113 	0.9 	0.4 	1.3 	.050
144 	Devean George 	SF 	29 	DAL 	60 	1283 	9.7 	.487 	.466 	.130 	.405 	5.5 	14.3 	10.0 	4.0 	1.9 	1.4 	11.5 	16.1 	99 	103 	0.1 	1.9 	2.1 	.078
145 	Daniel Gibson 	PG 	20 	CLE 	60 	988 	9.4 	.556 	.537 	.169 	.537 	3.2 	7.7 	5.4 	10.7 	1.2 	0.6 	15.1 	13.4 	108 	105 	0.8 	1.2 	2.0 	.098
146 	Manu Ginobili 	SG 	29 	SAS 	75 	2060 	24.1 	.609 	.539 	.436 	.378 	3.6 	15.1 	9.6 	22.6 	2.8 	1.0 	13.4 	27.1 	117 	98 	6.3 	4.3 	10.6 	.246
147 	Gordan Giricek 	SG 	29 	UTA 	61 	1188 	11.3 	.566 	.530 	.228 	.320 	2.5 	10.7 	6.6 	8.5 	1.2 	0.3 	13.2 	18.2 	107 	110 	1.1 	0.8 	1.9 	.076
148 	Andreas Glyniadakis 	C 	25 	SEA 	13 	81 	-3.3 	.475 	.471 	.118 	.000 	2.9 	9.0 	5.9 	1.8 	0.0 	0.0 	33.5 	15.1 	66 	116 	-0.2 	0.0 	-0.2 	-0.143
149 	Ryan Gomes 	PF 	24 	BOS 	73 	2275 	13.7 	.534 	.479 	.322 	.058 	6.4 	15.2 	10.7 	9.2 	1.1 	0.4 	11.3 	18.5 	108 	109 	2.5 	1.7 	4.2 	.089
150 	Drew Gooden 	PF 	25 	CLE 	80 	2238 	16.5 	.508 	.474 	.254 	.008 	13.3 	22.3 	17.7 	6.7 	1.7 	1.0 	11.7 	20.0 	107 	100 	2.4 	4.1 	6.5 	.139
151 	Ben Gordon 	SG 	23 	CHI 	82 	2704 	18.2 	.572 	.513 	.329 	.280 	1.5 	9.3 	5.4 	20.1 	1.2 	0.5 	14.0 	29.3 	108 	103 	4.7 	3.9 	8.6 	.152
152 	Joey Graham 	SF 	24 	TOR 	79 	1319 	12.9 	.564 	.506 	.338 	.080 	4.9 	17.4 	11.0 	5.4 	1.2 	0.2 	9.9 	17.4 	110 	107 	1.7 	1.3 	3.0 	.108
153 	Stephen Graham 	SG 	24 	POR 	14 	165 	5.4 	.512 	.463 	.225 	.275 	4.4 	11.5 	7.9 	4.9 	1.3 	0.5 	22.8 	16.2 	88 	112 	-0.2 	0.1 	-0.1 	-0.027
154 	Danny Granger 	SF 	23 	IND 	82 	2785 	13.9 	.573 	.522 	.339 	.332 	4.6 	11.3 	7.9 	7.0 	1.2 	1.7 	11.9 	18.2 	111 	107 	3.9 	2.6 	6.5 	.111
155 	Gerald Green 	SF 	21 	BOS 	81 	1780 	12.0 	.521 	.484 	.215 	.349 	4.5 	9.6 	7.0 	8.5 	1.2 	1.0 	12.9 	23.7 	99 	109 	0.4 	1.2 	1.6 	.042
156 	Willie Green 	SG 	25 	PHI 	74 	1842 	10.3 	.458 	.441 	.128 	.181 	2.7 	7.5 	5.1 	11.2 	1.6 	0.2 	10.4 	25.7 	91 	110 	-1.8 	1.1 	-0.7 	-0.018
157 	Orien Greene 	SG 	24 	IND 	41 	254 	6.5 	.432 	.387 	.403 	.177 	5.4 	14.9 	10.0 	13.6 	3.5 	1.2 	27.7 	17.8 	78 	102 	-0.6 	0.4 	-0.2 	-0.034
158 	Lynn Greer 	SG 	27 	MIL 	41 	432 	14.0 	.538 	.496 	.227 	.369 	0.5 	6.9 	3.7 	19.0 	2.0 	0.2 	10.4 	18.1 	112 	113 	0.7 	0.1 	0.7 	.083
159 	Adrian Griffin 	SF 	32 	CHI 	54 	585 	10.7 	.499 	.473 	.147 	.047 	7.9 	13.4 	10.6 	15.2 	2.8 	0.5 	21.7 	13.3 	99 	98 	0.1 	1.2 	1.3 	.103
160 	Eddie Griffin 	PF 	24 	MIN 	13 	92 	5.2 	.308 	.259 	.185 	.037 	9.3 	22.8 	16.3 	6.5 	0.0 	5.9 	17.0 	17.8 	70 	105 	-0.3 	0.1 	-0.2 	-0.088
161 	Mike Hall 	SF 	22 	WAS 	2 	13 	3.1 	.250 	.250 	.000 	.000 	8.6 	9.1 	8.8 	11.0 	0.0 	0.0 	0.0 	13.5 	82 	117 	0.0 	0.0 	0.0 	-0.073
162 	Richard Hamilton 	SG 	28 	DET 	75 	2763 	18.1 	.551 	.486 	.344 	.110 	3.2 	8.9 	6.1 	19.0 	1.2 	0.4 	10.6 	25.9 	112 	108 	5.7 	2.4 	8.1 	.141
163 	Matt Harpring 	SF 	30 	UTA 	77 	1965 	14.7 	.564 	.501 	.471 	.059 	7.3 	14.6 	10.9 	8.2 	1.4 	0.5 	13.0 	20.8 	111 	108 	3.1 	1.6 	4.7 	.115
164 	Al Harrington 	PF 	26 	TOT 	78 	2563 	14.8 	.540 	.516 	.223 	.271 	6.5 	15.4 	10.9 	9.8 	1.3 	0.7 	12.4 	23.1 	104 	108 	2.0 	2.2 	4.3 	.080
165 	Junior Harrington 	PG 	26 	MEM 	29 	543 	8.9 	.483 	.442 	.336 	.190 	2.6 	12.3 	7.5 	25.4 	2.0 	0.7 	24.9 	17.4 	92 	112 	-0.4 	0.2 	-0.2 	-0.015
166 	Othella Harrington 	PF 	33 	CHA 	26 	220 	5.0 	.510 	.446 	.393 	.000 	6.8 	13.9 	10.2 	4.4 	0.2 	0.3 	18.6 	16.7 	94 	111 	-0.1 	0.1 	0.0 	.003
167 	Devin Harris 	PG 	23 	DAL 	80 	2081 	16.0 	.574 	.504 	.440 	.084 	2.7 	8.5 	5.7 	22.9 	2.5 	0.8 	17.1 	19.1 	112 	104 	3.7 	2.9 	6.5 	.151
168 	David Harrison 	C 	24 	IND 	24 	190 	7.0 	.525 	.517 	.379 	.000 	5.4 	20.5 	12.8 	5.6 	1.4 	4.8 	27.8 	22.1 	80 	102 	-0.5 	0.3 	-0.2 	-0.040
169 	Jason Hart 	PG 	28 	TOT 	36 	846 	12.3 	.509 	.462 	.210 	.129 	2.0 	11.8 	6.9 	19.8 	2.7 	0.1 	13.4 	15.4 	105 	106 	0.5 	1.0 	1.5 	.085
170 	Udonis Haslem 	PF 	26 	MIA 	79 	2483 	13.7 	.523 	.492 	.283 	.006 	9.2 	21.6 	15.5 	6.6 	1.1 	0.8 	12.0 	17.5 	106 	105 	2.0 	3.1 	5.1 	.099
171 	Trenton Hassell 	SG 	27 	MIN 	76 	2223 	9.7 	.529 	.497 	.208 	.056 	4.6 	8.4 	6.5 	14.0 	0.5 	0.9 	14.2 	11.8 	109 	112 	1.8 	0.8 	2.6 	.056
172 	Chuck Hayes 	PF 	23 	HOU 	78 	1714 	13.9 	.587 	.573 	.266 	.000 	13.8 	21.1 	17.5 	4.4 	2.2 	0.8 	14.6 	11.9 	119 	98 	2.9 	3.6 	6.4 	.179
173 	Jarvis Hayes 	SF 	25 	WAS 	81 	1626 	10.7 	.502 	.471 	.154 	.335 	2.9 	12.2 	7.4 	7.7 	1.5 	0.6 	8.8 	17.3 	104 	112 	1.0 	0.5 	1.5 	.045
174 	Brendan Haywood 	C 	27 	WAS 	77 	1740 	14.2 	.571 	.558 	.592 	.000 	12.5 	19.2 	15.8 	4.1 	1.0 	3.9 	16.7 	13.6 	112 	109 	2.2 	1.3 	3.4 	.095
175 	Luther Head 	SG 	24 	HOU 	80 	2211 	13.7 	.584 	.564 	.150 	.573 	1.6 	11.4 	6.6 	14.8 	1.8 	0.2 	15.5 	18.6 	107 	102 	2.2 	3.4 	5.7 	.123
176 	Alan Henderson 	PF 	34 	PHI 	38 	418 	15.7 	.679 	.642 	.701 	.000 	13.8 	16.9 	15.4 	3.8 	1.1 	2.2 	12.0 	11.0 	136 	106 	1.1 	0.4 	1.6 	.181
177 	Walter Herrmann 	PF 	27 	CHA 	48 	936 	16.1 	.625 	.608 	.161 	.348 	3.4 	14.5 	8.8 	5.0 	0.9 	0.6 	8.3 	18.7 	117 	110 	1.8 	0.6 	2.4 	.125
178 	Nene Hilario 	C 	24 	DEN 	64 	1715 	17.8 	.611 	.570 	.548 	.002 	10.0 	19.4 	14.7 	7.1 	1.8 	2.5 	16.5 	19.2 	113 	104 	2.9 	2.4 	5.3 	.148
179 	Grant Hill 	SG 	34 	ORL 	65 	2009 	16.3 	.582 	.520 	.491 	.018 	3.3 	11.0 	7.3 	12.3 	1.6 	1.0 	15.2 	21.8 	109 	106 	2.9 	2.3 	5.1 	.123
180 	Kirk Hinrich 	PG 	26 	CHI 	80 	2839 	17.0 	.559 	.514 	.268 	.318 	1.3 	9.7 	5.5 	29.2 	1.8 	0.6 	13.9 	21.6 	113 	102 	5.5 	4.6 	10.1 	.171
181 	Robert Hite 	SG 	23 	MIA 	12 	136 	7.4 	.391 	.358 	.200 	.383 	3.6 	10.2 	6.9 	9.9 	1.2 	1.2 	8.4 	24.8 	84 	108 	-0.3 	0.1 	-0.2 	-0.055
182 	Julius Hodge 	SG 	23 	TOT 	9 	65 	14.0 	.545 	.500 	.333 	.000 	3.6 	10.7 	7.1 	25.4 	3.1 	0.0 	17.9 	11.4 	117 	107 	0.1 	0.1 	0.2 	.115
183 	Ryan Hollins 	C 	22 	CHA 	27 	185 	8.5 	.597 	.556 	1.111 	.000 	6.8 	13.2 	9.9 	0.9 	1.1 	2.9 	23.0 	17.1 	97 	108 	0.0 	0.2 	0.2 	.040
184 	Robert Horry 	PF 	36 	SAS 	68 	1124 	11.9 	.480 	.458 	.255 	.594 	8.2 	16.1 	12.3 	10.1 	2.1 	2.7 	13.6 	13.6 	104 	98 	0.6 	2.4 	2.9 	.125
185 	Eddie House 	SG 	28 	NJN 	56 	946 	15.0 	.536 	.517 	.086 	.416 	1.8 	9.7 	5.7 	13.1 	1.5 	0.3 	5.8 	22.8 	107 	108 	1.1 	0.8 	1.9 	.094
186 	Dwight Howard 	C 	21 	ORL 	82 	3023 	21.1 	.619 	.603 	.763 	.002 	11.8 	28.9 	20.5 	9.5 	1.2 	4.2 	21.4 	22.7 	107 	99 	3.9 	5.8 	9.7 	.154
187 	Josh Howard 	SF 	26 	DAL 	70 	2455 	20.0 	.548 	.501 	.273 	.222 	6.5 	16.6 	11.7 	9.2 	1.8 	1.7 	9.3 	25.2 	112 	102 	5.0 	3.8 	8.8 	.173
188 	Juwan Howard 	PF 	33 	HOU 	80 	2123 	12.8 	.517 	.465 	.283 	.000 	7.5 	17.9 	12.7 	10.5 	0.7 	0.3 	13.0 	18.9 	105 	103 	1.7 	3.2 	4.9 	.110
189 	Troy Hudson 	PG 	30 	MIN 	34 	554 	10.8 	.483 	.451 	.164 	.410 	1.8 	8.4 	5.2 	21.4 	1.3 	0.3 	16.1 	20.9 	95 	111 	-0.2 	0.3 	0.1 	.005
190 	Larry Hughes 	SG 	28 	CLE 	70 	2596 	12.1 	.480 	.439 	.324 	.233 	1.8 	10.4 	6.0 	16.4 	1.8 	0.8 	12.4 	21.7 	98 	103 	0.1 	3.8 	3.9 	.073
191 	Kris Humphries 	PF 	21 	TOR 	60 	670 	13.5 	.516 	.470 	.427 	.000 	13.5 	19.3 	16.4 	4.2 	1.1 	2.4 	12.7 	17.4 	107 	105 	0.7 	0.8 	1.5 	.107
192 	Lindsey Hunter 	PG 	36 	DET 	52 	745 	12.7 	.495 	.463 	.135 	.488 	1.4 	6.1 	3.7 	20.3 	2.5 	0.7 	11.9 	18.7 	104 	106 	0.5 	0.8 	1.3 	.085
193 	Steven Hunter 	PF 	25 	PHI 	70 	1605 	12.3 	.573 	.577 	.463 	.000 	8.6 	16.5 	12.5 	2.6 	0.4 	3.7 	14.2 	13.2 	108 	107 	1.3 	1.5 	2.8 	.085
194 	Andre Iguodala 	SG 	23 	PHI 	76 	3062 	18.1 	.562 	.471 	.556 	.156 	3.0 	14.0 	8.5 	23.8 	2.6 	0.8 	17.5 	22.6 	107 	105 	4.1 	3.6 	7.7 	.120
195 	Zydrunas Ilgauskas 	C 	31 	CLE 	78 	2130 	18.0 	.527 	.485 	.242 	.001 	12.9 	20.0 	16.4 	10.2 	1.2 	3.6 	13.8 	21.7 	107 	99 	2.6 	4.0 	6.6 	.148
196 	Mile Ilic 	C 	22 	NJN 	5 	6 	-48.6 	.000 	.000 	.000 	.000 	0.0 	19.5 	9.8 	0.0 	0.0 	0.0 	50.0 	46.6 	0 	109 	-0.2 	0.0 	-0.2 	-1.264
197 	Didier Ilunga-Mbenga 	C 	26 	DAL 	21 	79 	7.2 	.435 	.313 	.500 	.000 	4.7 	11.9 	8.4 	10.9 	2.0 	4.8 	20.4 	14.5 	91 	100 	-0.1 	0.1 	0.1 	.055
198 	Ersan Ilyasova 	PF 	19 	MIL 	66 	973 	12.1 	.500 	.457 	.245 	.408 	6.9 	16.0 	11.4 	7.8 	1.4 	1.4 	11.3 	21.0 	102 	111 	0.5 	0.5 	1.0 	.051
199 	Allen Iverson 	SG-PG 	31 	TOT 	65 	2761 	19.6 	.540 	.466 	.465 	.150 	1.0 	6.9 	4.0 	29.6 	2.2 	0.3 	14.5 	29.3 	106 	108 	4.0 	2.2 	6.2 	.108
200 	Royal Ivey 	PG 	25 	ATL 	53 	539 	9.6 	.496 	.465 	.245 	.112 	3.3 	8.1 	5.7 	14.1 	2.4 	0.6 	16.4 	16.2 	97 	109 	0.0 	0.4 	0.3 	.030
201 	Jarrett Jack 	PG 	23 	POR 	79 	2651 	14.5 	.571 	.499 	.396 	.255 	0.8 	9.1 	4.9 	26.2 	1.8 	0.3 	18.4 	18.0 	110 	112 	3.8 	1.0 	4.8 	.087
202 	Bobby Jackson 	SG 	33 	NOK 	56 	1330 	15.1 	.500 	.446 	.324 	.319 	3.6 	12.1 	7.7 	17.9 	2.0 	0.4 	11.6 	23.0 	104 	107 	1.2 	1.3 	2.5 	.088
203 	Luke Jackson 	SF 	25 	TOT 	13 	138 	10.3 	.511 	.500 	.209 	.395 	1.7 	6.9 	4.3 	14.9 	1.9 	0.6 	13.0 	18.1 	98 	108 	0.0 	0.1 	0.1 	.043
204 	Marc Jackson 	PF 	32 	NOK 	56 	1025 	11.9 	.471 	.410 	.265 	.003 	6.8 	15.0 	10.8 	9.6 	1.1 	0.5 	13.0 	22.2 	97 	108 	-0.2 	0.9 	0.7 	.033
205 	Stephen Jackson 	SF-SG 	28 	TOT 	75 	2479 	14.4 	.540 	.486 	.317 	.329 	2.7 	7.5 	5.0 	18.8 	1.7 	1.0 	14.5 	22.1 	105 	109 	2.3 	1.7 	4.1 	.079
206 	Jerome James 	C 	31 	NYK 	41 	273 	5.1 	.437 	.418 	.228 	.000 	9.2 	19.4 	14.4 	1.8 	1.2 	4.4 	20.9 	18.3 	81 	105 	-0.5 	0.3 	-0.2 	-0.031
207 	LeBron James 	SF 	22 	CLE 	78 	3190 	24.5 	.552 	.507 	.432 	.191 	3.0 	16.6 	9.6 	29.1 	2.1 	1.3 	11.5 	31.0 	112 	100 	8.0 	5.7 	13.7 	.206
208 	Mike James 	PG 	31 	MIN 	82 	2069 	13.3 	.528 	.479 	.262 	.306 	1.5 	7.8 	4.7 	23.7 	1.4 	0.3 	14.1 	20.5 	105 	111 	1.8 	1.1 	2.8 	.065
209 	Antawn Jamison 	PF 	30 	WAS 	70 	2662 	18.4 	.545 	.510 	.270 	.333 	5.6 	19.0 	12.1 	8.8 	1.5 	1.0 	7.5 	22.8 	113 	110 	5.2 	1.6 	6.8 	.123
210 	Marko Jaric 	SG 	28 	MIN 	70 	1555 	9.6 	.510 	.468 	.271 	.262 	4.3 	9.7 	7.1 	14.1 	2.5 	0.8 	19.5 	13.5 	99 	107 	0.1 	1.5 	1.5 	.048
211 	Sarunas Jasikevicius 	SG-PG 	30 	TOT 	63 	973 	12.4 	.531 	.466 	.295 	.404 	1.7 	6.4 	4.0 	28.3 	1.3 	0.1 	19.8 	20.6 	103 	110 	0.6 	0.5 	1.1 	.056
212 	Al Jefferson 	C 	22 	BOS 	69 	2319 	19.8 	.547 	.514 	.334 	.001 	12.0 	27.4 	19.5 	7.2 	1.1 	3.5 	11.8 	22.4 	109 	103 	3.3 	3.3 	6.6 	.137
213 	Richard Jefferson 	SF 	26 	NJN 	55 	1956 	13.8 	.555 	.495 	.490 	.218 	2.9 	11.5 	7.2 	13.1 	0.9 	0.3 	12.9 	22.1 	106 	109 	2.0 	1.4 	3.4 	.082
214 	Jared Jeffries 	SF 	25 	NYK 	55 	1307 	8.6 	.473 	.466 	.330 	.097 	10.2 	11.4 	10.8 	7.9 	1.8 	1.8 	20.5 	10.3 	99 	108 	0.1 	1.0 	1.2 	.043
215 	Alexander Johnson 	PF 	23 	MEM 	59 	753 	13.2 	.588 	.538 	.698 	.000 	7.9 	20.8 	14.4 	3.6 	1.7 	3.5 	17.5 	16.1 	107 	108 	0.7 	0.6 	1.3 	.083
216 	Amir Johnson 	PF 	19 	DET 	8 	124 	20.6 	.600 	.545 	.424 	.091 	14.4 	21.1 	17.7 	4.1 	2.2 	8.1 	18.7 	18.5 	111 	96 	0.2 	0.3 	0.5 	.183
217 	Anthony Johnson 	PG 	32 	TOT 	67 	1301 	9.9 	.480 	.450 	.178 	.213 	2.1 	7.3 	4.7 	24.9 	1.4 	0.2 	17.0 	15.8 	101 	110 	0.4 	0.8 	1.2 	.045
218 	DerMarr Johnson 	SF 	26 	DEN 	39 	419 	6.1 	.414 	.386 	.136 	.571 	2.7 	12.5 	7.7 	6.0 	1.9 	2.1 	14.2 	19.5 	82 	106 	-0.7 	0.5 	-0.3 	-0.032
219 	Joe Johnson 	SG 	25 	ATL 	57 	2359 	19.5 	.558 	.523 	.276 	.274 	2.7 	9.6 	6.1 	21.8 	1.4 	0.4 	12.1 	28.3 	109 	111 	4.1 	1.0 	5.1 	.105
220 	Linton Johnson 	PF 	26 	NOK 	54 	720 	14.0 	.548 	.516 	.195 	.158 	8.2 	18.2 	13.1 	4.0 	2.4 	2.0 	11.6 	14.8 	111 	103 	0.8 	1.0 	1.9 	.125
221 	Bobby Jones 	SF 	23 	PHI 	44 	336 	9.4 	.495 	.468 	.441 	.097 	7.9 	12.5 	10.2 	7.8 	1.7 	0.2 	13.9 	17.7 	99 	108 	0.0 	0.3 	0.3 	.045
222 	Dahntay Jones 	SG 	26 	MEM 	78 	1671 	9.6 	.542 	.483 	.377 	.026 	3.4 	7.6 	5.5 	6.6 	1.2 	1.0 	14.6 	17.0 	102 	115 	0.7 	0.0 	0.7 	.019
223 	Damon Jones 	PG 	30 	CLE 	60 	1173 	10.2 	.525 	.511 	.124 	.651 	0.9 	5.8 	3.3 	12.7 	0.7 	0.1 	8.8 	15.9 	109 	107 	1.2 	1.1 	2.4 	.097
224 	Dwayne Jones 	PF 	23 	CLE 	4 	18 	-0.5 	.412 	.000 	6.000 	.000 	6.3 	33.1 	19.4 	0.0 	0.0 	0.0 	35.5 	14.2 	64 	101 	-0.1 	0.0 	0.0 	-0.068
225 	Eddie Jones 	SG 	35 	TOT 	64 	1594 	12.3 	.542 	.514 	.178 	.526 	2.3 	11.6 	7.1 	10.9 	2.2 	0.5 	9.4 	14.7 	111 	108 	1.7 	1.4 	3.1 	.094
226 	Fred Jones 	SG 	27 	TOT 	63 	1319 	10.0 	.501 	.439 	.316 	.355 	2.1 	8.4 	5.2 	12.8 	1.9 	0.9 	14.0 	16.9 	99 	109 	0.2 	1.0 	1.2 	.044
227 	James Jones 	SF 	26 	PHO 	76 	1376 	10.8 	.510 	.470 	.184 	.541 	2.9 	11.5 	7.5 	4.5 	1.0 	2.1 	5.6 	16.5 	106 	108 	1.0 	1.2 	2.2 	.077
228 	Jumaine Jones 	SF 	27 	PHO 	18 	138 	3.2 	.386 	.373 	.039 	.627 	5.3 	13.7 	9.7 	1.0 	1.8 	0.5 	11.9 	19.2 	77 	106 	-0.3 	0.1 	-0.2 	-0.061
229 	Solomon Jones 	PF 	22 	ATL 	58 	666 	12.3 	.587 	.508 	.586 	.008 	8.7 	15.9 	12.3 	2.7 	0.9 	4.9 	13.4 	12.8 	116 	107 	1.0 	0.7 	1.6 	.117
230 	Chris Kaman 	C 	24 	LAC 	75 	2176 	12.9 	.502 	.451 	.344 	.002 	8.9 	23.3 	16.2 	6.1 	1.0 	4.1 	16.4 	19.0 	97 	103 	-0.3 	3.2 	2.9 	.063
231 	Jason Kapono 	SF 	25 	MIA 	67 	1767 	13.8 	.613 	.590 	.131 	.373 	1.8 	10.0 	6.0 	7.9 	1.1 	0.1 	10.5 	17.9 	114 	109 	2.9 	1.3 	4.2 	.114
232 	Viktor Khryapa 	PF 	24 	CHI 	33 	231 	9.5 	.448 	.386 	.371 	.086 	10.0 	18.1 	14.1 	13.9 	2.2 	0.3 	16.4 	18.8 	96 	98 	-0.1 	0.5 	0.4 	.087
233 	Jason Kidd 	PG 	33 	NJN 	80 	2933 	19.4 	.516 	.475 	.253 	.398 	5.5 	20.8 	13.2 	41.4 	2.3 	0.6 	17.4 	19.4 	111 	103 	5.1 	4.1 	9.3 	.152
234 	Tarence Kinsey 	SG 	22 	MEM 	48 	967 	13.0 	.532 	.479 	.322 	.151 	3.6 	8.4 	6.0 	7.0 	2.8 	0.1 	11.7 	18.4 	104 	112 	0.6 	0.3 	0.9 	.046
235 	Andrei Kirilenko 	SF 	25 	UTA 	70 	2049 	14.3 	.558 	.490 	.572 	.179 	5.2 	14.3 	9.8 	14.5 	1.9 	5.8 	20.5 	14.4 	106 	103 	1.6 	2.9 	4.4 	.104
236 	Linas Kleiza 	PF 	22 	DEN 	79 	1488 	11.1 	.561 	.509 	.285 	.466 	5.9 	14.1 	10.1 	4.5 	0.9 	0.7 	12.9 	17.6 	108 	108 	1.6 	1.2 	2.8 	.090
237 	Brevin Knight 	PG 	31 	CHA 	45 	1273 	14.3 	.487 	.420 	.353 	.050 	1.3 	9.7 	5.3 	37.5 	2.7 	0.2 	18.5 	18.4 	103 	108 	0.7 	1.1 	1.8 	.070
238 	Yaroslav Korolev 	SF 	19 	LAC 	10 	41 	8.0 	.322 	.281 	.375 	.313 	2.9 	5.8 	4.4 	15.4 	3.9 	0.0 	5.1 	22.1 	79 	105 	-0.1 	0.0 	0.0 	-0.057
239 	Kyle Korver 	SF 	25 	PHI 	74 	2288 	14.2 	.569 	.518 	.247 	.363 	1.6 	12.0 	6.8 	8.0 	1.3 	0.7 	11.1 	21.3 	109 	109 	2.9 	1.7 	4.6 	.097
240 	Nenad Krstic 	C 	23 	NJN 	26 	848 	16.9 	.566 	.526 	.375 	.003 	7.1 	17.3 	12.2 	10.2 	0.6 	2.2 	12.1 	23.5 	107 	107 	1.1 	0.9 	1.9 	.109
241 	Raef LaFrentz 	PF 	30 	POR 	27 	352 	8.7 	.441 	.392 	.255 	.225 	8.7 	16.2 	12.4 	3.7 	1.1 	2.5 	10.3 	16.8 	96 	110 	-0.1 	0.2 	0.2 	.021
242 	James Lang 	C 	23 	WAS 	11 	55 	6.6 	.491 	.444 	.556 	.000 	10.2 	12.9 	11.5 	5.2 	0.0 	4.2 	15.2 	10.6 	107 	112 	0.0 	0.0 	0.1 	.047
243 	David Lee 	PF 	23 	NYK 	58 	1731 	20.2 	.652 	.600 	.433 	.000 	13.6 	27.6 	20.7 	10.2 	1.5 	1.1 	16.2 	14.9 	127 	105 	4.8 	2.1 	6.9 	.191
244 	Rashard Lewis 	SF 	27 	SEA 	60 	2348 	20.7 	.587 	.536 	.313 	.385 	4.6 	15.7 	10.1 	10.8 	1.5 	1.3 	9.4 	24.4 	117 	110 	6.3 	1.3 	7.6 	.155
245 	Randy Livingston 	PG 	31 	SEA 	4 	26 	-1.2 	.000 	.000 	.000 	.000 	4.6 	0.0 	2.3 	20.0 	0.0 	0.0 	25.0 	7.0 	61 	119 	-0.1 	0.0 	-0.1 	-0.116
246 	Shaun Livingston 	PG 	21 	LAC 	54 	1611 	13.7 	.503 	.469 	.258 	.036 	4.2 	9.4 	6.8 	28.3 	1.9 	1.4 	17.8 	17.4 	103 	107 	0.9 	1.6 	2.4 	.072
247 	Kyle Lowry 	PG 	20 	MEM 	10 	175 	18.3 	.556 	.408 	.737 	.211 	8.2 	13.0 	10.6 	27.3 	4.1 	0.4 	19.3 	16.1 	118 	108 	0.4 	0.2 	0.5 	.148
248 	John Lucas 	PG 	24 	HOU 	47 	383 	11.8 	.468 	.446 	.122 	.378 	2.7 	8.1 	5.4 	15.1 	2.3 	0.0 	8.4 	21.8 	99 	102 	0.0 	0.6 	0.6 	.081
249 	Tyronn Lue 	PG 	29 	ATL 	56 	1488 	14.1 	.534 	.469 	.311 	.307 	1.5 	7.0 	4.2 	23.9 	0.9 	0.0 	12.5 	21.0 	110 	113 	2.2 	0.3 	2.5 	.081
250 	Mark Madsen 	C 	31 	MIN 	56 	473 	4.5 	.547 	.535 	.674 	.000 	9.1 	12.8 	11.0 	3.0 	1.1 	1.6 	27.4 	7.5 	100 	108 	0.0 	0.4 	0.4 	.042
251 	Corey Maggette 	SF 	27 	LAC 	75 	2291 	18.6 	.583 	.462 	.783 	.080 	4.7 	18.2 	11.5 	15.9 	1.5 	0.5 	15.6 	26.0 	110 	106 	4.5 	2.5 	7.0 	.146
252 	Jamaal Magloire 	C 	28 	POR 	81 	1703 	11.5 	.527 	.504 	.613 	.000 	10.8 	25.4 	18.0 	2.9 	0.7 	3.1 	20.5 	17.4 	96 	108 	-0.4 	1.5 	1.1 	.032
253 	Renaldo Major 	PF 	24 	GSW 	1 	27 	-3.7 	.230 	.200 	.200 	.000 	0.0 	8.3 	4.1 	0.0 	3.6 	0.0 	8.4 	18.7 	47 	106 	-0.1 	0.0 	-0.1 	-0.196
254 	Stephon Marbury 	PG 	29 	NYK 	74 	2748 	15.3 	.539 	.480 	.405 	.362 	1.6 	7.6 	4.6 	25.2 	1.4 	0.3 	13.8 	21.5 	111 	112 	4.8 	1.1 	5.9 	.103
255 	Shawn Marion 	SF 	28 	PHO 	80 	3010 	20.8 	.594 	.561 	.232 	.235 	7.0 	22.6 	15.2 	6.7 	2.6 	2.8 	8.8 	19.3 	118 	100 	6.7 	5.3 	12.0 	.191
256 	Damir Markota 	PF 	21 	MIL 	30 	170 	5.0 	.449 	.423 	.212 	.308 	7.5 	14.0 	10.7 	5.2 	0.9 	0.5 	20.9 	19.1 	83 	113 	-0.3 	0.0 	-0.2 	-0.070
257 	Sean Marks 	PF 	31 	PHO 	3 	17 	6.7 	.436 	.333 	.333 	.167 	0.0 	19.6 	10.3 	0.0 	0.0 	4.1 	0.0 	18.2 	95 	106 	0.0 	0.0 	0.0 	.043
258 	Donyell Marshall 	PF 	33 	CLE 	81 	1360 	15.3 	.536 	.520 	.162 	.550 	7.2 	20.8 	13.8 	5.7 	1.5 	2.5 	11.3 	19.8 	106 	99 	1.3 	2.6 	3.8 	.135
259 	Rawle Marshall 	SG 	24 	IND 	40 	361 	6.7 	.455 	.382 	.506 	.202 	2.5 	6.9 	4.6 	5.7 	1.7 	1.0 	14.9 	15.9 	89 	108 	-0.3 	0.3 	0.0 	.001
260 	Darrick Martin 	PG 	35 	TOR 	31 	220 	11.6 	.455 	.420 	.223 	.394 	1.1 	5.4 	3.2 	31.7 	0.7 	0.0 	10.4 	24.3 	99 	111 	0.0 	0.1 	0.1 	.031
261 	Kenyon Martin 	PF 	29 	DEN 	2 	63 	5.4 	.446 	.500 	.750 	.063 	10.9 	24.7 	17.9 	2.4 	0.0 	0.0 	19.0 	17.9 	83 	107 	-0.1 	0.1 	0.0 	-0.036
262 	Kevin Martin 	SG 	23 	SAC 	80 	2818 	20.1 	.614 	.533 	.534 	.312 	2.8 	11.6 	7.1 	10.9 	1.8 	0.3 	9.3 	23.2 	120 	109 	8.3 	1.9 	10.2 	.173
263 	Desmond Mason 	SF 	29 	NOK 	75 	2575 	10.8 	.493 	.452 	.359 	.000 	5.4 	10.1 	7.7 	7.6 	1.1 	0.7 	15.6 	21.9 	95 	109 	-1.2 	1.8 	0.6 	.011
264 	Roger Mason 	SG 	26 	WAS 	62 	492 	7.2 	.443 	.422 	.089 	.570 	1.6 	9.1 	5.3 	10.9 	1.3 	0.9 	9.3 	18.3 	95 	113 	-0.2 	0.1 	-0.1 	-0.005
265 	Jason Maxiell 	C 	23 	DET 	67 	943 	14.4 	.518 	.500 	.523 	.000 	11.1 	12.3 	11.7 	2.5 	1.7 	4.9 	14.1 	18.9 	101 	102 	0.3 	1.5 	1.8 	.091
266 	Sean May 	PF 	22 	CHA 	35 	838 	19.1 	.551 	.503 	.341 	.009 	10.0 	23.3 	16.5 	14.5 	1.2 	2.2 	12.9 	23.5 	109 	106 	1.3 	1.0 	2.2 	.127
267 	Rashad McCants 	SG 	22 	MIN 	37 	554 	7.2 	.454 	.407 	.328 	.424 	3.1 	6.9 	5.1 	10.8 	2.5 	1.0 	16.5 	20.3 	87 	108 	-0.7 	0.5 	-0.3 	-0.023
268 	Chris McCray 	SG 	22 	MIL 	5 	12 	-20.7 	.000 	.000 	.000 	.000 	0.0 	0.0 	0.0 	0.0 	0.0 	0.0 	40.0 	18.8 	0 	120 	-0.1 	0.0 	-0.1 	-0.537
269 	Antonio McDyess 	PF 	32 	DET 	82 	1729 	18.1 	.552 	.526 	.257 	.000 	11.3 	22.7 	17.0 	7.2 	1.9 	2.9 	11.1 	18.6 	113 	100 	2.8 	3.2 	6.0 	.168
270 	Ivan McFarlin 	PF 	24 	PHI 	11 	41 	12.2 	.466 	.385 	.538 	.077 	20.6 	11.7 	16.1 	4.0 	0.0 	0.0 	5.9 	19.2 	112 	112 	0.1 	0.0 	0.1 	.102
271 	Tracy McGrady 	SG 	27 	HOU 	71 	2539 	23.2 	.515 	.474 	.330 	.257 	2.6 	14.5 	8.6 	37.5 	1.9 	1.1 	11.2 	35.0 	106 	100 	4.1 	4.5 	8.6 	.163
272 	Jeff McInnis 	PG 	32 	CHA 	38 	702 	7.7 	.423 	.395 	.177 	.044 	2.3 	8.4 	5.2 	27.7 	1.0 	0.0 	17.7 	15.3 	93 	112 	-0.3 	0.3 	-0.1 	-0.004
273 	Aaron McKie 	SF 	34 	LAL 	10 	131 	7.5 	.647 	.647 	.000 	.000 	0.9 	15.1 	8.0 	14.4 	1.6 	0.0 	32.0 	8.6 	101 	110 	0.0 	0.1 	0.1 	.039
274 	Keith McLeod 	PG 	27 	TOT 	48 	718 	10.2 	.520 	.431 	.415 	.239 	0.6 	6.3 	3.4 	18.7 	1.7 	0.5 	17.1 	16.3 	103 	110 	0.3 	0.4 	0.8 	.051
275 	Stanislav Medvedenko 	C 	27 	ATL 	14 	81 	13.7 	.556 	.431 	.690 	.069 	5.9 	15.1 	10.4 	4.4 	0.0 	1.9 	11.7 	24.3 	110 	111 	0.1 	0.0 	0.2 	.107
276 	Pops Mensah-Bonsu 	PF 	23 	DAL 	12 	71 	11.6 	.582 	.647 	1.059 	.000 	15.6 	19.9 	17.8 	0.0 	0.8 	0.0 	26.5 	22.3 	92 	105 	-0.1 	0.1 	0.0 	.022
277 	C.J. Miles 	SG 	19 	UTA 	37 	373 	2.8 	.400 	.375 	.198 	.276 	3.6 	7.8 	5.7 	10.0 	1.5 	0.9 	18.2 	18.5 	80 	109 	-0.7 	0.3 	-0.5 	-0.062
278 	Darko Milicic 	PF 	21 	ORL 	80 	1913 	13.8 	.492 	.454 	.420 	.002 	9.6 	18.4 	14.1 	7.9 	1.2 	5.9 	16.0 	18.7 	98 	101 	0.0 	3.3 	3.3 	.082
279 	Andre Miller 	PG 	30 	TOT 	80 	2966 	16.1 	.520 	.469 	.311 	.039 	3.9 	10.1 	7.0 	34.3 	1.9 	0.3 	17.7 	19.2 	107 	108 	3.5 	2.4 	5.9 	.095
280 	Brad Miller 	C 	30 	SAC 	63 	1783 	13.5 	.508 	.459 	.302 	.067 	5.1 	21.7 	13.2 	20.4 	1.1 	1.7 	16.2 	16.8 	103 	107 	1.0 	1.7 	2.7 	.072
281 	Mike Miller 	SG 	26 	MEM 	70 	2740 	16.4 	.588 	.560 	.201 	.493 	2.3 	14.2 	8.2 	18.7 	1.0 	0.5 	14.0 	21.1 	111 	114 	4.6 	0.3 	4.8 	.085
282 	Paul Millsap 	PF 	21 	UTA 	82 	1472 	17.6 	.571 	.526 	.523 	.008 	15.1 	19.8 	17.5 	6.7 	2.4 	4.2 	16.1 	17.8 	112 	102 	2.4 	2.3 	4.7 	.153
283 	Yao Ming 	C 	26 	HOU 	48 	1624 	26.5 	.601 	.516 	.504 	.002 	7.2 	24.7 	16.0 	12.3 	0.6 	4.5 	14.3 	33.5 	111 	98 	4.0 	3.4 	7.4 	.220
284 	Cuttino Mobley 	SG 	31 	LAC 	78 	2841 	12.5 	.546 	.497 	.271 	.279 	2.2 	9.0 	5.6 	11.7 	1.7 	0.7 	12.8 	18.4 	105 	108 	2.2 	2.4 	4.6 	.078
285 	Nazr Mohammed 	C 	29 	DET 	51 	773 	16.5 	.554 	.532 	.369 	.000 	13.7 	21.5 	17.6 	2.0 	1.9 	4.0 	14.3 	18.5 	108 	99 	0.9 	1.5 	2.3 	.145
286 	Mikki Moore 	C 	31 	NJN 	79 	2082 	14.8 	.637 	.609 	.464 	.002 	8.3 	14.5 	11.4 	6.1 	1.2 	2.3 	15.6 	16.2 	115 	106 	3.5 	2.3 	5.7 	.131
287 	Randolph Morris 	C 	21 	NYK 	5 	44 	1.5 	.231 	.167 	1.000 	.000 	2.7 	21.4 	12.2 	3.2 	2.4 	1.8 	18.8 	11.0 	52 	104 	-0.1 	0.1 	-0.1 	-0.083
288 	Adam Morrison 	PF 	22 	CHA 	78 	2326 	7.9 	.450 	.422 	.179 	.273 	2.7 	9.2 	5.9 	11.9 	0.6 	0.2 	11.3 	22.4 	91 	112 	-2.2 	0.8 	-1.5 	-0.030
289 	Alonzo Mourning 	C 	36 	MIA 	77 	1572 	16.7 	.590 	.560 	.725 	.000 	9.7 	16.4 	13.1 	2.0 	0.4 	9.0 	18.7 	20.8 	103 	102 	1.0 	2.5 	3.5 	.107
290 	Troy Murphy 	PF 	26 	TOT 	68 	1852 	14.5 	.541 	.508 	.250 	.253 	6.0 	19.6 	12.7 	10.9 	1.2 	1.7 	10.8 	17.2 	111 	106 	2.4 	2.1 	4.5 	.116
291 	Ronald Murray 	SG 	27 	DET 	69 	1477 	10.8 	.474 	.432 	.274 	.189 	2.1 	7.0 	4.5 	20.4 	1.8 	0.7 	15.5 	18.7 	97 	107 	-0.1 	1.4 	1.3 	.042
292 	Dikembe Mutombo 	C 	40 	HOU 	75 	1289 	14.4 	.601 	.556 	.569 	.000 	14.7 	28.7 	21.8 	1.5 	0.9 	4.5 	16.6 	8.3 	126 	96 	2.1 	3.0 	5.2 	.192
293 	Bostjan Nachbar 	SF 	26 	NJN 	76 	1532 	14.5 	.614 	.570 	.331 	.535 	2.1 	17.3 	9.7 	6.8 	1.0 	1.3 	10.8 	19.3 	113 	106 	2.5 	1.6 	4.1 	.128
294 	Eduardo Najera 	PF 	30 	DEN 	75 	1658 	13.5 	.609 	.578 	.347 	.034 	9.0 	12.0 	10.5 	5.7 	2.2 	1.1 	12.1 	12.0 	122 	106 	2.9 	1.8 	4.8 	.138
295 	Steve Nash 	PG 	32 	PHO 	76 	2682 	23.8 	.654 	.613 	.254 	.353 	1.4 	9.9 	5.8 	50.1 	1.1 	0.2 	21.0 	22.9 	124 	110 	10.8 	1.7 	12.6 	.225
296 	Jameer Nelson 	PG 	24 	ORL 	77 	2331 	13.9 	.514 	.467 	.253 	.222 	2.7 	9.6 	6.2 	25.0 	1.7 	0.2 	15.9 	23.0 	103 	107 	1.6 	2.4 	4.0 	.082
297 	Rasho Nesterovic 	C 	30 	TOR 	80 	1676 	13.9 	.558 	.546 	.119 	.002 	8.0 	17.4 	12.6 	7.0 	1.1 	3.9 	11.2 	13.8 	112 	104 	1.9 	2.2 	4.1 	.118
298 	Ira Newble 	SF 	32 	CLE 	15 	129 	14.9 	.556 	.541 	.270 	.405 	11.4 	15.7 	13.5 	2.5 	2.5 	0.0 	6.8 	15.6 	119 	100 	0.3 	0.2 	0.5 	.179
299 	Andres Nocioni 	PF 	27 	CHI 	53 	1406 	15.6 	.578 	.536 	.248 	.358 	3.4 	20.9 	12.2 	7.0 	1.0 	1.3 	13.8 	23.8 	106 	99 	1.4 	2.6 	4.1 	.139
300 	David Noel 	PF 	22 	MIL 	68 	792 	9.0 	.470 	.415 	.243 	.299 	6.2 	12.2 	9.1 	11.7 	1.6 	0.9 	17.0 	13.4 	99 	112 	0.1 	0.3 	0.4 	.024
301 	Steve Novak 	SF 	23 	HOU 	35 	191 	7.7 	.501 	.490 	.040 	.780 	2.4 	13.2 	7.8 	4.9 	1.4 	0.0 	7.3 	13.4 	103 	103 	0.1 	0.3 	0.4 	.091
302 	Dirk Nowitzki 	PF 	28 	DAL 	78 	2820 	27.6 	.605 	.529 	.411 	.129 	5.3 	23.9 	14.8 	17.8 	1.0 	1.7 	9.5 	28.9 	123 	102 	11.8 	4.5 	16.3 	.278
303 	Patrick O'Bryant 	C 	20 	GSW 	16 	119 	7.3 	.393 	.313 	.531 	.000 	6.3 	13.2 	9.7 	10.2 	2.4 	5.1 	16.8 	17.0 	85 	104 	-0.2 	0.2 	0.0 	-0.003
304 	Jermaine O'Neal 	C 	28 	IND 	69 	2459 	18.8 	.500 	.436 	.392 	.006 	7.1 	24.4 	15.5 	13.0 	1.1 	5.6 	13.2 	28.1 	99 	101 	0.5 	4.1 	4.7 	.091
305 	Shaquille O'Neal 	C 	34 	MIA 	40 	1135 	21.7 	.567 	.591 	.614 	.000 	10.3 	20.3 	15.4 	14.3 	0.4 	3.8 	13.5 	29.4 	105 	104 	1.4 	1.5 	2.8 	.119
306 	Fabricio Oberto 	PF 	31 	SAS 	79 	1365 	11.9 	.575 	.562 	.181 	.000 	12.1 	20.2 	16.3 	7.8 	1.0 	1.3 	18.5 	12.9 	112 	100 	1.6 	2.5 	4.1 	.144
307 	Lamar Odom 	PF 	27 	LAL 	56 	2202 	16.1 	.552 	.508 	.416 	.267 	5.5 	23.5 	14.5 	19.5 	1.2 	1.1 	16.8 	19.8 	107 	107 	2.6 	2.1 	4.7 	.102
308 	Emeka Okafor 	C 	24 	CHA 	67 	2329 	20.1 	.554 	.532 	.399 	.000 	12.7 	26.2 	19.2 	6.0 	1.3 	5.7 	11.3 	19.1 	111 	102 	3.5 	3.6 	7.1 	.147
309 	Mehmet Okur 	C 	27 	UTA 	80 	2664 	18.1 	.571 	.523 	.365 	.317 	7.3 	19.1 	13.2 	9.9 	0.7 	1.2 	9.2 	22.8 	117 	108 	6.5 	2.3 	8.8 	.158
310 	Kevin Ollie 	PG 	34 	PHI 	53 	919 	8.4 	.481 	.433 	.241 	.011 	1.0 	8.6 	4.8 	21.8 	1.2 	0.1 	18.5 	12.8 	99 	110 	0.1 	0.5 	0.6 	.030
311 	Michael Olowokandi 	C 	31 	BOS 	24 	234 	4.5 	.423 	.413 	.065 	.000 	7.0 	17.8 	12.3 	3.3 	1.8 	4.3 	26.4 	12.5 	75 	103 	-0.4 	0.3 	-0.1 	-0.017
312 	Bo Outlaw 	PF 	35 	ORL 	41 	460 	11.4 	.667 	.667 	.431 	.000 	12.9 	15.5 	14.2 	5.3 	2.0 	1.1 	25.7 	8.2 	119 	103 	0.6 	0.6 	1.2 	.126
313 	Travis Outlaw 	PF 	22 	POR 	67 	1532 	15.3 	.499 	.443 	.319 	.065 	5.2 	12.6 	8.8 	6.1 	2.2 	3.9 	9.3 	21.8 	103 	108 	0.9 	1.4 	2.3 	.072
314 	Zaza Pachulia 	C 	22 	ATL 	72 	2026 	16.8 	.562 	.474 	.607 	.002 	11.7 	18.1 	14.9 	9.2 	2.0 	1.4 	17.2 	21.3 	108 	106 	2.7 	2.1 	4.8 	.114
315 	Scott Padgett 	PF 	30 	TOT 	31 	231 	4.9 	.373 	.357 	.232 	.589 	8.1 	18.9 	13.5 	5.3 	1.1 	1.0 	12.7 	14.2 	85 	102 	-0.3 	0.4 	0.1 	.019
316 	Jannero Pargo 	PG 	27 	NOK 	82 	1710 	13.4 	.504 	.467 	.176 	.302 	1.3 	11.1 	6.1 	20.4 	1.6 	0.2 	14.1 	23.1 	100 	108 	0.6 	1.4 	2.0 	.056
317 	Anthony Parker 	SG 	31 	TOR 	73 	2437 	14.5 	.597 	.561 	.230 	.380 	2.9 	10.9 	6.8 	9.9 	1.6 	0.3 	8.6 	15.7 	117 	108 	4.4 	2.1 	6.5 	.127
318 	Smush Parker 	PG 	25 	LAL 	82 	2457 	11.6 	.526 	.506 	.223 	.383 	2.2 	7.6 	4.9 	14.6 	2.5 	0.3 	15.1 	18.6 	101 	110 	0.7 	1.6 	2.3 	.045
319 	Tony Parker 	PG 	24 	SAS 	77 	2499 	21.4 	.572 	.527 	.319 	.035 	1.7 	10.0 	6.0 	31.7 	1.8 	0.2 	13.3 	27.4 	112 	102 	5.8 	3.9 	9.6 	.185
320 	Ruben Patterson 	SF 	31 	MIL 	81 	2508 	18.5 	.578 	.550 	.434 	.022 	8.8 	11.9 	10.3 	15.5 	2.3 	0.8 	16.2 	22.2 	110 	111 	4.1 	1.3 	5.4 	.103
321 	Chris Paul 	PG 	21 	NOK 	64 	2353 	22.0 	.537 	.466 	.410 	.164 	2.6 	11.3 	6.9 	41.3 	2.7 	0.1 	13.5 	23.1 	116 	106 	6.2 	2.6 	8.8 	.179
322 	Sasha Pavlovic 	SG 	23 	CLE 	67 	1534 	12.1 	.554 	.514 	.257 	.302 	1.7 	10.5 	6.0 	11.3 	1.9 	0.9 	15.8 	19.1 	103 	103 	0.8 	2.3 	3.1 	.098
323 	Gary Payton 	PG 	38 	MIA 	68 	1503 	9.0 	.458 	.437 	.156 	.336 	1.4 	8.7 	5.2 	20.9 	1.5 	0.2 	14.4 	14.4 	98 	108 	0.1 	1.2 	1.3 	.042
324 	Kendrick Perkins 	C 	22 	BOS 	72 	1576 	9.5 	.518 	.491 	.372 	.011 	8.4 	20.1 	14.1 	9.4 	0.8 	4.7 	26.5 	12.2 	94 	105 	-0.6 	1.9 	1.4 	.042
325 	Morris Peterson 	SF 	29 	TOR 	71 	1515 	13.2 	.555 	.532 	.238 	.571 	2.5 	16.1 	9.2 	5.0 	1.5 	0.6 	8.5 	19.1 	106 	106 	1.3 	1.6 	2.9 	.091
326 	Johan Petro 	C 	21 	SEA 	81 	1510 	11.6 	.532 	.516 	.176 	.000 	7.2 	19.5 	13.3 	4.8 	1.4 	2.4 	14.8 	16.7 	101 	108 	0.5 	1.2 	1.7 	.053
327 	Eric Piatkowski 	SG 	36 	PHO 	11 	73 	7.7 	.522 	.500 	.080 	.720 	3.4 	10.6 	7.2 	7.5 	0.0 	1.0 	16.2 	19.0 	95 	111 	0.0 	0.0 	0.0 	.007
328 	Paul Pierce 	SG 	29 	BOS 	47 	1740 	21.7 	.571 	.502 	.473 	.324 	2.6 	16.8 	9.5 	22.1 	1.4 	0.6 	12.9 	30.7 	110 	107 	3.8 	1.6 	5.4 	.148
329 	Mickael Pietrus 	SF 	24 	GSW 	72 	1937 	13.0 	.590 	.567 	.358 	.410 	4.5 	14.2 	9.3 	4.7 	1.2 	2.2 	13.4 	17.2 	109 	108 	2.0 	1.5 	3.6 	.088
330 	Kevinn Pinkney 	PF 	23 	BOS 	6 	100 	11.6 	.501 	.463 	.333 	.074 	8.2 	9.8 	9.0 	8.3 	1.6 	2.3 	11.4 	15.8 	105 	108 	0.1 	0.1 	0.2 	.075
331 	Scot Pollard 	C 	31 	CLE 	24 	109 	8.5 	.432 	.423 	.154 	.000 	15.6 	17.5 	16.5 	4.2 	1.9 	0.7 	12.6 	13.2 	101 	100 	0.0 	0.2 	0.2 	.100
332 	James Posey 	SF 	30 	MIA 	71 	1919 	12.7 	.579 	.543 	.227 	.600 	4.2 	17.5 	11.0 	7.7 	2.0 	0.9 	10.4 	13.1 	116 	104 	2.6 	2.6 	5.2 	.130
333 	Vitaly Potapenko 	C 	31 	SAC 	3 	13 	-22.1 	.000 	.000 	.000 	.000 	0.0 	18.4 	9.0 	0.0 	0.0 	0.0 	33.3 	20.7 	0 	111 	-0.2 	0.0 	-0.1 	-0.534
334 	Leon Powe 	C 	23 	BOS 	63 	720 	14.6 	.549 	.446 	.814 	.011 	15.8 	20.1 	17.9 	2.3 	1.0 	2.4 	16.4 	18.1 	109 	106 	0.9 	0.8 	1.7 	.116
335 	Josh Powell 	PF 	24 	TOT 	37 	353 	9.6 	.520 	.462 	.452 	.000 	7.4 	20.5 	13.8 	8.7 	0.7 	2.6 	20.6 	17.1 	96 	107 	-0.1 	0.3 	0.3 	.036
336 	Roger Powell 	SF 	24 	UTA 	3 	13 	-8.3 	.258 	.000 	.667 	.333 	28.1 	0.0 	14.0 	0.0 	0.0 	0.0 	43.6 	23.7 	56 	115 	-0.1 	0.0 	-0.1 	-0.327
337 	Ronnie Price 	PG 	23 	SAC 	58 	563 	10.5 	.489 	.451 	.320 	.378 	3.1 	11.9 	7.4 	13.7 	2.5 	0.5 	14.4 	18.3 	96 	107 	-0.1 	0.5 	0.4 	.035
338 	Tayshaun Prince 	SF 	26 	DET 	82 	3001 	16.0 	.534 	.501 	.225 	.211 	5.7 	11.3 	8.5 	12.9 	0.9 	1.4 	8.2 	18.9 	113 	107 	5.1 	2.9 	8.0 	.128
339 	Joel Przybilla 	C 	27 	POR 	43 	701 	7.4 	.467 	.474 	.346 	.000 	10.3 	19.7 	14.9 	2.6 	0.8 	7.6 	30.8 	8.7 	86 	106 	-0.5 	0.8 	0.3 	.020
340 	Chris Quinn 	PG 	23 	MIA 	42 	408 	12.3 	.479 	.443 	.282 	.435 	1.8 	6.8 	4.3 	25.8 	2.0 	0.0 	12.5 	19.6 	103 	108 	0.3 	0.3 	0.6 	.070
341 	Vladimir Radmanovic 	PF 	26 	LAL 	55 	986 	11.0 	.518 	.487 	.231 	.373 	6.3 	15.0 	10.7 	10.5 	1.3 	1.4 	16.5 	19.0 	99 	109 	0.1 	0.7 	0.8 	.040
342 	Shavlik Randolph 	PF 	23 	PHI 	13 	179 	15.3 	.503 	.479 	.458 	.000 	12.8 	23.4 	18.1 	3.7 	2.1 	4.3 	13.5 	17.2 	102 	101 	0.1 	0.3 	0.4 	.102
343 	Zach Randolph 	PF 	25 	POR 	68 	2425 	22.8 	.537 	.472 	.374 	.037 	10.0 	25.6 	17.6 	12.8 	1.2 	0.5 	12.6 	33.1 	106 	109 	3.8 	1.9 	5.7 	.112
344 	Theo Ratliff 	C 	33 	BOS 	2 	44 	6.7 	.525 	.333 	1.333 	.000 	5.3 	13.9 	9.5 	0.0 	1.2 	5.3 	17.4 	5.9 	107 	105 	0.0 	0.1 	0.1 	.073
345 	Allan Ray 	SG 	22 	BOS 	47 	710 	10.0 	.512 	.479 	.212 	.448 	3.0 	8.8 	5.8 	10.5 	1.5 	0.3 	12.9 	20.8 	99 	109 	0.1 	0.5 	0.6 	.039
346 	Michael Redd 	SF 	27 	MIL 	53 	2036 	22.3 	.586 	.522 	.406 	.299 	2.4 	9.0 	5.7 	11.0 	1.6 	0.3 	9.2 	29.5 	115 	114 	5.8 	0.3 	6.1 	.145
347 	J.J. Redick 	PG 	22 	ORL 	42 	622 	13.0 	.569 	.508 	.308 	.503 	2.0 	8.1 	5.2 	9.7 	1.0 	0.0 	8.7 	18.1 	117 	108 	1.2 	0.5 	1.7 	.134
348 	Justin Reed 	PF 	25 	MIN 	41 	318 	6.3 	.441 	.374 	.280 	.000 	5.8 	11.4 	8.7 	8.6 	0.8 	0.7 	15.5 	20.8 	87 	110 	-0.4 	0.2 	-0.2 	-0.037
349 	Jared Reiner 	C 	24 	MIL 	27 	244 	4.8 	.348 	.349 	.233 	.000 	10.0 	24.4 	17.1 	7.4 	1.1 	1.9 	22.8 	11.4 	80 	108 	-0.3 	0.2 	-0.1 	-0.027
350 	Jason Richardson 	SG 	26 	GSW 	51 	1675 	15.5 	.512 	.492 	.191 	.410 	4.6 	12.6 	8.5 	16.0 	1.6 	1.4 	9.3 	22.3 	106 	109 	1.7 	1.3 	3.0 	.085
351 	Jeremy Richardson 	SG-SF 	22 	TOT 	6 	20 	13.8 	.667 	.667 	.000 	.500 	5.9 	6.1 	6.0 	0.0 	2.7 	0.0 	14.3 	16.1 	114 	110 	0.0 	0.0 	0.0 	.099
352 	Quentin Richardson 	SF 	26 	NYK 	49 	1621 	14.3 	.532 	.507 	.220 	.473 	4.8 	20.8 	12.9 	11.4 	1.2 	0.3 	10.5 	18.7 	110 	108 	2.2 	1.3 	3.5 	.104
353 	Luke Ridnour 	PG 	25 	SEA 	71 	2091 	13.7 	.509 	.468 	.229 	.200 	1.6 	7.9 	4.7 	28.2 	2.1 	0.7 	16.9 	20.0 	103 	112 	1.4 	0.8 	2.3 	.052
354 	Anthony Roberson 	PG 	23 	GSW 	20 	227 	11.4 	.527 	.524 	.029 	.529 	0.9 	9.4 	5.1 	7.0 	2.6 	0.0 	11.0 	22.2 	97 	108 	0.0 	0.2 	0.1 	.031
355 	Lawrence Roberts 	PF 	24 	MEM 	54 	969 	13.4 	.533 	.452 	.630 	.010 	12.4 	19.8 	16.1 	4.7 	1.9 	1.0 	11.9 	14.1 	114 	110 	1.4 	0.6 	2.0 	.099
356 	Bernard Robinson 	SG-SF 	26 	TOT 	31 	278 	7.6 	.413 	.306 	.435 	.032 	4.1 	16.6 	10.2 	10.2 	3.2 	0.6 	17.8 	14.7 	86 	104 	-0.3 	0.4 	0.1 	.010
357 	Clifford Robinson 	C 	40 	NJN 	50 	955 	5.9 	.434 	.429 	.165 	.303 	3.9 	11.2 	7.5 	8.2 	0.7 	1.9 	11.4 	12.9 	91 	108 	-0.5 	0.8 	0.3 	.013
358 	Nate Robinson 	PG 	22 	NYK 	64 	1356 	15.2 	.552 	.513 	.266 	.407 	4.9 	8.4 	6.7 	11.9 	2.0 	0.4 	11.0 	22.0 	112 	110 	2.4 	0.8 	3.2 	.114
359 	Sergio Rodriguez 	PG 	20 	POR 	67 	862 	14.1 	.493 	.473 	.109 	.356 	2.8 	10.4 	6.6 	41.9 	2.2 	0.2 	23.5 	17.8 	102 	111 	0.5 	0.4 	0.9 	.050
360 	Rajon Rondo 	PG 	20 	BOS 	78 	1831 	13.1 	.472 	.424 	.409 	.064 	4.7 	14.6 	9.5 	26.3 	3.6 	0.3 	20.5 	16.5 	97 	103 	-0.1 	2.6 	2.4 	.064
361 	Jalen Rose 	SF 	34 	PHO 	29 	246 	13.4 	.592 	.564 	.140 	.547 	1.5 	9.0 	5.4 	9.3 	1.0 	0.6 	9.0 	18.3 	114 	110 	0.4 	0.2 	0.6 	.111
362 	Malik Rose 	PF 	32 	NYK 	65 	810 	7.7 	.460 	.403 	.280 	.043 	7.0 	18.6 	12.8 	12.7 	1.7 	0.9 	23.7 	15.3 	90 	107 	-0.6 	0.8 	0.1 	.007
363 	Quinton Ross 	SG 	25 	LAC 	81 	1700 	10.5 	.508 	.470 	.230 	.026 	4.3 	9.1 	6.7 	8.1 	2.2 	1.5 	7.3 	12.2 	110 	106 	1.4 	1.8 	3.2 	.090
364 	Brandon Roy 	SG 	22 	POR 	57 	2015 	18.0 	.548 	.492 	.315 	.191 	3.5 	12.1 	7.7 	20.9 	1.8 	0.4 	11.8 	23.0 	112 	111 	3.8 	1.0 	4.8 	.114
365 	Michael Ruffin 	PF 	30 	WAS 	30 	271 	4.4 	.322 	.278 	1.056 	.000 	14.4 	11.8 	13.1 	2.9 	1.1 	2.3 	31.3 	6.2 	91 	112 	-0.1 	0.1 	0.0 	.002
366 	John Salmons 	SG 	27 	SAC 	79 	2135 	12.7 	.553 	.495 	.395 	.217 	2.5 	12.2 	7.3 	18.8 	1.7 	1.0 	16.4 	15.3 	108 	109 	2.0 	1.6 	3.6 	.081
367 	Jamal Sampson 	C 	23 	DEN 	22 	125 	11.3 	.595 	.643 	1.000 	.071 	13.7 	29.3 	21.6 	5.5 	0.8 	4.0 	33.2 	10.3 	99 	102 	0.0 	0.2 	0.2 	.083
368 	Brian Scalabrine 	PF 	28 	BOS 	54 	1027 	6.6 	.537 	.518 	.120 	.576 	2.7 	9.7 	6.1 	8.9 	1.2 	1.4 	18.0 	10.8 	101 	109 	0.2 	0.7 	0.9 	.043
369 	Luke Schenscher 	C 	24 	POR 	11 	118 	3.9 	.364 	.304 	.304 	.000 	10.3 	16.1 	13.2 	1.3 	0.9 	2.7 	13.3 	12.0 	86 	110 	-0.1 	0.1 	0.0 	-0.013
370 	Thabo Sefolosha 	SG 	22 	CHI 	71 	868 	8.5 	.464 	.455 	.176 	.164 	4.6 	15.4 	10.1 	10.7 	1.9 	1.0 	17.9 	17.2 	89 	99 	-0.8 	1.7 	0.8 	.047
371 	Mouhamed Sene 	C 	20 	SEA 	28 	169 	8.5 	.429 	.367 	.592 	.000 	11.3 	20.8 	16.0 	0.0 	0.9 	5.5 	15.1 	19.5 	88 	107 	-0.2 	0.2 	0.0 	-0.011
372 	Wayne Simien 	PF 	23 	MIA 	8 	93 	6.3 	.441 	.391 	.304 	.000 	6.5 	7.4 	7.0 	6.7 	1.1 	0.0 	10.3 	14.8 	96 	109 	0.0 	0.1 	0.0 	.025
373 	Cedric Simmons 	PF 	21 	NOK 	43 	534 	8.0 	.430 	.417 	.250 	.000 	9.3 	13.9 	11.6 	3.5 	0.8 	3.4 	13.1 	14.4 	92 	107 	-0.3 	0.5 	0.3 	.025
374 	James Singleton 	PF 	25 	LAC 	53 	376 	11.9 	.449 	.384 	.354 	.171 	11.6 	22.1 	16.9 	7.0 	2.1 	3.5 	15.2 	13.7 	99 	101 	0.0 	0.6 	0.7 	.083
375 	Brian Skinner 	PF 	30 	MIL 	67 	1523 	8.9 	.511 	.490 	.312 	.000 	8.1 	21.8 	14.9 	5.4 	0.6 	3.2 	20.7 	10.8 	99 	110 	0.1 	1.0 	1.1 	.035
376 	Uros Slokar 	C 	23 	TOR 	20 	72 	13.9 	.599 	.558 	.500 	.077 	11.3 	11.5 	11.4 	2.4 	0.7 	2.2 	22.1 	26.2 	98 	108 	0.0 	0.1 	0.1 	.042
377 	Craig Smith 	PF 	23 	MIN 	82 	1537 	15.7 	.558 	.531 	.402 	.013 	11.9 	20.3 	16.2 	5.4 	1.8 	0.9 	12.0 	18.7 	110 	106 	2.1 	1.7 	3.9 	.121
378 	J.R. Smith 	SG 	21 	DEN 	63 	1471 	15.6 	.585 	.557 	.196 	.593 	2.3 	8.5 	5.5 	10.2 	1.6 	0.4 	10.8 	22.8 	112 	109 	2.5 	1.1 	3.7 	.120
379 	Joe Smith 	PF 	31 	TOT 	65 	1503 	13.9 	.510 	.449 	.310 	.010 	9.6 	22.1 	15.9 	5.4 	1.3 	1.4 	12.3 	18.9 	104 	105 	1.0 	1.8 	2.8 	.088
380 	Josh Smith 	SF 	21 	ATL 	72 	2647 	18.3 	.506 	.458 	.390 	.153 	7.4 	21.0 	14.1 	16.3 	2.0 	6.1 	16.3 	24.1 	99 	102 	0.4 	4.0 	4.4 	.079
381 	Steven Smith 	PF 	23 	PHI 	8 	28 	-1.8 	.282 	.250 	.250 	.000 	4.3 	21.4 	12.9 	0.0 	1.9 	0.0 	18.4 	18.0 	55 	105 	-0.1 	0.0 	-0.1 	-0.154
382 	Eric Snow 	PG 	33 	CLE 	82 	1929 	8.6 	.458 	.417 	.349 	.012 	2.1 	9.5 	5.7 	25.2 	1.5 	0.6 	22.9 	11.4 	99 	104 	0.2 	2.6 	2.8 	.069
383 	Kirk Snyder 	SF 	23 	HOU 	39 	563 	12.2 	.536 	.490 	.514 	.301 	3.5 	13.4 	8.5 	11.3 	1.0 	1.6 	12.7 	17.0 	107 	102 	0.5 	0.9 	1.4 	.117
384 	Darius Songaila 	PF 	28 	WAS 	37 	700 	13.6 	.567 	.524 	.240 	.009 	7.0 	15.2 	11.0 	9.0 	1.2 	1.1 	14.7 	18.3 	109 	111 	0.8 	0.3 	1.1 	.078
385 	Pape Sow 	C 	25 	TOR 	7 	34 	16.4 	.430 	.333 	.667 	.000 	20.5 	17.5 	19.0 	8.7 	1.5 	2.3 	7.9 	17.2 	110 	105 	0.0 	0.0 	0.1 	.128
386 	Vassilis Spanoulis 	SG 	24 	HOU 	31 	272 	5.4 	.470 	.354 	.583 	.403 	2.1 	7.1 	4.7 	15.9 	1.4 	0.3 	24.3 	20.5 	86 	104 	-0.4 	0.4 	-0.1 	-0.010
387 	Jerry Stackhouse 	SF 	32 	DAL 	67 	1615 	16.8 	.537 	.476 	.329 	.248 	3.0 	7.7 	5.4 	19.7 	1.7 	0.5 	13.5 	25.0 	108 	106 	2.3 	1.8 	4.1 	.122
388 	DeShawn Stevenson 	SG 	25 	WAS 	82 	2419 	12.9 	.542 	.510 	.287 	.243 	2.5 	7.9 	5.1 	14.3 	1.4 	0.6 	12.3 	17.6 	109 	114 	2.7 	0.3 	3.1 	.061
389 	Peja Stojakovic 	SF 	29 	NOK 	13 	425 	15.8 	.543 	.510 	.194 	.429 	2.9 	12.0 	7.3 	4.7 	1.0 	0.7 	8.2 	24.9 	108 	109 	0.6 	0.3 	0.9 	.100
390 	Damon Stoudamire 	PG 	33 	MEM 	62 	1501 	12.6 	.493 	.459 	.190 	.400 	2.5 	8.6 	5.5 	31.3 	1.6 	0.1 	17.6 	17.3 	104 	115 	1.1 	0.1 	1.1 	.036
391 	Salim Stoudamire 	SG 	24 	ATL 	61 	1034 	11.4 	.518 	.482 	.160 	.365 	0.7 	8.0 	4.3 	10.9 	1.1 	0.2 	10.8 	22.7 	101 	112 	0.5 	0.3 	0.8 	.036
392 	Amar'e Stoudemire 	C 	24 	PHO 	82 	2689 	23.1 	.637 	.575 	.555 	.003 	10.1 	23.3 	17.0 	5.0 	1.5 	2.9 	15.0 	25.8 	116 	103 	7.2 	4.0 	11.2 	.201
393 	Mike Sweetney 	C 	24 	CHI 	48 	385 	10.9 	.469 	.433 	.493 	.000 	13.4 	22.1 	17.8 	11.7 	1.2 	2.2 	20.5 	23.7 	91 	98 	-0.4 	0.8 	0.4 	.049
394 	Stromile Swift 	C 	27 	MEM 	54 	1029 	14.2 	.517 	.465 	.387 	.014 	9.9 	19.2 	14.5 	2.8 	1.5 	4.6 	14.6 	20.8 	100 	109 	0.2 	0.8 	1.0 	.047
395 	Wally Szczerbiak 	SF 	29 	BOS 	32 	900 	14.8 	.540 	.472 	.325 	.273 	2.1 	11.2 	6.5 	11.3 	1.0 	0.3 	10.9 	25.0 	106 	110 	1.0 	0.5 	1.6 	.083
396 	Donell Taylor 	SG 	24 	WAS 	47 	369 	10.3 	.422 	.411 	.150 	.121 	4.2 	12.5 	8.3 	19.6 	2.4 	0.6 	14.3 	20.8 	90 	110 	-0.4 	0.2 	-0.2 	-0.022
397 	Maurice Taylor 	PF 	30 	SAC 	12 	103 	6.3 	.356 	.286 	.464 	.000 	11.2 	21.0 	16.0 	7.3 	2.0 	0.7 	15.1 	17.3 	82 	106 	-0.2 	0.1 	-0.1 	-0.030
398 	Sebastian Telfair 	PG 	21 	BOS 	78 	1578 	8.6 	.458 	.410 	.232 	.270 	1.3 	7.1 	4.1 	22.7 	1.4 	0.5 	15.8 	17.8 	95 	110 	-0.5 	1.0 	0.5 	.015
399 	Jason Terry 	SG 	29 	DAL 	81 	2846 	18.9 	.587 	.560 	.187 	.348 	1.8 	7.9 	4.9 	25.5 	1.5 	0.5 	11.7 	21.3 	119 	106 	7.7 	3.1 	10.8 	.182
400 	Etan Thomas 	C 	28 	WAS 	65 	1246 	15.6 	.585 	.574 	.498 	.000 	12.2 	22.9 	17.4 	3.6 	0.9 	5.5 	17.4 	14.4 	111 	107 	1.5 	1.2 	2.7 	.105
401 	Kenny Thomas 	PF 	29 	SAC 	62 	1412 	10.2 	.492 	.482 	.251 	.003 	10.9 	20.6 	15.7 	8.4 	1.5 	0.9 	21.1 	13.6 	97 	107 	-0.1 	1.4 	1.2 	.041
402 	Kurt Thomas 	C 	34 	PHO 	67 	1208 	11.4 	.531 	.486 	.274 	.004 	8.7 	26.9 	18.3 	2.7 	1.0 	1.7 	10.8 	12.1 	111 	103 	1.2 	1.7 	2.9 	.115
403 	Tim Thomas 	PF 	29 	LAC 	76 	2054 	13.6 	.532 	.508 	.199 	.492 	3.7 	18.2 	11.0 	14.2 	1.4 	1.1 	11.9 	20.1 	105 	106 	1.6 	2.3 	3.9 	.092
404 	Tyrus Thomas 	PF 	20 	CHI 	72 	966 	14.8 	.521 	.475 	.621 	.007 	10.6 	21.1 	15.9 	6.6 	2.4 	6.2 	20.8 	20.9 	95 	93 	-0.4 	2.6 	2.2 	.110
405 	Dijon Thompson 	SF 	23 	ATL 	6 	50 	11.6 	.482 	.400 	.400 	.133 	7.1 	12.2 	9.6 	6.8 	0.0 	0.0 	5.4 	17.1 	110 	114 	0.1 	0.0 	0.1 	.064
406 	Jamaal Tinsley 	PG 	28 	IND 	72 	2243 	15.2 	.465 	.424 	.269 	.217 	3.0 	9.5 	6.2 	38.5 	2.7 	0.8 	16.7 	23.8 	98 	105 	0.2 	2.6 	2.8 	.060
407 	Jake Tsakalidis 	C 	27 	TOT 	36 	390 	8.4 	.471 	.403 	.542 	.000 	12.7 	18.7 	15.7 	1.9 	1.1 	2.3 	21.2 	13.2 	95 	108 	-0.1 	0.4 	0.3 	.031
408 	P.J. Tucker 	SF 	21 	TOR 	17 	83 	12.8 	.533 	.500 	.636 	.000 	15.4 	17.2 	16.3 	5.7 	1.2 	0.0 	17.6 	19.1 	104 	107 	0.1 	0.1 	0.1 	.085
409 	Ronny Turiaf 	C 	24 	LAL 	72 	1087 	15.5 	.586 	.549 	.500 	.004 	9.6 	18.3 	13.9 	9.1 	0.8 	5.5 	13.7 	15.7 	116 	106 	1.9 	1.1 	3.1 	.137
410 	Hedo Turkoglu 	SF 	27 	ORL 	73 	2268 	14.2 	.528 	.485 	.266 	.341 	3.2 	12.5 	8.0 	17.9 	1.6 	0.6 	13.5 	21.7 	106 	105 	2.3 	2.6 	4.9 	.105
411 	Ime Udoka 	SF 	29 	POR 	75 	2144 	12.1 	.569 	.548 	.173 	.426 	5.4 	10.9 	8.1 	8.6 	1.8 	0.6 	11.7 	13.7 	114 	111 	2.9 	1.0 	3.9 	.088
412 	Beno Udrih 	PG 	24 	SAS 	73 	948 	10.3 	.459 	.417 	.174 	.334 	1.5 	8.7 	5.2 	20.6 	1.5 	0.1 	13.1 	21.3 	95 	103 	-0.3 	1.4 	1.0 	.053
413 	Anderson Varejao 	C 	24 	CLE 	81 	1932 	14.4 	.527 	.476 	.668 	.022 	11.2 	21.8 	16.4 	6.0 	2.1 	2.1 	11.4 	13.7 	113 	98 	2.6 	4.0 	6.6 	.164
414 	Jacque Vaughn 	PG 	31 	SAS 	64 	760 	10.9 	.491 	.428 	.389 	.012 	1.3 	9.2 	5.4 	25.9 	1.7 	0.2 	17.0 	14.7 	105 	102 	0.6 	1.2 	1.7 	.107
415 	Charlie Villanueva 	PF 	22 	MIL 	39 	984 	15.8 	.547 	.508 	.232 	.225 	7.3 	20.1 	13.6 	6.1 	1.3 	0.9 	11.3 	21.8 	107 	110 	1.2 	0.6 	1.7 	.085
416 	Marcus Vinicius 	SF 	22 	NOK 	13 	103 	6.9 	.608 	.567 	.467 	.467 	2.2 	10.3 	6.2 	7.1 	1.0 	0.8 	24.9 	10.7 	102 	109 	0.0 	0.1 	0.1 	.045
417 	Jake Voskuhl 	C 	29 	CHA 	73 	1043 	10.9 	.523 	.475 	.443 	.000 	9.3 	20.1 	14.5 	6.8 	1.5 	1.8 	15.5 	15.7 	103 	106 	0.5 	1.1 	1.7 	.077
418 	Sasha Vujacic 	SG 	22 	LAL 	73 	935 	11.7 	.540 	.504 	.183 	.601 	3.5 	9.8 	6.7 	10.3 	2.3 	0.1 	9.4 	15.4 	112 	110 	1.2 	0.6 	1.8 	.091
419 	Dwyane Wade 	SG 	25 	MIA 	51 	1931 	28.9 	.583 	.502 	.556 	.082 	3.2 	11.2 	7.3 	40.5 	3.0 	2.5 	15.3 	34.7 	112 	103 	5.9 	2.9 	8.8 	.219
420 	Von Wafer 	SF 	21 	LAC 	1 	1 	-40.7 	.000 	.000 	.000 	1.000 	0.0 	0.0 	0.0 	0.0 	0.0 	0.0 	0.0 	46.2 	0 	115 	0.0 	0.0 	0.0 	-1.068
421 	Dajuan Wagner 	SG 	23 	GSW 	1 	7 	17.2 	1.064 	1.500 	2.000 	1.000 	0.0 	0.0 	0.0 	20.9 	0.0 	0.0 	34.7 	17.5 	123 	117 	0.0 	0.0 	0.0 	.122
422 	Antoine Walker 	PF 	30 	MIA 	78 	1818 	9.6 	.462 	.460 	.157 	.457 	6.1 	15.7 	11.0 	12.1 	1.4 	0.7 	16.5 	22.3 	89 	106 	-2.3 	2.0 	-0.3 	-0.007
423 	Ben Wallace 	C 	32 	CHI 	77 	2697 	14.6 	.456 	.454 	.630 	.012 	12.9 	21.7 	17.4 	9.9 	2.1 	4.6 	15.7 	10.6 	106 	95 	1.6 	6.6 	8.2 	.146
424 	Gerald Wallace 	SF 	24 	CHA 	72 	2640 	19.8 	.568 	.523 	.470 	.126 	6.2 	17.4 	11.6 	12.5 	2.8 	2.0 	12.2 	22.5 	110 	104 	4.2 	3.5 	7.7 	.141
425 	Rasheed Wallace 	C 	32 	DET 	75 	2419 	15.7 	.513 	.485 	.163 	.351 	4.4 	22.2 	13.3 	8.9 	1.7 	3.8 	9.4 	19.6 	105 	100 	1.8 	4.4 	6.2 	.123
426 	Luke Walton 	SF 	26 	LAL 	60 	1982 	14.7 	.551 	.517 	.260 	.223 	5.2 	12.6 	8.9 	20.2 	1.6 	0.8 	16.0 	16.8 	110 	110 	2.6 	1.2 	3.8 	.092
427 	Hakim Warrick 	PF 	24 	MEM 	82 	2152 	15.9 	.592 	.524 	.545 	.011 	7.2 	16.1 	11.7 	6.0 	1.0 	1.1 	15.4 	21.9 	109 	113 	3.2 	0.5 	3.7 	.082
428 	Earl Watson 	PG 	27 	SEA 	77 	2152 	13.5 	.483 	.450 	.214 	.408 	1.9 	8.5 	5.2 	31.4 	2.4 	0.8 	18.2 	19.4 	101 	111 	0.9 	1.1 	2.0 	.044
429 	Chris Webber 	PF 	33 	TOT 	61 	1821 	16.0 	.482 	.455 	.250 	.017 	8.1 	20.5 	14.3 	17.8 	1.8 	1.7 	13.1 	21.1 	101 	103 	0.7 	2.7 	3.4 	.090
430 	Martell Webster 	SF 	20 	POR 	82 	1759 	9.9 	.522 	.489 	.268 	.508 	3.0 	14.2 	8.5 	4.9 	1.1 	0.9 	12.1 	16.7 	102 	112 	0.6 	0.7 	1.3 	.036
431 	Bonzi Wells 	SF 	30 	HOU 	28 	590 	8.9 	.446 	.413 	.396 	.034 	5.1 	18.2 	11.7 	8.9 	2.2 	1.7 	19.0 	23.7 	82 	98 	-1.3 	1.2 	-0.1 	-0.009
432 	David Wesley 	SG 	36 	CLE 	35 	352 	6.6 	.418 	.353 	.373 	.507 	1.0 	10.8 	5.8 	15.3 	1.8 	0.9 	16.3 	13.4 	91 	103 	-0.2 	0.5 	0.3 	.043
433 	David West 	PF 	26 	NOK 	52 	1900 	18.9 	.532 	.481 	.287 	.032 	7.5 	18.5 	12.9 	10.9 	1.2 	1.6 	9.9 	23.8 	110 	106 	3.1 	2.0 	5.2 	.131
434 	Delonte West 	SG 	23 	BOS 	69 	2219 	14.0 	.526 	.472 	.275 	.248 	1.7 	9.7 	5.6 	23.5 	1.7 	1.2 	14.8 	19.3 	105 	108 	1.9 	1.8 	3.7 	.081
435 	James White 	SG 	24 	SAS 	6 	137 	12.1 	.525 	.463 	.366 	.171 	2.8 	14.4 	8.8 	5.8 	1.2 	0.5 	9.5 	18.2 	104 	102 	0.1 	0.2 	0.3 	.108
436 	Chris Wilcox 	PF 	24 	SEA 	82 	2586 	16.6 	.568 	.529 	.429 	.007 	8.2 	21.1 	14.6 	5.3 	1.4 	1.1 	11.5 	19.3 	112 	109 	4.1 	1.9 	6.0 	.112
437 	Damien Wilkins 	SF 	27 	SEA 	82 	2037 	13.1 	.535 	.477 	.282 	.203 	5.1 	8.4 	6.7 	12.0 	2.4 	0.6 	14.6 	17.7 	106 	111 	1.8 	1.0 	2.8 	.066
438 	Mike Wilks 	PG 	27 	SEA 	47 	534 	12.7 	.533 	.486 	.298 	.106 	3.3 	8.8 	6.1 	22.9 	1.5 	0.6 	16.3 	16.2 	109 	113 	0.6 	0.1 	0.8 	.070
439 	Aaron Williams 	PF 	35 	LAC 	38 	374 	9.4 	.606 	.547 	.415 	.019 	8.7 	18.4 	13.6 	2.9 	1.0 	2.9 	22.3 	10.0 	108 	105 	0.2 	0.4 	0.7 	.089
440 	Alvin Williams 	PG 	32 	LAC 	2 	10 	6.6 	.266 	.000 	2.000 	.500 	12.1 	0.0 	6.0 	41.1 	10.6 	0.0 	44.4 	31.2 	57 	93 	-0.1 	0.0 	-0.1 	-0.309
441 	Deron Williams 	PG 	22 	UTA 	80 	2950 	17.1 	.535 	.494 	.273 	.235 	1.7 	9.3 	5.5 	41.6 	1.4 	0.4 	16.9 	22.2 	111 	110 	5.3 	1.9 	7.2 	.117
442 	Eric Williams 	SF 	34 	TOT 	21 	121 	11.4 	.508 	.489 	.298 	.404 	2.9 	13.5 	8.5 	9.8 	1.3 	0.0 	11.6 	23.3 	97 	104 	0.0 	0.2 	0.1 	.057
443 	Jason Williams 	PG 	31 	MIA 	61 	1865 	15.0 	.540 	.501 	.181 	.518 	1.2 	7.6 	4.5 	28.3 	1.7 	0.0 	14.0 	18.2 	111 	109 	2.8 	1.5 	4.3 	.110
444 	Justin Williams 	C 	22 	SAC 	26 	333 	17.3 	.566 	.614 	.716 	.011 	17.6 	23.0 	20.3 	1.0 	0.8 	3.7 	11.5 	17.6 	113 	106 	0.6 	0.4 	0.9 	.132
445 	Louis Williams 	PG 	20 	PHI 	61 	688 	14.6 	.521 	.469 	.436 	.175 	3.0 	9.2 	6.1 	26.5 	1.7 	0.1 	15.5 	20.0 	105 	109 	0.6 	0.5 	1.1 	.078
446 	Marcus Williams 	PG 	21 	NJN 	79 	1315 	11.5 	.474 	.439 	.162 	.310 	2.6 	11.9 	7.3 	34.4 	1.2 	0.1 	20.1 	25.0 	92 	109 	-1.1 	1.0 	-0.1 	-0.004
447 	Marvin Williams 	PF 	20 	ATL 	64 	2179 	12.2 	.510 	.441 	.375 	.064 	4.6 	14.2 	9.3 	9.7 	1.3 	1.1 	13.4 	20.0 	101 	110 	0.9 	1.4 	2.3 	.051
448 	Mo Williams 	PG 	24 	MIL 	68 	2472 	16.3 	.519 	.484 	.177 	.217 	2.5 	13.3 	7.8 	28.2 	1.8 	0.2 	15.2 	24.4 	104 	112 	2.2 	0.9 	3.2 	.061
449 	Shammond Williams 	PG 	31 	LAL 	30 	345 	10.8 	.530 	.523 	.070 	.581 	3.8 	9.8 	6.8 	13.3 	1.8 	0.0 	12.8 	13.2 	109 	111 	0.3 	0.2 	0.5 	.067
450 	Shawne Williams 	SG 	20 	IND 	46 	556 	9.7 	.533 	.528 	.125 	.325 	6.7 	10.6 	8.6 	6.7 	0.6 	1.1 	12.4 	15.5 	105 	109 	0.3 	0.4 	0.7 	.063
451 	Shelden Williams 	PF 	23 	ATL 	81 	1514 	12.3 	.518 	.458 	.395 	.011 	10.3 	24.5 	17.3 	4.8 	1.8 	2.0 	18.3 	15.9 	100 	105 	0.3 	1.9 	2.2 	.070
452 	Corliss Williamson 	PF 	33 	SAC 	68 	1337 	12.7 	.559 	.510 	.447 	.004 	5.4 	14.2 	9.7 	5.2 	1.1 	0.9 	14.9 	21.9 	102 	110 	0.6 	0.9 	1.5 	.054
453 	Kevin Willis 	PF 	44 	DAL 	5 	43 	6.3 	.432 	.385 	.154 	.000 	5.7 	16.4 	11.2 	3.6 	2.5 	1.8 	12.6 	17.2 	90 	100 	0.0 	0.1 	0.0 	.048
454 	Metta World Peace 	SF 	27 	SAC 	70 	2641 	18.5 	.538 	.485 	.399 	.250 	4.4 	16.0 	10.1 	15.6 	2.9 	1.3 	10.7 	23.3 	108 	105 	3.6 	3.1 	6.7 	.122
455 	Antoine Wright 	SG 	22 	NJN 	63 	1137 	8.1 	.500 	.476 	.291 	.235 	4.0 	14.1 	9.1 	7.6 	1.4 	0.7 	13.2 	13.4 	98 	107 	0.0 	1.1 	1.2 	.049
456 	Bracey Wright 	SG 	22 	MIN 	19 	190 	13.8 	.493 	.450 	.300 	.333 	4.5 	8.6 	6.6 	12.7 	2.5 	0.4 	8.1 	18.1 	105 	108 	0.2 	0.2 	0.3 	.077
457 	Dorell Wright 	SF 	21 	MIA 	66 	1292 	12.7 	.489 	.452 	.236 	.093 	3.7 	20.7 	12.4 	12.1 	1.7 	2.8 	13.9 	17.1 	97 	102 	-0.1 	2.0 	1.9 	.072
458 	Lorenzen Wright 	C 	31 	ATL 	67 	1035 	6.6 	.439 	.448 	.175 	.000 	9.8 	15.4 	12.6 	6.1 	1.4 	2.1 	16.5 	10.5 	95 	108 	-0.2 	0.9 	0.7 	.033