202	Nerlens Noel	PHI	C	3	30.5	3.33	9.00	.370	0.00	0.00	.000	2.00	4.67	.429	2.67	2.33	2.67	6.00	8.67	2.33	1.33	1.67	8.67
4	Tyler Johnson	MIA	SG	1	36.2	6.00	13.00	.462	1.00	2.00	.500	4.00	8.00	.500	3.00	5.00	1.00	3.00	4.00	2.00	4.00	0.00	17.00
9	Jabari Parker	MIL	PF	6	30.6	5.50	13.00	.423	0.17	1.67	.100	3.50	5.00	.700	2.17	3.33	1.33	4.50	5.83	1.50	1.00	0.33	14.67
10	Mitch McGary	OKC	PF	1	36.0	7.00	14.00	.500	0.00	0.00	.000	0.00	0.00	.000	1.00	2.00	2.00	2.00	4.00	2.00	2.00	0.00	14.00
13	Shabazz Napier	MIA	PG	6	20.3	3.50	8.50	.412	1.00	3.83	.261	4.67	5.33	.875	1.17	2.00	0.50	1.67	2.17	3.00	1.00	0.00	12.67
16	Andrew Wiggins	MIN	SF	4	28.0	4.00	9.75	.410	0.75	1.25	.600	3.00	4.75	.632	0.50	1.75	2.00	1.75	3.75	1.50	1.50	0.75	11.75
17	Kyle Anderson	SAS	SF	4	28.6	3.50	7.25	.483	0.75	1.75	.429	3.50	4.50	.778	1.75	2.00	0.25	5.25	5.50	2.50	1.00	0.25	11.25
19	James Ennis	MIA	SF	6	20.2	3.17	6.00	.528	0.83	2.00	.417	3.83	4.33	.885	1.33	1.67	0.33	3.50	3.83	1.33	1.50	0.00	11.00
21	Andre Dawkins	MIA	SG	2	19.1	3.50	6.00	.583	2.50	4.00	.625	1.50	2.00	.750	1.00	3.00	0.00	1.50	1.50	0.00	1.00	0.00	11.00
23	Jordan Clarkson	LAL	SG	2	20.1	2.50	10.00	.250	1.00	3.50	.286	4.50	4.50	1.000	0.50	1.00	2.00	2.00	4.00	0.50	0.00	0.00	10.50
25	James Young	BOS	SG	1	19.7	3.00	8.00	.375	1.00	5.00	.200	3.00	5.00	.600	0.00	2.00	0.00	0.00	0.00	1.00	1.00	0.00	10.00
26	Nik Stauskas	SAC	SG	5	24.4	3.40	7.60	.447	1.40	3.80	.368	1.40	1.40	1.000	1.60	3.40	0.20	1.20	1.40	1.00	0.60	0.20	9.60
27	P.J. Hairston	CHA	SG	7	18.7	3.14	8.00	.393	2.14	4.71	.455	1.00	1.43	.700	0.43	2.71	0.29	2.43	2.71	0.86	0.57	0.14	9.43
29	Kostas Papanikolaou	HOU	PF	5	24.2	3.20	8.40	.381	0.80	3.40	.235	1.80	2.00	.900	1.20	2.40	1.00	2.80	3.80	1.80	1.20	0.60	9.00
32	Drew Gordon	PHI	PF	5	18.1	3.60	5.60	.643	0.00	0.00	.000	1.40	2.00	.700	0.80	1.60	0.80	4.00	4.80	0.40	1.00	0.40	8.60
33	Shayne Whittington	IND	C	2	17.7	3.50	4.50	.778	0.00	0.00	.000	1.50	1.50	1.000	3.00	1.50	0.50	0.50	1.00	1.00	0.00	0.00	8.50
35	Rodney Hood	UTA	SF	4	24.7	3.25	5.75	.565	1.25	2.75	.455	0.75	1.50	.500	0.50	3.75	0.00	4.00	4.00	1.50	0.50	0.00	8.50
36	Aaron Gordon	ORL	SF	6	23.1	3.33	7.50	.444	0.67	1.33	.500	1.00	1.83	.545	1.83	1.50	2.83	3.17	6.00	1.33	0.67	0.50	8.33
37	Doug McDermott	CHI	SF	7	26.8	2.57	6.86	.375	1.14	3.43	.333	2.00	2.71	.737	1.43	1.14	0.43	4.43	4.86	1.29	0.14	0.14	8.29
39	Dante Exum	UTA	PG	6	22.6	2.33	5.67	.412	1.17	2.83	.412	1.83	2.17	.846	2.50	1.50	0.33	1.33	1.67	3.33	0.67	0.17	7.67
41	Julius Randle	LAL	PF	5	19.2	3.40	8.20	.415	0.00	0.20	.000	0.80	1.80	.444	1.80	3.60	1.00	4.40	5.40	0.80	0.00	0.60	7.60
42	Devyn Marble	ORL	SG	4	17.3	2.50	5.50	.455	1.00	2.75	.364	1.50	2.75	.545	0.25	1.50	0.75	1.25	2.00	1.25	0.75	0.00	7.50
43	JaMychal Green	SAS	PF	4	11.4	2.50	3.50	.714	0.00	0.00	.000	2.50	3.50	.714	0.75	1.00	1.75	2.00	3.75	0.50	0.75	0.50	7.50
45	K.J. McDaniels	PHI	SG	7	22.3	2.86	7.14	.400	0.43	2.57	.167	1.29	1.57	.818	0.71	1.86	1.57	1.86	3.43	0.71	1.00	2.00	7.43
46	Joe Harris	CLE	SG	5	17.5	2.40	6.60	.364	1.60	4.20	.381	1.00	1.00	1.000	0.80	1.60	0.40	1.80	2.20	2.00	0.40	0.00	7.40
47	Marcus Smart	BOS	PG	7	27.9	2.00	7.43	.269	1.29	5.57	.231	2.00	2.86	.700	3.43	3.00	0.57	2.29	2.86	4.71	2.43	0.14	7.29
50	Brock Motum	UTA	C	1	10.1	3.00	5.00	.600	1.00	1.00	1.000	0.00	0.00	.000	0.00	1.00	0.00	2.00	2.00	1.00	0.00	0.00	7.00
52	Nikola Mirotic	CHI	PF	7	17.7	2.29	6.00	.381	1.00	2.57	.389	1.29	1.86	.692	1.57	3.57	0.86	1.57	2.43	0.71	1.57	0.86	6.86
55	Bojan Bogdanovic	BRK	SG	5	27.7	2.40	6.60	.364	0.60	3.20	.188	1.20	1.80	.667	1.40	1.40	0.20	1.40	1.60	1.60	0.20	0.40	6.60
56	Jusuf Nurkic	DEN	C	6	19.3	2.67	5.83	.457	0.00	0.17	.000	1.00	2.50	.400	2.33	4.00	3.33	6.00	9.33	1.33	0.67	1.17	6.33
57	Jordan Adams	MEM	SG	6	17.6	2.17	6.50	.333	0.17	1.50	.111	1.83	2.83	.647	1.00	2.17	0.67	2.50	3.17	1.67	1.50	0.00	6.33
58	T.J. Warren	PHX	SF	4	12.5	2.75	5.25	.524	0.75	1.50	.500	0.00	0.00	.000	0.50	0.75	1.00	1.50	2.50	0.50	0.50	0.25	6.25
59	Erick Green	DEN	PG	6	13.3	2.33	6.17	.378	0.17	1.33	.125	1.33	1.67	.800	1.00	0.50	0.17	1.17	1.33	1.67	0.50	0.17	6.17
60	Elfrid Payton	ORL	PG	6	28.6	2.67	6.67	.400	0.17	0.67	.250	0.67	1.67	.400	4.17	2.17	0.50	2.83	3.33	6.17	1.33	0.33	6.17
61	Gary Harris	DEN	SG	6	20.2	2.17	6.33	.342	0.83	2.83	.294	1.00	1.17	.857	1.17	3.17	0.83	0.50	1.33	1.00	0.33	0.17	6.17
63	Zach Lavine	MIN	SG	4	18.7	2.50	7.25	.345	0.50	1.75	.286	0.50	1.25	.400	3.25	0.50	0.00	2.75	2.75	1.75	0.50	0.00	6.00
67	James McAdoo	GSW	PF	5	13.1	1.80	2.80	.643	0.00	0.00	.000	2.00	2.60	.769	1.00	2.00	1.60	2.00	3.60	0.40	1.20	0.20	5.60
68	Tarik Black	HOU	PF	5	19.2	1.80	3.80	.474	0.00	0.00	.000	2.00	3.20	.625	2.00	3.40	2.80	4.20	7.00	0.20	1.00	0.60	5.60
69	Alex Kirk	CLE	C	4	15.4	1.75	4.25	.412	0.00	0.00	.000	2.00	2.00	1.000	1.00	2.25	0.75	2.25	3.00	0.25	0.00	1.00	5.50
71	Patrick Christopher	MEM	SG	6	11.0	2.00	4.67	.429	0.67	1.83	.364	0.50	0.67	.750	0.33	1.17	0.67	0.00	0.67	0.50	0.17	0.00	5.17
72	Jarnell Stokes	MEM	PF	6	11.0	2.17	3.83	.565	0.00	0.00	.000	0.83	1.17	.714	1.00	1.50	1.50	1.50	3.00	0.17	0.67	0.33	5.17
75	Talib Zanna	OKC	PF	6	18.5	1.33	3.17	.421	0.00	0.00	.000	2.33	3.33	.700	1.00	3.67	2.67	2.67	5.33	0.33	0.50	0.50	5.00
76	C.J. Fair	IND	SF	1	8.3	2.00	2.00	1.000	1.00	1.00	1.000	0.00	0.00	.000	1.00	2.00	1.00	0.00	1.00	0.00	0.00	1.00	5.00
79	Glenn Robinson	MIN	SF	3	10.8	2.33	4.33	.538	0.00	0.33	.000	0.00	0.00	.000	0.00	1.00	0.67	1.33	2.00	2.00	0.67	0.00	4.67
80	Nick Johnson	HOU	SG	5	17.2	1.20	5.40	.222	0.40	2.00	.200	1.80	2.00	.900	1.80	1.80	0.40	1.20	1.60	2.00	1.20	0.00	4.60
81	Russ Smith	NOP	PG	5	7.5	1.60	3.60	.444	0.40	0.40	1.000	1.00	1.20	.833	1.00	1.40	0.40	0.40	0.80	0.60	0.80	0.00	4.60
82	Cleanthony Early	NYK	SF	5	13.0	1.60	4.20	.381	0.80	2.60	.308	0.60	0.80	.750	1.60	3.00	0.40	1.20	1.60	0.60	0.80	0.00	4.60
83	Bruno Caboclo	TOR	PF	4	14.0	1.50	4.00	.375	1.00	2.25	.444	0.25	0.50	.500	1.25	1.25	0.50	1.50	2.00	0.00	0.75	0.00	4.25
84	Damjan Rudez	IND	SF	5	21.2	1.80	6.60	.273	0.60	3.80	.158	0.00	0.20	.000	1.00	1.60	0.20	1.20	1.40	2.60	0.20	0.00	4.20
85	Richard Solomon	OKC	PF	2	12.7	1.50	2.50	.600	0.00	0.00	.000	1.00	2.00	.500	1.50	1.50	2.00	2.50	4.50	0.50	1.00	0.50	4.00
86	Bryce Cotton	SAS	PG	4	12.3	1.50	3.50	.429	0.50	1.50	.333	0.50	0.50	1.000	1.50	2.00	0.00	0.50	0.50	1.50	0.25	0.00	4.00
87	Noah Vonleh	CHA	C	1	18.7	2.00	5.00	.400	0.00	1.00	.000	0.00	0.00	.000	3.00	4.00	2.00	2.00	4.00	0.00	2.00	0.00	4.00
89	Elijah Millsap	MIL	SG	1	6.6	1.00	2.00	.500	0.00	1.00	.000	2.00	2.00	1.000	1.00	2.00	0.00	1.00	1.00	1.00	0.00	0.00	4.00
90	Cory Jefferson	BRK	PF	4	9.3	1.50	3.75	.400	0.00	0.25	.000	1.00	2.00	.500	0.25	0.25	1.00	2.00	3.00	0.25	0.25	0.50	4.00
93	Travis Wear	NYK	PF	5	11.1	1.80	4.00	.450	0.00	0.20	.000	0.20	0.40	.500	0.80	2.20	0.60	2.00	2.60	0.60	0.60	0.00	3.80
94	Micheal Eric	MIL	C	3	12.7	1.67	3.00	.556	0.00	0.00	.000	0.33	1.00	.333	0.67	2.00	0.67	3.00	3.67	0.33	0.67	1.00	3.67
95	Mitchell Watt	GSW	PF	2	9.5	1.50	4.00	.375	0.00	1.00	.000	0.50	1.00	.500	0.00	1.00	1.00	1.00	2.00	1.50	0.50	1.50	3.50
96	Will Cherry	TOR	PG	4	12.1	1.25	3.75	.333	0.00	1.00	.000	1.00	2.00	.500	1.00	0.50	0.00	1.00	1.00	1.50	1.00	0.00	3.50
97	Jack Cooley	UTA	PF	2	5.8	1.00	2.50	.400	0.00	0.00	.000	1.50	3.00	.500	0.50	1.00	1.50	1.50	3.00	0.00	0.00	0.00	3.50
99	Kalin Lucas	MEM	PG	6	6.7	1.17	2.33	.500	0.00	0.00	.000	1.00	1.67	.600	0.67	0.17	0.00	0.50	0.50	0.83	0.50	0.00	3.33
101	Jakarr Sampson	PHI	PF	6	16.3	1.17	3.17	.368	0.33	1.17	.286	0.67	0.83	.800	1.33	1.67	0.33	2.67	3.00	1.00	0.67	0.83	3.33
102	Adreian Payne	ATL	PF	4	16.7	1.25	4.25	.294	0.25	1.50	.167	0.50	0.50	1.000	1.25	3.25	1.50	3.50	5.00	1.00	0.00	1.50	3.25
103	Roscoe Smith	LAL	SF	4	13.3	1.00	2.25	.444	0.00	0.00	.000	1.00	1.50	.667	0.50	1.75	1.00	1.25	2.25	0.25	0.25	0.00	3.00
104	Shawn Jones	MIA	PF	4	16.5	1.50	2.25	.667	0.00	0.00	.000	0.00	0.50	.000	1.50	2.50	1.25	1.75	3.00	0.75	0.50	0.75	3.00
105	Aaron Craft	GSW	PG	4	14.7	1.25	2.50	.500	0.50	1.25	.400	0.00	0.00	.000	1.75	1.75	0.00	2.50	2.50	1.50	1.00	0.00	3.00
106	Stephen Holt	CLE	SG	1	2.3	1.00	1.00	1.000	1.00	1.00	1.000	0.00	0.00	.000	0.00	0.00	0.00	0.00	0.00	0.00	0.00	0.00	3.00
107	Jarell Eddie	ATL	SF	3	13.1	1.00	2.67	.375	0.67	2.33	.286	0.00	0.00	.000	0.67	1.67	0.00	0.67	0.67	0.33	0.00	0.33	2.67
108	Chris Crawford	CLE	SG	5	7.5	0.80	1.80	.444	0.60	1.60	.375	0.20	0.20	1.000	0.40	1.00	0.00	0.80	0.80	1.60	0.20	0.20	2.40
109	Ronald Roberts	PHI	SF	3	4.8	1.00	1.67	.600	0.00	0.00	.000	0.00	0.67	.000	0.67	0.67	0.67	0.33	1.00	0.33	0.00	0.00	2.00
110	Joe Ingles	LAC	SF	3	8.7	0.33	1.00	.333	0.33	0.67	.500	1.00	1.33	.750	0.33	1.33	0.33	1.00	1.33	0.33	0.00	0.00	2.00
101	Jakarr Sampson	PHI	PF	6	16.3	1.17	3.17	.368	0.33	1.17	.286	0.67	0.83	.800	1.33	1.67	0.33	2.67	3.00	1.00	0.67	0.83	3.33
102	Adreian Payne	ATL	PF	4	16.7	1.25	4.25	.294	0.25	1.50	.167	0.50	0.50	1.000	1.25	3.25	1.50	3.50	5.00	1.00	0.00	1.50	3.25
103	Roscoe Smith	LAL	SF	4	13.3	1.00	2.25	.444	0.00	0.00	.000	1.00	1.50	.667	0.50	1.75	1.00	1.25	2.25	0.25	0.25	0.00	3.00
104	Shawn Jones	MIA	PF	4	16.5	1.50	2.25	.667	0.00	0.00	.000	0.00	0.50	.000	1.50	2.50	1.25	1.75	3.00	0.75	0.50	0.75	3.00
105	Aaron Craft	GSW	PG	4	14.7	1.25	2.50	.500	0.50	1.25	.400	0.00	0.00	.000	1.75	1.75	0.00	2.50	2.50	1.50	1.00	0.00	3.00
106	Stephen Holt	CLE	SG	1	2.3	1.00	1.00	1.000	1.00	1.00	1.000	0.00	0.00	.000	0.00	0.00	0.00	0.00	0.00	0.00	0.00	0.00	3.00
107	Jarell Eddie	ATL	SF	3	13.1	1.00	2.67	.375	0.67	2.33	.286	0.00	0.00	.000	0.67	1.67	0.00	0.67	0.67	0.33	0.00	0.33	2.67
108	Chris Crawford	CLE	SG	5	7.5	0.80	1.80	.444	0.60	1.60	.375	0.20	0.20	1.000	0.40	1.00	0.00	0.80	0.80	1.60	0.20	0.20	2.40
109	Ronald Roberts	PHI	SF	3	4.8	1.00	1.67	.600	0.00	0.00	.000	0.00	0.67	.000	0.67	0.67	0.67	0.33	1.00	0.33	0.00	0.00	2.00
110	Joe Ingles	LAC	SF	3	8.7	0.33	1.00	.333	0.33	0.67	.500	1.00	1.33	.750	0.33	1.33	0.33	1.00	1.33	0.33	0.00	0.00	2.00
112	Rodney McGruder	BOS	SG	3	4.9	1.00	2.00	.500	0.00	0.00	.000	0.00	1.00	.000	0.00	1.00	0.67	0.00	0.67	0.00	0.00	0.00	2.00
114	Tyler Ennis	PHX	PG	4	5.7	0.75	2.00	.375	0.00	0.50	.000	0.50	0.50	1.000	1.25	0.75	0.00	0.50	0.50	0.00	0.00	0.00	2.00
115	Luke Hancock	MEM	SF	1	9.1	1.00	1.00	1.000	0.00	0.00	.000	0.00	0.00	.000	0.00	3.00	0.00	0.00	0.00	1.00	3.00	0.00	2.00
116	Langston Galloway	NYK	PG	2	8.4	0.50	2.00	.250	0.50	1.50	.333	0.50	0.50	1.000	1.00	1.00	0.50	0.00	0.50	1.50	0.50	0.50	2.00
117	Joe Jackson	PHX	PG	1	6.7	1.00	3.00	.333	0.00	0.00	.000	0.00	2.00	.000	1.00	1.00	0.00	2.00	2.00	0.00	0.00	0.00	2.00
118	Josh Davis	SAS	SF	2	6.2	1.00	2.50	.400	0.00	0.00	.000	0.00	0.00	.000	0.00	0.50	1.00	0.50	1.50	0.00	0.00	0.00	2.00
119	Jerrelle Benimon	DEN	PF	5	8.9	0.80	1.40	.571	0.00	0.00	.000	0.20	1.20	.167	1.20	2.00	0.60	2.20	2.80	0.00	0.40	0.40	1.80
120	Khem Birch	MIA	PF	4	18.3	0.75	3.00	.250	0.00	0.00	.000	0.25	1.75	.143	1.00	1.00	3.00	3.50	6.50	1.25	1.25	0.75	1.75
121	Patric Young	NOP	PF	5	11.6	0.40	1.40	.286	0.00	0.00	.000	0.80	0.80	1.000	1.00	2.00	1.80	2.20	4.00	0.00	0.20	0.20	1.60
122	Zoran Dragic	PHX	SG	2	4.9	0.50	2.50	.200	0.50	1.50	.333	0.00	0.00	.000	0.00	0.00	0.00	0.50	0.50	0.00	0.00	0.00	1.50
124	Brady Heslip	MIN	PG	2	1.7	0.50	1.50	.333	0.50	1.00	.500	0.00	0.00	.000	0.00	0.00	0.00	0.00	0.00	0.00	0.00	0.00	1.50
125	Eric Moreland	SAC	PF	3	7.8	0.67	1.33	.500	0.00	0.00	.000	0.00	0.00	.000	0.33	0.67	0.00	1.67	1.67	0.33	0.00	0.67	1.33
126	Dwight Powell	BOS	PF	5	8.1	0.00	1.40	.000	0.00	0.20	.000	1.20	1.60	.750	0.80	0.80	0.80	0.40	1.20	0.00	0.60	0.20	1.20
127	Johnny O'Bryant	MIL	C	2	7.0	0.00	3.00	.000	0.00	0.00	.000	1.00	1.00	1.000	1.50	3.00	0.00	1.50	1.50	0.00	0.00	0.00	1.00
128	Sim Bhullar	SAC	C	2	1.3	0.50	0.50	1.000	0.00	0.00	.000	0.00	0.00	.000	0.00	0.50	0.00	1.50	1.50	0.00	0.00	0.00	1.00
129	Keith Appling	LAL	PG	2	9.8	0.50	2.00	.250	0.00	0.50	.000	0.00	0.00	.000	0.50	0.50	0.00	1.50	1.50	1.00	0.00	0.00	1.00
131	Eric Griffin	DAL	SF	2	4.8	0.00	1.50	.000	0.00	1.00	.000	0.50	3.00	.167	0.00	1.00	0.00	1.00	1.00	0.00	0.00	0.00	0.50
132	Cameron Bairstow	CHI	PF	2	7.0	0.00	0.50	.000	0.00	0.00	.000	0.50	2.00	.250	0.00	1.00	0.00	2.00	2.00	1.00	0.00	0.00	0.50
133	Tim Frazier	BOS	PG	3	3.9	0.00	0.00	.000	0.00	0.00	.000	0.33	0.67	.500	1.00	0.00	0.00	0.00	0.00	0.67	0.67	0.00	0.33
134	C.J. Wilcox	LAC	SG	4	6.9	0.00	1.50	.000	0.00	1.00	.000	0.25	0.50	.500	0.25	0.25	0.25	0.25	0.50	0.25	0.00	0.00	0.25
