1 	Quincy Acy 	PF 	24 	NYK 	27 	19 	21.7 	2.1 	4.1 	.500 	0.0 	0.1 	.333 	2.0 	4.0 	.505 	1.0 	1.3 	.794 	1.5 	3.5 	5.0 	1.1 	0.3 	0.3 	1.1 	2.4 	5.2
2 	Jordan Adams 	SG 	20 	MEM 	5 	0 	9.2 	0.6 	1.8 	.333 	0.2 	0.6 	.333 	0.4 	1.2 	.333 	0.6 	0.8 	.750 	0.0 	0.8 	0.8 	1.0 	0.6 	0.2 	0.4 	1.0 	2.0
3 	Steven Adams 	C 	21 	OKC 	28 	28 	24.8 	3.2 	6.0 	.530 	0.0 	0.0 	.000 	3.2 	6.0 	.533 	1.3 	2.6 	.507 	2.6 	4.5 	7.1 	0.8 	0.5 	1.2 	1.8 	2.8 	7.7
4 	Jeff Adrien 	F 	28 	MIN 	10 	0 	11.7 	1.0 	1.9 	.526 	0.0 	0.0 		1.0 	1.9 	.526 	1.0 	2.2 	.455 	1.0 	3.7 	4.7 	1.0 	0.3 	0.8 	0.5 	1.4 	3.0
5 	Arron Afflalo 	SG 	29 	DEN 	27 	27 	31.9 	5.4 	12.3 	.444 	1.6 	4.5 	.361 	3.8 	7.7 	.493 	2.5 	2.9 	.848 	0.4 	3.0 	3.4 	1.6 	0.4 	0.1 	1.4 	2.3 	15.0
6 	Alexis Ajinca 	C 	26 	NOP 	18 	4 	10.5 	1.9 	2.8 	.680 	0.0 	0.0 		1.9 	2.8 	.680 	1.1 	1.5 	.741 	1.0 	2.5 	3.5 	0.2 	0.2 	0.3 	0.8 	2.1 	4.9
7 	Furkan Aldemir 	F-C 	23 	PHI 	1 	0 	10.0 	1.0 	3.0 	.333 	0.0 	0.0 		1.0 	3.0 	.333 	0.0 	0.0 		2.0 	0.0 	2.0 	1.0 	0.0 	0.0 	1.0 	2.0 	2.0
8 	Cole Aldrich 	C 	26 	NYK 	18 	3 	11.7 	1.6 	3.1 	.527 	0.0 	0.0 		1.6 	3.1 	.527 	0.6 	0.6 	.909 	1.1 	2.3 	3.4 	0.8 	0.3 	0.8 	0.6 	2.1 	3.8
9 	LaMarcus Aldridge 	PF 	29 	POR 	27 	27 	35.9 	9.0 	19.7 	.458 	0.6 	1.1 	.484 	8.5 	18.6 	.456 	4.1 	4.9 	.848 	2.8 	7.9 	10.7 	1.9 	0.8 	1.3 	1.6 	1.8 	22.8
10 	Lavoy Allen 	PF 	25 	IND 	27 	0 	21.9 	3.2 	6.2 	.518 	0.0 	0.0 		3.2 	6.2 	.518 	0.5 	0.7 	.778 	3.1 	4.6 	7.7 	1.2 	0.3 	0.8 	0.8 	2.2 	7.0
11 	Tony Allen 	SG 	33 	MEM 	22 	22 	25.8 	3.1 	6.5 	.483 	0.1 	0.4 	.222 	3.0 	6.1 	.500 	1.4 	2.0 	.682 	1.5 	2.6 	4.2 	1.5 	2.0 	0.4 	1.4 	3.5 	7.7
12 	Al-Farouq Aminu 	SF 	24 	DAL 	27 	2 	15.7 	1.9 	4.4 	.441 	0.4 	1.8 	.250 	1.5 	2.6 	.571 	0.7 	1.1 	.667 	0.8 	2.7 	3.5 	0.6 	0.6 	0.7 	0.6 	1.5 	5.0
13 	Louis Amundson 	PF 	32 	CLE 	8 	0 	7.8 	0.5 	1.1 	.444 	0.0 	0.0 		0.5 	1.1 	.444 	0.4 	0.6 	.600 	0.4 	1.5 	1.9 	0.4 	0.1 	0.0 	0.4 	1.3 	1.4
14 	Chris Andersen 	C 	36 	MIA 	14 	3 	17.8 	1.2 	2.4 	.515 	0.0 	0.1 	.000 	1.2 	2.3 	.531 	0.9 	1.7 	.500 	1.0 	3.1 	4.1 	0.5 	0.6 	0.7 	0.6 	1.4 	3.3
15 	Alan Anderson 	SG 	32 	BRK 	26 	3 	20.1 	2.0 	4.8 	.405 	0.7 	2.2 	.321 	1.3 	2.7 	.471 	0.7 	0.8 	.818 	0.5 	2.0 	2.5 	0.7 	0.6 	0.2 	1.0 	2.0 	5.3
16 	Kyle Anderson 	SF 	21 	SAS 	17 	5 	15.5 	1.3 	3.7 	.349 	0.1 	0.5 	.250 	1.2 	3.2 	.364 	0.5 	0.8 	.643 	0.2 	3.1 	3.2 	1.0 	0.6 	0.4 	0.3 	1.2 	3.2
17 	Ryan Anderson 	PF 	26 	NOP 	27 	1 	28.9 	5.6 	13.3 	.422 	2.3 	6.8 	.342 	3.3 	6.5 	.506 	2.0 	2.2 	.898 	2.1 	3.0 	5.2 	1.0 	0.7 	0.3 	0.9 	2.0 	15.6
18 	Giannis Antetokounmpo 	SG 	20 	MIL 	28 	18 	27.4 	4.6 	9.1 	.504 	0.1 	0.6 	.188 	4.5 	8.6 	.525 	3.0 	4.1 	.730 	1.2 	4.8 	5.9 	2.0 	0.7 	0.6 	1.7 	2.5 	12.3
19 	Carmelo Anthony 	SF 	30 	NYK 	26 	26 	36.5 	8.9 	19.5 	.458 	1.5 	4.3 	.348 	7.4 	15.2 	.489 	4.3 	5.4 	.794 	1.8 	4.8 	6.7 	3.2 	0.9 	0.4 	2.4 	2.5 	23.7
20 	Joel Anthony 	C 	32 	DET 	10 	0 	6.2 	0.3 	0.5 	.600 	0.0 	0.0 		0.3 	0.5 	.600 	0.0 	0.1 	.000 	0.4 	1.3 	1.7 	0.1 	0.1 	0.4 	0.2 	1.1 	0.6
Rk 	Player 	Pos 	Age 	Tm 	G 	GS 	MP 	FG 	FGA 	FG% 	3P 	3PA 	3P 	2P 	2PA 	2P 	FT 	FTA 	FT% 	ORB 	DRB 	TRB 	AST 	STL 	BLK 	TOV 	PF 	PTS
21 	Pero Antic 	PF 	32 	ATL 	21 	0 	16.6 	1.9 	4.7 	.398 	0.8 	2.7 	.281 	1.1 	2.0 	.561 	1.1 	1.6 	.727 	0.9 	1.9 	2.7 	0.9 	0.1 	0.3 	0.7 	2.1 	5.6
22 	Trevor Ariza 	SF 	29 	HOU 	26 	26 	38.5 	4.6 	12.7 	.364 	2.6 	7.8 	.337 	2.0 	4.9 	.406 	2.2 	2.7 	.826 	1.2 	5.1 	6.2 	2.0 	1.7 	0.2 	1.8 	2.5 	14.0
23 	Darrell Arthur 	PF 	26 	DEN 	24 	0 	17.9 	3.0 	7.2 	.416 	0.9 	3.1 	.293 	2.1 	4.1 	.510 	0.8 	1.0 	.800 	1.4 	2.7 	4.1 	1.4 	1.0 	0.4 	1.0 	2.6 	7.8
24 	Omer Asik 	C 	28 	NOP 	23 	23 	26.7 	2.9 	5.6 	.512 	0.0 	0.0 		2.9 	5.6 	.512 	1.7 	3.0 	.588 	3.8 	6.8 	10.6 	1.0 	0.3 	1.0 	1.3 	1.9 	7.5
25 	D.J. Augustin 	PG 	27 	DET 	28 	3 	22.4 	2.6 	7.4 	.354 	0.7 	2.6 	.257 	1.9 	4.7 	.409 	2.7 	3.3 	.817 	0.3 	1.5 	1.8 	3.6 	0.5 	0.0 	1.6 	1.2 	8.6
26 	Jeff Ayres 	PF 	27 	SAS 	17 	0 	9.6 	1.2 	2.3 	.513 	0.0 	0.0 		1.2 	2.3 	.513 	0.5 	0.5 	.889 	1.1 	1.6 	2.6 	0.5 	0.2 	0.2 	0.7 	1.6 	2.8
27 	Luke Babbitt 	SF 	25 	NOP 	23 	12 	16.0 	1.4 	3.3 	.427 	1.3 	2.5 	.509 	0.1 	0.8 	.167 	0.1 	0.2 	.750 	0.1 	2.0 	2.1 	0.3 	0.3 	0.2 	0.5 	1.7 	4.2
28 	Cameron Bairstow 	PF 	24 	CHI 	6 	1 	6.5 	0.2 	1.3 	.125 	0.0 	0.0 		0.2 	1.3 	.125 	0.2 	0.3 	.500 	0.8 	0.0 	0.8 	0.2 	0.2 	0.2 	0.5 	1.0 	0.5
29 	Leandro Barbosa 	SG 	32 	GSW 	20 	1 	13.2 	2.3 	5.0 	.460 	0.2 	1.2 	.167 	2.1 	3.8 	.553 	0.6 	0.8 	.750 	0.5 	0.8 	1.3 	1.1 	0.7 	0.2 	0.7 	1.6 	5.4
30 	Jose Barea 	PG 	30 	DAL 	27 	1 	16.5 	2.9 	6.7 	.428 	0.7 	2.1 	.345 	2.1 	4.5 	.467 	1.1 	1.4 	.795 	0.3 	1.4 	1.8 	3.6 	0.6 	0.0 	0.8 	1.7 	7.6
31 	Harrison Barnes 	SF 	22 	GSW 	25 	25 	31.1 	4.1 	7.8 	.526 	1.0 	2.4 	.417 	3.1 	5.4 	.575 	2.1 	2.6 	.788 	1.6 	4.9 	6.4 	1.4 	0.6 	0.3 	1.0 	1.7 	11.2
32 	Matt Barnes 	SF 	34 	LAC 	25 	23 	27.6 	3.4 	7.0 	.483 	1.4 	3.9 	.367 	1.9 	3.0 	.632 	1.0 	1.2 	.774 	0.4 	2.6 	3.1 	1.3 	0.6 	0.6 	1.2 	3.0 	9.1
33 	Will Barton 	SG 	24 	POR 	14 	0 	9.9 	1.4 	3.5 	.388 	0.2 	0.7 	.300 	1.1 	2.8 	.410 	0.2 	0.4 	.500 	0.0 	0.9 	0.9 	0.9 	0.4 	0.1 	0.7 	1.0 	3.1
34 	Brandon Bass 	PF 	29 	BOS 	25 	0 	18.9 	3.5 	7.1 	.494 	0.0 	0.2 	.000 	3.5 	7.0 	.506 	2.2 	2.7 	.806 	1.1 	2.6 	3.7 	0.9 	0.6 	0.3 	1.0 	1.5 	9.2
35 	Nicolas Batum 	SF 	26 	POR 	23 	23 	34.1 	3.5 	9.1 	.381 	1.0 	4.6 	.229 	2.4 	4.6 	.533 	0.9 	1.0 	.870 	0.7 	4.8 	5.5 	5.2 	1.3 	0.7 	1.7 	1.7 	8.9
36 	Jerryd Bayless 	PG 	26 	MIL 	28 	1 	20.1 	2.7 	5.8 	.463 	0.6 	1.4 	.400 	2.1 	4.4 	.484 	1.8 	1.8 	.980 	0.1 	1.7 	1.9 	2.5 	0.7 	0.1 	1.4 	2.0 	7.7
37 	Aron Baynes 	C 	28 	SAS 	27 	6 	16.9 	2.9 	4.9 	.598 	0.0 	0.0 	1.000 	2.9 	4.9 	.595 	1.3 	1.6 	.833 	1.6 	3.3 	4.9 	0.6 	0.3 	0.4 	1.1 	2.8 	7.2
38 	Kent Bazemore 	SG 	25 	ATL 	21 	0 	10.3 	1.0 	2.7 	.393 	0.3 	0.8 	.353 	0.8 	1.9 	.410 	0.4 	0.8 	.563 	0.2 	2.0 	2.2 	0.7 	0.3 	0.3 	0.5 	1.3 	2.8
39 	Bradley Beal 	SG 	21 	WAS 	17 	13 	32.9 	5.5 	13.0 	.425 	1.8 	3.9 	.455 	3.8 	9.1 	.413 	2.2 	2.8 	.809 	0.9 	2.5 	3.4 	3.0 	1.6 	0.2 	2.4 	2.8 	15.1
40 	Marco Belinelli 	SG 	28 	SAS 	20 	3 	21.9 	3.3 	7.6 	.428 	1.2 	3.1 	.377 	2.1 	4.6 	.462 	1.8 	2.2 	.818 	0.8 	2.0 	2.8 	1.5 	0.4 	0.0 	1.1 	1.2 	9.5
Rk 	Player 	Pos 	Age 	Tm 	G 	GS 	MP 	FG 	FGA 	FG% 	3P 	3PA 	3P 	2P 	2PA 	2P 	FT 	FTA 	FT% 	ORB 	DRB 	TRB 	AST 	STL 	BLK 	TOV 	PF 	PTS
41 	Anthony Bennett 	PF 	21 	MIN 	25 	2 	16.8 	2.8 	6.1 	.454 	0.0 	0.1 	.000 	2.8 	6.0 	.460 	0.7 	1.2 	.621 	0.9 	3.1 	4.0 	0.9 	0.6 	0.5 	0.6 	1.6 	6.2
42 	Patrick Beverley 	PG 	26 	HOU 	14 	13 	33.9 	4.2 	10.2 	.413 	2.6 	6.3 	.420 	1.6 	3.9 	.400 	1.6 	2.4 	.676 	1.4 	4.1 	5.5 	3.1 	1.4 	0.4 	1.5 	3.9 	12.7
43 	Bismack Biyombo 	C 	22 	CHO 	20 	0 	14.0 	1.4 	2.3 	.609 	0.0 	0.0 		1.4 	2.3 	.609 	1.0 	2.1 	.476 	2.3 	3.2 	5.4 	0.3 	0.2 	1.3 	0.8 	1.7 	3.8
44 	Tarik Black 	PF 	23 	HOU 	24 	12 	16.2 	1.9 	3.5 	.542 	0.0 	0.0 	.000 	1.9 	3.4 	.549 	0.6 	1.2 	.517 	2.4 	2.9 	5.3 	0.3 	0.3 	0.1 	0.8 	2.3 	4.4
45 	DeJuan Blair 	PF 	25 	WAS 	8 	0 	4.6 	0.4 	0.9 	.429 	0.0 	0.0 		0.4 	0.9 	.429 	0.0 	0.0 		0.1 	0.6 	0.8 	0.1 	0.1 	0.0 	0.3 	1.1 	0.8
46 	Steve Blake 	PG 	34 	POR 	28 	0 	22.1 	1.7 	4.5 	.370 	1.0 	3.0 	.349 	0.6 	1.6 	.409 	0.4 	0.5 	.733 	0.3 	2.0 	2.3 	4.3 	0.6 	0.1 	1.3 	1.9 	4.8
47 	Eric Bledsoe 	PG 	25 	PHO 	29 	29 	32.8 	5.3 	12.0 	.440 	1.0 	3.1 	.308 	4.3 	8.9 	.486 	4.3 	5.1 	.845 	0.8 	4.3 	5.1 	5.6 	1.4 	0.7 	3.3 	2.6 	15.8
48 	Bojan Bogdanovic 	SF 	25 	BRK 	26 	19 	26.1 	3.2 	7.5 	.423 	1.3 	3.7 	.354 	1.8 	3.8 	.490 	0.9 	1.1 	.828 	0.7 	2.0 	2.7 	0.8 	0.6 	0.2 	1.0 	1.5 	8.5
49 	Andrew Bogut 	C 	30 	GSW 	20 	20 	25.2 	3.3 	6.2 	.537 	0.0 	0.0 		3.3 	6.2 	.537 	0.5 	0.9 	.500 	2.4 	6.9 	9.3 	3.0 	0.8 	2.2 	1.9 	2.7 	7.1
50 	Matt Bonner 	PF 	34 	SAS 	22 	12 	18.4 	2.2 	5.0 	.445 	1.1 	2.7 	.407 	1.1 	2.3 	.490 	0.7 	0.9 	.842 	0.5 	1.5 	2.0 	1.0 	0.2 	0.2 	0.1 	1.5 	6.3
51 	Trevor Booker 	PF 	27 	UTA 	28 	1 	19.8 	2.8 	5.4 	.517 	0.3 	0.9 	.308 	2.5 	4.5 	.560 	1.2 	2.0 	.589 	1.4 	3.0 	4.4 	0.9 	0.6 	0.4 	1.4 	1.7 	7.0
52 	Carlos Boozer 	PF 	33 	LAL 	26 	19 	26.3 	5.6 	11.1 	.505 	0.0 	0.0 		5.6 	11.1 	.505 	1.5 	2.4 	.635 	1.8 	5.5 	7.3 	1.4 	0.5 	0.1 	1.2 	2.9 	12.8
53 	Chris Bosh 	C 	30 	MIA 	23 	23 	35.3 	7.8 	16.3 	.479 	1.5 	3.8 	.386 	6.3 	12.5 	.507 	4.4 	5.7 	.779 	1.2 	7.0 	8.2 	2.1 	1.1 	0.8 	2.2 	1.5 	21.6
54 	Avery Bradley 	SG 	24 	BOS 	24 	24 	30.4 	5.2 	12.3 	.424 	1.2 	4.2 	.290 	4.0 	8.1 	.492 	0.8 	0.9 	.818 	0.5 	2.1 	2.6 	1.3 	0.9 	0.3 	1.1 	2.1 	12.4
55 	Elton Brand 	PF 	35 	ATL 	7 	0 	13.4 	1.4 	2.6 	.556 	0.0 	0.0 		1.4 	2.6 	.556 	0.7 	1.4 	.500 	0.9 	2.3 	3.1 	0.7 	0.3 	0.4 	0.6 	1.1 	3.6
56 	Corey Brewer 	SF 	28 	MIN 	24 	16 	28.3 	3.9 	9.4 	.418 	0.3 	1.7 	.195 	3.6 	7.7 	.467 	2.3 	3.3 	.705 	1.3 	2.6 	3.9 	3.3 	2.3 	0.2 	2.1 	2.6 	10.5
57 	Aaron Brooks 	PG 	30 	CHI 	26 	1 	19.4 	3.9 	8.3 	.470 	1.4 	3.2 	.446 	2.5 	5.2 	.485 	1.6 	1.9 	.857 	0.4 	1.2 	1.6 	3.1 	0.5 	0.2 	2.2 	2.3 	10.9
58 	Markel Brown 	SG 	23 	BRK 	7 	0 	5.4 	0.6 	1.7 	.333 	0.1 	0.4 	.333 	0.4 	1.3 	.333 	0.6 	0.7 	.800 	0.0 	0.6 	0.6 	0.6 	0.0 	0.0 	0.7 	0.0 	1.9
59 	Shannon Brown 	SG 	29 	MIA 	5 	2 	17.8 	1.4 	3.8 	.368 	0.6 	1.4 	.429 	0.8 	2.4 	.333 	0.6 	0.8 	.750 	0.0 	0.2 	0.2 	0.6 	0.8 	0.0 	0.8 	1.6 	4.0
60 	Kobe Bryant 	SG 	36 	LAL 	27 	27 	35.4 	8.3 	22.4 	.372 	1.5 	5.4 	.274 	6.9 	17.0 	.403 	6.5 	8.0 	.810 	0.9 	4.3 	5.1 	4.9 	1.4 	0.1 	3.5 	2.1 	24.6
Rk 	Player 	Pos 	Age 	Tm 	G 	GS 	MP 	FG 	FGA 	FG% 	3P 	3PA 	3P 	2P 	2PA 	2P 	FT 	FTA 	FT% 	ORB 	DRB 	TRB 	AST 	STL 	BLK 	TOV 	PF 	PTS
61 	Chase Budinger 	SF 	26 	MIN 	22 	0 	13.3 	1.7 	4.6 	.366 	0.7 	1.7 	.395 	1.0 	2.9 	.349 	0.6 	0.7 	.867 	0.1 	2.1 	2.3 	0.6 	0.5 	0.1 	0.5 	0.5 	4.6
62 	Reggie Bullock 	SF 	23 	LAC 	14 	2 	9.8 	1.0 	2.3 	.438 	0.6 	1.6 	.409 	0.4 	0.7 	.500 	0.2 	0.2 	1.000 	0.0 	1.1 	1.1 	0.2 	0.2 	0.1 	0.2 	0.6 	2.9
63 	Trey Burke 	PG 	22 	UTA 	28 	28 	31.8 	4.3 	11.9 	.364 	1.4 	4.6 	.308 	2.9 	7.2 	.401 	1.2 	1.5 	.810 	0.5 	1.8 	2.3 	5.1 	0.9 	0.3 	1.9 	1.6 	11.3
64 	Alec Burks 	SG 	23 	UTA 	26 	26 	33.3 	4.4 	11.0 	.399 	0.9 	2.5 	.375 	3.5 	8.5 	.405 	3.8 	4.7 	.818 	0.7 	3.5 	4.3 	3.0 	0.7 	0.2 	2.0 	2.4 	13.5
65 	Caron Butler 	SF 	34 	DET 	28 	0 	23.9 	2.5 	6.0 	.408 	1.0 	3.0 	.341 	1.4 	3.0 	.476 	0.6 	0.7 	.895 	0.5 	2.8 	3.3 	0.8 	0.4 	0.1 	0.8 	1.8 	6.6
66 	Jimmy Butler 	SG 	25 	CHI 	24 	24 	39.9 	7.1 	14.5 	.489 	1.0 	2.9 	.333 	6.1 	11.6 	.527 	6.8 	8.2 	.822 	2.0 	4.0 	6.0 	3.3 	1.6 	0.4 	1.6 	1.9 	21.9
67 	Rasual Butler 	SF 	35 	WAS 	22 	0 	22.3 	4.2 	7.8 	.538 	1.8 	3.5 	.513 	2.4 	4.2 	.559 	0.9 	1.2 	.769 	0.5 	2.3 	2.8 	1.0 	0.6 	0.3 	0.6 	1.4 	11.1
68 	Bruno Caboclo 	SF 	19 	TOR 	3 	0 	5.0 	1.0 	3.0 	.333 	0.7 	1.0 	.667 	0.3 	2.0 	.167 	0.0 	0.0 		0.3 	0.3 	0.7 	0.0 	0.0 	0.3 	0.3 	0.3 	2.7
69 	Nick Calathes 	SG 	25 	MEM 	9 	0 	8.1 	0.8 	1.8 	.438 	0.0 	0.3 	.000 	0.8 	1.4 	.538 	0.2 	0.7 	.333 	0.3 	0.2 	0.6 	2.0 	0.3 	0.0 	0.7 	1.4 	1.8
70 	Jose Calderon 	PG 	33 	NYK 	17 	17 	30.6 	3.6 	8.2 	.446 	1.6 	3.6 	.459 	2.0 	4.6 	.436 	0.6 	0.6 	1.000 	0.6 	2.7 	3.4 	4.2 	0.8 	0.0 	1.5 	1.6 	9.6
71 	Kentavious Caldwell-Pope 	SG 	21 	DET 	28 	28 	32.4 	4.4 	11.5 	.384 	2.0 	5.6 	.363 	2.4 	5.9 	.404 	1.6 	2.3 	.692 	0.8 	2.6 	3.3 	1.0 	1.0 	0.1 	1.1 	2.4 	12.5
72 	Isaiah Canaan 	PG 	23 	HOU 	16 	9 	20.3 	3.1 	7.0 	.438 	1.8 	4.2 	.418 	1.3 	2.8 	.467 	0.8 	1.0 	.750 	0.6 	1.1 	1.6 	1.6 	0.9 	0.0 	1.3 	1.6 	8.6
73 	Clint Capela 	C 	20 	HOU 	4 	0 	3.0 	0.0 	1.8 	.000 	0.0 	0.0 		0.0 	1.8 	.000 	0.0 	1.5 	.000 	0.8 	0.8 	1.5 	0.3 	0.3 	0.3 	0.8 	0.5 	0.0
74 	DeMarre Carroll 	SF 	28 	ATL 	22 	22 	31.5 	4.0 	9.0 	.444 	1.6 	4.1 	.400 	2.4 	4.9 	.481 	1.9 	2.5 	.750 	1.4 	3.9 	5.3 	1.5 	1.2 	0.2 	0.9 	2.7 	11.5
75 	Vince Carter 	SG 	38 	MEM 	25 	0 	16.7 	2.5 	6.9 	.364 	1.2 	3.8 	.326 	1.3 	3.1 	.410 	0.4 	0.6 	.733 	0.4 	1.6 	2.0 	1.2 	0.7 	0.1 	0.7 	1.4 	6.7
76 	Michael Carter-Williams 	PG 	23 	PHI 	19 	16 	33.9 	5.9 	14.9 	.396 	0.7 	3.0 	.246 	5.2 	11.9 	.434 	3.2 	4.9 	.638 	1.2 	5.8 	7.0 	7.7 	1.1 	0.4 	4.8 	3.1 	15.7
77 	Omri Casspi 	SF 	26 	SAC 	20 	2 	18.6 	2.8 	5.1 	.539 	0.1 	0.7 	.143 	2.7 	4.4 	.602 	2.6 	3.1 	.852 	0.7 	2.7 	3.4 	1.4 	0.3 	0.2 	1.2 	1.7 	8.2
78 	Mario Chalmers 	PG 	28 	MIA 	28 	10 	30.5 	4.0 	9.3 	.425 	1.0 	3.3 	.293 	3.0 	6.0 	.497 	3.6 	4.6 	.775 	0.3 	2.4 	2.7 	4.4 	1.8 	0.1 	2.5 	3.3 	12.5
79 	Tyson Chandler 	C 	32 	DAL 	28 	28 	29.9 	4.1 	6.1 	.676 	0.0 	0.0 		4.1 	6.1 	.676 	2.4 	3.4 	.723 	4.2 	7.4 	11.6 	1.3 	0.6 	1.4 	1.4 	2.2 	10.6
80 	Wilson Chandler 	SF 	27 	DEN 	27 	25 	30.9 	5.4 	12.7 	.429 	2.3 	6.1 	.378 	3.1 	6.6 	.475 	1.3 	1.5 	.829 	1.2 	4.9 	6.1 	1.3 	0.7 	0.4 	1.7 	3.3 	14.4
Rk 	Player 	Pos 	Age 	Tm 	G 	GS 	MP 	FG 	FGA 	FG% 	3P 	3PA 	3P 	2P 	2PA 	2P 	FT 	FTA 	FT% 	ORB 	DRB 	TRB 	AST 	STL 	BLK 	TOV 	PF 	PTS
81 	Will Cherry 	PG 	23 	CLE 	8 	0 	8.6 	0.6 	2.4 	.263 	0.3 	1.1 	.222 	0.4 	1.3 	.300 	0.4 	0.8 	.500 	0.1 	0.5 	0.6 	1.0 	0.8 	0.1 	0.5 	1.3 	1.9
82 	Ian Clark 	SG 	23 	UTA 	10 	0 	5.3 	0.6 	1.5 	.400 	0.3 	0.7 	.429 	0.3 	0.8 	.375 	0.1 	0.1 	1.000 	0.0 	0.3 	0.3 	0.2 	0.3 	0.1 	0.2 	0.4 	1.6
83 	Jordan Clarkson 	PG 	22 	LAL 	13 	0 	10.7 	1.3 	3.4 	.386 	0.4 	0.8 	.500 	0.9 	2.6 	.353 	1.5 	1.9 	.760 	0.5 	0.8 	1.2 	0.8 	0.5 	0.1 	0.5 	0.8 	4.5
84 	Norris Cole 	PG 	26 	MIA 	24 	23 	26.1 	2.8 	7.3 	.391 	0.6 	2.5 	.250 	2.2 	4.8 	.465 	0.8 	1.1 	.692 	0.3 	2.2 	2.4 	3.4 	1.1 	0.1 	1.0 	1.5 	7.0
85 	Darren Collison 	PG 	27 	SAC 	24 	24 	35.0 	5.4 	12.3 	.439 	1.0 	3.0 	.315 	4.4 	9.2 	.480 	4.0 	5.2 	.768 	0.4 	3.0 	3.4 	6.0 	1.7 	0.4 	2.3 	2.0 	15.7
86 	Nick Collison 	PF 	34 	OKC 	26 	0 	17.4 	1.5 	4.0 	.365 	0.4 	1.6 	.262 	1.0 	2.4 	.435 	0.6 	1.0 	.593 	1.2 	2.3 	3.5 	1.4 	0.5 	0.4 	0.8 	2.7 	4.0
87 	Mike Conley 	PG 	27 	MEM 	27 	27 	33.2 	6.1 	13.6 	.454 	1.4 	3.6 	.388 	4.7 	9.9 	.478 	3.8 	4.4 	.858 	0.4 	2.6 	3.0 	6.1 	1.2 	0.1 	2.2 	2.0 	17.5
88 	Chris Copeland 	SF 	30 	IND 	26 	12 	23.3 	3.4 	9.2 	.370 	1.7 	4.9 	.336 	1.7 	4.2 	.409 	1.1 	1.5 	.744 	0.7 	2.3 	3.0 	1.3 	0.3 	0.2 	1.8 	2.0 	9.5
89 	DeMarcus Cousins 	C 	24 	SAC 	17 	17 	32.4 	8.4 	16.3 	.516 	0.0 	0.0 		8.4 	16.3 	.516 	7.2 	8.9 	.803 	3.1 	9.5 	12.6 	2.5 	1.2 	1.5 	3.7 	4.5 	24.0
90 	Robert Covington 	SF 	24 	PHI 	17 	5 	22.6 	3.6 	8.6 	.415 	2.2 	4.7 	.463 	1.4 	3.9 	.358 	2.4 	2.7 	.891 	0.8 	3.1 	3.9 	0.9 	0.9 	0.4 	1.2 	2.1 	11.8
91 	Allen Crabbe 	SG 	22 	POR 	23 	5 	15.1 	1.5 	3.2 	.459 	0.8 	2.0 	.400 	0.7 	1.3 	.552 	0.3 	0.4 	.889 	0.2 	1.1 	1.3 	1.0 	0.4 	0.3 	0.4 	1.5 	4.1
92 	Jamal Crawford 	SG 	34 	LAC 	26 	2 	26.5 	5.2 	12.2 	.424 	2.0 	5.5 	.354 	3.2 	6.6 	.483 	3.7 	4.2 	.898 	0.1 	1.4 	1.5 	2.9 	1.1 	0.1 	1.6 	1.9 	16.0
93 	Jae Crowder 	SF 	24 	TOT 	26 	0 	10.5 	1.3 	3.0 	.423 	0.5 	1.5 	.333 	0.8 	1.5 	.513 	0.4 	0.4 	.909 	0.5 	0.7 	1.2 	0.5 	0.6 	0.2 	0.4 	1.0 	3.4
93 	Jae Crowder 	SF 	24 	DAL 	25 	0 	10.6 	1.3 	3.0 	.434 	0.5 	1.5 	.342 	0.8 	1.5 	.526 	0.4 	0.4 	.909 	0.5 	0.7 	1.2 	0.5 	0.6 	0.2 	0.4 	1.0 	3.6
93 	Jae Crowder 	F 	24 	BOS 	1 	0 	7.0 	0.0 	2.0 	.000 	0.0 	1.0 	.000 	0.0 	1.0 	.000 	0.0 	0.0 		2.0 	0.0 	2.0 	1.0 	0.0 	0.0 	0.0 	1.0 	0.0
94 	Dante Cunningham 	F 	27 	NOP 	11 	0 	24.1 	2.7 	4.9 	.556 	0.1 	0.2 	.500 	2.6 	4.7 	.558 	0.6 	0.9 	.700 	1.1 	2.5 	3.6 	0.5 	0.5 	0.4 	0.7 	1.7 	6.2
95 	Jared Cunningham 	SG 	23 	LAC 	15 	0 	5.1 	0.5 	1.7 	.269 	0.1 	0.7 	.182 	0.3 	1.0 	.333 	0.5 	0.9 	.538 	0.1 	0.4 	0.5 	0.7 	0.1 	0.0 	0.4 	0.8 	1.5
96 	Stephen Curry 	PG 	26 	GSW 	25 	25 	34.0 	8.4 	17.4 	.485 	3.1 	7.9 	.391 	5.4 	9.5 	.563 	4.0 	4.3 	.925 	0.7 	4.6 	5.3 	7.6 	2.0 	0.2 	3.3 	2.2 	23.9
97 	Samuel Dalembert 	C 	33 	NYK 	30 	20 	17.1 	1.7 	3.9 	.432 	0.0 	0.0 		1.7 	3.9 	.432 	0.4 	0.5 	.813 	1.7 	3.7 	5.3 	1.0 	0.5 	1.2 	1.2 	2.1 	3.8
98 	Troy Daniels 	SG 	23 	TOT 	18 	0 	6.0 	0.8 	2.7 	.313 	0.7 	2.4 	.302 	0.1 	0.3 	.400 	0.2 	0.2 	.750 	0.0 	0.4 	0.4 	0.2 	0.0 	0.0 	0.3 	0.8 	2.6
98 	Troy Daniels 	SG 	23 	HOU 	17 	0 	6.4 	0.9 	2.8 	.319 	0.8 	2.5 	.302 	0.1 	0.2 	.500 	0.2 	0.2 	.750 	0.0 	0.4 	0.4 	0.2 	0.0 	0.0 	0.3 	0.8 	2.7
98 	Troy Daniels 	G 	23 	MIN 	1 	0 	0.0 	0.0 	1.0 	.000 	0.0 	0.0 		0.0 	1.0 	.000 	0.0 	0.0 		0.0 	1.0 	1.0 	0.0 	0.0 	0.0 	0.0 	1.0 	0.0
99 	Luigi Datome 	F 	27 	DET 	1 	0 	12.0 	3.0 	8.0 	.375 	1.0 	3.0 	.333 	2.0 	5.0 	.400 	0.0 	0.0 		0.0 	1.0 	1.0 	1.0 	1.0 	0.0 	1.0 	1.0 	7.0
100 	Brandon Davies 	PF 	23 	TOT 	24 	6 	17.3 	2.3 	5.5 	.412 	0.3 	1.4 	.242 	1.9 	4.1 	.469 	1.0 	1.5 	.649 	1.5 	1.9 	3.4 	1.2 	0.8 	0.3 	1.2 	2.4 	5.8
100 	Brandon Davies 	PF 	23 	PHI 	20 	6 	19.0 	2.5 	6.0 	.412 	0.4 	1.5 	.233 	2.1 	4.5 	.472 	1.1 	1.7 	.636 	1.8 	1.9 	3.7 	1.4 	0.9 	0.2 	1.3 	2.7 	6.3
100 	Brandon Davies 	F 	23 	BRK 	4 	0 	9.0 	1.3 	3.0 	.417 	0.3 	0.8 	.333 	1.0 	2.3 	.444 	0.8 	1.0 	.750 	0.5 	1.8 	2.3 	0.3 	0.3 	0.8 	1.0 	1.0 	3.5
Rk 	Player 	Pos 	Age 	Tm 	G 	GS 	MP 	FG 	FGA 	FG% 	3P 	3PA 	3P 	2P 	2PA 	2P 	FT 	FTA 	FT% 	ORB 	DRB 	TRB 	AST 	STL 	BLK 	TOV 	PF 	PTS
101 	Anthony Davis 	PF 	21 	NOP 	26 	26 	35.0 	9.6 	16.6 	.579 	0.0 	0.3 	.000 	9.6 	16.3 	.588 	5.4 	6.9 	.783 	2.8 	7.4 	10.2 	1.6 	1.8 	2.9 	1.3 	2.0 	24.7
102 	Ed Davis 	PF 	25 	LAL 	27 	8 	22.7 	3.1 	4.9 	.632 	0.0 	0.0 		3.1 	4.9 	.632 	0.9 	2.1 	.446 	2.7 	4.2 	6.9 	0.9 	0.6 	1.1 	0.6 	2.8 	7.1
103 	Glen Davis 	PF 	29 	LAC 	22 	0 	10.9 	1.5 	2.8 	.525 	0.0 	0.0 		1.5 	2.8 	.525 	0.6 	1.0 	.591 	0.3 	1.5 	1.8 	0.5 	0.7 	0.1 	0.4 	1.5 	3.5
104 	Andre Dawkins 	SG 	23 	MIA 	3 	0 	4.3 	0.3 	1.0 	.333 	0.3 	1.0 	.333 	0.0 	0.0 		0.0 	0.0 		0.0 	0.3 	0.3 	0.0 	0.0 	0.0 	0.3 	0.7 	1.0
105 	Austin Daye 	SF 	26 	SAS 	19 	1 	11.2 	1.5 	4.7 	.315 	0.7 	2.3 	.326 	0.7 	2.4 	.304 	0.1 	0.1 	1.000 	0.2 	2.3 	2.5 	0.4 	0.4 	0.2 	0.9 	1.3 	3.8
106 	Dewayne Dedmon 	C 	25 	ORL 	20 	0 	11.4 	1.3 	2.5 	.500 	0.0 	0.0 		1.3 	2.5 	.500 	0.5 	0.8 	.563 	1.8 	2.3 	4.1 	0.2 	0.3 	0.9 	0.8 	1.6 	3.0
107 	Matthew Dellavedova 	SG 	24 	CLE 	11 	1 	19.5 	1.4 	3.9 	.349 	0.9 	2.6 	.345 	0.5 	1.3 	.357 	0.0 	0.0 		0.7 	1.4 	2.1 	2.6 	0.3 	0.2 	0.9 	2.4 	3.6
108 	Luol Deng 	SF 	29 	MIA 	26 	26 	32.0 	5.3 	10.7 	.500 	1.1 	2.9 	.387 	4.2 	7.8 	.542 	2.7 	3.8 	.717 	1.4 	3.5 	4.8 	1.5 	1.2 	0.3 	1.2 	1.6 	14.5
109 	DeMar DeRozan 	SG 	25 	TOR 	16 	16 	33.6 	6.4 	16.2 	.394 	0.3 	1.0 	.250 	6.1 	15.2 	.403 	6.4 	7.8 	.823 	0.7 	3.5 	4.2 	2.6 	1.4 	0.1 	2.0 	1.8 	19.4
110 	Boris Diaw 	PF 	32 	SAS 	28 	12 	27.8 	3.3 	7.6 	.437 	0.7 	2.5 	.290 	2.6 	5.1 	.507 	1.3 	1.5 	.814 	1.2 	3.8 	5.0 	3.6 	0.6 	0.4 	1.7 	2.1 	8.6
111 	Gorgui Dieng 	C 	25 	MIN 	26 	18 	27.7 	3.2 	6.2 	.506 	0.0 	0.0 	.000 	3.2 	6.2 	.509 	2.5 	3.2 	.780 	3.3 	4.6 	7.9 	2.0 	1.0 	1.4 	1.3 	2.7 	8.8
112 	Spencer Dinwiddie 	PG 	21 	DET 	7 	0 	12.4 	1.1 	4.0 	.286 	0.4 	2.3 	.188 	0.7 	1.7 	.417 	0.4 	0.4 	1.000 	0.0 	0.7 	0.7 	2.3 	0.3 	0.0 	0.4 	1.0 	3.1
113 	Joey Dorsey 	PF 	31 	HOU 	20 	0 	11.0 	0.7 	1.6 	.438 	0.0 	0.0 		0.7 	1.6 	.438 	0.2 	1.0 	.211 	1.3 	2.3 	3.6 	0.3 	0.5 	0.7 	0.7 	2.2 	1.6
114 	Chris Douglas-Roberts 	SG 	28 	LAC 	8 	0 	11.9 	0.6 	2.6 	.238 	0.1 	0.9 	.143 	0.5 	1.8 	.286 	1.0 	1.0 	1.000 	0.1 	1.4 	1.5 	0.3 	0.1 	0.0 	0.0 	1.8 	2.4
115 	Goran Dragic 	SG 	28 	PHO 	27 	27 	32.3 	6.3 	12.7 	.493 	1.3 	3.7 	.347 	5.0 	9.0 	.554 	2.2 	2.6 	.843 	0.8 	2.6 	3.4 	4.1 	1.0 	0.1 	2.2 	1.9 	16.0
116 	Zoran Dragic 	SG 	25 	PHO 	1 	0 	2.0 	0.0 	1.0 	.000 	0.0 	1.0 	.000 	0.0 	0.0 		0.0 	0.0 		0.0 	0.0 	0.0 	0.0 	0.0 	0.0 	0.0 	0.0 	0.0
117 	Andre Drummond 	C 	21 	DET 	28 	28 	29.9 	5.3 	11.0 	.482 	0.0 	0.0 	.000 	5.3 	11.0 	.484 	1.7 	3.8 	.453 	4.8 	7.8 	12.6 	0.4 	0.9 	1.8 	1.5 	3.6 	12.4
118 	Jared Dudley 	SG 	29 	MIL 	28 	10 	20.5 	2.3 	5.0 	.464 	0.9 	2.3 	.397 	1.4 	2.8 	.519 	0.5 	0.6 	.722 	0.5 	1.9 	2.4 	1.6 	0.7 	0.1 	0.5 	1.3 	6.0
119 	Tim Duncan 	PF 	38 	SAS 	23 	23 	32.1 	5.9 	12.5 	.472 	0.0 	0.0 	.000 	5.9 	12.5 	.474 	4.0 	5.6 	.711 	3.1 	7.9 	11.0 	3.1 	1.0 	2.3 	2.1 	2.3 	15.8
120 	Mike Dunleavy 	SF 	34 	CHI 	26 	26 	30.8 	3.5 	7.9 	.449 	1.8 	4.7 	.397 	1.7 	3.2 	.524 	1.3 	1.8 	.761 	0.4 	3.5 	3.8 	1.8 	0.6 	0.3 	0.8 	1.8 	10.3
Rk 	Player 	Pos 	Age 	Tm 	G 	GS 	MP 	FG 	FGA 	FG% 	3P 	3PA 	3P 	2P 	2PA 	2P 	FT 	FTA 	FT% 	ORB 	DRB 	TRB 	AST 	STL 	BLK 	TOV 	PF 	PTS
121 	Kevin Durant 	F 	26 	OKC 	9 	9 	28.2 	7.8 	14.7 	.530 	1.7 	4.1 	.405 	6.1 	10.6 	.579 	5.2 	6.0 	.870 	0.1 	4.9 	5.0 	3.6 	0.8 	0.9 	3.3 	1.3 	22.4
122 	Cleanthony Early 	SF 	23 	NYK 	7 	0 	7.7 	1.0 	2.9 	.350 	0.6 	1.4 	.400 	0.4 	1.4 	.300 	0.1 	0.1 	1.000 	0.1 	0.9 	1.0 	0.6 	0.1 	0.1 	0.3 	0.9 	2.7
123 	Wayne Ellington 	SG 	27 	LAL 	20 	0 	16.7 	2.6 	5.5 	.468 	1.0 	2.5 	.408 	1.6 	3.0 	.517 	0.3 	0.5 	.600 	0.4 	2.1 	2.5 	0.9 	0.4 	0.1 	0.2 	0.9 	6.4
124 	Monta Ellis 	SG 	29 	DAL 	28 	28 	34.0 	8.4 	17.7 	.474 	1.2 	3.5 	.337 	7.2 	14.2 	.508 	3.3 	4.3 	.767 	0.5 	1.8 	2.4 	4.6 	1.6 	0.3 	2.5 	2.5 	21.3
125 	James Ennis 	SF 	24 	MIA 	27 	1 	13.9 	1.2 	2.9 	.423 	0.3 	0.9 	.360 	0.9 	2.0 	.453 	1.2 	1.3 	.889 	0.7 	1.6 	2.3 	0.6 	0.5 	0.3 	0.2 	1.3 	4.0
126 	Tyler Ennis 	PG 	20 	PHO 	6 	0 	8.5 	1.5 	3.0 	.500 	0.3 	1.0 	.333 	1.2 	2.0 	.583 	0.3 	0.3 	1.000 	0.2 	1.0 	1.2 	1.7 	0.0 	0.3 	1.3 	0.3 	3.7
127 	Jeremy Evans 	SF 	27 	UTA 	9 	0 	3.4 	0.3 	0.9 	.375 	0.0 	0.1 	.000 	0.3 	0.8 	.429 	0.1 	0.1 	1.000 	0.3 	0.4 	0.8 	0.1 	0.0 	0.2 	0.1 	0.4 	0.8
128 	Reggie Evans 	PF 	34 	SAC 	19 	4 	18.7 	1.4 	3.2 	.450 	0.0 	0.1 	.000 	1.4 	3.1 	.458 	1.4 	2.5 	.563 	2.4 	4.7 	7.1 	0.6 	0.4 	0.2 	1.0 	2.4 	4.3
129 	Tyreke Evans 	SF 	25 	NOP 	26 	26 	34.1 	6.6 	15.6 	.424 	0.8 	2.6 	.313 	5.8 	13.0 	.445 	2.3 	3.6 	.649 	1.2 	4.0 	5.2 	5.7 	1.3 	0.4 	2.9 	2.6 	16.4
130 	Dante Exum 	PG 	19 	UTA 	28 	0 	17.9 	1.8 	4.3 	.408 	0.8 	2.4 	.348 	0.9 	1.9 	.481 	0.5 	0.8 	.609 	0.1 	1.3 	1.4 	2.0 	0.4 	0.2 	1.2 	1.7 	4.8
131 	Festus Ezeli 	C 	25 	GSW 	19 	5 	11.3 	1.3 	2.4 	.556 	0.0 	0.0 		1.3 	2.4 	.556 	0.8 	1.4 	.593 	1.0 	1.9 	2.9 	0.2 	0.2 	0.8 	1.0 	2.3 	3.5
132 	Kenneth Faried 	PF 	25 	DEN 	24 	22 	25.6 	4.3 	8.8 	.493 	0.0 	0.0 	1.000 	4.3 	8.8 	.490 	2.1 	3.1 	.676 	2.5 	4.2 	6.8 	1.2 	0.6 	0.5 	1.6 	2.5 	10.8
133 	Jordan Farmar 	PG 	28 	LAC 	25 	0 	14.6 	1.7 	4.4 	.385 	1.0 	2.6 	.369 	0.7 	1.8 	.409 	0.2 	0.2 	.833 	0.2 	0.8 	1.0 	1.8 	0.5 	0.1 	1.1 	1.4 	4.5
134 	Derrick Favors 	PF 	23 	UTA 	25 	25 	30.1 	6.5 	11.6 	.562 	0.0 	0.0 		6.5 	11.6 	.562 	2.6 	3.8 	.677 	2.9 	5.2 	8.1 	1.5 	0.6 	1.5 	1.3 	2.7 	15.6
135 	Landry Fields 	SF 	26 	TOR 	12 	6 	12.3 	1.3 	2.3 	.593 	0.1 	0.2 	.500 	1.3 	2.1 	.600 	0.4 	0.5 	.833 	0.5 	0.8 	1.3 	0.8 	0.6 	0.0 	0.5 	0.6 	3.2
136 	Evan Fournier 	SG 	22 	ORL 	29 	28 	33.0 	5.3 	11.9 	.448 	1.8 	4.4 	.402 	3.6 	7.5 	.475 	2.3 	3.2 	.702 	0.6 	2.2 	2.8 	2.4 	0.6 	0.0 	1.7 	2.2 	14.7
137 	Randy Foye 	SG 	31 	DEN 	11 	0 	19.0 	2.7 	7.3 	.375 	1.5 	4.5 	.347 	1.2 	2.8 	.419 	1.4 	1.7 	.789 	0.1 	1.3 	1.4 	2.0 	0.5 	0.1 	0.9 	2.0 	8.4
138 	Jimmer Fredette 	PG 	25 	NOP 	17 	0 	9.0 	0.7 	2.6 	.267 	0.1 	0.7 	.083 	0.6 	1.9 	.333 	0.3 	0.3 	1.000 	0.0 	0.4 	0.4 	0.8 	0.4 	0.0 	0.2 	0.9 	1.8
139 	Joel Freeland 	C 	27 	POR 	25 	2 	11.0 	1.4 	2.7 	.507 	0.0 	0.0 		1.4 	2.7 	.507 	0.4 	0.5 	.769 	1.5 	1.9 	3.4 	0.3 	0.1 	0.2 	0.6 	1.9 	3.1
140 	Channing Frye 	PF 	31 	ORL 	29 	28 	31.8 	2.9 	7.0 	.412 	2.0 	4.8 	.417 	0.9 	2.2 	.400 	0.4 	0.5 	.786 	0.4 	4.8 	5.2 	1.3 	0.7 	0.7 	1.2 	3.0 	8.2
Rk 	Player 	Pos 	Age 	Tm 	G 	GS 	MP 	FG 	FGA 	FG% 	3P 	3PA 	3P 	2P 	2PA 	2P 	FT 	FTA 	FT% 	ORB 	DRB 	TRB 	AST 	STL 	BLK 	TOV 	PF 	PTS
141 	Danilo Gallinari 	SF 	26 	DEN 	24 	2 	18.8 	2.3 	6.3 	.360 	1.1 	3.6 	.314 	1.1 	2.7 	.422 	2.1 	2.4 	.879 	0.5 	2.5 	3.0 	1.1 	0.5 	0.3 	0.7 	1.2 	7.8
142 	Francisco Garcia 	SF 	33 	HOU 	14 	0 	14.3 	1.2 	4.5 	.270 	0.7 	3.2 	.222 	0.5 	1.3 	.389 	0.1 	0.3 	.250 	0.2 	1.0 	1.2 	1.1 	0.6 	0.4 	0.7 	1.4 	3.2
143 	Kevin Garnett 	PF 	38 	BRK 	22 	22 	23.6 	3.3 	7.5 	.442 	0.0 	0.1 	.000 	3.3 	7.4 	.451 	1.2 	1.4 	.839 	1.3 	7.0 	8.3 	2.0 	0.8 	0.2 	1.3 	2.4 	7.8
144 	Marc Gasol 	C 	30 	MEM 	27 	27 	34.8 	7.1 	14.2 	.503 	0.0 	0.2 	.200 	7.1 	14.0 	.507 	5.4 	6.5 	.824 	1.7 	6.3 	8.0 	3.7 	1.0 	1.6 	2.5 	2.6 	19.7
145 	Pau Gasol 	PF 	34 	CHI 	23 	23 	35.8 	7.3 	15.4 	.476 	0.0 	0.1 	.000 	7.3 	15.3 	.480 	3.5 	4.5 	.777 	2.5 	9.1 	11.7 	2.3 	0.5 	2.0 	2.2 	1.8 	18.2
146 	Rudy Gay 	SF 	28 	SAC 	25 	25 	36.4 	7.4 	16.6 	.447 	1.1 	2.8 	.394 	6.3 	13.7 	.458 	5.3 	6.2 	.853 	1.3 	5.0 	6.3 	4.7 	1.1 	0.5 	2.8 	2.4 	21.2
147 	Alonzo Gee 	SF 	27 	DEN 	21 	0 	12.7 	1.9 	4.0 	.464 	0.1 	0.4 	.250 	1.8 	3.6 	.487 	1.1 	1.7 	.657 	1.0 	1.0 	2.0 	0.5 	0.7 	0.2 	0.8 	1.0 	4.9
148 	Taj Gibson 	PF 	29 	CHI 	17 	9 	30.6 	5.1 	9.6 	.530 	0.0 	0.0 		5.1 	9.6 	.530 	2.4 	3.3 	.714 	2.9 	4.4 	7.2 	1.5 	0.6 	1.4 	1.5 	3.2 	12.6
149 	Manu Ginobili 	SG 	37 	SAS 	23 	0 	25.4 	4.1 	10.5 	.393 	1.5 	4.2 	.351 	2.7 	6.3 	.421 	2.9 	3.9 	.742 	0.4 	2.4 	2.8 	4.7 	0.8 	0.1 	2.3 	1.9 	12.6
150 	Rudy Gobert 	C 	22 	UTA 	28 	2 	18.1 	2.2 	3.5 	.639 	0.0 	0.0 	.000 	2.2 	3.4 	.646 	1.4 	2.1 	.672 	2.3 	3.6 	5.9 	0.8 	0.5 	1.8 	0.9 	1.9 	5.8
151 	Drew Gooden 	PF 	33 	WAS 	16 	1 	14.8 	2.0 	4.7 	.427 	0.4 	1.1 	.389 	1.6 	3.6 	.439 	0.4 	0.8 	.583 	1.1 	1.9 	3.0 	0.8 	0.4 	0.2 	0.6 	1.9 	4.9
152 	Archie Goodwin 	SG 	20 	PHO 	10 	0 	8.2 	1.1 	3.6 	.306 	0.2 	0.7 	.286 	0.9 	2.9 	.310 	1.1 	1.6 	.688 	0.4 	1.1 	1.5 	0.6 	0.2 	0.1 	0.2 	0.7 	3.5
153 	Aaron Gordon 	PF 	19 	ORL 	11 	0 	15.0 	2.3 	3.9 	.581 	0.4 	0.7 	.500 	1.9 	3.2 	.600 	0.9 	1.4 	.667 	0.7 	2.3 	3.0 	0.6 	0.3 	0.5 	1.0 	1.4 	5.8
154 	Ben Gordon 	SG 	31 	ORL 	27 	0 	15.6 	2.7 	5.8 	.459 	0.7 	1.7 	.383 	2.0 	4.1 	.491 	1.2 	1.4 	.846 	0.1 	1.0 	1.1 	1.0 	0.2 	0.0 	1.0 	1.0 	7.2
155 	Drew Gordon 	C 	24 	PHI 	9 	0 	7.9 	0.9 	2.1 	.421 	0.0 	0.3 	.000 	0.9 	1.8 	.500 	0.1 	0.2 	.500 	0.8 	1.2 	2.0 	0.2 	0.1 	0.0 	0.9 	0.8 	1.9
156 	Eric Gordon 	SG 	26 	NOP 	12 	12 	31.0 	3.6 	9.0 	.398 	1.2 	3.4 	.341 	2.4 	5.6 	.433 	1.2 	1.7 	.700 	0.4 	1.9 	2.3 	2.0 	1.2 	0.3 	1.4 	2.6 	9.5
157 	Marcin Gortat 	C 	30 	WAS 	26 	26 	29.5 	5.5 	10.2 	.541 	0.0 	0.0 		5.5 	10.2 	.541 	2.0 	2.5 	.773 	2.2 	6.0 	8.2 	1.3 	0.6 	1.4 	1.3 	2.2 	13.0
158 	Danny Granger 	SF 	31 	MIA 	8 	2 	16.9 	1.4 	4.6 	.297 	0.8 	2.9 	.261 	0.6 	1.8 	.357 	0.9 	1.4 	.636 	1.0 	0.8 	1.8 	0.1 	0.5 	0.5 	0.5 	2.8 	4.4
159 	Jerami Grant 	SF 	20 	PHI 	11 	0 	11.0 	1.1 	3.6 	.300 	0.0 	0.8 	.000 	1.1 	2.8 	.387 	0.6 	1.3 	.500 	0.6 	1.4 	2.0 	0.3 	0.5 	0.5 	0.2 	1.1 	2.8
160 	Danny Green 	SG 	27 	SAS 	27 	26 	31.1 	4.6 	9.9 	.461 	2.6 	6.0 	.435 	2.0 	3.9 	.500 	1.0 	1.0 	.964 	0.7 	3.7 	4.4 	1.8 	1.4 	1.3 	1.3 	2.1 	12.7
Rk 	Player 	Pos 	Age 	Tm 	G 	GS 	MP 	FG 	FGA 	FG% 	3P 	3PA 	3P 	2P 	2PA 	2P 	FT 	FTA 	FT% 	ORB 	DRB 	TRB 	AST 	STL 	BLK 	TOV 	PF 	PTS
161 	Draymond Green 	SF 	24 	GSW 	25 	25 	33.8 	4.7 	10.4 	.452 	1.6 	4.6 	.345 	3.1 	5.8 	.538 	2.1 	2.8 	.743 	1.2 	6.9 	8.1 	3.3 	1.2 	1.3 	2.2 	3.3 	13.1
162 	Erick Green 	PG 	23 	DEN 	7 	0 	8.6 	2.0 	3.9 	.519 	0.3 	1.0 	.286 	1.7 	2.9 	.600 	0.1 	0.3 	.500 	0.0 	0.4 	0.4 	1.0 	0.1 	0.0 	0.6 	0.9 	4.4
163 	Gerald Green 	SG 	29 	PHO 	29 	2 	22.6 	5.0 	11.7 	.424 	2.2 	6.1 	.369 	2.7 	5.7 	.482 	1.8 	2.1 	.867 	0.6 	2.5 	3.0 	1.3 	0.9 	0.2 	1.7 	2.3 	14.0
164 	Jeff Green 	SF 	28 	BOS 	25 	25 	34.0 	6.7 	14.8 	.450 	1.7 	5.0 	.333 	5.0 	9.8 	.510 	4.2 	5.0 	.840 	0.8 	3.7 	4.5 	1.6 	0.9 	0.4 	1.9 	2.0 	19.2
165 	Willie Green 	SG 	33 	ORL 	21 	2 	15.6 	1.6 	5.2 	.303 	0.3 	1.6 	.206 	1.2 	3.6 	.347 	0.4 	0.5 	.818 	0.3 	1.0 	1.3 	0.8 	0.2 	0.0 	0.3 	1.4 	3.9
166 	Blake Griffin 	PF 	25 	LAC 	27 	27 	35.0 	8.9 	18.0 	.491 	0.3 	0.5 	.538 	8.6 	17.6 	.489 	5.2 	7.1 	.731 	2.3 	5.5 	7.8 	4.4 	0.7 	0.3 	2.3 	3.0 	23.2
167 	Jorge Gutierrez 	PG 	26 	BRK 	10 	0 	4.4 	0.7 	1.4 	.500 	0.0 	0.1 	.000 	0.7 	1.3 	.538 	0.2 	0.3 	.667 	0.0 	0.7 	0.7 	0.7 	0.1 	0.0 	0.3 	0.9 	1.6
168 	P.J. Hairston 	SG 	22 	CHO 	16 	2 	14.9 	1.8 	5.9 	.295 	1.2 	4.1 	.292 	0.6 	1.9 	.300 	0.9 	0.9 	.933 	0.5 	1.4 	1.9 	0.7 	0.5 	0.4 	0.5 	1.6 	5.6
169 	Justin Hamilton 	C 	24 	MIA 	17 	5 	14.5 	1.3 	3.1 	.415 	0.2 	0.9 	.267 	1.1 	2.2 	.474 	0.2 	0.3 	.800 	1.1 	1.2 	2.3 	0.4 	0.4 	0.2 	0.4 	1.8 	3.1
170 	Tyler Hansbrough 	PF 	29 	TOR 	22 	1 	14.5 	0.8 	2.0 	.395 	0.0 	0.1 	.000 	0.8 	1.8 	.425 	1.1 	1.7 	.649 	1.5 	1.8 	3.3 	0.4 	0.4 	0.1 	0.2 	2.2 	2.6
171 	Tim Hardaway 	SG 	22 	NYK 	30 	9 	21.3 	3.7 	9.5 	.394 	1.5 	4.4 	.333 	2.3 	5.1 	.447 	1.8 	2.0 	.898 	0.2 	1.5 	1.7 	1.5 	0.3 	0.1 	0.8 	1.4 	10.7
172 	James Harden 	SG 	25 	HOU 	26 	26 	37.8 	7.8 	18.7 	.415 	2.2 	6.8 	.326 	5.5 	11.9 	.466 	8.6 	9.7 	.885 	1.0 	5.3 	6.3 	7.0 	1.9 	1.0 	4.2 	2.9 	26.3
173 	Maurice Harkless 	SF 	21 	ORL 	16 	1 	16.3 	1.6 	3.5 	.446 	0.3 	1.4 	.182 	1.3 	2.1 	.618 	0.3 	0.4 	.714 	0.7 	1.9 	2.6 	0.9 	0.6 	0.1 	0.8 	2.0 	3.7
174 	Devin Harris 	PG 	31 	DAL 	26 	3 	24.5 	3.0 	7.0 	.429 	1.5 	3.6 	.404 	1.5 	3.4 	.455 	1.8 	2.2 	.807 	0.2 	1.8 	2.0 	4.0 	1.1 	0.2 	1.1 	2.0 	9.2
175 	Gary Harris 	SG 	20 	DEN 	12 	0 	13.9 	1.2 	4.7 	.250 	0.6 	2.3 	.250 	0.6 	2.3 	.250 	0.3 	0.6 	.571 	0.5 	0.9 	1.4 	0.8 	1.3 	0.1 	1.2 	1.3 	3.3
176 	Joe Harris 	SG 	23 	CLE 	22 	0 	10.6 	0.9 	2.3 	.400 	0.6 	1.7 	.378 	0.3 	0.6 	.462 	0.1 	0.3 	.500 	0.1 	0.9 	1.0 	0.6 	0.1 	0.0 	0.5 	1.3 	2.6
177 	Tobias Harris 	SF 	22 	ORL 	28 	28 	35.6 	7.0 	14.8 	.472 	1.1 	2.9 	.375 	5.9 	11.9 	.495 	3.6 	4.4 	.813 	1.3 	6.1 	7.4 	2.1 	1.0 	0.5 	2.0 	2.7 	18.6
178 	Udonis Haslem 	PF 	34 	MIA 	20 	2 	15.1 	1.6 	3.8 	.427 	0.0 	0.0 		1.6 	3.8 	.427 	0.9 	1.3 	.720 	1.2 	2.8 	4.0 	0.5 	0.3 	0.1 	0.6 	1.9 	4.1
179 	Spencer Hawes 	PF 	26 	LAC 	22 	0 	17.0 	2.3 	5.4 	.420 	0.8 	2.5 	.333 	1.5 	3.0 	.492 	1.0 	1.4 	.677 	0.4 	3.9 	4.3 	1.2 	0.3 	0.7 	0.7 	2.1 	6.3
180 	Chuck Hayes 	C 	31 	TOR 	14 	0 	10.1 	0.9 	1.8 	.520 	0.0 	0.0 		0.9 	1.8 	.520 	0.2 	0.5 	.429 	0.6 	1.4 	2.0 	0.9 	0.4 	0.1 	0.5 	1.4 	2.1
Rk 	Player 	Pos 	Age 	Tm 	G 	GS 	MP 	FG 	FGA 	FG% 	3P 	3PA 	3P 	2P 	2PA 	2P 	FT 	FTA 	FT% 	ORB 	DRB 	TRB 	AST 	STL 	BLK 	TOV 	PF 	PTS
181 	Gordon Hayward 	SF 	24 	UTA 	28 	28 	35.3 	6.3 	13.7 	.460 	1.6 	4.5 	.357 	4.7 	9.2 	.510 	4.8 	5.9 	.806 	0.5 	4.8 	5.3 	4.1 	1.4 	0.4 	2.6 	2.0 	18.9
182 	Brendan Haywood 	C 	35 	CLE 	5 	0 	5.0 	0.6 	1.6 	.375 	0.0 	0.0 		0.6 	1.6 	.375 	0.0 	0.0 		0.2 	1.2 	1.4 	0.0 	0.2 	0.8 	0.4 	1.4 	1.2
183 	Gerald Henderson 	SG 	27 	CHO 	25 	17 	24.2 	3.4 	7.0 	.477 	0.4 	1.4 	.306 	2.9 	5.6 	.521 	1.0 	1.2 	.862 	0.4 	1.8 	2.2 	1.5 	0.4 	0.3 	0.8 	1.6 	8.2
184 	Xavier Henry 	SF 	23 	LAL 	9 	0 	9.6 	0.3 	1.4 	.231 	0.0 	0.0 		0.3 	1.4 	.231 	1.6 	2.7 	.583 	0.2 	0.2 	0.4 	0.3 	0.3 	0.0 	0.3 	0.7 	2.2
185 	John Henson 	C 	24 	MIL 	14 	0 	12.2 	1.9 	3.3 	.565 	0.0 	0.0 		1.9 	3.3 	.565 	0.5 	0.7 	.700 	1.4 	1.4 	2.7 	0.5 	0.2 	1.1 	0.6 	1.3 	4.2
186 	Roy Hibbert 	C 	28 	IND 	24 	24 	26.8 	4.3 	9.7 	.438 	0.0 	0.0 	.000 	4.3 	9.7 	.440 	2.5 	3.0 	.808 	1.6 	5.5 	7.0 	1.5 	0.2 	2.0 	1.8 	2.8 	11.0
187 	J.J. Hickson 	C 	26 	DEN 	19 	5 	19.1 	2.9 	6.6 	.444 	0.0 	0.0 		2.9 	6.6 	.444 	1.8 	2.8 	.642 	1.8 	4.9 	6.8 	1.1 	0.3 	0.7 	1.2 	2.5 	7.7
188 	Nene Hilario 	PF 	32 	WAS 	19 	11 	24.6 	4.4 	9.1 	.488 	0.0 	0.1 	.000 	4.4 	9.0 	.491 	1.4 	2.6 	.531 	1.4 	3.9 	5.3 	1.9 	1.1 	0.5 	1.6 	2.6 	10.2
189 	Jordan Hill 	C 	27 	LAL 	27 	27 	29.9 	5.1 	10.6 	.483 	0.0 	0.0 	.000 	5.1 	10.6 	.484 	2.3 	2.9 	.805 	3.4 	4.9 	8.4 	1.4 	0.5 	0.9 	1.0 	2.6 	12.5
190 	Solomon Hill 	SF 	23 	IND 	28 	27 	32.1 	3.7 	9.4 	.393 	0.9 	3.0 	.301 	2.8 	6.4 	.436 	2.3 	3.0 	.774 	1.5 	3.5 	5.0 	2.3 	1.0 	0.3 	1.9 	2.3 	10.6
191 	Kirk Hinrich 	SG 	34 	CHI 	24 	11 	28.0 	2.7 	7.5 	.363 	1.2 	3.2 	.377 	1.5 	4.3 	.353 	1.2 	1.7 	.700 	0.2 	1.6 	1.8 	3.4 	1.0 	0.1 	1.5 	2.6 	7.8
192 	Jrue Holiday 	PG 	24 	NOP 	27 	27 	34.2 	6.2 	13.9 	.444 	1.2 	3.3 	.356 	5.0 	10.6 	.472 	1.8 	2.1 	.875 	0.9 	2.4 	3.3 	7.3 	1.5 	0.6 	2.2 	2.8 	15.4
193 	Justin Holiday 	SG 	25 	GSW 	11 	0 	5.1 	0.4 	1.5 	.250 	0.2 	0.6 	.286 	0.2 	0.8 	.222 	0.1 	0.2 	.500 	0.0 	0.3 	0.3 	0.3 	0.2 	0.1 	0.5 	0.6 	1.0
194 	Ryan Hollins 	C 	30 	SAC 	19 	6 	9.7 	0.9 	1.4 	.667 	0.0 	0.0 		0.9 	1.4 	.667 	0.8 	1.2 	.696 	0.8 	1.5 	2.4 	0.4 	0.1 	0.4 	0.6 	1.7 	2.7
195 	Rodney Hood 	SG 	22 	UTA 	18 	2 	16.7 	1.7 	5.0 	.333 	0.8 	2.8 	.300 	0.8 	2.2 	.375 	0.9 	1.2 	.773 	0.2 	1.7 	1.8 	0.9 	0.4 	0.2 	0.6 	2.2 	5.1
196 	Al Horford 	C 	28 	ATL 	26 	26 	29.8 	6.5 	12.0 	.547 	0.2 	0.5 	.385 	6.3 	11.5 	.554 	0.9 	1.2 	.800 	1.4 	5.0 	6.5 	2.8 	0.7 	1.5 	1.2 	1.7 	14.2
197 	Dwight Howard 	C 	29 	HOU 	14 	14 	34.6 	7.4 	12.8 	.575 	0.0 	0.1 	.000 	7.4 	12.7 	.579 	4.9 	9.6 	.507 	3.1 	8.8 	11.9 	1.6 	0.8 	2.4 	3.3 	4.1 	19.6
198 	Robbie Hummel 	SF 	25 	MIN 	22 	0 	11.3 	1.1 	2.6 	.421 	0.3 	1.0 	.273 	0.8 	1.6 	.514 	0.6 	0.8 	.722 	0.6 	1.2 	1.8 	0.5 	0.3 	0.3 	0.4 	1.5 	3.0
199 	Kris Humphries 	PF 	29 	WAS 	25 	14 	21.5 	3.1 	7.1 	.435 	0.0 	0.2 	.000 	3.1 	6.9 	.445 	1.4 	2.0 	.720 	1.7 	4.6 	6.3 	0.7 	0.6 	0.6 	1.0 	2.1 	7.6
200 	Serge Ibaka 	PF 	25 	OKC 	28 	28 	32.5 	5.7 	12.4 	.460 	1.3 	3.4 	.368 	4.5 	9.0 	.494 	1.5 	1.8 	.837 	2.0 	4.9 	6.9 	1.0 	0.3 	2.4 	1.6 	2.9 	14.1
Rk 	Player 	Pos 	Age 	Tm 	G 	GS 	MP 	FG 	FGA 	FG% 	3P 	3PA 	3P 	2P 	2PA 	2P 	FT 	FTA 	FT% 	ORB 	DRB 	TRB 	AST 	STL 	BLK 	TOV 	PF 	PTS
201 	Andre Iguodala 	SG 	31 	GSW 	25 	0 	27.8 	2.7 	6.3 	.424 	0.9 	2.7 	.324 	1.8 	3.6 	.500 	0.8 	1.6 	.487 	0.7 	2.8 	3.5 	2.7 	1.1 	0.2 	1.2 	1.2 	7.0
202 	Ersan Ilyasova 	PF 	27 	MIL 	19 	6 	18.6 	4.1 	8.2 	.500 	0.8 	2.5 	.333 	3.3 	5.7 	.574 	1.1 	1.5 	.690 	1.1 	2.7 	3.8 	0.9 	0.6 	0.2 	0.6 	2.3 	10.1
203 	Joe Ingles 	SF 	27 	UTA 	28 	0 	16.3 	1.1 	2.8 	.392 	0.5 	2.0 	.273 	0.6 	0.9 	.667 	0.1 	0.2 	.500 	0.1 	1.3 	1.4 	1.7 	0.6 	0.1 	0.7 	0.9 	2.9
204 	Kyrie Irving 	PG 	22 	CLE 	26 	26 	37.8 	6.9 	15.1 	.459 	1.7 	4.5 	.371 	5.3 	10.6 	.496 	4.2 	5.0 	.837 	0.5 	2.5 	3.0 	5.4 	1.5 	0.3 	1.7 	2.2 	19.7
205 	Jarrett Jack 	PG 	31 	BRK 	26 	1 	25.5 	3.7 	8.3 	.442 	0.2 	1.1 	.138 	3.5 	7.2 	.489 	1.8 	2.1 	.852 	0.2 	2.7 	2.9 	3.6 	1.1 	0.2 	1.8 	2.0 	9.2
206 	Reggie Jackson 	PG 	24 	OKC 	25 	13 	33.3 	6.1 	14.3 	.427 	1.1 	4.1 	.265 	5.0 	10.2 	.492 	2.8 	3.2 	.888 	0.8 	3.7 	4.5 	5.5 	0.8 	0.1 	2.4 	2.3 	16.2
207 	LeBron James 	SF 	30 	CLE 	25 	25 	37.8 	9.0 	18.2 	.493 	1.6 	4.2 	.385 	7.4 	14.0 	.526 	5.7 	7.6 	.749 	0.7 	4.5 	5.2 	7.8 	1.4 	0.7 	3.8 	1.7 	25.2
208 	Al Jefferson 	C 	30 	CHO 	27 	27 	33.0 	8.4 	17.4 	.484 	0.0 	0.0 	.000 	8.4 	17.3 	.485 	2.4 	3.4 	.707 	1.6 	6.6 	8.3 	1.9 	0.5 	1.1 	1.1 	2.1 	19.2
209 	Cory Jefferson 	PF 	24 	BRK 	13 	1 	10.7 	1.6 	3.4 	.477 	0.1 	0.5 	.167 	1.5 	2.9 	.526 	0.7 	1.2 	.563 	0.5 	1.8 	2.4 	0.4 	0.1 	0.4 	0.4 	1.2 	4.0
210 	Richard Jefferson 	SF 	34 	DAL 	23 	1 	13.1 	1.5 	3.6 	.415 	0.5 	1.5 	.343 	1.0 	2.0 	.468 	1.0 	1.6 	.649 	0.5 	1.9 	2.4 	0.9 	0.4 	0.1 	0.8 	1.6 	4.5
211 	John Jenkins 	SG 	23 	ATL 	3 	0 	9.0 	1.7 	3.7 	.455 	0.3 	1.0 	.333 	1.3 	2.7 	.500 	0.3 	0.3 	1.000 	0.0 	0.7 	0.7 	0.0 	0.3 	0.0 	0.3 	0.7 	4.0
212 	Brandon Jennings 	PG 	25 	DET 	25 	25 	28.8 	4.2 	11.5 	.368 	1.4 	4.3 	.327 	2.8 	7.2 	.392 	2.8 	3.2 	.852 	0.5 	2.2 	2.7 	6.4 	1.0 	0.1 	2.3 	1.6 	12.6
213 	Jonas Jerebko 	PF 	27 	DET 	25 	0 	13.9 	2.1 	4.5 	.473 	0.6 	1.6 	.366 	1.5 	2.8 	.535 	0.7 	0.7 	1.000 	1.0 	1.5 	2.5 	0.7 	0.5 	0.2 	0.5 	1.5 	5.6
214 	Grant Jerrett 	PF 	21 	OKC 	1 	0 	9.0 	1.0 	5.0 	.200 	1.0 	5.0 	.200 	0.0 	0.0 		0.0 	0.0 		0.0 	1.0 	1.0 	1.0 	0.0 	0.0 	1.0 	2.0 	3.0
215 	Amir Johnson 	PF 	27 	TOR 	25 	25 	26.2 	4.3 	7.4 	.584 	0.3 	0.7 	.412 	4.0 	6.7 	.601 	1.0 	1.7 	.571 	2.2 	3.3 	5.5 	1.6 	0.5 	1.0 	1.2 	3.3 	9.9
216 	Chris Johnson 	SF 	24 	PHI 	9 	2 	20.8 	2.1 	6.7 	.317 	1.1 	4.3 	.256 	1.0 	2.3 	.429 	0.7 	0.9 	.750 	0.3 	2.6 	2.9 	0.3 	1.0 	0.6 	1.0 	2.1 	6.0
217 	James Johnson 	PF 	27 	TOR 	25 	1 	20.2 	3.3 	5.7 	.580 	0.2 	1.0 	.200 	3.1 	4.7 	.661 	0.7 	1.1 	.630 	1.0 	3.0 	3.9 	1.5 	0.6 	1.2 	0.9 	2.4 	7.5
218 	Joe Johnson 	SG 	33 	BRK 	24 	24 	35.0 	6.3 	13.7 	.456 	1.7 	4.2 	.396 	4.6 	9.5 	.482 	2.1 	2.7 	.785 	0.8 	4.1 	4.9 	3.8 	1.0 	0.2 	2.2 	2.0 	16.3
219 	Nick Johnson 	SG 	22 	HOU 	14 	0 	11.6 	1.0 	3.3 	.304 	0.3 	1.1 	.267 	0.7 	2.2 	.323 	1.0 	1.1 	.875 	0.5 	1.2 	1.7 	0.4 	0.4 	0.1 	0.9 	1.6 	3.3
220 	Wesley Johnson 	SF 	27 	LAL 	27 	27 	30.1 	3.2 	7.6 	.424 	1.2 	3.3 	.364 	2.0 	4.3 	.470 	1.1 	1.3 	.861 	0.7 	2.8 	3.5 	1.6 	0.9 	0.8 	0.7 	2.4 	8.8
Rk 	Player 	Pos 	Age 	Tm 	G 	GS 	MP 	FG 	FGA 	FG% 	3P 	3PA 	3P 	2P 	2PA 	2P 	FT 	FTA 	FT% 	ORB 	DRB 	TRB 	AST 	STL 	BLK 	TOV 	PF 	PTS
221 	James Jones 	SF 	34 	CLE 	10 	0 	9.1 	1.2 	2.8 	.429 	1.2 	2.7 	.444 	0.0 	0.1 	.000 	0.5 	0.6 	.833 	0.0 	1.1 	1.1 	0.5 	0.1 	0.0 	0.0 	1.0 	4.1
222 	Perry Jones 	SF 	23 	OKC 	13 	7 	21.5 	3.0 	6.8 	.438 	0.7 	2.5 	.281 	2.3 	4.4 	.526 	1.2 	1.8 	.696 	0.2 	2.4 	2.5 	0.6 	0.2 	0.2 	1.1 	1.6 	7.9
223 	Terrence Jones 	PF 	23 	HOU 	4 	4 	29.3 	6.3 	12.0 	.521 	0.8 	1.8 	.429 	5.5 	10.3 	.537 	0.8 	1.0 	.750 	3.3 	4.3 	7.5 	1.5 	1.0 	1.8 	2.0 	4.0 	14.0
224 	DeAndre Jordan 	C 	26 	LAC 	27 	27 	33.8 	3.9 	5.6 	.702 	0.0 	0.0 	.000 	3.9 	5.6 	.707 	1.3 	2.9 	.436 	3.9 	9.3 	13.2 	0.6 	1.1 	2.4 	1.2 	3.0 	9.1
225 	Jerome Jordan 	C 	28 	BRK 	22 	0 	9.9 	1.3 	2.1 	.609 	0.0 	0.0 		1.3 	2.1 	.609 	0.7 	0.8 	.833 	1.3 	1.2 	2.5 	0.4 	0.3 	0.5 	0.7 	1.5 	3.2
226 	Cory Joseph 	PG 	23 	SAS 	26 	9 	24.7 	3.7 	7.6 	.490 	0.3 	1.0 	.296 	3.4 	6.6 	.520 	1.7 	2.3 	.717 	0.8 	2.5 	3.3 	2.8 	0.7 	0.2 	0.9 	1.8 	9.4
227 	Chris Kaman 	C 	32 	POR 	28 	0 	19.0 	4.3 	8.6 	.498 	0.0 	0.0 		4.3 	8.6 	.498 	1.4 	2.1 	.672 	1.5 	4.5 	6.0 	0.9 	0.2 	1.0 	1.5 	2.3 	10.0
228 	Enes Kanter 	C 	22 	UTA 	28 	28 	27.0 	6.0 	11.5 	.520 	0.3 	1.0 	.321 	5.7 	10.5 	.539 	1.8 	2.3 	.785 	2.7 	4.4 	7.1 	0.8 	0.4 	0.4 	2.0 	2.5 	14.1
229 	Sergey Karasev 	SG 	21 	BRK 	13 	6 	16.1 	1.8 	4.1 	.434 	0.5 	1.7 	.318 	1.2 	2.4 	.516 	0.9 	1.0 	.923 	0.5 	1.2 	1.7 	0.9 	0.8 	0.1 	0.7 	1.5 	5.0
230 	Ryan Kelly 	PF 	23 	LAL 	3 	0 	8.3 	1.0 	2.3 	.429 	0.3 	0.3 	1.000 	0.7 	2.0 	.333 	1.3 	1.3 	1.000 	0.3 	1.3 	1.7 	0.3 	0.3 	0.0 	0.0 	0.7 	3.7
231 	Michael Kidd-Gilchrist 	SF 	21 	CHO 	13 	10 	24.5 	3.2 	6.5 	.494 	0.0 	0.0 		3.2 	6.5 	.494 	2.8 	4.1 	.679 	1.5 	4.2 	5.8 	1.0 	0.5 	0.7 	0.8 	1.9 	9.2
232 	Andrei Kirilenko 	SF 	33 	BRK 	7 	0 	5.1 	0.0 	0.7 	.000 	0.0 	0.0 		0.0 	0.7 	.000 	0.4 	0.6 	.750 	0.3 	0.9 	1.1 	0.1 	0.1 	0.0 	0.1 	0.1 	0.4
233 	Alex Kirk 	C 	23 	CLE 	3 	0 	2.0 	0.3 	0.7 	.500 	0.0 	0.0 		0.3 	0.7 	.500 	0.7 	0.7 	1.000 	0.0 	0.0 	0.0 	0.3 	0.0 	0.0 	0.0 	0.3 	1.3
234 	Brandon Knight 	PG 	23 	MIL 	28 	28 	32.3 	5.9 	13.5 	.434 	1.8 	4.6 	.392 	4.0 	8.9 	.456 	4.0 	4.4 	.895 	0.5 	4.2 	4.6 	5.4 	1.3 	0.1 	3.4 	2.0 	17.5
235 	Kyle Korver 	SG 	33 	ATL 	26 	26 	32.9 	4.1 	7.9 	.519 	2.9 	5.4 	.539 	1.2 	2.5 	.477 	2.0 	2.1 	.963 	0.3 	3.8 	4.1 	3.0 	0.7 	0.6 	1.3 	1.8 	13.2
236 	Kosta Koufos 	C 	25 	MEM 	26 	0 	14.5 	2.0 	3.7 	.537 	0.0 	0.0 		2.0 	3.7 	.537 	0.5 	0.8 	.619 	0.8 	3.3 	4.1 	0.5 	0.4 	1.0 	0.7 	1.6 	4.4
237 	Ognjen Kuzmic 	C 	24 	GSW 	8 	0 	4.3 	0.1 	0.5 	.250 	0.0 	0.0 		0.1 	0.5 	.250 	0.0 	0.0 		0.3 	1.0 	1.3 	0.0 	0.0 	0.1 	0.5 	0.8 	0.3
238 	Jeremy Lamb 	SG 	22 	OKC 	22 	8 	22.2 	3.4 	8.2 	.414 	1.2 	3.4 	.347 	2.2 	4.8 	.462 	1.8 	2.0 	.889 	0.3 	3.3 	3.5 	1.5 	0.9 	0.2 	0.9 	2.1 	9.8
239 	Carl Landry 	PF 	31 	SAC 	27 	0 	18.7 	2.9 	5.7 	.516 	0.0 	0.0 		2.9 	5.7 	.516 	2.1 	2.4 	.862 	1.7 	2.4 	4.1 	0.5 	0.3 	0.3 	1.2 	2.5 	7.9
240 	Shane Larkin 	PG 	22 	NYK 	27 	12 	22.9 	2.1 	5.1 	.416 	0.6 	1.4 	.447 	1.5 	3.7 	.404 	0.6 	0.7 	.895 	0.3 	1.5 	1.9 	2.2 	1.1 	0.0 	0.9 	2.2 	5.5
Rk 	Player 	Pos 	Age 	Tm 	G 	GS 	MP 	FG 	FGA 	FG% 	3P 	3PA 	3P 	2P 	2PA 	2P 	FT 	FTA 	FT% 	ORB 	DRB 	TRB 	AST 	STL 	BLK 	TOV 	PF 	PTS
241 	Zach LaVine 	PG 	19 	MIN 	23 	14 	25.3 	3.3 	8.6 	.391 	0.5 	1.9 	.279 	2.8 	6.7 	.422 	1.8 	2.1 	.837 	0.2 	2.3 	2.5 	3.4 	0.8 	0.2 	2.3 	2.3 	9.0
242 	Ty Lawson 	PG 	27 	DEN 	26 	26 	37.4 	5.1 	12.8 	.399 	0.8 	2.8 	.284 	4.3 	10.0 	.432 	4.2 	5.7 	.730 	0.5 	2.6 	3.1 	10.7 	1.5 	0.0 	3.1 	1.8 	15.2
243 	Ricky Ledo 	G 	22 	DAL 	1 	0 	2.0 	0.0 	1.0 	.000 	0.0 	0.0 		0.0 	1.0 	.000 	0.0 	0.0 		1.0 	0.0 	1.0 	0.0 	0.0 	0.0 	0.0 	0.0 	0.0
244 	Courtney Lee 	SG 	29 	MEM 	24 	22 	32.5 	4.3 	8.4 	.515 	1.5 	2.8 	.545 	2.8 	5.7 	.500 	1.5 	1.7 	.902 	0.3 	2.3 	2.7 	2.3 	1.0 	0.2 	1.1 	1.7 	11.7
245 	David Lee 	PF 	31 	GSW 	1 	0 	7.0 	3.0 	4.0 	.750 	0.0 	0.0 		3.0 	4.0 	.750 	0.0 	0.0 		0.0 	0.0 	0.0 	0.0 	0.0 	0.0 	1.0 	0.0 	6.0
246 	Malcolm Lee 	G 	24 	PHI 	1 	0 	2.0 	0.0 	1.0 	.000 	0.0 	0.0 		0.0 	1.0 	.000 	0.0 	0.0 		0.0 	0.0 	0.0 	0.0 	0.0 	0.0 	0.0 	0.0 	0.0
247 	Alex Len 	C 	21 	PHO 	29 	4 	18.5 	2.2 	4.1 	.525 	0.0 	0.1 	.500 	2.1 	4.1 	.525 	1.1 	1.5 	.721 	1.9 	3.0 	4.9 	0.4 	0.5 	1.1 	0.7 	3.1 	5.4
248 	Kawhi Leonard 	SF 	23 	SAS 	22 	22 	32.2 	5.6 	12.3 	.454 	0.9 	2.8 	.311 	4.7 	9.5 	.495 	3.2 	4.1 	.778 	1.4 	6.2 	7.6 	2.5 	2.0 	0.8 	1.7 	2.1 	15.2
249 	Meyers Leonard 	C 	22 	POR 	9 	1 	7.9 	1.0 	2.3 	.429 	0.6 	1.2 	.455 	0.4 	1.1 	.400 	0.4 	0.4 	1.000 	0.6 	2.0 	2.6 	0.4 	0.1 	0.0 	0.1 	1.2 	3.0
250 	Jon Leuer 	PF 	25 	MEM 	25 	1 	16.2 	2.6 	5.7 	.465 	0.2 	0.8 	.316 	2.4 	4.9 	.488 	0.8 	1.2 	.655 	0.9 	3.0 	3.8 	0.8 	0.4 	0.2 	0.6 	1.6 	6.3
251 	Damian Lillard 	PG 	24 	POR 	28 	28 	35.6 	7.3 	15.9 	.462 	2.6 	6.7 	.396 	4.7 	9.2 	.510 	4.1 	4.8 	.872 	0.6 	4.4 	5.0 	6.2 	1.5 	0.1 	2.5 	2.2 	21.4
252 	Jeremy Lin 	PG 	26 	LAL 	27 	20 	27.6 	3.6 	8.2 	.432 	0.9 	2.7 	.329 	2.7 	5.5 	.483 	2.5 	3.1 	.819 	0.4 	2.3 	2.8 	4.9 	0.9 	0.3 	2.5 	2.9 	10.5
253 	Shaun Livingston 	PG 	29 	GSW 	25 	0 	17.6 	2.6 	5.0 	.528 	0.0 	0.1 	.000 	2.6 	4.9 	.537 	0.8 	1.1 	.778 	0.6 	1.5 	2.1 	2.7 	0.7 	0.2 	1.4 	1.4 	6.1
254 	Brook Lopez 	C 	26 	BRK 	16 	16 	30.1 	6.6 	13.4 	.488 	0.0 	0.0 		6.6 	13.4 	.488 	2.9 	3.6 	.825 	2.0 	4.2 	6.2 	0.8 	0.7 	1.7 	2.2 	3.1 	16.1
255 	Robin Lopez 	C 	26 	POR 	25 	25 	27.8 	4.0 	8.0 	.505 	0.0 	0.0 		4.0 	8.0 	.505 	1.5 	1.8 	.804 	3.3 	3.9 	7.2 	1.2 	0.4 	1.5 	1.4 	2.5 	9.6
256 	Kevin Love 	PF 	26 	CLE 	26 	26 	36.3 	5.4 	12.5 	.434 	1.7 	4.8 	.355 	3.7 	7.7 	.483 	4.2 	5.1 	.827 	1.9 	8.6 	10.5 	2.3 	0.8 	0.5 	1.8 	2.5 	16.8
257 	Kyle Lowry 	PG 	28 	TOR 	28 	28 	34.1 	6.6 	15.0 	.440 	1.6 	4.9 	.333 	5.0 	10.1 	.493 	4.7 	5.6 	.829 	0.9 	3.8 	4.6 	7.8 	1.5 	0.2 	2.3 	3.0 	19.5
258 	Kalin Lucas 	PG 	25 	MEM 	1 	0 	6.0 	0.0 	1.0 	.000 	0.0 	0.0 		0.0 	1.0 	.000 	0.0 	0.0 		0.0 	0.0 	0.0 	0.0 	1.0 	0.0 	0.0 	1.0 	0.0
259 	Shelvin Mack 	PG 	24 	ATL 	23 	0 	14.5 	1.8 	4.7 	.385 	0.7 	2.3 	.288 	1.2 	2.5 	.474 	0.6 	0.7 	.824 	0.2 	1.5 	1.7 	2.7 	0.4 	0.0 	0.8 	0.7 	4.9
260 	Ian Mahinmi 	C 	28 	IND 	20 	4 	18.3 	2.2 	3.6 	.611 	0.0 	0.0 		2.2 	3.6 	.611 	0.5 	1.5 	.310 	1.9 	3.9 	5.8 	0.6 	0.5 	0.7 	1.0 	2.6 	4.9
Rk 	Player 	Pos 	Age 	Tm 	G 	GS 	MP 	FG 	FGA 	FG% 	3P 	3PA 	3P 	2P 	2PA 	2P 	FT 	FTA 	FT% 	ORB 	DRB 	TRB 	AST 	STL 	BLK 	TOV 	PF 	PTS
261 	Devyn Marble 	SG 	22 	ORL 	5 	0 	1.0 	0.4 	0.8 	.500 	0.0 	0.0 		0.4 	0.8 	.500 	0.0 	0.4 	.000 	0.0 	0.2 	0.2 	0.0 	0.0 	0.0 	0.0 	0.2 	0.8
262 	Shawn Marion 	SF 	36 	CLE 	26 	21 	23.7 	2.4 	5.2 	.456 	0.4 	1.2 	.355 	2.0 	4.0 	.486 	0.5 	0.6 	.813 	0.9 	2.5 	3.5 	1.1 	0.6 	0.7 	0.8 	1.2 	5.7
263 	Kendall Marshall 	PG 	23 	MIL 	17 	1 	14.9 	1.8 	3.6 	.484 	0.9 	1.9 	.455 	0.9 	1.7 	.517 	0.2 	0.3 	.800 	0.1 	0.8 	0.8 	2.9 	0.6 	0.0 	1.4 	1.1 	4.6
264 	Cartier Martin 	SF 	30 	DET 	9 	0 	10.4 	1.0 	3.2 	.310 	0.4 	2.1 	.211 	0.6 	1.1 	.500 	0.0 	0.0 		0.0 	0.8 	0.8 	0.6 	0.0 	0.0 	0.3 	0.8 	2.4
265 	Kevin Martin 	SG 	31 	MIN 	9 	8 	29.8 	6.4 	13.3 	.483 	2.9 	6.0 	.481 	3.6 	7.3 	.485 	4.7 	5.3 	.875 	0.4 	3.2 	3.7 	1.9 	0.7 	0.0 	1.9 	2.7 	20.4
266 	Wesley Matthews 	SG 	28 	POR 	28 	28 	33.8 	5.9 	12.4 	.474 	2.7 	7.1 	.377 	3.2 	5.3 	.605 	1.6 	2.3 	.692 	0.8 	2.9 	3.6 	2.2 	1.0 	0.1 	1.5 	2.3 	16.0
267 	Jason Maxiell 	PF 	31 	CHO 	16 	0 	11.8 	1.1 	2.7 	.395 	0.0 	0.0 		1.1 	2.7 	.395 	0.1 	0.3 	.250 	0.7 	1.1 	1.8 	0.1 	0.2 	0.3 	0.4 	1.2 	2.2
268 	O.J. Mayo 	SG 	27 	MIL 	28 	14 	24.3 	3.9 	9.6 	.403 	1.1 	3.8 	.302 	2.7 	5.8 	.469 	2.1 	2.5 	.817 	0.5 	1.7 	2.2 	2.8 	0.7 	0.2 	1.9 	2.9 	10.9
269 	Luc Mbah a Moute 	PF 	28 	PHI 	25 	24 	27.8 	3.5 	8.8 	.402 	0.7 	2.7 	.269 	2.8 	6.1 	.461 	1.2 	2.0 	.580 	1.4 	3.7 	5.1 	1.4 	1.4 	0.3 	1.6 	1.8 	8.9
270 	Ray McCallum 	PG 	23 	SAC 	14 	0 	9.3 	1.1 	2.8 	.385 	0.3 	1.2 	.235 	0.8 	1.6 	.500 	0.4 	0.4 	.833 	0.1 	0.8 	0.9 	0.7 	0.2 	0.1 	0.6 	1.0 	2.8
271 	C.J. McCollum 	SG 	23 	POR 	14 	0 	13.0 	1.3 	3.9 	.327 	0.8 	2.0 	.393 	0.5 	1.9 	.259 	0.9 	1.4 	.684 	0.3 	0.9 	1.1 	1.1 	0.4 	0.1 	0.7 	1.2 	4.3
272 	K.J. McDaniels 	SG 	21 	PHI 	25 	1 	25.0 	3.3 	8.0 	.413 	1.0 	3.3 	.301 	2.3 	4.7 	.492 	1.7 	2.2 	.750 	1.3 	2.5 	3.8 	1.2 	0.9 	1.6 	1.9 	2.6 	9.3
273 	Doug McDermott 	SF 	23 	CHI 	17 	0 	11.6 	1.3 	3.1 	.423 	0.4 	1.5 	.231 	0.9 	1.5 	.615 	0.3 	0.6 	.500 	0.1 	1.6 	1.6 	0.1 	0.2 	0.1 	0.8 	0.8 	3.2
274 	Mitch McGary 	F 	22 	OKC 	1 	0 	7.0 	1.0 	1.0 	1.000 	0.0 	0.0 		1.0 	1.0 	1.000 	1.0 	2.0 	.500 	1.0 	3.0 	4.0 	0.0 	0.0 	0.0 	2.0 	0.0 	3.0
275 	JaVale McGee 	C 	27 	DEN 	14 	0 	11.6 	2.1 	3.6 	.580 	0.0 	0.0 		2.1 	3.6 	.580 	1.2 	1.8 	.680 	1.0 	2.0 	3.0 	0.0 	0.1 	1.1 	0.9 	1.8 	5.4
276 	Ben McLemore 	SG 	21 	SAC 	27 	27 	33.2 	4.6 	9.6 	.483 	1.7 	4.4 	.395 	2.9 	5.2 	.557 	1.4 	1.7 	.826 	0.4 	2.9 	3.3 	1.3 	0.6 	0.3 	1.8 	2.7 	12.4
277 	Josh McRoberts 	PF 	27 	MIA 	17 	4 	17.4 	1.6 	3.1 	.528 	0.5 	1.1 	.421 	1.2 	2.0 	.588 	0.5 	0.8 	.615 	0.4 	2.2 	2.6 	1.9 	0.7 	0.2 	1.3 	2.4 	4.2
278 	Jodie Meeks 	G 	27 	DET 	6 	0 	23.3 	3.5 	9.0 	.389 	0.7 	2.8 	.235 	2.8 	6.2 	.459 	3.0 	3.2 	.947 	0.3 	1.2 	1.5 	1.8 	1.3 	0.2 	1.0 	1.8 	10.7
279 	Gal Mekel 	G 	26 	NOP 	4 	0 	10.8 	0.8 	5.0 	.150 	0.0 	0.8 	.000 	0.8 	4.3 	.176 	0.0 	0.0 		0.0 	0.3 	0.3 	3.3 	0.5 	0.0 	0.5 	0.3 	1.5
280 	Khris Middleton 	PF 	23 	MIL 	25 	7 	23.4 	3.5 	8.1 	.433 	1.0 	2.6 	.394 	2.5 	5.5 	.453 	1.4 	1.7 	.833 	0.6 	3.0 	3.6 	1.4 	1.2 	0.2 	1.3 	2.1 	9.5
Rk 	Player 	Pos 	Age 	Tm 	G 	GS 	MP 	FG 	FGA 	FG% 	3P 	3PA 	3P 	2P 	2PA 	2P 	FT 	FTA 	FT% 	ORB 	DRB 	TRB 	AST 	STL 	BLK 	TOV 	PF 	PTS
281 	C.J. Miles 	SG 	27 	IND 	20 	6 	24.2 	4.0 	11.3 	.354 	1.7 	5.8 	.293 	2.3 	5.5 	.418 	1.6 	2.1 	.762 	0.4 	2.0 	2.4 	1.3 	0.7 	0.3 	1.4 	2.2 	11.3
282 	Andre Miller 	PG 	38 	WAS 	26 	0 	12.2 	1.7 	2.8 	.616 	0.0 	0.2 	.000 	1.7 	2.7 	.652 	0.5 	0.8 	.667 	0.4 	0.8 	1.2 	3.0 	0.2 	0.0 	0.8 	1.4 	4.0
283 	Darius Miller 	SF 	24 	NOP 	5 	1 	8.6 	0.2 	1.4 	.143 	0.0 	0.2 	.000 	0.2 	1.2 	.167 	0.0 	0.0 		0.0 	0.2 	0.2 	0.4 	0.2 	0.0 	0.2 	1.6 	0.4
284 	Mike Miller 	SF 	34 	CLE 	15 	2 	13.9 	0.9 	2.1 	.438 	0.8 	1.9 	.414 	0.1 	0.2 	.667 	0.0 	0.0 		0.3 	1.7 	2.0 	0.5 	0.1 	0.1 	0.4 	1.7 	2.7
285 	Paul Millsap 	PF 	29 	ATL 	26 	26 	33.3 	6.1 	12.7 	.477 	1.0 	2.8 	.351 	5.1 	9.9 	.514 	3.2 	4.9 	.654 	1.7 	6.0 	7.8 	3.0 	2.2 	0.8 	2.3 	2.8 	16.3
286 	Nikola Mirotic 	PF 	23 	CHI 	26 	0 	18.7 	2.5 	5.6 	.441 	1.1 	2.7 	.400 	1.4 	2.9 	.480 	2.1 	2.6 	.809 	0.7 	4.7 	5.3 	1.2 	0.5 	0.8 	0.9 	2.5 	8.1
287 	Nazr Mohammed 	C 	37 	CHI 	6 	0 	6.8 	0.5 	1.7 	.300 	0.0 	0.0 		0.5 	1.7 	.300 	0.2 	0.3 	.500 	0.3 	1.3 	1.7 	0.2 	0.2 	0.5 	0.3 	1.0 	1.2
288 	Greg Monroe 	PF 	24 	DET 	26 	14 	29.0 	5.5 	11.5 	.482 	0.0 	0.0 		5.5 	11.5 	.482 	3.6 	4.7 	.756 	2.7 	6.1 	8.8 	1.7 	0.6 	0.2 	2.1 	1.9 	14.7
289 	E'Twaun Moore 	SG 	25 	CHI 	12 	0 	3.3 	0.4 	1.1 	.385 	0.2 	0.3 	.667 	0.3 	0.8 	.300 	0.2 	0.3 	.500 	0.3 	0.4 	0.7 	0.3 	0.1 	0.0 	0.2 	0.3 	1.2
290 	Eric Moreland 	PF 	23 	SAC 	3 	0 	0.7 	0.3 	0.3 	1.000 	0.0 	0.0 		0.3 	0.3 	1.000 	0.0 	0.0 		0.0 	0.3 	0.3 	0.0 	0.0 	0.0 	0.0 	0.3 	0.7
291 	Darius Morris 	G 	24 	BRK 	6 	0 	4.2 	0.7 	1.7 	.400 	0.2 	0.5 	.333 	0.5 	1.2 	.429 	0.2 	0.5 	.333 	0.0 	0.0 	0.0 	0.8 	0.2 	0.0 	0.3 	0.3 	1.7
292 	Marcus Morris 	PF 	25 	PHO 	29 	18 	24.1 	3.8 	8.7 	.434 	1.5 	3.6 	.410 	2.3 	5.0 	.452 	0.8 	1.2 	.657 	0.8 	2.9 	3.7 	1.4 	0.5 	0.2 	0.8 	2.3 	9.8
293 	Markieff Morris 	PF 	25 	PHO 	29 	29 	30.5 	6.2 	12.7 	.485 	0.7 	2.4 	.300 	5.4 	10.3 	.528 	2.1 	2.5 	.847 	1.3 	4.9 	6.2 	2.1 	1.2 	0.6 	1.8 	2.9 	15.2
294 	Anthony Morrow 	SG 	29 	OKC 	21 	0 	25.4 	3.7 	8.7 	.429 	1.7 	4.3 	.396 	2.0 	4.3 	.462 	1.0 	1.2 	.808 	0.3 	2.4 	2.7 	1.1 	0.9 	0.1 	0.5 	2.2 	10.1
295 	Donatas Motiejunas 	PF 	24 	HOU 	26 	21 	27.5 	4.3 	8.8 	.491 	0.5 	1.7 	.279 	3.9 	7.2 	.540 	1.4 	2.3 	.617 	2.0 	4.1 	6.1 	1.4 	0.6 	0.6 	1.8 	2.9 	10.6
296 	Timofey Mozgov 	C 	28 	DEN 	27 	27 	26.1 	3.8 	6.9 	.551 	0.1 	0.2 	.400 	3.7 	6.7 	.556 	1.7 	2.3 	.742 	2.8 	5.4 	8.1 	0.5 	0.4 	1.4 	1.4 	3.3 	9.3
297 	Shabazz Muhammad 	SG 	22 	MIN 	26 	4 	20.5 	5.1 	10.0 	.514 	0.3 	0.7 	.389 	4.8 	9.3 	.523 	2.7 	4.0 	.689 	1.8 	1.9 	3.7 	1.0 	0.5 	0.1 	0.8 	1.2 	13.2
298 	Mike Muscala 	PF 	23 	ATL 	8 	0 	10.0 	2.1 	3.6 	.586 	0.1 	0.4 	.333 	2.0 	3.3 	.615 	0.5 	0.6 	.800 	1.4 	1.0 	2.4 	0.4 	0.4 	0.8 	0.6 	1.3 	4.9
299 	Shabazz Napier 	PG 	23 	MIA 	25 	0 	21.0 	1.9 	4.5 	.425 	1.0 	2.5 	.381 	1.0 	2.0 	.480 	0.9 	1.3 	.719 	0.4 	1.9 	2.3 	1.9 	0.9 	0.0 	1.6 	1.6 	5.7
300 	Gary Neal 	SG 	30 	CHO 	21 	0 	24.0 	4.0 	10.1 	.401 	1.2 	3.1 	.379 	2.9 	7.0 	.411 	2.6 	3.1 	.831 	0.4 	2.0 	2.4 	2.1 	0.5 	0.0 	1.1 	1.9 	11.9
Rk 	Player 	Pos 	Age 	Tm 	G 	GS 	MP 	FG 	FGA 	FG% 	3P 	3PA 	3P 	2P 	2PA 	2P 	FT 	FTA 	FT% 	ORB 	DRB 	TRB 	AST 	STL 	BLK 	TOV 	PF 	PTS
301 	Jameer Nelson 	PG 	32 	TOT 	24 	23 	25.2 	2.6 	7.0 	.367 	1.6 	4.5 	.361 	1.0 	2.5 	.377 	0.3 	0.3 	.875 	0.6 	2.1 	2.7 	4.1 	0.7 	0.1 	1.7 	2.3 	7.1
301 	Jameer Nelson 	PG 	32 	DAL 	23 	23 	25.4 	2.7 	7.1 	.374 	1.7 	4.5 	.369 	1.0 	2.6 	.383 	0.3 	0.3 	.875 	0.6 	2.1 	2.7 	4.1 	0.7 	0.1 	1.7 	2.3 	7.3
301 	Jameer Nelson 	G 	32 	BOS 	1 	0 	20.0 	1.0 	6.0 	.167 	1.0 	5.0 	.200 	0.0 	1.0 	.000 	0.0 	0.0 		1.0 	1.0 	2.0 	3.0 	1.0 	0.0 	2.0 	2.0 	3.0
302 	Andrew Nicholson 	PF 	25 	ORL 	14 	0 	7.9 	1.0 	3.1 	.326 	0.1 	0.2 	.333 	0.9 	2.9 	.325 	0.2 	0.3 	.750 	0.1 	1.1 	1.2 	0.4 	0.1 	0.1 	0.3 	0.6 	2.3
303 	Joakim Noah 	C 	29 	CHI 	19 	19 	32.1 	3.4 	7.3 	.468 	0.0 	0.1 	.000 	3.4 	7.3 	.471 	1.8 	3.0 	.614 	3.1 	6.9 	9.9 	4.3 	0.6 	1.4 	1.8 	3.4 	8.7
304 	Nerlens Noel 	PF 	20 	PHI 	23 	19 	30.5 	3.5 	7.7 	.455 	0.0 	0.0 		3.5 	7.7 	.455 	1.2 	2.3 	.519 	1.8 	5.0 	6.8 	1.7 	1.7 	1.4 	2.3 	2.9 	8.2
305 	Lucas Nogueira 	C 	22 	TOR 	3 	0 	4.3 	0.3 	2.0 	.167 	0.0 	0.0 		0.3 	2.0 	.167 	0.0 	0.7 	.000 	0.3 	1.7 	2.0 	0.0 	0.3 	0.0 	0.7 	1.0 	0.7
306 	Steve Novak 	SF 	31 	UTA 	14 	0 	4.7 	0.6 	1.4 	.400 	0.6 	1.4 	.421 	0.0 	0.1 	.000 	0.0 	0.1 	.000 	0.0 	0.7 	0.7 	0.2 	0.0 	0.1 	0.1 	0.6 	1.7
307 	Dirk Nowitzki 	PF 	36 	DAL 	26 	26 	29.6 	6.9 	14.7 	.469 	1.3 	4.1 	.330 	5.5 	10.6 	.522 	3.5 	3.9 	.892 	0.6 	5.2 	5.8 	2.4 	0.5 	0.4 	1.2 	2.1 	18.6
308 	Jusuf Nurkic 	C 	20 	DEN 	15 	0 	10.9 	1.7 	4.1 	.426 	0.0 	0.0 		1.7 	4.1 	.426 	1.2 	1.9 	.643 	1.3 	2.9 	4.2 	0.5 	0.6 	0.7 	1.0 	3.0 	4.7
309 	Johnny O'Bryant 	F 	21 	MIL 	3 	2 	9.3 	1.7 	2.7 	.625 	0.0 	0.0 		1.7 	2.7 	.625 	0.7 	0.7 	1.000 	0.0 	0.3 	0.3 	0.3 	0.0 	0.0 	0.7 	2.3 	4.0
310 	Kyle O'Quinn 	PF 	24 	ORL 	15 	8 	19.7 	3.4 	6.5 	.520 	0.3 	0.7 	.364 	3.1 	5.8 	.540 	1.5 	1.8 	.852 	1.5 	3.5 	5.0 	1.6 	0.8 	1.3 	1.5 	2.5 	8.6
311 	Victor Oladipo 	PG 	22 	ORL 	21 	20 	32.4 	5.5 	11.8 	.466 	1.0 	2.3 	.429 	4.5 	9.4 	.475 	2.5 	3.3 	.757 	0.4 	3.3 	3.8 	3.6 	1.3 	0.1 	2.9 	2.3 	14.5
312 	Kelly Olynyk 	C 	23 	BOS 	25 	13 	25.7 	4.5 	8.7 	.518 	1.1 	2.7 	.403 	3.4 	6.0 	.570 	1.7 	2.5 	.683 	1.6 	4.0 	5.6 	2.1 	1.2 	0.8 	1.8 	3.9 	11.8
313 	Zaza Pachulia 	C 	30 	MIL 	25 	3 	21.7 	2.6 	5.7 	.462 	0.0 	0.1 	.000 	2.6 	5.6 	.468 	1.3 	1.8 	.727 	1.8 	3.3 	5.2 	2.0 	0.9 	0.4 	1.8 	2.5 	6.6
314 	Kostas Papanikolaou 	SF 	24 	HOU 	21 	1 	25.0 	2.4 	6.6 	.367 	1.0 	3.3 	.300 	1.4 	3.3 	.435 	0.5 	0.8 	.688 	1.4 	2.6 	4.0 	3.0 	0.8 	0.5 	1.7 	2.2 	6.4
315 	Jannero Pargo 	PG 	35 	CHO 	8 	0 	8.1 	1.6 	4.0 	.406 	0.9 	2.4 	.368 	0.8 	1.6 	.462 	0.3 	0.3 	1.000 	0.0 	0.4 	0.4 	0.9 	0.0 	0.0 	0.3 	0.9 	4.4
316 	Jabari Parker 	SF 	19 	MIL 	25 	25 	29.5 	5.2 	10.5 	.490 	0.2 	0.6 	.250 	5.0 	9.9 	.506 	1.8 	2.6 	.697 	2.0 	3.5 	5.5 	1.7 	1.2 	0.2 	1.9 	1.7 	12.3
317 	Tony Parker 	PG 	32 	SAS 	19 	19 	31.0 	6.3 	12.3 	.509 	0.9 	1.4 	.654 	5.4 	10.9 	.490 	2.6 	3.2 	.803 	0.2 	1.5 	1.7 	5.3 	0.6 	0.1 	2.7 	1.2 	16.0
318 	Chandler Parsons 	SF 	26 	DAL 	27 	27 	33.4 	6.0 	13.4 	.448 	2.2 	6.0 	.373 	3.8 	7.4 	.507 	2.5 	3.3 	.744 	1.1 	4.1 	5.3 	2.4 	1.0 	0.4 	1.2 	2.0 	16.7
319 	Patrick Patterson 	PF 	25 	TOR 	28 	3 	26.3 	3.2 	6.5 	.492 	1.6 	3.5 	.469 	1.5 	3.0 	.518 	0.7 	0.9 	.833 	1.5 	3.8 	5.3 	1.9 	0.6 	0.5 	0.6 	1.9 	8.7
320 	Chris Paul 	PG 	29 	LAC 	27 	27 	34.7 	6.6 	13.3 	.497 	1.5 	3.8 	.392 	5.1 	9.6 	.539 	3.1 	3.5 	.884 	0.6 	3.9 	4.5 	9.9 	1.9 	0.3 	2.1 	2.3 	17.9
Rk 	Player 	Pos 	Age 	Tm 	G 	GS 	MP 	FG 	FGA 	FG% 	3P 	3PA 	3P 	2P 	2PA 	2P 	FT 	FTA 	FT% 	ORB 	DRB 	TRB 	AST 	STL 	BLK 	TOV 	PF 	PTS
321 	Elfrid Payton 	PG 	20 	ORL 	30 	11 	24.7 	2.6 	6.8 	.382 	0.1 	0.5 	.214 	2.5 	6.3 	.395 	1.1 	2.3 	.471 	1.0 	2.3 	3.3 	5.0 	1.2 	0.1 	2.2 	2.3 	6.4
322 	Nikola Pekovic 	C 	29 	MIN 	9 	9 	26.7 	4.2 	10.0 	.422 	0.0 	0.0 		4.2 	10.0 	.422 	3.4 	3.9 	.886 	3.0 	5.1 	8.1 	0.7 	0.7 	0.2 	1.3 	1.9 	11.9
323 	Kendrick Perkins 	C 	30 	OKC 	27 	0 	19.9 	1.6 	3.9 	.423 	0.0 	0.0 		1.6 	3.9 	.423 	0.8 	1.6 	.488 	2.0 	3.9 	5.9 	0.8 	0.3 	0.8 	1.6 	2.5 	4.0
324 	Paul Pierce 	SF 	37 	WAS 	25 	25 	27.4 	4.4 	10.2 	.435 	1.3 	3.8 	.337 	3.2 	6.4 	.494 	3.0 	3.7 	.815 	1.0 	3.6 	4.6 	2.3 	0.6 	0.4 	1.2 	2.5 	13.2
325 	Mason Plumlee 	C 	24 	BRK 	26 	9 	18.8 	3.2 	6.2 	.516 	0.0 	0.1 	.000 	3.2 	6.1 	.525 	1.8 	4.0 	.438 	2.3 	3.7 	6.0 	0.8 	0.5 	0.9 	0.8 	2.3 	8.2
326 	Miles Plumlee 	C 	26 	PHO 	29 	25 	22.2 	2.3 	4.3 	.548 	0.0 	0.0 		2.3 	4.3 	.548 	0.3 	0.7 	.474 	2.1 	3.6 	5.7 	0.7 	0.7 	1.0 	1.1 	2.4 	5.0
327 	Quincy Pondexter 	SG 	26 	MEM 	23 	2 	18.1 	1.4 	4.5 	.317 	0.7 	2.7 	.242 	0.8 	1.8 	.429 	0.7 	1.1 	.680 	0.5 	1.3 	1.9 	1.0 	0.2 	0.2 	0.3 	1.7 	4.3
328 	Otto Porter 	SF 	21 	WAS 	25 	1 	19.6 	2.2 	4.8 	.467 	0.4 	1.0 	.385 	1.8 	3.8 	.489 	1.0 	1.3 	.758 	0.9 	2.3 	3.2 	0.9 	0.5 	0.5 	0.5 	1.1 	5.9
329 	Dwight Powell 	PF 	23 	BOS 	5 	0 	1.8 	0.8 	1.0 	.800 	0.0 	0.0 		0.8 	1.0 	.800 	0.2 	0.4 	.500 	0.0 	0.2 	0.2 	0.0 	0.4 	0.0 	0.4 	0.2 	1.8
330 	Phil Pressey 	PG 	23 	BOS 	16 	0 	13.7 	1.1 	3.3 	.321 	0.4 	1.8 	.207 	0.7 	1.5 	.458 	0.6 	0.9 	.714 	0.3 	1.3 	1.6 	2.6 	0.8 	0.1 	0.8 	1.3 	3.1
331 	A.J. Price 	PG 	28 	TOT 	14 	0 	14.7 	2.8 	6.6 	.419 	1.1 	2.9 	.366 	1.7 	3.7 	.462 	0.9 	1.3 	.667 	0.3 	0.9 	1.1 	2.1 	0.3 	0.0 	0.7 	0.6 	7.5
331 	A.J. Price 	PG 	28 	IND 	10 	0 	19.3 	3.9 	8.9 	.438 	1.5 	3.9 	.385 	2.4 	5.0 	.480 	1.2 	1.8 	.667 	0.2 	1.2 	1.4 	2.7 	0.4 	0.0 	1.0 	0.9 	10.5
331 	A.J. Price 	G 	28 	CLE 	4 	0 	3.3 	0.0 	1.0 	.000 	0.0 	0.5 	.000 	0.0 	0.5 	.000 	0.0 	0.0 		0.5 	0.0 	0.5 	0.5 	0.0 	0.0 	0.0 	0.0 	0.0
332 	Ronnie Price 	PG 	31 	LAL 	26 	7 	21.2 	1.4 	4.5 	.316 	0.6 	2.3 	.267 	0.8 	2.2 	.368 	0.7 	0.9 	.792 	0.6 	1.2 	1.8 	3.4 	1.3 	0.2 	1.0 	2.6 	4.2
333 	Pablo Prigioni 	PG 	37 	NYK 	28 	0 	19.6 	1.9 	4.1 	.452 	1.2 	3.0 	.410 	0.6 	1.1 	.563 	0.4 	0.5 	.714 	0.4 	1.3 	1.7 	2.6 	1.4 	0.0 	1.0 	1.3 	5.3
334 	Tayshaun Prince 	SF 	34 	MEM 	17 	8 	22.5 	2.8 	6.8 	.409 	0.7 	1.4 	.522 	2.1 	5.4 	.380 	0.8 	1.0 	.824 	0.7 	2.2 	2.9 	0.9 	0.2 	0.2 	0.4 	0.7 	7.1
335 	Julius Randle 	PF 	20 	LAL 	1 	0 	14.0 	1.0 	3.0 	.333 	0.0 	0.0 		1.0 	3.0 	.333 	0.0 	2.0 	.000 	0.0 	0.0 	0.0 	0.0 	0.0 	0.0 	1.0 	1.0 	2.0
336 	Shavlik Randolph 	PF 	31 	PHO 	12 	0 	7.2 	0.5 	1.9 	.261 	0.0 	0.3 	.000 	0.5 	1.6 	.316 	0.4 	0.8 	.500 	0.8 	0.9 	1.8 	0.3 	0.3 	0.2 	0.1 	0.9 	1.4
337 	Zach Randolph 	PF 	33 	MEM 	26 	26 	31.6 	6.4 	13.3 	.483 	0.0 	0.0 	1.000 	6.4 	13.3 	.481 	3.2 	4.4 	.737 	3.7 	7.7 	11.4 	1.2 	1.0 	0.1 	1.7 	2.3 	16.1
338 	J.J. Redick 	SG 	30 	LAC 	27 	27 	29.3 	4.7 	10.3 	.460 	2.3 	5.6 	.414 	2.4 	4.7 	.516 	2.7 	3.1 	.871 	0.1 	1.7 	1.8 	1.6 	0.4 	0.1 	1.2 	1.8 	14.6
339 	Glen Rice 	SG 	24 	WAS 	5 	0 	8.6 	0.6 	3.0 	.200 	0.2 	1.4 	.143 	0.4 	1.6 	.250 	0.8 	1.2 	.667 	0.4 	0.4 	0.8 	0.4 	0.0 	0.0 	0.4 	2.2 	2.2
340 	Luke Ridnour 	PG 	33 	ORL 	17 	0 	15.9 	1.8 	3.9 	.448 	0.3 	1.2 	.250 	1.5 	2.8 	.532 	0.3 	0.4 	.833 	0.2 	1.7 	1.9 	2.7 	0.4 	0.0 	0.8 	1.7 	4.1
Rk 	Player 	Pos 	Age 	Tm 	G 	GS 	MP 	FG 	FGA 	FG% 	3P 	3PA 	3P 	2P 	2PA 	2P 	FT 	FTA 	FT% 	ORB 	DRB 	TRB 	AST 	STL 	BLK 	TOV 	PF 	PTS
341 	Austin Rivers 	SG 	22 	NOP 	27 	3 	22.8 	2.6 	6.3 	.415 	0.4 	1.5 	.300 	2.2 	4.9 	.450 	1.9 	2.5 	.746 	0.2 	1.7 	2.0 	2.7 	0.6 	0.2 	0.7 	1.9 	7.6
342 	Andre Roberson 	SG 	23 	OKC 	20 	19 	24.2 	1.9 	3.9 	.474 	0.2 	1.4 	.148 	1.7 	2.6 	.647 	0.7 	1.2 	.542 	1.1 	4.2 	5.3 	1.5 	1.1 	0.7 	0.9 	2.4 	4.6
343 	Brian Roberts 	PG 	29 	CHO 	27 	0 	17.0 	2.4 	5.9 	.418 	0.8 	2.3 	.355 	1.6 	3.6 	.458 	0.8 	0.9 	.840 	0.3 	0.9 	1.1 	2.2 	0.4 	0.1 	0.6 	1.0 	6.5
344 	Glenn Robinson 	SG 	21 	MIN 	11 	0 	4.3 	0.4 	1.1 	.333 	0.1 	0.4 	.250 	0.3 	0.7 	.375 	0.5 	0.7 	.750 	0.4 	0.4 	0.7 	0.1 	0.1 	0.0 	0.2 	0.1 	1.4
345 	Nate Robinson 	PG 	30 	DEN 	23 	1 	12.9 	2.1 	6.0 	.345 	0.8 	2.7 	.286 	1.3 	3.3 	.395 	0.7 	1.1 	.640 	0.5 	0.7 	1.3 	1.9 	0.5 	0.0 	0.7 	1.9 	5.7
346 	Thomas Robinson 	PF 	23 	POR 	13 	1 	11.5 	1.6 	2.8 	.568 	0.0 	0.0 		1.6 	2.8 	.568 	0.9 	2.4 	.387 	1.2 	3.2 	4.3 	0.2 	0.3 	0.2 	1.0 	1.9 	4.2
347 	Rajon Rondo 	PG 	28 	TOT 	23 	23 	31.9 	3.7 	9.2 	.398 	0.3 	1.4 	.242 	3.3 	7.7 	.427 	0.5 	1.6 	.333 	1.2 	6.3 	7.5 	10.7 	1.7 	0.1 	3.4 	2.0 	8.2
347 	Rajon Rondo 	PG 	28 	BOS 	22 	22 	31.8 	3.7 	9.1 	.405 	0.4 	1.5 	.250 	3.3 	7.6 	.435 	0.5 	1.6 	.333 	1.1 	6.4 	7.5 	10.8 	1.7 	0.1 	3.4 	1.9 	8.3
347 	Rajon Rondo 	G 	28 	DAL 	1 	1 	34.0 	3.0 	11.0 	.273 	0.0 	1.0 	.000 	3.0 	10.0 	.300 	0.0 	0.0 		2.0 	5.0 	7.0 	9.0 	2.0 	0.0 	4.0 	4.0 	6.0
348 	Derrick Rose 	PG 	26 	CHI 	16 	16 	27.4 	6.0 	14.3 	.421 	1.6 	5.6 	.281 	4.4 	8.7 	.511 	3.3 	4.2 	.776 	0.8 	2.5 	3.3 	5.1 	0.5 	0.1 	3.3 	1.7 	16.8
349 	Terrence Ross 	SF 	23 	TOR 	28 	28 	27.6 	4.6 	10.3 	.444 	2.0 	5.1 	.396 	2.5 	5.1 	.493 	0.9 	1.0 	.897 	0.5 	2.9 	3.4 	0.8 	0.6 	0.3 	1.0 	1.8 	12.1
350 	Ricky Rubio 	PG 	24 	MIN 	5 	5 	28.8 	4.0 	9.4 	.426 	0.2 	0.8 	.250 	3.8 	8.6 	.442 	1.2 	2.0 	.600 	1.2 	4.4 	5.6 	10.0 	1.2 	0.0 	3.0 	3.8 	9.4
351 	Damjan Rudez 	SF 	28 	IND 	27 	0 	15.4 	1.4 	3.6 	.406 	0.7 	2.1 	.328 	0.7 	1.4 	.526 	0.4 	0.7 	.667 	0.1 	0.6 	0.7 	0.7 	0.2 	0.1 	0.6 	1.4 	4.0
352 	Brandon Rush 	SG 	29 	GSW 	12 	0 	8.8 	0.3 	1.8 	.190 	0.1 	0.9 	.091 	0.3 	0.8 	.300 	0.0 	0.0 		0.0 	0.9 	0.9 	0.3 	0.1 	0.4 	0.5 	0.7 	0.8
353 	Robert Sacre 	C 	25 	LAL 	26 	0 	14.0 	1.9 	4.3 	.441 	0.0 	0.0 		1.9 	4.3 	.441 	0.7 	1.1 	.621 	0.9 	1.8 	2.7 	0.5 	0.4 	0.5 	0.4 	1.5 	4.5
354 	John Salmons 	SF 	35 	NOP 	15 	0 	13.5 	0.9 	2.7 	.325 	0.4 	1.3 	.316 	0.5 	1.4 	.333 	0.1 	0.3 	.500 	0.2 	1.0 	1.2 	0.7 	0.4 	0.2 	0.1 	1.5 	2.3
355 	JaKarr Sampson 	SF 	21 	PHI 	20 	3 	9.6 	0.8 	2.4 	.340 	0.2 	0.7 	.214 	0.7 	1.7 	.394 	0.6 	0.9 	.647 	0.4 	1.4 	1.8 	0.6 	0.1 	0.4 	0.7 	1.3 	2.3
356 	Larry Sanders 	C 	26 	MIL 	26 	25 	21.5 	3.3 	6.4 	.512 	0.0 	0.0 		3.3 	6.4 	.512 	0.8 	1.6 	.500 	2.5 	3.6 	6.1 	0.8 	1.0 	1.4 	1.0 	3.8 	7.3
357 	Dennis Schrder 	PG 	21 	ATL 	25 	2 	17.9 	3.3 	7.0 	.471 	0.3 	1.4 	.229 	3.0 	5.6 	.532 	1.8 	2.2 	.815 	0.2 	2.0 	2.2 	3.4 	1.0 	0.0 	1.6 	1.4 	8.6
358 	Luis Scola 	PF 	34 	IND 	28 	15 	21.7 	3.7 	7.9 	.473 	0.1 	0.4 	.300 	3.6 	7.5 	.481 	1.5 	2.3 	.651 	1.5 	5.4 	6.9 	1.5 	0.8 	0.3 	1.3 	2.6 	9.0
359 	Mike Scott 	PF 	26 	ATL 	24 	0 	15.0 	3.0 	6.3 	.483 	1.1 	2.8 	.394 	2.0 	3.5 	.553 	1.1 	1.3 	.839 	0.3 	1.6 	2.0 	0.8 	0.2 	0.0 	0.7 	1.6 	8.3
360 	Thabo Sefolosha 	SF 	30 	ATL 	24 	4 	18.4 	1.7 	4.8 	.351 	0.3 	1.5 	.171 	1.4 	3.3 	.430 	0.8 	1.1 	.741 	1.0 	3.4 	4.4 	1.5 	0.7 	0.6 	0.8 	1.5 	4.4
Rk 	Player 	Pos 	Age 	Tm 	G 	GS 	MP 	FG 	FGA 	FG% 	3P 	3PA 	3P 	2P 	2PA 	2P 	FT 	FTA 	FT% 	ORB 	DRB 	TRB 	AST 	STL 	BLK 	TOV 	PF 	PTS
361 	Kevin Seraphin 	C 	25 	WAS 	25 	0 	15.6 	3.0 	5.5 	.536 	0.0 	0.0 		3.0 	5.5 	.536 	0.8 	1.2 	.645 	1.2 	2.3 	3.5 	0.8 	0.0 	0.6 	1.2 	2.5 	6.7
362 	Ramon Sessions 	PG 	28 	SAC 	24 	3 	17.5 	2.0 	5.8 	.355 	0.3 	0.9 	.286 	1.8 	4.9 	.368 	2.0 	2.7 	.738 	0.4 	1.5 	1.8 	2.6 	0.5 	0.0 	1.4 	1.1 	6.3
363 	Iman Shumpert 	SG 	24 	NYK 	24 	24 	26.0 	3.7 	9.0 	.409 	1.0 	2.8 	.348 	2.7 	6.2 	.436 	1.0 	1.5 	.676 	0.9 	2.5 	3.4 	3.3 	1.3 	0.1 	1.8 	2.8 	9.3
364 	Alexey Shved 	SG 	26 	PHI 	17 	0 	16.8 	3.1 	7.6 	.400 	1.0 	3.4 	.298 	2.1 	4.3 	.479 	2.8 	3.4 	.842 	0.5 	0.8 	1.3 	2.7 	0.8 	0.1 	1.1 	1.2 	9.9
365 	Henry Sims 	C 	24 	PHI 	26 	19 	23.5 	3.9 	7.9 	.493 	0.2 	0.5 	.286 	3.7 	7.3 	.508 	1.7 	2.2 	.759 	1.7 	3.8 	5.5 	1.1 	0.7 	0.2 	1.3 	2.0 	9.6
366 	Kyle Singler 	SF 	26 	DET 	28 	14 	23.0 	2.6 	6.0 	.426 	1.4 	3.4 	.411 	1.2 	2.6 	.446 	0.6 	0.6 	.941 	0.5 	1.9 	2.4 	0.9 	0.5 	0.3 	0.6 	2.1 	7.1
367 	Donald Sloan 	PG 	27 	IND 	25 	19 	28.0 	3.8 	9.8 	.384 	1.2 	3.5 	.341 	2.6 	6.3 	.408 	1.6 	2.0 	.765 	0.4 	3.4 	3.8 	4.6 	0.6 	0.0 	1.5 	1.1 	10.3
368 	Marcus Smart 	PG 	20 	BOS 	12 	1 	18.3 	1.9 	5.6 	.343 	1.1 	3.8 	.289 	0.8 	1.8 	.455 	0.9 	0.9 	1.000 	0.8 	1.4 	2.2 	1.9 	0.9 	0.2 	1.0 	1.9 	5.8
369 	Greg Smith 	PF 	24 	DAL 	15 	0 	5.2 	0.4 	0.7 	.600 	0.0 	0.0 		0.4 	0.7 	.600 	0.4 	0.7 	.600 	0.7 	0.5 	1.1 	0.1 	0.1 	0.0 	0.1 	1.0 	1.2
370 	Ish Smith 	PG 	26 	OKC 	13 	0 	4.3 	0.5 	1.4 	.389 	0.1 	0.2 	.333 	0.5 	1.2 	.400 	0.3 	0.5 	.571 	0.2 	0.8 	1.1 	0.5 	0.2 	0.0 	0.2 	0.2 	1.5
371 	J.R. Smith 	SG 	29 	NYK 	21 	4 	25.1 	4.0 	9.8 	.410 	1.1 	3.4 	.324 	2.9 	6.4 	.455 	1.2 	1.7 	.722 	0.1 	2.1 	2.2 	3.3 	0.7 	0.2 	1.9 	2.0 	10.3
372 	Jason Smith 	C 	28 	NYK 	30 	3 	16.5 	2.9 	6.2 	.468 	0.0 	0.0 	.000 	2.9 	6.2 	.470 	1.2 	1.4 	.860 	0.9 	1.4 	2.3 	0.9 	0.2 	0.1 	1.0 	2.2 	7.0
373 	Josh Smith 	PF 	29 	DET 	28 	28 	32.0 	5.5 	14.0 	.391 	0.3 	1.3 	.243 	5.1 	12.6 	.407 	1.9 	4.0 	.468 	1.9 	5.4 	7.2 	4.7 	1.3 	1.7 	2.6 	2.9 	13.1
374 	Russ Smith 	PG 	23 	NOP 	4 	0 	6.5 	0.5 	2.3 	.222 	0.3 	1.5 	.167 	0.3 	0.8 	.333 	0.0 	0.0 		0.0 	0.8 	0.8 	0.0 	0.0 	0.0 	1.8 	1.5 	1.3
375 	Tony Snell 	SF 	23 	CHI 	21 	0 	9.0 	0.6 	1.8 	.342 	0.3 	0.9 	.333 	0.3 	1.0 	.350 	0.3 	0.3 	1.000 	0.1 	0.8 	0.9 	0.2 	0.2 	0.0 	0.3 	0.9 	1.9
376 	Marreese Speights 	PF 	27 	GSW 	24 	0 	17.3 	5.0 	9.4 	.529 	0.0 	0.1 	.000 	5.0 	9.3 	.536 	2.2 	2.8 	.791 	1.9 	3.5 	5.3 	0.7 	0.3 	0.7 	1.2 	2.8 	12.1
377 	Tiago Splitter 	C 	30 	SAS 	6 	2 	17.3 	2.5 	4.0 	.625 	0.0 	0.0 		2.5 	4.0 	.625 	2.2 	3.0 	.722 	1.3 	3.0 	4.3 	1.8 	0.7 	1.0 	1.3 	1.8 	7.2
378 	Nik Stauskas 	SG 	21 	SAC 	27 	0 	13.6 	1.2 	3.7 	.327 	0.5 	2.2 	.237 	0.7 	1.6 	.452 	0.4 	0.4 	.833 	0.1 	0.8 	1.0 	0.6 	0.1 	0.3 	0.4 	1.2 	3.3
379 	Lance Stephenson 	SG 	24 	CHO 	25 	25 	32.8 	4.3 	11.1 	.386 	0.3 	2.1 	.151 	4.0 	9.0 	.442 	1.3 	2.1 	.635 	1.0 	5.8 	6.8 	4.8 	0.8 	0.1 	2.3 	2.3 	10.2
380 	Greg Stiemsma 	C 	29 	TOR 	8 	0 	5.4 	0.6 	0.8 	.833 	0.0 	0.0 		0.6 	0.8 	.833 	0.3 	0.3 	1.000 	1.0 	0.4 	1.4 	0.3 	0.1 	0.0 	0.5 	1.8 	1.5
Rk 	Player 	Pos 	Age 	Tm 	G 	GS 	MP 	FG 	FGA 	FG% 	3P 	3PA 	3P 	2P 	2PA 	2P 	FT 	FTA 	FT% 	ORB 	DRB 	TRB 	AST 	STL 	BLK 	TOV 	PF 	PTS
381 	Jarnell Stokes 	PF 	21 	MEM 	10 	0 	3.9 	0.8 	1.3 	.615 	0.0 	0.0 		0.8 	1.3 	.615 	0.4 	0.8 	.500 	0.7 	0.7 	1.4 	0.2 	0.1 	0.2 	0.1 	0.8 	2.0
382 	Amar'e Stoudemire 	PF 	32 	NYK 	27 	12 	26.6 	5.4 	9.6 	.564 	0.0 	0.1 	.000 	5.4 	9.5 	.568 	2.6 	3.6 	.711 	2.4 	5.0 	7.4 	1.1 	0.7 	1.1 	2.0 	3.5 	13.4
383 	Rodney Stuckey 	PG 	28 	IND 	21 	15 	25.8 	4.5 	11.2 	.404 	0.5 	1.5 	.313 	4.0 	9.7 	.419 	2.9 	3.7 	.782 	0.6 	3.0 	3.6 	2.9 	0.7 	0.1 	1.6 	2.1 	12.4
384 	Jared Sullinger 	PF 	22 	BOS 	25 	25 	28.4 	5.6 	12.2 	.459 	1.2 	3.2 	.367 	4.4 	9.0 	.491 	1.3 	2.0 	.640 	2.5 	5.6 	8.2 	2.4 	0.6 	0.7 	1.3 	2.6 	13.6
385 	Jeffery Taylor 	F 	25 	CHO 	1 	0 	3.0 	0.0 	0.0 		0.0 	0.0 		0.0 	0.0 		0.0 	0.0 		0.0 	0.0 	0.0 	0.0 	0.0 	0.0 	0.0 	0.0 	0.0
386 	Jeff Teague 	PG 	26 	ATL 	24 	24 	31.3 	5.8 	12.1 	.474 	1.0 	2.7 	.369 	4.8 	9.4 	.504 	4.3 	4.9 	.880 	0.4 	2.1 	2.5 	7.0 	1.6 	0.4 	3.0 	1.9 	16.8
387 	Mirza Teletovic 	PF 	29 	BRK 	23 	4 	23.4 	3.7 	8.4 	.440 	1.7 	5.1 	.339 	2.0 	3.3 	.600 	1.1 	1.5 	.743 	0.7 	4.2 	5.0 	1.5 	0.3 	0.5 	1.3 	1.9 	10.3
388 	Sebastian Telfair 	PG 	29 	OKC 	16 	1 	20.4 	2.9 	7.8 	.368 	1.1 	3.8 	.300 	1.8 	4.1 	.431 	1.5 	2.1 	.706 	0.1 	1.8 	1.9 	2.8 	0.6 	0.0 	1.1 	1.8 	8.4
389 	Garrett Temple 	SG 	28 	WAS 	23 	13 	15.6 	1.2 	3.6 	.341 	0.7 	2.0 	.370 	0.5 	1.6 	.306 	0.9 	1.1 	.769 	0.6 	1.4 	2.0 	1.2 	0.9 	0.2 	0.7 	1.5 	4.0
390 	Jason Terry 	SG 	37 	HOU 	24 	4 	25.1 	3.1 	7.6 	.404 	2.0 	5.3 	.386 	1.0 	2.3 	.446 	0.7 	0.9 	.810 	0.3 	1.4 	1.7 	1.8 	1.1 	0.3 	1.3 	1.4 	8.9
391 	Isaiah Thomas 	PG 	25 	PHO 	21 	0 	24.4 	4.7 	11.0 	.430 	1.6 	4.0 	.388 	3.1 	6.9 	.455 	4.4 	5.1 	.860 	0.6 	1.9 	2.4 	3.8 	0.7 	0.0 	1.8 	2.2 	15.4
392 	Lance Thomas 	SF 	26 	OKC 	20 	13 	22.3 	2.2 	6.2 	.358 	0.0 	0.1 	.000 	2.2 	6.1 	.361 	1.2 	1.7 	.697 	1.4 	2.3 	3.7 	1.0 	0.5 	0.0 	0.9 	1.9 	5.6
393 	Malcolm Thomas 	PF 	26 	PHI 	5 	0 	14.2 	2.0 	2.8 	.714 	0.0 	0.0 		2.0 	2.8 	.714 	0.4 	0.4 	1.000 	0.8 	3.8 	4.6 	0.8 	0.2 	0.2 	0.8 	1.6 	4.4
394 	Hollis Thompson 	SG 	23 	PHI 	25 	21 	28.0 	2.8 	7.1 	.390 	1.3 	4.0 	.333 	1.4 	3.1 	.462 	0.8 	1.3 	.625 	0.6 	2.6 	3.1 	1.2 	1.1 	0.4 	0.9 	2.4 	7.6
395 	Jason Thompson 	PF 	28 	SAC 	27 	27 	27.0 	2.1 	5.1 	.420 	0.0 	0.0 	.000 	2.1 	5.1 	.423 	1.0 	1.7 	.609 	1.7 	5.1 	6.8 	1.1 	0.4 	0.6 	1.1 	3.4 	5.3
396 	Klay Thompson 	SG 	24 	GSW 	24 	24 	34.3 	7.6 	16.9 	.452 	2.9 	6.5 	.439 	4.8 	10.3 	.460 	3.5 	4.0 	.874 	0.3 	3.3 	3.6 	3.4 	1.3 	0.9 	2.1 	1.7 	21.6
397 	Tristan Thompson 	PF 	23 	CLE 	26 	1 	25.8 	3.5 	6.5 	.542 	0.0 	0.0 		3.5 	6.5 	.542 	2.0 	3.0 	.646 	3.4 	3.6 	7.0 	0.6 	0.4 	0.9 	0.9 	2.4 	9.0
398 	Marcus Thornton 	SG 	27 	BOS 	20 	0 	15.4 	3.1 	7.1 	.440 	1.1 	2.6 	.423 	2.0 	4.5 	.449 	0.9 	1.1 	.773 	0.4 	1.0 	1.4 	0.8 	0.5 	0.3 	0.6 	0.6 	8.2
399 	Anthony Tolliver 	PF 	29 	PHO 	24 	0 	11.3 	1.1 	3.1 	.351 	1.0 	2.6 	.387 	0.1 	0.5 	.167 	0.2 	0.3 	.667 	0.3 	1.6 	1.8 	0.4 	0.2 	0.0 	0.5 	0.8 	3.3
400 	P.J. Tucker 	SF 	29 	PHO 	25 	11 	27.2 	2.7 	5.8 	.459 	1.2 	2.7 	.426 	1.5 	3.1 	.487 	0.8 	1.1 	.778 	1.2 	4.7 	5.9 	1.6 	1.0 	0.3 	1.1 	2.3 	7.4
Rk 	Player 	Pos 	Age 	Tm 	G 	GS 	MP 	FG 	FGA 	FG% 	3P 	3PA 	3P 	2P 	2PA 	2P 	FT 	FTA 	FT% 	ORB 	DRB 	TRB 	AST 	STL 	BLK 	TOV 	PF 	PTS
401 	Ronny Turiaf 	C 	32 	MIN 	2 	0 	9.5 	0.0 	0.0 		0.0 	0.0 		0.0 	0.0 		0.0 	0.0 		0.0 	0.5 	0.5 	1.0 	0.0 	0.0 	0.0 	0.0 	0.0
402 	Hedo Turkoglu 	SF 	35 	LAC 	22 	0 	9.2 	1.0 	2.0 	.512 	0.6 	1.2 	.538 	0.4 	0.8 	.471 	0.0 	0.1 	.500 	0.2 	1.0 	1.1 	0.5 	0.3 	0.0 	0.4 	0.8 	2.7
403 	Evan Turner 	SG 	26 	BOS 	25 	3 	23.5 	3.7 	7.8 	.477 	0.3 	1.0 	.308 	3.4 	6.8 	.503 	1.2 	1.3 	.939 	0.6 	3.3 	3.8 	3.4 	0.8 	0.4 	2.2 	2.0 	9.0
404 	Ekpe Udoh 	PF 	27 	LAC 	11 	0 	3.5 	0.1 	0.5 	.167 	0.0 	0.0 		0.1 	0.5 	.167 	0.2 	0.2 	1.000 	0.2 	0.3 	0.5 	0.1 	0.2 	0.2 	0.1 	0.6 	0.4
405 	Beno Udrih 	PG 	32 	MEM 	26 	0 	17.8 	2.9 	5.7 	.514 	0.2 	1.2 	.188 	2.7 	4.5 	.603 	1.0 	1.2 	.844 	0.1 	1.3 	1.4 	3.5 	0.5 	0.1 	1.2 	1.3 	7.1
406 	Jonas Valanciunas 	C 	22 	TOR 	27 	27 	26.6 	4.2 	7.7 	.546 	0.0 	0.0 		4.2 	7.7 	.546 	3.6 	4.4 	.800 	2.4 	6.4 	8.8 	0.4 	0.2 	1.2 	1.3 	2.5 	11.9
407 	Anderson Varejao 	C 	32 	CLE 	25 	25 	24.8 	4.3 	7.8 	.554 	0.0 	0.1 	.000 	4.3 	7.7 	.560 	1.3 	1.8 	.733 	2.1 	4.4 	6.6 	1.4 	0.7 	0.6 	1.4 	2.2 	10.0
408 	Greivis Vasquez 	PG 	28 	TOR 	28 	5 	21.2 	3.7 	9.1 	.402 	1.2 	3.8 	.308 	2.5 	5.3 	.470 	0.8 	1.0 	.759 	0.2 	2.1 	2.4 	3.3 	0.6 	0.2 	1.4 	1.9 	9.3
409 	Charlie Villanueva 	PF 	30 	DAL 	15 	0 	4.1 	1.1 	2.5 	.421 	0.6 	1.5 	.409 	0.5 	1.1 	.438 	0.0 	0.0 		0.1 	0.9 	1.0 	0.1 	0.0 	0.0 	0.2 	0.7 	2.7
410 	Noah Vonleh 	PF 	19 	CHO 	3 	0 	8.0 	1.0 	2.3 	.429 	0.3 	0.7 	.500 	0.7 	1.7 	.400 	0.3 	0.7 	.500 	0.3 	2.3 	2.7 	0.0 	0.3 	0.0 	0.0 	0.3 	2.7
411 	Nikola Vucevic 	C 	24 	ORL 	24 	24 	35.3 	8.0 	15.5 	.515 	0.1 	0.1 	1.000 	7.9 	15.4 	.512 	2.3 	3.0 	.740 	3.4 	8.4 	11.8 	2.0 	0.8 	1.0 	2.5 	2.8 	18.3
412 	Dwyane Wade 	SG 	33 	MIA 	20 	20 	32.7 	9.0 	17.3 	.517 	0.6 	1.4 	.429 	8.4 	15.9 	.525 	4.3 	6.4 	.677 	1.3 	2.5 	3.8 	5.5 	1.0 	0.5 	3.8 	2.0 	22.8
413 	Dion Waiters 	SG 	23 	CLE 	25 	3 	22.6 	4.0 	9.8 	.412 	0.7 	2.6 	.281 	3.3 	7.2 	.459 	1.2 	1.6 	.775 	0.2 	1.0 	1.3 	2.1 	1.1 	0.2 	1.3 	1.8 	10.0
414 	Kemba Walker 	PG 	24 	CHO 	27 	27 	35.4 	6.0 	15.1 	.396 	1.4 	4.3 	.330 	4.6 	10.9 	.422 	3.0 	3.9 	.781 	0.7 	3.5 	4.2 	5.6 	1.4 	0.4 	1.5 	1.8 	16.4
415 	John Wall 	PG 	24 	WAS 	26 	26 	36.1 	6.5 	14.6 	.447 	0.8 	2.6 	.324 	5.7 	12.0 	.474 	3.8 	5.1 	.758 	0.3 	4.3 	4.6 	10.5 	2.1 	0.7 	3.8 	2.5 	17.8
416 	Gerald Wallace 	SF 	32 	BOS 	12 	0 	7.9 	0.2 	0.6 	.286 	0.0 	0.1 	.000 	0.2 	0.5 	.333 	0.3 	0.3 	.750 	0.3 	0.6 	0.8 	0.2 	0.6 	0.2 	0.4 	0.8 	0.6
417 	T.J. Warren 	SF 	21 	PHO 	10 	0 	10.7 	1.8 	3.9 	.462 	0.4 	0.9 	.444 	1.4 	3.0 	.467 	0.2 	0.2 	1.000 	0.7 	0.4 	1.1 	0.3 	0.5 	0.1 	0.7 	1.3 	4.2
418 	C.J. Watson 	PG 	30 	IND 	12 	5 	25.8 	3.6 	8.5 	.422 	1.1 	2.8 	.382 	2.5 	5.7 	.441 	2.7 	3.2 	.842 	0.2 	1.8 	2.0 	4.3 	1.0 	0.1 	2.1 	1.9 	10.9
419 	Travis Wear 	SF 	24 	NYK 	23 	1 	10.7 	1.3 	3.2 	.419 	0.0 	0.1 	.000 	1.3 	3.1 	.437 	0.5 	0.6 	.846 	0.4 	1.0 	1.4 	0.7 	0.1 	0.1 	0.6 	1.0 	3.2
420 	David West 	PF 	34 	IND 	13 	13 	28.2 	5.9 	12.8 	.461 	0.2 	0.8 	.300 	5.7 	12.1 	.471 	0.8 	1.2 	.667 	1.5 	5.0 	6.5 	2.9 	0.6 	0.5 	0.9 	2.6 	12.8
Rk 	Player 	Pos 	Age 	Tm 	G 	GS 	MP 	FG 	FGA 	FG% 	3P 	3PA 	3P 	2P 	2PA 	2P 	FT 	FTA 	FT% 	ORB 	DRB 	TRB 	AST 	STL 	BLK 	TOV 	PF 	PTS
421 	Russell Westbrook 	PG 	26 	OKC 	14 	14 	31.2 	9.1 	19.6 	.462 	1.0 	3.4 	.292 	8.1 	16.2 	.498 	8.2 	9.9 	.827 	1.7 	3.8 	5.5 	7.2 	1.9 	0.0 	3.9 	2.4 	27.4
422 	Hassan Whiteside 	C 	25 	MIA 	4 	0 	6.3 	1.5 	1.5 	1.000 	0.0 	0.0 		1.5 	1.5 	1.000 	0.0 	0.5 	.000 	0.5 	2.3 	2.8 	0.0 	0.5 	0.5 	0.3 	1.3 	3.0
423 	Shayne Whittington 	PF 	23 	IND 	9 	0 	5.2 	0.8 	1.6 	.500 	0.1 	0.3 	.333 	0.7 	1.2 	.545 	0.6 	0.8 	.714 	0.6 	1.1 	1.7 	0.3 	0.4 	0.1 	0.2 	0.4 	2.2
424 	Andrew Wiggins 	SG 	19 	MIN 	26 	26 	30.7 	4.4 	11.4 	.385 	0.5 	1.3 	.364 	3.9 	10.1 	.388 	2.8 	4.0 	.702 	1.1 	2.9 	4.0 	1.3 	1.0 	0.5 	2.0 	2.3 	12.0
425 	C.J. Wilcox 	G 	24 	LAC 	3 	0 	3.7 	1.0 	1.7 	.600 	1.0 	1.3 	.750 	0.0 	0.3 	.000 	0.0 	0.0 		0.0 	0.3 	0.3 	0.7 	0.0 	0.0 	0.0 	0.0 	3.0
426 	Deron Williams 	PG 	30 	BRK 	25 	25 	34.5 	5.1 	12.7 	.403 	1.6 	4.1 	.382 	3.6 	8.6 	.412 	3.8 	4.3 	.880 	0.5 	2.6 	3.1 	6.8 	1.1 	0.3 	2.6 	2.4 	15.6
427 	Derrick Williams 	PF 	23 	SAC 	22 	0 	14.4 	2.2 	5.0 	.440 	0.5 	1.3 	.345 	1.7 	3.6 	.475 	1.6 	2.5 	.648 	0.5 	1.5 	2.1 	0.3 	0.3 	0.0 	0.7 	0.9 	6.4
428 	Louis Williams 	SG 	28 	TOR 	28 	0 	22.9 	4.5 	10.8 	.419 	1.9 	4.8 	.385 	2.6 	5.9 	.446 	3.9 	4.4 	.871 	0.4 	1.3 	1.6 	1.4 	1.1 	0.1 	1.1 	1.3 	14.7
429 	Marvin Williams 	PF 	28 	CHO 	25 	16 	24.6 	2.5 	5.5 	.453 	1.2 	3.2 	.375 	1.3 	2.3 	.561 	0.3 	0.5 	.615 	0.6 	2.7 	3.2 	1.0 	0.5 	0.2 	0.8 	1.9 	6.5
430 	Mo Williams 	PG 	32 	MIN 	19 	7 	26.3 	4.1 	9.8 	.412 	1.1 	3.2 	.350 	2.9 	6.7 	.441 	1.7 	2.1 	.821 	0.4 	1.7 	2.1 	6.5 	0.6 	0.2 	2.3 	2.5 	10.9
431 	Shawne Williams 	SF 	28 	MIA 	28 	19 	24.6 	2.8 	6.3 	.440 	1.7 	4.0 	.432 	1.0 	2.3 	.453 	0.9 	1.0 	.828 	0.6 	3.2 	3.9 	1.1 	0.4 	0.5 	0.5 	3.0 	8.1
432 	Jeff Withey 	C 	24 	NOP 	16 	0 	7.1 	0.9 	1.7 	.556 	0.0 	0.0 		0.9 	1.7 	.556 	1.0 	1.4 	.727 	0.6 	1.3 	1.8 	0.3 	0.1 	0.6 	0.3 	0.8 	2.9
433 	Nate Wolters 	PG 	23 	MIL 	8 	0 	12.5 	1.1 	2.9 	.391 	0.0 	0.5 	.000 	1.1 	2.4 	.474 	0.1 	0.5 	.250 	0.0 	1.3 	1.3 	0.6 	0.3 	0.0 	0.3 	0.9 	2.4
434 	Brandan Wright 	PF 	27 	TOT 	28 	0 	18.5 	3.7 	5.0 	.743 	0.0 	0.0 		3.7 	5.0 	.743 	1.3 	1.7 	.750 	1.9 	2.1 	4.0 	0.4 	0.6 	1.5 	0.5 	1.6 	8.7
434 	Brandan Wright 	PF 	27 	DAL 	27 	0 	18.7 	3.7 	5.0 	.748 	0.0 	0.0 		3.7 	5.0 	.748 	1.3 	1.8 	.750 	1.9 	2.2 	4.1 	0.4 	0.6 	1.6 	0.5 	1.6 	8.8
434 	Brandan Wright 	F 	27 	BOS 	1 	0 	13.0 	3.0 	5.0 	.600 	0.0 	0.0 		3.0 	5.0 	.600 	0.0 	0.0 		2.0 	1.0 	3.0 	0.0 	0.0 	0.0 	1.0 	0.0 	6.0
435 	Dorell Wright 	SF 	29 	POR 	10 	0 	8.7 	0.9 	2.6 	.346 	0.7 	1.6 	.438 	0.2 	1.0 	.200 	0.3 	0.3 	1.000 	0.1 	2.0 	2.1 	0.4 	0.2 	0.2 	0.4 	0.9 	2.8
436 	Tony Wroten 	SG 	21 	PHI 	20 	14 	30.8 	5.6 	13.6 	.408 	1.3 	4.3 	.294 	4.3 	9.4 	.460 	4.0 	6.1 	.653 	0.8 	2.3 	3.1 	5.7 	1.7 	0.3 	4.0 	2.7 	16.3
437 	James Young 	SG 	19 	BOS 	5 	0 	3.6 	1.0 	1.6 	.625 	0.2 	0.6 	.333 	0.8 	1.0 	.800 	0.0 	0.2 	.000 	0.0 	0.4 	0.4 	0.2 	0.0 	0.2 	0.0 	0.2 	2.2
438 	Nick Young 	SG 	29 	LAL 	17 	0 	25.0 	5.0 	12.1 	.415 	2.4 	5.6 	.432 	2.6 	6.5 	.400 	3.2 	3.6 	.885 	0.3 	2.2 	2.5 	0.6 	0.6 	0.5 	0.7 	2.2 	15.6
439 	Thaddeus Young 	PF 	26 	MIN 	21 	21 	32.3 	6.0 	13.5 	.447 	0.3 	1.3 	.259 	5.7 	12.2 	.467 	1.7 	3.0 	.556 	1.2 	3.2 	4.4 	2.1 	1.6 	0.4 	1.7 	2.4 	14.1
440 	Cody Zeller 	C 	22 	CHO 	27 	11 	23.6 	2.7 	5.9 	.456 	0.0 	0.0 		2.7 	5.9 	.456 	2.4 	3.1 	.765 	1.7 	3.6 	5.3 	1.2 	0.4 	0.6 	0.9 	2.6 	7.7
Rk 	Player 	Pos 	Age 	Tm 	G 	GS 	MP 	FG 	FGA 	FG% 	3P 	3PA 	3P 	2P 	2PA 	2P 	FT 	FTA 	FT% 	ORB 	DRB 	TRB 	AST 	STL 	BLK 	TOV 	PF 	PTS
441 	Tyler Zeller 	C 	25 	BOS 	25 	12 	19.0 	3.7 	5.7 	.648 	0.0 	0.0 		3.7 	5.7 	.648 	1.8 	2.2 	.821 	1.6 	3.6 	5.2 	1.2 	0.2 	0.8 	0.8 	2.7 	9.2
