2 	Steven Adams 	C 	20 	OKC 	56 	2 	14.2 	1.1 	2.4 	.477 	0.0 	0.0 	0.0	1.1 	2.4 	.477 	1.0 	1.7 	.611 	1.9 	2.3 	4.1 	0.6 	0.4 	0.8 	1.0 	2.6 	3.3
4 	Arron Afflalo 	SG 	28 	ORL 	53 	53 	36.5 	6.9 	14.6 	.470 	1.9 	4.4 	.438 	4.9 	10.2 	.483 	4.0 	4.9 	.817 	0.5 	3.6 	4.0 	3.6 	0.6 	0.0 	2.0 	1.8 	19.7
6 	Cole Aldrich 	C 	25 	NYK 	26 	0 	4.3 	0.3 	0.7 	.412 	0.0 	0.0 	0.0	0.3 	0.7 	.412 	0.2 	0.3 	.750 	0.5 	1.5 	2.0 	0.3 	0.1 	0.3 	0.3 	0.5 	0.8
7 	LaMarcus Aldridge 	PF 	28 	POR 	53 	53 	37.0 	9.8 	21.0 	.466 	0.0 	0.2 	.200 	9.7 	20.8 	.469 	4.3 	5.3 	.821 	2.4 	9.0 	11.4 	2.8 	0.9 	1.0 	1.8 	2.1 	23.9
8 	Lavoy Allen 	PF 	24 	PHI 	51 	2 	18.8 	2.3 	5.2 	.440 	0.0 	0.3 	.154 	2.3 	5.0 	.455 	0.5 	0.8 	.675 	2.1 	3.4 	5.4 	1.3 	0.4 	0.5 	0.8 	2.3 	5.2
9 	Ray Allen 	SG 	38 	MIA 	49 	9 	26.4 	3.1 	7.2 	.428 	1.4 	3.9 	.349 	1.7 	3.3 	.522 	1.5 	1.7 	.901 	0.3 	2.7 	3.0 	2.1 	0.9 	0.1 	1.3 	1.7 	9.0
10 	Tony Allen 	SG 	32 	MEM 	29 	27 	26.3 	4.2 	8.3 	.504 	0.2 	1.0 	.214 	4.0 	7.3 	.542 	1.6 	2.3 	.687 	1.6 	2.4 	4.0 	1.9 	1.9 	0.5 	1.8 	2.2 	10.1
11 	Al-Farouq Aminu 	SF 	23 	NOP 	54 	53 	26.6 	3.1 	6.6 	.471 	0.2 	0.6 	.290 	2.9 	6.0 	.488 	0.9 	1.5 	.622 	1.6 	4.9 	6.5 	1.5 	1.1 	0.5 	1.1 	1.9 	7.3
13 	Chris Andersen 	C 	35 	MIA 	46 	0 	19.1 	2.5 	3.7 	.682 	0.0 	0.2 	.286 	2.5 	3.5 	.699 	1.5 	2.3 	.683 	1.6 	3.0 	4.7 	0.4 	0.5 	1.1 	0.7 	2.4 	6.6
16 	Ryan Anderson 	PF 	25 	NOP 	22 	14 	36.1 	7.0 	16.1 	.438 	3.0 	7.5 	.409 	4.0 	8.6 	.463 	2.7 	2.8 	.952 	3.0 	3.5 	6.5 	0.8 	0.5 	0.3 	0.9 	2.1 	19.8
17 	Giannis Antetokounmpo 	SF 	19 	MIL 	50 	21 	24.3 	2.4 	5.5 	.428 	0.5 	1.5 	.316 	1.9 	4.0 	.470 	1.9 	2.7 	.684 	1.1 	3.5 	4.6 	1.8 	0.8 	0.8 	1.6 	2.3 	7.1
18 	Carmelo Anthony 	PF 	29 	NYK 	53 	53 	39.1 	9.9 	21.8 	.453 	2.2 	5.1 	.419 	7.8 	16.7 	.464 	6.0 	7.2 	.836 	2.2 	6.4 	8.5 	3.0 	1.2 	0.7 	2.4 	2.8 	27.9
20 	Pero Antic 	PF 	31 	ATL 	29 	8 	15.6 	2.0 	4.8 	.428 	1.0 	2.7 	.367 	1.0 	2.0 	.508 	0.7 	0.9 	.778 	0.9 	2.6 	3.4 	1.0 	0.3 	0.3 	0.8 	2.1 	5.8
21 	Trevor Ariza 	SF 	28 	WAS 	50 	50 	35.7 	4.9 	11.1 	.442 	2.4 	5.9 	.401 	2.6 	5.3 	.487 	1.9 	2.5 	.776 	1.3 	5.1 	6.4 	2.7 	1.9 	0.3 	1.7 	2.3 	14.1
24 	Omer Asik 	C 	27 	HOU 	22 	8 	17.3 	1.5 	3.1 	.471 	0.0 	0.0 	0.0	1.5 	3.1 	.471 	1.2 	2.0 	.628 	1.8 	4.9 	6.6 	0.5 	0.2 	0.4 	1.1 	1.7 	4.1
25 	D.J. Augustin 	PG 	26 	TOT 	44 	9 	25.6 	3.7 	9.0 	.411 	1.8 	4.2 	.424 	1.9 	4.8 	.400 	2.2 	2.5 	.898 	0.2 	1.5 	1.7 	4.5 	0.9 	0.0 	1.9 	2.1 	11.3
30 	Jose Barea 	PG 	29 	MIN 	55 	0 	18.2 	3.4 	8.3 	.409 	1.0 	2.9 	.329 	2.4 	5.4 	.453 	0.9 	1.2 	.750 	0.1 	1.7 	1.9 	3.6 	0.3 	0.0 	1.5 	1.5 	8.7
31 	Andrea Bargnani 	C 	28 	NYK 	42 	39 	29.9 	5.3 	12.0 	.442 	0.7 	2.6 	.278 	4.6 	9.4 	.487 	2.0 	2.4 	.824 	1.6 	3.6 	5.3 	1.1 	0.3 	1.2 	1.4 	2.4 	13.3
32 	Harrison Barnes 	SF 	21 	GSW 	52 	16 	28.8 	3.7 	9.1 	.410 	0.9 	2.2 	.400 	2.8 	6.8 	.413 	1.8 	2.5 	.727 	0.8 	3.2 	4.1 	1.3 	0.9 	0.2 	1.2 	2.2 	10.1
33 	Matt Barnes 	SF 	33 	LAC 	38 	15 	24.4 	2.7 	7.0 	.386 	1.1 	3.5 	.308 	1.6 	3.5 	.463 	1.0 	1.4 	.698 	0.9 	3.2 	4.1 	1.7 	0.7 	0.3 	1.2 	3.0 	7.5
35 	Brandon Bass 	PF 	28 	BOS 	57 	48 	27.5 	4.3 	8.9 	.480 	0.0 	0.1 	.667 	4.2 	8.8 	.479 	2.6 	3.0 	.850 	1.7 	4.1 	5.9 	1.1 	0.5 	0.9 	1.2 	2.6 	11.1
36 	Shane Battier 	SF 	35 	MIA 	47 	42 	21.1 	1.7 	4.1 	.402 	1.1 	3.3 	.353 	0.5 	0.9 	.585 	0.3 	0.4 	.722 	0.5 	1.6 	2.1 	0.9 	0.6 	0.6 	0.2 	1.9 	4.7
37 	Nicolas Batum 	SF 	25 	POR 	55 	55 	35.9 	4.4 	9.7 	.453 	1.6 	4.8 	.338 	2.8 	4.9 	.567 	2.2 	2.7 	.824 	1.3 	5.1 	6.4 	5.3 	1.0 	0.6 	2.6 	1.9 	12.7
41 	Bradley Beal 	SG 	20 	WAS 	46 	46 	33.3 	6.5 	15.9 	.409 	2.0 	4.8 	.418 	4.5 	11.2 	.405 	1.8 	2.2 	.828 	0.7 	3.1 	3.7 	3.5 	0.9 	0.2 	1.9 	2.1 	16.8
42 	Michael Beasley 	SF 	25 	MIA 	36 	1 	15.4 	3.4 	6.7 	.510 	0.4 	0.9 	.424 	3.0 	5.8 	.524 	1.3 	1.8 	.750 	0.7 	2.7 	3.4 	0.6 	0.4 	0.3 	1.1 	2.0 	8.6
43 	Marco Belinelli 	SF 	27 	SAS 	55 	22 	25.5 	4.4 	8.8 	.499 	1.6 	3.6 	.447 	2.8 	5.2 	.535 	1.2 	1.4 	.821 	0.3 	2.7 	3.0 	2.2 	0.7 	0.0 	1.3 	1.7 	11.6
44 	Anthony Bennett 	SF 	20 	CLE 	44 	0 	12.9 	1.5 	4.4 	.337 	0.3 	1.1 	.229 	1.2 	3.3 	.372 	0.9 	1.4 	.619 	1.0 	2.1 	3.1 	0.3 	0.4 	0.2 	0.9 	1.9 	4.1
45 	Patrick Beverley 	SG 	25 	HOU 	37 	36 	31.9 	3.4 	8.5 	.394 	1.6 	4.5 	.345 	1.8 	4.0 	.449 	1.1 	1.4 	.804 	1.6 	2.4 	4.0 	2.8 	1.4 	0.4 	1.1 	3.0 	9.4
48 	Bismack Biyombo 	C 	21 	CHA 	52 	9 	15.5 	1.3 	2.1 	.645 	0.0 	0.0 	0.0	1.3 	2.1 	.645 	0.8 	1.5 	.538 	1.4 	3.9 	5.3 	0.1 	0.1 	1.2 	0.6 	1.6 	3.5
49 	DeJuan Blair 	PF 	24 	DAL 	56 	13 	18.2 	3.3 	5.9 	.556 	0.0 	0.0 	.000 	3.3 	5.9 	.559 	0.9 	1.5 	.631 	2.0 	3.5 	5.5 	1.0 	0.9 	0.3 	1.1 	2.7 	7.5
50 	Steve Blake 	PG 	33 	TOT 	29 	27 	31.9 	3.1 	8.3 	.376 	1.9 	4.8 	.399 	1.2 	3.6 	.346 	1.0 	1.2 	.800 	0.3 	3.4 	3.7 	7.3 	1.2 	0.1 	2.5 	1.7 	9.1
51 	Andray Blatche 	PF 	27 	BRK 	47 	6 	22.1 	4.8 	10.0 	.481 	0.2 	0.8 	.243 	4.6 	9.2 	.501 	2.2 	3.0 	.743 	1.8 	3.9 	5.7 	1.4 	1.1 	0.5 	1.5 	2.3 	12.0
52 	Eric Bledsoe 	PG 	24 	PHO 	24 	22 	33.5 	6.3 	13.0 	.486 	1.2 	3.3 	.350 	5.1 	9.6 	.532 	4.2 	5.3 	.789 	0.4 	3.8 	4.3 	5.8 	1.5 	0.3 	3.3 	2.5 	18.0
55 	Andrew Bogut 	C 	29 	GSW 	48 	48 	27.5 	3.9 	6.1 	.636 	0.0 	0.0 	0.0	3.9 	6.1 	.636 	0.4 	1.1 	.346 	2.9 	7.8 	10.7 	1.6 	0.8 	1.9 	1.7 	3.0 	8.2
56 	Matt Bonner 	PF 	33 	SAS 	47 	0 	12.0 	1.2 	2.7 	.449 	0.7 	1.6 	.447 	0.5 	1.1 	.451 	0.2 	0.2 	.800 	0.3 	1.7 	2.0 	0.5 	0.3 	0.2 	0.3 	0.9 	3.3
58 	Carlos Boozer 	PF 	32 	CHI 	48 	48 	29.7 	6.2 	13.8 	.452 	0.0 	0.0 	.000 	6.2 	13.8 	.452 	2.3 	3.0 	.778 	1.9 	6.6 	8.6 	1.6 	0.8 	0.4 	2.3 	2.9 	14.8
59 	Chris Bosh 	C 	29 	MIA 	52 	52 	31.9 	6.4 	12.1 	.534 	0.8 	2.2 	.363 	5.7 	9.9 	.572 	3.2 	3.9 	.814 	1.3 	5.5 	6.8 	1.2 	0.9 	1.0 	1.6 	2.6 	16.9
60 	Avery Bradley 	PG 	23 	BOS 	46 	46 	30.6 	6.0 	13.7 	.434 	1.0 	2.9 	.356 	4.9 	10.9 	.454 	1.4 	1.9 	.756 	0.9 	3.1 	3.9 	1.4 	1.0 	0.2 	1.6 	2.6 	14.3
62 	Corey Brewer 	SF 	27 	MIN 	54 	54 	31.9 	4.5 	9.7 	.465 	0.9 	3.0 	.294 	3.6 	6.7 	.541 	1.7 	2.4 	.727 	0.7 	1.7 	2.4 	1.6 	1.6 	0.4 	1.4 	2.7 	11.6
64 	Aaron Brooks 	PG 	29 	TOT 	44 	0 	16.9 	2.5 	6.2 	.405 	1.3 	3.0 	.410 	1.3 	3.2 	.400 	0.9 	1.0 	.848 	0.5 	0.9 	1.4 	1.9 	0.6 	0.2 	1.2 	1.8 	7.2
68 	Kobe Bryant 	SG 	35 	LAL 	6 	6 	29.5 	5.2 	12.2 	.425 	0.5 	2.7 	.188 	4.7 	9.5 	.491 	3.0 	3.5 	.857 	0.3 	4.0 	4.3 	6.3 	1.2 	0.2 	5.7 	1.5 	13.8
71 	Trey Burke 	PG 	21 	UTA 	43 	41 	31.0 	4.9 	13.0 	.375 	1.7 	4.9 	.336 	3.2 	8.1 	.398 	1.4 	1.6 	.910 	0.5 	2.6 	3.1 	5.6 	0.6 	0.1 	1.9 	2.0 	12.8
72 	Alec Burks 	SG 	22 	UTA 	55 	8 	27.4 	4.7 	10.7 	.440 	0.6 	1.7 	.344 	4.1 	9.0 	.458 	3.6 	4.7 	.755 	0.7 	2.5 	3.3 	2.6 	0.8 	0.2 	1.9 	2.3 	13.6
73 	Caron Butler 	SF 	33 	MIL 	34 	13 	24.1 	4.0 	10.4 	.387 	1.6 	4.3 	.361 	2.5 	6.1 	.406 	1.4 	1.6 	.839 	0.5 	4.2 	4.6 	1.6 	0.7 	0.3 	1.5 	1.9 	11.0
74 	Jimmy Butler 	SG 	24 	CHI 	41 	41 	36.6 	3.9 	10.1 	.387 	0.9 	3.4 	.275 	3.0 	6.7 	.444 	3.6 	4.6 	.784 	1.4 	3.6 	5.0 	2.3 	1.9 	0.6 	1.5 	1.4 	12.4
77 	Andrew Bynum 	C 	26 	CLE 	24 	19 	20.0 	3.5 	8.5 	.419 	0.0 	0.0 	0.0	3.5 	8.5 	.419 	1.3 	1.8 	.762 	2.0 	3.3 	5.3 	1.1 	0.3 	1.2 	1.3 	1.2 	8.4
79 	Nick Calathes 	SG 	24 	MEM 	44 	7 	16.6 	2.0 	4.4 	.462 	0.3 	0.9 	.366 	1.7 	3.5 	.487 	0.6 	1.0 	.565 	0.3 	1.5 	1.8 	2.7 	0.9 	0.1 	1.5 	1.9 	5.0
80 	Jose Calderon 	SG 	32 	DAL 	56 	56 	31.2 	4.2 	9.4 	.449 	2.4 	5.4 	.444 	1.8 	4.0 	.455 	0.7 	0.8 	.809 	0.4 	2.0 	2.4 	4.8 	1.0 	0.1 	1.3 	1.9 	11.6
81 	Kentavious Caldwell-Pope 	SG 	20 	DET 	54 	40 	22.5 	2.5 	6.3 	.393 	0.8 	2.6 	.309 	1.7 	3.7 	.450 	0.6 	0.8 	.738 	0.4 	1.6 	2.0 	0.8 	1.0 	0.1 	0.4 	2.0 	6.3
82 	Isaiah Canaan 	PG 	22 	HOU 	5 	0 	4.0 	0.2 	0.8 	.250 	0.0 	0.6 	.000 	0.2 	0.2 	1.000 	0.8 	0.8 	1.000 	0.0 	0.2 	0.2 	0.0 	0.0 	0.0 	0.0 	0.6 	1.2
83 	DeMarre Carroll 	SF 	27 	ATL 	48 	48 	31.0 	4.0 	8.4 	.474 	1.3 	3.5 	.367 	2.7 	4.9 	.549 	1.4 	1.9 	.764 	1.4 	4.0 	5.5 	1.8 	1.4 	0.3 	1.0 	2.5 	10.6
84 	Vince Carter 	SG 	37 	DAL 	56 	0 	24.2 	3.8 	9.5 	.403 	1.5 	4.2 	.361 	2.3 	5.4 	.437 	2.2 	2.7 	.828 	0.8 	2.8 	3.5 	2.8 	0.7 	0.4 	1.4 	2.4 	11.4
85 	Michael Carter-Williams 	PG 	22 	PHI 	44 	44 	34.6 	6.2 	15.5 	.398 	0.9 	3.3 	.281 	5.3 	12.2 	.429 	4.0 	5.6 	.704 	1.5 	3.9 	5.3 	6.3 	2.0 	0.7 	3.6 	3.0 	17.3
87 	Mario Chalmers 	PG 	27 	MIA 	47 	47 	29.1 	3.4 	7.2 	.466 	1.2 	3.1 	.390 	2.1 	4.1 	.523 	1.8 	2.4 	.757 	0.5 	2.1 	2.6 	5.0 	1.8 	0.2 	2.3 	2.9 	9.7
88 	Tyson Chandler 	C 	31 	NYK 	32 	32 	29.6 	3.5 	5.9 	.596 	0.0 	0.0 	0.0	3.5 	5.9 	.596 	1.7 	2.8 	.600 	2.9 	6.4 	9.3 	1.2 	0.8 	1.4 	1.2 	2.7 	8.7
89 	Wilson Chandler 	SF 	26 	DEN 	46 	42 	31.3 	5.1 	12.1 	.420 	2.1 	5.8 	.362 	3.0 	6.3 	.472 	2.0 	2.7 	.728 	1.0 	3.7 	4.8 	1.8 	0.8 	0.6 	1.1 	3.0 	14.2
95 	Norris Cole 	PG 	25 	MIA 	53 	6 	25.5 	2.9 	6.6 	.443 	0.9 	2.2 	.387 	2.1 	4.4 	.472 	0.8 	1.0 	.824 	0.2 	2.1 	2.3 	3.2 	1.1 	0.1 	1.7 	1.9 	7.5
96 	Darren Collison 	PG 	26 	LAC 	57 	19 	23.2 	3.5 	7.5 	.460 	0.7 	1.9 	.369 	2.8 	5.6 	.492 	2.3 	2.7 	.864 	0.5 	1.7 	2.2 	3.6 	1.1 	0.2 	1.6 	1.8 	10.0
97 	Nick Collison 	PF 	33 	OKC 	55 	0 	17.4 	1.7 	3.1 	.559 	0.0 	0.2 	.167 	1.7 	2.9 	.589 	0.9 	1.2 	.727 	1.4 	2.1 	3.5 	1.3 	0.3 	0.4 	0.8 	2.1 	4.4
98 	Mike Conley 	PG 	26 	MEM 	46 	46 	34.4 	6.6 	14.6 	.452 	1.5 	4.1 	.356 	5.2 	10.5 	.490 	3.2 	3.8 	.841 	0.5 	2.2 	2.7 	6.2 	1.5 	0.2 	1.9 	2.0 	17.9
100 	DeMarcus Cousins 	C 	23 	SAC 	47 	47 	32.6 	7.9 	16.4 	.483 	0.0 	0.1 	.000 	7.9 	16.3 	.488 	6.5 	9.0 	.720 	3.1 	8.5 	11.6 	2.9 	1.6 	1.2 	3.5 	3.8 	22.3
103 	Jamal Crawford 	SG 	33 	LAC 	57 	20 	30.8 	6.2 	14.8 	.418 	2.3 	6.3 	.359 	3.9 	8.5 	.462 	4.1 	4.8 	.856 	0.5 	1.8 	2.4 	3.2 	0.9 	0.2 	2.0 	1.7 	18.8
104 	Jordan Crawford 	SG 	25 	TOT 	55 	35 	26.6 	4.2 	10.3 	.406 	1.1 	3.5 	.309 	3.1 	6.8 	.457 	2.3 	2.6 	.869 	0.4 	2.2 	2.6 	4.7 	0.8 	0.1 	2.0 	1.7 	11.7
109 	Stephen Curry 	PG 	25 	GSW 	53 	53 	37.6 	8.4 	18.1 	.464 	3.4 	8.1 	.421 	5.0 	10.0 	.498 	4.1 	4.7 	.868 	0.6 	3.7 	4.3 	8.9 	1.7 	0.2 	3.9 	2.7 	24.3
113 	Anthony Davis 	C 	20 	NOP 	47 	46 	35.7 	7.8 	14.9 	.524 	0.0 	0.1 	.250 	7.8 	14.9 	.526 	4.7 	6.2 	.764 	3.5 	6.7 	10.2 	1.4 	1.6 	3.1 	1.8 	3.3 	20.4
114 	Ed Davis 	PF 	24 	MEM 	48 	3 	16.0 	2.6 	4.9 	.532 	0.0 	0.0 	0.0	2.6 	4.9 	.532 	0.8 	1.5 	.542 	1.4 	2.9 	4.3 	0.5 	0.3 	0.7 	0.6 	2.0 	6.1
115 	Glen Davis 	PF 	28 	ORL 	45 	43 	30.1 	5.2 	11.4 	.453 	0.1 	0.2 	.400 	5.1 	11.2 	.454 	1.7 	2.5 	.675 	1.9 	4.3 	6.3 	1.6 	1.0 	0.5 	1.3 	2.5 	12.1
119 	Matthew Dellavedova 	SG 	23 	CLE 	46 	4 	14.8 	1.3 	3.4 	.380 	0.6 	1.8 	.333 	0.7 	1.6 	.432 	0.5 	0.7 	.800 	0.3 	1.0 	1.4 	1.8 	0.5 	0.1 	0.6 	1.5 	3.7
120 	Luol Deng 	SF 	28 	TOT 	43 	43 	35.4 	6.2 	14.2 	.436 	0.9 	2.9 	.325 	5.3 	11.4 	.464 	3.8 	4.8 	.800 	1.8 	4.3 	6.1 	3.0 	1.1 	0.2 	2.1 	2.0 	17.2
121 	DeMar DeRozan 	SG 	24 	TOR 	53 	53 	37.8 	7.8 	18.2 	.427 	0.9 	3.0 	.304 	6.8 	15.2 	.452 	5.8 	7.2 	.802 	0.8 	3.8 	4.6 	3.8 	1.1 	0.4 	2.2 	2.2 	22.3
122 	Boris Diaw 	PF 	31 	SAS 	53 	18 	25.1 	4.1 	7.5 	.549 	0.5 	1.2 	.424 	3.6 	6.2 	.574 	0.9 	1.2 	.754 	0.8 	2.8 	3.6 	2.5 	0.6 	0.4 	1.5 	1.7 	9.7
123 	Gorgui Dieng 	C 	24 	MIN 	35 	0 	6.6 	0.6 	1.5 	.423 	0.0 	0.0 	0.0	0.6 	1.5 	.423 	0.3 	0.7 	.391 	0.6 	1.7 	2.3 	0.3 	0.3 	0.6 	0.5 	1.4 	1.5
125 	Chris Douglas-Roberts 	SF 	27 	CHA 	25 	4 	16.4 	1.5 	3.3 	.451 	0.6 	1.7 	.372 	0.8 	1.6 	.538 	0.7 	0.9 	.783 	0.2 	1.7 	1.8 	0.6 	0.3 	0.3 	0.8 	0.8 	4.3
126 	Goran Dragic 	SG 	27 	PHO 	51 	50 	34.6 	7.0 	13.9 	.502 	1.5 	3.7 	.404 	5.5 	10.3 	.537 	4.5 	5.9 	.770 	1.0 	2.5 	3.5 	6.3 	1.4 	0.2 	2.9 	2.5 	20.0
127 	Andre Drummond 	C 	20 	DET 	56 	56 	32.3 	5.8 	9.4 	.613 	0.0 	0.0 	.000 	5.8 	9.4 	.615 	1.6 	3.9 	.395 	5.4 	7.4 	12.8 	0.4 	1.4 	1.8 	1.4 	3.4 	13.1
128 	Jared Dudley 	SF 	28 	LAC 	57 	42 	25.9 	2.9 	6.7 	.442 	1.2 	3.4 	.352 	1.7 	3.2 	.538 	0.5 	0.7 	.643 	0.5 	1.6 	2.2 	1.5 	0.6 	0.1 	0.8 	2.2 	7.6
129 	Tim Duncan 	C 	37 	SAS 	51 	51 	29.5 	6.2 	12.6 	.491 	0.0 	0.1 	.000 	6.2 	12.6 	.495 	3.1 	4.4 	.714 	2.1 	7.8 	10.0 	2.9 	0.5 	2.0 	2.2 	1.7 	15.6
130 	Mike Dunleavy 	SF 	33 	CHI 	54 	33 	29.7 	4.0 	9.2 	.433 	1.4 	3.8 	.376 	2.6 	5.4 	.474 	1.5 	1.9 	.810 	0.5 	3.5 	4.0 	2.1 	0.8 	0.5 	1.4 	1.8 	10.9
131 	Kevin Durant 	SF 	25 	OKC 	55 	55 	38.2 	10.3 	20.3 	.509 	2.2 	5.4 	.405 	8.1 	14.9 	.547 	8.5 	9.7 	.879 	0.8 	7.0 	7.8 	5.5 	1.5 	0.8 	3.6 	2.3 	31.4
133 	Monta Ellis 	PG 	28 	DAL 	57 	57 	36.4 	7.0 	15.2 	.458 	0.7 	2.2 	.305 	6.3 	13.0 	.484 	4.3 	5.4 	.797 	0.5 	2.9 	3.4 	5.8 	1.8 	0.3 	3.3 	2.5 	18.9
134 	Jeremy Evans 	SF 	26 	UTA 	40 	3 	19.3 	3.1 	5.6 	.545 	0.0 	0.1 	.000 	3.1 	5.6 	.550 	1.0 	1.4 	.702 	2.1 	3.3 	5.4 	0.8 	0.6 	0.6 	0.5 	2.3 	7.1
136 	Tyreke Evans 	SF 	24 	NOP 	47 	0 	24.7 	4.5 	11.2 	.402 	0.2 	1.1 	.154 	4.3 	10.1 	.429 	3.1 	3.9 	.783 	0.9 	3.4 	4.4 	4.3 	1.1 	0.3 	2.1 	2.2 	12.3
137 	Kenneth Faried 	PF 	24 	DEN 	52 	49 	25.2 	4.6 	8.4 	.546 	0.0 	0.1 	.000 	4.6 	8.3 	.550 	1.8 	2.9 	.607 	2.8 	4.8 	7.5 	1.0 	0.8 	0.9 	1.3 	2.3 	10.9
138 	Jordan Farmar 	PG 	27 	LAL 	25 	5 	21.4 	3.5 	8.4 	.414 	1.4 	3.3 	.410 	2.1 	5.1 	.417 	0.9 	1.2 	.733 	0.7 	2.4 	3.2 	4.8 	0.7 	0.2 	2.4 	1.5 	9.2
140 	Derrick Favors 	PF 	22 	UTA 	46 	46 	30.4 	5.1 	10.2 	.504 	0.0 	0.0 	.000 	5.1 	10.2 	.505 	2.6 	3.9 	.667 	2.7 	6.3 	9.0 	1.1 	1.0 	1.4 	1.8 	3.1 	12.9
142 	Raymond Felton 	PG 	29 	NYK 	40 	40 	32.8 	4.2 	10.4 	.400 	1.0 	3.3 	.288 	3.2 	7.1 	.452 	1.2 	1.7 	.706 	0.9 	2.2 	3.0 	6.0 	1.0 	0.5 	2.1 	2.5 	10.5
144 	Derek Fisher 	SG 	39 	OKC 	55 	0 	16.3 	1.7 	4.2 	.394 	1.0 	2.6 	.376 	0.7 	1.6 	.422 	0.7 	0.8 	.818 	0.2 	1.3 	1.4 	1.4 	0.7 	0.0 	0.6 	1.7 	4.9
145 	Evan Fournier 	SG 	21 	DEN 	48 	2 	17.0 	2.7 	6.5 	.412 	1.0 	2.6 	.395 	1.6 	3.9 	.422 	0.8 	1.2 	.690 	0.5 	2.0 	2.5 	1.1 	0.4 	0.1 	1.3 	2.1 	7.2
146 	Randy Foye 	SG 	30 	DEN 	53 	50 	28.3 	4.0 	9.9 	.405 	2.1 	5.6 	.368 	1.9 	4.3 	.454 	1.8 	2.0 	.869 	0.3 	2.2 	2.5 	3.2 	0.7 	0.5 	1.7 	2.5 	11.9
150 	Channing Frye 	PF 	30 	PHO 	54 	54 	29.0 	4.6 	10.1 	.453 	2.3 	5.6 	.404 	2.3 	4.5 	.514 	1.0 	1.3 	.783 	0.9 	4.5 	5.4 	1.2 	0.8 	0.8 	1.1 	3.1 	12.4
151 	Francisco Garcia 	SF 	32 	HOU 	43 	4 	20.0 	2.1 	5.4 	.393 	1.3 	3.8 	.352 	0.8 	1.6 	.493 	0.2 	0.4 	.588 	0.4 	1.9 	2.3 	1.1 	0.6 	0.7 	0.6 	2.0 	5.9
152 	Kevin Garnett 	C 	37 	BRK 	47 	47 	21.3 	3.0 	7.0 	.436 	0.0 	0.1 	.000 	3.0 	6.9 	.440 	0.7 	0.9 	.850 	1.1 	5.7 	6.7 	1.5 	0.8 	0.8 	1.3 	2.4 	6.8
153 	Diante Garrett 	PG 	25 	UTA 	44 	0 	14.7 	1.4 	3.4 	.417 	0.4 	1.0 	.381 	1.1 	2.5 	.431 	0.1 	0.1 	.833 	0.2 	1.3 	1.5 	1.9 	0.6 	0.1 	1.1 	1.0 	3.3
154 	Marc Gasol 	C 	29 	MEM 	32 	32 	32.8 	5.1 	11.3 	.449 	0.0 	0.1 	.000 	5.1 	11.2 	.451 	3.1 	3.8 	.818 	1.2 	5.2 	6.4 	3.5 	1.0 	1.2 	1.8 	2.8 	13.2
155 	Pau Gasol 	C 	33 	LAL 	45 	45 	31.7 	6.9 	14.8 	.469 	0.1 	0.3 	.308 	6.8 	14.5 	.472 	3.0 	4.1 	.749 	2.1 	8.0 	10.1 	3.4 	0.4 	1.5 	2.4 	2.1 	17.0
156 	Rudy Gay 	SF 	27 	TOT 	49 	49 	34.9 	7.4 	16.4 	.449 	1.0 	2.8 	.350 	6.4 	13.7 	.469 	4.0 	4.9 	.814 	1.5 	4.7 	6.2 	2.8 	1.4 	0.9 	3.1 	2.4 	19.8
157 	Alonzo Gee 	SF 	26 	CLE 	41 	18 	16.1 	1.2 	3.3 	.372 	0.3 	0.9 	.289 	1.0 	2.4 	.404 	0.6 	0.8 	.750 	0.5 	1.8 	2.3 	0.7 	0.7 	0.1 	0.8 	1.3 	3.3
159 	Taj Gibson 	PF 	28 	CHI 	54 	8 	29.3 	5.2 	10.8 	.485 	0.0 	0.1 	.000 	5.2 	10.7 	.490 	2.4 	3.4 	.725 	2.3 	4.3 	6.6 	1.2 	0.5 	1.5 	1.8 	2.7 	12.9
160 	Manu Ginobili 	SG 	36 	SAS 	45 	2 	23.2 	4.1 	9.1 	.453 	1.3 	3.8 	.345 	2.8 	5.3 	.529 	2.4 	2.8 	.863 	0.5 	2.8 	3.3 	4.4 	1.0 	0.2 	2.1 	1.9 	12.0
161 	Rudy Gobert 	C 	21 	UTA 	29 	0 	12.2 	0.8 	1.7 	.440 	0.0 	0.0 	0.0	0.8 	1.7 	.440 	1.1 	2.1 	.517 	1.4 	2.9 	4.2 	0.2 	0.2 	1.0 	0.9 	1.8 	2.6
164 	Ben Gordon 	SG 	30 	CHA 	19 	0 	14.7 	1.9 	5.7 	.343 	0.4 	1.5 	.276 	1.5 	4.2 	.367 	0.9 	1.1 	.810 	0.2 	1.3 	1.4 	1.1 	0.5 	0.1 	1.1 	0.9 	5.2
165 	Eric Gordon 	SG 	25 	NOP 	52 	52 	32.5 	5.7 	13.3 	.432 	1.5 	4.0 	.382 	4.2 	9.3 	.453 	2.9 	3.7 	.780 	0.5 	2.2 	2.7 	3.2 	1.3 	0.2 	2.0 	1.8 	15.8
166 	Marcin Gortat 	C 	29 	WAS 	55 	54 	32.3 	5.2 	9.6 	.539 	0.0 	0.0 	1.000 	5.1 	9.6 	.538 	1.8 	2.7 	.685 	2.4 	6.5 	8.9 	1.5 	0.5 	1.5 	1.5 	2.5 	12.2
167 	Danny Granger 	SF 	30 	IND 	29 	2 	22.5 	2.8 	7.7 	.359 	1.1 	3.2 	.330 	1.7 	4.4 	.380 	1.8 	1.8 	.962 	0.8 	2.8 	3.6 	1.1 	0.3 	0.4 	1.2 	1.4 	8.3
169 	Danny Green 	SG 	26 	SAS 	46 	37 	24.4 	2.9 	7.0 	.416 	1.6 	4.3 	.381 	1.3 	2.7 	.472 	0.7 	0.9 	.850 	0.3 	3.1 	3.4 	1.5 	1.1 	1.0 	1.2 	1.5 	8.2
170 	Draymond Green 	SF 	23 	GSW 	56 	5 	20.3 	2.0 	5.1 	.382 	0.6 	1.9 	.290 	1.4 	3.2 	.436 	1.1 	1.7 	.628 	1.1 	3.6 	4.7 	1.6 	1.1 	0.9 	1.0 	2.6 	5.5
171 	Gerald Green 	SG 	28 	PHO 	54 	36 	28.3 	5.2 	11.7 	.441 	2.4 	6.3 	.379 	2.8 	5.4 	.514 	1.9 	2.3 	.836 	0.5 	2.8 	3.3 	1.6 	0.8 	0.6 	1.6 	2.9 	14.6
172 	Jeff Green 	SF 	27 	BOS 	57 	57 	33.9 	5.8 	14.0 	.413 	1.6 	4.6 	.354 	4.2 	9.4 	.441 	3.6 	4.6 	.774 	0.7 	4.1 	4.8 	1.7 	0.7 	0.5 	2.0 	2.0 	16.8
174 	Blake Griffin 	PF 	24 	LAC 	57 	57 	36.2 	9.1 	16.9 	.538 	0.2 	0.6 	.303 	8.9 	16.3 	.547 	6.0 	8.6 	.699 	2.4 	7.5 	9.9 	3.5 	1.1 	0.6 	2.7 	3.4 	24.4
175 	Jordan Hamilton 	SF 	23 	DEN 	39 	11 	17.2 	2.5 	6.5 	.390 	1.2 	3.3 	.349 	1.4 	3.2 	.432 	0.6 	0.8 	.742 	0.6 	2.8 	3.4 	0.9 	0.8 	0.3 	0.7 	0.8 	6.8
176 	Tyler Hansbrough 	PF 	28 	TOR 	38 	3 	16.4 	1.7 	3.5 	.481 	0.0 	0.1 	.000 	1.7 	3.4 	.489 	2.2 	3.2 	.708 	2.0 	2.8 	4.8 	0.3 	0.4 	0.3 	0.8 	2.1 	5.6
177 	Tim Hardaway 	SG 	21 	NYK 	55 	1 	21.9 	3.5 	7.8 	.445 	1.6 	4.0 	.389 	1.9 	3.8 	.505 	1.1 	1.3 	.806 	0.3 	1.3 	1.5 	0.9 	0.5 	0.1 	0.6 	1.5 	9.6
178 	James Harden 	SG 	24 	HOU 	47 	47 	38.4 	7.4 	16.3 	.451 	2.1 	6.3 	.339 	5.2 	10.0 	.521 	7.5 	8.7 	.856 	0.9 	3.8 	4.7 	5.4 	1.4 	0.5 	3.6 	2.4 	24.3
179 	Maurice Harkless 	SF 	20 	ORL 	55 	16 	21.3 	2.4 	5.3 	.454 	0.6 	1.5 	.376 	1.8 	3.7 	.485 	1.1 	1.9 	.583 	0.9 	2.2 	3.1 	0.8 	1.1 	0.5 	0.8 	1.6 	6.5
181 	Al Harrington 	PF 	33 	WAS 	8 	0 	16.3 	2.4 	6.5 	.365 	1.5 	3.5 	.429 	0.9 	3.0 	.292 	0.6 	0.9 	.714 	0.0 	1.3 	1.3 	0.9 	0.5 	0.0 	1.1 	2.0 	6.9
182 	Devin Harris 	PG 	30 	DAL 	15 	0 	18.8 	2.7 	6.1 	.446 	0.7 	1.9 	.345 	2.1 	4.2 	.492 	2.6 	3.1 	.830 	0.2 	1.6 	1.8 	4.0 	0.2 	0.1 	1.1 	1.9 	8.7
184 	Manny Harris 	SG 	24 	LAL 	9 	0 	20.0 	3.1 	7.8 	.400 	0.8 	2.2 	.350 	2.3 	5.6 	.420 	1.1 	1.3 	.833 	0.8 	3.0 	3.8 	1.2 	0.4 	0.1 	1.0 	1.1 	8.1
186 	Tobias Harris 	PF 	21 	ORL 	36 	30 	32.6 	5.1 	11.8 	.435 	0.6 	2.6 	.217 	4.6 	9.2 	.495 	3.3 	4.2 	.795 	1.4 	6.1 	7.5 	1.4 	0.5 	0.4 	1.4 	2.6 	14.1
188 	Spencer Hawes 	C 	25 	TOT 	54 	53 	31.3 	4.9 	11.0 	.448 	1.5 	3.8 	.398 	3.4 	7.2 	.474 	1.5 	1.9 	.782 	1.7 	6.9 	8.6 	3.3 	0.6 	1.3 	2.3 	2.9 	12.9
190 	Gordon Hayward 	SF 	23 	UTA 	50 	50 	36.0 	5.5 	13.8 	.397 	1.1 	3.7 	.299 	4.4 	10.1 	.434 	3.8 	4.6 	.838 	0.9 	4.5 	5.5 	4.9 	1.5 	0.7 	2.7 	2.0 	16.0
191 	Gerald Henderson 	SG 	26 	CHA 	57 	57 	32.8 	5.5 	12.8 	.425 	0.4 	1.2 	.314 	5.1 	11.6 	.437 	3.4 	4.4 	.771 	0.4 	3.7 	4.1 	2.7 	0.7 	0.4 	1.5 	2.1 	14.7
192 	Xavier Henry 	SF 	22 	LAL 	31 	5 	21.8 	3.3 	7.7 	.425 	0.6 	1.9 	.339 	2.6 	5.8 	.453 	2.9 	4.6 	.622 	0.6 	2.2 	2.8 	1.2 	1.1 	0.2 	1.4 	1.9 	10.1
193 	John Henson 	PF 	23 	MIL 	43 	20 	27.8 	5.1 	9.7 	.531 	0.0 	0.0 	.000 	5.1 	9.7 	.533 	1.4 	2.6 	.536 	2.5 	5.5 	8.0 	1.5 	0.5 	2.1 	1.6 	2.7 	11.7
194 	Roy Hibbert 	C 	27 	IND 	55 	55 	30.4 	4.3 	9.5 	.457 	0.0 	0.1 	.400 	4.3 	9.4 	.458 	2.7 	3.6 	.754 	2.9 	4.7 	7.6 	1.3 	0.4 	2.5 	1.9 	3.3 	11.5
195 	J.J. Hickson 	PF 	25 	DEN 	54 	51 	27.8 	4.8 	9.4 	.504 	0.0 	0.1 	.000 	4.8 	9.3 	.511 	2.1 	4.0 	.533 	3.0 	6.3 	9.3 	1.4 	0.7 	0.7 	1.8 	2.6 	11.6
196 	Nene Hilario 	PF 	31 	WAS 	48 	36 	30.3 	5.6 	11.4 	.495 	0.0 	0.1 	.200 	5.6 	11.3 	.497 	3.1 	5.2 	.597 	1.3 	4.6 	5.8 	2.9 	1.3 	0.9 	2.2 	3.2 	14.4
197 	George Hill 	PG 	27 	IND 	52 	52 	31.1 	3.8 	8.3 	.454 	1.4 	3.6 	.378 	2.4 	4.7 	.512 	2.0 	2.4 	.831 	0.6 	3.1 	3.7 	3.5 	1.0 	0.3 	1.3 	2.1 	10.9
198 	Jordan Hill 	PF 	26 	LAL 	54 	19 	19.8 	3.5 	6.4 	.545 	0.0 	0.0 	.000 	3.5 	6.4 	.547 	1.6 	2.4 	.646 	2.6 	4.5 	7.1 	0.7 	0.3 	0.8 	1.0 	2.3 	8.5
200 	Kirk Hinrich 	PG 	33 	CHI 	45 	33 	29.0 	3.1 	8.0 	.381 	1.0 	3.2 	.303 	2.1 	4.9 	.432 	1.5 	1.8 	.805 	0.5 	2.3 	2.8 	4.3 	1.1 	0.4 	1.9 	3.0 	8.6
201 	Jrue Holiday 	PG 	23 	NOP 	34 	34 	33.6 	6.0 	13.4 	.447 	0.9 	2.3 	.390 	5.1 	11.1 	.459 	1.5 	1.9 	.810 	0.8 	3.4 	4.2 	7.9 	1.6 	0.4 	3.1 	2.7 	14.3
203 	Al Horford 	C 	27 	ATL 	29 	29 	33.0 	8.2 	14.5 	.567 	0.1 	0.4 	.364 	8.1 	14.1 	.572 	2.0 	2.9 	.682 	2.3 	6.1 	8.4 	2.6 	0.9 	1.5 	2.2 	1.9 	18.6
204 	Dwight Howard 	C 	28 	HOU 	55 	55 	34.3 	6.8 	11.7 	.577 	0.0 	0.1 	.400 	6.7 	11.6 	.578 	5.2 	9.5 	.541 	3.4 	9.3 	12.7 	1.7 	0.9 	1.9 	3.3 	3.5 	18.7
206 	Kris Humphries 	PF 	28 	BOS 	49 	11 	19.2 	3.1 	6.2 	.505 	0.0 	0.1 	.000 	3.1 	6.1 	.510 	1.5 	1.8 	.843 	1.6 	4.1 	5.7 	1.0 	0.4 	0.9 	0.9 	2.0 	7.8
207 	Serge Ibaka 	PF 	24 	OKC 	55 	55 	32.6 	6.5 	12.1 	.541 	0.3 	0.7 	.366 	6.3 	11.4 	.552 	1.6 	2.1 	.776 	2.7 	6.1 	8.7 	0.9 	0.5 	2.5 	1.5 	2.7 	15.0
208 	Andre Iguodala 	SF 	30 	GSW 	44 	44 	34.1 	3.7 	7.5 	.486 	1.1 	3.1 	.360 	2.5 	4.4 	.574 	1.3 	2.1 	.604 	0.8 	4.0 	4.9 	4.4 	1.7 	0.3 	1.7 	1.8 	9.7
209 	Ersan Ilyasova 	PF 	26 	MIL 	43 	35 	27.0 	4.0 	10.5 	.377 	0.7 	2.5 	.299 	3.2 	8.0 	.402 	1.6 	2.0 	.810 	1.8 	4.2 	6.0 	1.3 	0.9 	0.1 	1.3 	2.4 	10.3
210 	Kyrie Irving 	PG 	21 	CLE 	53 	53 	35.2 	7.6 	17.9 	.425 	1.8 	4.9 	.368 	5.8 	13.1 	.447 	4.2 	4.9 	.854 	0.7 	2.5 	3.2 	6.2 	1.3 	0.3 	2.6 	2.4 	21.2
212 	Jarrett Jack 	PG 	30 	CLE 	54 	12 	26.1 	3.1 	8.0 	.392 	0.8 	2.1 	.381 	2.3 	5.9 	.396 	1.4 	1.7 	.826 	0.3 	2.4 	2.7 	3.8 	0.7 	0.3 	1.6 	1.6 	8.5
213 	Reggie Jackson 	PG 	23 	OKC 	56 	30 	28.5 	5.3 	12.1 	.440 	0.9 	3.0 	.312 	4.4 	9.1 	.482 	1.9 	2.2 	.878 	0.5 	3.2 	3.7 	4.2 	1.1 	0.1 	2.3 	1.7 	13.6
216 	LeBron James 	PF 	29 	MIA 	52 	52 	37.3 	9.9 	17.2 	.577 	1.4 	3.9 	.366 	8.5 	13.3 	.638 	5.7 	7.6 	.747 	1.0 	6.1 	7.1 	6.5 	1.5 	0.3 	3.6 	1.7 	26.9
220 	Al Jefferson 	PF 	29 	CHA 	48 	48 	33.8 	8.9 	18.3 	.489 	0.0 	0.1 	.333 	8.9 	18.1 	.490 	2.6 	3.8 	.679 	2.0 	8.4 	10.4 	2.1 	0.9 	1.2 	1.5 	2.5 	20.5
221 	Richard Jefferson 	SF 	33 	UTA 	55 	55 	26.9 	3.5 	7.9 	.437 	1.4 	3.5 	.411 	2.0 	4.4 	.457 	1.6 	2.1 	.781 	0.2 	2.6 	2.9 	1.7 	0.7 	0.2 	1.3 	1.9 	10.0
223 	Brandon Jennings 	PG 	24 	DET 	54 	53 	35.9 	5.9 	15.5 	.377 	2.0 	5.9 	.341 	3.9 	9.7 	.398 	3.7 	4.7 	.780 	0.9 	2.3 	3.2 	8.0 	1.5 	0.1 	2.9 	2.0 	17.4
225 	Amir Johnson 	PF 	26 	TOR 	53 	48 	28.5 	4.3 	8.0 	.541 	0.2 	0.9 	.260 	4.1 	7.1 	.579 	1.3 	1.9 	.696 	2.3 	4.2 	6.6 	1.3 	0.7 	1.1 	1.6 	3.5 	10.3
226 	Chris Johnson 	SF 	23 	BOS 	15 	0 	20.2 	2.3 	5.3 	.443 	1.5 	3.3 	.449 	0.9 	2.0 	.433 	0.7 	0.7 	.909 	0.9 	1.6 	2.5 	0.9 	0.8 	0.1 	0.4 	1.8 	6.8
227 	James Johnson 	SF 	26 	MEM 	32 	2 	21.3 	3.2 	7.1 	.456 	0.5 	1.9 	.246 	2.8 	5.2 	.533 	1.5 	1.8 	.845 	1.5 	2.6 	4.1 	2.5 	1.1 	1.5 	1.6 	2.4 	8.4
228 	Joe Johnson 	SG 	32 	BRK 	51 	51 	33.2 	5.6 	12.8 	.439 	1.9 	5.0 	.391 	3.7 	7.8 	.470 	2.1 	2.6 	.811 	0.6 	2.6 	3.2 	2.6 	0.6 	0.2 	1.5 	2.0 	15.3
230 	Wesley Johnson 	SF 	26 	LAL 	54 	42 	28.4 	3.6 	8.2 	.433 	1.3 	3.5 	.372 	2.3 	4.7 	.478 	0.8 	1.0 	.778 	0.8 	3.1 	3.9 	1.4 	1.0 	1.0 	1.2 	2.7 	9.2
234 	Terrence Jones 	PF 	22 	HOU 	50 	45 	27.9 	4.8 	9.3 	.518 	0.4 	1.4 	.292 	4.4 	7.9 	.560 	1.5 	2.6 	.565 	2.1 	5.2 	7.3 	1.1 	0.6 	1.3 	1.0 	1.8 	11.5
235 	DeAndre Jordan 	C 	25 	LAC 	57 	57 	36.0 	4.0 	6.0 	.659 	0.0 	0.0 	0.0	4.0 	6.0 	.659 	2.0 	4.5 	.444 	4.1 	9.9 	14.0 	0.9 	1.0 	2.4 	1.5 	3.3 	9.9
236 	Cory Joseph 	SG 	22 	SAS 	44 	15 	15.1 	1.9 	4.1 	.458 	0.2 	0.7 	.313 	1.6 	3.3 	.490 	1.2 	1.5 	.831 	0.6 	1.0 	1.7 	1.6 	0.6 	0.3 	0.7 	1.3 	5.2
237 	Chris Kaman 	C 	31 	LAL 	31 	8 	19.0 	4.5 	8.7 	.509 	0.0 	0.1 	.000 	4.5 	8.6 	.515 	1.5 	1.9 	.780 	1.3 	4.6 	5.9 	1.5 	0.3 	1.1 	1.9 	2.4 	10.4
238 	Enes Kanter 	C 	21 	UTA 	54 	25 	25.5 	5.3 	10.3 	.511 	0.0 	0.0 	0.0	5.3 	10.3 	.511 	1.7 	2.3 	.714 	2.4 	4.0 	6.4 	0.9 	0.4 	0.6 	1.8 	2.9 	12.2
240 	Ryan Kelly 	PF 	22 	LAL 	33 	13 	19.8 	2.2 	5.5 	.404 	0.7 	2.3 	.320 	1.5 	3.3 	.463 	1.9 	2.4 	.810 	0.6 	2.4 	3.1 	1.1 	0.3 	0.5 	0.8 	2.3 	7.2
241 	Michael Kidd-Gilchrist 	SF 	20 	CHA 	37 	37 	25.6 	2.9 	6.2 	.465 	0.0 	0.2 	.111 	2.9 	6.0 	.480 	2.1 	3.4 	.606 	1.7 	3.4 	5.0 	0.9 	0.7 	0.6 	1.2 	2.7 	7.9
242 	Andrei Kirilenko 	PF 	32 	BRK 	24 	0 	19.0 	1.9 	3.7 	.523 	0.0 	0.1 	.500 	1.9 	3.6 	.523 	1.7 	2.8 	.597 	1.5 	2.2 	3.7 	1.5 	0.8 	0.3 	1.3 	1.7 	5.5
243 	Brandon Knight 	PG 	22 	MIL 	46 	43 	32.3 	6.0 	14.5 	.414 	1.6 	4.6 	.340 	4.5 	9.9 	.449 	3.4 	4.2 	.822 	0.6 	2.9 	3.5 	5.0 	1.0 	0.2 	2.7 	1.8 	17.0
244 	Kyle Korver 	SG 	32 	ATL 	51 	51 	34.1 	4.1 	8.5 	.478 	2.6 	5.6 	.470 	1.5 	2.9 	.493 	1.0 	1.1 	.909 	0.4 	3.6 	4.1 	3.0 	1.1 	0.3 	1.4 	2.0 	11.8
245 	Kosta Koufos 	C 	24 	MEM 	54 	22 	18.2 	3.0 	6.2 	.484 	0.0 	0.0 	0.0	3.0 	6.2 	.484 	0.8 	1.3 	.614 	2.1 	3.6 	5.7 	0.6 	0.4 	1.0 	0.9 	2.4 	6.8
249 	Jeremy Lamb 	SG 	21 	OKC 	56 	0 	22.1 	3.9 	8.9 	.444 	1.3 	3.6 	.355 	2.7 	5.3 	.503 	0.8 	0.9 	.840 	0.4 	2.3 	2.7 	1.7 	0.8 	0.4 	0.8 	2.0 	9.9
252 	Ty Lawson 	PG 	26 	DEN 	45 	45 	35.6 	5.8 	13.5 	.434 	1.1 	3.3 	.340 	4.7 	10.2 	.464 	5.2 	6.5 	.804 	0.6 	2.8 	3.5 	8.8 	1.5 	0.2 	3.1 	1.7 	18.0
254 	Courtney Lee 	SG 	28 	TOT 	52 	20 	23.7 	3.8 	7.8 	.488 	0.9 	2.3 	.383 	2.9 	5.5 	.531 	1.3 	1.5 	.895 	0.3 	1.9 	2.3 	1.4 	0.8 	0.4 	0.9 	1.5 	9.8
255 	David Lee 	PF 	30 	GSW 	52 	52 	34.4 	7.6 	14.8 	.516 	0.0 	0.0 	.000 	7.6 	14.8 	.516 	3.8 	4.8 	.799 	2.8 	7.1 	9.9 	2.2 	0.6 	0.4 	2.3 	3.0 	19.1
257 	Kawhi Leonard 	SF 	22 	SAS 	41 	40 	28.6 	4.9 	9.4 	.517 	0.8 	2.5 	.327 	4.0 	6.9 	.585 	1.1 	1.5 	.738 	1.3 	4.8 	6.1 	1.8 	1.7 	0.5 	1.2 	2.0 	11.6
259 	Jon Leuer 	PF 	24 	MEM 	34 	0 	15.4 	2.9 	5.9 	.488 	0.5 	1.1 	.474 	2.4 	4.8 	.491 	0.8 	1.0 	.848 	1.0 	2.9 	3.9 	0.6 	0.4 	0.3 	0.6 	1.4 	7.1
260 	Rashard Lewis 	SF 	34 	MIA 	44 	6 	16.8 	1.6 	3.8 	.417 	0.8 	2.3 	.343 	0.8 	1.5 	.530 	0.3 	0.4 	.722 	0.4 	1.5 	1.8 	1.0 	1.0 	0.2 	0.6 	1.6 	4.3
261 	Damian Lillard 	PG 	23 	POR 	55 	55 	36.1 	6.9 	16.1 	.427 	2.8 	6.9 	.403 	4.1 	9.3 	.445 	4.5 	5.0 	.884 	0.4 	3.2 	3.6 	5.8 	0.7 	0.3 	2.4 	2.5 	21.0
262 	Jeremy Lin 	PG 	25 	HOU 	45 	25 	30.9 	4.4 	9.5 	.458 	1.1 	3.3 	.342 	3.2 	6.2 	.520 	3.2 	4.0 	.802 	0.3 	2.3 	2.6 	4.4 	1.0 	0.4 	2.7 	2.4 	13.1
263 	Shaun Livingston 	PG 	28 	BRK 	53 	31 	24.8 	2.8 	6.1 	.464 	0.0 	0.1 	.200 	2.8 	6.0 	.469 	2.0 	2.3 	.847 	0.9 	2.2 	3.2 	3.1 	1.0 	0.5 	1.3 	2.1 	7.7
264 	Brook Lopez 	C 	25 	BRK 	17 	17 	31.4 	7.6 	13.5 	.563 	0.0 	0.1 	.000 	7.6 	13.4 	.566 	5.5 	6.8 	.817 	2.3 	3.7 	6.0 	0.9 	0.5 	1.8 	1.6 	3.1 	20.7
265 	Robin Lopez 	C 	25 	POR 	55 	55 	31.4 	4.2 	7.9 	.535 	0.0 	0.0 	.000 	4.2 	7.9 	.536 	2.3 	2.9 	.800 	4.0 	4.6 	8.7 	0.8 	0.4 	1.6 	1.1 	2.4 	10.8
266 	Kevin Love 	PF 	25 	MIN 	52 	52 	36.3 	8.5 	18.4 	.462 	2.4 	6.3 	.381 	6.1 	12.1 	.505 	6.9 	8.4 	.826 	3.2 	10.0 	13.3 	4.1 	0.8 	0.4 	2.3 	1.9 	26.4
267 	Kyle Lowry 	PG 	27 	TOR 	55 	55 	36.2 	5.5 	12.8 	.427 	2.4 	6.1 	.385 	3.1 	6.6 	.467 	3.5 	4.3 	.809 	1.1 	3.4 	4.5 	7.7 	1.6 	0.2 	2.3 	3.3 	16.7
268 	John Lucas 	PG 	31 	UTA 	34 	6 	15.9 	1.7 	5.0 	.339 	0.6 	2.1 	.301 	1.1 	2.9 	.367 	0.3 	0.4 	.643 	0.3 	0.8 	1.1 	1.1 	0.4 	0.0 	0.6 	1.1 	4.3
269 	Shelvin Mack 	PG 	24 	ATL 	48 	4 	19.4 	2.9 	6.8 	.429 	0.8 	2.2 	.355 	2.1 	4.6 	.466 	0.8 	1.0 	.830 	0.3 	1.9 	2.1 	3.7 	0.8 	0.0 	1.2 	1.4 	7.4
270 	Ian Mahinmi 	C 	27 	IND 	54 	0 	16.2 	1.0 	2.4 	.424 	0.0 	0.0 	.000 	1.0 	2.4 	.427 	1.1 	1.8 	.606 	1.3 	1.9 	3.3 	0.3 	0.6 	1.0 	0.8 	2.7 	3.2
271 	Shawn Marion 	SF 	35 	DAL 	51 	51 	31.4 	4.6 	9.7 	.471 	0.8 	2.3 	.348 	3.8 	7.5 	.508 	0.8 	1.0 	.808 	1.7 	5.1 	6.8 	1.7 	1.2 	0.5 	1.3 	1.8 	10.8
272 	Kendall Marshall 	PG 	22 	LAL 	27 	18 	32.6 	4.1 	9.0 	.453 	1.9 	4.0 	.477 	2.2 	5.0 	.434 	0.4 	0.7 	.611 	0.3 	2.7 	3.0 	9.7 	0.7 	0.0 	2.8 	1.4 	10.4
273 	Cartier Martin 	SF 	29 	TOT 	39 	4 	15.4 	1.9 	4.5 	.434 	1.2 	2.7 	.430 	0.8 	1.7 	.441 	0.8 	1.0 	.750 	0.2 	1.7 	1.8 	0.6 	0.4 	0.2 	0.7 	1.3 	5.8
274 	Kenyon Martin 	PF 	36 	NYK 	32 	15 	19.8 	2.0 	3.8 	.512 	0.0 	0.0 	.000 	2.0 	3.8 	.516 	0.3 	0.6 	.579 	1.1 	3.1 	4.2 	1.6 	0.8 	0.8 	0.8 	2.7 	4.3
275 	Kevin Martin 	SG 	30 	MIN 	48 	48 	32.3 	6.5 	15.2 	.427 	1.8 	4.5 	.399 	4.7 	10.7 	.439 	4.2 	4.8 	.879 	0.5 	2.8 	3.3 	2.0 	1.0 	0.1 	1.6 	1.8 	19.0
277 	Wesley Matthews 	SG 	27 	POR 	55 	55 	34.4 	5.7 	12.5 	.458 	2.5 	6.2 	.409 	3.2 	6.3 	.506 	2.9 	3.5 	.819 	0.7 	3.3 	4.0 	2.4 	0.9 	0.2 	1.3 	2.1 	16.9
280 	O.J. Mayo 	SG 	26 	MIL 	43 	23 	27.2 	4.4 	11.1 	.400 	1.6 	4.5 	.359 	2.8 	6.7 	.427 	1.6 	1.8 	.873 	0.6 	2.1 	2.6 	2.3 	0.6 	0.3 	2.1 	2.2 	12.1
283 	C.J. McCollum 	SG 	22 	POR 	19 	0 	15.2 	2.5 	5.9 	.429 	1.0 	2.5 	.396 	1.5 	3.4 	.453 	0.6 	0.9 	.706 	0.2 	1.2 	1.4 	0.8 	0.4 	0.1 	1.0 	1.8 	6.7
284 	JaVale McGee 	C 	26 	DEN 	5 	5 	15.8 	3.4 	7.6 	.447 	0.0 	0.0 	0.0	3.4 	7.6 	.447 	0.2 	0.2 	1.000 	2.0 	1.4 	3.4 	0.4 	0.2 	1.4 	1.6 	3.2 	7.0
285 	Ben McLemore 	SG 	20 	SAC 	55 	28 	23.3 	2.7 	7.5 	.367 	1.1 	3.2 	.333 	1.7 	4.3 	.391 	1.0 	1.3 	.792 	0.7 	2.1 	2.8 	0.9 	0.5 	0.2 	1.0 	2.3 	7.6
286 	Josh McRoberts 	PF 	26 	CHA 	56 	56 	30.2 	3.1 	7.1 	.438 	1.4 	3.6 	.387 	1.8 	3.6 	.488 	0.8 	1.1 	.721 	1.1 	4.0 	5.1 	4.0 	0.8 	0.6 	1.1 	2.4 	8.4
287 	Jodie Meeks 	SG 	26 	LAL 	50 	43 	32.5 	4.9 	10.9 	.449 	2.2 	5.5 	.397 	2.7 	5.3 	.502 	2.5 	3.0 	.847 	0.4 	2.3 	2.7 	1.7 	1.3 	0.0 	1.5 	1.7 	14.5
289 	Khris Middleton 	SF 	22 	MIL 	55 	37 	29.1 	4.4 	9.8 	.444 	1.4 	3.3 	.422 	3.0 	6.5 	.456 	1.3 	1.6 	.826 	0.7 	3.3 	4.0 	2.0 	1.0 	0.3 	1.4 	2.7 	11.4
290 	C.J. Miles 	SG 	26 	CLE 	50 	34 	19.6 	3.6 	8.2 	.435 	1.7 	4.2 	.393 	1.9 	4.0 	.480 	1.3 	1.5 	.853 	0.4 	1.7 	2.1 	1.0 	0.9 	0.3 	0.9 	2.1 	10.1
291 	Andre Miller 	SG 	37 	TOT 	31 	2 	18.9 	2.2 	4.7 	.456 	0.3 	0.6 	.500 	1.9 	4.2 	.450 	1.2 	1.6 	.745 	0.5 	1.9 	2.5 	3.3 	0.5 	0.2 	1.1 	1.1 	5.8
293 	Mike Miller 	SF 	33 	MEM 	55 	4 	21.0 	2.5 	5.3 	.462 	1.2 	2.9 	.428 	1.2 	2.4 	.504 	0.6 	0.7 	.868 	0.4 	2.2 	2.6 	1.6 	0.3 	0.0 	0.8 	1.3 	6.7
295 	Patrick Mills 	PG 	25 	SAS 	56 	1 	18.2 	3.7 	7.9 	.468 	1.6 	3.8 	.410 	2.1 	4.1 	.522 	1.0 	1.1 	.875 	0.3 	1.5 	1.8 	1.7 	0.9 	0.1 	0.8 	1.5 	9.9
296 	Paul Millsap 	PF 	28 	ATL 	53 	52 	33.2 	6.4 	14.0 	.459 	1.0 	2.8 	.370 	5.4 	11.2 	.481 	3.8 	5.1 	.737 	2.1 	6.2 	8.3 	3.0 	1.8 	1.1 	2.5 	2.8 	17.6
299 	Greg Monroe 	PF 	23 	DET 	56 	56 	32.2 	5.9 	11.4 	.516 	0.0 	0.0 	0.0	5.9 	11.4 	.516 	2.7 	4.3 	.628 	3.0 	6.0 	9.0 	2.0 	1.0 	0.5 	2.2 	2.4 	14.5
300 	E'Twaun Moore 	SG 	24 	ORL 	54 	3 	18.7 	2.4 	5.6 	.422 	0.7 	2.0 	.339 	1.7 	3.6 	.469 	0.6 	0.7 	.775 	0.3 	1.3 	1.6 	1.4 	0.8 	0.2 	0.7 	1.3 	6.0
302 	Marcus Morris 	SF 	24 	PHO 	54 	0 	22.0 	3.6 	8.1 	.438 	1.2 	3.3 	.372 	2.3 	4.8 	.484 	1.6 	2.1 	.793 	1.1 	3.0 	4.1 	1.0 	0.9 	0.2 	1.2 	1.9 	10.0
303 	Markieff Morris 	PF 	24 	PHO 	53 	0 	25.4 	4.7 	10.0 	.470 	0.4 	1.3 	.309 	4.3 	8.7 	.493 	3.0 	3.8 	.788 	1.8 	4.0 	5.8 	1.7 	0.9 	0.6 	1.7 	2.8 	12.8
304 	Anthony Morrow 	SG 	28 	NOP 	50 	4 	15.9 	2.5 	5.2 	.473 	1.0 	2.2 	.481 	1.4 	3.0 	.467 	0.6 	0.7 	.778 	0.2 	1.1 	1.4 	0.5 	0.4 	0.1 	0.5 	1.2 	6.5
305 	Donatas Motiejunas 	PF 	23 	HOU 	35 	2 	13.8 	1.9 	4.3 	.441 	0.4 	1.4 	.265 	1.5 	2.9 	.524 	0.9 	1.5 	.588 	0.9 	2.5 	3.3 	0.5 	0.3 	0.4 	0.6 	1.9 	5.1
306 	Arnett Moultrie 	PF 	23 	PHI 	5 	1 	17.8 	1.2 	3.2 	.375 	0.0 	0.0 	0.0	1.2 	3.2 	.375 	0.4 	0.6 	.667 	0.8 	2.6 	3.4 	0.4 	1.0 	0.4 	0.4 	1.8 	2.8
307 	Timofey Mozgov 	C 	27 	DEN 	54 	3 	20.5 	3.2 	5.9 	.539 	0.0 	0.1 	.000 	3.2 	5.7 	.552 	2.3 	3.1 	.741 	1.9 	4.0 	5.9 	0.7 	0.3 	1.2 	1.4 	2.7 	8.6
313 	Steve Nash 	PG 	39 	LAL 	10 	10 	22.5 	2.7 	7.5 	.360 	0.6 	1.9 	.316 	2.1 	5.6 	.375 	1.6 	1.8 	.889 	0.2 	1.5 	1.7 	4.7 	0.3 	0.1 	1.9 	1.4 	7.6
314 	Gary Neal 	SG 	29 	MIL 	30 	2 	20.2 	3.6 	9.2 	.390 	1.3 	3.7 	.360 	2.3 	5.5 	.410 	1.5 	1.8 	.833 	0.3 	1.4 	1.7 	1.5 	0.2 	0.0 	1.3 	0.9 	10.0
316 	Jameer Nelson 	PG 	31 	ORL 	52 	52 	32.7 	4.4 	11.2 	.395 	2.2 	6.0 	.367 	2.2 	5.2 	.428 	1.5 	1.7 	.876 	0.4 	3.1 	3.4 	6.7 	0.8 	0.1 	2.4 	2.2 	12.5
317 	Andrew Nicholson 	PF 	24 	ORL 	52 	4 	15.7 	2.5 	5.8 	.437 	0.4 	1.4 	.301 	2.1 	4.4 	.480 	0.7 	0.9 	.800 	0.8 	2.9 	3.7 	0.3 	0.2 	0.4 	0.8 	1.8 	6.2
318 	Joakim Noah 	C 	28 	CHI 	52 	52 	34.0 	4.4 	9.4 	.470 	0.0 	0.0 	.000 	4.4 	9.4 	.471 	3.0 	4.2 	.722 	3.7 	7.6 	11.3 	4.6 	1.1 	1.4 	2.3 	3.1 	11.8
320 	Dirk Nowitzki 	PF 	35 	DAL 	55 	55 	32.2 	7.8 	15.8 	.495 	1.7 	4.1 	.413 	6.2 	11.8 	.523 	4.5 	4.9 	.914 	0.5 	5.6 	6.1 	2.9 	0.9 	0.6 	1.4 	2.1 	21.8
322 	Jermaine O'Neal 	PF 	35 	GSW 	23 	6 	20.7 	2.4 	5.2 	.467 	0.0 	0.0 	0.0	2.4 	5.2 	.467 	2.0 	2.6 	.780 	1.9 	3.4 	5.3 	0.4 	0.4 	0.9 	1.4 	2.4 	6.9
325 	Victor Oladipo 	PG 	21 	ORL 	57 	32 	31.8 	4.8 	11.8 	.412 	0.9 	2.8 	.304 	4.0 	8.9 	.446 	3.3 	4.2 	.782 	0.6 	3.8 	4.4 	4.1 	1.6 	0.6 	3.1 	2.7 	13.8
326 	Kelly Olynyk 	C 	22 	BOS 	47 	6 	18.7 	2.6 	6.2 	.418 	0.4 	1.4 	.288 	2.2 	4.8 	.456 	1.2 	1.5 	.797 	1.9 	2.9 	4.7 	1.6 	0.5 	0.4 	1.4 	3.1 	6.8
329 	Travis Outlaw 	SF 	29 	SAC 	41 	2 	15.0 	1.7 	4.2 	.397 	0.6 	1.5 	.387 	1.1 	2.7 	.402 	0.7 	0.8 	.882 	0.7 	2.0 	2.7 	0.6 	0.3 	0.4 	0.4 	1.4 	4.7
330 	Zaza Pachulia 	C 	29 	MIL 	26 	16 	24.9 	2.3 	6.1 	.384 	0.0 	0.0 	.000 	2.3 	6.1 	.386 	2.9 	3.3 	.894 	2.7 	3.5 	6.2 	1.9 	1.0 	0.2 	1.8 	2.5 	7.6
332 	Tony Parker 	PG 	31 	SAS 	47 	47 	30.9 	7.0 	14.0 	.501 	0.4 	1.2 	.375 	6.6 	12.8 	.512 	3.2 	4.0 	.800 	0.2 	2.1 	2.3 	6.2 	0.5 	0.1 	2.4 	1.3 	17.7
333 	Chandler Parsons 	SF 	25 	HOU 	50 	50 	37.8 	6.5 	13.2 	.497 	1.9 	4.7 	.398 	4.7 	8.4 	.552 	2.2 	3.0 	.722 	1.0 	4.7 	5.6 	3.7 	1.1 	0.4 	1.9 	2.3 	17.1
334 	Patrick Patterson 	PF 	24 	TOT 	51 	10 	23.6 	3.7 	7.8 	.472 	0.7 	2.1 	.358 	2.9 	5.7 	.514 	0.9 	1.2 	.726 	1.9 	3.5 	5.4 	1.2 	0.8 	0.4 	1.0 	2.4 	9.0
335 	Chris Paul 	PG 	28 	LAC 	38 	38 	34.6 	6.5 	14.1 	.460 	1.1 	3.2 	.352 	5.3 	10.9 	.492 	4.9 	5.7 	.857 	0.6 	3.9 	4.6 	11.1 	2.5 	0.1 	2.5 	2.4 	19.0
336 	Nikola Pekovic 	C 	28 	MIN 	44 	44 	32.5 	7.3 	13.7 	.532 	0.0 	0.0 	0.0	7.3 	13.7 	.532 	3.5 	4.7 	.751 	4.1 	5.1 	9.1 	1.0 	0.5 	0.5 	1.5 	2.4 	18.0
337 	Kendrick Perkins 	C 	29 	OKC 	54 	54 	19.7 	1.4 	3.2 	.442 	0.0 	0.0 	.000 	1.4 	3.1 	.447 	0.6 	1.1 	.559 	1.3 	3.6 	5.0 	1.1 	0.4 	0.5 	1.6 	2.9 	3.4
338 	Paul Pierce 	SF 	36 	BRK 	48 	41 	29.0 	4.2 	9.8 	.425 	1.3 	3.8 	.352 	2.8 	6.0 	.471 	3.6 	4.3 	.837 	0.4 	4.3 	4.7 	2.7 	1.0 	0.5 	2.1 	2.4 	13.3
339 	Mason Plumlee 	PF 	23 	BRK 	41 	1 	15.6 	2.2 	3.5 	.632 	0.0 	0.0 	.000 	2.2 	3.5 	.641 	1.8 	2.8 	.635 	1.0 	2.3 	3.3 	0.4 	0.7 	0.8 	0.8 	2.2 	6.2
340 	Miles Plumlee 	C 	25 	PHO 	54 	54 	26.6 	3.9 	7.8 	.504 	0.0 	0.0 	0.0	3.9 	7.8 	.504 	1.1 	2.0 	.537 	2.5 	5.9 	8.4 	0.6 	0.7 	1.4 	1.5 	2.6 	8.9
341 	Quincy Pondexter 	SG 	25 	MEM 	15 	2 	18.0 	2.1 	5.3 	.392 	0.7 	2.3 	.324 	1.3 	3.0 	.444 	1.4 	1.7 	.808 	0.7 	1.1 	1.7 	1.3 	0.3 	0.1 	1.0 	1.2 	6.3
346 	Pablo Prigioni 	PG 	36 	NYK 	40 	22 	20.7 	1.4 	3.2 	.452 	1.0 	2.4 	.436 	0.4 	0.8 	.500 	0.1 	0.1 	1.000 	0.7 	1.7 	2.3 	3.6 	1.3 	0.0 	0.8 	2.2 	4.0
347 	Tayshaun Prince 	SF 	33 	MEM 	52 	52 	26.3 	2.6 	6.7 	.395 	0.3 	1.0 	.300 	2.3 	5.7 	.411 	0.5 	0.8 	.545 	0.3 	2.7 	3.0 	1.7 	0.5 	0.2 	0.6 	0.8 	6.0
349 	Anthony Randolph 	PF 	24 	DEN 	28 	4 	13.4 	1.6 	4.2 	.385 	0.4 	1.3 	.286 	1.3 	2.9 	.427 	1.5 	2.0 	.732 	0.5 	2.6 	3.1 	0.6 	0.6 	0.6 	1.0 	1.6 	5.0
350 	Zach Randolph 	PF 	32 	MEM 	53 	53 	34.4 	7.0 	15.3 	.456 	0.0 	0.2 	.000 	7.0 	15.0 	.464 	3.4 	4.6 	.745 	3.2 	7.2 	10.3 	2.5 	0.5 	0.3 	2.5 	2.7 	17.3
351 	J.J. Redick 	SG 	29 	LAC 	30 	30 	28.8 	5.4 	11.7 	.459 	2.1 	5.3 	.396 	3.3 	6.4 	.510 	2.8 	3.1 	.914 	0.3 	1.8 	2.1 	2.2 	0.8 	0.1 	1.2 	1.9 	15.7
353 	Luke Ridnour 	PG 	32 	MIL 	36 	12 	21.2 	2.3 	6.1 	.384 	0.7 	1.9 	.368 	1.6 	4.2 	.391 	0.4 	0.5 	.684 	0.4 	1.3 	1.7 	3.4 	0.6 	0.1 	1.3 	1.5 	5.7
356 	Brian Roberts 	PG 	28 	NOP 	49 	22 	21.7 	3.1 	7.3 	.429 	0.9 	2.2 	.404 	2.2 	5.1 	.440 	1.5 	1.6 	.935 	0.2 	1.7 	1.9 	3.1 	0.6 	0.0 	1.2 	1.8 	8.7
357 	Nate Robinson 	PG 	29 	DEN 	44 	1 	19.7 	3.7 	8.7 	.428 	1.3 	3.5 	.377 	2.4 	5.2 	.463 	1.6 	1.9 	.835 	0.5 	1.4 	1.8 	2.5 	0.8 	0.1 	1.3 	2.1 	10.4
358 	Thomas Robinson 	PF 	22 	POR 	47 	0 	11.1 	1.8 	3.9 	.459 	0.0 	0.0 	.000 	1.8 	3.8 	.461 	0.8 	1.3 	.600 	1.3 	2.5 	3.8 	0.4 	0.3 	0.3 	0.7 	1.6 	4.3
359 	Rajon Rondo 	PG 	27 	BOS 	12 	12 	28.5 	4.3 	11.1 	.383 	1.0 	2.8 	.353 	3.3 	8.3 	.394 	0.7 	1.1 	.615 	0.3 	4.8 	5.1 	7.7 	1.3 	0.0 	2.7 	1.1 	10.2
360 	Derrick Rose 	PG 	25 	CHI 	10 	10 	31.1 	5.8 	16.4 	.354 	1.6 	4.7 	.340 	4.2 	11.7 	.359 	2.7 	3.2 	.844 	0.9 	2.3 	3.2 	4.3 	0.5 	0.1 	3.4 	1.5 	15.9
361 	Terrence Ross 	SG 	22 	TOR 	55 	36 	25.9 	3.8 	9.0 	.416 	1.8 	4.7 	.393 	1.9 	4.4 	.442 	0.9 	1.2 	.813 	0.5 	2.6 	3.1 	0.8 	0.7 	0.3 	1.0 	2.2 	10.3
362 	Ricky Rubio 	PG 	23 	MIN 	55 	55 	31.5 	2.9 	8.0 	.363 	0.6 	1.7 	.352 	2.3 	6.4 	.366 	2.6 	3.1 	.815 	0.8 	3.8 	4.6 	8.5 	2.5 	0.2 	2.7 	2.6 	9.0
364 	Robert Sacre 	C 	24 	LAL 	39 	12 	14.8 	1.8 	4.1 	.453 	0.0 	0.0 	0.0	1.8 	4.1 	.453 	0.8 	1.2 	.646 	1.0 	2.2 	3.2 	0.6 	0.4 	0.8 	0.6 	1.9 	4.5
365 	John Salmons 	SG-SF 	34 	TOT 	52 	8 	24.0 	2.2 	5.9 	.370 	0.9 	2.3 	.397 	1.3 	3.5 	.353 	0.5 	0.7 	.824 	0.3 	1.9 	2.2 	2.2 	0.7 	0.3 	0.7 	1.7 	5.8
366 	Larry Sanders 	C 	25 	MIL 	23 	20 	25.4 	3.3 	7.0 	.469 	0.0 	0.0 	.000 	3.3 	7.0 	.472 	1.1 	2.4 	.473 	2.6 	4.6 	7.2 	0.8 	0.8 	1.7 	1.1 	3.2 	7.7
368 	Luis Scola 	PF 	33 	IND 	55 	0 	17.4 	3.2 	7.0 	.457 	0.0 	0.1 	.200 	3.2 	6.9 	.461 	1.2 	1.6 	.736 	1.0 	4.1 	5.1 	0.9 	0.3 	0.2 	1.4 	1.9 	7.6
369 	Mike Scott 	PF 	25 	ATL 	53 	1 	17.7 	3.6 	7.4 	.492 	0.9 	2.4 	.372 	2.7 	5.0 	.551 	1.5 	1.8 	.827 	0.9 	2.8 	3.7 	1.0 	0.3 	0.1 	0.8 	1.3 	9.7
370 	Thabo Sefolosha 	SG 	29 	OKC 	52 	52 	26.8 	2.5 	5.8 	.422 	0.8 	2.5 	.336 	1.6 	3.4 	.486 	1.0 	1.3 	.769 	0.8 	2.9 	3.8 	1.4 	1.3 	0.3 	0.9 	1.4 	6.7
372 	Ramon Sessions 	PG 	27 	TOT 	56 	7 	23.7 	3.4 	8.4 	.406 	0.3 	1.2 	.221 	3.1 	7.2 	.438 	3.4 	4.3 	.783 	0.4 	1.8 	2.1 	3.7 	0.6 	0.1 	1.7 	0.9 	10.4
374 	Iman Shumpert 	SG 	23 	NYK 	52 	52 	26.8 	2.5 	6.6 	.377 	1.1 	3.3 	.345 	1.3 	3.3 	.409 	0.8 	1.0 	.778 	1.0 	3.5 	4.5 	1.8 	1.2 	0.2 	1.2 	2.8 	6.9
377 	Kyle Singler 	SF 	25 	DET 	56 	10 	26.3 	3.1 	7.0 	.448 	1.1 	2.8 	.381 	2.1 	4.2 	.492 	1.8 	2.3 	.780 	1.3 	2.2 	3.6 	0.7 	0.7 	0.4 	0.9 	2.6 	9.1
383 	Ishmael Smith 	PG 	25 	PHO 	42 	0 	13.7 	1.8 	4.5 	.400 	0.0 	0.5 	.050 	1.8 	4.0 	.441 	0.3 	0.5 	.522 	0.4 	1.2 	1.6 	2.3 	0.7 	0.2 	1.0 	0.9 	3.9
384 	J.R. Smith 	SF 	28 	NYK 	48 	13 	33.0 	4.7 	12.3 	.386 	2.1 	5.7 	.374 	2.6 	6.6 	.397 	1.3 	2.1 	.606 	0.5 	3.6 	4.1 	3.0 	1.0 	0.2 	1.4 	2.8 	12.8
385 	Jason Smith 	PF 	27 	NOP 	31 	27 	26.8 	4.2 	9.1 	.465 	0.0 	0.0 	0.0	4.2 	9.1 	.465 	1.3 	1.6 	.780 	1.6 	4.2 	5.8 	0.9 	0.4 	0.9 	0.9 	3.2 	9.7
386 	Josh Smith 	SF 	28 	DET 	56 	55 	35.8 	6.6 	15.6 	.423 	0.8 	3.4 	.230 	5.8 	12.2 	.477 	2.3 	4.0 	.563 	1.4 	5.6 	7.0 	3.5 	1.6 	1.4 	2.6 	2.4 	16.2
387 	Tony Snell 	SG 	22 	CHI 	48 	10 	19.3 	2.1 	5.5 	.389 	1.0 	3.0 	.333 	1.1 	2.5 	.458 	0.5 	0.6 	.742 	0.3 	1.6 	2.0 	0.9 	0.5 	0.3 	0.7 	1.1 	5.7
390 	Tiago Splitter 	C 	29 	SAS 	36 	30 	21.2 	3.1 	5.7 	.549 	0.0 	0.0 	.000 	3.1 	5.7 	.551 	2.0 	2.9 	.679 	2.1 	4.1 	6.2 	1.1 	0.4 	0.4 	1.3 	1.9 	8.3
391 	Lance Stephenson 	SG 	23 	IND 	53 	53 	35.5 	5.7 	11.4 	.498 	1.0 	3.0 	.338 	4.7 	8.4 	.554 	1.9 	2.7 	.688 	1.4 	6.0 	7.3 	5.2 	0.7 	0.1 	2.7 	2.5 	14.2
392 	Greg Stiemsma 	C 	28 	NOP 	33 	5 	17.5 	1.2 	2.1 	.603 	0.0 	0.0 	0.0	1.2 	2.1 	.603 	0.3 	0.5 	.588 	1.4 	2.8 	4.2 	0.6 	0.5 	1.0 	0.8 	3.0 	2.8
394 	Amar'e Stoudemire 	C 	31 	NYK 	42 	0 	19.9 	4.1 	7.5 	.541 	0.0 	0.0 	0.0	4.1 	7.5 	.541 	2.0 	2.9 	.683 	1.6 	2.9 	4.4 	0.4 	0.5 	0.5 	1.5 	2.3 	10.1
395 	Rodney Stuckey 	SG 	27 	DET 	48 	0 	25.5 	5.0 	11.4 	.443 	0.4 	1.1 	.309 	4.7 	10.2 	.458 	3.2 	4.0 	.816 	0.6 	1.9 	2.4 	2.0 	0.8 	0.2 	1.7 	2.0 	13.7
396 	Jared Sullinger 	PF 	21 	BOS 	54 	41 	27.3 	5.3 	12.1 	.434 	0.6 	2.6 	.254 	4.6 	9.6 	.483 	1.9 	2.5 	.766 	3.4 	4.9 	8.3 	1.6 	0.4 	0.7 	1.6 	3.3 	13.1
397 	Jeff Taylor 	SF 	24 	CHA 	26 	8 	24.2 	3.2 	8.4 	.376 	0.7 	2.6 	.269 	2.5 	5.8 	.424 	1.0 	1.8 	.553 	0.6 	1.7 	2.3 	0.8 	0.5 	0.2 	1.0 	2.4 	8.0
399 	Jeff Teague 	PG 	25 	ATL 	52 	52 	32.3 	5.5 	13.2 	.414 	0.7 	2.5 	.267 	4.8 	10.7 	.449 	4.1 	4.9 	.837 	0.5 	2.0 	2.6 	7.1 	1.2 	0.2 	3.1 	2.1 	15.7
401 	Mirza Teletovic 	SF 	28 	BRK 	46 	6 	19.4 	3.1 	7.2 	.429 	1.8 	4.8 	.385 	1.3 	2.4 	.518 	0.5 	0.8 	.649 	0.7 	3.0 	3.7 	0.8 	0.3 	0.3 	0.7 	2.0 	8.6
403 	Jason Terry 	PG 	36 	BRK 	35 	0 	16.3 	1.6 	4.3 	.362 	1.1 	2.9 	.379 	0.5 	1.4 	.327 	0.3 	0.4 	.667 	0.1 	0.9 	1.1 	1.6 	0.4 	0.0 	0.8 	1.4 	4.5
405 	Isaiah Thomas 	PG 	24 	SAC 	55 	37 	34.4 	6.9 	15.4 	.446 	1.8 	5.0 	.365 	5.0 	10.3 	.486 	4.8 	5.6 	.860 	0.7 	2.1 	2.8 	6.4 	1.3 	0.1 	2.8 	2.5 	20.3
408 	Hollis Thompson 	SF 	22 	PHI 	51 	18 	21.1 	2.2 	4.7 	.473 	0.6 	1.8 	.367 	1.6 	3.0 	.536 	0.7 	1.1 	.685 	1.1 	2.4 	3.5 	0.7 	0.7 	0.1 	0.7 	1.7 	5.8
409 	Jason Thompson 	PF 	27 	SAC 	55 	49 	25.7 	3.3 	6.4 	.508 	0.0 	0.0 	0.0	3.3 	6.4 	.508 	1.1 	1.7 	.652 	1.9 	4.6 	6.5 	0.7 	0.3 	0.7 	1.2 	3.3 	7.6
410 	Klay Thompson 	SG 	23 	GSW 	56 	56 	37.4 	6.7 	15.7 	.429 	2.7 	6.8 	.402 	4.0 	8.9 	.450 	1.8 	2.3 	.795 	0.5 	2.6 	3.1 	2.5 	1.1 	0.5 	1.8 	3.0 	18.0
411 	Tristan Thompson 	PF 	22 	CLE 	56 	56 	32.9 	4.7 	10.0 	.468 	0.0 	0.0 	.000 	4.7 	10.0 	.469 	2.8 	4.3 	.658 	3.5 	6.0 	9.6 	0.9 	0.5 	0.4 	1.5 	2.3 	12.2
412 	Marcus Thornton 	SG 	26 	SAC 	46 	26 	24.4 	3.1 	8.1 	.381 	1.2 	3.9 	.318 	1.8 	4.2 	.438 	0.9 	1.1 	.808 	0.8 	1.8 	2.7 	1.0 	0.7 	0.2 	0.8 	1.6 	8.3
413 	Jamaal Tinsley 	PG 	35 	UTA 	8 	5 	13.8 	0.5 	2.5 	.200 	0.1 	1.9 	.067 	0.4 	0.6 	.600 	0.0 	0.0 	0.0	0.3 	1.1 	1.4 	2.9 	0.3 	0.0 	1.1 	1.3 	1.1
414 	Anthony Tolliver 	PF 	28 	CHA 	48 	9 	21.2 	2.0 	4.5 	.437 	1.6 	3.6 	.444 	0.4 	0.9 	.409 	0.5 	0.5 	.846 	0.5 	2.1 	2.6 	0.7 	0.3 	0.3 	0.4 	1.3 	6.0
415 	P.J. Tucker 	SF 	28 	PHO 	54 	54 	30.5 	3.3 	7.8 	.418 	0.9 	2.2 	.392 	2.4 	5.6 	.429 	2.0 	2.6 	.790 	2.1 	4.4 	6.4 	1.9 	1.2 	0.3 	1.2 	2.4 	9.4
416 	Ronny Turiaf 	PF 	31 	MIN 	23 	10 	20.9 	1.8 	3.3 	.553 	0.0 	0.0 	0.0	1.8 	3.3 	.553 	0.5 	1.5 	.324 	1.9 	3.8 	5.7 	0.9 	0.3 	1.7 	0.8 	2.2 	4.1
418 	Evan Turner 	SF 	25 	PHI 	54 	54 	34.9 	6.6 	15.4 	.428 	0.7 	2.4 	.288 	5.9 	12.9 	.455 	3.5 	4.2 	.829 	0.9 	5.0 	6.0 	3.7 	1.0 	0.1 	2.9 	2.7 	17.4
420 	Ekpe Udoh 	PF 	26 	MIL 	34 	14 	20.6 	1.4 	3.6 	.402 	0.0 	0.0 	0.0	1.4 	3.6 	.402 	0.9 	1.3 	.644 	1.7 	2.3 	3.9 	0.8 	0.4 	1.1 	1.0 	2.4 	3.7
421 	Beno Udrih 	SG 	31 	NYK 	31 	12 	19.0 	2.2 	5.2 	.425 	0.5 	1.3 	.425 	1.6 	3.9 	.425 	0.6 	0.8 	.833 	0.3 	1.5 	1.8 	3.5 	0.7 	0.1 	1.4 	1.5 	5.6
422 	Jonas Valanciunas 	C 	21 	TOR 	55 	55 	27.6 	4.2 	8.3 	.508 	0.0 	0.0 	.000 	4.2 	8.3 	.509 	2.1 	2.9 	.736 	2.9 	5.8 	8.6 	0.7 	0.3 	0.9 	1.7 	3.1 	10.6
423 	Anderson Varejao 	C 	31 	CLE 	48 	29 	30.2 	3.6 	7.6 	.482 	0.0 	0.1 	.000 	3.6 	7.5 	.489 	1.5 	2.1 	.696 	3.1 	7.1 	10.3 	2.6 	1.1 	0.8 	1.1 	2.5 	8.8
425 	Greivis Vasquez 	SG-PG 	27 	TOT 	52 	19 	21.6 	2.9 	7.5 	.392 	1.0 	3.0 	.325 	2.0 	4.5 	.436 	1.1 	1.3 	.881 	0.3 	1.7 	2.0 	4.3 	0.3 	0.0 	1.6 	1.7 	8.0
428 	Nikola Vucevic 	C 	23 	ORL 	39 	39 	32.1 	5.8 	11.5 	.504 	0.0 	0.0 	0.0	5.8 	11.5 	.504 	2.0 	2.5 	.804 	3.2 	7.7 	10.8 	1.7 	1.1 	0.9 	2.1 	2.8 	13.6
430 	Dwyane Wade 	SG 	32 	MIA 	38 	37 	33.4 	7.7 	13.9 	.551 	0.2 	0.6 	.391 	7.4 	13.3 	.558 	3.2 	4.3 	.732 	0.9 	3.8 	4.8 	4.9 	1.6 	0.6 	3.0 	2.3 	18.7
431 	Dion Waiters 	SG 	22 	CLE 	49 	9 	28.1 	5.5 	13.0 	.421 	1.2 	3.2 	.363 	4.3 	9.8 	.440 	2.2 	3.3 	.675 	0.5 	2.4 	2.9 	2.7 	0.8 	0.2 	2.2 	2.1 	14.3
432 	Kemba Walker 	PG 	23 	CHA 	50 	50 	36.1 	6.6 	15.9 	.414 	1.6 	4.5 	.345 	5.0 	11.3 	.441 	3.8 	4.6 	.810 	0.6 	3.8 	4.4 	5.5 	1.3 	0.5 	2.5 	1.8 	18.4
433 	John Wall 	PG 	23 	WAS 	55 	55 	36.9 	7.0 	16.7 	.421 	1.2 	3.7 	.324 	5.8 	13.0 	.449 	4.4 	5.3 	.834 	0.5 	3.8 	4.3 	8.6 	2.0 	0.5 	3.5 	2.5 	19.7
434 	Gerald Wallace 	SF 	31 	BOS 	56 	15 	24.2 	2.0 	3.9 	.500 	0.3 	1.1 	.297 	1.6 	2.8 	.583 	0.8 	1.7 	.448 	0.6 	3.0 	3.6 	2.5 	1.3 	0.3 	1.7 	1.3 	5.0
435 	C.J. Watson 	PG 	29 	IND 	54 	3 	18.7 	2.2 	5.3 	.414 	0.7 	2.2 	.322 	1.5 	3.0 	.482 	1.1 	1.4 	.781 	0.3 	1.3 	1.6 	1.7 	0.9 	0.1 	0.9 	1.0 	6.1
438 	Martell Webster 	SF 	27 	WAS 	53 	13 	28.9 	3.6 	8.2 	.443 	2.1 	5.3 	.405 	1.5 	2.9 	.513 	1.3 	1.6 	.855 	0.5 	2.8 	3.3 	1.4 	0.6 	0.2 	0.8 	2.0 	10.7
439 	David West 	PF 	33 	IND 	55 	55 	30.2 	5.8 	11.7 	.495 	0.1 	0.2 	.273 	5.7 	11.5 	.498 	2.3 	3.0 	.773 	1.3 	5.2 	6.5 	2.9 	0.8 	0.9 	1.7 	2.3 	13.9
440 	Russell Westbrook 	PG 	25 	OKC 	26 	26 	32.5 	7.5 	17.7 	.422 	1.3 	4.3 	.304 	6.2 	13.4 	.460 	4.9 	6.2 	.794 	1.2 	4.8 	5.9 	6.8 	1.8 	0.1 	4.0 	2.1 	21.1
441 	Deron Williams 	PG 	29 	BRK 	37 	31 	31.2 	4.9 	10.8 	.451 	1.4 	3.6 	.373 	3.5 	7.2 	.491 	2.5 	3.2 	.790 	0.1 	2.4 	2.5 	6.6 	1.1 	0.2 	2.5 	2.2 	13.6
442 	Derrick Williams 	SF-PF 	22 	TOT 	52 	11 	24.0 	3.0 	6.7 	.444 	0.3 	1.4 	.247 	2.6 	5.3 	.496 	2.5 	3.3 	.751 	0.9 	3.2 	4.2 	0.7 	0.7 	0.3 	1.0 	1.7 	8.8
444 	Louis Williams 	PG 	27 	ATL 	42 	6 	24.3 	3.2 	8.4 	.381 	1.5 	4.0 	.363 	1.8 	4.4 	.398 	2.0 	2.5 	.835 	0.2 	1.8 	2.0 	3.7 	0.9 	0.1 	1.6 	1.1 	9.9
445 	Marvin Williams 	PF 	27 	UTA 	44 	36 	26.5 	3.8 	8.5 	.454 	1.5 	3.8 	.401 	2.3 	4.7 	.498 	0.9 	1.1 	.813 	1.3 	4.1 	5.4 	1.2 	0.8 	0.5 	0.9 	2.5 	10.1
446 	Mo Williams 	PG 	31 	POR 	51 	0 	24.4 	3.6 	9.0 	.399 	1.1 	3.0 	.375 	2.5 	6.1 	.411 	1.0 	1.1 	.875 	0.6 	1.4 	2.0 	4.5 	0.8 	0.2 	2.0 	2.8 	9.3
447 	Shawne Williams 	PF 	27 	LAL 	36 	13 	20.9 	2.0 	5.3 	.380 	1.2 	3.6 	.326 	0.9 	1.8 	.492 	0.4 	0.6 	.700 	0.7 	3.9 	4.6 	0.8 	0.5 	0.8 	0.6 	2.6 	5.6
449 	Nate Wolters 	PG 	22 	MIL 	44 	17 	22.4 	2.8 	6.8 	.410 	0.2 	1.0 	.190 	2.6 	5.9 	.446 	1.1 	1.7 	.662 	0.6 	1.9 	2.5 	3.5 	0.7 	0.3 	0.9 	1.0 	6.9
451 	Brandan Wright 	C 	26 	DAL 	33 	0 	18.3 	3.9 	6.0 	.657 	0.0 	0.0 	0.0	3.9 	6.0 	.657 	1.7 	2.2 	.743 	1.8 	2.5 	4.3 	0.5 	0.5 	0.8 	0.7 	1.8 	9.5
453 	Tony Wroten 	SG 	20 	PHI 	49 	12 	24.0 	4.7 	11.3 	.415 	0.7 	2.9 	.229 	4.0 	8.4 	.478 	2.8 	4.5 	.622 	1.0 	2.2 	3.2 	2.9 	1.0 	0.2 	2.9 	2.0 	12.9
454 	Nick Young 	SG 	28 	LAL 	48 	9 	28.8 	5.7 	13.6 	.419 	1.7 	4.8 	.349 	4.0 	8.8 	.457 	3.8 	4.6 	.833 	0.5 	2.2 	2.7 	1.5 	0.6 	0.2 	1.6 	2.5 	16.9
455 	Thaddeus Young 	PF 	25 	PHI 	53 	52 	33.5 	7.2 	15.2 	.476 	1.0 	3.0 	.317 	6.2 	12.1 	.516 	1.9 	2.8 	.682 	2.3 	4.0 	6.3 	1.9 	2.2 	0.4 	2.1 	2.6 	17.3
456 	Cody Zeller 	C 	21 	CHA 	57 	0 	16.6 	1.9 	4.9 	.379 	0.0 	0.0 	.000 	1.9 	4.9 	.380 	1.5 	1.9 	.748 	1.3 	2.7 	4.0 	1.1 	0.5 	0.5 	1.0 	2.2 	5.2
457 	Tyler Zeller 	C 	24 	CLE 	45 	8 	13.8 	1.9 	3.5 	.545 	0.0 	0.0 	.000 	1.9 	3.4 	.548 	1.2 	1.6 	.722 	1.4 	2.4 	3.8 	0.4 	0.2 	0.6 	0.8 	2.0 	4.9
202	Nerlens Noel	C	C	PHI	3	3	30.5	3.33	9.00	.370	0.00	0.00	.000	.000	.000	.000	2.00	4.67	.429	2.67	6.00	8.67	2.33	1.33	1.67	2.67	2.33	8.67
4	Tyler Johnson	SG	SG	MIA	1	1	36.2	6.00	13.00	.462	1.00	2.00	.500	.500	.500	.500	4.00	8.00	.500	1.00	3.00	4.00	2.00	4.00	0.00	3.00	5.00	17.00
9	Jabari Parker	PF	PF	MIL	6	6	30.6	5.50	13.00	.423	0.17	1.67	.100	.100	.100	.100	3.50	5.00	.700	1.33	4.50	5.83	1.50	1.00	0.33	2.17	3.33	14.67
10	Mitch McGary	PF	PF	OKC	1	1	36.0	7.00	14.00	.500	0.00	0.00	.000	.000	.000	.000	0.00	0.00	.000	2.00	2.00	4.00	2.00	2.00	0.00	1.00	2.00	14.00
13	Shabazz Napier	PG	PG	MIA	6	6	20.3	3.50	8.50	.412	1.00	3.83	.261	.261	.261	.261	4.67	5.33	.875	0.50	1.67	2.17	3.00	1.00	0.00	1.17	2.00	12.67
16	Andrew Wiggins	SF	SF	MIN	4	4	28.0	4.00	9.75	.410	0.75	1.25	.600	.600	.600	.600	3.00	4.75	.632	2.00	1.75	3.75	1.50	1.50	0.75	0.50	1.75	11.75
17	Kyle Anderson	SF	SF	SAS	4	4	28.6	3.50	7.25	.483	0.75	1.75	.429	.429	.429	.429	3.50	4.50	.778	0.25	5.25	5.50	2.50	1.00	0.25	1.75	2.00	11.25
19	James Ennis	SF	SF	MIA	6	6	20.2	3.17	6.00	.528	0.83	2.00	.417	.417	.417	.417	3.83	4.33	.885	0.33	3.50	3.83	1.33	1.50	0.00	1.33	1.67	11.00
21	Andre Dawkins	SG	SG	MIA	2	2	19.1	3.50	6.00	.583	2.50	4.00	.625	.625	.625	.625	1.50	2.00	.750	0.00	1.50	1.50	0.00	1.00	0.00	1.00	3.00	11.00
23	Jordan Clarkson	SG	SG	LAL	2	2	20.1	2.50	10.00	.250	1.00	3.50	.286	.286	.286	.286	4.50	4.50	1.000	2.00	2.00	4.00	0.50	0.00	0.00	0.50	1.00	10.50
25	James Young	SG	SG	BOS	1	1	19.7	3.00	8.00	.375	1.00	5.00	.200	.200	.200	.200	3.00	5.00	.600	0.00	0.00	0.00	1.00	1.00	0.00	0.00	2.00	10.00
26	Nik Stauskas	SG	SG	SAC	5	5	24.4	3.40	7.60	.447	1.40	3.80	.368	.368	.368	.368	1.40	1.40	1.000	0.20	1.20	1.40	1.00	0.60	0.20	1.60	3.40	9.60
27	P.J. Hairston	SG	SG	CHA	7	7	18.7	3.14	8.00	.393	2.14	4.71	.455	.455	.455	.455	1.00	1.43	.700	0.29	2.43	2.71	0.86	0.57	0.14	0.43	2.71	9.43
29	Kostas Papanikolaou	PF	PF	HOU	5	5	24.2	3.20	8.40	.381	0.80	3.40	.235	.235	.235	.235	1.80	2.00	.900	1.00	2.80	3.80	1.80	1.20	0.60	1.20	2.40	9.00
32	Drew Gordon	PF	PF	PHI	5	5	18.1	3.60	5.60	.643	0.00	0.00	.000	.000	.000	.000	1.40	2.00	.700	0.80	4.00	4.80	0.40	1.00	0.40	0.80	1.60	8.60
33	Shayne Whittington	C	C	IND	2	2	17.7	3.50	4.50	.778	0.00	0.00	.000	.000	.000	.000	1.50	1.50	1.000	0.50	0.50	1.00	1.00	0.00	0.00	3.00	1.50	8.50
35	Rodney Hood	SF	SF	UTA	4	4	24.7	3.25	5.75	.565	1.25	2.75	.455	.455	.455	.455	0.75	1.50	.500	0.00	4.00	4.00	1.50	0.50	0.00	0.50	3.75	8.50
36	Aaron Gordon	SF	SF	ORL	6	6	23.1	3.33	7.50	.444	0.67	1.33	.500	.500	.500	.500	1.00	1.83	.545	2.83	3.17	6.00	1.33	0.67	0.50	1.83	1.50	8.33
37	Doug McDermott	SF	SF	CHI	7	7	26.8	2.57	6.86	.375	1.14	3.43	.333	.333	.333	.333	2.00	2.71	.737	0.43	4.43	4.86	1.29	0.14	0.14	1.43	1.14	8.29
39	Dante Exum	PG	PG	UTA	6	6	22.6	2.33	5.67	.412	1.17	2.83	.412	.412	.412	.412	1.83	2.17	.846	0.33	1.33	1.67	3.33	0.67	0.17	2.50	1.50	7.67
41	Julius Randle	PF	PF	LAL	5	5	19.2	3.40	8.20	.415	0.00	0.20	.000	.000	.000	.000	0.80	1.80	.444	1.00	4.40	5.40	0.80	0.00	0.60	1.80	3.60	7.60
42	Devyn Marble	SG	SG	ORL	4	4	17.3	2.50	5.50	.455	1.00	2.75	.364	.364	.364	.364	1.50	2.75	.545	0.75	1.25	2.00	1.25	0.75	0.00	0.25	1.50	7.50
43	JaMychal Green	PF	PF	SAS	4	4	11.4	2.50	3.50	.714	0.00	0.00	.000	.000	.000	.000	2.50	3.50	.714	1.75	2.00	3.75	0.50	0.75	0.50	0.75	1.00	7.50
45	K.J. McDaniels	SG	SG	PHI	7	7	22.3	2.86	7.14	.400	0.43	2.57	.167	.167	.167	.167	1.29	1.57	.818	1.57	1.86	3.43	0.71	1.00	2.00	0.71	1.86	7.43
46	Joe Harris	SG	SG	CLE	5	5	17.5	2.40	6.60	.364	1.60	4.20	.381	.381	.381	.381	1.00	1.00	1.000	0.40	1.80	2.20	2.00	0.40	0.00	0.80	1.60	7.40
47	Marcus Smart	PG	PG	BOS	7	7	27.9	2.00	7.43	.269	1.29	5.57	.231	.231	.231	.231	2.00	2.86	.700	0.57	2.29	2.86	4.71	2.43	0.14	3.43	3.00	7.29
50	Brock Motum	C	C	UTA	1	1	10.1	3.00	5.00	.600	1.00	1.00	1.000	1.000	1.000	1.000	0.00	0.00	.000	0.00	2.00	2.00	1.00	0.00	0.00	0.00	1.00	7.00
52	Nikola Mirotic	PF	PF	CHI	7	7	17.7	2.29	6.00	.381	1.00	2.57	.389	.389	.389	.389	1.29	1.86	.692	0.86	1.57	2.43	0.71	1.57	0.86	1.57	3.57	6.86
55	Bojan Bogdanovic	SG	SG	BRK	5	5	27.7	2.40	6.60	.364	0.60	3.20	.188	.188	.188	.188	1.20	1.80	.667	0.20	1.40	1.60	1.60	0.20	0.40	1.40	1.40	6.60
56	Jusuf Nurkic	C	C	DEN	6	6	19.3	2.67	5.83	.457	0.00	0.17	.000	.000	.000	.000	1.00	2.50	.400	3.33	6.00	9.33	1.33	0.67	1.17	2.33	4.00	6.33
57	Jordan Adams	SG	SG	MEM	6	6	17.6	2.17	6.50	.333	0.17	1.50	.111	.111	.111	.111	1.83	2.83	.647	0.67	2.50	3.17	1.67	1.50	0.00	1.00	2.17	6.33
58	T.J. Warren	SF	SF	PHX	4	4	12.5	2.75	5.25	.524	0.75	1.50	.500	.500	.500	.500	0.00	0.00	.000	1.00	1.50	2.50	0.50	0.50	0.25	0.50	0.75	6.25
59	Erick Green	PG	PG	DEN	6	6	13.3	2.33	6.17	.378	0.17	1.33	.125	.125	.125	.125	1.33	1.67	.800	0.17	1.17	1.33	1.67	0.50	0.17	1.00	0.50	6.17
60	Elfrid Payton	PG	PG	ORL	6	6	28.6	2.67	6.67	.400	0.17	0.67	.250	.250	.250	.250	0.67	1.67	.400	0.50	2.83	3.33	6.17	1.33	0.33	4.17	2.17	6.17
61	Gary Harris	SG	SG	DEN	6	6	20.2	2.17	6.33	.342	0.83	2.83	.294	.294	.294	.294	1.00	1.17	.857	0.83	0.50	1.33	1.00	0.33	0.17	1.17	3.17	6.17
63	Zach Lavine	SG	SG	MIN	4	4	18.7	2.50	7.25	.345	0.50	1.75	.286	.286	.286	.286	0.50	1.25	.400	0.00	2.75	2.75	1.75	0.50	0.00	3.25	0.50	6.00
